date,code,open,high,low,close,preclose,volume,amount,adjustflag,turn,tradestatus,pctChg,isST
2021-01-04,sh.603009,6.2300,6.4500,6.1600,6.1700,5.8600,16603748,105065889.2300,3,5.061500,1,5.290100,0
2021-01-05,sh.603009,5.9100,6.0600,5.8800,5.9500,6.1700,11466598,68212993.7900,3,3.495500,1,-3.565600,0
2021-01-06,sh.603009,5.8600,5.9200,5.8000,5.8100,5.9500,5412473,31594345.3200,3,1.649900,1,-2.352900,0
2021-01-07,sh.603009,5.8100,5.8400,5.6100,5.6700,5.8100,3730450,21230214.5000,3,1.137200,1,-2.409600,0
2021-01-08,sh.603009,5.6700,5.8100,5.5800,5.7300,5.6700,2770000,15805499.0000,3,0.844400,1,1.058200,0
2021-01-11,sh.603009,5.7800,5.8300,5.6100,5.6300,5.7300,2643000,14981075.7700,3,0.805700,1,-1.745200,0
2021-01-12,sh.603009,5.5500,5.7300,5.5500,5.7100,5.6300,3028523,17195707.8700,3,0.923200,1,1.421000,0
2021-01-13,sh.603009,5.6800,5.7100,5.5300,5.5800,5.7100,3010242,16780472.1000,3,0.917600,1,-2.276700,0
2021-01-14,sh.603009,5.5800,5.6000,5.3300,5.4400,5.5800,3209500,17427994.0000,3,0.978400,1,-2.509000,0
2021-01-15,sh.603009,5.4300,5.5200,5.3800,5.5100,5.4400,1600952,8775323.9400,3,0.488000,1,1.286800,0
2021-01-18,sh.603009,5.5400,5.5900,5.4300,5.5800,5.5100,1973950,10967156.5000,3,0.601700,1,1.270400,0
2021-01-19,sh.603009,5.5500,5.6600,5.5300,5.6200,5.5800,1898350,10640034.0000,3,0.578700,1,0.716800,0
2021-01-20,sh.603009,5.6100,5.6900,5.5700,5.6000,5.6200,1949000,10974819.5000,3,0.594100,1,-0.355900,0
2021-01-21,sh.603009,5.5800,5.6200,5.5000,5.6000,5.6000,2438300,13588747.0000,3,0.743300,1,0.000000,0
2021-01-22,sh.603009,5.5500,5.5500,5.4500,5.4500,5.6000,2024073,11100140.3500,3,0.617000,1,-2.678600,0
2021-01-25,sh.603009,5.4300,5.4500,5.3100,5.3100,5.4500,2467100,13221645.5000,3,0.752100,1,-2.568800,0
2021-01-26,sh.603009,5.3400,5.4000,5.3000,5.3200,5.3100,1587728,8478412.5200,3,0.484000,1,0.188300,0
2021-01-27,sh.603009,5.3300,5.3800,5.3000,5.3600,5.3200,1324878,7081726.4600,3,0.403900,1,0.751900,0
2021-01-28,sh.603009,5.2900,5.6600,5.2900,5.5300,5.3600,4570450,24943846.0000,3,1.393300,1,3.171600,0
2021-01-29,sh.603009,5.5200,5.5700,5.3100,5.4400,5.5300,2851050,15416501.5000,3,0.869100,1,-1.627500,0
2021-02-01,sh.603009,5.4200,5.4700,5.3600,5.4100,5.4400,1680350,9098704.0000,3,0.512200,1,-0.551500,0
2021-02-02,sh.603009,5.3300,5.4500,5.3300,5.3800,5.4100,1221350,6601218.0000,3,0.372300,1,-0.554500,0
2021-02-03,sh.603009,5.3800,5.4000,5.3200,5.3200,5.3800,1139500,6096828.0000,3,0.347400,1,-1.115200,0
2021-02-04,sh.603009,5.3000,5.3000,5.0500,5.1000,5.3200,3260900,16755213.0000,3,0.994100,1,-4.135300,0
2021-02-05,sh.603009,5.1000,5.1800,5.0500,5.0500,5.1000,1566350,7993628.5000,3,0.477500,1,-0.980400,0
2021-02-08,sh.603009,5.0600,5.0900,5.0000,5.0600,5.0500,865750,4372432.0000,3,0.263900,1,0.198000,0
2021-02-09,sh.603009,5.0600,5.1500,5.0300,5.0900,5.0600,1993400,10132447.0000,3,0.607700,1,0.592900,0
2021-02-10,sh.603009,5.0900,5.1700,5.0900,5.1500,5.0900,1289400,6635333.5000,3,0.393100,1,1.178800,0
2021-02-18,sh.603009,5.2100,5.2800,5.1800,5.2500,5.1500,1763650,9231138.0000,3,0.537600,1,1.941700,0
2021-02-19,sh.603009,5.2800,5.4000,5.2200,5.4000,5.2500,2190875,11684640.7500,3,0.667900,1,2.857100,0
2021-02-22,sh.603009,5.4200,5.5700,5.3900,5.4100,5.4000,4434150,24337742.0000,3,1.351700,1,0.185200,0
2021-02-23,sh.603009,5.4100,5.4900,5.3400,5.4100,5.4100,2202700,11948979.0000,3,0.671500,1,0.000000,0
2021-02-24,sh.603009,5.4000,5.5000,5.3800,5.4600,5.4100,2094450,11421294.5000,3,0.638500,1,0.924200,0
2021-02-25,sh.603009,5.4800,5.5100,5.3100,5.3400,5.4600,2673928,14394937.3600,3,0.815100,1,-2.197800,0
2021-02-26,sh.603009,5.3100,5.5000,5.2600,5.4700,5.3400,3422253,18514129.4300,3,1.043200,1,2.434500,0
2021-03-01,sh.603009,5.4700,5.5200,5.4500,5.5000,5.4700,1980600,10859937.0000,3,0.603800,1,0.548400,0
2021-03-02,sh.603009,5.5100,5.5600,5.4100,5.4400,5.5000,2064042,11283555.8000,3,0.629200,1,-1.090900,0
2021-03-03,sh.603009,5.4400,5.5200,5.4100,5.4800,5.4400,1701400,9323067.0000,3,0.518700,1,0.735300,0
2021-03-04,sh.603009,5.4700,5.5200,5.4400,5.4700,5.4800,1883841,10322785.3600,3,0.574300,1,-0.182500,0
2021-03-05,sh.603009,5.4300,5.5500,5.4300,5.5100,5.4700,2885300,15901841.0000,3,0.879600,1,0.731300,0
2021-03-08,sh.603009,5.5200,5.5600,5.4200,5.4200,5.5100,2491200,13676630.0000,3,0.759400,1,-1.633400,0
2021-03-09,sh.603009,5.4200,5.4400,5.1100,5.2800,5.4200,3357950,17806535.5000,3,1.023600,1,-2.583000,0
2021-03-10,sh.603009,5.2900,5.3300,5.1900,5.2400,5.2800,2299100,12038029.0000,3,0.700900,1,-0.757600,0
2021-03-11,sh.603009,5.2100,5.3800,5.1900,5.3700,5.2400,3002953,15921366.4900,3,0.915400,1,2.480900,0
2021-03-12,sh.603009,5.3700,5.4800,5.3300,5.4800,5.3700,2646000,14339521.0000,3,0.806600,1,2.048400,0
2021-03-15,sh.603009,5.4700,5.4800,5.3800,5.4000,5.4800,2312350,12523266.0000,3,0.704900,1,-1.459900,0
2021-03-16,sh.603009,5.4000,5.5300,5.3800,5.5300,5.4000,2681800,14716225.0000,3,0.817500,1,2.407400,0
2021-03-17,sh.603009,5.5800,5.5800,5.4500,5.4600,5.5300,2170800,11876549.5000,3,0.661700,1,-1.265800,0
2021-03-18,sh.603009,5.4800,5.4800,5.4000,5.4500,5.4600,2002050,10877699.5000,3,0.610300,1,-0.183200,0
2021-03-19,sh.603009,5.4100,5.5000,5.3800,5.4600,5.4500,2031850,11065909.5000,3,0.619400,1,0.183500,0
2021-03-22,sh.603009,5.4400,5.4900,5.4200,5.4700,5.4600,2315200,12651631.0000,3,0.705800,1,0.183200,0
2021-03-23,sh.603009,5.5200,5.6400,5.4500,5.4600,5.4700,4312056,23837139.0600,3,1.314500,1,-0.182800,0
2021-03-24,sh.603009,5.4500,5.5100,5.3600,5.3700,5.4600,3109500,16845420.0000,3,0.947900,1,-1.648400,0
2021-03-25,sh.603009,5.3700,5.3800,5.2200,5.2600,5.3700,3523500,18625403.5000,3,1.074100,1,-2.048400,0
2021-03-26,sh.603009,5.2900,5.3600,5.2400,5.3400,5.2600,2463850,13058568.5000,3,0.751100,1,1.520900,0
2021-03-29,sh.603009,5.3400,5.3800,5.2900,5.3700,5.3400,2162803,11554640.9900,3,0.659300,1,0.561800,0
2021-03-30,sh.603009,5.3300,5.3700,5.2900,5.3100,5.3700,1859550,9900702.0000,3,0.566900,1,-1.117300,0
2021-03-31,sh.603009,5.3200,5.3600,5.2700,5.3600,5.3100,1522900,8091652.0000,3,0.464200,1,0.941600,0
2021-04-01,sh.603009,5.3400,5.4100,5.3100,5.3800,5.3600,1920450,10276455.0000,3,0.585400,1,0.373100,0
2021-04-02,sh.603009,5.3800,5.5000,5.3700,5.4500,5.3800,3719603,20237807.2000,3,1.133900,1,1.301100,0
2021-04-06,sh.603009,5.4900,5.5500,5.4400,5.5200,5.4500,4690350,25804945.0000,3,1.429800,1,1.284400,0
2021-04-07,sh.603009,5.4900,5.5400,5.4500,5.5000,5.5200,2916053,15984269.9100,3,0.888900,1,-0.362300,0
2021-04-08,sh.603009,5.5200,5.5200,5.4200,5.4200,5.5000,2585200,14083262.0000,3,0.788100,1,-1.454500,0
2021-04-09,sh.603009,5.4100,5.5000,5.4000,5.4900,5.4200,2872700,15671283.0000,3,0.875700,1,1.291500,0
2021-04-12,sh.603009,5.5300,5.5300,5.4100,5.4200,5.4900,2193200,11963927.5000,3,0.668600,1,-1.275000,0
2021-04-13,sh.603009,5.4200,5.4500,5.3300,5.3400,5.4200,2432200,13088965.5000,3,0.741400,1,-1.476000,0
2021-04-14,sh.603009,5.3000,5.5100,5.3000,5.5000,5.3400,3545581,19318802.5000,3,1.080800,1,2.996300,0
2021-04-15,sh.603009,5.5100,5.5300,5.3700,5.4800,5.5000,2705603,14814049.4700,3,0.824800,1,-0.363600,0
2021-04-16,sh.603009,5.4200,5.6800,5.4200,5.6000,5.4800,5657250,31660629.5000,3,1.724600,1,2.189800,0
2021-04-19,sh.603009,5.6000,5.9200,5.6000,5.8400,5.6000,11404400,65851582.5000,3,3.476500,1,4.285700,0
2021-04-20,sh.603009,5.8500,6.1600,5.7000,5.8200,5.8400,15042541,88361286.0700,3,4.585600,1,-0.342500,0
2021-04-21,sh.603009,5.7300,5.7500,5.5100,5.5800,5.8200,9046050,50428621.5000,3,2.757600,1,-4.123700,0
2021-04-22,sh.603009,5.5500,6.1400,5.5400,6.1400,5.5800,9227100,56210403.0000,3,2.812800,1,10.035800,0
2021-04-23,sh.603009,6.2600,6.7300,5.9400,6.3900,6.1400,37643906,234657707.7200,3,11.475400,1,4.071700,0
2021-04-26,sh.603009,6.0600,6.2300,5.8000,5.8800,6.3900,22501919,135831647.5400,3,6.859500,1,-7.981200,0
2021-04-27,sh.603009,6.0000,6.2800,5.9000,5.9800,5.8800,14565244,88323564.0600,3,4.440100,1,1.700700,0
2021-04-28,sh.603009,5.8000,6.0400,5.7100,5.9300,5.9800,11247175,66052032.1300,3,3.428600,1,-0.836100,0
2021-04-29,sh.603009,5.8600,5.9100,5.7300,5.7800,5.9300,8485331,49103284.7800,3,2.586700,1,-2.529500,0
2021-04-30,sh.603009,5.7800,5.7800,5.5500,5.6100,5.7800,8136853,45907351.8900,3,2.480400,1,-2.941200,0
2021-05-06,sh.603009,5.5900,5.8300,5.5800,5.7200,5.6100,6177793,35230056.8800,3,1.883200,1,1.960800,0
2021-05-07,sh.603009,5.6500,5.7200,5.5700,5.6900,5.7200,5774297,32596638.1800,3,1.760200,1,-0.524500,0
2021-05-10,sh.603009,5.6200,5.8600,5.6100,5.8500,5.6900,8767297,50335309.2400,3,2.672600,1,2.812000,0
2021-05-11,sh.603009,5.7500,5.8400,5.7100,5.8300,5.8500,6287943,36382227.4700,3,1.916800,1,-0.341900,0
2021-05-12,sh.603009,5.7900,5.9800,5.7700,5.9500,5.8300,9060688,53685496.9700,3,2.762100,1,2.058300,0
2021-05-13,sh.603009,5.9500,6.0000,5.8500,5.8800,5.9500,5594950,33046441.5000,3,1.705600,1,-1.176500,0
2021-05-14,sh.603009,5.9400,5.9700,5.8700,5.9100,5.8800,5723200,33865167.5000,3,1.744700,1,0.510200,0
2021-05-17,sh.603009,5.8800,5.8800,5.6700,5.7500,5.9100,5752795,33130332.8500,3,1.753700,1,-2.707300,0
2021-05-18,sh.603009,5.7600,5.8300,5.7100,5.7900,5.7500,3365128,19402718.1200,3,1.025800,1,0.695700,0
2021-05-19,sh.603009,5.7800,5.9400,5.6800,5.9200,5.7900,7728603,45088440.9200,3,2.356000,1,2.245300,0
2021-05-20,sh.603009,5.9300,6.0800,5.8800,5.9600,5.9200,8839878,52842189.8800,3,2.694700,1,0.675700,0
2021-05-21,sh.603009,5.9600,6.0600,5.8800,6.0600,5.9600,7508178,45011989.4400,3,2.288800,1,1.677900,0
2021-05-24,sh.603009,6.0600,6.1200,5.9600,6.0200,6.0600,5371343,32306922.6400,3,1.637400,1,-0.660100,0
2021-05-25,sh.603009,6.0300,6.0700,5.9200,5.9800,6.0200,4693450,27984788.6400,3,1.430700,1,-0.664500,0
2021-05-26,sh.603009,5.9800,6.1000,5.9000,6.0100,5.9800,6582750,39683300.5000,3,2.006700,1,0.501700,0
2021-05-27,sh.603009,5.9800,6.0500,5.9100,5.9500,6.0100,5046350,30181268.0000,3,1.538300,1,-0.998300,0
2021-05-28,sh.603009,5.9500,6.1500,5.9200,6.0800,5.9500,10184028,61695846.4600,3,3.104500,1,2.184900,0
2021-05-31,sh.603009,6.0800,6.1100,5.9400,6.0000,6.0800,7130400,42753340.0000,3,2.173600,1,-1.315800,0
2021-06-01,sh.603009,5.9700,6.0400,5.9100,6.0000,6.0000,5365393,32101876.5000,3,1.635600,1,0.000000,0
2021-06-02,sh.603009,5.9900,6.1900,5.9300,6.1500,6.0000,12158978,74133446.4400,3,3.706500,1,2.500000,0
2021-06-03,sh.603009,6.1200,6.3300,6.0700,6.2500,6.1500,12739450,78939819.5000,3,3.883500,1,1.626000,0
2021-06-04,sh.603009,6.2000,6.2000,6.0300,6.0700,6.2500,8696000,53138982.0000,3,2.650900,1,-2.880000,0
2021-06-07,sh.603009,6.0700,6.1000,6.0000,6.1000,6.0700,4978175,30113980.5000,3,1.517500,1,0.494200,0
2021-06-08,sh.603009,6.0800,6.2000,6.0100,6.2000,6.1000,6553284,40231227.3500,3,1.997700,1,1.639300,0
2021-06-09,sh.603009,6.1600,6.1600,6.0700,6.0800,6.2000,5236009,31946298.4900,3,1.596100,1,-1.935500,0
2021-06-10,sh.603009,6.0600,6.0800,5.9300,5.9400,6.0800,7061150,42357232.5000,3,2.152500,1,-2.302600,0
2021-06-11,sh.603009,5.9300,5.9800,5.8300,5.8700,5.9400,5044130,29744806.8000,3,1.537700,1,-1.178500,0
2021-06-15,sh.603009,5.8600,5.9000,5.7700,5.8100,5.8700,3485000,20277533.5000,3,1.062400,1,-1.022100,0
2021-06-16,sh.603009,5.8300,5.9600,5.8100,5.8500,5.8100,2957650,17382891.5000,3,0.901600,1,0.688500,0
2021-06-17,sh.603009,5.8500,5.8600,5.7700,5.7900,5.8500,2473100,14339361.0000,3,0.753900,1,-1.025600,0
2021-06-18,sh.603009,5.7900,5.8600,5.6900,5.8600,5.7900,3254355,18767174.0000,3,0.992100,1,1.209000,0
2021-06-21,sh.603009,5.8400,5.9100,5.8000,5.8700,5.8600,2944200,17291197.5000,3,0.897500,1,0.170600,0
2021-06-22,sh.603009,5.9000,5.9500,5.8600,5.9400,5.8700,2896305,17103080.6500,3,0.855900,1,1.192500,0
2021-06-23,sh.603009,5.9400,5.9500,5.8900,5.9300,5.9400,2410750,14282542.0000,3,0.712400,1,-0.168400,0
2021-06-24,sh.603009,5.9000,6.0500,5.9000,5.9600,5.9300,4521900,27125470.5000,3,1.336200,1,0.505900,0
2021-06-25,sh.603009,5.9300,5.9300,5.7500,5.8500,5.9600,4543100,26476125.4000,3,1.342500,1,-1.845600,0
2021-06-28,sh.603009,5.8500,5.9000,5.8200,5.8900,5.8500,2910700,17092952.0000,3,0.860100,1,0.683800,0
2021-06-29,sh.603009,5.9000,5.9000,5.7300,5.7300,5.8900,3774800,21899246.0000,3,1.115500,1,-2.716500,0
2021-06-30,sh.603009,5.7200,5.8000,5.7100,5.8000,5.7300,1903850,10966663.5000,3,0.562600,1,1.221600,0
2021-07-01,sh.603009,5.7700,5.8400,5.7100,5.7200,5.8000,2925900,16936254.0000,3,0.864600,1,-1.379300,0
2021-07-02,sh.603009,5.7000,5.8100,5.6700,5.7900,5.7200,2409000,13882151.0000,3,0.711900,1,1.223800,0
2021-07-05,sh.603009,5.7800,5.8700,5.7700,5.8600,5.7900,2498100,14581779.0000,3,0.738200,1,1.209000,0
2021-07-06,sh.603009,5.8600,5.8700,5.7800,5.8400,5.8600,2304300,13441839.0000,3,0.680900,1,-0.341300,0
2021-07-07,sh.603009,5.8800,5.9900,5.8400,5.9700,5.8400,4537900,26995546.0000,3,1.341000,1,2.226000,0
2021-07-08,sh.603009,6.0000,6.1700,6.0000,6.0500,5.9700,8913175,54232529.5000,3,2.633800,1,1.340000,0
2021-07-09,sh.603009,6.1900,6.2300,6.0600,6.1400,6.0500,8594450,52832535.5000,3,2.539700,1,1.487600,0
2021-07-12,sh.603009,6.1900,6.3000,6.1500,6.2700,6.1400,8594825,53824568.0000,3,2.539800,1,2.117300,0
2021-07-13,sh.603009,6.2700,6.3700,6.2300,6.3000,6.2700,8738100,55010052.5500,3,2.582100,1,0.478500,0
2021-07-14,sh.603009,6.3200,6.4400,6.2500,6.3200,6.3000,7938450,50550011.0000,3,2.345800,1,0.317500,0
2021-07-15,sh.603009,6.2900,6.3500,6.1900,6.2700,6.3200,7327600,45930133.5000,3,2.165300,1,-0.791100,0
2021-07-16,sh.603009,6.3200,6.4500,6.2300,6.3200,6.2700,6103700,38776312.0000,3,1.803600,1,0.797400,0
2021-07-19,sh.603009,6.3400,6.4900,6.2700,6.4200,6.3200,7872395,50458343.7000,3,2.326300,1,1.582300,0
2021-07-20,sh.603009,6.3900,6.4500,6.3000,6.4000,6.4200,5277383,33702180.0400,3,1.559500,1,-0.311500,0
2021-07-21,sh.603009,6.4000,6.5200,6.3300,6.4400,6.4000,6653750,42844685.5000,3,1.966200,1,0.625000,0
2021-07-22,sh.603009,6.4200,6.5100,6.3600,6.4000,6.4400,5435800,34894884.0400,3,1.606300,1,-0.621100,0
2021-07-23,sh.603009,6.3500,6.4700,6.3100,6.3900,6.4000,5583075,35656584.0000,3,1.649800,1,-0.156300,0
2021-07-26,sh.603009,6.4100,6.4100,6.2100,6.3100,6.3900,5052150,31770055.0000,3,1.492900,1,-1.252000,0
2021-07-27,sh.603009,6.2800,6.4600,6.2400,6.2500,6.3100,8122102,51655483.7400,3,2.400100,1,-0.950900,0
2021-07-28,sh.603009,6.2500,6.3300,5.9000,6.2100,6.2500,8636200,53167496.5000,3,2.552000,1,-0.640000,0
2021-07-29,sh.603009,6.2400,6.4800,6.1900,6.4500,6.2100,9132850,58043365.5000,3,2.698800,1,3.864700,0
2021-07-30,sh.603009,6.3500,6.3500,5.9700,6.0700,6.4500,18807450,114555078.0000,3,5.557600,1,-5.891500,0
2021-08-02,sh.603009,6.0500,6.6800,5.9600,6.6800,6.0700,15592650,102168772.0000,3,4.607600,1,10.049400,0
2021-08-03,sh.603009,6.6500,6.7100,6.4000,6.4200,6.6800,32984900,215043054.0000,3,9.747100,1,-3.892200,0
2021-08-04,sh.603009,6.4000,6.5500,6.3600,6.4500,6.4200,17256550,111326446.5000,3,5.099300,1,0.467300,0
2021-08-05,sh.603009,6.4300,6.4300,6.2400,6.3000,6.4500,14032000,88508143.5000,3,4.146500,1,-2.325600,0
2021-08-06,sh.603009,6.2800,6.4900,6.2300,6.3000,6.3000,11437999,72799931.6800,3,3.379900,1,0.000000,0
2021-08-09,sh.603009,6.2900,6.6900,6.2600,6.5400,6.3000,17182500,112319865.0000,3,5.077400,1,3.809500,0
2021-08-10,sh.603009,6.5400,6.7700,6.4800,6.6000,6.5400,15291850,101452500.5000,3,4.518700,1,0.917400,0
2021-08-11,sh.603009,6.6300,6.7200,6.5500,6.6300,6.6000,9123216,60317198.7800,3,2.695900,1,0.454500,0
2021-08-12,sh.603009,6.6900,6.6900,6.5400,6.6600,6.6300,10145069,67151265.5400,3,2.997900,1,0.452500,0
2021-08-13,sh.603009,6.6200,7.0800,6.6100,6.9500,6.6600,19634799,135362342.8300,3,5.802100,1,4.354400,0
2021-08-16,sh.603009,6.8800,6.9000,6.7000,6.7400,6.9500,11685733,79319049.7300,3,3.453100,1,-3.021600,0
2021-08-17,sh.603009,6.6900,6.8500,6.5400,6.6100,6.7400,9784400,65383493.5000,3,2.891300,1,-1.928800,0
2021-08-18,sh.603009,6.6100,6.6700,6.5300,6.6300,6.6100,5334950,35273388.5000,3,1.576500,1,0.302600,0
2021-08-19,sh.603009,6.6200,6.6300,6.4700,6.5800,6.6300,5505050,36014055.5000,3,1.626700,1,-0.754100,0
2021-08-20,sh.603009,6.5600,6.6100,6.3900,6.5700,6.5800,5314850,34557428.5000,3,1.570500,1,-0.152000,0
2021-08-23,sh.603009,6.5900,6.7500,6.5500,6.7400,6.5700,6175400,41233581.0000,3,1.824800,1,2.587500,0
2021-08-24,sh.603009,6.7100,6.8900,6.7100,6.7400,6.7400,6820400,46196137.0000,3,2.015400,1,0.000000,0
2021-08-25,sh.603009,6.7700,6.8600,6.6800,6.8400,6.7400,6339783,43092725.7300,3,1.873400,1,1.483700,0
2021-08-26,sh.603009,6.8200,7.2300,6.8200,7.0500,6.8400,12393900,87221136.0000,3,3.662400,1,3.070200,0
2021-08-27,sh.603009,7.0000,7.0700,6.8900,6.9800,7.0500,6271850,43615898.5000,3,1.853300,1,-0.992900,0
2021-08-30,sh.603009,7.0300,7.2000,6.9600,7.0600,6.9800,9750937,68936336.7700,3,2.881400,1,1.146100,0
2021-08-31,sh.603009,7.0500,7.2800,6.9700,7.2400,7.0600,11751765,83994906.1000,3,3.472700,1,2.549600,0
2021-09-01,sh.603009,7.2200,7.2300,6.8400,6.9200,7.2400,9706950,67854355.9800,3,2.868400,1,-4.419900,0
2021-09-02,sh.603009,6.8000,7.0000,6.7900,6.9300,6.9200,6255661,43267655.5600,3,1.848600,1,0.144500,0
2021-09-03,sh.603009,6.9300,7.1500,6.9300,7.0400,6.9300,7164250,50644236.0000,3,2.117000,1,1.587300,0
2021-09-06,sh.603009,7.0500,7.1300,6.7900,6.8400,7.0400,8493850,58347826.0000,3,2.509900,1,-2.840900,0
2021-09-07,sh.603009,6.8800,6.9400,6.7500,6.8600,6.8400,7241700,49429920.0000,3,2.139900,1,0.292400,0
2021-09-08,sh.603009,6.8800,7.0800,6.7800,7.0600,6.8600,8889400,61616184.0000,3,2.626800,1,2.915500,0
2021-09-09,sh.603009,7.0000,7.0500,6.8200,6.8700,7.0600,6059400,41922849.0000,3,1.790600,1,-2.691200,0
2021-09-10,sh.603009,6.8400,6.8900,6.6300,6.6400,6.8700,7839939,52844486.5700,3,2.316700,1,-3.347900,0
2021-09-13,sh.603009,6.6300,6.7800,6.5600,6.7500,6.6400,4815939,32171447.8000,3,1.423100,1,1.656600,0
2021-09-14,sh.603009,6.7900,6.7900,6.5600,6.5800,6.7500,4642500,30882584.5000,3,1.371900,1,-2.518500,0
2021-09-15,sh.603009,6.5500,6.8500,6.5000,6.7700,6.5800,6265950,41926612.5000,3,1.851600,1,2.887500,0
2021-09-16,sh.603009,6.8400,6.8400,6.6000,6.6200,6.7700,4137700,27850595.5000,3,1.222700,1,-2.215700,0
2021-09-17,sh.603009,6.6300,6.6600,6.4000,6.5600,6.6200,4732500,30853913.5000,3,1.398500,1,-0.906300,0
2021-09-22,sh.603009,6.5000,6.6500,6.4500,6.6300,6.5600,2719400,17879714.0000,3,0.803600,1,1.067100,0
2021-09-23,sh.603009,6.6500,6.9100,6.6300,6.8000,6.6300,6226200,42266763.5000,3,1.839800,1,2.564100,0
2021-09-24,sh.603009,6.8500,6.8500,6.5500,6.5600,6.8000,4582250,30459161.5000,3,1.354100,1,-3.529400,0
2021-09-27,sh.603009,6.5600,6.6100,6.1200,6.1300,6.5600,6854100,43250824.0000,3,2.025400,1,-6.554900,0
2021-09-28,sh.603009,6.2200,6.2200,6.1100,6.1600,6.1300,3055299,18804763.3300,3,0.902800,1,0.489400,0
2021-09-29,sh.603009,6.2200,6.2200,5.9700,6.0100,6.1600,3864050,23401324.0000,3,1.141800,1,-2.435100,0
2021-09-30,sh.603009,6.0100,6.1700,6.0100,6.1400,6.0100,2645740,16119417.2000,3,0.781800,1,2.163100,0
2021-10-08,sh.603009,6.2000,6.3700,6.0000,6.3200,6.1400,3605490,22712325.3000,3,1.065400,1,2.931600,0
2021-10-11,sh.603009,6.3200,6.4200,6.2100,6.2500,6.3200,2677450,16809889.5000,3,0.791200,1,-1.107600,0
2021-10-12,sh.603009,6.2700,6.3300,6.0800,6.1600,6.2500,2940750,18192864.5000,3,0.869000,1,-1.440000,0
2021-10-13,sh.603009,6.1500,6.2100,6.0800,6.1700,6.1600,2243100,13813891.0000,3,0.662800,1,0.162300,0
2021-10-14,sh.603009,6.1600,6.3100,6.1200,6.2900,6.1700,2247850,14041012.0000,3,0.664200,1,1.944900,0
2021-10-15,sh.603009,6.2800,6.3100,6.2200,6.2400,6.2900,2398600,15034052.0000,3,0.708800,1,-0.794900,0
2021-10-18,sh.603009,6.2400,6.3600,6.2000,6.3500,6.2400,2880000,18090493.0000,3,0.851000,1,1.762800,0
2021-10-19,sh.603009,6.3500,6.3800,6.2900,6.3200,6.3500,2046300,12966933.0000,3,0.604700,1,-0.472400,0
2021-10-20,sh.603009,6.3600,6.3800,6.2600,6.3400,6.3200,2637300,16669203.0000,3,0.779300,1,0.316500,0
2021-10-21,sh.603009,6.3400,6.3800,6.1800,6.1800,6.3400,2970650,18604568.5000,3,0.877800,1,-2.523700,0
2021-10-22,sh.603009,6.1800,6.2000,6.0300,6.0400,6.1800,2446900,14936954.0000,3,0.723100,1,-2.265400,0
2021-10-25,sh.603009,6.0400,6.1700,5.9800,6.1400,6.0400,2666500,16269290.0000,3,0.788000,1,1.655600,0
2021-10-26,sh.603009,6.1800,6.3500,6.1000,6.1300,6.1400,3651100,22666468.0000,3,1.078900,1,-0.162900,0
2021-10-27,sh.603009,6.1100,6.2200,5.9200,5.9300,6.1300,6068923,36468162.6200,3,1.793400,1,-3.262600,0
2021-10-28,sh.603009,5.9200,5.9400,5.6300,5.7700,5.9300,4642500,26799179.0000,3,1.371900,1,-2.698100,0
2021-10-29,sh.603009,5.8400,5.8700,5.6400,5.8600,5.7700,3763700,21712231.0000,3,1.112200,1,1.559800,0
2021-11-01,sh.603009,5.8500,6.0400,5.8100,5.9700,5.8600,3998503,23829868.9700,3,1.181600,1,1.877100,0
2021-11-02,sh.603009,5.9700,6.1000,5.8400,5.8900,5.9700,4077753,24343243.2600,3,1.205000,1,-1.340000,0
2021-11-03,sh.603009,5.8900,5.9600,5.7500,5.7900,5.8900,4456800,25925659.0000,3,1.317000,1,-1.697800,0
2021-11-04,sh.603009,5.7900,5.9900,5.7900,5.9300,5.7900,4145200,24552136.0000,3,1.224900,1,2.418000,0
2021-11-05,sh.603009,5.9700,6.4200,5.9600,6.1200,5.9300,9439403,58414491.6300,3,2.789300,1,3.204000,0
2021-11-08,sh.603009,6.1400,6.7000,6.1400,6.4400,6.1200,13614442,88141030.6600,3,4.023100,1,5.228800,0
2021-11-09,sh.603009,6.4500,6.6800,6.4400,6.5900,6.4400,12536553,82008536.8800,3,3.704600,1,2.329200,0
2021-11-10,sh.603009,6.5700,6.7600,6.5100,6.7300,6.5900,11180150,74272286.5000,3,3.303700,1,2.124400,0
2021-11-11,sh.603009,6.7400,7.0500,6.7000,7.0200,6.7300,15653892,107951319.3000,3,4.625700,1,4.309100,0
2021-11-12,sh.603009,7.0300,7.0400,6.8800,6.9700,7.0200,9784400,67999760.5000,3,2.891300,1,-0.712300,0
2021-11-15,sh.603009,6.9500,7.1300,6.9000,6.9500,6.9700,7643650,53391853.5000,3,2.258700,1,-0.286900,0
2021-11-16,sh.603009,6.9500,7.0000,6.8000,6.8400,6.9500,7271900,49953445.0000,3,2.148800,1,-1.582700,0
2021-11-17,sh.603009,6.8400,7.0500,6.8200,7.0000,6.8400,6920159,48198428.1500,3,2.044900,1,2.339200,0
2021-11-18,sh.603009,7.0000,7.0100,6.7900,6.8300,7.0000,5553591,38163161.2100,3,1.641100,1,-2.428600,0
2021-11-19,sh.603009,6.8300,6.9800,6.7400,6.9300,6.8300,5063350,34814226.4400,3,1.496200,1,1.464100,0
2021-11-22,sh.603009,6.9300,6.9900,6.8000,6.9500,6.9300,6904350,47598579.5000,3,2.040200,1,0.288600,0
2021-11-23,sh.603009,6.9800,7.2300,6.9200,7.0200,6.9500,8809150,62175211.0000,3,2.603100,1,1.007200,0
2021-11-24,sh.603009,7.0300,7.0600,6.8800,6.9800,7.0200,5464903,38142426.5600,3,1.614900,1,-0.569800,0
2021-11-25,sh.603009,6.9300,7.0100,6.8500,6.9200,6.9800,4692800,32503091.5000,3,1.386700,1,-0.859600,0
2021-11-26,sh.603009,6.9100,7.0000,6.8000,6.9100,6.9200,5363300,36861761.0000,3,1.584900,1,-0.144500,0
2021-11-29,sh.603009,6.2700,6.4400,6.2200,6.2200,6.9100,21024272,131382951.3400,3,6.212700,1,-9.985500,0
2021-11-30,sh.603009,6.2200,6.4400,6.2000,6.2700,6.2200,16990550,107152894.5000,3,5.020700,1,0.803900,0
2021-12-01,sh.603009,6.3000,6.7900,6.2000,6.6600,6.2700,16712575,109041080.2400,3,4.938600,1,6.220100,0
2021-12-02,sh.603009,6.6000,7.3300,6.6000,7.3300,6.6600,11157298,79772682.4900,3,3.297000,1,10.060100,0
2021-12-03,sh.603009,7.8500,7.8700,7.0700,7.1200,7.3300,51271300,380764222.1400,3,15.150700,1,-2.864900,0
2021-12-06,sh.603009,7.0100,7.0800,6.5900,6.6300,7.1200,33458198,226286954.3200,3,9.886900,1,-6.882000,0
2021-12-07,sh.603009,6.5900,6.6200,6.3100,6.3600,6.6300,20772616,133669295.8000,3,6.138300,1,-4.072400,0
2021-12-08,sh.603009,6.3600,6.5500,6.3000,6.5400,6.3600,17504350,112892320.5000,3,5.172500,1,2.830200,0
2021-12-09,sh.603009,6.5400,6.7000,6.4100,6.5500,6.5400,15883200,104595310.5000,3,4.693500,1,0.152900,0
2021-12-10,sh.603009,6.5300,7.2100,6.4300,7.2100,6.5500,20845000,146077065.5000,3,6.159700,1,10.076300,0
2021-12-13,sh.603009,7.5400,7.8500,7.1400,7.7500,7.2100,56314089,421649906.1300,3,16.640800,1,7.489600,0
2021-12-14,sh.603009,7.6000,7.6800,7.3200,7.4100,7.7500,34169206,254827373.5300,3,10.097000,1,-4.387100,0
2021-12-15,sh.603009,7.3300,7.5700,7.2600,7.3100,7.4100,19021802,140110778.0800,3,5.621000,1,-1.349500,0
2021-12-16,sh.603009,7.2900,7.3900,7.1600,7.3200,7.3100,15166600,110743287.0000,3,4.481700,1,0.136800,0
2021-12-17,sh.603009,7.3300,7.5800,7.1900,7.4000,7.3200,22076050,162823055.0100,3,6.523500,1,1.092900,0
2021-12-20,sh.603009,7.3200,8.1400,7.2700,8.1400,7.4000,43577059,340134359.5700,3,12.877000,1,10.000000,0
2021-12-21,sh.603009,8.2400,8.2400,7.7000,7.8800,8.1400,31989600,252842489.0000,3,9.452900,1,-3.194100,0
2021-12-22,sh.603009,7.8100,8.0300,7.6300,7.6400,7.8800,22369250,173794157.4900,3,6.610100,1,-3.045700,0
2021-12-23,sh.603009,7.6300,7.8500,7.5900,7.7800,7.6400,21338900,165350987.0000,3,6.305700,1,1.832500,0
2021-12-24,sh.603009,7.7400,7.7400,7.2700,7.2800,7.7800,21881677,162183210.2700,3,6.466000,1,-6.426700,0
2021-12-27,sh.603009,7.2100,7.4200,7.1500,7.3500,7.2800,11555850,84599628.0000,3,3.414800,1,0.961500,0
2021-12-28,sh.603009,7.3400,7.4900,7.2600,7.4800,7.3500,11997650,88593950.0000,3,3.545300,1,1.768700,0
2021-12-29,sh.603009,7.4300,7.4600,7.1900,7.2400,7.4800,10126616,73707993.0000,3,2.992400,1,-3.208600,0
2021-12-30,sh.603009,7.2700,7.5900,7.2100,7.4600,7.2400,12506800,92827732.0000,3,3.695800,1,3.038700,0
2021-12-31,sh.603009,7.4200,7.6900,7.3300,7.5000,7.4600,14458950,108442921.0100,3,4.272600,1,0.536200,0
