date,code,open,high,low,close,preclose,volume,amount,adjustflag,turn,tradestatus,pctChg,isST
2021-01-04,sz.002671,4.1900,4.2000,4.1300,4.2000,4.1900,1600309,6655000.7100,3,0.343000,1,0.238700,0
2021-01-05,sz.002671,4.1800,4.1800,4.1100,4.1200,4.2000,2357663,9751261.5600,3,0.505400,1,-1.904800,0
2021-01-06,sz.002671,4.1300,4.1300,4.0300,4.0400,4.1200,2955100,12033009.0000,3,0.633500,1,-1.941700,0
2021-01-07,sz.002671,4.0500,4.0600,3.9100,3.9300,4.0400,3639100,14427790.0000,3,0.780100,1,-2.722800,0
2021-01-08,sz.002671,3.9200,3.9600,3.8100,3.9400,3.9300,1979669,7671964.4800,3,0.424400,1,0.254500,0
2021-01-11,sz.002671,3.9300,3.9300,3.8200,3.8700,3.9400,2247500,8663539.0000,3,0.481800,1,-1.776600,0
2021-01-12,sz.002671,3.8700,3.9300,3.8300,3.8600,3.8700,1540173,5948589.3200,3,0.330100,1,-0.258400,0
2021-01-13,sz.002671,3.8200,3.8600,3.6800,3.6800,3.8600,3604150,13466269.0000,3,0.772600,1,-4.663200,0
2021-01-14,sz.002671,3.7000,3.8200,3.5800,3.7900,3.6800,6089040,22470549.2000,3,1.305200,1,2.989100,0
2021-01-15,sz.002671,3.7900,3.8200,3.7300,3.8000,3.7900,2666540,10078408.0000,3,0.571600,1,0.263900,0
2021-01-18,sz.002671,3.8000,3.9100,3.7700,3.8000,3.8000,2632469,10051669.2000,3,0.564300,1,0.000000,0
2021-01-19,sz.002671,3.8000,3.9900,3.7600,3.9700,3.8000,4069532,15870866.4300,3,0.872300,1,4.473700,0
2021-01-20,sz.002671,3.9700,4.0800,3.9200,4.0400,3.9700,3357607,13468460.6900,3,0.719700,1,1.763200,0
2021-01-21,sz.002671,4.0000,4.0600,4.0000,4.0200,4.0400,1801756,7263001.2400,3,0.386200,1,-0.495000,0
2021-01-22,sz.002671,4.0300,4.0800,3.9800,4.0200,4.0200,1413200,5676418.0000,3,0.302900,1,0.000000,0
2021-01-25,sz.002671,4.0200,4.0800,3.8500,3.8500,4.0200,2889800,11352470.0000,3,0.619500,1,-4.228900,0
2021-01-26,sz.002671,3.8500,3.9100,3.7800,3.8900,3.8500,1370400,5291415.0000,3,0.293800,1,1.039000,0
2021-01-27,sz.002671,3.9200,3.9200,3.8600,3.8900,3.8900,1130222,4395945.1400,3,0.242300,1,0.000000,0
2021-01-28,sz.002671,3.8800,3.8900,3.8100,3.8200,3.8900,1122500,4322325.0000,3,0.240600,1,-1.799500,0
2021-01-29,sz.002671,3.8200,3.9000,3.6400,3.7100,3.8200,3233922,12124641.4000,3,0.693200,1,-2.879600,0
2021-02-01,sz.002671,3.7000,3.7500,3.6100,3.7000,3.7100,1974900,7279358.0000,3,0.423300,1,-0.269500,0
2021-02-02,sz.002671,3.7000,3.7300,3.6600,3.6800,3.7000,1635599,6034655.3200,3,0.350600,1,-0.540500,0
2021-02-03,sz.002671,3.6800,3.6900,3.6100,3.6300,3.6800,2669900,9707924.0000,3,0.572300,1,-1.358700,0
2021-02-04,sz.002671,3.6300,3.6400,3.5200,3.5800,3.6300,2738600,9782668.0000,3,0.587000,1,-1.377400,0
2021-02-05,sz.002671,3.5800,3.6500,3.5400,3.5700,3.5800,1176563,4249347.1700,3,0.252200,1,-0.279300,0
2021-02-08,sz.002671,3.5700,3.6100,3.4700,3.5000,3.5700,2256100,8007158.0000,3,0.495400,1,-1.960800,0
2021-02-09,sz.002671,3.5600,3.5600,3.5000,3.5400,3.5000,1574056,5567934.0000,3,0.345600,1,1.142900,0
2021-02-10,sz.002671,3.5400,3.5800,3.5100,3.5300,3.5400,1502600,5304193.0000,3,0.329900,1,-0.282500,0
2021-02-18,sz.002671,3.5500,3.7400,3.5500,3.6700,3.5300,2221100,8077375.0000,3,0.487700,1,3.966000,0
2021-02-19,sz.002671,3.6600,3.9000,3.6300,3.8500,3.6700,4775521,18183586.6400,3,1.048500,1,4.904600,0
2021-02-22,sz.002671,3.9000,4.0100,3.8700,3.9300,3.8500,3630300,14327562.0000,3,0.797100,1,2.077900,0
2021-02-23,sz.002671,3.9300,3.9400,3.8800,3.9000,3.9300,1843322,7186590.3600,3,0.404700,1,-0.763400,0
2021-02-24,sz.002671,3.9000,3.9100,3.8200,3.8400,3.9000,2264000,8740934.0000,3,0.497100,1,-1.538500,0
2021-02-25,sz.002671,3.8400,3.8600,3.8000,3.8200,3.8400,1550000,5939139.0000,3,0.340300,1,-0.520800,0
2021-02-26,sz.002671,3.8200,3.8800,3.7100,3.8500,3.8200,1706469,6538306.6500,3,0.374700,1,0.785300,0
2021-03-01,sz.002671,3.8600,3.9100,3.8300,3.9000,3.8500,2209326,8537904.8800,3,0.485100,1,1.298700,0
2021-03-02,sz.002671,3.8900,3.9500,3.8600,3.8800,3.9000,1065100,4145564.0000,3,0.233900,1,-0.512800,0
2021-03-03,sz.002671,3.8800,3.9300,3.8700,3.9100,3.8800,1838000,7165511.0000,3,0.403600,1,0.773200,0
2021-03-04,sz.002671,3.9100,4.0600,3.9000,4.0000,3.9100,3714800,14921287.5000,3,0.815600,1,2.301800,0
2021-03-05,sz.002671,4.0100,4.4000,3.9900,4.2000,4.0000,9612558,40553312.0000,3,2.110600,1,5.000000,0
2021-03-08,sz.002671,4.1900,4.2600,4.0800,4.1500,4.2000,4773400,19768243.0000,3,1.048100,1,-1.190500,0
2021-03-09,sz.002671,4.1300,4.1700,4.0200,4.0300,4.1500,3683430,14994839.3000,3,0.808700,1,-2.891600,0
2021-03-10,sz.002671,4.0400,4.0800,4.0200,4.0400,4.0300,1638800,6619116.0000,3,0.359800,1,0.248100,0
2021-03-11,sz.002671,4.0400,4.0700,3.9300,4.0000,4.0400,2998700,12006636.0000,3,0.658400,1,-0.990100,0
2021-03-12,sz.002671,4.0100,4.1600,3.9500,4.0500,4.0000,2688700,10897720.7900,3,0.590300,1,1.250000,0
2021-03-15,sz.002671,4.0700,4.1000,4.0100,4.0700,4.0500,1996899,8087552.9300,3,0.438400,1,0.493800,0
2021-03-16,sz.002671,4.0700,4.1000,4.0600,4.0900,4.0700,1396400,5699866.0000,3,0.306600,1,0.491400,0
2021-03-17,sz.002671,4.1100,4.1200,4.0400,4.0500,4.0900,1110600,4521556.0000,3,0.243800,1,-0.978000,0
2021-03-18,sz.002671,4.0500,4.0600,4.0000,4.0100,4.0500,1520400,6109658.0000,3,0.333800,1,-0.987700,0
2021-03-19,sz.002671,3.9900,4.0300,3.9500,4.0300,4.0100,1057300,4230275.0000,3,0.232100,1,0.498800,0
2021-03-22,sz.002671,4.0100,4.0800,4.0100,4.0700,4.0300,1142800,4639550.0000,3,0.250900,1,0.992600,0
2021-03-23,sz.002671,4.0700,4.1100,4.0400,4.0400,4.0700,1755000,7134978.0000,3,0.385300,1,-0.737100,0
2021-03-24,sz.002671,4.0400,4.0800,4.0200,4.0400,4.0400,983300,3974871.0000,3,0.215900,1,0.000000,0
2021-03-25,sz.002671,4.0000,4.2600,4.0000,4.1900,4.0400,5492190,22789703.7000,3,1.205900,1,3.712900,0
2021-03-26,sz.002671,4.1900,4.2100,4.1100,4.1100,4.1900,3432400,14201571.0000,3,0.753600,1,-1.909300,0
2021-03-29,sz.002671,4.1100,4.1500,4.0700,4.1100,4.1100,1573800,6447638.0000,3,0.345500,1,0.000000,0
2021-03-30,sz.002671,4.0800,4.0900,4.0300,4.0700,4.1100,1466300,5963190.0000,3,0.321900,1,-0.973200,0
2021-03-31,sz.002671,4.0900,4.1700,4.0600,4.1300,4.0700,2053500,8431495.0000,3,0.450900,1,1.474200,0
2021-04-01,sz.002671,4.1400,4.1400,4.0500,4.0900,4.1300,1689100,6897617.0000,3,0.370900,1,-0.968500,0
2021-04-02,sz.002671,4.1000,4.1300,4.0500,4.0600,4.0900,958200,3892212.0000,3,0.210400,1,-0.733500,0
2021-04-06,sz.002671,4.0600,4.1200,4.0300,4.0800,4.0600,1427400,5835807.0000,3,0.313400,1,0.492600,0
2021-04-07,sz.002671,4.0700,4.1000,4.0700,4.0900,4.0800,713260,2912253.2000,3,0.156600,1,0.245100,0
2021-04-08,sz.002671,4.0900,4.1100,4.0400,4.0500,4.0900,1536200,6248409.0000,3,0.337300,1,-0.978000,0
2021-04-09,sz.002671,4.0800,4.0900,4.0300,4.0700,4.0500,1187863,4818712.7800,3,0.260800,1,0.493800,0
2021-04-12,sz.002671,4.1100,4.2300,4.0500,4.1500,4.0700,4181500,17324090.0000,3,0.918100,1,1.965600,0
2021-04-13,sz.002671,4.1600,4.1800,4.1200,4.1500,4.1500,1826800,7573576.0000,3,0.401100,1,0.000000,0
2021-04-14,sz.002671,4.1300,4.3800,4.1100,4.2300,4.1500,6702300,28278842.5600,3,1.471600,1,1.927700,0
2021-04-15,sz.002671,4.0800,4.1100,3.9700,4.0400,4.2300,6228800,25199859.0000,3,1.367600,1,-4.491700,0
2021-04-16,sz.002671,4.0400,4.0900,4.0300,4.0800,4.0400,1930500,7835734.0000,3,0.423900,1,0.990100,0
2021-04-19,sz.002671,4.0700,4.0900,4.0400,4.0700,4.0800,1944212,7895654.6800,3,0.426900,1,-0.245100,0
2021-04-20,sz.002671,4.0700,4.0800,4.0400,4.0600,4.0700,1673700,6809114.0000,3,0.367500,1,-0.245700,0
2021-04-21,sz.002671,4.0600,4.2600,4.0500,4.2000,4.0600,7684701,32058183.0700,3,1.687300,1,3.448300,0
2021-04-22,sz.002671,4.2000,4.3000,4.1800,4.2800,4.2000,5344252,22726307.5300,3,1.173400,1,1.904800,0
2021-04-23,sz.002671,4.2900,4.2900,4.2100,4.2500,4.2800,2971500,12637832.9000,3,0.652400,1,-0.700900,0
2021-04-26,sz.002671,4.2600,4.3400,4.1400,4.2100,4.2500,5229759,22013248.8500,3,1.148300,1,-0.941200,0
2021-04-27,sz.002671,4.1900,4.2400,4.1600,4.1800,4.2100,1104400,4617809.0000,3,0.242500,1,-0.712600,0
2021-04-28,sz.002671,4.1600,4.2200,4.1600,4.1800,4.1800,1394500,5839374.0000,3,0.306200,1,0.000000,0
2021-04-29,sz.002671,4.1700,4.2900,4.1600,4.2500,4.1800,3309049,14052213.6300,3,0.726500,1,1.674600,0
2021-04-30,sz.002671,4.2300,4.2700,4.1500,4.1700,4.2500,2466259,10335904.8500,3,0.541500,1,-1.882400,0
2021-05-06,sz.002671,4.2000,4.2000,4.0700,4.0800,4.1700,4233101,17384358.0800,3,0.929400,1,-2.158300,0
2021-05-07,sz.002671,4.0700,4.1200,4.0200,4.0700,4.0800,2644800,10787131.0000,3,0.580700,1,-0.245100,0
2021-05-10,sz.002671,4.0700,4.1100,4.0300,4.0800,4.0700,1438900,5854757.0000,3,0.315900,1,0.245700,0
2021-05-11,sz.002671,4.0700,4.1400,4.0700,4.0900,4.0800,1867000,7655272.0000,3,0.409900,1,0.245100,0
2021-05-12,sz.002671,4.1200,4.2600,4.0800,4.2300,4.0900,4764900,19864528.9000,3,1.046200,1,3.423000,0
2021-05-13,sz.002671,4.2000,4.2600,4.1300,4.1400,4.2300,3613544,15098171.8400,3,0.793400,1,-2.127700,0
2021-05-14,sz.002671,4.1500,4.2300,4.0800,4.1200,4.1400,4180590,17232461.0000,3,0.917900,1,-0.483100,0
2021-05-17,sz.002671,4.1300,4.1500,4.0900,4.0900,4.1200,2307400,9482684.0000,3,0.506600,1,-0.728200,0
2021-05-18,sz.002671,4.0800,4.1200,4.0700,4.1100,4.0900,1358000,5560892.0000,3,0.298200,1,0.489000,0
2021-05-19,sz.002671,4.1000,4.1100,4.0500,4.0500,4.1100,2666569,10849560.4500,3,0.585500,1,-1.459900,0
2021-05-20,sz.002671,4.0500,4.0500,4.0200,4.0400,4.0500,1792504,7229517.1200,3,0.393600,1,-0.246900,0
2021-05-21,sz.002671,4.0600,4.0800,4.0100,4.0700,4.0400,1637121,6605231.0500,3,0.359500,1,0.742600,0
2021-05-24,sz.002671,4.0700,4.1700,4.0500,4.1100,4.0700,2169501,8920286.1100,3,0.476300,1,0.982800,0
2021-05-25,sz.002671,4.0900,4.0900,4.0200,4.0800,4.1100,1675201,6813328.1400,3,0.367800,1,-0.729900,0
2021-05-26,sz.002671,4.0600,4.0800,4.0400,4.0600,4.0800,1500358,6088689.8400,3,0.329400,1,-0.490200,0
2021-05-27,sz.002671,4.0600,4.0900,4.0500,4.0700,4.0600,1242800,5051873.0000,3,0.272900,1,0.246300,0
2021-05-28,sz.002671,4.0800,4.0800,4.0400,4.0500,4.0700,1716000,6960769.0000,3,0.376800,1,-0.491400,0
2021-05-31,sz.002671,4.0600,4.0600,4.0300,4.0400,4.0500,1308000,5280657.0000,3,0.287200,1,-0.246900,0
2021-06-01,sz.002671,4.0300,4.0500,4.0200,4.0500,4.0400,1185540,4779641.8000,3,0.260300,1,0.247500,0
2021-06-02,sz.002671,4.0500,4.0500,3.9900,3.9900,4.0500,2416850,9677414.5000,3,0.530700,1,-1.481500,0
2021-06-03,sz.002671,3.9900,4.0400,3.9300,4.0000,3.9900,2772601,11027954.9600,3,0.608800,1,0.250600,0
2021-06-04,sz.002671,4.0000,4.0100,3.9400,3.9600,4.0000,1438179,5706783.8400,3,0.315800,1,-1.000000,0
2021-06-07,sz.002671,3.9800,3.9800,3.8300,3.9600,3.9600,1902600,7484849.0000,3,0.417700,1,0.000000,0
2021-06-08,sz.002671,3.9300,3.9700,3.9000,3.9400,3.9600,2398600,9425526.0000,3,0.526600,1,-0.505100,0
2021-06-09,sz.002671,3.9400,3.9700,3.9100,3.9500,3.9400,1537700,6048477.0000,3,0.337600,1,0.253800,0
2021-06-10,sz.002671,3.9300,3.9400,3.9100,3.9200,3.9500,1488400,5833575.0000,3,0.326800,1,-0.759500,0
2021-06-11,sz.002671,3.9200,3.9600,3.9100,3.9300,3.9200,1507600,5927493.0000,3,0.331000,1,0.255100,0
2021-06-15,sz.002671,3.9500,3.9500,3.8600,3.8600,3.9300,1594700,6205750.0000,3,0.350100,1,-1.781200,0
2021-06-16,sz.002671,3.8700,3.8800,3.7600,3.8100,3.8600,2653440,10118776.4200,3,0.582600,1,-1.295300,0
2021-06-17,sz.002671,3.8100,3.8100,3.7300,3.7300,3.8100,2336858,8778664.9200,3,0.513100,1,-2.099700,0
2021-06-18,sz.002671,3.7400,3.8100,3.6900,3.8100,3.7300,4769062,17795746.9000,3,1.047100,1,2.144800,0
2021-06-21,sz.002671,3.7700,3.8500,3.7500,3.8400,3.8100,3503300,13356540.0000,3,0.769200,1,0.787400,0
2021-06-22,sz.002671,3.8500,3.9000,3.8300,3.8600,3.8400,3529900,13664653.0000,3,0.775000,1,0.520800,0
2021-06-23,sz.002671,3.8400,3.8900,3.8100,3.8900,3.8600,2221100,8555184.0000,3,0.487700,1,0.777200,0
2021-06-24,sz.002671,3.8800,3.8800,3.8200,3.8500,3.8900,1432600,5528353.0000,3,0.314500,1,-1.028300,0
2021-06-25,sz.002671,3.8300,3.8800,3.8100,3.8600,3.8500,1925060,7386963.5800,3,0.422700,1,0.259700,0
2021-06-28,sz.002671,3.8600,3.8800,3.8400,3.8600,3.8600,1181400,4555798.0000,3,0.259400,1,0.000000,0
2021-06-29,sz.002671,3.8700,3.8700,3.8100,3.8200,3.8600,1687100,6449934.0000,3,0.370400,1,-1.036300,0
2021-06-30,sz.002671,3.7900,3.8200,3.7700,3.7900,3.8200,1747980,6621614.6300,3,0.383800,1,-0.785300,0
2021-07-01,sz.002671,3.7900,3.8300,3.7700,3.7900,3.7900,1409301,5356460.1600,3,0.309400,1,0.000000,0
2021-07-02,sz.002671,3.7900,3.8400,3.7700,3.7900,3.7900,1324338,5019245.2600,3,0.290800,1,0.000000,0
2021-07-05,sz.002671,3.8100,3.8400,3.7800,3.8400,3.7900,1912281,7302184.6100,3,0.419900,1,1.319300,0
2021-07-06,sz.002671,3.8400,3.9300,3.8200,3.8600,3.8400,3639900,14135299.0000,3,0.799200,1,0.520800,0
2021-07-07,sz.002671,3.8600,3.8800,3.8200,3.8500,3.8600,1552600,5976181.0000,3,0.340900,1,-0.259100,0
2021-07-08,sz.002671,3.8800,3.8800,3.7900,3.8300,3.8500,1646922,6287298.2600,3,0.361600,1,-0.519500,0
2021-07-09,sz.002671,3.8200,3.8400,3.7800,3.8200,3.8300,1266140,4822766.4000,3,0.278000,1,-0.261100,0
2021-07-12,sz.002671,3.8800,3.9200,3.8300,3.8600,3.8200,4498043,17437273.3300,3,0.987600,1,1.047100,0
2021-07-13,sz.002671,3.8600,3.8600,3.8100,3.8300,3.8600,3461500,13260322.0000,3,0.760000,1,-0.777200,0
2021-07-14,sz.002671,3.8300,3.8600,3.7900,3.7900,3.8300,2035500,7768370.0000,3,0.446900,1,-1.044400,0
2021-07-15,sz.002671,3.8200,3.8200,3.7200,3.7600,3.7900,2219000,8328294.0000,3,0.488000,1,-0.791600,0
2021-07-16,sz.002671,3.7600,3.7800,3.7400,3.7400,3.7600,1548727,5818994.9800,3,0.340600,1,-0.531900,0
2021-07-19,sz.002671,3.7600,3.8300,3.7100,3.7700,3.7400,2331127,8751880.5200,3,0.512600,1,0.802100,0
2021-07-20,sz.002671,3.7600,3.8100,3.7200,3.7400,3.7700,2450627,9178439.9800,3,0.538900,1,-0.795800,0
2021-07-21,sz.002671,4.1100,4.1100,4.0200,4.1100,3.7400,20782558,85380135.0300,3,4.570000,1,9.893000,0
2021-07-22,sz.002671,4.0600,4.0700,3.9000,3.9000,4.1100,19981147,79500260.2600,3,4.393800,1,-5.109500,0
2021-07-23,sz.002671,3.9000,4.0700,3.8600,3.9800,3.9000,15496499,61285267.9100,3,3.407600,1,2.051300,0
2021-07-26,sz.002671,3.9800,4.1100,3.9200,4.0200,3.9800,15839997,63578724.4000,3,3.483200,1,1.005000,0
2021-07-27,sz.002671,3.9900,4.0100,3.8500,3.8800,4.0200,10523881,41114280.6600,3,2.314200,1,-3.482600,0
2021-07-28,sz.002671,3.8300,3.8800,3.7000,3.7300,3.8800,6328503,23773721.1600,3,1.391600,1,-3.866000,0
2021-07-29,sz.002671,3.7300,3.7800,3.7000,3.7400,3.7300,4723100,17652497.0000,3,1.038600,1,0.268100,0
2021-07-30,sz.002671,3.7400,3.8000,3.7300,3.7800,3.7400,3860800,14523059.0000,3,0.849000,1,1.069500,0
2021-08-02,sz.002671,3.7500,3.7900,3.6800,3.7700,3.7800,6477221,24213448.1700,3,1.424300,1,-0.264600,0
2021-08-03,sz.002671,3.7500,3.8300,3.7400,3.7500,3.7700,5460903,20648847.3100,3,1.200800,1,-0.530500,0
2021-08-04,sz.002671,3.7300,3.7500,3.7000,3.7300,3.7500,4756200,17692396.0000,3,1.045900,1,-0.533300,0
2021-08-05,sz.002671,3.7100,3.7400,3.6900,3.7100,3.7300,4294700,15931156.0000,3,0.944400,1,-0.536200,0
2021-08-06,sz.002671,3.7100,3.7300,3.6500,3.7100,3.7100,3240000,11927296.0000,3,0.712500,1,0.000000,0
2021-08-09,sz.002671,3.7000,3.7400,3.6700,3.7400,3.7100,2708138,10076174.9800,3,0.595500,1,0.808600,0
2021-08-10,sz.002671,3.7300,3.7700,3.7200,3.7500,3.7400,3422838,12836486.7400,3,0.752700,1,0.267400,0
2021-08-11,sz.002671,3.7500,3.7700,3.7300,3.7400,3.7500,2748071,10296708.8300,3,0.604300,1,-0.266700,0
2021-08-12,sz.002671,3.7400,3.7600,3.7200,3.7500,3.7400,2042133,7639258.0900,3,0.449100,1,0.267400,0
2021-08-13,sz.002671,3.7600,3.7800,3.7500,3.7800,3.7500,3102933,11675241.0800,3,0.682300,1,0.800000,0
2021-08-16,sz.002671,3.7800,3.7800,3.7400,3.7500,3.7800,3838100,14405108.0200,3,0.844000,1,-0.793700,0
2021-08-17,sz.002671,3.7500,3.7600,3.7000,3.7100,3.7500,4551400,16989751.6700,3,1.000800,1,-1.066700,0
2021-08-18,sz.002671,3.7100,3.7500,3.6800,3.7500,3.7100,3594221,13354599.5400,3,0.790400,1,1.078200,0
2021-08-19,sz.002671,3.7500,3.7600,3.7200,3.7300,3.7500,2060602,7686663.4600,3,0.453100,1,-0.533300,0
2021-08-20,sz.002671,3.7100,3.7200,3.6600,3.7100,3.7300,2146338,7926637.0800,3,0.472000,1,-0.536200,0
2021-08-23,sz.002671,3.7200,3.7700,3.7200,3.7500,3.7100,5347556,20023987.4400,3,1.175900,1,1.078200,0
2021-08-24,sz.002671,3.7500,3.7700,3.7400,3.7400,3.7500,3086518,11590218.6800,3,0.678700,1,-0.266700,0
2021-08-25,sz.002671,3.7200,3.7900,3.7100,3.7800,3.7400,3276733,12334402.7500,3,0.720500,1,1.069500,0
2021-08-26,sz.002671,3.7800,3.8000,3.7500,3.7800,3.7800,3007100,11332089.0000,3,0.661300,1,0.000000,0
2021-08-27,sz.002671,3.7600,3.7700,3.7300,3.7600,3.7800,1926100,7220879.0000,3,0.423500,1,-0.529100,0
2021-08-30,sz.002671,3.7600,3.7700,3.7300,3.7400,3.7600,3332100,12485051.0000,3,0.732700,1,-0.531900,0
2021-08-31,sz.002671,3.7600,3.8700,3.7200,3.8000,3.7400,6580054,24961237.9100,3,1.446900,1,1.604300,0
2021-09-01,sz.002671,3.8100,3.8700,3.7800,3.8500,3.8000,5605400,21483643.0000,3,1.232600,1,1.315800,0
2021-09-02,sz.002671,3.8400,3.8600,3.8100,3.8600,3.8500,3763700,14434013.0000,3,0.827600,1,0.259700,0
2021-09-03,sz.002671,3.8800,3.9300,3.8400,3.8700,3.8600,5508300,21376491.0000,3,1.211300,1,0.259100,0
2021-09-06,sz.002671,3.8800,3.9500,3.8700,3.9000,3.8700,4082429,15945860.2700,3,0.897700,1,0.775200,0
2021-09-07,sz.002671,3.9100,4.1300,3.9000,4.1000,3.9000,13581502,54958499.0800,3,2.986500,1,5.128200,0
2021-09-08,sz.002671,4.1200,4.2500,4.1000,4.2300,4.1000,9393373,39360856.6800,3,2.065600,1,3.170700,0
2021-09-09,sz.002671,4.2200,4.2600,4.1600,4.2400,4.2300,6498302,27372081.3800,3,1.429000,1,0.236400,0
2021-09-10,sz.002671,4.2400,4.2800,4.1600,4.1900,4.2400,5965176,25020780.6800,3,1.311700,1,-1.179200,0
2021-09-13,sz.002671,4.1800,4.2100,4.1500,4.1900,4.1900,4697900,19625228.0000,3,1.033100,1,0.000000,0
2021-09-14,sz.002671,4.2000,4.2100,4.0800,4.1200,4.1900,5808841,24038390.4800,3,1.277300,1,-1.670600,0
2021-09-15,sz.002671,4.1100,4.1500,4.0700,4.1100,4.1200,4185700,17179576.0000,3,0.920400,1,-0.242700,0
2021-09-16,sz.002671,4.1300,4.2100,4.0400,4.0500,4.1100,4052000,16622669.0000,3,0.891000,1,-1.459900,0
2021-09-17,sz.002671,4.0500,4.1100,3.9600,4.0500,4.0500,5352200,21536245.0000,3,1.176900,1,0.000000,0
2021-09-22,sz.002671,4.0100,4.1300,4.0100,4.1200,4.0500,4097573,16729721.0300,3,0.901000,1,1.728400,0
2021-09-23,sz.002671,4.1300,4.1700,4.0600,4.0900,4.1200,3835673,15755680.3800,3,0.843500,1,-0.728200,0
2021-09-24,sz.002671,4.1100,4.1100,4.0000,4.0100,4.0900,4594700,18576372.0000,3,1.010400,1,-1.956000,0
2021-09-27,sz.002671,4.0200,4.0300,3.8300,3.8700,4.0100,5290500,20627613.0000,3,1.163400,1,-3.491300,0
2021-09-28,sz.002671,3.8700,3.9100,3.8100,3.8700,3.8700,3822425,14713784.7500,3,0.840500,1,0.000000,0
2021-09-29,sz.002671,3.8500,3.8700,3.7500,3.7700,3.8700,3783825,14417835.7500,3,0.832100,1,-2.584000,0
2021-09-30,sz.002671,3.7800,3.8700,3.7700,3.8500,3.7700,3218325,12304901.2500,3,0.707700,1,2.122000,0
2021-10-08,sz.002671,3.8600,3.9900,3.8600,3.9500,3.8500,3961900,15603682.0000,3,0.871200,1,2.597400,0
2021-10-11,sz.002671,3.9700,4.0000,3.8600,3.9000,3.9500,3433974,13406726.6400,3,0.755100,1,-1.265800,0
2021-10-12,sz.002671,3.9300,3.9300,3.8200,3.8400,3.9000,4081169,15748242.0300,3,0.897400,1,-1.538500,0
2021-10-13,sz.002671,3.8300,3.8500,3.7800,3.8400,3.8400,3152300,12012263.0000,3,0.693200,1,0.000000,0
2021-10-14,sz.002671,3.8400,3.8600,3.7900,3.8400,3.8400,3755000,14369934.0000,3,0.825700,1,0.000000,0
2021-10-15,sz.002671,3.8400,3.8700,3.8000,3.8200,3.8400,3111700,11916135.0000,3,0.684200,1,-0.520800,0
2021-10-18,sz.002671,3.8200,3.9000,3.7900,3.8800,3.8200,4390700,16953496.0000,3,0.965500,1,1.570700,0
2021-10-19,sz.002671,3.8800,3.9000,3.8200,3.8200,3.8800,3547900,13628837.0000,3,0.780200,1,-1.546400,0
2021-10-20,sz.002671,3.8200,3.8300,3.7600,3.7800,3.8200,3239423,12292066.7100,3,0.712300,1,-1.047100,0
2021-10-21,sz.002671,3.7900,3.8300,3.7400,3.7900,3.7800,5684400,21468813.0000,3,1.250000,1,0.264600,0
2021-10-22,sz.002671,3.7900,3.8200,3.7600,3.7800,3.7900,3494504,13249489.0800,3,0.768400,1,-0.263900,0
2021-10-25,sz.002671,3.7800,3.8000,3.7300,3.7500,3.7800,2912225,10919773.5000,3,0.640400,1,-0.793700,0
2021-10-26,sz.002671,3.7600,3.7600,3.7000,3.7200,3.7500,3246500,12091125.0000,3,0.713900,1,-0.800000,0
2021-10-27,sz.002671,3.7300,3.7400,3.6500,3.6800,3.7200,3135700,11552383.0000,3,0.689500,1,-1.075300,0
2021-10-28,sz.002671,3.6600,3.6700,3.5600,3.5700,3.6800,3479696,12546434.8700,3,0.765200,1,-2.989100,0
2021-10-29,sz.002671,3.5700,3.7000,3.5500,3.7000,3.5700,4394401,15943238.6200,3,0.966300,1,3.641500,0
2021-11-01,sz.002671,3.6800,3.8000,3.6300,3.7600,3.7000,3576346,13396827.6900,3,0.786400,1,1.621600,0
2021-11-02,sz.002671,3.7700,3.7900,3.6900,3.7000,3.7600,2194800,8190782.9600,3,0.482600,1,-1.595700,0
2021-11-03,sz.002671,3.6900,3.7400,3.6900,3.7100,3.7000,2144500,7966071.0000,3,0.471600,1,0.270300,0
2021-11-04,sz.002671,3.7200,3.7300,3.6900,3.7300,3.7100,1419578,5274777.1600,3,0.312200,1,0.539100,0
2021-11-05,sz.002671,3.7300,3.7600,3.7000,3.7300,3.7300,2132300,7950252.0000,3,0.468900,1,0.000000,0
2021-11-08,sz.002671,3.7300,3.7500,3.7000,3.7400,3.7300,1548800,5781186.0000,3,0.340600,1,0.268100,0
2021-11-09,sz.002671,3.7600,3.8000,3.7500,3.7800,3.7400,2099300,7920766.0000,3,0.461600,1,1.069500,0
2021-11-10,sz.002671,3.8200,3.8200,3.7600,3.8000,3.7800,1590300,6010127.0000,3,0.349700,1,0.529100,0
2021-11-11,sz.002671,3.8100,3.8800,3.8000,3.8600,3.8000,2548500,9818710.0000,3,0.560400,1,1.578900,0
2021-11-12,sz.002671,3.8600,3.8800,3.7600,3.8400,3.8600,2315500,8866148.0000,3,0.509200,1,-0.518100,0
2021-11-15,sz.002671,3.8500,3.8700,3.8300,3.8700,3.8400,2069200,7970800.0000,3,0.455000,1,0.781300,0
2021-11-16,sz.002671,3.8700,3.9100,3.8500,3.8600,3.8700,2403443,9321091.7000,3,0.528500,1,-0.258400,0
2021-11-17,sz.002671,3.8600,3.9000,3.8400,3.9000,3.8600,2105387,8159750.8200,3,0.463000,1,1.036300,0
2021-11-18,sz.002671,3.8800,3.9100,3.7900,3.8300,3.9000,2931200,11279775.6700,3,0.644500,1,-1.794900,0
2021-11-19,sz.002671,3.8300,3.9000,3.8000,3.8600,3.8300,2255271,8714441.2200,3,0.495900,1,0.783300,0
2021-11-22,sz.002671,3.9000,3.9000,3.8500,3.8600,3.8600,1598000,6177508.0000,3,0.351400,1,0.000000,0
2021-11-23,sz.002671,3.8600,3.8800,3.8400,3.8500,3.8600,1711400,6608829.0000,3,0.376300,1,-0.259100,0
2021-11-24,sz.002671,3.8500,3.8600,3.8000,3.8300,3.8500,2116133,8080875.3900,3,0.465300,1,-0.519500,0
2021-11-25,sz.002671,3.8400,3.8500,3.8000,3.8100,3.8300,2617400,10016938.0000,3,0.575500,1,-0.522200,0
2021-11-26,sz.002671,3.8400,3.8400,3.7400,3.7500,3.8100,3568500,13408797.0000,3,0.784700,1,-1.574800,0
2021-11-29,sz.002671,3.7500,3.7500,3.6900,3.7200,3.7500,2705500,10053191.0000,3,0.594900,1,-0.800000,0
2021-11-30,sz.002671,3.8600,4.0900,3.8400,4.0900,3.7200,6092298,24649946.8200,3,1.339600,1,9.946200,0
2021-12-01,sz.002671,4.1300,4.2600,3.9900,4.0100,4.0900,17649330,72102210.0600,3,3.880900,1,-1.956000,0
2021-12-02,sz.002671,4.0200,4.1500,4.0100,4.0400,4.0100,11871680,48262482.4600,3,2.610500,1,0.748100,0
2021-12-03,sz.002671,4.0600,4.0900,3.9700,3.9900,4.0400,7145200,28679609.0000,3,1.571200,1,-1.237600,0
2021-12-06,sz.002671,3.9900,4.0300,3.9400,3.9500,3.9900,5109000,20359711.0000,3,1.123400,1,-1.002500,0
2021-12-07,sz.002671,4.0000,4.0600,3.9700,4.0100,3.9500,5552162,22275531.3800,3,1.220900,1,1.519000,0
2021-12-08,sz.002671,4.0000,4.0400,3.9400,3.9600,4.0100,4663703,18501957.8800,3,1.025500,1,-1.246900,0
2021-12-09,sz.002671,3.9700,4.0000,3.9400,3.9700,3.9600,4243900,16862897.0000,3,0.933200,1,0.252500,0
2021-12-10,sz.002671,3.9700,3.9900,3.9400,3.9800,3.9700,3025013,12004000.3500,3,0.665200,1,0.251900,0
2021-12-13,sz.002671,4.0900,4.0900,3.9800,4.0100,3.9800,4159600,16699267.9700,3,0.914700,1,0.753800,0
2021-12-14,sz.002671,4.0000,4.4100,3.9800,4.4100,4.0100,29562140,129253672.6800,3,6.500500,1,9.975100,0
2021-12-15,sz.002671,4.4100,4.4100,4.2000,4.2700,4.4100,32397408,138530628.2700,3,7.123900,1,-3.174600,0
2021-12-16,sz.002671,4.2400,4.7000,4.2400,4.7000,4.2700,15356919,69673444.1800,3,3.376900,1,10.070300,0
2021-12-17,sz.002671,5.1700,5.1700,5.1700,5.1700,4.7000,6976050,36066178.5000,3,1.534000,1,10.000000,0
2021-12-20,sz.002671,5.6900,5.6900,5.6900,5.6900,5.1700,39311221,223680847.4900,3,8.644200,1,10.058000,0
2021-12-21,sz.002671,6.2600,6.2600,5.8700,6.2600,5.6900,56182960,345911667.2500,3,12.354200,1,10.017600,0
2021-12-22,sz.002671,6.7100,6.7100,5.6300,5.6300,6.2600,108580896,667446600.3500,3,23.876100,1,-10.063900,0
2021-12-23,sz.002671,5.1200,5.2900,5.0700,5.0700,5.6300,57328833,293462667.1300,3,12.606100,1,-9.946700,0
2021-12-24,sz.002671,4.9000,4.9600,4.6600,4.6800,5.0700,49779407,239691375.3000,3,10.946100,1,-7.692300,0
2021-12-27,sz.002671,4.6400,4.7900,4.6200,4.7500,4.6800,24342556,114962883.2300,3,5.352700,1,1.495700,0
2021-12-28,sz.002671,4.7000,4.7900,4.6200,4.6400,4.7500,17702372,82542901.8300,3,3.892600,1,-2.315800,0
2021-12-29,sz.002671,4.6400,4.8400,4.6000,4.7600,4.6400,23214697,110027523.7300,3,5.104700,1,2.586200,0
2021-12-30,sz.002671,4.7800,4.9200,4.7000,4.8800,4.7600,25578384,124208937.1700,3,5.624500,1,2.521000,0
2021-12-31,sz.002671,4.8200,4.9000,4.7200,4.7500,4.8800,18893885,90699944.2500,3,4.154600,1,-2.663900,0
