date,code,open,high,low,close,preclose,volume,amount,adjustflag,turn,tradestatus,pctChg,isST
2021-01-04,sz.002088,11.1000,11.2400,10.9000,11.0800,11.0900,4282615,47360781.0500,3,1.356800,1,-0.090200,0
2021-01-05,sz.002088,10.9900,11.4300,10.9500,11.1400,11.0800,4991609,55746330.0700,3,1.581400,1,0.541500,0
2021-01-06,sz.002088,11.2300,11.2600,10.8500,10.9500,11.1400,5144301,56343647.9900,3,1.629800,1,-1.705600,0
2021-01-07,sz.002088,10.9000,11.0000,10.4400,10.5000,10.9500,6799754,72068524.4100,3,2.154300,1,-4.109600,0
2021-01-08,sz.002088,10.4100,10.6400,10.3000,10.4300,10.5000,4445376,46478374.9600,3,1.408400,1,-0.666700,0
2021-01-11,sz.002088,10.4400,10.5400,10.1200,10.1300,10.4300,4253900,43488026.5000,3,1.347700,1,-2.876300,0
2021-01-12,sz.002088,10.2300,10.8200,10.2300,10.5400,10.1300,5412782,57111457.9200,3,1.714900,1,4.047400,0
2021-01-13,sz.002088,10.5500,10.6600,10.1600,10.3500,10.5400,4389841,45298317.9100,3,1.390800,1,-1.802700,0
2021-01-14,sz.002088,10.3500,11.2000,10.1400,10.8000,10.3500,8419159,90410703.3300,3,2.667300,1,4.347800,0
2021-01-15,sz.002088,10.7300,11.4300,10.6500,10.9800,10.8000,7705418,85413731.7200,3,2.441200,1,1.666700,0
2021-01-18,sz.002088,10.9800,11.5500,10.9500,11.4100,10.9800,8784840,99834243.1300,3,2.783200,1,3.916200,0
2021-01-19,sz.002088,11.4000,11.5500,11.2700,11.3600,11.4100,4994389,56989017.2200,3,1.582300,1,-0.438200,0
2021-01-20,sz.002088,11.3300,11.5300,11.3100,11.4200,11.3600,3981510,45443549.3000,3,1.261400,1,0.528200,0
2021-01-21,sz.002088,11.4100,11.9800,11.3800,11.9200,11.4200,8452785,99775968.4500,3,2.678000,1,4.378300,0
2021-01-22,sz.002088,11.9000,12.3200,11.7000,12.1000,11.9200,5911294,71579368.2000,3,1.872800,1,1.510100,0
2021-01-25,sz.002088,12.0900,12.0900,11.4400,11.5900,12.1000,5531565,64524988.3300,3,1.752500,1,-4.214900,0
2021-01-26,sz.002088,11.5000,11.5000,11.1000,11.1000,11.5900,4855400,54506207.0000,3,1.538300,1,-4.227800,0
2021-01-27,sz.002088,11.1000,11.5000,11.0500,11.2100,11.1000,4316746,48557108.5000,3,1.367600,1,0.991000,0
2021-01-28,sz.002088,11.1000,11.2600,10.8800,11.1200,11.2100,4280475,47287576.2400,3,1.356100,1,-0.802900,0
2021-01-29,sz.002088,11.1000,11.7800,11.1000,11.7000,11.1200,6520749,75188067.3100,3,2.065900,1,5.215800,0
2021-02-01,sz.002088,11.6800,12.8700,11.6000,12.8700,11.7000,11029884,137954609.8900,3,3.494500,1,10.000000,0
2021-02-02,sz.002088,13.1000,13.8800,13.1000,13.8300,12.8700,17447405,235664910.6600,3,5.527700,1,7.459200,0
2021-02-03,sz.002088,14.0000,14.3600,13.6500,14.1300,13.8300,16031582,225805254.7200,3,5.079100,1,2.169200,0
2021-02-04,sz.002088,13.9200,14.0600,13.5000,13.9700,14.1300,10112165,139500660.2400,3,3.203700,1,-1.132300,0
2021-02-05,sz.002088,13.8600,14.0800,13.2000,13.4600,13.9700,7639255,104120264.3000,3,2.420300,1,-3.650700,0
2021-02-08,sz.002088,13.3300,13.9700,13.3300,13.8000,13.4600,5909160,81051462.8000,3,1.872100,1,2.526000,0
2021-02-09,sz.002088,13.6800,15.1800,13.6800,15.1800,13.8000,7437055,110386568.6900,3,2.356200,1,10.000000,0
2021-02-10,sz.002088,15.5300,15.9300,14.8500,15.5300,15.1800,14541838,223436460.1800,3,4.607100,1,2.305700,0
2021-02-18,sz.002088,15.7000,16.5000,15.4200,15.6000,15.5300,9428600,149035531.0000,3,2.987200,1,0.450700,0
2021-02-19,sz.002088,15.5000,15.8200,14.8800,15.0700,15.6000,8271835,126063478.7100,3,2.620700,1,-3.397400,0
2021-02-22,sz.002088,15.1300,15.9500,15.0200,15.0300,15.0700,9077227,140820494.1800,3,2.875800,1,-0.265400,0
2021-02-23,sz.002088,15.2200,15.4700,14.8000,14.9500,15.0300,7525684,113640454.2300,3,2.384300,1,-0.532300,0
2021-02-24,sz.002088,15.0000,15.5000,14.8400,15.1100,14.9500,8365266,127123853.8400,3,2.650300,1,1.070200,0
2021-02-25,sz.002088,15.2900,15.4300,14.4500,15.1800,15.1100,8003970,119046629.0000,3,2.535800,1,0.463300,0
2021-02-26,sz.002088,14.7400,15.5800,14.5200,15.2000,15.1800,5782155,87510968.4700,3,1.831900,1,0.131800,0
2021-03-01,sz.002088,16.2000,16.7200,15.7800,16.7200,15.2000,6879615,112350760.8900,3,2.179600,1,10.000000,0
2021-03-02,sz.002088,17.5000,17.5600,16.8000,17.0700,16.7200,10355813,177215991.5000,3,3.280900,1,2.093300,0
2021-03-03,sz.002088,17.0700,17.9800,17.0300,17.6200,17.0700,9349855,163235491.2200,3,2.962200,1,3.222000,0
2021-03-04,sz.002088,17.1700,17.7900,16.6900,17.1600,17.6200,7035984,120451598.0500,3,2.229100,1,-2.610700,0
2021-03-05,sz.002088,16.8600,17.7100,16.8600,17.1400,17.1600,5119261,88269872.3500,3,1.621900,1,-0.116600,0
2021-03-08,sz.002088,17.5200,17.6300,17.0000,17.2100,17.1400,4237150,73185944.1700,3,1.342400,1,0.408400,0
2021-03-09,sz.002088,17.1500,17.2500,16.2000,16.3600,17.2100,4803100,80325749.0000,3,1.521700,1,-4.939000,0
2021-03-10,sz.002088,16.5100,16.8000,16.1000,16.3900,16.3600,3838508,63146936.2000,3,1.216100,1,0.183400,0
2021-03-11,sz.002088,16.4100,17.4400,16.4000,17.0400,16.3900,3932998,67123692.2700,3,1.246000,1,3.965800,0
2021-03-12,sz.002088,17.1300,17.1800,16.6000,16.7900,17.0400,3040516,51077228.8700,3,0.963300,1,-1.467100,0
2021-03-15,sz.002088,16.8000,17.3300,16.7000,17.1800,16.7900,3988000,68133920.2000,3,1.263500,1,2.322800,0
2021-03-16,sz.002088,17.3800,18.9000,17.2300,18.9000,17.1800,9789013,180123039.3200,3,3.101300,1,10.011600,0
2021-03-17,sz.002088,18.8600,18.8600,17.4000,18.1800,18.9000,14291963,257453073.2800,3,4.528000,1,-3.809500,0
2021-03-18,sz.002088,17.7500,18.7700,17.6300,18.5700,18.1800,8742931,159907960.3500,3,2.769900,1,2.145200,0
2021-03-19,sz.002088,18.6700,19.7700,18.3600,18.9100,18.5700,10275979,195033116.4200,3,3.255600,1,1.830900,0
2021-03-22,sz.002088,19.0200,20.3800,19.0200,19.1600,18.9100,11582236,227455979.1800,3,3.669500,1,1.322100,0
2021-03-23,sz.002088,19.1500,19.3900,18.3500,18.9000,19.1600,6237545,117154822.5500,3,1.976200,1,-1.357000,0
2021-03-24,sz.002088,18.8000,19.1900,18.5000,18.5200,18.9000,4415308,82623186.2300,3,1.398900,1,-2.010600,0
2021-03-25,sz.002088,18.5400,18.6900,17.5800,18.1100,18.5200,4230221,76648990.3400,3,1.340200,1,-2.213800,0
2021-03-26,sz.002088,18.4400,18.4900,17.6600,18.0200,18.1100,5272185,94695945.9800,3,1.670300,1,-0.497000,0
2021-03-29,sz.002088,18.0000,18.1000,17.1500,17.7500,18.0200,4901199,86401065.1600,3,1.552800,1,-1.498300,0
2021-03-30,sz.002088,17.7600,18.0900,17.1000,18.0900,17.7500,5778541,101647039.1600,3,1.830800,1,1.915500,0
2021-03-31,sz.002088,18.1700,18.4000,16.8500,17.4000,18.0900,8014655,138525586.3500,3,2.511700,1,-3.814300,0
2021-04-01,sz.002088,17.2300,17.6500,17.1600,17.4700,17.4000,4309437,75177066.0500,3,1.350600,1,0.402300,0
2021-04-02,sz.002088,17.5100,17.7700,17.1200,17.4000,17.4700,3318771,57991383.2200,3,1.040100,1,-0.400700,0
2021-04-06,sz.002088,17.3100,17.7400,17.2900,17.6600,17.4000,4673096,82092743.5500,3,1.464500,1,1.494300,0
2021-04-07,sz.002088,17.6200,18.3200,17.3800,18.1900,17.6600,4843311,86446000.3800,3,1.517900,1,3.001100,0
2021-04-08,sz.002088,18.1000,18.6300,17.9200,18.3300,18.1900,4646057,85016156.2300,3,1.456000,1,0.769700,0
2021-04-09,sz.002088,18.3500,18.7100,18.2300,18.4800,18.3300,3115550,57578418.5000,3,0.976400,1,0.818300,0
2021-04-12,sz.002088,18.2900,18.5700,17.5000,17.5500,18.4800,4215050,75275041.0000,3,1.321000,1,-5.032500,0
2021-04-13,sz.002088,17.5600,17.9300,17.2200,17.3700,17.5500,2508858,43968302.8200,3,0.786300,1,-1.025600,0
2021-04-14,sz.002088,17.3700,17.9200,17.3200,17.7100,17.3700,2594550,45820212.5000,3,0.813100,1,1.957400,0
2021-04-15,sz.002088,17.6000,18.9000,17.4500,18.4000,17.7100,4082494,74130184.7300,3,1.279400,1,3.896100,0
2021-04-16,sz.002088,18.4400,18.8200,18.0800,18.6600,18.4000,2956273,54626470.0200,3,0.926500,1,1.413000,0
2021-04-19,sz.002088,18.6700,20.0600,18.6700,19.7500,18.6600,5304041,103576432.1200,3,1.662300,1,5.841400,0
2021-04-20,sz.002088,19.9700,21.2500,19.9700,20.9500,19.7500,5848158,121128353.3400,3,1.832800,1,6.075900,0
2021-04-21,sz.002088,20.7100,21.0500,20.2300,20.8500,20.9500,3432013,70832667.0400,3,1.075600,1,-0.477300,0
2021-04-22,sz.002088,20.7500,21.5500,20.7000,21.5200,20.8500,3802972,80705174.0000,3,1.191800,1,3.213400,0
2021-04-23,sz.002088,21.5700,22.1800,20.0000,21.2500,21.5200,7425464,159139400.2600,3,2.327100,1,-1.254600,0
2021-04-26,sz.002088,21.1500,21.5000,20.7600,21.4500,21.2500,3915623,83312469.9800,3,1.227100,1,0.941200,0
2021-04-27,sz.002088,21.4500,21.9500,21.2200,21.6600,21.4500,2872178,61886042.1400,3,0.900100,1,0.979000,0
2021-04-28,sz.002088,21.4400,22.0500,21.2200,21.8600,21.6600,2702837,58712103.0100,3,0.847100,1,0.923400,0
2021-04-29,sz.002088,22.0400,22.3000,20.7500,21.6100,21.8600,5469750,116870998.7200,3,1.714200,1,-1.143600,0
2021-04-30,sz.002088,21.5500,22.0000,21.2900,21.4600,21.6100,2955350,63663118.5000,3,0.926200,1,-0.694100,0
2021-05-06,sz.002088,21.6800,22.4000,21.6800,22.1000,21.4600,4738627,104642926.9700,3,1.485100,1,2.982300,0
2021-05-07,sz.002088,22.1600,22.2200,20.7300,20.8500,22.1000,5327289,112771135.7200,3,1.669500,1,-5.656100,0
2021-05-10,sz.002088,20.8100,20.8900,19.7300,19.8500,20.8500,5332500,107707767.5000,3,1.671200,1,-4.796200,0
2021-05-11,sz.002088,19.7100,20.1900,19.4300,19.6000,19.8500,3077035,60685857.0500,3,0.964300,1,-1.259400,0
2021-05-12,sz.002088,19.5400,19.9000,19.1000,19.7000,19.6000,2795650,54632831.5000,3,0.876100,1,0.510200,0
2021-05-13,sz.002088,19.4500,19.7900,19.1200,19.2100,19.7000,2955592,57346603.0400,3,0.926300,1,-2.487300,0
2021-05-14,sz.002088,19.2800,19.7500,19.0200,19.5600,19.2100,3821015,74765920.1000,3,1.197500,1,1.822000,0
2021-05-17,sz.002088,19.4700,20.3500,19.1000,19.8800,19.5600,3966799,79157950.5600,3,1.243200,1,1.636000,0
2021-05-18,sz.002088,19.8800,20.3000,19.2900,20.0500,19.8800,3296806,65463479.0700,3,1.033200,1,0.855100,0
2021-05-19,sz.002088,20.0000,20.0800,19.3700,19.5400,20.0500,2128100,41813581.0000,3,0.666900,1,-2.543600,0
2021-05-20,sz.002088,19.6900,20.8000,19.6900,20.0600,19.5400,3617014,73046055.5300,3,1.133600,1,2.661200,0
2021-05-21,sz.002088,20.1400,20.3000,19.7700,19.9800,20.0600,1829099,36583816.0300,3,0.573200,1,-0.398800,0
2021-05-24,sz.002088,20.2000,21.0400,19.7500,20.9300,19.9800,3380694,69346367.4800,3,1.059500,1,4.754800,0
2021-05-25,sz.002088,20.9400,21.0500,19.7600,20.4700,20.9300,4753217,95903056.5600,3,1.489600,1,-2.197800,0
2021-05-26,sz.002088,19.8000,19.9000,19.1000,19.5600,19.6200,3762137,73412326.3400,3,1.179000,1,-0.305800,0
2021-05-27,sz.002088,19.5400,19.5400,19.1900,19.2600,19.5600,1932156,37298659.5200,3,0.605500,1,-1.533700,0
2021-05-28,sz.002088,19.2400,19.8200,19.2200,19.4500,19.2600,2243250,43794730.8000,3,0.703000,1,0.986500,0
2021-05-31,sz.002088,19.4000,19.5300,18.7600,19.2200,19.4500,2554600,48996884.8700,3,0.800600,1,-1.182500,0
2021-06-01,sz.002088,19.2000,19.5100,18.9100,19.5000,19.2200,1933221,37172774.6600,3,0.605900,1,1.456800,0
2021-06-02,sz.002088,19.5000,20.8400,19.2900,20.7800,19.5000,3800723,76749191.0900,3,1.191100,1,6.564100,0
2021-06-03,sz.002088,20.8200,20.9900,20.1800,20.2000,20.7800,2586717,53114655.6700,3,0.810700,1,-2.791100,0
2021-06-04,sz.002088,20.1600,20.3400,19.7600,19.8000,20.2000,1706671,34106427.1100,3,0.534900,1,-1.980200,0
2021-06-07,sz.002088,19.6100,20.7400,19.4600,20.6000,19.8000,2703443,54669708.3100,3,0.847200,1,4.040400,0
2021-06-08,sz.002088,20.6900,20.9800,20.3000,20.6800,20.6000,2679129,55247450.9900,3,0.839600,1,0.388300,0
2021-06-09,sz.002088,20.6600,20.6700,20.0200,20.0900,20.6800,1655788,33493358.7900,3,0.518900,1,-2.853000,0
2021-06-10,sz.002088,20.1200,21.8600,19.8100,21.5500,20.0900,3985627,84669182.1700,3,1.249100,1,7.267300,0
2021-06-11,sz.002088,21.7800,22.3000,21.3800,22.1000,21.5500,3187838,70123653.9200,3,0.999100,1,2.552200,0
2021-06-15,sz.002088,22.2000,23.7800,21.8000,21.8800,22.1000,3319620,74925811.6000,3,1.040400,1,-0.995500,0
2021-06-16,sz.002088,21.8800,22.2100,20.5400,20.6600,21.8800,4232271,89328265.0800,3,1.326400,1,-5.575900,0
2021-06-17,sz.002088,20.8000,21.6800,20.2800,20.9400,20.6600,3729813,78182007.5000,3,1.168900,1,1.355300,0
2021-06-18,sz.002088,21.2900,21.3300,20.5700,20.6700,20.9400,2581862,54006298.4200,3,0.809100,1,-1.289400,0
2021-06-21,sz.002088,20.6400,21.7400,20.3000,21.6600,20.6700,3320240,70071540.8200,3,1.040500,1,4.789600,0
2021-06-22,sz.002088,21.4900,22.6800,21.4900,21.8000,21.6600,2599288,57345227.7400,3,0.814600,1,0.646400,0
2021-06-23,sz.002088,21.8100,21.9700,21.3300,21.5000,21.8000,2626937,56848986.9600,3,0.823300,1,-1.376100,0
2021-06-24,sz.002088,21.6500,21.7800,20.9700,21.5200,21.5000,2216488,47275700.2400,3,0.694600,1,0.093000,0
2021-06-25,sz.002088,21.5300,21.8000,21.1900,21.6200,21.5200,1531032,32915690.6600,3,0.479800,1,0.464700,0
2021-06-28,sz.002088,21.4900,22.4900,21.3800,22.2200,21.6200,2966202,64943546.3000,3,0.929600,1,2.775200,0
2021-06-29,sz.002088,21.9800,23.2300,21.9000,23.0100,22.2200,3829310,87226413.2400,3,1.200100,1,3.555400,0
2021-06-30,sz.002088,23.0200,23.4100,22.5700,22.9900,23.0100,2663163,60902305.9800,3,0.834600,1,-0.086900,0
2021-07-01,sz.002088,22.9600,23.4000,22.4000,22.6000,22.9900,2678830,61469582.1200,3,0.839500,1,-1.696400,0
2021-07-02,sz.002088,22.5300,22.6000,21.7600,22.5000,22.6000,3130515,69678927.6000,3,0.981100,1,-0.442500,0
2021-07-05,sz.002088,22.3800,23.0900,21.6200,21.8900,22.5000,4811054,107198606.9400,3,1.500000,1,-2.711100,0
2021-07-06,sz.002088,21.8000,22.1300,20.3600,21.3100,21.8900,5104167,108186769.6100,3,1.591400,1,-2.649600,0
2021-07-07,sz.002088,21.1600,21.5600,20.8600,21.2200,21.3100,2815152,59894518.6800,3,0.877700,1,-0.422300,0
2021-07-08,sz.002088,21.2100,21.8700,20.5600,20.6900,21.2200,2909769,61239183.7600,3,0.907200,1,-2.497600,0
2021-07-09,sz.002088,20.9700,21.1200,20.3800,21.0300,20.6900,3573292,74614268.9900,3,1.114100,1,1.643300,0
2021-07-12,sz.002088,21.0800,22.4000,20.8300,22.2900,21.0300,4286362,92941352.8300,3,1.336400,1,5.991400,0
2021-07-13,sz.002088,22.4000,23.3800,22.3000,23.2200,22.2900,4967704,114587772.4400,3,1.548900,1,4.172300,0
2021-07-14,sz.002088,23.4100,23.4400,22.5600,22.6300,23.2200,3265914,74651534.5300,3,1.018300,1,-2.540900,0
2021-07-15,sz.002088,22.4400,23.3800,22.3000,22.6500,22.6300,2934855,67016693.7500,3,0.915100,1,0.088400,0
2021-07-16,sz.002088,22.4200,23.0000,22.3900,22.6700,22.6500,1744950,39536200.5000,3,0.544100,1,0.088300,0
2021-07-19,sz.002088,22.5300,24.9400,22.3100,24.9400,22.6700,7093982,174877440.6200,3,2.211800,1,10.013200,0
2021-07-20,sz.002088,25.1200,25.4300,22.4500,22.7900,24.9400,11299792,262873863.8800,3,3.523200,1,-8.620700,0
2021-07-21,sz.002088,22.6900,22.9900,22.1100,22.3000,22.7900,5528275,123763084.3300,3,1.723700,1,-2.150100,0
2021-07-22,sz.002088,22.3000,22.8000,22.1400,22.5300,22.3000,3379742,76032283.1200,3,1.053800,1,1.031400,0
2021-07-23,sz.002088,22.4800,22.5600,21.5300,22.0900,22.5300,4549150,99891654.7400,3,1.418400,1,-1.953000,0
2021-07-26,sz.002088,22.0900,22.3600,21.4300,21.6200,22.0900,2374350,51931163.4800,3,0.740300,1,-2.127700,0
2021-07-27,sz.002088,21.5100,22.4700,21.2000,21.2400,21.6200,3023408,65970355.3000,3,0.942700,1,-1.757600,0
2021-07-28,sz.002088,21.0000,21.1500,19.7600,20.1900,21.2400,3873835,79332186.9200,3,1.207800,1,-4.943500,0
2021-07-29,sz.002088,20.3000,21.1500,20.3000,21.0600,20.1900,2625942,54745071.0200,3,0.818700,1,4.309100,0
2021-07-30,sz.002088,21.0600,22.2600,20.6100,22.2600,21.0600,4201912,91055793.3200,3,1.310100,1,5.698000,0
2021-08-02,sz.002088,22.2600,24.0000,21.8000,22.7200,22.2600,5225565,119409099.8000,3,1.629300,1,2.066500,0
2021-08-03,sz.002088,22.6700,23.0700,22.1700,22.7400,22.7200,2570658,58438125.5300,3,0.801500,1,0.088000,0
2021-08-04,sz.002088,23.2800,23.9900,22.8300,23.8200,22.7400,3790462,89622332.0600,3,1.181800,1,4.749300,0
2021-08-05,sz.002088,23.9000,24.2900,23.3400,23.3600,23.8200,3097274,73731871.2300,3,0.965700,1,-1.931200,0
2021-08-06,sz.002088,23.3700,24.0000,23.2500,23.9800,23.3600,2929515,69623281.5600,3,0.913400,1,2.654100,0
2021-08-09,sz.002088,24.0000,25.2000,23.5700,24.6900,23.9800,2674560,65576106.1000,3,0.833900,1,2.960800,0
2021-08-10,sz.002088,24.9100,25.6000,24.6700,25.0900,24.6900,2449486,61502280.8900,3,0.763700,1,1.620100,0
2021-08-11,sz.002088,25.0900,25.1800,24.3000,24.4200,25.0900,2715985,66827246.8000,3,0.846800,1,-2.670400,0
2021-08-12,sz.002088,24.4200,25.4800,24.4200,25.3000,24.4200,3129824,78765264.2800,3,0.975800,1,3.603600,0
2021-08-13,sz.002088,25.1000,26.4800,25.0000,26.1900,25.3000,3335575,86683634.1100,3,1.040000,1,3.517800,0
2021-08-16,sz.002088,26.2200,26.2200,24.3500,24.6200,26.1900,3579066,89735396.3000,3,1.115900,1,-5.994700,0
2021-08-17,sz.002088,24.6200,25.2100,24.3000,24.8400,24.6200,3099654,77090910.7400,3,0.966400,1,0.893600,0
2021-08-18,sz.002088,25.0900,26.2000,24.6100,25.2200,24.8400,2726600,69209867.0000,3,0.850100,1,1.529800,0
2021-08-19,sz.002088,25.2200,25.4100,23.6600,24.8400,25.2200,4328350,105627460.0000,3,1.349500,1,-1.506700,0
2021-08-20,sz.002088,24.7900,26.1400,24.3000,25.7500,24.8400,3986430,102638927.0600,3,1.242900,1,3.663400,0
2021-08-23,sz.002088,25.5000,27.5000,25.5000,27.2300,25.7500,4591250,124512452.0000,3,1.431500,1,5.747600,0
2021-08-24,sz.002088,27.3400,27.8400,27.0300,27.7800,27.2300,2668800,73460492.0000,3,0.832100,1,2.019800,0
2021-08-25,sz.002088,27.6200,27.7200,27.0500,27.6000,27.7800,1983950,54336903.5000,3,0.618600,1,-0.647900,0
2021-08-26,sz.002088,27.5600,28.0300,27.0600,27.4100,27.6000,1996800,54941787.0000,3,0.622600,1,-0.688400,0
2021-08-27,sz.002088,27.4300,27.9900,26.9000,27.3100,27.4100,3015823,82471099.4500,3,0.940300,1,-0.364800,0
2021-08-30,sz.002088,27.8600,28.1900,27.1700,27.5800,27.3100,3809273,105944062.8300,3,1.187700,1,0.988600,0
2021-08-31,sz.002088,30.0000,30.3400,28.2000,28.2500,27.5800,8923186,262206482.8900,3,2.782200,1,2.429300,0
2021-09-01,sz.002088,28.6000,28.7800,26.0000,26.5000,28.2500,7765385,210412206.4500,3,2.421200,1,-6.194700,0
2021-09-02,sz.002088,25.8000,27.3800,25.8000,26.7100,26.5000,4110757,110243241.2300,3,1.281700,1,0.792500,0
2021-09-03,sz.002088,26.3700,28.4900,26.3700,26.7400,26.7100,4262052,116397690.6600,3,1.328900,1,0.112300,0
2021-09-06,sz.002088,27.0100,28.3900,26.7900,27.0500,26.7400,4117394,112210265.9200,3,1.283800,1,1.159300,0
2021-09-07,sz.002088,27.0000,27.2900,26.5100,27.0700,27.0500,3960233,106229641.6500,3,1.234800,1,0.073900,0
2021-09-08,sz.002088,27.0800,27.4700,26.4200,26.5800,27.0700,3394770,90659979.6200,3,1.058500,1,-1.810100,0
2021-09-09,sz.002088,26.3800,27.5000,26.3200,27.1200,26.5800,3242161,87386096.9100,3,1.010900,1,2.031600,0
2021-09-10,sz.002088,27.1200,28.1900,27.1100,27.9600,27.1200,5709013,158442507.7100,3,1.780000,1,3.097300,0
2021-09-13,sz.002088,28.1900,28.7900,27.4000,28.7400,27.9600,4463515,125600212.9500,3,1.391700,1,2.789700,0
2021-09-14,sz.002088,28.8100,29.2700,28.3600,28.9100,28.7400,3640405,105020229.7100,3,1.135000,1,0.591500,0
2021-09-15,sz.002088,28.9600,30.5000,28.4900,30.5000,28.9100,5486815,162800520.2900,3,1.710700,1,5.499800,0
2021-09-16,sz.002088,30.3800,32.5300,29.8800,31.9500,30.5000,8476034,267355206.3300,3,2.642700,1,4.754100,0
2021-09-17,sz.002088,32.5000,34.9800,29.7700,30.9600,31.9500,9882173,320467994.4500,3,3.081200,1,-3.098600,0
2021-09-22,sz.002088,30.9600,32.1800,29.2400,30.5300,30.9600,8574586,259413862.4000,3,2.673500,1,-1.388900,0
2021-09-23,sz.002088,30.5000,33.5800,30.0700,33.5800,30.5300,8797367,280901375.0700,3,2.742900,1,9.990200,0
2021-09-24,sz.002088,33.9600,34.7900,31.6600,32.0400,33.5800,7548520,249545682.5900,3,2.353600,1,-4.586100,0
2021-09-27,sz.002088,31.9000,34.5000,29.8000,33.7000,32.0400,9833250,311167678.0000,3,3.065900,1,5.181000,0
2021-09-28,sz.002088,33.0200,34.6700,32.1700,33.1800,33.7000,8651910,289713703.0000,3,2.697600,1,-1.543000,0
2021-09-29,sz.002088,32.9700,34.5000,30.6600,30.7000,33.1800,8468154,274683621.8000,3,2.640300,1,-7.474400,0
2021-09-30,sz.002088,31.1000,33.5400,30.7700,32.6500,30.7000,5738650,187261562.7000,3,1.789300,1,6.351800,0
2021-10-08,sz.002088,33.4700,33.6300,30.7500,30.8800,32.6500,6265050,197460905.0400,3,1.953400,1,-5.421100,0
2021-10-11,sz.002088,31.2800,32.3900,30.7000,30.7800,30.8800,4332600,136575764.0000,3,1.350900,1,-0.323800,0
2021-10-12,sz.002088,30.5800,30.9100,27.7300,28.2400,30.7800,7209588,207478184.8500,3,2.247900,1,-8.252100,0
2021-10-13,sz.002088,28.6400,29.1300,28.0000,28.6400,28.2400,3314252,94692895.4300,3,1.033300,1,1.416400,0
2021-10-14,sz.002088,28.6000,28.7900,27.6900,28.3900,28.6400,3265550,92347625.1800,3,1.018200,1,-0.872900,0
2021-10-15,sz.002088,28.4500,29.4900,28.0100,28.9800,28.3900,2953707,85473013.5500,3,0.920900,1,2.078200,0
2021-10-18,sz.002088,28.8800,29.8500,28.5400,29.1400,28.9800,4142477,121310894.8700,3,1.291600,1,0.552100,0
2021-10-19,sz.002088,29.1400,32.0500,28.8900,32.0500,29.1400,7140823,223709517.5800,3,2.226400,1,9.986300,0
2021-10-20,sz.002088,22.4000,24.3800,22.3100,23.5000,22.8900,11016134,258636660.3900,3,2.453400,1,2.664900,0
2021-10-21,sz.002088,23.6500,25.3500,23.2900,24.9300,23.5000,10652840,264112610.6300,3,2.372500,1,6.085100,0
2021-10-22,sz.002088,24.9300,26.2100,24.3800,24.6900,24.9300,9588830,242458017.7000,3,2.135500,1,-0.962700,0
2021-10-25,sz.002088,25.0900,25.8500,24.5700,25.6900,24.6900,9556538,242536491.7600,3,2.128300,1,4.050200,0
2021-10-26,sz.002088,26.0000,27.4700,25.4600,27.0000,25.6900,9325984,249080448.0000,3,2.077000,1,5.099300,0
2021-10-27,sz.002088,26.8300,26.8300,25.8000,26.5600,27.0000,6543810,172578997.8000,3,1.457400,1,-1.629600,0
2021-10-28,sz.002088,26.6100,26.6800,25.0200,25.9500,26.5600,8301767,214784031.1000,3,1.848900,1,-2.296700,0
2021-10-29,sz.002088,26.0000,27.1800,25.3800,26.7400,25.9500,5773743,153079754.2500,3,1.285900,1,3.044300,0
2021-11-01,sz.002088,26.9900,26.9900,25.7000,26.0900,26.7400,4775896,125028584.9500,3,1.063600,1,-2.430800,0
2021-11-02,sz.002088,26.0000,26.3500,25.2000,25.5100,26.0900,4409633,112981809.4100,3,0.982100,1,-2.223100,0
2021-11-03,sz.002088,25.5500,26.1500,25.2300,25.9200,25.5100,3444419,88532101.1400,3,0.767100,1,1.607200,0
2021-11-04,sz.002088,26.3000,26.7200,25.3000,25.4000,25.9200,4261795,109614257.0000,3,0.949100,1,-2.006200,0
2021-11-05,sz.002088,25.5800,25.6400,23.9300,23.9900,25.4000,5783027,142326207.9600,3,1.287900,1,-5.551200,0
2021-11-08,sz.002088,24.3300,24.7600,23.9000,24.3900,23.9900,4771530,116398735.2300,3,1.062700,1,1.667400,0
2021-11-09,sz.002088,24.8000,25.6600,24.3600,25.5800,24.3900,5725472,143985698.5500,3,1.275100,1,4.879000,0
2021-11-10,sz.002088,25.8200,25.9000,24.4300,24.7900,25.5800,4585770,114541778.1000,3,1.021300,1,-3.088400,0
2021-11-11,sz.002088,25.0000,25.3700,24.3300,25.1000,24.7900,3430804,85250424.5800,3,0.764100,1,1.250500,0
2021-11-12,sz.002088,24.9300,25.4300,24.7800,24.8800,25.1000,2509411,62684335.2300,3,0.558900,1,-0.876500,0
2021-11-15,sz.002088,25.1000,25.1000,24.2000,24.8000,24.8800,3220734,79200075.8800,3,0.717300,1,-0.321500,0
2021-11-16,sz.002088,24.8000,25.7900,24.4800,25.6900,24.8000,4234305,107034817.5500,3,0.943000,1,3.588700,0
2021-11-17,sz.002088,25.9000,26.5000,24.3600,24.6900,25.6900,9156746,230428531.4200,3,2.039300,1,-3.892600,0
2021-11-18,sz.002088,24.1000,24.5600,23.4100,24.0400,24.6900,5035696,121068513.8200,3,1.121500,1,-2.632600,0
2021-11-19,sz.002088,24.0400,24.4600,23.8600,24.2700,24.0400,3014047,72709494.8400,3,0.671200,1,0.956700,0
2021-11-22,sz.002088,24.5000,24.7900,24.2000,24.7400,24.2700,3206458,78798980.6400,3,0.714100,1,1.936500,0
2021-11-23,sz.002088,24.8600,25.0400,24.5500,24.7100,24.7400,2893680,71632775.0200,3,0.644400,1,-0.121300,0
2021-11-24,sz.002088,24.7600,24.9000,24.1500,24.1700,24.7100,2522220,61794835.7200,3,0.561700,1,-2.185400,0
2021-11-25,sz.002088,24.2500,24.3300,23.3700,23.4800,24.1700,4381848,103900266.9700,3,0.975900,1,-2.854800,0
2021-11-26,sz.002088,23.5500,23.7000,22.7100,23.0000,23.4800,4130390,95606300.1800,3,0.919900,1,-2.044300,0
2021-11-29,sz.002088,23.4800,24.3300,22.7600,23.9200,23.0000,4509810,106202507.9100,3,1.004400,1,4.000000,0
2021-11-30,sz.002088,24.2900,25.4600,24.1000,25.0300,23.9200,7399552,183888839.0600,3,1.647900,1,4.640500,0
2021-12-01,sz.002088,25.1600,25.1600,24.1500,24.6500,25.0300,5029600,123364008.6000,3,1.120100,1,-1.518200,0
2021-12-02,sz.002088,24.5700,24.7800,23.9400,24.0700,24.6500,3689601,89355083.1600,3,0.821700,1,-2.352900,0
2021-12-03,sz.002088,24.0000,24.2300,23.6100,23.9000,24.0700,2994109,71338622.0400,3,0.666800,1,-0.706300,0
2021-12-06,sz.002088,24.0700,24.5800,23.0200,23.0500,23.9000,6872962,161409999.1400,3,1.530700,1,-3.556500,0
2021-12-07,sz.002088,23.0500,23.2600,21.8200,22.1900,23.0500,8182717,182981917.3300,3,1.822300,1,-3.731000,0
2021-12-08,sz.002088,22.2000,22.5700,21.9000,22.4900,22.1900,4792700,106797642.1000,3,1.067400,1,1.352000,0
2021-12-09,sz.002088,22.4800,22.6600,21.8400,21.9300,22.4900,5916444,131183866.3100,3,1.317600,1,-2.490000,0
2021-12-10,sz.002088,21.9300,22.1700,21.5000,22.1700,21.9300,5827830,126634117.9000,3,1.297900,1,1.094400,0
2021-12-13,sz.002088,21.9300,22.3000,21.4700,22.2000,22.1700,5329128,116656703.2800,3,1.186800,1,0.135300,0
2021-12-14,sz.002088,22.0500,22.6800,21.7500,22.5800,22.2000,4998757,111763804.3100,3,1.113300,1,1.711700,0
2021-12-15,sz.002088,22.5000,23.6800,22.3000,23.3900,22.5800,6435140,148743404.2600,3,1.433200,1,3.587200,0
2021-12-16,sz.002088,23.4000,23.4800,22.8500,23.0100,23.3900,4514855,104238406.1400,3,1.005500,1,-1.624600,0
2021-12-17,sz.002088,23.0100,23.1800,22.2200,22.2200,23.0100,2913358,65892425.9500,3,0.648800,1,-3.433300,0
2021-12-20,sz.002088,22.2000,22.4200,21.6700,21.7000,22.2200,2602402,57165866.0000,3,0.579600,1,-2.340200,0
2021-12-21,sz.002088,21.7200,22.0800,21.5500,21.5800,21.7000,3147671,68412653.6300,3,0.701000,1,-0.553000,0
2021-12-22,sz.002088,21.7700,22.4100,21.5800,22.2500,21.5800,3505547,77609828.1300,3,0.780700,1,3.104700,0
2021-12-23,sz.002088,22.4000,22.8500,22.0700,22.7000,22.2500,3293130,74270365.6000,3,0.733400,1,2.022500,0
2021-12-24,sz.002088,22.8000,23.1500,22.4300,22.7800,22.7000,3503405,79973875.9000,3,0.780200,1,0.352400,0
2021-12-27,sz.002088,22.7600,24.9400,22.5300,24.6900,22.7800,8535501,206613170.3000,3,1.900900,1,8.384500,0
2021-12-28,sz.002088,24.9400,25.1800,24.5100,25.0500,24.6900,8628575,214397371.5000,3,1.921600,1,1.458100,0
2021-12-29,sz.002088,25.0500,25.2800,24.4100,24.9300,25.0500,6505170,162123869.4000,3,1.448700,1,-0.479000,0
2021-12-30,sz.002088,25.0000,25.9900,24.7800,25.6700,24.9300,8582819,220138134.1800,3,1.911500,1,2.968300,0
2021-12-31,sz.002088,25.6700,26.2000,25.5200,26.0000,25.6700,4846609,126071707.3800,3,1.079400,1,1.285500,0
