date,code,open,high,low,close,preclose,volume,amount,adjustflag,turn,tradestatus,pctChg,isST
2021-01-04,sz.000564,2.5700,2.5800,2.5200,2.5400,2.5900,48441167,123098593.0200,3,2.414900,1,-1.930500,0
2021-01-05,sz.000564,2.5300,2.5300,2.4100,2.4400,2.5400,58933100,144898768.0000,3,2.938000,1,-3.937000,0
2021-01-06,sz.000564,2.4500,2.5100,2.4200,2.4500,2.4400,36896637,90634031.9100,3,1.839400,1,0.409800,0
2021-01-07,sz.000564,2.4300,2.4300,2.2700,2.2900,2.4500,60737642,141375165.8100,3,3.028000,1,-6.530600,0
2021-01-08,sz.000564,2.2500,2.3700,2.1900,2.3500,2.2900,60654658,139951421.2500,3,3.023800,1,2.620100,0
2021-01-11,sz.000564,2.3300,2.3400,2.2100,2.2300,2.3500,43118560,97584267.0500,3,2.149600,1,-5.106400,0
2021-01-12,sz.000564,2.2200,2.3000,2.2100,2.2500,2.2300,29632039,66514943.3800,3,1.477200,1,0.896900,0
2021-01-13,sz.000564,2.2400,2.2400,2.1600,2.1900,2.2500,38429530,84262313.0000,3,1.915800,1,-2.666700,0
2021-01-14,sz.000564,2.1900,2.2200,2.1600,2.1900,2.1900,28819340,63185414.6000,3,1.436700,1,0.000000,0
2021-01-15,sz.000564,2.2000,2.3500,2.1900,2.2400,2.1900,54492058,123502139.3200,3,2.716600,1,2.283100,0
2021-01-18,sz.000564,2.2300,2.3000,2.2300,2.2500,2.2400,34670750,78406732.5000,3,1.728400,1,0.446400,0
2021-01-19,sz.000564,2.2500,2.4800,2.2200,2.4800,2.2500,74979551,177893789.9900,3,3.738000,1,10.222200,0
2021-01-20,sz.000564,2.4800,2.6000,2.3800,2.4000,2.4800,116440616,287889875.9500,3,5.804900,1,-3.225800,0
2021-01-21,sz.000564,2.3700,2.4400,2.3400,2.3900,2.4000,66062500,157636697.0000,3,3.293400,1,-0.416700,0
2021-01-22,sz.000564,2.3700,2.3800,2.2900,2.3000,2.3900,45107500,104826258.0000,3,2.248700,1,-3.765700,0
2021-01-25,sz.000564,2.2700,2.5100,2.2500,2.4000,2.3000,71997011,171784638.1800,3,3.589300,1,4.347800,0
2021-01-26,sz.000564,2.3400,2.3700,2.3000,2.3000,2.4000,41274158,95895749.7300,3,2.057600,1,-4.166700,0
2021-01-27,sz.000564,2.2800,2.3600,2.2500,2.3500,2.3000,40021978,92555124.1600,3,1.995200,1,2.173900,0
2021-01-28,sz.000564,2.3100,2.4500,2.3100,2.4100,2.3500,67372685,162093766.2900,3,3.358700,1,2.553200,0
2021-01-29,sz.000564,2.4000,2.5900,2.3500,2.5300,2.4100,113497463,282715179.3700,3,5.658200,1,4.979300,0
2021-02-01,sz.000564,2.2800,2.3900,2.2800,2.2800,2.5300,65192901,149393916.2900,3,3.250100,1,-9.881400,0
2021-02-02,sz.000564,2.0500,2.2800,2.0500,2.1500,2.2800,104452398,221194747.6700,3,5.207300,1,-5.701800,0
2021-02-03,sz.000564,2.0800,2.1300,2.0300,2.0700,2.1500,57370255,118979222.6900,3,2.860100,1,-3.720900,0
2021-02-04,sz.000564,2.0700,2.1200,1.9800,2.0000,2.0700,48926400,99820197.0000,3,2.439100,1,-3.381600,0
2021-02-05,sz.000564,2.0000,2.0300,1.8700,1.8900,2.0000,61461616,118994764.7000,3,3.064000,1,-5.500000,0
2021-02-08,sz.000564,1.8900,1.8900,1.8000,1.8100,1.8900,42699014,77905641.5900,3,2.128700,1,-4.232800,0
2021-02-09,sz.000564,1.8100,1.8700,1.7700,1.8500,1.8100,36215541,66202688.2200,3,1.805500,1,2.209900,0
2021-02-10,sz.000564,1.8500,1.8900,1.8400,1.8600,1.8500,28331300,52724671.0000,3,1.412400,1,0.540500,0
2021-02-18,sz.000564,1.8600,1.8600,1.8600,1.8600,1.8600,0,0.0000,3,,0,0.000000,0
2021-02-19,sz.000564,1.7700,1.7700,1.7700,1.7700,1.8600,5021600,8888232.0000,3,0.250300,1,-4.838700,1
2021-02-22,sz.000564,1.6800,1.8600,1.6800,1.8300,1.7700,189635075,329551784.5100,3,9.453600,1,3.389800,1
2021-02-23,sz.000564,1.7500,1.7900,1.7400,1.7400,1.8300,93664172,164230795.0000,3,4.669300,1,-4.918000,1
2021-02-24,sz.000564,1.7700,1.8300,1.7600,1.8300,1.7400,100773439,182773322.6100,3,5.023700,1,5.172400,1
2021-02-25,sz.000564,1.8900,1.9200,1.8000,1.9200,1.8300,123796180,232857154.0100,3,6.171400,1,4.918000,1
2021-02-26,sz.000564,1.8800,1.9500,1.8300,1.9000,1.9200,74823100,141395911.0600,3,3.730100,1,-1.041700,1
2021-03-01,sz.000564,1.9000,2.0000,1.8800,2.0000,1.9000,74864266,146765630.8600,3,3.732100,1,5.263200,1
2021-03-02,sz.000564,2.0300,2.1000,1.9900,2.1000,2.0000,58955456,121616450.1600,3,2.939000,1,5.000000,1
2021-03-03,sz.000564,2.1900,2.2100,2.1600,2.2100,2.1000,14710223,32331244.4100,3,0.733300,1,5.238100,1
2021-03-04,sz.000564,2.3200,2.3200,2.1400,2.3200,2.2100,142702135,325995203.2700,3,7.113900,1,4.977400,1
2021-03-05,sz.000564,2.2700,2.3700,2.2100,2.2600,2.3200,92467900,211136708.0200,3,4.609700,1,-2.586200,1
2021-03-08,sz.000564,2.2600,2.3200,2.1500,2.1500,2.2600,69516682,154786599.2300,3,3.465500,1,-4.867300,1
2021-03-09,sz.000564,2.1100,2.1400,2.0400,2.0400,2.1500,62115902,128274016.1300,3,3.096600,1,-5.116300,1
2021-03-10,sz.000564,2.0400,2.1400,2.0100,2.1400,2.0400,34307587,71817740.6100,3,1.710300,1,4.902000,1
2021-03-11,sz.000564,2.2000,2.2500,2.1500,2.2500,2.1400,63212353,139495609.5400,3,3.151200,1,5.140200,1
2021-03-12,sz.000564,2.2500,2.3600,2.2400,2.2900,2.2500,98563469,229514874.1000,3,4.913500,1,1.777800,1
2021-03-15,sz.000564,2.2200,2.2500,2.1800,2.2000,2.2900,53188254,117566117.7800,3,2.651500,1,-3.930100,1
2021-03-16,sz.000564,2.2400,2.3100,2.1800,2.2700,2.2000,49094727,110228211.3000,3,2.447500,1,3.181800,1
2021-03-17,sz.000564,2.2300,2.3800,2.2300,2.3800,2.2700,80719886,189464793.6000,3,4.024000,1,4.845800,1
2021-03-18,sz.000564,2.4200,2.5000,2.3800,2.5000,2.3800,73608931,179779879.0500,3,3.669500,1,5.042000,1
2021-03-19,sz.000564,2.5200,2.6300,2.5000,2.5800,2.5000,80526394,208757633.4200,3,4.014400,1,3.200000,1
2021-03-22,sz.000564,2.6100,2.7100,2.6000,2.7100,2.5800,40939791,109663111.4100,3,2.040900,1,5.038800,1
2021-03-23,sz.000564,2.8500,2.8500,2.8100,2.8500,2.7100,12636427,35977109.4100,3,0.629900,1,5.166100,1
2021-03-24,sz.000564,2.9000,2.9600,2.7100,2.7100,2.8500,126611790,353483152.4000,3,6.311800,1,-4.912300,1
2021-03-25,sz.000564,2.6200,2.7900,2.5700,2.7400,2.7100,73803369,194727520.7900,3,3.679200,1,1.107000,1
2021-03-26,sz.000564,2.7200,2.8800,2.6800,2.8800,2.7400,77207581,220705658.2800,3,3.848900,1,5.109500,1
2021-03-29,sz.000564,2.8700,2.9300,2.7600,2.7900,2.8800,77661400,220706292.0000,3,3.871500,1,-3.125000,1
2021-03-30,sz.000564,2.7300,2.8700,2.6500,2.6700,2.7900,54680510,149323266.8600,3,2.725900,1,-4.301100,1
2021-03-31,sz.000564,2.7000,2.7200,2.5600,2.6800,2.6700,33572298,88458844.8400,3,1.673600,1,0.374500,1
2021-04-01,sz.000564,2.6800,2.8100,2.6800,2.8100,2.6800,42109987,116377571.7100,3,2.099300,1,4.850700,1
2021-04-02,sz.000564,2.8600,2.8900,2.7300,2.7800,2.8100,46421013,129906169.0000,3,2.314200,1,-1.067600,1
2021-04-06,sz.000564,2.7800,2.8400,2.6800,2.7300,2.7800,31957447,87928999.3600,3,1.593100,1,-1.798600,1
2021-04-07,sz.000564,2.7100,2.7400,2.6600,2.7200,2.7300,24916247,67155747.1300,3,1.242100,1,-0.366300,1
2021-04-08,sz.000564,2.7100,2.7400,2.5900,2.6000,2.7200,39186263,104100065.6100,3,1.953500,1,-4.411800,1
2021-04-09,sz.000564,2.5800,2.7300,2.5100,2.7000,2.6000,48146101,127200221.0800,3,2.400200,1,3.846200,1
2021-04-12,sz.000564,2.6700,2.7600,2.5800,2.6000,2.7000,36318401,96420647.6700,3,1.810500,1,-3.703700,1
2021-04-13,sz.000564,2.5800,2.5900,2.4700,2.4700,2.6000,32503400,81915978.5000,3,1.620300,1,-5.000000,1
2021-04-14,sz.000564,2.4000,2.5500,2.4000,2.5000,2.4700,26536400,66192452.0000,3,1.322900,1,1.214600,1
2021-04-15,sz.000564,2.4900,2.6300,2.4400,2.5900,2.5000,32764626,84565896.5700,3,1.633400,1,3.600000,1
2021-04-16,sz.000564,2.5900,2.6000,2.5300,2.5500,2.5900,30861500,78992613.0000,3,1.538500,1,-1.544400,1
2021-04-19,sz.000564,2.5200,2.6100,2.5100,2.5800,2.5500,23836109,61153750.1000,3,1.188300,1,1.176500,1
2021-04-20,sz.000564,2.5700,2.6000,2.5100,2.5400,2.5800,21591730,54995308.6200,3,1.076400,1,-1.550400,1
2021-04-21,sz.000564,2.5700,2.6500,2.5600,2.5900,2.5400,25570215,66231128.3900,3,1.274700,1,1.968500,1
2021-04-22,sz.000564,2.5900,2.6100,2.5400,2.5600,2.5900,15073013,38586927.1500,3,0.751400,1,-1.158300,1
2021-04-23,sz.000564,2.5300,2.5700,2.4500,2.4700,2.5600,21747343,54356669.7800,3,1.084100,1,-3.515600,1
2021-04-26,sz.000564,2.4600,2.4900,2.3500,2.3600,2.4700,30930850,74670769.5000,3,1.542000,1,-4.453400,1
2021-04-27,sz.000564,2.3500,2.3500,2.2400,2.2400,2.3600,40751883,92063370.8800,3,2.031500,1,-5.084700,1
2021-04-28,sz.000564,2.2200,2.3300,2.2200,2.3000,2.2400,24183437,54848397.2500,3,1.205600,1,2.678600,1
2021-04-29,sz.000564,2.2800,2.2900,2.2500,2.2500,2.3000,17968001,40683282.2600,3,0.895700,1,-2.173900,1
2021-04-30,sz.000564,2.2400,2.3500,2.2400,2.3400,2.2500,23917801,55562613.2500,3,1.192300,1,4.000000,1
2021-05-06,sz.000564,2.3300,2.4200,2.3300,2.3800,2.3400,17972300,42845040.0000,3,0.895900,1,1.709400,1
2021-05-07,sz.000564,2.3700,2.4400,2.3500,2.3900,2.3800,20593305,49324471.2000,3,1.026600,1,0.420200,1
2021-05-10,sz.000564,2.4100,2.4800,2.3900,2.4500,2.3900,23767100,58043994.0000,3,1.184800,1,2.510500,1
2021-05-11,sz.000564,2.4300,2.5400,2.4300,2.5200,2.4500,22549869,56284589.1100,3,1.124100,1,2.857100,1
2021-05-12,sz.000564,2.5900,2.5900,2.5200,2.5500,2.5200,21982000,56085599.0000,3,1.095800,1,1.190500,1
2021-05-13,sz.000564,2.5400,2.5500,2.4500,2.4800,2.5500,24048950,60336807.0000,3,1.198900,1,-2.745100,1
2021-05-14,sz.000564,2.4800,2.5400,2.4800,2.5000,2.4800,19300500,48381547.5000,3,0.962200,1,0.806500,1
2021-05-17,sz.000564,2.4500,2.4600,2.3800,2.3800,2.5000,10406200,24833316.0000,3,0.518800,1,-4.800000,1
2021-05-18,sz.000564,2.3200,2.4500,2.3200,2.4400,2.3800,14089715,33783201.7800,3,0.702400,1,2.521000,1
2021-05-19,sz.000564,2.4300,2.4500,2.3600,2.3600,2.4400,14999702,36029862.8400,3,0.747800,1,-3.278700,1
2021-05-20,sz.000564,2.4200,2.4800,2.4200,2.4200,2.3600,31190847,76676945.5500,3,1.554900,1,2.542400,1
2021-05-21,sz.000564,2.3800,2.4100,2.3100,2.3200,2.4200,26737502,62750799.6400,3,1.332900,1,-4.132200,1
2021-05-24,sz.000564,2.3200,2.4200,2.3000,2.3900,2.3200,15034302,35643178.6900,3,0.749500,1,3.017200,1
2021-05-25,sz.000564,2.3900,2.5100,2.3900,2.4900,2.3900,34318673,84673435.5000,3,1.710800,1,4.184100,1
2021-05-26,sz.000564,2.4900,2.5500,2.4600,2.5400,2.4900,29760149,74960119.0300,3,1.483600,1,2.008000,1
2021-05-27,sz.000564,2.5600,2.6700,2.5300,2.6700,2.5400,38116872,100694821.7900,3,1.900200,1,5.118100,1
2021-05-28,sz.000564,2.7500,2.8000,2.7100,2.8000,2.6700,28109370,78138917.9700,3,1.401300,1,4.868900,1
2021-05-31,sz.000564,2.9400,2.9400,2.6600,2.6600,2.8000,85522150,239283362.8800,3,4.263400,1,-5.000000,1
2021-06-01,sz.000564,2.6100,2.7800,2.6100,2.7800,2.6600,54295138,145592345.1100,3,2.706700,1,4.511300,1
2021-06-02,sz.000564,2.7700,2.8800,2.7300,2.7800,2.7800,50109695,140710127.5200,3,2.498000,1,0.000000,1
2021-06-03,sz.000564,2.7900,2.8100,2.6700,2.6800,2.7800,36719345,100027714.2300,3,1.830500,1,-3.597100,1
2021-06-04,sz.000564,2.6600,2.7200,2.5700,2.6300,2.6800,29728950,78743041.5000,3,1.482000,1,-1.865700,1
2021-06-07,sz.000564,2.6400,2.6500,2.5500,2.5800,2.6300,25957400,67170866.0000,3,1.294000,1,-1.901100,1
2021-06-08,sz.000564,2.5800,2.7100,2.5600,2.7100,2.5800,25137463,66831119.7200,3,1.253100,1,5.038800,1
2021-06-09,sz.000564,2.7400,2.7800,2.6900,2.7200,2.7100,30274900,82524878.0000,3,1.509300,1,0.369000,1
2021-06-10,sz.000564,2.7000,2.7600,2.6900,2.7100,2.7200,18901059,51295567.3000,3,0.942200,1,-0.367600,1
2021-06-11,sz.000564,2.6900,2.8300,2.6900,2.8000,2.7100,29244959,81140625.3000,3,1.457900,1,3.321000,1
2021-06-15,sz.000564,2.7800,2.8500,2.7500,2.8200,2.8000,27311028,76779830.6800,3,1.361500,1,0.714300,1
2021-06-16,sz.000564,2.8000,2.8200,2.6800,2.7100,2.8200,20665154,56386936.8900,3,1.030200,1,-3.900700,1
2021-06-17,sz.000564,2.6900,2.7400,2.6800,2.7300,2.7100,11823401,32075788.7000,3,0.589400,1,0.738000,1
2021-06-18,sz.000564,2.7400,2.8000,2.7000,2.7700,2.7300,16201326,44545625.0100,3,0.807700,1,1.465200,1
2021-06-21,sz.000564,2.7500,2.7800,2.7100,2.7300,2.7700,15772927,43267003.7000,3,0.786300,1,-1.444000,1
2021-06-22,sz.000564,2.7400,2.7500,2.6600,2.6700,2.7300,15067850,40650877.0000,3,0.751200,1,-2.197800,1
2021-06-23,sz.000564,2.6700,2.7000,2.6600,2.6700,2.6700,13763800,36806862.0000,3,0.686100,1,0.000000,1
2021-06-24,sz.000564,2.6600,2.6800,2.6000,2.6400,2.6700,18946660,49860849.8100,3,0.944500,1,-1.123600,1
2021-06-25,sz.000564,2.6400,2.6800,2.6300,2.6600,2.6400,13896901,36863030.8900,3,0.692800,1,0.757600,1
2021-06-28,sz.000564,2.6600,2.7200,2.6300,2.6500,2.6600,16472928,43824587.2000,3,0.821200,1,-0.375900,1
2021-06-29,sz.000564,2.6300,2.6400,2.5400,2.5700,2.6500,21093284,54699194.4000,3,1.051500,1,-3.018900,1
2021-06-30,sz.000564,2.5500,2.6500,2.5500,2.5900,2.5700,11403500,29645770.0000,3,0.568500,1,0.778200,1
2021-07-01,sz.000564,2.5900,2.6100,2.5300,2.5700,2.5900,18317400,47011220.0000,3,0.913200,1,-0.772200,1
2021-07-02,sz.000564,2.5600,2.6300,2.5500,2.6000,2.5700,10799100,27961989.9900,3,0.538400,1,1.167300,1
2021-07-05,sz.000564,2.5900,2.6200,2.5400,2.6200,2.6000,12489064,32386439.0400,3,0.622600,1,0.769200,1
2021-07-06,sz.000564,2.6100,2.6500,2.5700,2.6400,2.6200,19612612,51259408.6800,3,0.977700,1,0.763400,1
2021-07-07,sz.000564,2.6300,2.6300,2.5600,2.5900,2.6400,16722300,43382940.0000,3,0.833600,1,-1.893900,1
2021-07-08,sz.000564,2.6000,2.6100,2.5600,2.5600,2.5900,12710755,32767745.8500,3,0.633700,1,-1.158300,1
2021-07-09,sz.000564,2.5600,2.6100,2.5500,2.5900,2.5600,12524799,32367769.8200,3,0.624400,1,1.171900,1
2021-07-12,sz.000564,2.5800,2.5900,2.4700,2.4900,2.5900,21353300,53871578.0000,3,1.064500,1,-3.861000,1
2021-07-13,sz.000564,2.4700,2.5500,2.4600,2.5100,2.4900,21148601,52961232.5000,3,1.054300,1,0.803200,1
2021-07-14,sz.000564,2.5000,2.5200,2.4500,2.4600,2.5100,19862610,49178572.2900,3,0.990200,1,-1.992000,1
2021-07-15,sz.000564,2.4300,2.4800,2.4200,2.4400,2.4600,12363200,30296031.0000,3,0.616300,1,-0.813000,1
2021-07-16,sz.000564,2.4400,2.4600,2.4300,2.4500,2.4400,8832529,21590881.7600,3,0.440300,1,0.409800,1
2021-07-19,sz.000564,2.4500,2.4600,2.4100,2.4100,2.4500,11455328,27773689.7600,3,0.571100,1,-1.632700,1
2021-07-20,sz.000564,2.4000,2.5300,2.3800,2.5300,2.4100,25466133,63710167.1600,3,1.269500,1,4.979300,1
2021-07-21,sz.000564,2.5200,2.5400,2.4800,2.5100,2.5300,21223033,53232999.8400,3,1.058000,1,-0.790500,1
2021-07-22,sz.000564,2.5000,2.5200,2.4800,2.5000,2.5100,9829800,24589561.3800,3,0.490000,1,-0.398400,1
2021-07-23,sz.000564,2.5000,2.5900,2.4900,2.5700,2.5000,19572272,50021247.8000,3,0.975700,1,2.800000,1
2021-07-26,sz.000564,2.5500,2.5600,2.4400,2.4700,2.5700,16492300,41067674.0000,3,0.822200,1,-3.891100,1
2021-07-27,sz.000564,2.4600,2.4800,2.3800,2.3900,2.4700,12618900,30759587.9900,3,0.629100,1,-3.238900,1
2021-07-28,sz.000564,2.3700,2.3800,2.2800,2.3200,2.3900,11578100,26883183.0000,3,0.577200,1,-2.928900,1
2021-07-29,sz.000564,2.3300,2.4000,2.3300,2.3600,2.3200,8848900,20951264.0000,3,0.441100,1,1.724100,1
2021-07-30,sz.000564,2.3700,2.4200,2.3200,2.4000,2.3600,12045900,28484194.0000,3,0.600500,1,1.694900,1
2021-08-02,sz.000564,2.3800,2.4000,2.3300,2.3800,2.4000,12414000,29342652.0000,3,0.618900,1,-0.833300,1
2021-08-03,sz.000564,2.3700,2.3900,2.3400,2.3500,2.3800,11667900,27642415.0000,3,0.581700,1,-1.260500,1
2021-08-04,sz.000564,2.3400,2.3900,2.3300,2.3700,2.3500,10090550,23872360.0000,3,0.503000,1,0.851100,1
2021-08-05,sz.000564,2.3600,2.3700,2.3300,2.3300,2.3700,13679400,32027719.0000,3,0.681900,1,-1.687800,1
2021-08-06,sz.000564,2.3400,2.3500,2.3200,2.3400,2.3300,9153211,21361861.5300,3,0.456300,1,0.429200,1
2021-08-09,sz.000564,2.2800,2.3000,2.2200,2.2200,2.3400,25646500,57219285.0000,3,1.278500,1,-5.128200,1
2021-08-10,sz.000564,2.2200,2.3200,2.2200,2.2900,2.2200,24069800,54860294.0000,3,1.199900,1,3.153200,1
2021-08-11,sz.000564,2.3100,2.4000,2.3000,2.4000,2.2900,15302234,36358616.1400,3,0.762800,1,4.803500,1
2021-08-12,sz.000564,2.4500,2.5200,2.4000,2.4600,2.4000,39334134,97878241.8700,3,1.960900,1,2.500000,1
2021-08-13,sz.000564,2.4400,2.5800,2.4200,2.5500,2.4600,26923045,67225494.5800,3,1.342200,1,3.658500,1
2021-08-16,sz.000564,2.5500,2.5900,2.5000,2.5000,2.5500,16331736,41303121.2400,3,0.814200,1,-1.960800,1
2021-08-17,sz.000564,2.5000,2.5200,2.4400,2.4600,2.5000,11200300,27827254.0000,3,0.558400,1,-1.600000,1
2021-08-18,sz.000564,2.4700,2.5400,2.4400,2.5200,2.4600,10392973,25900679.0400,3,0.518100,1,2.439000,1
2021-08-19,sz.000564,2.5100,2.5400,2.4800,2.4900,2.5200,10560400,26520407.0000,3,0.526500,1,-1.190500,1
2021-08-20,sz.000564,2.4800,2.5200,2.4700,2.4900,2.4900,8665512,21583554.5000,3,0.432000,1,0.000000,1
2021-08-23,sz.000564,2.5000,2.6100,2.4900,2.5800,2.4900,17342205,44360765.3300,3,0.864500,1,3.614500,1
2021-08-24,sz.000564,2.5600,2.6300,2.5500,2.5600,2.5800,12697229,32820105.8200,3,0.633000,1,-0.775200,1
2021-08-25,sz.000564,2.5700,2.6000,2.5400,2.5600,2.5600,10670000,27425047.0000,3,0.531900,1,0.000000,1
2021-08-26,sz.000564,2.5500,2.5900,2.5200,2.5400,2.5600,13002000,33096471.6700,3,0.648200,1,-0.781300,1
2021-08-27,sz.000564,2.5500,2.5700,2.5200,2.5500,2.5400,7660200,19488074.0000,3,0.381900,1,0.393700,1
2021-08-30,sz.000564,2.5400,2.5400,2.4800,2.4900,2.5500,15578150,39152384.5000,3,0.776600,1,-2.352900,1
2021-08-31,sz.000564,2.5200,2.6100,2.5200,2.5700,2.4900,21490400,55372709.0000,3,1.071300,1,3.212900,1
2021-09-01,sz.000564,2.5700,2.6400,2.5300,2.6200,2.5700,18575888,47984103.1800,3,0.926000,1,1.945500,1
2021-09-02,sz.000564,2.6200,2.7200,2.6100,2.6800,2.6200,25747210,68827511.8000,3,1.283500,1,2.290100,1
2021-09-03,sz.000564,2.6700,2.7200,2.6700,2.6900,2.6800,14313900,38587235.0000,3,0.713600,1,0.373100,1
2021-09-06,sz.000564,2.7200,2.8200,2.7000,2.8200,2.6900,32523355,90985877.0800,3,1.621300,1,4.832700,1
2021-09-07,sz.000564,2.8200,2.9600,2.8100,2.9600,2.8200,34014800,99276629.5000,3,1.695700,1,4.964500,1
2021-09-08,sz.000564,3.0500,3.1100,2.8600,2.9100,2.9600,46558881,140360362.4800,3,2.321000,1,-1.689200,1
2021-09-09,sz.000564,3.0100,3.0600,2.9100,3.0600,2.9100,50667321,151313853.0000,3,2.525800,1,5.154600,1
2021-09-10,sz.000564,3.0600,3.2000,3.0200,3.0600,3.0600,38164600,118384015.0000,3,1.902600,1,0.000000,1
2021-09-13,sz.000564,2.9200,2.9700,2.9100,2.9100,3.0600,19344900,56430357.0000,3,0.964400,1,-4.902000,1
2021-09-14,sz.000564,2.8300,2.9100,2.7700,2.8200,2.9100,51774600,146336443.2100,3,2.581000,1,-3.092800,1
2021-09-15,sz.000564,2.8200,2.9600,2.7800,2.9100,2.8200,46618607,135980996.2600,3,2.324000,1,3.191500,1
2021-09-16,sz.000564,3.0600,3.0600,3.0600,3.0600,2.9100,10403075,31833409.5000,3,0.518600,1,5.154600,1
2021-09-17,sz.000564,3.2100,3.2100,3.2100,3.2100,3.0600,5772277,18529009.1700,3,0.287800,1,4.902000,1
2021-09-22,sz.000564,3.3700,3.3700,3.3700,3.3700,3.2100,2981900,10049003.0000,3,0.148700,1,4.984400,1
2021-09-23,sz.000564,3.5400,3.5400,3.2700,3.4400,3.3700,91059740,312264967.0600,3,4.539500,1,2.077200,1
2021-09-24,sz.000564,3.4600,3.6100,3.4600,3.6100,3.4400,73602759,263622134.9000,3,3.669200,1,4.941900,1
2021-09-27,sz.000564,3.5700,3.6500,3.4300,3.4900,3.6100,66637678,233465949.4300,3,3.322000,1,-3.324100,1
2021-09-28,sz.000564,3.5300,3.6600,3.5300,3.6600,3.4900,33262002,120879124.2800,3,1.658200,1,4.871100,1
2021-09-29,sz.000564,3.7300,3.8400,3.7200,3.8400,3.6600,53438565,203739599.8500,3,2.664000,1,4.918000,1
2021-09-30,sz.000564,3.8400,3.8400,3.8400,3.8400,3.8400,0,0.0000,3,,0,0.000000,1
2021-10-08,sz.000564,3.8500,3.8800,3.6500,3.6500,3.8400,49760163,184680125.0000,3,2.480600,1,-4.947900,1
2021-10-11,sz.000564,3.7000,3.8300,3.7000,3.8300,3.6500,35690964,134875532.1000,3,1.779300,1,4.931500,1
2021-10-12,sz.000564,3.8800,4.0200,3.8100,4.0200,3.8300,51586646,204750528.4300,3,2.571700,1,4.960800,1
2021-10-13,sz.000564,4.0300,4.2000,3.8600,3.8600,4.0200,55916415,225818843.3600,3,2.787500,1,-3.980100,1
2021-10-14,sz.000564,3.9000,4.0300,3.8100,3.8700,3.8600,37990958,148894879.0500,3,1.893900,1,0.259100,1
2021-10-15,sz.000564,3.8800,3.9700,3.8400,3.9400,3.8700,21947802,85495952.1200,3,1.094100,1,1.808800,1
2021-10-18,sz.000564,3.9300,4.0600,3.9000,3.9500,3.9400,22491391,88990020.9100,3,1.121200,1,0.253800,1
2021-10-19,sz.000564,3.9300,3.9500,3.8400,3.9300,3.9500,18188600,71051641.7500,3,0.906700,1,-0.506300,1
2021-10-20,sz.000564,3.9100,4.1300,3.9100,4.1300,3.9300,39712464,162020381.0400,3,1.979700,1,5.089100,1
2021-10-21,sz.000564,4.0700,4.1100,4.0000,4.0800,4.1300,25853600,104778642.0000,3,1.288800,1,-1.210700,1
2021-10-22,sz.000564,4.0800,4.2600,4.0600,4.1600,4.0800,26188040,109292738.5000,3,1.305500,1,1.960800,1
2021-10-25,sz.000564,4.1500,4.2700,4.1100,4.1700,4.1600,29359540,122779772.8000,3,1.463600,1,0.240400,1
2021-10-26,sz.000564,4.1400,4.1600,3.9600,3.9900,4.1700,33781700,135715841.0000,3,1.684100,1,-4.316500,1
2021-10-27,sz.000564,3.9500,4.1300,3.9400,4.0800,3.9900,22415402,90345355.9200,3,1.117400,1,2.255600,1
2021-10-28,sz.000564,4.0800,4.1300,4.0000,4.0000,4.0800,14965439,60919710.7300,3,0.746100,1,-1.960800,1
2021-10-29,sz.000564,3.9900,4.0300,3.8600,3.9500,4.0000,21182850,83657505.0000,3,1.056000,1,-1.250000,1
2021-11-01,sz.000564,4.0400,4.1500,4.0100,4.0900,3.9500,23580985,96756389.1000,3,1.175600,1,3.544300,1
2021-11-02,sz.000564,4.1000,4.2500,4.0300,4.1100,4.0900,26306950,108506290.5000,3,1.311400,1,0.489000,1
2021-11-03,sz.000564,4.1000,4.1200,3.9900,4.0900,4.1100,17531000,71046810.0000,3,0.873900,1,-0.486600,1
2021-11-04,sz.000564,4.0800,4.1700,4.0600,4.1300,4.0900,13878700,57084165.0000,3,0.691900,1,0.978000,1
2021-11-05,sz.000564,4.1100,4.3000,4.1000,4.1900,4.1300,19459376,81941551.6800,3,0.970100,1,1.452800,1
2021-11-08,sz.000564,4.1700,4.2200,4.1100,4.1400,4.1900,14319900,59478008.0000,3,0.713900,1,-1.193300,1
2021-11-09,sz.000564,4.1300,4.1700,4.0800,4.1200,4.1400,14332264,59000879.4000,3,0.714500,1,-0.483100,1
2021-11-10,sz.000564,4.1100,4.1300,4.0500,4.0900,4.1200,11481140,46909165.2000,3,0.572400,1,-0.728200,1
2021-11-11,sz.000564,4.1000,4.1700,4.0900,4.1100,4.0900,12837517,52924075.8100,3,0.640000,1,0.489000,1
2021-11-12,sz.000564,4.0900,4.1300,4.0800,4.1200,4.1100,10739644,44014977.9600,3,0.535400,1,0.243300,1
2021-11-15,sz.000564,4.1400,4.1500,4.0100,4.0700,4.1200,17607588,71915368.6600,3,0.877800,1,-1.213600,1
2021-11-16,sz.000564,4.0800,4.2700,4.0700,4.2400,4.0700,32309924,136025618.7800,3,1.610700,1,4.176900,1
2021-11-17,sz.000564,4.2400,4.4400,4.1900,4.4200,4.2400,30143918,130696570.5300,3,1.502700,1,4.245300,1
2021-11-18,sz.000564,4.3800,4.4600,4.3200,4.3500,4.4200,22858494,100103601.2400,3,1.139500,1,-1.583700,1
2021-11-19,sz.000564,4.3200,4.3800,4.2700,4.3500,4.3500,13867159,59956272.7000,3,0.691300,1,0.000000,1
2021-11-22,sz.000564,4.3500,4.4900,4.3500,4.4000,4.3500,21526683,95230168.2000,3,1.073100,1,1.149400,1
2021-11-23,sz.000564,4.3900,4.5000,4.3600,4.4700,4.4000,16404267,72942969.1600,3,0.817800,1,1.590900,1
2021-11-24,sz.000564,4.4800,4.5600,4.4500,4.5000,4.4700,16994660,76340815.5000,3,0.847200,1,0.671100,1
2021-11-25,sz.000564,4.5000,4.5100,4.3500,4.3500,4.5000,21008211,92803970.9700,3,1.047300,1,-3.333300,1
2021-11-26,sz.000564,4.3700,4.4400,4.3500,4.4200,4.3500,17016244,74763824.7200,3,0.848300,1,1.609200,1
2021-11-29,sz.000564,4.3800,4.5000,4.3600,4.4200,4.4200,15395048,68227668.6400,3,0.767500,1,0.000000,1
2021-11-30,sz.000564,4.5000,4.6100,4.4800,4.5400,4.4200,22754571,103361812.7300,3,1.134400,1,2.714900,1
2021-12-01,sz.000564,4.5200,4.7700,4.5200,4.7700,4.5400,30126565,141400822.7100,3,1.501900,1,5.066100,1
2021-12-02,sz.000564,4.8300,5.0000,4.6600,4.7600,4.7700,44450888,217090666.0400,3,2.215900,1,-0.209600,1
2021-12-03,sz.000564,4.7800,4.9500,4.7700,4.8400,4.7600,26171212,126933674.7200,3,1.304700,1,1.680700,1
2021-12-06,sz.000564,4.8000,4.9000,4.7000,4.7200,4.8400,20423300,97732680.6700,3,1.018100,1,-2.479300,1
2021-12-07,sz.000564,4.7200,4.8400,4.7100,4.7800,4.7200,14003850,66689126.9900,3,0.698100,1,1.271200,1
2021-12-08,sz.000564,4.7900,4.8100,4.7200,4.8000,4.7800,10415429,49703390.8300,3,0.519200,1,0.418400,1
2021-12-09,sz.000564,4.8000,4.8700,4.7500,4.7600,4.8000,11191950,53614688.5000,3,0.557900,1,-0.833300,1
2021-12-10,sz.000564,4.7600,4.7700,4.6300,4.7000,4.7600,16462530,77425811.8300,3,0.820700,1,-1.260500,1
2021-12-13,sz.000564,4.6900,4.7300,4.4700,4.5500,4.7000,32022741,147483273.3800,3,1.596400,1,-3.191500,1
2021-12-14,sz.000564,4.5800,4.6500,4.5300,4.6200,4.5500,13876599,63646880.3900,3,0.691800,1,1.538500,1
2021-12-15,sz.000564,4.6200,4.6200,4.3900,4.3900,4.6200,36502083,162861893.6600,3,1.819700,1,-4.978400,1
2021-12-16,sz.000564,4.3500,4.4400,4.1700,4.2400,4.3900,64928583,275351708.4300,3,3.236800,1,-3.416900,1
2021-12-17,sz.000564,4.2800,4.4500,4.2600,4.4500,4.2400,29711300,130063896.0000,3,1.481200,1,4.952800,1
2021-12-20,sz.000564,4.3800,4.5500,4.3400,4.5500,4.4500,37259100,164735734.0000,3,1.857400,1,2.247200,1
2021-12-21,sz.000564,4.5800,4.6500,4.3600,4.4200,4.5500,33483192,150222469.8000,3,1.669200,1,-2.857100,1
2021-12-22,sz.000564,4.3900,4.4400,4.2800,4.3400,4.4200,23063101,100467010.2800,3,1.149700,1,-1.810000,1
2021-12-23,sz.000564,4.3100,4.3800,4.2500,4.3300,4.3400,15335320,66217124.2800,3,0.764500,1,-0.230400,1
2021-12-24,sz.000564,4.3100,4.3400,4.1100,4.1500,4.3300,36395081,152205639.4300,3,1.814400,1,-4.157000,1
2021-12-27,sz.000564,4.1400,4.3400,4.1000,4.2600,4.1500,41108819,172916029.4000,3,2.049300,1,2.650600,1
2021-12-28,sz.000564,4.2400,4.2700,4.0500,4.0900,4.2600,41693396,173346622.9600,3,2.078500,1,-3.990600,1
2021-12-29,sz.000564,4.1600,4.2900,4.1200,4.2800,4.0900,49566466,210024501.4200,3,2.471000,1,4.645500,1
2021-12-30,sz.000564,4.2800,4.2800,4.2800,4.2800,4.2800,0,0.0000,3,,0,0.000000,1
2021-12-31,sz.000564,1.7100,1.7100,1.7100,1.7100,1.8000,7360600,12586626.0000,3,0.048500,1,-5.000000,1
