date,code,open,high,low,close,preclose,volume,amount,adjustflag,turn,tradestatus,pctChg,isST
2021-01-04,sz.002858,10.7000,10.8600,10.6500,10.6900,10.6800,3021218,32467513.2200,3,3.164500,1,0.093600,0
2021-01-05,sz.002858,10.7700,10.7700,10.4600,10.6600,10.6900,2558600,27124851.0000,3,2.679900,1,-0.280600,0
2021-01-06,sz.002858,10.6500,10.7500,10.3500,10.4200,10.6600,3253500,34354038.2800,3,3.407800,1,-2.251400,0
2021-01-07,sz.002858,10.4000,10.5700,10.0100,10.2300,10.4200,3058300,31427432.0000,3,3.203300,1,-1.823400,0
2021-01-08,sz.002858,10.2400,10.4500,10.0000,10.2900,10.2300,2084600,21343557.0000,3,2.183500,1,0.586500,0
2021-01-11,sz.002858,10.2500,10.2600,9.8600,9.9300,10.2900,2440700,24485231.0000,3,2.556500,1,-3.498500,0
2021-01-12,sz.002858,9.9600,10.1300,9.7100,10.0000,9.9300,1962500,19459115.0000,3,2.055600,1,0.704900,0
2021-01-13,sz.002858,9.9700,10.0800,9.6100,10.0100,10.0000,2412214,23722898.1400,3,2.526600,1,0.100000,0
2021-01-14,sz.002858,10.0000,10.0000,9.7200,9.7500,10.0100,1604800,15730007.0000,3,1.680900,1,-2.597400,0
2021-01-15,sz.002858,9.7200,10.1600,9.6800,10.0900,9.7500,3027400,30272704.0000,3,3.171000,1,3.487200,0
2021-01-18,sz.002858,10.0200,10.5500,9.9000,10.3400,10.0900,2366800,24463284.0000,3,2.479000,1,2.477700,0
2021-01-19,sz.002858,10.2400,10.9600,10.2000,10.6800,10.3400,3344818,35719604.3400,3,3.503400,1,3.288200,0
2021-01-20,sz.002858,10.6800,11.2600,10.4000,11.0900,10.6800,5420800,59139378.0000,3,5.677900,1,3.839000,0
2021-01-21,sz.002858,11.0000,11.9900,11.0000,11.7700,11.0900,6851800,79273231.0000,3,7.176700,1,6.131700,0
2021-01-22,sz.002858,11.7700,12.4900,11.6100,12.2500,11.7700,5615200,67852232.0000,3,5.881500,1,4.078200,0
2021-01-25,sz.002858,12.2700,12.8500,11.3600,12.4700,12.2500,9927800,120810913.0000,3,10.398600,1,1.795900,0
2021-01-26,sz.002858,12.4000,12.5500,12.1000,12.3500,12.4700,3439100,42330886.0000,3,3.602200,1,-0.962300,0
2021-01-27,sz.002858,12.2100,12.3000,11.3600,11.5800,12.3500,4739200,55685578.0000,3,4.964000,1,-6.234800,0
2021-01-28,sz.002858,11.3500,12.0600,11.1600,11.6600,11.5800,4300800,50773188.0000,3,4.504800,1,0.690800,0
2021-01-29,sz.002858,11.8300,12.1400,11.4700,11.9900,11.6600,3621900,42935135.0000,3,3.724900,1,2.830200,0
2021-02-01,sz.002858,11.5000,12.1000,11.5000,11.8500,11.9900,2342700,27788674.0000,3,2.409400,1,-1.167600,0
2021-02-02,sz.002858,12.0800,12.1000,11.6600,12.0600,11.8500,2839900,33811201.0000,3,2.920700,1,1.772200,0
2021-02-03,sz.002858,11.8800,12.5500,11.7800,12.4600,12.0600,4683400,57346033.0000,3,4.816700,1,3.316700,0
2021-02-04,sz.002858,12.3700,13.3500,12.3700,13.1700,12.4600,3413200,44287361.0000,3,3.510300,1,5.698200,0
2021-02-05,sz.002858,13.3000,13.3800,12.9000,13.2000,13.1700,3097900,40862147.0000,3,3.186000,1,0.227800,0
2021-02-08,sz.002858,13.2000,13.7300,13.0000,13.7100,13.2000,3125700,42156671.0000,3,3.214600,1,3.863600,0
2021-02-09,sz.002858,13.7100,13.8700,13.1000,13.4600,13.7100,1997700,26979947.0000,3,2.054500,1,-1.823500,0
2021-02-10,sz.002858,13.4600,13.5800,13.1700,13.4500,13.4600,2019200,26997519.0000,3,2.076600,1,-0.074300,0
2021-02-18,sz.002858,13.2100,13.9000,13.1600,13.7800,13.4500,2283000,31316316.0000,3,2.348000,1,2.453500,0
2021-02-19,sz.002858,13.9300,13.9300,13.2300,13.5200,13.7800,2075600,28253986.0000,3,2.134700,1,-1.886800,0
2021-02-22,sz.002858,13.5200,14.3700,13.4000,13.9700,13.5200,3379867,47363641.8300,3,3.476000,1,3.328400,0
2021-02-23,sz.002858,13.9700,14.3000,13.8100,13.8600,13.9700,1323100,18543483.0000,3,1.360700,1,-0.787400,0
2021-02-24,sz.002858,13.7300,14.1900,13.5300,13.6800,13.8600,1819000,24992341.0000,3,1.870800,1,-1.298700,0
2021-02-25,sz.002858,13.6900,14.3600,13.6400,14.1200,13.6800,3746000,52679654.0000,3,3.852600,1,3.216400,0
2021-02-26,sz.002858,14.1200,14.4100,13.7700,14.0800,14.1200,2363900,33605848.0000,3,2.431200,1,-0.283300,0
2021-03-01,sz.002858,14.0800,14.4900,13.3100,13.7000,14.0800,3868500,53469621.5700,3,3.978600,1,-2.698900,0
2021-03-02,sz.002858,13.6900,14.0200,13.5800,13.8800,13.7000,1799600,24846850.0000,3,1.850800,1,1.313900,0
2021-03-03,sz.002858,13.7300,14.2400,13.7300,14.1000,13.8800,1439100,20170110.0000,3,1.480000,1,1.585000,0
2021-03-04,sz.002858,14.1000,14.4500,14.0300,14.3900,14.1000,2096200,29991769.0000,3,2.155800,1,2.056700,0
2021-03-05,sz.002858,14.3000,14.9700,14.1400,14.5900,14.3900,2704012,39450331.6000,3,2.780900,1,1.389900,0
2021-03-08,sz.002858,14.6600,15.0900,14.4400,14.7300,14.5900,2381000,35254695.0000,3,2.448700,1,0.959600,0
2021-03-09,sz.002858,14.8400,14.9800,14.3300,14.6900,14.7300,1634200,23987970.5300,3,1.680700,1,-0.271600,0
2021-03-10,sz.002858,14.7000,14.8800,14.5100,14.6700,14.6900,1153400,16976967.0000,3,1.186200,1,-0.136100,0
2021-03-11,sz.002858,14.6600,14.6600,14.2100,14.2600,14.6700,1983000,28575162.0000,3,2.039400,1,-2.794800,0
2021-03-12,sz.002858,14.2000,14.5500,14.1000,14.4000,14.2600,1607200,23078703.0000,3,1.652900,1,0.981800,0
2021-03-15,sz.002858,14.4000,14.5400,14.0000,14.3400,14.4000,1219600,17433926.0000,3,1.254300,1,-0.416700,0
2021-03-16,sz.002858,14.3400,14.8600,14.2300,14.7200,14.3400,1807300,26505216.0000,3,1.858700,1,2.649900,0
2021-03-17,sz.002858,14.5700,14.8800,14.2000,14.3400,14.7200,2187512,31757874.8400,3,2.249800,1,-2.581500,0
2021-03-18,sz.002858,14.2000,14.7500,14.1200,14.1300,14.3400,1731900,24857294.0000,3,1.781200,1,-1.464400,0
2021-03-19,sz.002858,14.1300,14.4100,13.8500,14.1800,14.1300,1186212,16862276.2400,3,1.220000,1,0.353900,0
2021-03-22,sz.002858,14.1900,14.4300,13.9100,14.0700,14.1800,2049800,29040097.0000,3,2.108100,1,-0.775700,0
2021-03-23,sz.002858,13.9600,14.5000,13.6500,14.3900,14.0700,2846200,39600809.0000,3,2.927200,1,2.274300,0
2021-03-24,sz.002858,14.1600,14.6900,13.9300,14.0100,14.3900,3198592,45637669.0000,3,3.289600,1,-2.640700,0
2021-03-25,sz.002858,14.0000,14.1500,13.8000,13.8900,14.0100,642811,8957966.2400,3,0.661100,1,-0.856500,0
2021-03-26,sz.002858,13.8600,14.0200,13.3300,13.5000,13.8900,2445200,33233250.0000,3,2.514800,1,-2.807800,0
2021-03-29,sz.002858,13.6000,13.8400,13.2400,13.7900,13.5000,1909800,26173161.0000,3,1.964100,1,2.148100,0
2021-03-30,sz.002858,13.7900,13.9500,13.4500,13.7700,13.7900,954900,13120242.0000,3,0.982100,1,-0.145000,0
2021-03-31,sz.002858,13.7700,13.9100,13.5700,13.8800,13.7700,898500,12402061.0000,3,0.924100,1,0.798800,0
2021-04-01,sz.002858,13.7500,14.0600,13.7200,13.9400,13.8800,662000,9233852.0000,3,0.680800,1,0.432300,0
2021-04-02,sz.002858,13.9000,14.0700,13.5100,13.9500,13.9400,574700,7970558.0000,3,0.591100,1,0.071700,0
2021-04-06,sz.002858,13.7700,14.0400,13.7400,13.9500,13.9500,1054900,14633571.0000,3,1.084900,1,0.000000,0
2021-04-07,sz.002858,13.8600,14.0300,13.8100,13.9100,13.9500,648000,9029369.0000,3,0.666400,1,-0.286700,0
2021-04-08,sz.002858,13.9000,14.0000,13.7700,13.9500,13.9100,712400,9936717.0000,3,0.732700,1,0.287600,0
2021-04-09,sz.002858,13.8500,14.0500,13.8100,13.9200,13.9500,525600,7333609.0000,3,0.540600,1,-0.215100,0
2021-04-12,sz.002858,13.9800,13.9800,13.7600,13.7800,13.9200,664647,9212983.6600,3,0.683600,1,-1.005700,0
2021-04-13,sz.002858,13.7700,13.8200,13.3300,13.4600,13.7800,829500,11220457.0000,3,0.853100,1,-2.322200,0
2021-04-14,sz.002858,13.4900,13.5400,12.6200,12.7100,13.4600,2616108,33805931.3200,3,2.690500,1,-5.572100,0
2021-04-15,sz.002858,12.8800,13.0800,12.6100,12.7300,12.7100,1231700,15760215.0000,3,1.266700,1,0.157400,0
2021-04-16,sz.002858,12.8700,13.9500,12.7600,13.7300,12.7300,3021208,40560555.2000,3,3.107200,1,7.855500,0
2021-04-19,sz.002858,13.7000,14.1300,13.3500,13.8700,13.7300,2506808,34685716.2000,3,2.578100,1,1.019700,0
2021-04-20,sz.002858,13.6700,14.0700,13.6700,14.0000,13.8700,1078700,15055463.0000,3,1.109400,1,0.937300,0
2021-04-21,sz.002858,13.9800,14.2600,13.8400,13.9700,14.0000,1338500,18871915.0000,3,1.376600,1,-0.214300,0
2021-04-22,sz.002858,13.9700,14.1100,13.8500,13.9700,13.9700,1915000,26817872.0000,3,1.969500,1,0.000000,0
2021-04-23,sz.002858,14.1600,14.1600,13.8500,13.8600,13.9700,919500,12813767.0000,3,0.945700,1,-0.787400,0
2021-04-26,sz.002858,13.8800,14.0600,13.4900,13.7000,13.8600,1445400,19957296.0000,3,1.486500,1,-1.154400,0
2021-04-27,sz.002858,13.6900,13.7200,13.3500,13.4500,13.7000,788100,10627165.0000,3,0.810500,1,-1.824800,0
2021-04-28,sz.002858,13.7200,14.0100,13.3500,13.3700,13.4500,954500,12948576.0000,3,0.981700,1,-0.594800,0
2021-04-29,sz.002858,13.6400,13.6400,12.9600,13.1000,13.3700,1635900,21612266.0000,3,1.682400,1,-2.019400,0
2021-04-30,sz.002858,12.9000,13.3000,12.8000,12.9500,13.1000,2071814,26993534.9800,3,2.130800,1,-1.145000,0
2021-05-06,sz.002858,12.7500,14.2500,12.6000,14.2400,12.9500,5149000,71329221.0000,3,5.295500,1,9.961400,0
2021-05-07,sz.002858,14.0200,15.6600,14.0200,15.6600,14.2400,8884900,134022533.0000,3,9.137700,1,9.971900,0
2021-05-10,sz.002858,15.9500,16.4500,14.7700,16.3500,15.6600,11197365,177048131.4800,3,11.515900,1,4.406100,0
2021-05-11,sz.002858,15.3500,16.7600,15.3200,15.8200,16.3500,9826547,160157585.1900,3,10.106100,1,-3.241600,0
2021-05-12,sz.002858,15.9400,17.3600,15.4100,16.4900,15.8200,8611114,141729339.5200,3,8.856100,1,4.235100,0
2021-05-13,sz.002858,16.4500,16.7100,16.1500,16.4200,16.4900,5130000,84440481.0000,3,5.276000,1,-0.424500,0
2021-05-14,sz.002858,16.6300,16.6300,15.9600,15.9700,16.4200,3346200,54074916.0000,3,3.441400,1,-2.740600,0
2021-05-17,sz.002858,16.1500,16.4500,15.1600,15.9800,15.9700,7958800,125171781.0000,3,8.185200,1,0.062600,0
2021-05-18,sz.002858,16.0500,16.0500,14.3800,14.8900,15.9800,8913700,132187726.0000,3,9.167300,1,-6.821000,0
2021-05-19,sz.002858,14.4400,15.2400,14.4400,15.0000,14.8900,4938900,74149252.0000,3,5.079400,1,0.738800,0
2021-05-20,sz.002858,14.7000,16.0200,14.5000,15.1700,15.0000,4949700,75334730.0000,3,5.090500,1,1.133300,0
2021-05-21,sz.002858,15.1500,15.1500,14.5500,14.6000,15.1700,3349700,49627889.0000,3,3.445000,1,-3.757400,0
2021-05-24,sz.002858,15.1900,15.6200,14.4200,14.4200,14.6000,3622600,53480280.0000,3,3.725700,1,-1.232900,0
2021-05-25,sz.002858,14.6300,15.2000,13.9900,15.0700,14.4200,4408400,65467464.0000,3,4.533800,1,4.507600,0
2021-05-26,sz.002858,15.0300,15.2900,14.5200,14.6000,15.0700,2952900,43983389.0000,3,3.036900,1,-3.118800,0
2021-05-27,sz.002858,14.6500,14.7600,14.2500,14.4500,14.6000,3618900,52254413.0000,3,3.721900,1,-1.027400,0
2021-05-28,sz.002858,14.4500,14.8800,14.2500,14.5700,14.4500,2373884,34558470.7100,3,2.441400,1,0.830400,0
2021-05-31,sz.002858,14.5700,15.4000,14.4100,15.3800,14.5700,8164392,123117394.6000,3,8.396700,1,5.559400,0
2021-06-01,sz.002858,15.2800,15.7000,15.2500,15.3300,15.3800,3100300,47908247.0000,3,3.188500,1,-0.325100,0
2021-06-02,sz.002858,15.1500,15.7600,15.1100,15.5800,15.3300,4750300,73571239.0000,3,4.885500,1,1.630800,0
2021-06-03,sz.002858,15.3000,15.8800,15.2200,15.7900,15.5800,3702400,58340842.0000,3,3.807700,1,1.347900,0
2021-06-04,sz.002858,15.6400,15.9600,14.2100,14.2100,15.7900,7820911,115533192.4200,3,8.043400,1,-10.006300,0
2021-06-07,sz.002858,14.2200,14.5500,13.3300,13.4100,14.2100,8033800,111306011.0000,3,8.262400,1,-5.629800,0
2021-06-08,sz.002858,13.6800,14.1900,13.4400,13.8300,13.4100,4104500,56717486.0000,3,4.221300,1,3.132000,0
2021-06-09,sz.002858,13.8300,13.8300,13.2100,13.3400,13.8300,4904618,66123210.3200,3,5.044200,1,-3.543000,0
2021-06-10,sz.002858,13.4000,13.9500,13.3500,13.6700,13.3400,3185800,43411973.0000,3,3.276400,1,2.473800,0
2021-06-11,sz.002858,13.9500,14.1300,13.5100,13.6000,13.6700,5446211,75151066.2500,3,5.601200,1,-0.512100,0
2021-06-15,sz.002858,13.6000,13.9500,13.4200,13.6700,13.6000,3386700,46380016.3400,3,3.483100,1,0.514700,0
2021-06-16,sz.002858,13.8300,14.0100,13.6000,13.8900,13.6700,5158958,71394281.8200,3,5.305700,1,1.609400,0
2021-06-17,sz.002858,13.8900,14.9800,13.7100,14.3800,13.8900,6638447,96008722.0400,3,6.827300,1,3.527700,0
2021-06-18,sz.002858,14.4700,15.8200,14.4700,15.8200,14.3800,16576647,258367795.9600,3,17.048300,1,10.013900,0
2021-06-21,sz.002858,15.6600,16.6400,15.0000,16.4900,15.8200,13884788,219706383.2800,3,14.279800,1,4.235100,0
2021-06-22,sz.002858,16.6600,17.7200,16.5100,17.2300,16.4900,12123380,206984815.6000,3,12.468300,1,4.487600,0
2021-06-23,sz.002858,17.3700,18.7400,17.2000,17.9900,17.2300,9301400,167670957.2500,3,9.566000,1,4.410900,0
2021-06-24,sz.002858,18.2500,18.4100,17.2000,18.0000,17.9900,6634939,119672073.7700,3,6.823700,1,0.055600,0
2021-06-25,sz.002858,18.3600,18.9500,17.8700,18.3000,18.0000,6333900,116526159.0000,3,6.514100,1,1.666700,0
2021-06-28,sz.002858,18.3100,18.8800,17.5500,18.5400,18.3000,5714300,103906441.0000,3,5.876900,1,1.311500,0
2021-06-29,sz.002858,18.5000,19.4900,18.4300,18.5400,18.5400,4335800,82239142.0000,3,4.459200,1,0.000000,0
2021-06-30,sz.002858,18.6400,18.9700,18.0200,18.2100,18.5400,4090700,75206265.0000,3,4.207100,1,-1.779900,0
2021-07-01,sz.002858,18.6000,18.6000,17.4200,17.6000,18.2100,3800600,67548954.0000,3,3.908700,1,-3.349800,0
2021-07-02,sz.002858,17.8100,18.0100,17.3200,17.9500,17.6000,2966500,52528249.0000,3,3.050900,1,1.988600,0
2021-07-05,sz.002858,18.1000,18.1000,16.8700,17.0000,17.9500,4457000,76725911.0000,3,4.583800,1,-5.292500,0
2021-07-06,sz.002858,17.2000,17.4400,16.6000,16.7800,17.0000,3780400,64002243.0000,3,3.888000,1,-1.294100,0
2021-07-07,sz.002858,16.5800,16.9300,16.4500,16.6400,16.7800,4466700,74360291.0000,3,4.593800,1,-0.834300,0
2021-07-08,sz.002858,16.6400,17.5900,16.1800,17.3900,16.6400,8165600,138822850.0000,3,8.397900,1,4.507200,0
2021-07-09,sz.002858,17.3000,17.3000,16.0600,16.2000,17.3900,6180900,101910971.0000,3,6.356800,1,-6.843000,0
2021-07-12,sz.002858,16.1900,17.8200,16.0000,17.8200,16.2000,5080400,86447476.0000,3,5.224900,1,10.000000,0
2021-07-13,sz.002858,18.5200,18.7800,17.5100,17.9000,17.8200,5507100,98892586.0000,3,5.663800,1,0.448900,0
2021-07-14,sz.002858,17.9600,18.4500,17.6300,17.8100,17.9000,3821000,68793152.0000,3,3.929700,1,-0.502800,0
2021-07-15,sz.002858,17.7800,18.0100,16.9000,17.1900,17.8100,5717300,99245171.0000,3,5.880000,1,-3.481200,0
2021-07-16,sz.002858,17.1700,17.6500,16.7000,16.8400,17.1900,5018100,85636602.0000,3,5.160900,1,-2.036100,0
2021-07-19,sz.002858,17.2200,17.2800,16.5400,16.7300,16.8400,3382000,56941411.0000,3,3.478200,1,-0.653200,0
2021-07-20,sz.002858,16.5600,16.9600,16.4600,16.8000,16.7300,2010800,33645700.0000,3,2.068000,1,0.418400,0
2021-07-21,sz.002858,16.8000,16.9800,16.3000,16.7100,16.8000,3050800,50654787.0000,3,3.137600,1,-0.535700,0
2021-07-22,sz.002858,16.8600,16.9100,16.3000,16.4600,16.7100,2760900,45802557.0000,3,2.839500,1,-1.496100,0
2021-07-23,sz.002858,17.0000,18.1100,16.3200,18.1100,16.4600,7527953,131943617.8300,3,7.742100,1,10.024300,0
2021-07-26,sz.002858,18.5500,18.9500,17.7000,17.8800,18.1100,10103800,183323278.0000,3,10.391300,1,-1.270000,0
2021-07-27,sz.002858,17.8700,18.0300,16.0900,16.1600,17.8800,9406800,157031858.0000,3,9.674400,1,-9.619700,0
2021-07-28,sz.002858,16.1200,16.1500,14.5400,14.6100,16.1600,7970500,119191206.1200,3,8.197300,1,-9.591600,0
2021-07-29,sz.002858,14.6600,15.7500,14.6600,15.4700,14.6100,5858900,89444308.0000,3,6.025600,1,5.886400,0
2021-07-30,sz.002858,15.6600,15.6600,14.9300,15.0300,15.4700,3581292,54235554.0000,3,3.683200,1,-2.844200,0
2021-08-02,sz.002858,15.3000,16.0800,14.6200,15.5400,15.0300,4406618,67232106.9000,3,4.532000,1,3.393200,0
2021-08-03,sz.002858,15.5100,17.0900,15.5000,17.0900,15.5400,5844200,98725229.0000,3,6.010500,1,9.974300,0
2021-08-04,sz.002858,18.8000,18.8000,18.8000,18.8000,17.0900,3111500,58496200.0000,3,3.200000,1,10.005900,0
2021-08-05,sz.002858,18.6000,19.2000,17.2000,17.6000,18.8000,17449700,315791689.0000,3,17.946200,1,-6.383000,0
2021-08-06,sz.002858,17.0300,17.7300,16.5300,17.2800,17.6000,8754949,150615202.7200,3,9.004000,1,-1.818200,0
2021-08-09,sz.002858,17.3700,17.5500,16.7700,16.9400,17.2800,5447318,92793717.9400,3,5.602300,1,-1.967600,0
2021-08-10,sz.002858,17.0300,17.1600,16.6000,16.7900,16.9400,4874400,82224526.1000,3,5.013100,1,-0.885500,0
2021-08-11,sz.002858,16.7500,18.3900,16.6000,18.0300,16.7900,8290900,145408103.0000,3,8.526800,1,7.385300,0
2021-08-12,sz.002858,17.8700,19.6600,17.8100,18.8500,18.0300,10179900,191407596.6000,3,10.469500,1,4.548000,0
2021-08-13,sz.002858,18.8500,18.9800,18.1500,18.4200,18.8500,5302257,97786117.5900,3,5.453100,1,-2.281200,0
2021-08-16,sz.002858,18.5400,19.1100,17.8000,18.0300,18.4200,4441407,81579153.1600,3,4.567800,1,-2.117300,0
2021-08-17,sz.002858,18.3700,18.3700,17.0000,17.3900,18.0300,3129100,55184363.0000,3,3.218100,1,-3.549600,0
2021-08-18,sz.002858,17.6600,18.4000,17.1800,17.8000,17.3900,5879908,104063274.2600,3,6.047200,1,2.357700,0
2021-08-19,sz.002858,18.0200,18.6700,17.5200,18.1000,17.8000,6189503,112257944.7200,3,6.365600,1,1.685400,0
2021-08-20,sz.002858,18.0000,18.2900,17.2000,17.6800,18.1000,5500200,96865805.0000,3,5.656700,1,-2.320400,0
2021-08-23,sz.002858,17.6600,18.0100,17.1700,17.5400,17.6800,4610400,81134891.0000,3,4.741600,1,-0.791900,0
2021-08-24,sz.002858,17.4800,17.5000,16.8000,17.1600,17.5400,3306100,56707381.0000,3,3.400200,1,-2.166500,0
2021-08-25,sz.002858,17.1600,17.3500,16.9000,17.1100,17.1600,2778900,47516608.0000,3,2.858000,1,-0.291400,0
2021-08-26,sz.002858,17.2800,17.2800,16.6100,16.6500,17.1100,2919000,49050177.0000,3,3.002100,1,-2.688500,0
2021-08-27,sz.002858,16.6500,17.3000,16.1800,16.3600,16.6500,4558925,76083799.0000,3,4.688600,1,-1.741700,0
2021-08-30,sz.002858,16.4900,16.9500,15.8000,15.8700,16.3600,6117800,99617795.0000,3,6.291900,1,-2.995100,0
2021-08-31,sz.002858,15.8000,16.1200,15.4300,15.6800,15.8700,4242425,66741787.2500,3,4.363100,1,-1.197200,0
2021-09-01,sz.002858,15.7300,15.9300,15.0000,15.2000,15.6800,4903400,75241804.0000,3,5.042900,1,-3.061200,0
2021-09-02,sz.002858,15.2000,15.2600,14.3500,14.7700,15.2000,6150973,90755489.2800,3,6.326000,1,-2.828900,0
2021-09-03,sz.002858,14.7600,15.0000,14.5600,14.7700,14.7700,3796014,56049294.8000,3,3.904000,1,0.000000,0
2021-09-06,sz.002858,14.7700,14.8100,14.1800,14.7100,14.7700,3607750,52512177.0000,3,3.710400,1,-0.406200,0
2021-09-07,sz.002858,14.7600,14.8300,14.4500,14.7200,14.7100,3233700,47286261.0000,3,3.325700,1,0.068000,0
2021-09-08,sz.002858,14.6800,15.9500,14.6300,15.6700,14.7200,6673870,102505651.9000,3,6.863800,1,6.453800,0
2021-09-09,sz.002858,15.6600,15.8800,15.2500,15.4500,15.6700,4730300,73239429.0000,3,4.864900,1,-1.404000,0
2021-09-10,sz.002858,15.4700,15.6200,14.7600,14.8100,15.4500,4418600,66362658.0000,3,4.544300,1,-4.142400,0
2021-09-13,sz.002858,14.8900,15.3100,14.7100,15.0400,14.8100,2461700,37078155.0000,3,2.531700,1,1.553000,0
2021-09-14,sz.002858,14.9800,15.0700,14.6100,14.6800,15.0400,2645470,39189805.6000,3,2.720700,1,-2.393600,0
2021-09-15,sz.002858,14.7300,14.8000,14.4500,14.6600,14.6800,1742700,25477964.0000,3,1.792300,1,-0.136200,0
2021-09-16,sz.002858,14.8900,15.2700,14.5600,14.6300,14.6600,4454800,66724282.0000,3,4.581600,1,-0.204600,0
2021-09-17,sz.002858,14.6100,14.6400,13.6100,14.0200,14.6300,4946800,69525400.0000,3,5.087500,1,-4.169500,0
2021-09-22,sz.002858,14.0000,14.3100,13.8100,14.1700,14.0200,1705340,23992147.6000,3,1.753900,1,1.069900,0
2021-09-23,sz.002858,14.2700,14.5300,14.0700,14.3900,14.1700,1504200,21602033.0000,3,1.547000,1,1.552600,0
2021-09-24,sz.002858,14.3900,14.7000,14.2100,14.6200,14.3900,2211300,31961012.0000,3,2.274200,1,1.598300,0
2021-09-27,sz.002858,14.5000,15.1400,14.4000,14.9500,14.6200,3237400,47797067.0000,3,3.329500,1,2.257200,0
2021-09-28,sz.002858,14.9600,15.6000,14.4500,14.8200,14.9500,3327200,49741037.7000,3,3.421900,1,-0.869600,0
2021-09-29,sz.002858,14.7000,14.7500,13.8700,13.9000,14.8200,3023100,43059967.0000,3,3.109100,1,-6.207800,0
2021-09-30,sz.002858,14.0000,15.1800,13.9800,15.0700,13.9000,6082600,89804851.0000,3,6.255700,1,8.417300,0
2021-10-08,sz.002858,15.1500,15.7100,15.1500,15.5800,15.0700,3715800,57456105.0000,3,3.821500,1,3.384200,0
2021-10-11,sz.002858,15.4800,16.0900,14.9100,15.7700,15.5800,4773100,74241686.0000,3,4.908900,1,1.219500,0
2021-10-12,sz.002858,15.7700,16.0900,15.5400,15.8200,15.7700,1877600,29572236.0000,3,1.931000,1,0.317100,0
2021-10-13,sz.002858,15.9200,16.0000,15.5000,15.6100,15.8200,1720600,27013927.0000,3,1.769600,1,-1.327400,0
2021-10-14,sz.002858,15.4600,15.8500,15.4000,15.8100,15.6100,1795400,28158630.0000,3,1.846500,1,1.281200,0
2021-10-15,sz.002858,15.8800,15.8800,15.5000,15.5900,15.8100,1132000,17672057.0000,3,1.164200,1,-1.391500,0
2021-10-18,sz.002858,15.7900,15.8300,15.4000,15.4600,15.5900,1464000,22846402.0000,3,1.505700,1,-0.833900,0
2021-10-19,sz.002858,15.8000,16.1400,15.4300,15.5900,15.4600,2995100,47259682.0000,3,3.080300,1,0.840900,0
2021-10-20,sz.002858,15.5600,15.7400,15.1600,15.1700,15.5900,1761800,26954414.0000,3,1.811900,1,-2.694000,0
2021-10-21,sz.002858,15.3000,15.4500,15.1100,15.1600,15.1700,958500,14550815.0000,3,0.985800,1,-0.065900,0
2021-10-22,sz.002858,15.1000,15.1600,14.4000,14.7000,15.1600,2129700,31181835.0000,3,2.190300,1,-3.034300,0
2021-10-25,sz.002858,14.6900,14.7100,14.2000,14.3500,14.7000,1581200,22703182.0000,3,1.626200,1,-2.381000,0
2021-10-26,sz.002858,14.3000,15.2300,14.2500,14.3800,14.3500,1679000,24461349.0000,3,1.726800,1,0.209100,0
2021-10-27,sz.002858,14.4600,14.6700,14.0700,14.1100,14.3800,1193800,16905387.0000,3,1.227800,1,-1.877600,0
2021-10-28,sz.002858,14.2600,14.5200,13.7000,14.3300,14.1100,2352900,33207445.0000,3,2.419800,1,1.559200,0
2021-10-29,sz.002858,14.7200,14.7200,13.9100,13.9400,14.3300,2032200,28474692.0000,3,2.090000,1,-2.721600,0
2021-11-01,sz.002858,14.1000,14.3000,13.8300,14.1900,13.9400,1212700,17168154.0000,3,1.247200,1,1.793400,0
2021-11-02,sz.002858,14.2800,14.4500,13.8500,13.9200,14.1900,1334000,18794940.0000,3,1.372000,1,-1.902700,0
2021-11-03,sz.002858,14.1900,14.1900,13.8500,14.0400,13.9200,729400,10214121.0000,3,0.750200,1,0.862100,0
2021-11-04,sz.002858,14.2000,14.3600,14.0200,14.3200,14.0400,1435800,20418733.0000,3,1.476700,1,1.994300,0
2021-11-05,sz.002858,14.5000,14.5600,13.9500,14.0000,14.3200,1556300,21899248.0000,3,1.600600,1,-2.234600,0
2021-11-08,sz.002858,14.1500,14.1500,14.0000,14.0800,14.0000,691661,9744444.4900,3,0.711300,1,0.571400,0
2021-11-09,sz.002858,14.2500,14.2500,13.9800,14.1100,14.0800,820300,11541308.0000,3,0.843600,1,0.213100,0
2021-11-10,sz.002858,14.0800,14.3000,14.0800,14.1800,14.1100,957200,13574730.0000,3,0.984400,1,0.496100,0
2021-11-11,sz.002858,14.2100,14.5500,14.1400,14.5000,14.1800,1278600,18382304.0000,3,1.315000,1,2.256700,0
2021-11-12,sz.002858,14.5200,15.3100,14.4100,15.2300,14.5000,2568500,38450358.0000,3,2.641600,1,5.034500,0
2021-11-15,sz.002858,15.2300,15.8500,15.1900,15.6900,15.2300,2827725,44279443.2500,3,2.908200,1,3.020400,0
2021-11-16,sz.002858,15.8700,16.5100,15.8000,15.9500,15.6900,3431905,55228191.6500,3,3.529600,1,1.657100,0
2021-11-17,sz.002858,15.8400,16.5500,15.8000,15.9500,15.9500,2983090,48045623.5000,3,3.068000,1,0.000000,0
2021-11-18,sz.002858,16.0300,16.2300,15.8200,15.9300,15.9500,2168350,34614070.5000,3,2.230000,1,-0.125400,0
2021-11-19,sz.002858,15.9500,15.9800,15.6000,15.7500,15.9300,1951800,30774648.0000,3,2.007300,1,-1.129900,0
2021-11-22,sz.002858,15.7900,16.1000,15.5800,15.8100,15.7500,1781300,28157168.0000,3,1.832000,1,0.381000,0
2021-11-23,sz.002858,15.8000,15.9800,15.4300,15.8900,15.8100,1489300,23410658.0000,3,1.531700,1,0.506000,0
2021-11-24,sz.002858,15.8200,17.4800,15.8200,17.4800,15.8900,5648500,96457315.7600,3,5.809200,1,10.006300,0
2021-11-25,sz.002858,17.5400,18.0400,16.7600,17.1800,17.4800,7635300,131885236.0000,3,7.852500,1,-1.716200,0
2021-11-26,sz.002858,17.1800,17.6800,16.8100,17.4900,17.1800,3414400,58969517.0000,3,3.511500,1,1.804400,0
2021-11-29,sz.002858,17.1400,17.4000,16.7900,16.9800,17.4900,3470400,59029021.0000,3,3.569100,1,-2.916000,0
2021-11-30,sz.002858,17.0400,17.2000,16.7300,16.9100,16.9800,2087646,35352951.3200,3,2.147000,1,-0.412200,0
2021-12-01,sz.002858,16.7400,17.3300,16.6300,17.2000,16.9100,2242900,38255871.0000,3,2.306700,1,1.715000,0
2021-12-02,sz.002858,17.3300,17.3300,16.8200,16.9500,17.2000,1443300,24492413.0300,3,1.484400,1,-1.453500,0
2021-12-03,sz.002858,16.9600,17.0800,16.7000,16.8500,16.9500,1832900,30867996.0000,3,1.885100,1,-0.590000,0
2021-12-06,sz.002858,16.8800,18.5400,16.8700,18.5400,16.8500,5288916,96497242.4000,3,5.439400,1,10.029700,0
2021-12-07,sz.002858,18.5100,18.9500,17.7100,17.9800,18.5400,7409275,135042605.0000,3,7.620100,1,-3.020500,0
2021-12-08,sz.002858,17.9000,18.2000,17.6500,17.9600,17.9800,2898400,51917058.0000,3,2.980900,1,-0.111200,0
2021-12-09,sz.002858,18.0200,18.5500,17.9400,18.1800,17.9600,3304500,60243006.0000,3,3.398500,1,1.224900,0
2021-12-10,sz.002858,18.1800,19.2800,17.9700,18.8800,18.1800,3812400,71531522.0000,3,3.920900,1,3.850400,0
2021-12-13,sz.002858,18.8800,19.0800,18.5600,18.9800,18.8800,2157134,40679975.6000,3,2.218500,1,0.529700,0
2021-12-14,sz.002858,18.8800,20.3600,18.8200,19.7800,18.9800,4217500,83759192.1500,3,4.337500,1,4.215000,0
2021-12-15,sz.002858,19.9100,20.2200,19.2200,19.6900,19.7800,2574693,50900945.0400,3,2.648000,1,-0.455000,0
2021-12-16,sz.002858,19.8800,20.0900,19.5200,19.7600,19.6900,1632725,32223889.7500,3,1.679200,1,0.355500,0
2021-12-17,sz.002858,19.6800,19.7400,19.1100,19.2000,19.7600,2480317,47942839.8000,3,2.550900,1,-2.834000,0
2021-12-20,sz.002858,19.2000,19.3600,18.0500,18.1000,19.2000,3760561,69326204.6800,3,3.867600,1,-5.729200,0
2021-12-21,sz.002858,18.2500,18.5200,17.7900,18.1400,18.1000,2940950,53364208.2900,3,3.024600,1,0.221000,0
2021-12-22,sz.002858,18.1400,18.9800,18.1400,18.5500,18.1400,2757900,51129778.0000,3,2.836400,1,2.260200,0
2021-12-23,sz.002858,18.7000,20.4100,16.7000,17.3800,18.5500,17619501,326861207.2800,3,18.120800,1,-6.307300,0
2021-12-24,sz.002858,16.1000,16.6000,15.6400,15.6400,17.3800,10508216,168026844.2000,3,10.807200,1,-10.011500,0
2021-12-27,sz.002858,15.2000,16.0800,15.0500,15.7400,15.6400,4924150,76663664.7800,3,5.064300,1,0.639400,0
2021-12-28,sz.002858,15.6400,15.9600,15.1900,15.4300,15.7400,2965983,46116734.8500,3,3.050400,1,-1.969500,0
2021-12-29,sz.002858,15.4000,15.7500,15.1500,15.2000,15.4300,2612200,39961705.0000,3,2.686500,1,-1.490600,0
2021-12-30,sz.002858,15.2000,15.6800,15.1800,15.3400,15.2000,2832500,43662205.0000,3,2.913100,1,0.921100,0
2021-12-31,sz.002858,15.3400,15.4800,15.2000,15.2800,15.3400,2034638,31143689.7800,3,2.092500,1,-0.391100,0
