date,code,open,high,low,close,preclose,volume,amount,adjustflag,turn,tradestatus,pctChg,isST
2021-01-04,sz.002902,12.9900,13.3200,12.9400,13.2700,13.0900,2730561,35978663.2000,3,2.040600,1,1.375100,0
2021-01-05,sz.002902,13.1900,13.7600,13.1000,13.3300,13.2700,4186241,55887243.6000,3,3.128500,1,0.452100,0
2021-01-06,sz.002902,13.3000,13.3000,12.8000,12.8400,13.3300,2931750,37952092.5000,3,2.191000,1,-3.675900,0
2021-01-07,sz.002902,12.7000,12.8300,12.1500,12.3500,12.8400,2673860,33219929.1000,3,1.998300,1,-3.816200,0
2021-01-08,sz.002902,12.2700,12.8000,12.1500,12.5100,12.3500,2333608,29317218.4200,3,1.744000,1,1.295500,0
2021-01-11,sz.002902,12.4400,12.7000,12.0400,12.0900,12.5100,2510550,30900449.0000,3,1.876200,1,-3.357300,0
2021-01-12,sz.002902,12.1000,12.4300,11.9200,12.2000,12.0900,1687758,20609830.0800,3,1.261300,1,0.909800,0
2021-01-13,sz.002902,12.1900,12.1900,11.7100,11.7600,12.2000,2135450,25396817.0000,3,1.595900,1,-3.606600,0
2021-01-14,sz.002902,11.7600,12.0800,11.5100,11.9000,11.7600,2564688,30359510.4400,3,1.916700,1,1.190500,0
2021-01-15,sz.002902,11.8800,12.6000,11.8800,12.3200,11.9000,3512900,43352800.8200,3,2.625300,1,3.529400,0
2021-01-18,sz.002902,12.3300,12.6000,12.3000,12.4900,12.3200,2312500,28811572.0000,3,1.728200,1,1.379900,0
2021-01-19,sz.002902,12.4100,12.9700,12.4100,12.8000,12.4900,3233750,41137456.0000,3,2.416700,1,2.482000,0
2021-01-20,sz.002902,12.8100,12.9000,12.5900,12.7100,12.8000,1745050,22215379.0000,3,1.304100,1,-0.703100,0
2021-01-21,sz.002902,12.6600,12.9400,12.6300,12.6600,12.7100,2126750,27183434.0000,3,1.589400,1,-0.393400,0
2021-01-22,sz.002902,12.6500,12.7800,12.3300,12.3600,12.6600,1820050,22670079.5000,3,1.360200,1,-2.369700,0
2021-01-25,sz.002902,12.3600,12.3600,11.8400,11.8500,12.3600,2259300,27155473.0000,3,1.688400,1,-4.126200,0
2021-01-26,sz.002902,12.0200,12.2700,11.8100,11.9700,11.8500,1712645,20531352.9500,3,1.279900,1,1.012700,0
2021-01-27,sz.002902,12.0000,12.1100,11.7000,11.7500,11.9700,1554200,18458426.5000,3,1.161500,1,-1.837900,0
2021-01-28,sz.002902,11.6000,11.9500,11.5000,11.7000,11.7500,1274450,15012030.5000,3,0.952400,1,-0.425500,0
2021-01-29,sz.002902,11.7000,11.8300,11.2500,11.3600,11.7000,1710050,19561580.5000,3,1.278000,1,-2.906000,0
2021-02-01,sz.002902,11.3500,11.5700,11.1200,11.2100,11.3600,1191850,13439948.0000,3,0.890700,1,-1.320400,0
2021-02-02,sz.002902,11.2000,11.3900,10.9000,11.1100,11.2100,1333600,14829209.5000,3,0.996600,1,-0.892100,0
2021-02-03,sz.002902,11.2000,11.2000,10.6600,10.6800,11.1100,1533200,16659538.0000,3,1.145800,1,-3.870400,0
2021-02-04,sz.002902,10.6800,10.8200,10.2200,10.3900,10.6800,1903630,19906913.2200,3,1.422600,1,-2.715400,0
2021-02-05,sz.002902,10.4300,10.8400,10.1300,10.1400,10.3900,1648480,17279568.9000,3,1.232000,1,-2.406200,0
2021-02-08,sz.002902,10.1900,10.5800,10.0700,10.1800,10.1400,2144721,22053104.0400,3,1.602800,1,0.394500,0
2021-02-09,sz.002902,10.2700,10.3800,10.1000,10.2900,10.1800,1633653,16685085.8000,3,1.220900,1,1.080600,0
2021-02-10,sz.002902,10.2700,10.5500,10.2500,10.3600,10.2900,1232050,12759045.0000,3,0.920800,1,0.680300,0
2021-02-18,sz.002902,10.4600,10.9400,10.4600,10.8200,10.3600,2322105,25014590.3500,3,1.735400,1,4.440200,0
2021-02-19,sz.002902,10.7100,11.3400,10.7100,11.3300,10.8200,2699200,30092717.0500,3,2.017200,1,4.713500,0
2021-02-22,sz.002902,11.3600,12.1100,11.3600,11.6200,11.3300,3831511,45014510.9700,3,2.863400,1,2.559600,0
2021-02-23,sz.002902,11.7800,11.8400,11.3400,11.6600,11.6200,2267600,26227697.0000,3,1.694600,1,0.344200,0
2021-02-24,sz.002902,11.6200,11.8400,11.5000,11.7700,11.6600,1886976,22162451.3700,3,1.410200,1,0.943400,0
2021-02-25,sz.002902,11.9500,12.0000,11.5000,11.5100,11.7700,1616750,18761564.5000,3,1.208200,1,-2.209000,0
2021-02-26,sz.002902,11.3300,12.0900,11.3300,11.8000,11.5100,2631000,31084219.5000,3,1.966200,1,2.519500,0
2021-03-01,sz.002902,11.8100,11.9900,11.7900,11.8400,11.8000,2071755,24593017.5500,3,1.548300,1,0.339000,0
2021-03-02,sz.002902,11.8600,11.9600,11.5500,11.7200,11.8400,1623000,19011787.4500,3,1.212900,1,-1.013500,0
2021-03-03,sz.002902,11.7900,11.8800,11.6300,11.7600,11.7200,1480845,17364652.2000,3,1.106700,1,0.341300,0
2021-03-04,sz.002902,11.6900,11.8500,11.5500,11.6100,11.7600,1900106,22216510.3000,3,1.420000,1,-1.275500,0
2021-03-05,sz.002902,11.6300,12.3500,11.6200,12.0200,11.6100,4023759,48276521.9800,3,3.007100,1,3.531400,0
2021-03-08,sz.002902,12.0700,12.2700,11.7900,11.9200,12.0200,2635288,31665700.0000,3,1.969400,1,-0.831900,0
2021-03-09,sz.002902,11.9900,12.0000,10.7300,11.4900,11.9200,2450050,28397540.0000,3,1.831000,1,-3.607400,0
2021-03-10,sz.002902,11.5900,11.6500,11.0000,11.1100,11.4900,1807806,20264445.7800,3,1.351000,1,-3.307200,0
2021-03-11,sz.002902,11.0200,11.2700,10.9100,11.2000,11.1100,1565350,17401458.5000,3,1.169800,1,0.810100,0
2021-03-12,sz.002902,11.2400,11.2400,11.0000,11.2100,11.2000,1580050,17520694.0000,3,1.180800,1,0.089300,0
2021-03-15,sz.002902,11.0900,11.0900,10.6700,10.8100,11.2100,3511801,38112667.2900,3,2.624500,1,-3.568200,0
2021-03-16,sz.002902,10.7800,11.1600,10.7700,11.0800,10.8100,3035151,33301413.9900,3,2.268300,1,2.497700,0
2021-03-17,sz.002902,11.2500,11.3400,11.1200,11.2500,11.0800,2535550,28496197.5000,3,1.894900,1,1.534300,0
2021-03-18,sz.002902,11.3500,11.5200,11.1800,11.1800,11.2500,2176300,24538751.5000,3,1.626400,1,-0.622200,0
2021-03-19,sz.002902,11.0800,11.3500,11.0300,11.1900,11.1800,1908123,21382689.6800,3,1.426000,1,0.089400,0
2021-03-22,sz.002902,11.2900,11.6100,11.2200,11.4800,11.1900,2963250,33913258.5000,3,2.214500,1,2.591600,0
2021-03-23,sz.002902,11.5100,11.5700,11.2400,11.3800,11.4800,2330400,26532759.5000,3,1.741600,1,-0.871100,0
2021-03-24,sz.002902,11.4600,11.6900,11.0500,11.5800,11.3800,3027812,34331938.0600,3,2.262800,1,1.757500,0
2021-03-25,sz.002902,11.6100,11.6100,11.0000,11.1000,11.5800,3896156,43639339.8000,3,2.911700,1,-4.145100,0
2021-03-26,sz.002902,11.1200,11.1600,10.9400,11.0500,11.1000,2079610,22952187.5000,3,1.554200,1,-0.450500,0
2021-03-29,sz.002902,11.0200,11.0600,10.8400,10.8900,11.0500,1555650,17020680.5000,3,1.162600,1,-1.448000,0
2021-03-30,sz.002902,10.8900,10.8900,10.5000,10.5100,10.8900,2199969,23291199.2600,3,1.644100,1,-3.489400,0
2021-03-31,sz.002902,10.4700,10.6400,10.4500,10.5500,10.5100,1527900,16086360.5000,3,1.141800,1,0.380600,0
2021-04-01,sz.002902,10.5300,10.7500,10.5300,10.6100,10.5500,1830060,19475147.9400,3,1.367700,1,0.568700,0
2021-04-02,sz.002902,10.6000,10.9300,10.5600,10.8100,10.6100,1944176,20897416.4600,3,1.452900,1,1.885000,0
2021-04-06,sz.002902,10.8800,11.1300,10.8200,11.0600,10.8100,2230350,24542686.5000,3,1.666800,1,2.312700,0
2021-04-07,sz.002902,11.0100,11.1300,11.0000,11.0400,11.0600,1574150,17392613.0000,3,1.176400,1,-0.180800,0
2021-04-08,sz.002902,11.1100,11.1100,10.9000,10.9800,11.0400,1729940,19037172.9400,3,1.292800,1,-0.543500,0
2021-04-09,sz.002902,10.9700,11.0300,10.8000,11.0000,10.9800,1864354,20334988.5800,3,1.393300,1,0.182100,0
2021-04-12,sz.002902,10.9600,10.9600,10.6500,10.8800,11.0000,1500900,16217973.0000,3,1.121700,1,-1.090900,0
2021-04-13,sz.002902,10.8200,10.8200,10.4400,10.4500,10.8800,2122250,22388440.5000,3,1.586000,1,-3.952200,0
2021-04-14,sz.002902,10.5100,10.5800,10.3400,10.5400,10.4500,1780800,18695205.0000,3,1.330800,1,0.861200,0
2021-04-15,sz.002902,10.4000,10.6100,10.4000,10.5000,10.5400,1984350,20885615.5000,3,1.483000,1,-0.379500,0
2021-04-16,sz.002902,10.5000,10.9300,10.5000,10.9100,10.5000,3156850,33981778.8000,3,2.359200,1,3.904800,0
2021-04-19,sz.002902,10.9100,11.1600,10.9100,11.1100,10.9100,3285282,36418312.2500,3,2.455200,1,1.833200,0
2021-04-20,sz.002902,11.1600,11.2400,11.0300,11.0300,11.1100,2033232,22598786.6000,3,1.519500,1,-0.720100,0
2021-04-21,sz.002902,11.0400,11.1700,10.9100,10.9300,11.0300,1569654,17271882.6600,3,1.173100,1,-0.906600,0
2021-04-22,sz.002902,10.9400,11.3300,10.9300,11.1500,10.9300,2789850,31120578.5000,3,2.084900,1,2.012800,0
2021-04-23,sz.002902,11.1000,11.1100,10.8000,10.9000,11.1500,1894250,20636749.5000,3,1.415600,1,-2.242200,0
2021-04-26,sz.002902,10.9200,11.0800,10.7500,10.9300,10.9000,1397819,15287918.6700,3,1.044600,1,0.275200,0
2021-04-27,sz.002902,10.9300,10.9300,10.6000,10.7700,10.9300,1845800,19777126.5000,3,1.379400,1,-1.463900,0
2021-04-28,sz.002902,10.7100,10.8300,10.4800,10.5000,10.7700,1892951,19995715.0100,3,1.414700,1,-2.507000,0
2021-04-29,sz.002902,10.5400,10.6600,10.4700,10.4700,10.5000,1794187,18930662.0500,3,1.340900,1,-0.285700,0
2021-04-30,sz.002902,10.5400,10.5900,10.1500,10.2300,10.4700,2344700,24133068.5000,3,1.752300,1,-2.292300,0
2021-05-06,sz.002902,10.2300,10.3600,10.1700,10.2500,10.2300,1268961,12998845.7300,3,0.948300,1,0.195500,0
2021-05-07,sz.002902,10.2500,10.3800,10.1900,10.2300,10.2500,1541800,15840759.5000,3,1.152200,1,-0.195100,0
2021-05-10,sz.002902,10.2300,10.3900,10.1900,10.2900,10.2300,1751100,18044762.0000,3,1.308700,1,0.586500,0
2021-05-11,sz.002902,10.3000,10.4700,10.2800,10.4200,10.2900,1812301,18814669.4100,3,1.354400,1,1.263400,0
2021-05-12,sz.002902,10.4500,10.5000,10.3100,10.4600,10.4200,1484900,15456977.0000,3,1.109700,1,0.383900,0
2021-05-13,sz.002902,10.3700,10.5600,10.1800,10.3700,10.4600,2266400,23622992.5000,3,1.693800,1,-0.860400,0
2021-05-14,sz.002902,10.3500,10.5500,10.3500,10.5200,10.3700,2722171,28523498.8700,3,2.034400,1,1.446500,0
2021-05-17,sz.002902,10.5200,10.6000,10.2500,10.3500,10.5200,2441021,25301497.7700,3,1.824300,1,-1.616000,0
2021-05-18,sz.002902,10.3500,10.3700,10.2200,10.3500,10.3500,1603200,16558982.5000,3,1.198100,1,0.000000,0
2021-05-19,sz.002902,10.3500,10.4800,10.2900,10.3700,10.3500,2062132,21415982.2000,3,1.541100,1,0.193200,0
2021-05-20,sz.002902,10.4400,10.4400,10.2000,10.2100,10.3700,2169400,22267039.0000,3,1.621300,1,-1.542900,0
2021-05-21,sz.002902,10.2200,10.6000,10.1000,10.3500,10.2100,2493250,25888899.5000,3,1.863300,1,1.371200,0
2021-05-24,sz.002902,10.3800,10.5900,10.3700,10.5600,10.3500,2742171,28723920.3600,3,2.049300,1,2.029000,0
2021-05-25,sz.002902,10.5600,10.6400,10.5000,10.5800,10.5600,2434000,25742291.0000,3,1.819000,1,0.189400,0
2021-05-26,sz.002902,10.6600,10.8900,10.5500,10.7400,10.5800,3367632,36199131.2200,3,2.516700,1,1.512300,0
2021-05-27,sz.002902,10.6900,11.1600,10.6700,11.1100,10.7400,5262142,57801674.0800,3,3.932600,1,3.445100,0
2021-05-28,sz.002902,11.0600,11.6800,10.9600,11.1800,11.1100,8648754,97505101.1700,3,6.463500,1,0.630100,0
2021-05-31,sz.002902,11.0500,11.4800,11.0500,11.4400,11.1800,6691406,76087162.9000,3,5.000700,1,2.325600,0
2021-06-01,sz.002902,11.3300,11.3900,11.0800,11.2400,11.4400,4784606,53785470.7000,3,3.575700,1,-1.748300,0
2021-06-02,sz.002902,11.1900,11.4900,11.1200,11.2700,11.2400,3631260,41007935.8000,3,2.713800,1,0.266900,0
2021-06-03,sz.002902,11.1800,11.5100,11.1400,11.1800,11.2700,5422174,61475578.2900,3,4.052200,1,-0.798600,0
2021-06-04,sz.002902,11.0900,12.3000,11.0300,12.3000,11.1800,10970564,129216711.6600,3,8.198700,1,10.017900,0
2021-06-07,sz.002902,12.9000,13.5300,12.5000,12.5600,12.3000,23676050,307067797.5900,3,17.693900,1,2.113800,0
2021-06-08,sz.002902,12.1600,13.8200,12.1600,13.8200,12.5600,23134049,303879974.7700,3,17.288800,1,10.031800,0
2021-06-09,sz.002902,13.5500,14.6500,13.2800,14.0600,13.8200,27615096,385566648.5900,3,20.637600,1,1.736600,0
2021-06-10,sz.002902,13.6100,14.0300,13.2900,13.8200,14.0600,15769282,216877489.5100,3,11.784900,1,-1.707000,0
2021-06-11,sz.002902,13.7800,13.7800,12.8000,13.0300,13.8200,15374344,202895787.8100,3,11.489700,1,-5.716400,0
2021-06-15,sz.002902,13.0300,13.3200,12.8000,13.2000,13.0300,9381712,123006299.9600,3,7.011300,1,1.304700,0
2021-06-16,sz.002902,13.0300,13.7800,12.8600,13.5900,13.2000,12374656,166620506.9200,3,9.248000,1,2.954500,0
2021-06-17,sz.002902,13.4200,14.3700,13.1200,13.6600,13.5900,12790874,174361179.2200,3,9.559000,1,0.515100,0
2021-06-18,sz.002902,13.6500,13.6500,13.0400,13.1500,13.6600,8915532,117850691.4500,3,6.662900,1,-3.733500,0
2021-06-21,sz.002902,13.0500,13.4500,12.7200,13.4200,13.1500,7813197,103034765.5200,3,5.839100,1,2.053200,0
2021-06-22,sz.002902,13.3500,13.6000,13.0200,13.1200,13.4200,6450840,85051555.9000,3,4.820900,1,-2.235500,0
2021-06-23,sz.002902,13.0200,13.6000,12.8400,13.5300,13.1200,9854568,131510303.2800,3,7.364600,1,3.125000,0
2021-06-24,sz.002902,13.6400,13.8500,13.2000,13.2000,13.5300,8064408,108978243.8000,3,6.026800,1,-2.439000,0
2021-06-25,sz.002902,13.2800,13.4500,12.8100,12.9800,13.2000,6072250,79039100.7000,3,4.538000,1,-1.666700,0
2021-06-28,sz.002902,12.9000,12.9900,12.1000,12.7800,12.9800,7262850,91605441.5000,3,5.427800,1,-1.540800,0
2021-06-29,sz.002902,12.6400,12.7400,12.3000,12.3600,12.7800,4879950,60739907.5000,3,3.646900,1,-3.286400,0
2021-06-30,sz.002902,12.3700,12.9400,12.3700,12.6900,12.3600,5816750,74062988.5000,3,4.347000,1,2.669900,0
2021-07-01,sz.002902,12.5800,12.8800,12.0000,12.1000,12.6900,5158179,63935002.2900,3,3.854900,1,-4.649300,0
2021-07-02,sz.002902,12.0200,12.3400,11.9500,12.1500,12.1000,2909700,35450314.0000,3,2.174500,1,0.413200,0
2021-07-05,sz.002902,12.1500,12.6700,12.1100,12.6400,12.1500,4651129,58053081.6600,3,3.475900,1,4.032900,0
2021-07-06,sz.002902,12.6400,12.7900,12.4300,12.6700,12.6400,3641365,45954810.0300,3,2.721300,1,0.237300,0
2021-07-07,sz.002902,12.5700,13.3000,12.2600,12.9400,12.6700,7647262,97542524.9800,3,5.715000,1,2.131000,0
2021-07-08,sz.002902,13.0800,13.1300,12.6300,12.6400,12.9400,5026950,64144160.5000,3,3.756800,1,-2.318400,0
2021-07-09,sz.002902,12.5000,12.7700,12.2600,12.3100,12.6400,4425400,55077048.0000,3,3.307200,1,-2.610800,0
2021-07-12,sz.002902,12.3700,13.5400,12.3700,13.5400,12.3100,9396038,123996169.7800,3,7.022000,1,9.991900,0
2021-07-13,sz.002902,13.5400,14.2600,13.2100,13.9500,13.5400,18753870,256047853.6600,3,14.015400,1,3.028100,0
2021-07-14,sz.002902,13.7100,13.9800,13.4000,13.4500,13.9500,9670650,131950968.0000,3,7.227200,1,-3.584200,0
2021-07-15,sz.002902,13.6600,14.4500,13.2000,14.1800,13.4500,16704250,231624609.4400,3,12.483600,1,5.427500,0
2021-07-16,sz.002902,14.0400,14.6800,13.8100,13.8100,14.1800,11789418,166124590.3400,3,8.810600,1,-2.609300,0
2021-07-19,sz.002902,13.6200,14.2200,13.2800,13.8800,13.8100,9023050,123604226.5100,3,6.743200,1,0.506900,0
2021-07-20,sz.002902,13.8700,13.9900,13.5300,13.6400,13.8800,5922499,81091878.2800,3,4.426100,1,-1.729100,0
2021-07-21,sz.002902,13.7100,14.0300,13.6100,13.9200,13.6400,7833400,108601652.8700,3,5.854100,1,2.052800,0
2021-07-22,sz.002902,13.9200,13.9200,13.3500,13.3800,13.9200,10261262,138879283.9000,3,7.668600,1,-3.879300,0
2021-07-23,sz.002902,13.3800,13.5400,13.1100,13.2000,13.3800,7951700,105613597.0000,3,5.942600,1,-1.345300,0
2021-07-26,sz.002902,13.0000,13.3900,12.6800,12.9000,13.2000,5664400,73991464.5000,3,4.233200,1,-2.272700,0
2021-07-27,sz.002902,12.9000,14.1900,12.8500,14.1900,12.9000,13754919,190042351.5500,3,10.279500,1,10.000000,0
2021-07-28,sz.002902,14.7500,15.6100,14.6100,15.6100,14.1900,9761707,149979458.5900,3,7.295200,1,10.007000,0
2021-07-29,sz.002902,17.1700,17.1700,16.2800,16.8000,15.6100,54468187,923766315.9900,3,40.705800,1,7.623300,0
2021-07-30,sz.002902,15.1300,15.8800,15.1200,15.1200,16.8000,40515718,623865840.6900,3,30.278700,1,-10.000000,0
2021-08-02,sz.002902,14.3700,15.3100,14.3700,15.3000,15.1200,27110793,404397898.9400,3,20.260800,1,1.190500,0
2021-08-03,sz.002902,15.0400,15.1200,14.0900,14.6700,15.3000,19596944,288206062.2200,3,14.645400,1,-4.117600,0
2021-08-04,sz.002902,14.3100,14.9000,14.3000,14.8900,14.6700,14430117,212281733.1200,3,10.784100,1,1.499700,0
2021-08-05,sz.002902,14.8600,14.8600,14.3300,14.5800,14.8900,10915456,158832294.2800,3,8.157500,1,-2.081900,0
2021-08-06,sz.002902,14.5400,14.8500,14.0900,14.7200,14.5800,15000132,218487045.9400,3,11.210100,1,0.960200,0
2021-08-09,sz.002902,14.5200,14.8800,14.3500,14.6700,14.7200,9549499,139284687.2500,3,7.136600,1,-0.339700,0
2021-08-10,sz.002902,14.6700,14.8500,14.4400,14.6300,14.6700,9850906,144106571.7800,3,7.361900,1,-0.272700,0
2021-08-11,sz.002902,14.6400,14.7400,14.1600,14.4800,14.6300,9728250,139779694.0000,3,7.270200,1,-1.025300,0
2021-08-12,sz.002902,14.3600,14.7100,14.3100,14.3800,14.4800,9071700,131783550.0000,3,6.779600,1,-0.690600,0
2021-08-13,sz.002902,14.2200,14.3600,13.8100,13.9800,14.3800,10722450,150851961.5000,3,8.013200,1,-2.781600,0
2021-08-16,sz.002902,13.8300,14.1800,13.7500,13.9700,13.9800,6120872,85761236.7600,3,4.574300,1,-0.071500,0
2021-08-17,sz.002902,13.8800,13.9700,13.1100,13.2000,13.9700,8296200,112147783.5000,3,6.200000,1,-5.511800,0
2021-08-18,sz.002902,13.1200,13.5500,13.0500,13.5400,13.2000,6978900,92647843.5000,3,5.215600,1,2.575800,0
2021-08-19,sz.002902,13.4000,13.8700,13.3500,13.6000,13.5400,6449900,88093821.0000,3,4.820200,1,0.443100,0
2021-08-20,sz.002902,13.5500,13.8500,13.3500,13.7000,13.6000,5917256,80914522.2800,3,4.422200,1,0.735300,0
2021-08-23,sz.002902,13.6900,13.9900,13.5700,13.9800,13.7000,5477556,75881125.7200,3,4.093600,1,2.043800,0
2021-08-24,sz.002902,13.9800,14.0900,13.6100,13.8500,13.9800,6457400,89215961.0000,3,4.882700,1,-0.929900,0
2021-08-25,sz.002902,13.7800,13.7800,13.3800,13.4700,13.8500,6565901,88627948.4300,3,4.964800,1,-2.743700,0
2021-08-26,sz.002902,13.5400,13.5800,13.1400,13.1600,13.4700,4972551,66138455.9900,3,3.760000,1,-2.301400,0
2021-08-27,sz.002902,13.1600,13.3900,12.9000,13.3800,13.1600,5934000,78314728.4700,3,4.487000,1,1.671700,0
2021-08-30,sz.002902,13.2500,13.3700,12.8600,12.9000,13.3800,5543800,72629801.5000,3,4.191900,1,-3.587400,0
2021-08-31,sz.002902,12.8400,13.0700,12.5300,12.6900,12.9000,4660655,59272191.1500,3,3.524100,1,-1.627900,0
2021-09-01,sz.002902,12.6900,12.8400,12.5300,12.7300,12.6900,3693400,46899292.0000,3,2.792800,1,0.315200,0
2021-09-02,sz.002902,12.6200,12.8700,12.6200,12.8100,12.7300,3843700,49088017.0000,3,2.906400,1,0.628400,0
2021-09-03,sz.002902,12.7700,13.2500,12.7600,13.0800,12.8100,5406250,70583784.5000,3,4.087900,1,2.107700,0
2021-09-06,sz.002902,13.0600,13.9400,13.0300,13.8200,13.0800,10396834,141237279.1300,3,7.861500,1,5.657500,0
2021-09-07,sz.002902,13.9000,14.0300,13.6800,13.8000,13.8200,8219999,113830900.9400,3,6.215500,1,-0.144700,0
2021-09-08,sz.002902,13.7900,13.8700,13.7000,13.8300,13.8000,4950038,68222533.1200,3,3.743000,1,0.217400,0
2021-09-09,sz.002902,13.7600,13.8200,13.5700,13.6100,13.8300,3954100,54104847.0000,3,2.989900,1,-1.590700,0
2021-09-10,sz.002902,13.6500,13.7400,13.4700,13.4900,13.6100,3506923,47563236.7600,3,2.651700,1,-0.881700,0
2021-09-13,sz.002902,13.4200,13.5100,13.3100,13.3600,13.4900,3196500,42757231.0000,3,2.417000,1,-0.963700,0
2021-09-14,sz.002902,13.4200,14.5500,13.3800,14.1100,13.3600,14845853,209031773.9500,3,11.225600,1,5.613800,0
2021-09-15,sz.002902,13.9100,13.9700,13.7000,13.8100,14.1100,7033667,97221162.0300,3,5.318500,1,-2.126200,0
2021-09-16,sz.002902,13.8100,14.1000,13.5200,13.7100,13.8100,6444764,89016317.6000,3,4.873200,1,-0.724100,0
2021-09-17,sz.002902,13.6400,14.3500,13.5400,13.8600,13.7100,6318100,87549449.5000,3,4.777400,1,1.094100,0
2021-09-22,sz.002902,13.5600,13.8500,13.4000,13.6700,13.8600,4135550,56485771.5000,3,3.127100,1,-1.370900,0
2021-09-23,sz.002902,13.6700,14.0000,13.6400,13.6900,13.6700,6473243,89506777.0500,3,4.894700,1,0.146300,0
2021-09-24,sz.002902,13.6200,13.6900,12.8600,12.9600,13.6900,8257576,108456624.7000,3,6.243900,1,-5.332400,0
2021-09-27,sz.002902,13.1800,13.3600,12.7100,12.8400,12.9600,4503422,58553646.3800,3,3.405200,1,-0.925900,0
2021-09-28,sz.002902,12.7600,12.9700,12.5600,12.8500,12.8400,2535124,32447262.1000,3,1.916900,1,0.077900,0
2021-09-29,sz.002902,12.7200,12.9900,12.4000,12.4200,12.8500,2831098,35960493.0200,3,2.140700,1,-3.346300,0
2021-09-30,sz.002902,12.5500,12.8000,12.4800,12.6300,12.4200,2983364,37595827.6300,3,2.255900,1,1.690800,0
2021-10-08,sz.002902,12.6700,13.2200,12.6700,13.2000,12.6300,4922850,64261279.8600,3,3.722400,1,4.513100,0
2021-10-11,sz.002902,13.1200,13.6500,12.9800,13.5900,13.2000,6992150,93736518.0000,3,5.287100,1,2.954500,0
2021-10-12,sz.002902,13.5000,13.6500,13.3600,13.5400,13.5900,4106700,55495404.5000,3,3.105300,1,-0.367900,0
2021-10-13,sz.002902,13.5000,13.7800,13.3900,13.7000,13.5400,5299124,72287010.3000,3,4.006900,1,1.181700,0
2021-10-14,sz.002902,13.6000,14.0200,13.5800,13.9400,13.7000,6066424,83933808.5400,3,4.587100,1,1.751800,0
2021-10-15,sz.002902,13.9800,14.3500,13.8500,13.8900,13.9400,8271650,116243504.0000,3,6.254600,1,-0.358700,0
2021-10-18,sz.002902,13.8500,14.0800,13.8300,14.0300,13.8900,5532060,77225886.0000,3,4.183000,1,1.007900,0
2021-10-19,sz.002902,14.0400,14.1900,13.9400,14.0400,14.0300,4141950,58095809.0000,3,3.131900,1,0.071300,0
2021-10-20,sz.002902,14.0800,14.2400,13.9000,14.0000,14.0400,4909700,69211927.0000,3,3.712500,1,-0.284900,0
2021-10-21,sz.002902,14.0000,14.1100,13.7600,13.8200,14.0000,5021200,69888379.0000,3,3.796800,1,-1.285700,0
2021-10-22,sz.002902,13.9600,13.9600,13.3400,13.7700,13.8200,4476450,60733773.0000,3,3.384900,1,-0.361800,0
2021-10-25,sz.002902,13.5800,13.6300,13.0300,13.0600,13.7700,5405632,71085136.9400,3,4.087400,1,-5.156100,0
2021-10-26,sz.002902,13.2000,13.5000,12.9600,13.1500,13.0600,4729550,62589829.5000,3,3.576200,1,0.689100,0
2021-10-27,sz.002902,13.2100,13.2800,13.0300,13.1800,13.1500,3412800,44919322.5000,3,2.580600,1,0.228100,0
2021-10-28,sz.002902,13.1600,13.3400,12.6000,13.0600,13.1800,5682400,73640935.0000,3,4.296700,1,-0.910500,0
2021-10-29,sz.002902,13.0600,13.2000,12.9400,13.1000,13.0600,4866868,63664922.7600,3,3.680100,1,0.306300,0
2021-11-01,sz.002902,13.0800,14.0500,12.9500,13.9600,13.1000,9145371,125547182.9600,3,6.915200,1,6.564900,0
2021-11-02,sz.002902,13.8900,14.5200,13.8900,14.1300,13.9600,10785181,153353097.5900,3,8.155200,1,1.217800,0
2021-11-03,sz.002902,14.1200,14.4400,14.0300,14.2000,14.1300,6247250,88837324.6900,3,4.723800,1,0.495400,0
2021-11-04,sz.002902,14.1800,14.5300,13.5900,14.1000,14.2000,16442468,229836894.0600,3,12.432900,1,-0.704200,0
2021-11-05,sz.002902,14.0100,14.5600,13.8600,14.4600,14.1000,14089598,203136853.2800,3,10.653800,1,2.553200,0
2021-11-08,sz.002902,14.4700,14.5600,14.2000,14.4200,14.4600,7405236,106446134.6800,3,5.599400,1,-0.276600,0
2021-11-09,sz.002902,14.5200,14.5200,14.1600,14.2500,14.4200,6085924,87051705.6000,3,4.601800,1,-1.178900,0
2021-11-10,sz.002902,14.1100,14.4400,14.0800,14.2800,14.2500,5337705,76197053.4000,3,4.036100,1,0.210500,0
2021-11-11,sz.002902,14.2800,15.1900,14.2800,14.9900,14.2800,13238688,197392934.2600,3,10.010400,1,4.972000,0
2021-11-12,sz.002902,14.9200,15.0200,14.7000,14.8100,14.9900,7723733,114800173.2100,3,5.840300,1,-1.200800,0
2021-11-15,sz.002902,14.8500,15.0600,14.6500,14.8800,14.8100,7323271,108911740.8000,3,5.537500,1,0.472700,0
2021-11-16,sz.002902,14.8000,15.3800,14.5200,14.6700,14.8800,7801750,115825263.2400,3,5.899300,1,-1.411300,0
2021-11-17,sz.002902,14.5100,15.3000,14.5100,15.1800,14.6700,8348132,125333847.0800,3,6.312400,1,3.476500,0
2021-11-18,sz.002902,15.2900,15.3400,14.7500,14.8000,15.1800,6441950,96530693.5000,3,4.871100,1,-2.503300,0
2021-11-19,sz.002902,14.7600,14.9600,14.4800,14.7700,14.8000,5936000,87258674.0000,3,4.488500,1,-0.202700,0
2021-11-22,sz.002902,14.7700,14.8500,14.5100,14.6300,14.7700,5204350,76159952.5000,3,3.935300,1,-0.947900,0
2021-11-23,sz.002902,14.6400,15.2700,14.5600,14.7200,14.6300,6030550,89266484.0000,3,4.560000,1,0.615200,0
2021-11-24,sz.002902,14.6600,16.1900,14.5400,16.1900,14.7200,10821660,169227666.5900,3,8.182800,1,9.986400,0
2021-11-25,sz.002902,16.0000,16.1600,15.2800,15.3500,16.1900,21700018,337958168.7600,3,16.408400,1,-5.188400,0
2021-11-26,sz.002902,15.0600,15.2500,14.0800,14.2000,15.3500,22737354,328200705.3400,3,17.192800,1,-7.491900,0
2021-11-29,sz.002902,14.0000,14.2300,13.8100,14.1000,14.2000,10528360,147811032.0000,3,7.961000,1,-0.704200,0
2021-11-30,sz.002902,14.2400,14.6700,14.1500,14.2600,14.1000,10290157,147797432.1800,3,7.780900,1,1.134800,0
2021-12-01,sz.002902,14.0000,15.6900,14.0000,15.6900,14.2600,16420726,252108490.5800,3,12.416500,1,10.028100,0
2021-12-02,sz.002902,16.4100,16.6200,15.7200,16.0300,15.6900,31972422,513693510.6700,3,24.175800,1,2.167000,0
2021-12-03,sz.002902,16.0300,16.1000,15.4800,15.8500,16.0300,14645168,230500317.1000,3,11.073900,1,-1.122900,0
2021-12-06,sz.002902,15.9100,16.3500,15.6000,15.9100,15.8500,14829565,236012542.6500,3,11.213300,1,0.378500,0
2021-12-07,sz.002902,15.9700,16.0500,15.0700,15.2500,15.9100,11510247,177211148.2400,3,8.703400,1,-4.148300,0
2021-12-08,sz.002902,15.4300,15.9500,15.1300,15.4800,15.2500,9847203,152794479.0000,3,7.445900,1,1.508200,0
2021-12-09,sz.002902,15.4500,15.9400,15.2600,15.4200,15.4800,8824000,137335536.0000,3,6.672200,1,-0.387600,0
2021-12-10,sz.002902,15.3000,15.4200,14.9400,15.0600,15.4200,8649285,130873567.8300,3,6.540100,1,-2.334600,0
2021-12-13,sz.002902,15.0600,15.1500,14.8200,14.9300,15.0600,6793328,101505070.4400,3,5.136800,1,-0.863200,0
2021-12-14,sz.002902,14.9200,15.1700,14.7400,15.1100,14.9300,5760021,86698976.5800,3,4.355400,1,1.205600,0
2021-12-15,sz.002902,15.0500,15.3200,14.9400,15.1500,15.1100,6347118,95981110.5200,3,4.799300,1,0.264700,0
2021-12-16,sz.002902,15.1600,15.1800,14.7900,14.8200,15.1500,6100500,90899196.5000,3,4.612900,1,-2.178200,0
2021-12-17,sz.002902,14.8000,14.9800,14.6000,14.9400,14.8200,5439100,80632079.0000,3,4.112800,1,0.809700,0
2021-12-20,sz.002902,14.8800,14.9500,14.3100,14.3500,14.9400,6410650,93072865.0000,3,4.847400,1,-3.949100,0
2021-12-21,sz.002902,14.3400,14.8200,14.3200,14.7500,14.3500,5883650,86302801.5000,3,4.448900,1,2.787500,0
2021-12-22,sz.002902,14.8400,15.0800,14.7100,14.9700,14.7500,5459653,81518019.8800,3,4.128300,1,1.491500,0
2021-12-23,sz.002902,14.8800,14.9800,14.5300,14.5500,14.9700,4224294,62062935.5200,3,3.194200,1,-2.805600,0
2021-12-24,sz.002902,14.5600,14.8800,13.9700,14.0300,14.5500,6234200,89142289.0000,3,4.714000,1,-3.573900,0
2021-12-27,sz.002902,14.0000,14.0000,13.5400,13.5800,14.0300,6922400,94598535.5000,3,5.234300,1,-3.207400,0
2021-12-28,sz.002902,13.6400,13.8600,13.5400,13.7000,13.5800,4229600,57855381.0000,3,3.198200,1,0.883700,0
2021-12-29,sz.002902,13.7100,13.7400,13.4000,13.5700,13.7000,4599550,62218082.4400,3,3.477900,1,-0.948900,0
2021-12-30,sz.002902,13.5300,14.0700,13.5300,13.8400,13.5700,5645503,78345638.6100,3,4.268800,1,1.989700,0
2021-12-31,sz.002902,13.9000,14.0600,13.7500,13.8100,13.8400,4132131,57232045.4000,3,3.124500,1,-0.216800,0
