date,code,open,high,low,close,preclose,volume,amount,adjustflag,turn,tradestatus,pctChg,isST
2021-01-04,sz.000650,6.0800,6.1200,6.0200,6.0900,6.1000,12736106,77237954.6800,3,1.079000,1,-0.163900,0
2021-01-05,sz.000650,6.0700,6.1500,6.0200,6.1000,6.0900,14146364,85900088.0400,3,1.198400,1,0.164200,0
2021-01-06,sz.000650,6.0900,6.1700,6.0700,6.1400,6.1000,13341917,81822461.8000,3,1.130300,1,0.655700,0
2021-01-07,sz.000650,6.1300,6.2700,6.1100,6.1500,6.1400,16893117,104387393.4100,3,1.431100,1,0.162900,0
2021-01-08,sz.000650,6.0700,6.1100,5.9200,6.0100,6.1500,14416157,86748685.6000,3,1.221300,1,-2.276400,0
2021-01-11,sz.000650,5.9800,6.0000,5.8000,5.8000,6.0100,17367158,102156526.0300,3,1.471300,1,-3.494200,0
2021-01-12,sz.000650,5.8000,5.9000,5.7800,5.8700,5.8000,8166728,47773846.8400,3,0.691900,1,1.206900,0
2021-01-13,sz.000650,5.8800,6.1400,5.7700,5.9700,5.8700,24625826,146043259.0600,3,2.086200,1,1.703600,0
2021-01-14,sz.000650,5.9700,6.1100,5.9300,5.9600,5.9700,17220925,103349499.9400,3,1.458900,1,-0.167500,0
2021-01-15,sz.000650,6.0400,6.1600,5.9300,6.0100,5.9600,17920313,108086356.8100,3,1.518200,1,0.838900,0
2021-01-18,sz.000650,6.0000,6.0300,5.9400,6.0000,6.0100,14626425,87628657.7100,3,1.239100,1,-0.166400,0
2021-01-19,sz.000650,5.9800,6.0700,5.9600,6.0100,6.0000,11882237,71523692.8400,3,1.006600,1,0.166700,0
2021-01-20,sz.000650,5.9900,6.0000,5.9500,5.9600,6.0100,8329538,49699046.8600,3,0.705700,1,-0.831900,0
2021-01-21,sz.000650,5.9400,6.0200,5.9300,5.9700,5.9600,12542206,74965532.4000,3,1.062500,1,0.167800,0
2021-01-22,sz.000650,5.9600,5.9700,5.7800,5.8500,5.9700,14943625,87597215.9200,3,1.266000,1,-2.010100,0
2021-01-25,sz.000650,5.8600,5.8600,5.7000,5.7200,5.8500,13021700,74912431.7500,3,1.103200,1,-2.222200,0
2021-01-26,sz.000650,5.7200,5.7600,5.6700,5.7000,5.7200,7323798,41800442.7300,3,0.620500,1,-0.349700,0
2021-01-27,sz.000650,5.7000,5.7000,5.6400,5.6500,5.7000,7035101,39843618.6500,3,0.596000,1,-0.877200,0
2021-01-28,sz.000650,5.6000,5.6500,5.4900,5.5400,5.6500,12198010,67818691.4000,3,1.033400,1,-1.946900,0
2021-01-29,sz.000650,5.5500,5.6900,5.4500,5.6000,5.5400,14104448,78614390.8200,3,1.194900,1,1.083000,0
2021-02-01,sz.000650,5.5900,5.6600,5.5300,5.6400,5.6000,8221372,45957635.4600,3,0.696500,1,0.714300,0
2021-02-02,sz.000650,5.6200,5.6700,5.6000,5.6100,5.6400,5873585,33046886.3200,3,0.497600,1,-0.531900,0
2021-02-03,sz.000650,5.6100,5.6300,5.5000,5.5000,5.6100,7150025,39611003.7700,3,0.605700,1,-1.960800,0
2021-02-04,sz.000650,5.4900,5.5900,5.3200,5.5700,5.5000,14558316,79508227.5400,3,1.233300,1,1.272700,0
2021-02-05,sz.000650,5.5500,5.5900,5.4900,5.5000,5.5700,4861375,26867400.5000,3,0.411800,1,-1.256700,0
2021-02-08,sz.000650,5.5100,5.5200,5.3400,5.3800,5.5000,15836183,85420494.5800,3,1.341600,1,-2.181800,0
2021-02-09,sz.000650,5.3800,5.8300,5.3500,5.7800,5.3800,23761016,133285552.0300,3,2.013000,1,7.434900,0
2021-02-10,sz.000650,5.7800,5.8800,5.6700,5.7000,5.7800,15957653,91973486.9400,3,1.351900,1,-1.384100,0
2021-02-18,sz.000650,5.7600,5.7800,5.6800,5.7200,5.7000,10823344,61986130.6900,3,0.916900,1,0.350900,0
2021-02-19,sz.000650,5.7600,5.8800,5.6700,5.8500,5.7200,15370271,89061159.4900,3,1.302100,1,2.272700,0
2021-02-22,sz.000650,5.8700,6.0800,5.8200,6.0100,5.8500,26542498,158822488.7300,3,2.248600,1,2.735000,0
2021-02-23,sz.000650,6.0000,6.0800,5.9400,6.0200,6.0100,14983638,90223403.0400,3,1.269400,1,0.166400,0
2021-02-24,sz.000650,6.0200,6.1300,5.9800,6.0300,6.0200,14392845,87143547.1100,3,1.219300,1,0.166100,0
2021-02-25,sz.000650,6.0400,6.0800,5.9300,5.9400,6.0300,11926350,71264616.2600,3,1.010400,1,-1.492500,0
2021-02-26,sz.000650,5.8800,6.0100,5.8700,6.0000,5.9400,10416274,62178839.6000,3,0.882400,1,1.010100,0
2021-03-01,sz.000650,5.9900,6.3500,5.9900,6.2500,6.0000,27946140,174164245.0900,3,2.367500,1,4.166700,0
2021-03-02,sz.000650,6.2500,6.3000,6.1400,6.1900,6.2500,12603975,78141104.1500,3,1.067800,1,-0.960000,0
2021-03-03,sz.000650,6.1900,6.2500,6.1300,6.2100,6.1900,8809305,54606112.2000,3,0.746300,1,0.323100,0
2021-03-04,sz.000650,6.1400,6.2400,6.1100,6.1200,6.2100,10583638,65256359.2200,3,0.896600,1,-1.449300,0
2021-03-05,sz.000650,6.1100,6.2200,6.0300,6.1900,6.1200,17324569,106083098.0500,3,1.467700,1,1.143800,0
2021-03-08,sz.000650,6.2100,6.2900,6.1300,6.1500,6.1900,11499601,71547042.1900,3,0.974200,1,-0.646200,0
2021-03-09,sz.000650,6.1300,6.2400,6.0000,6.0800,6.1500,14368450,87849608.4900,3,1.217300,1,-1.138200,0
2021-03-10,sz.000650,6.1200,6.1400,5.9800,6.0000,6.0800,10951089,65920077.3900,3,0.927700,1,-1.315800,0
2021-03-11,sz.000650,5.9800,6.1100,5.9600,6.1000,6.0000,7146833,43324164.8300,3,0.605500,1,1.666700,0
2021-03-12,sz.000650,6.1000,6.1100,6.0400,6.0800,6.1000,5275433,32038061.4800,3,0.446900,1,-0.327900,0
2021-03-15,sz.000650,6.0600,6.3700,6.0200,6.2900,6.0800,27484082,171684294.3800,3,2.328400,1,3.453900,0
2021-03-16,sz.000650,6.3000,6.3900,6.2200,6.3300,6.2900,16285124,102808378.5400,3,1.379600,1,0.635900,0
2021-03-17,sz.000650,6.3200,6.4100,6.2700,6.3600,6.3300,11789947,74641785.8900,3,0.998800,1,0.473900,0
2021-03-18,sz.000650,6.3300,6.6100,6.3100,6.3800,6.3600,20108929,129908552.2200,3,1.703600,1,0.314500,0
2021-03-19,sz.000650,6.3400,6.9400,6.3400,6.6800,6.3800,78204018,526028616.7700,3,6.625300,1,4.702200,0
2021-03-22,sz.000650,6.6900,7.1900,6.6900,7.1300,6.6800,74474296,527803577.0900,3,6.309300,1,6.736500,0
2021-03-23,sz.000650,7.0900,7.2200,6.9000,6.9600,7.1300,38225493,267387747.5700,3,3.238400,1,-2.384300,0
2021-03-24,sz.000650,6.9600,7.1000,6.8400,6.9500,6.9600,31343819,218824746.8300,3,2.655400,1,-0.143700,0
2021-03-25,sz.000650,6.9000,6.9700,6.7500,6.8200,6.9500,24071902,164861825.6700,3,2.039300,1,-1.870500,0
2021-03-26,sz.000650,6.9000,7.0200,6.7800,6.8200,6.8200,17915048,122688247.5100,3,1.517700,1,0.000000,0
2021-03-29,sz.000650,6.8100,6.8400,6.7000,6.8100,6.8200,17748578,120005707.4900,3,1.503600,1,-0.146600,0
2021-03-30,sz.000650,6.7500,6.7700,6.5000,6.6700,6.8100,25057519,166033014.6000,3,2.122800,1,-2.055800,0
2021-03-31,sz.000650,6.7500,6.8500,6.6600,6.7300,6.6700,17125598,115507173.5700,3,1.450800,1,0.899600,0
2021-04-01,sz.000650,6.7300,6.8000,6.5700,6.6500,6.7300,21012355,139330294.3100,3,1.780100,1,-1.188700,0
2021-04-02,sz.000650,6.6800,6.9400,6.5900,6.9200,6.6500,28708539,195510989.0100,3,2.432100,1,4.060200,0
2021-04-06,sz.000650,6.9000,7.3200,6.8400,7.2200,6.9200,43104168,306432901.9600,3,3.651700,1,4.335300,0
2021-04-07,sz.000650,7.2300,7.3700,7.1000,7.1500,7.2200,35113607,252676817.1100,3,2.974700,1,-0.969500,0
2021-04-08,sz.000650,7.1000,7.3500,7.0600,7.1400,7.1500,27759955,199906080.6800,3,2.351800,1,-0.139900,0
2021-04-09,sz.000650,7.1400,7.2000,6.9800,7.0500,7.1400,20021095,141291880.5600,3,1.696100,1,-1.260500,0
2021-04-12,sz.000650,7.0200,7.1700,7.0000,7.0400,7.0500,16949635,119930999.6200,3,1.435900,1,-0.141800,0
2021-04-13,sz.000650,7.0300,7.1000,6.9600,6.9900,7.0400,14426805,101477573.8400,3,1.222200,1,-0.710200,0
2021-04-14,sz.000650,7.0200,7.3700,7.0200,7.3100,6.9900,38004051,276382102.5300,3,3.219600,1,4.578000,0
2021-04-15,sz.000650,7.2900,7.4500,7.2000,7.3300,7.3100,24462538,178769249.2000,3,2.072400,1,0.273600,0
2021-04-16,sz.000650,7.3300,7.7700,7.2500,7.6400,7.3300,54658030,414836906.8900,3,4.630500,1,4.229200,0
2021-04-19,sz.000650,7.7400,7.7400,7.4800,7.5400,7.6400,31029051,235632966.5300,3,2.628700,1,-1.308900,0
2021-04-20,sz.000650,7.5500,7.7700,7.4900,7.5700,7.5400,30676112,234207160.9900,3,2.598800,1,0.397900,0
2021-04-21,sz.000650,7.5100,7.9800,7.4700,7.8900,7.5700,49482671,385481519.6600,3,4.192100,1,4.227200,0
2021-04-22,sz.000650,7.9100,8.2200,7.8000,7.9900,7.8900,48811413,390879870.8000,3,4.135200,1,1.267400,0
2021-04-23,sz.000650,8.1000,8.1500,7.7200,7.8200,7.9900,49076844,386116417.2800,3,4.157700,1,-2.127700,0
2021-04-26,sz.000650,7.7500,7.9400,7.6900,7.8400,7.8200,44034652,343491077.2900,3,3.730500,1,0.255800,0
2021-04-27,sz.000650,7.8500,7.9700,7.6700,7.9100,7.8400,29778689,233226382.5000,3,2.522800,1,0.892900,0
2021-04-28,sz.000650,8.0200,8.2700,7.8400,8.2300,7.9100,54952440,447757422.7400,3,4.655400,1,4.045500,0
2021-04-29,sz.000650,8.1800,8.3600,8.1200,8.2800,8.2300,34999936,288747533.0900,3,2.965100,1,0.607500,0
2021-04-30,sz.000650,8.1900,9.1100,8.1800,9.1100,8.2800,117191045,1039878511.3800,3,9.928100,1,10.024200,0
2021-05-06,sz.000650,9.1900,9.4400,8.5800,8.6700,9.1100,114059994,1024549104.2100,3,9.662900,1,-4.829900,0
2021-05-07,sz.000650,8.6700,8.7500,7.8000,7.9800,8.6700,147612645,1177630307.3500,3,12.505400,1,-7.958500,0
2021-05-10,sz.000650,7.9000,8.4200,7.8800,8.2500,7.9800,79715853,653945680.1000,3,6.753300,1,3.383500,0
2021-05-11,sz.000650,8.2200,9.0800,8.1500,9.0800,8.2500,134676368,1184575952.3400,3,11.409500,1,10.060600,0
2021-05-12,sz.000650,9.0900,9.4100,8.8100,9.3300,9.0800,105191059,959620692.8100,3,8.911500,1,2.753300,0
2021-05-13,sz.000650,9.2000,9.3400,8.9100,9.1100,9.3300,76579418,699615678.3000,3,6.487600,1,-2.358000,0
2021-05-14,sz.000650,9.1100,9.1500,8.5500,8.6100,9.1100,87242044,760780124.5400,3,7.390900,1,-5.488500,0
2021-05-17,sz.000650,8.5600,8.6700,8.2500,8.2700,8.6100,79713721,669441459.3900,3,6.753200,1,-3.948900,0
2021-05-18,sz.000650,8.1400,9.1000,7.7700,9.1000,8.2700,122199955,1032218713.9800,3,10.352500,1,10.036300,0
2021-05-19,sz.000650,9.2000,9.4400,8.8800,9.0500,9.1000,124666912,1138571049.2200,3,10.561500,1,-0.549500,0
2021-05-20,sz.000650,9.0200,9.9600,9.0100,9.4600,9.0500,206370583,1983423612.8800,3,15.377900,1,4.530400,0
2021-05-21,sz.000650,9.5600,10.4100,9.5600,10.2600,9.4600,170700772,1735844819.3700,3,12.720000,1,8.456700,0
2021-05-24,sz.000650,10.3200,10.5700,10.0000,10.0000,10.2600,122289069,1254118032.6300,3,9.112500,1,-2.534100,0
2021-05-25,sz.000650,10.2500,11.0000,9.8000,11.0000,10.0000,226580613,2375778979.9700,3,16.883900,1,10.000000,0
2021-05-26,sz.000650,11.2500,12.1000,11.2500,12.1000,11.0000,211417411,2533212112.5900,3,15.754000,1,10.000000,0
2021-05-27,sz.000650,12.0700,12.0700,11.0000,11.3900,12.1000,235098104,2700510837.6800,3,17.518600,1,-5.867800,0
2021-05-28,sz.000650,11.5500,12.2500,11.2300,11.6700,11.3900,170818554,1995023605.9700,3,12.728700,1,2.458300,0
2021-05-31,sz.000650,11.6200,11.8200,10.6100,11.6500,11.4700,132673309,1519214697.7800,3,9.886300,1,1.569300,0
2021-06-01,sz.000650,11.4000,12.8200,11.3300,12.4800,11.6500,168219797,2098710461.4900,3,12.535100,1,7.124500,0
2021-06-02,sz.000650,12.2200,12.3500,11.2300,11.5300,12.4800,160412435,1874614101.0200,3,11.953300,1,-7.612200,0
2021-06-03,sz.000650,11.5000,11.6900,11.1000,11.2200,11.5300,101667812,1157298446.2700,3,7.575900,1,-2.688600,0
2021-06-04,sz.000650,11.0500,11.3100,10.7200,10.9700,11.2200,76099574,838620777.0300,3,5.670600,1,-2.228200,0
2021-06-07,sz.000650,10.8000,10.8300,10.3000,10.6500,10.9700,101827473,1074188648.2200,3,7.587800,1,-2.917000,0
2021-06-08,sz.000650,10.6600,11.1400,10.6500,10.8600,10.6500,91615527,993136759.6600,3,6.826800,1,1.971800,0
2021-06-09,sz.000650,10.6000,10.7900,10.1900,10.5000,10.8600,79996318,836639899.3300,3,5.961000,1,-3.314900,0
2021-06-10,sz.000650,10.6000,10.6000,10.0300,10.2800,10.5000,68285936,700280230.7100,3,5.088400,1,-2.095200,0
2021-06-11,sz.000650,10.2300,10.2600,9.5500,9.6700,10.2800,88853558,875745041.7500,3,6.621000,1,-5.933900,0
2021-06-15,sz.000650,9.9500,10.1600,9.4800,10.0400,9.6700,80968066,802133234.4200,3,6.033400,1,3.826300,0
2021-06-16,sz.000650,9.8600,10.3400,9.6800,9.8300,10.0400,61537657,615028122.8200,3,4.585500,1,-2.091600,0
2021-06-17,sz.000650,10.0000,10.2900,9.8600,10.1100,9.8300,54717188,553183526.8500,3,4.077300,1,2.848400,0
2021-06-18,sz.000650,9.9800,10.4600,9.5500,9.8600,10.1100,70039469,697008320.6800,3,5.219100,1,-2.472800,0
2021-06-21,sz.000650,10.0000,10.6500,9.9200,10.6000,9.8600,93559822,969863174.0000,3,6.971700,1,7.505100,0
2021-06-22,sz.000650,10.6000,11.0700,10.3100,10.6500,10.6000,78236093,835171622.4700,3,5.829900,1,0.471700,0
2021-06-23,sz.000650,10.4900,10.7500,10.1800,10.4000,10.6500,67616048,704102356.3200,3,5.038500,1,-2.347400,0
2021-06-24,sz.000650,10.3200,10.5500,9.5600,9.7700,10.4000,105270934,1044314635.2200,3,7.844400,1,-6.057700,0
2021-06-25,sz.000650,9.7000,9.9300,9.5800,9.7000,9.7700,52369278,509208863.0300,3,3.902400,1,-0.716500,0
2021-06-28,sz.000650,9.7800,10.6700,9.7400,10.6700,9.7000,122492352,1281837844.8300,3,9.127700,1,10.000000,0
2021-06-29,sz.000650,11.0000,11.1100,10.5900,11.0800,10.6700,151361345,1649156233.8400,3,11.278900,1,3.842500,0
2021-06-30,sz.000650,11.0100,11.0500,10.5200,10.9200,11.0800,103526306,1120324967.1100,3,7.714400,1,-1.444000,0
2021-07-01,sz.000650,10.9200,11.4700,10.8300,11.1100,10.9200,100571034,1125908277.1500,3,7.494200,1,1.739900,0
2021-07-02,sz.000650,10.9100,11.1600,10.5200,10.9400,11.1100,77334259,840485753.1100,3,5.762600,1,-1.530200,0
2021-07-05,sz.000650,11.0100,11.2700,9.8500,10.1900,10.9400,159607614,1662544559.4500,3,11.893300,1,-6.855600,0
2021-07-06,sz.000650,10.1900,10.4100,9.5100,9.9900,10.1900,102069477,1012482684.7000,3,7.605800,1,-1.962700,0
2021-07-07,sz.000650,9.7200,9.8300,8.9900,9.3000,9.9900,181337550,1676907588.4200,3,13.512600,1,-6.906900,0
2021-07-08,sz.000650,9.5500,9.9300,9.4400,9.8000,9.3000,130255461,1263951535.2600,3,9.706100,1,5.376300,0
2021-07-09,sz.000650,9.5100,9.8600,9.2900,9.7800,9.8000,69656408,668251044.2100,3,5.190500,1,-0.204100,0
2021-07-12,sz.000650,9.6300,9.8500,9.3200,9.4400,9.7800,82093796,784463201.9500,3,6.117300,1,-3.476500,0
2021-07-13,sz.000650,9.3800,9.4600,9.1300,9.2600,9.4400,65765632,608105022.4000,3,4.900600,1,-1.906800,0
2021-07-14,sz.000650,9.2700,9.8200,9.1500,9.6400,9.2600,83245445,790911230.8100,3,6.203100,1,4.103700,0
2021-07-15,sz.000650,9.5500,9.6000,9.3200,9.4600,9.6400,42258934,397531144.7800,3,3.149000,1,-1.867200,0
2021-07-16,sz.000650,9.4100,9.5500,9.2200,9.4000,9.4600,32711414,307262622.3700,3,2.437500,1,-0.634200,0
2021-07-19,sz.000650,9.4000,9.5700,9.2600,9.4200,9.4000,36402170,343204461.9600,3,2.712500,1,0.212800,0
2021-07-20,sz.000650,9.3000,9.5400,9.2600,9.3800,9.4200,29460990,277023712.9800,3,2.195300,1,-0.424600,0
2021-07-21,sz.000650,9.3900,9.8000,9.3200,9.7000,9.3800,57372906,554227379.7600,3,4.275200,1,3.411500,0
2021-07-22,sz.000650,9.6600,10.4000,9.4600,10.2000,9.7000,78573376,777173083.7700,3,5.855000,1,5.154600,0
2021-07-23,sz.000650,10.1600,10.5000,9.9000,10.1300,10.2000,56470759,576226357.3100,3,4.208000,1,-0.686300,0
2021-07-26,sz.000650,10.0500,10.1900,9.3700,9.6800,10.1300,47385526,461175336.4600,3,3.531000,1,-4.442300,0
2021-07-27,sz.000650,9.8000,9.9800,9.4100,9.7000,9.6800,46680607,453737448.1100,3,3.478500,1,0.206600,0
2021-07-28,sz.000650,9.6600,9.7500,9.1500,9.3000,9.7000,33458161,314871367.5000,3,2.493200,1,-4.123700,0
2021-07-29,sz.000650,9.3800,9.5100,9.3000,9.4000,9.3000,28386646,267530725.3300,3,2.115300,1,1.075300,0
2021-07-30,sz.000650,9.5100,9.9500,9.4500,9.8600,9.4000,45439581,443209959.1200,3,3.386000,1,4.893600,0
2021-08-02,sz.000650,9.8400,10.3000,9.7800,9.8500,9.8600,37081362,368826733.4900,3,2.763200,1,-0.101400,0
2021-08-03,sz.000650,9.8000,10.0500,9.7300,9.8500,9.8500,33655720,333739660.9300,3,2.507900,1,0.000000,0
2021-08-04,sz.000650,9.8300,9.9300,9.5500,9.6600,9.8500,38770737,375654818.6600,3,2.889000,1,-1.928900,0
2021-08-05,sz.000650,9.7400,10.0500,9.5900,9.8000,9.6600,42581674,418731769.5300,3,3.173000,1,1.449300,0
2021-08-06,sz.000650,9.7300,9.7600,9.3700,9.5000,9.8000,39695044,376117467.0600,3,2.957900,1,-3.061200,0
2021-08-09,sz.000650,9.4100,9.4900,9.3100,9.4800,9.5000,25490328,239313348.1300,3,1.899400,1,-0.210500,0
2021-08-10,sz.000650,9.4300,9.4900,9.3000,9.4200,9.4800,27762515,260324386.8500,3,2.068800,1,-0.632900,0
2021-08-11,sz.000650,9.4200,9.4600,9.3200,9.3600,9.4200,18641862,174766381.9400,3,1.389100,1,-0.636900,0
2021-08-12,sz.000650,9.3100,9.3400,9.1800,9.2000,9.3600,28486670,262990852.9500,3,2.122700,1,-1.709400,0
2021-08-13,sz.000650,9.2000,9.2000,8.9000,8.9500,9.2000,37575463,339110883.5300,3,2.800000,1,-2.717400,0
2021-08-16,sz.000650,8.9400,9.2000,8.7400,9.0300,8.9500,26051658,234006139.8100,3,1.941300,1,0.893900,0
2021-08-17,sz.000650,9.0000,9.0100,8.6200,8.6500,9.0300,29482801,259159228.0600,3,2.196900,1,-4.208200,0
2021-08-18,sz.000650,8.6500,8.8500,8.6300,8.6600,8.6500,22288194,194730567.9300,3,1.660800,1,0.115600,0
2021-08-19,sz.000650,8.6600,8.8400,8.6400,8.7900,8.6600,24131945,211671306.7600,3,1.798200,1,1.501200,0
2021-08-20,sz.000650,8.7700,8.7900,8.6200,8.7000,8.7900,14857756,129088823.9000,3,1.107100,1,-1.023900,0
2021-08-23,sz.000650,8.6400,8.8400,8.5100,8.7700,8.7000,25136908,217571863.1400,3,1.873100,1,0.804600,0
2021-08-24,sz.000650,8.7800,9.0100,8.7100,9.0000,8.7700,24456709,216914429.4800,3,1.822400,1,2.622600,0
2021-08-25,sz.000650,9.0100,9.0700,8.8800,9.0400,9.0000,18529364,165982750.8900,3,1.380700,1,0.444400,0
2021-08-26,sz.000650,9.1400,9.2200,8.9300,9.1000,9.0400,28570575,260071030.2600,3,2.129000,1,0.663700,0
2021-08-27,sz.000650,9.1000,9.1000,8.8900,8.9200,9.1000,17389424,155788376.3100,3,1.295800,1,-1.978000,0
2021-08-30,sz.000650,8.9200,9.0200,8.7000,8.7600,8.9200,17267437,152792730.5100,3,1.286700,1,-1.793700,0
2021-08-31,sz.000650,8.7100,8.8300,8.6700,8.8200,8.7600,12883606,112632055.2700,3,0.960000,1,0.684900,0
2021-09-01,sz.000650,8.8000,8.9800,8.6600,8.9300,8.8200,20209484,178501695.4700,3,1.505900,1,1.247200,0
2021-09-02,sz.000650,8.8000,9.1500,8.7600,9.1100,8.9300,27358496,246761040.4300,3,2.038600,1,2.015700,0
2021-09-03,sz.000650,9.0800,9.5000,9.0200,9.4400,9.1100,40583698,377663155.9200,3,3.024100,1,3.622400,0
2021-09-06,sz.000650,9.5400,9.8500,9.2800,9.8300,9.4400,43201143,416315543.4900,3,3.219200,1,4.131400,0
2021-09-07,sz.000650,9.8200,9.8200,9.5700,9.6500,9.8300,23961457,232034266.6000,3,1.785500,1,-1.831100,0
2021-09-08,sz.000650,9.6200,9.7400,9.5600,9.6600,9.6500,15410442,148491482.5200,3,1.148300,1,0.103600,0
2021-09-09,sz.000650,9.6000,9.7000,9.4000,9.5800,9.6600,18645517,178284194.3400,3,1.389400,1,-0.828200,0
2021-09-10,sz.000650,9.5800,9.6100,9.4000,9.5800,9.5800,19319632,183999842.4800,3,1.439600,1,0.000000,0
2021-09-13,sz.000650,9.5700,9.6800,9.4400,9.4800,9.5800,12794145,121784478.3800,3,0.953400,1,-1.043800,0
2021-09-14,sz.000650,9.4300,9.7000,9.3200,9.4600,9.4800,27801954,265016677.0200,3,2.071700,1,-0.211000,0
2021-09-15,sz.000650,9.3900,9.5300,9.2900,9.3500,9.4600,14271241,133533132.6500,3,1.063400,1,-1.162800,0
2021-09-16,sz.000650,9.3000,9.4300,8.9900,9.0000,9.3500,19209313,176464583.5700,3,1.431400,1,-3.743300,0
2021-09-17,sz.000650,9.0000,9.3500,8.8800,9.3100,9.0000,19084222,173456791.4000,3,1.422100,1,3.444400,0
2021-09-22,sz.000650,9.1500,9.4100,9.1000,9.1700,9.3100,13347700,123117475.0000,3,0.994600,1,-1.503800,0
2021-09-23,sz.000650,9.1700,9.2800,9.0000,9.0500,9.1700,19123533,173923406.5600,3,1.425000,1,-1.308600,0
2021-09-24,sz.000650,9.0100,9.3900,8.9200,9.1200,9.0500,20673913,189506710.6900,3,1.540500,1,0.773500,0
2021-09-27,sz.000650,9.1100,9.1100,8.8000,8.9300,9.1200,18708844,167371432.4200,3,1.394100,1,-2.083300,0
2021-09-28,sz.000650,8.8200,8.9100,8.7000,8.7400,8.9300,14170922,124476643.5600,3,1.056000,1,-2.127700,0
2021-09-29,sz.000650,8.7400,8.7800,8.1300,8.1900,8.7400,26484387,221920114.7100,3,1.973500,1,-6.292900,0
2021-09-30,sz.000650,8.1900,8.4200,8.1900,8.3300,8.1900,12958745,107576987.5300,3,0.965600,1,1.709400,0
2021-10-08,sz.000650,8.3300,8.7600,8.3000,8.6600,8.3300,17278431,148879445.6400,3,1.287500,1,3.961600,0
2021-10-11,sz.000650,8.9200,9.1500,8.7000,8.7900,8.6600,18689637,165834387.1800,3,1.392700,1,1.501200,0
2021-10-12,sz.000650,8.8700,9.0600,8.6200,8.7500,8.7900,20262055,179709535.9300,3,1.509800,1,-0.455100,0
2021-10-13,sz.000650,8.8300,9.0600,8.6300,9.0000,8.7500,19186412,170424663.3300,3,1.429700,1,2.857100,0
2021-10-14,sz.000650,9.0000,9.0000,8.8100,8.8500,9.0000,10988368,97680742.0100,3,0.818800,1,-1.666700,0
2021-10-15,sz.000650,8.8200,8.8600,8.6900,8.8400,8.8500,9424576,82714986.5400,3,0.702300,1,-0.113000,0
2021-10-18,sz.000650,8.8300,8.8400,8.6600,8.7100,8.8400,7478202,65159204.1000,3,0.557200,1,-1.470600,0
2021-10-19,sz.000650,8.7100,8.8600,8.6400,8.8000,8.7100,7736214,68025680.9500,3,0.576500,1,1.033300,0
2021-10-20,sz.000650,8.8000,8.8500,8.7300,8.8000,8.8000,7240207,63637938.5700,3,0.539500,1,0.000000,0
2021-10-21,sz.000650,8.8100,8.8400,8.6400,8.7600,8.8000,8661628,75692611.1000,3,0.645400,1,-0.454500,0
2021-10-22,sz.000650,8.6800,8.9600,8.6800,8.8800,8.7600,13459281,119097897.0900,3,1.002900,1,1.369900,0
2021-10-25,sz.000650,8.8500,8.9200,8.6000,8.7100,8.8800,12309528,107347978.8400,3,0.917300,1,-1.914400,0
2021-10-26,sz.000650,8.7100,8.7600,8.6000,8.6700,8.7100,6257355,54368082.1400,3,0.466300,1,-0.459200,0
2021-10-27,sz.000650,8.6700,8.6700,8.2200,8.3000,8.6700,16928225,142172260.2700,3,1.261400,1,-4.267600,0
2021-10-28,sz.000650,8.4300,9.0700,8.3500,8.8900,8.3000,38733103,341569454.7000,3,2.886200,1,7.108400,0
2021-10-29,sz.000650,8.8900,9.5800,8.8200,9.5000,8.8900,48171685,449627437.0800,3,3.589600,1,6.861600,0
2021-11-01,sz.000650,9.5000,9.7300,9.3900,9.5800,9.5000,35166485,335857877.0700,3,2.620500,1,0.842100,0
2021-11-02,sz.000650,9.6400,9.6400,9.2000,9.2300,9.5800,30333841,283503042.4300,3,2.260400,1,-3.653400,0
2021-11-03,sz.000650,9.2100,9.2800,9.0100,9.1900,9.2300,18639948,170623352.4600,3,1.389000,1,-0.433400,0
2021-11-04,sz.000650,9.1300,9.2800,9.0700,9.1600,9.1900,16207050,148298247.2200,3,1.207700,1,-0.326400,0
2021-11-05,sz.000650,9.1400,9.4800,9.0500,9.0900,9.1600,22814541,210307313.4300,3,1.700100,1,-0.764200,0
2021-11-08,sz.000650,9.0900,9.1200,8.8800,9.0900,9.0900,13300067,119584808.1500,3,0.991100,1,0.000000,0
2021-11-09,sz.000650,9.0100,9.1300,8.9700,9.0100,9.0900,13310655,120160697.1600,3,0.991900,1,-0.880100,0
2021-11-10,sz.000650,9.0700,9.1000,8.8300,8.9200,9.0100,15110844,134874072.2100,3,1.126000,1,-0.998900,0
2021-11-11,sz.000650,8.8600,8.9700,8.7500,8.8400,8.9200,16014574,141959072.3600,3,1.193300,1,-0.896900,0
2021-11-12,sz.000650,8.8500,8.9500,8.6300,8.7500,8.8400,24345777,213444716.6500,3,1.814200,1,-1.018100,0
2021-11-15,sz.000650,8.7300,8.9500,8.6800,8.7100,8.7500,19099737,167356160.0100,3,1.423200,1,-0.457100,0
2021-11-16,sz.000650,8.7200,8.8500,8.6600,8.7200,8.7100,14810839,129603001.7100,3,1.103600,1,0.114800,0
2021-11-17,sz.000650,8.7500,8.7600,8.5700,8.6500,8.7200,14622127,126207499.3400,3,1.089600,1,-0.802800,0
2021-11-18,sz.000650,8.6200,8.6500,8.4400,8.4600,8.6500,19022920,162135451.9300,3,1.417500,1,-2.196500,0
2021-11-19,sz.000650,8.4800,8.6500,8.3900,8.6400,8.4600,16825732,143486088.8700,3,1.253800,1,2.127700,0
2021-11-22,sz.000650,8.6800,8.6800,8.5300,8.5700,8.6400,13838889,118704531.3000,3,1.031200,1,-0.810200,0
2021-11-23,sz.000650,8.5600,8.6200,8.5300,8.6000,8.5700,10235684,87735010.2300,3,0.762700,1,0.350100,0
2021-11-24,sz.000650,8.5800,8.7200,8.5600,8.6900,8.6000,16447196,141923856.3000,3,1.225600,1,1.046500,0
2021-11-25,sz.000650,8.7000,8.8800,8.6300,8.8200,8.6900,19579331,171897185.7400,3,1.459000,1,1.496000,0
2021-11-26,sz.000650,8.7900,8.7900,8.5000,8.5700,8.8200,19166226,165037171.3500,3,1.428200,1,-2.834500,0
2021-11-29,sz.000650,8.5500,8.6900,8.5000,8.5600,8.5700,11924827,102317040.7800,3,0.888600,1,-0.116700,0
2021-11-30,sz.000650,8.5500,8.5700,8.4300,8.5000,8.5600,13295185,113102801.7400,3,0.990700,1,-0.700900,0
2021-12-01,sz.000650,8.5000,8.5600,8.4300,8.5300,8.5000,10226680,86832726.9700,3,0.762100,1,0.352900,0
2021-12-02,sz.000650,8.5100,8.5600,8.4300,8.4500,8.5300,11828980,100228735.4500,3,0.881400,1,-0.937900,0
2021-12-03,sz.000650,8.4500,8.4600,8.3600,8.4000,8.4500,13718693,115003699.5300,3,1.022300,1,-0.591700,0
2021-12-06,sz.000650,8.4100,8.4200,8.1800,8.2800,8.4000,21210747,175890100.1000,3,1.580500,1,-1.428600,0
2021-12-07,sz.000650,8.2800,8.3300,8.1800,8.2300,8.2800,15576707,128267160.4100,3,1.160700,1,-0.603900,0
2021-12-08,sz.000650,8.2700,8.2900,8.1600,8.2700,8.2300,18995300,156228549.6600,3,1.415500,1,0.486000,0
2021-12-09,sz.000650,8.2700,8.4900,8.2200,8.4600,8.2700,27596358,231710235.6500,3,2.056400,1,2.297500,0
2021-12-10,sz.000650,8.4800,8.5600,8.4000,8.4400,8.4600,15655598,132517360.1200,3,1.166600,1,-0.236400,0
2021-12-13,sz.000650,8.4000,8.4500,8.3100,8.3400,8.4400,16489061,137657369.4500,3,1.228700,1,-1.184800,0
2021-12-14,sz.000650,8.3400,8.4200,8.3100,8.3800,8.3400,10760124,90222782.8800,3,0.801800,1,0.479600,0
2021-12-15,sz.000650,8.3800,8.3800,8.2500,8.2700,8.3800,14268468,118396837.7000,3,1.063200,1,-1.312600,0
2021-12-16,sz.000650,8.2700,8.3200,8.2200,8.2900,8.2700,11430103,94527215.7500,3,0.851700,1,0.241800,0
2021-12-17,sz.000650,8.2900,8.3300,8.2400,8.2500,8.2900,9212644,76126809.0000,3,0.686500,1,-0.482500,0
2021-12-20,sz.000650,8.2600,9.0300,8.2100,8.7900,8.2500,83354557,720898111.3400,3,6.211300,1,6.545500,0
2021-12-21,sz.000650,8.8900,9.2000,8.6700,8.8000,8.7900,65633297,586063949.3400,3,4.890700,1,0.113800,0
2021-12-22,sz.000650,8.8100,9.4900,8.7800,9.3300,8.8000,84269845,772778283.0300,3,6.279500,1,6.022700,0
2021-12-23,sz.000650,9.3300,9.5500,9.1500,9.2700,9.3300,48252958,449038031.9100,3,3.595600,1,-0.643100,0
2021-12-24,sz.000650,9.2200,9.5900,9.0000,9.4100,9.2700,59314975,559147876.5100,3,4.419900,1,1.510200,0
2021-12-27,sz.000650,9.4000,9.5700,9.2300,9.3500,9.4100,38632170,362657475.8400,3,2.878700,1,-0.637600,0
2021-12-28,sz.000650,9.2000,9.2700,8.6700,8.8300,9.3500,70591417,628434104.9600,3,5.260200,1,-5.561500,0
2021-12-29,sz.000650,8.8200,9.0300,8.6800,8.7100,8.8300,36970425,326802952.2300,3,2.754900,1,-1.359000,0
2021-12-30,sz.000650,8.6800,8.7800,8.5200,8.7200,8.7100,37114873,320991029.0300,3,2.765700,1,0.114800,0
2021-12-31,sz.000650,8.7200,9.5500,8.6900,9.3200,8.7200,91033392,848231997.2100,3,6.783500,1,6.880700,0
