date,code,open,high,low,close,preclose,volume,amount,adjustflag,turn,tradestatus,pctChg,isST
2021-01-04,sz.002855,10.3900,10.6100,10.3300,10.5700,10.3900,1932379,20281867.8700,3,0.794400,1,1.732400,0
2021-01-05,sz.002855,10.5900,10.6100,10.4000,10.4600,10.5700,2020400,21175183.0000,3,0.830600,1,-1.040700,0
2021-01-06,sz.002855,10.4800,10.4800,10.0200,10.0800,10.4600,2538200,25753457.0000,3,1.043400,1,-3.632900,0
2021-01-07,sz.002855,10.0200,10.1400,9.5000,9.6300,10.0800,3292494,32097943.7500,3,1.353500,1,-4.464300,0
2021-01-08,sz.002855,9.5000,9.7700,9.3200,9.6200,9.6300,2261357,21667374.3400,3,0.929600,1,-0.103800,0
2021-01-11,sz.002855,9.6800,9.8400,9.4000,9.4600,9.6200,2120870,20315188.3500,3,0.871900,1,-1.663200,0
2021-01-12,sz.002855,9.4000,9.5700,9.0400,9.2700,9.4600,2280400,21222595.0000,3,0.937500,1,-2.008500,0
2021-01-13,sz.002855,9.2900,9.3000,8.9800,9.0800,9.2700,2158428,19604080.8400,3,0.887300,1,-2.049600,0
2021-01-14,sz.002855,9.0800,9.3900,8.9800,9.2600,9.0800,1516078,13987146.4000,3,0.623200,1,1.982400,0
2021-01-15,sz.002855,9.2600,9.6000,9.2600,9.4500,9.2600,1592528,15088131.1600,3,0.654700,1,2.051800,0
2021-01-18,sz.002855,9.4900,9.7200,9.4500,9.6900,9.4500,1390398,13384038.9400,3,0.571600,1,2.539700,0
2021-01-19,sz.002855,9.6700,9.7300,9.5700,9.6300,9.6900,1567270,15126975.1000,3,0.644300,1,-0.619200,0
2021-01-20,sz.002855,9.6800,9.7400,9.5600,9.7200,9.6300,1311468,12671730.0000,3,0.539100,1,0.934600,0
2021-01-21,sz.002855,9.6200,9.7900,9.6200,9.6300,9.7200,1257924,12187432.3600,3,0.517100,1,-0.925900,0
2021-01-22,sz.002855,9.6300,9.6300,9.3800,9.4900,9.6300,1354570,12840524.0000,3,0.556800,1,-1.453800,0
2021-01-25,sz.002855,9.5400,9.5500,9.1500,9.2000,9.4900,1605900,14848948.0000,3,0.660200,1,-3.055800,0
2021-01-26,sz.002855,9.0800,9.4000,9.0800,9.2300,9.2000,1117800,10368406.0000,3,0.459500,1,0.326100,0
2021-01-27,sz.002855,9.4900,9.6600,9.3100,9.3500,9.2300,2726338,25812987.7200,3,1.120800,1,1.300100,0
2021-01-28,sz.002855,9.2400,9.6800,9.2400,9.3900,9.3500,2287179,21733025.5000,3,0.940200,1,0.427800,0
2021-01-29,sz.002855,9.3900,9.9800,9.2700,9.7900,9.3900,4274564,41328996.6400,3,1.757200,1,4.259900,0
2021-02-01,sz.002855,9.6800,10.0600,9.5500,10.0000,9.7900,3768812,37021095.1800,3,1.549300,1,2.145000,0
2021-02-02,sz.002855,10.0700,10.0700,9.7300,9.7900,10.0000,2443200,24061466.0000,3,1.004400,1,-2.100000,0
2021-02-03,sz.002855,9.8400,9.8900,9.5200,9.6500,9.7900,2202437,21262646.7200,3,0.905400,1,-1.430000,0
2021-02-04,sz.002855,9.5000,9.5900,9.1500,9.2400,9.6500,2361725,21940006.2500,3,0.970900,1,-4.248700,0
2021-02-05,sz.002855,9.1800,9.4500,9.0600,9.0900,9.2400,1360825,12562216.0000,3,0.559400,1,-1.623400,0
2021-02-08,sz.002855,9.1800,9.2400,9.0000,9.1500,9.0900,973049,8878706.1000,3,0.400000,1,0.660100,0
2021-02-09,sz.002855,9.1800,9.3200,9.0600,9.2600,9.1500,1302123,11961387.4600,3,0.535300,1,1.202200,0
2021-02-10,sz.002855,9.3800,9.3800,9.1300,9.1900,9.2600,1042400,9586846.0000,3,0.428500,1,-0.755900,0
2021-02-18,sz.002855,9.2100,9.5200,9.2100,9.4500,9.1900,1538082,14471742.8300,3,0.632300,1,2.829200,0
2021-02-19,sz.002855,9.4400,9.8400,9.3600,9.8200,9.4500,1822357,17639100.6000,3,0.749200,1,3.915300,0
2021-02-22,sz.002855,9.9200,10.1200,9.8400,9.8800,9.8200,2617000,26123612.0000,3,1.075800,1,0.611000,0
2021-02-23,sz.002855,9.8000,10.0000,9.7100,9.9200,9.8800,1494200,14736296.7500,3,0.614200,1,0.404900,0
2021-02-24,sz.002855,9.9300,10.0600,9.8400,9.9500,9.9200,1653665,16486449.7700,3,0.679800,1,0.302400,0
2021-02-25,sz.002855,9.9600,10.0100,9.8100,9.8600,9.9500,1329700,13138538.0000,3,0.546600,1,-0.904500,0
2021-02-26,sz.002855,9.8000,10.0500,9.6600,10.0000,9.8600,1746308,17401511.7600,3,0.717900,1,1.419900,0
2021-03-01,sz.002855,10.0000,10.2700,10.0000,10.2200,10.0000,1527400,15556160.0000,3,0.627900,1,2.200000,0
2021-03-02,sz.002855,10.2400,10.2900,10.1000,10.2000,10.2200,1710700,17409408.0000,3,0.703300,1,-0.195700,0
2021-03-03,sz.002855,10.2000,10.2900,10.1000,10.1800,10.2000,1152000,11719797.0600,3,0.473600,1,-0.196100,0
2021-03-04,sz.002855,10.1400,10.2700,10.0900,10.1200,10.1800,1336437,13622179.4000,3,0.549400,1,-0.589400,0
2021-03-05,sz.002855,10.1000,10.2600,10.0600,10.2200,10.1200,1024813,10458189.7300,3,0.421300,1,0.988100,0
2021-03-08,sz.002855,10.3000,10.4400,10.0100,10.0100,10.2200,1848537,18928399.5100,3,0.759900,1,-2.054800,0
2021-03-09,sz.002855,10.1900,10.3000,9.8000,9.9500,10.0100,2188470,22005576.2500,3,0.899700,1,-0.599400,0
2021-03-10,sz.002855,9.9400,10.0700,9.7300,9.8700,9.9500,1506600,14818555.0000,3,0.619300,1,-0.804000,0
2021-03-11,sz.002855,9.8300,9.9800,9.6800,9.9800,9.8700,1282100,12629374.0000,3,0.527100,1,1.114500,0
2021-03-12,sz.002855,9.8800,9.9700,9.7600,9.8500,9.9800,1187000,11665511.0000,3,0.488000,1,-1.302600,0
2021-03-15,sz.002855,9.9400,9.9400,9.7200,9.7800,9.8500,1040370,10185515.6000,3,0.427700,1,-0.710700,0
2021-03-16,sz.002855,9.7900,10.0600,9.7200,10.0500,9.7800,1350600,13401211.0000,3,0.555200,1,2.760700,0
2021-03-17,sz.002855,10.0500,10.1200,9.8500,10.0100,10.0500,1195325,11954263.5000,3,0.491400,1,-0.398000,0
2021-03-18,sz.002855,10.0400,10.0400,9.8500,9.9300,10.0100,1061290,10525148.4000,3,0.436300,1,-0.799200,0
2021-03-19,sz.002855,9.8600,10.1800,9.6400,10.1100,9.9300,1579598,15827237.3400,3,0.649400,1,1.812700,0
2021-03-22,sz.002855,10.1200,10.3000,10.0200,10.2600,10.1100,1651700,16841280.0000,3,0.679000,1,1.483700,0
2021-03-23,sz.002855,10.2900,10.3000,10.0700,10.2100,10.2600,1459227,14868664.2200,3,0.599900,1,-0.487300,0
2021-03-24,sz.002855,10.2100,10.2900,10.1100,10.2100,10.2100,1112891,11369766.6800,3,0.457500,1,0.000000,0
2021-03-25,sz.002855,10.2100,10.2600,10.0800,10.1000,10.2100,759525,7728196.0000,3,0.312200,1,-1.077400,0
2021-03-26,sz.002855,10.0800,10.1700,10.0500,10.0800,10.1000,919415,9279120.4000,3,0.378000,1,-0.198000,0
2021-03-29,sz.002855,10.0200,10.1300,9.9600,10.0100,10.0800,728152,7313644.9600,3,0.299300,1,-0.694400,0
2021-03-30,sz.002855,9.9300,10.0900,9.8100,9.8900,10.0100,969635,9579198.1400,3,0.398600,1,-1.198800,0
2021-03-31,sz.002855,9.9100,10.0600,9.8400,10.0100,9.8900,967934,9625197.9000,3,0.397900,1,1.213300,0
2021-04-01,sz.002855,9.9900,10.0500,9.8500,9.8600,10.0100,1001200,9944893.0000,3,0.411600,1,-1.498500,0
2021-04-02,sz.002855,9.8600,10.1000,9.8300,9.9700,9.8600,1063000,10625462.0000,3,0.437000,1,1.115600,0
2021-04-06,sz.002855,10.0200,10.1400,9.9000,9.9800,9.9700,1097800,10973927.0000,3,0.451300,1,0.100300,0
2021-04-07,sz.002855,9.9700,10.0500,9.9400,10.0400,9.9800,769300,7688909.0000,3,0.316300,1,0.601200,0
2021-04-08,sz.002855,10.0000,10.0300,9.7700,9.7900,10.0400,1341100,13314459.0000,3,0.551300,1,-2.490000,0
2021-04-09,sz.002855,9.7900,10.0400,9.7200,10.0000,9.7900,1466200,14609891.0000,3,0.602700,1,2.145000,0
2021-04-12,sz.002855,10.0500,10.0600,9.9100,9.9500,10.0000,888100,8866212.0000,3,0.365100,1,-0.500000,0
2021-04-13,sz.002855,9.9400,10.0900,9.8200,10.0300,9.9500,966433,9643091.5900,3,0.397300,1,0.804000,0
2021-04-14,sz.002855,10.0300,10.2400,9.9600,10.1700,10.0300,1336600,13555971.0000,3,0.549500,1,1.395800,0
2021-04-15,sz.002855,10.1700,10.2300,9.9700,10.0900,10.1700,2029727,20481273.4100,3,0.835100,1,-0.786600,0
2021-04-16,sz.002855,10.0500,10.1100,9.8300,10.0000,10.0900,2573100,25718790.2300,3,1.058600,1,-0.892000,0
2021-04-19,sz.002855,10.0000,10.3300,10.0000,10.2300,10.0000,2158044,22063800.6800,3,0.887900,1,2.300000,0
2021-04-20,sz.002855,10.1800,10.3100,10.1200,10.1600,10.2300,1336298,13653244.9900,3,0.549800,1,-0.684300,0
2021-04-21,sz.002855,10.0800,10.2000,10.0300,10.1300,10.1600,1127479,11384307.2700,3,0.463900,1,-0.295300,0
2021-04-22,sz.002855,10.1300,10.1500,9.9500,9.9900,10.1300,1485500,14866193.0000,3,0.611200,1,-1.382000,0
2021-04-23,sz.002855,10.0600,10.0600,9.8600,9.8900,9.9900,1061582,10521008.9800,3,0.436800,1,-1.001000,0
2021-04-26,sz.002855,9.8700,9.9600,9.7400,9.7700,9.8900,1143200,11268658.0000,3,0.470300,1,-1.213300,0
2021-04-27,sz.002855,9.7800,9.8900,9.7100,9.7700,9.7700,1201446,11768250.4200,3,0.494300,1,0.000000,0
2021-04-28,sz.002855,9.9000,9.9000,9.1200,9.1800,9.7700,3076513,28752741.9400,3,1.265700,1,-6.038900,0
2021-04-29,sz.002855,9.3000,9.3000,9.0300,9.0500,9.1800,2264579,20678055.2800,3,0.931700,1,-1.416100,0
2021-04-30,sz.002855,9.0200,9.0800,8.8000,8.8200,9.0500,1727208,15367592.9200,3,0.710600,1,-2.541400,0
2021-05-06,sz.002855,8.8600,9.0300,8.7800,8.9500,8.8200,1598575,14183129.5000,3,0.657700,1,1.473900,0
2021-05-07,sz.002855,8.8900,9.1100,8.7900,8.9400,8.9500,1226025,10970317.2500,3,0.504400,1,-0.111700,0
2021-05-10,sz.002855,8.9300,9.0400,8.8500,9.0000,8.9400,1294700,11590880.0000,3,0.525900,1,0.671100,0
2021-05-11,sz.002855,8.9500,9.2200,8.9300,9.1700,9.0000,1657370,15072764.9000,3,0.673200,1,1.888900,0
2021-05-12,sz.002855,9.1700,9.3700,9.0400,9.0800,9.1700,1152200,10485999.0000,3,0.468000,1,-0.981500,0
2021-05-13,sz.002855,9.0800,9.1200,8.9100,8.9200,9.0800,1388100,12514320.0000,3,0.563800,1,-1.762100,0
2021-05-14,sz.002855,8.9500,9.0800,8.9400,9.0600,8.9200,931840,8414756.3200,3,0.378500,1,1.569500,0
2021-05-17,sz.002855,9.0600,9.0600,8.9600,8.9700,9.0600,795610,7162692.6100,3,0.323100,1,-0.993400,0
2021-05-18,sz.002855,8.9300,9.0000,8.9000,8.9800,8.9700,597500,5357217.8000,3,0.242700,1,0.111500,0
2021-05-19,sz.002855,8.9800,9.0200,8.9200,9.0000,8.9800,509820,4581245.8000,3,0.207100,1,0.222700,0
2021-05-20,sz.002855,9.0000,9.0500,8.9000,8.9200,9.0000,799891,7140204.8100,3,0.324900,1,-0.888900,0
2021-05-21,sz.002855,8.9200,9.0600,8.9200,8.9900,8.9200,876500,7879789.0000,3,0.356000,1,0.784800,0
2021-05-24,sz.002855,9.0300,9.1000,8.9600,9.0800,8.9900,960598,8680689.0200,3,0.390200,1,1.001100,0
2021-05-25,sz.002855,9.1000,9.1100,8.9800,9.0700,9.0800,829970,7527653.2000,3,0.337100,1,-0.110100,0
2021-05-26,sz.002855,9.0200,9.2100,9.0000,9.1600,9.0700,1158801,10578792.1300,3,0.470700,1,0.992300,0
2021-05-27,sz.002855,9.0400,9.1800,9.0400,9.1400,9.0800,973500,8886020.0000,3,0.395400,1,0.660800,0
2021-05-28,sz.002855,9.0900,9.1400,8.9700,9.0100,9.1400,922900,8351495.0000,3,0.374800,1,-1.422300,0
2021-05-31,sz.002855,9.0400,9.0800,8.9200,9.0800,9.0100,847100,7645851.0000,3,0.344100,1,0.776900,0
2021-06-01,sz.002855,9.0800,9.1300,9.0100,9.1200,9.0800,894000,8125301.0000,3,0.363100,1,0.440500,0
2021-06-02,sz.002855,9.0800,9.1100,8.9600,8.9900,9.1200,1089200,9823537.0000,3,0.442400,1,-1.425400,0
2021-06-03,sz.002855,9.0200,9.0700,8.9800,8.9900,8.9900,1500769,13527085.3100,3,0.609600,1,0.000000,0
2021-06-04,sz.002855,8.9100,9.0000,8.9000,8.9600,8.9900,841000,7532244.0000,3,0.341600,1,-0.333700,0
2021-06-07,sz.002855,8.9600,9.0400,8.9500,8.9800,8.9600,992700,8919996.0000,3,0.403200,1,0.223200,0
2021-06-08,sz.002855,9.0200,9.0800,8.9500,9.0800,8.9800,1321900,11930162.0000,3,0.536900,1,1.113600,0
2021-06-09,sz.002855,9.0600,9.2000,9.0600,9.1800,9.0800,1617843,14804108.2500,3,0.657100,1,1.101300,0
2021-06-10,sz.002855,9.2200,9.3200,9.1300,9.3200,9.1800,1746500,16120169.0000,3,0.709400,1,1.525100,0
2021-06-11,sz.002855,9.3200,9.4600,9.1500,9.2500,9.3200,1979501,18358825.3900,3,0.804000,1,-0.751100,0
2021-06-15,sz.002855,9.2400,9.3500,9.1600,9.2100,9.2500,1265787,11685584.8800,3,0.514100,1,-0.432400,0
2021-06-16,sz.002855,9.1900,9.3400,9.1600,9.2300,9.2100,1565532,14489257.8800,3,0.635900,1,0.217200,0
2021-06-17,sz.002855,9.2300,9.4400,9.1900,9.3600,9.2300,1779400,16600783.0000,3,0.722700,1,1.408500,0
2021-06-18,sz.002855,9.3600,9.4000,9.2300,9.3800,9.3600,1362600,12700177.0000,3,0.553400,1,0.213700,0
2021-06-21,sz.002855,9.3800,9.4200,9.3300,9.3700,9.3800,1176900,11033893.0000,3,0.478000,1,-0.106600,0
2021-06-22,sz.002855,9.3700,9.5500,9.3400,9.5500,9.3700,1695920,16047653.4000,3,0.688800,1,1.921000,0
2021-06-23,sz.002855,9.5500,9.5700,9.4400,9.5200,9.5500,888200,8426928.0000,3,0.360800,1,-0.314100,0
2021-06-24,sz.002855,9.5700,9.5700,9.4600,9.5100,9.5200,977100,9288235.0000,3,0.396900,1,-0.105000,0
2021-06-25,sz.002855,9.5700,9.5700,9.3100,9.3500,9.5100,1469520,13768267.8000,3,0.596900,1,-1.682400,0
2021-06-28,sz.002855,9.3000,9.4800,9.2600,9.4600,9.3500,1003537,9446329.4400,3,0.407600,1,1.176500,0
2021-06-29,sz.002855,9.4700,9.4700,9.2700,9.3100,9.4600,1169400,10899181.0000,3,0.475000,1,-1.585600,0
2021-06-30,sz.002855,9.3500,9.4800,9.2700,9.4300,9.3100,902598,8494891.1200,3,0.366600,1,1.288900,0
2021-07-01,sz.002855,9.3900,9.4700,9.1600,9.1700,9.4300,1233441,11492616.5600,3,0.501000,1,-2.757200,0
2021-07-02,sz.002855,9.2300,9.3100,9.1200,9.1700,9.1700,947900,8718720.0000,3,0.385000,1,0.000000,0
2021-07-05,sz.002855,9.2000,9.4300,9.2000,9.4000,9.1700,1235500,11541029.0000,3,0.501800,1,2.508200,0
2021-07-06,sz.002855,9.4300,9.5400,9.3300,9.4900,9.4000,1416982,13411910.0800,3,0.575500,1,0.957400,0
2021-07-07,sz.002855,9.4900,9.5200,9.4000,9.5000,9.4900,1137900,10781377.5400,3,0.462200,1,0.105400,0
2021-07-08,sz.002855,9.5300,9.5300,9.3700,9.4900,9.5000,1203500,11364749.0000,3,0.488800,1,-0.105300,0
2021-07-09,sz.002855,9.4400,9.5300,9.3400,9.5000,9.4900,1440718,13612728.9200,3,0.585200,1,0.105400,0
2021-07-12,sz.002855,9.5300,9.5900,9.4300,9.5800,9.5000,1857532,17708316.5600,3,0.754500,1,0.842100,0
2021-07-13,sz.002855,9.5500,9.6100,9.4500,9.5200,9.5800,1517700,14455812.0000,3,0.616400,1,-0.626300,0
2021-07-14,sz.002855,9.4500,9.5200,9.3100,9.3200,9.5200,1891900,17721959.0000,3,0.768400,1,-2.100800,0
2021-07-15,sz.002855,9.3200,9.3400,8.8500,8.8900,9.3200,3516961,31603185.3500,3,1.428400,1,-4.613700,0
2021-07-16,sz.002855,8.8900,8.9200,8.7600,8.8300,8.8900,1900886,16780600.0800,3,0.772100,1,-0.674900,0
2021-07-19,sz.002855,8.8000,8.8800,8.6800,8.7700,8.8300,1255200,10974183.0000,3,0.509800,1,-0.679500,0
2021-07-20,sz.002855,8.8400,8.8800,8.7600,8.8800,8.7700,1143414,10088193.0400,3,0.464400,1,1.254300,0
2021-07-21,sz.002855,8.8000,8.9500,8.8000,8.9300,8.8800,1224100,10898030.0000,3,0.497200,1,0.563100,0
2021-07-22,sz.002855,8.9500,9.1400,8.9300,9.0600,8.9300,1737500,15751448.0000,3,0.705700,1,1.455800,0
2021-07-23,sz.002855,9.1200,9.1200,8.9000,8.9000,9.0600,1091700,9780694.0000,3,0.443400,1,-1.766000,0
2021-07-26,sz.002855,8.9000,8.9800,8.7200,8.8000,8.9000,958624,8460297.8400,3,0.389400,1,-1.123600,0
2021-07-27,sz.002855,8.8400,9.0000,8.7600,8.8200,8.8000,1308700,11655847.0000,3,0.531500,1,0.227300,0
2021-07-28,sz.002855,8.8600,8.8600,8.4700,8.6300,8.8200,1410400,12216566.0000,3,0.572800,1,-2.154200,0
2021-07-29,sz.002855,8.6900,8.8500,8.6900,8.8000,8.6300,1066406,9383692.5600,3,0.433100,1,1.969900,0
2021-07-30,sz.002855,8.7300,8.8800,8.7300,8.8700,8.8000,899006,7933514.6200,3,0.365100,1,0.795500,0
2021-08-02,sz.002855,8.8000,8.9800,8.7600,8.9500,8.8700,980041,8735807.1800,3,0.398100,1,0.901900,0
2021-08-03,sz.002855,9.0200,9.0400,8.8600,8.9000,8.9500,1078000,9636386.0000,3,0.437800,1,-0.558700,0
2021-08-04,sz.002855,8.9000,8.9900,8.8600,8.9500,8.9000,744532,6645126.9600,3,0.302400,1,0.561800,0
2021-08-05,sz.002855,8.9500,8.9800,8.8100,8.9700,8.9500,1305338,11592987.7600,3,0.530200,1,0.223500,0
2021-08-06,sz.002855,8.9500,9.0100,8.8700,8.9600,8.9700,975106,8706461.2000,3,0.396000,1,-0.111500,0
2021-08-09,sz.002855,8.9200,9.0800,8.8700,9.0700,8.9600,1836706,16530244.6600,3,0.746000,1,1.227700,0
2021-08-10,sz.002855,9.0700,9.1500,8.9900,9.0700,9.0700,1303036,11794130.0200,3,0.529200,1,0.000000,0
2021-08-11,sz.002855,9.0300,9.1200,9.0200,9.0900,9.0700,1522802,13830134.0400,3,0.618500,1,0.220500,0
2021-08-12,sz.002855,9.1300,9.1700,9.1000,9.1300,9.0900,1382537,12638193.7400,3,0.561500,1,0.440000,0
2021-08-13,sz.002855,9.0900,9.1800,9.0600,9.1500,9.1300,1091267,9954065.7100,3,0.443200,1,0.219100,0
2021-08-16,sz.002855,9.1000,9.2800,9.0800,9.2300,9.1500,1447267,13322203.0800,3,0.587800,1,0.874300,0
2021-08-17,sz.002855,9.1800,9.2700,9.0000,9.0400,9.2300,1283267,11723724.3600,3,0.521200,1,-2.058500,0
2021-08-18,sz.002855,9.0400,9.4000,9.0400,9.2400,9.0400,1190867,10889656.1800,3,0.483700,1,2.212400,0
2021-08-19,sz.002855,9.1600,9.2700,9.1200,9.2000,9.2400,889067,8169835.0500,3,0.361100,1,-0.432900,0
2021-08-20,sz.002855,9.2200,9.2200,9.0300,9.1300,9.2000,893096,8130006.8400,3,0.362700,1,-0.760900,0
2021-08-23,sz.002855,9.1300,9.3800,9.1300,9.3400,9.1300,1798596,16746474.6400,3,0.730500,1,2.300100,0
2021-08-24,sz.002855,9.2800,9.3900,9.2500,9.2900,9.3400,1497700,13950209.0000,3,0.608300,1,-0.535300,0
2021-08-25,sz.002855,9.3500,9.4600,9.3100,9.4300,9.2900,1774367,16715941.4500,3,0.720700,1,1.507000,0
2021-08-26,sz.002855,9.4400,9.4500,9.3400,9.3500,9.4300,1057433,9927940.8700,3,0.429500,1,-0.848400,0
2021-08-27,sz.002855,9.3600,9.4000,9.1700,9.2600,9.3500,1262600,11680406.0000,3,0.512800,1,-0.962600,0
2021-08-30,sz.002855,9.0100,9.1000,8.7000,8.7700,9.2600,2825800,25099329.0000,3,1.148700,1,-5.291600,0
2021-08-31,sz.002855,8.7600,8.7600,8.5600,8.6500,8.7700,2156200,18598576.0000,3,0.876500,1,-1.368300,0
2021-09-01,sz.002855,8.6700,8.7900,8.6000,8.7500,8.6500,1851538,16130635.0800,3,0.752700,1,1.156100,0
2021-09-02,sz.002855,8.8200,8.8200,8.6600,8.7300,8.7500,1155314,10059317.3800,3,0.469700,1,-0.228600,0
2021-09-03,sz.002855,8.7400,8.8500,8.7300,8.8200,8.7300,1277200,11244985.0000,3,0.519200,1,1.030900,0
2021-09-06,sz.002855,8.8500,8.9300,8.7800,8.9300,8.8200,1096400,9712791.0000,3,0.445700,1,1.247200,0
2021-09-07,sz.002855,8.9000,8.9600,8.8600,8.9200,8.9300,981800,8763833.0000,3,0.399100,1,-0.112000,0
2021-09-08,sz.002855,8.9300,9.3500,8.9200,9.2800,8.9200,2739025,25116569.8400,3,1.113500,1,4.035900,0
2021-09-09,sz.002855,9.2600,9.2900,9.2000,9.2500,9.2800,993125,9178690.0000,3,0.403700,1,-0.323300,0
2021-09-10,sz.002855,9.2500,9.2500,9.0900,9.1400,9.2500,1202789,10996579.9700,3,0.489000,1,-1.189200,0
2021-09-13,sz.002855,9.1400,9.2100,9.0800,9.1600,9.1400,982498,8972831.7200,3,0.399400,1,0.218800,0
2021-09-14,sz.002855,9.1100,9.2200,9.0500,9.0900,9.1600,799300,7289840.0000,3,0.324900,1,-0.764200,0
2021-09-15,sz.002855,9.1500,9.2100,9.0300,9.1400,9.0900,926400,8430301.0000,3,0.376600,1,0.550100,0
2021-09-16,sz.002855,9.1600,9.2700,9.0300,9.0800,9.1400,1069700,9795189.0000,3,0.434900,1,-0.656500,0
2021-09-17,sz.002855,9.0600,9.0900,8.8200,8.9100,9.0800,1435600,12827605.0000,3,0.583600,1,-1.872200,0
2021-09-22,sz.002855,8.8000,8.9400,8.8000,8.8800,8.9100,685600,6085698.0000,3,0.278700,1,-0.336700,0
2021-09-23,sz.002855,8.9500,9.0500,8.9000,8.9800,8.8800,851200,7643727.0000,3,0.346000,1,1.126100,0
2021-09-24,sz.002855,9.0400,9.0500,8.8500,8.8800,8.9800,841715,7493488.3500,3,0.342200,1,-1.113600,0
2021-09-27,sz.002855,8.9000,8.9500,8.6000,8.7100,8.8800,1162600,10195557.0000,3,0.472600,1,-1.914400,0
2021-09-28,sz.002855,8.7100,8.7800,8.6100,8.7200,8.7100,808972,7011676.9000,3,0.328900,1,0.114800,0
2021-09-29,sz.002855,8.6900,8.7400,8.5600,8.5900,8.7200,815200,7019351.0000,3,0.331400,1,-1.490800,0
2021-09-30,sz.002855,8.5700,8.8800,8.5600,8.7700,8.5900,883200,7727305.0000,3,0.359000,1,2.095500,0
2021-10-08,sz.002855,8.8000,9.1300,8.8000,9.0500,8.7700,1251200,11265246.0000,3,0.508600,1,3.192700,0
2021-10-11,sz.002855,9.0900,9.1000,8.9200,8.9600,9.0500,786600,7065375.0000,3,0.319800,1,-0.994500,0
2021-10-12,sz.002855,8.9700,9.0000,8.8300,8.8900,8.9600,457002,4069880.8600,3,0.185800,1,-0.781300,0
2021-10-13,sz.002855,8.8900,8.9900,8.7600,8.9300,8.8900,570000,5046464.0000,3,0.231700,1,0.449900,0
2021-10-14,sz.002855,8.8800,8.9200,8.8100,8.8700,8.9300,417900,3701669.0000,3,0.169900,1,-0.671900,0
2021-10-15,sz.002855,8.8300,8.8400,8.0000,8.3900,8.8700,3108398,26130483.5800,3,1.263600,1,-5.411500,0
2021-10-18,sz.002855,8.2000,8.3900,8.1700,8.2800,8.3900,1323900,10895823.0000,3,0.538200,1,-1.311100,0
2021-10-19,sz.002855,8.2500,8.3200,8.2000,8.2500,8.2800,747900,6178724.0000,3,0.304000,1,-0.362300,0
2021-10-20,sz.002855,8.2500,8.3700,8.2000,8.3300,8.2500,908498,7558624.3200,3,0.369300,1,0.969700,0
2021-10-21,sz.002855,8.3700,8.4400,8.2200,8.2600,8.3300,491915,4074313.3000,3,0.200000,1,-0.840300,0
2021-10-22,sz.002855,8.2300,8.2500,8.1300,8.1600,8.2600,655554,5369292.2600,3,0.266500,1,-1.210700,0
2021-10-25,sz.002855,8.1600,8.2000,8.0600,8.0900,8.1600,541670,4385137.6000,3,0.220200,1,-0.857800,0
2021-10-26,sz.002855,8.0700,8.4400,8.0700,8.1900,8.0900,839100,6859137.1700,3,0.341100,1,1.236100,0
2021-10-27,sz.002855,8.1800,8.1800,7.8100,7.8600,8.1900,1428824,11317771.3200,3,0.580800,1,-4.029300,0
2021-10-28,sz.002855,7.9100,7.9800,7.7600,7.9000,7.8600,604379,4751689.8900,3,0.245700,1,0.508900,0
2021-10-29,sz.002855,7.8300,8.0500,7.8100,7.9800,7.9000,476100,3792825.0000,3,0.193500,1,1.012700,0
2021-11-01,sz.002855,8.0600,8.0700,7.9000,7.9800,7.9800,413400,3300972.0000,3,0.168100,1,0.000000,0
2021-11-02,sz.002855,7.9800,8.0200,7.7800,7.8400,7.9800,660167,5208029.9500,3,0.268400,1,-1.754400,0
2021-11-03,sz.002855,7.8400,7.9500,7.8400,7.9100,7.8400,348900,2755950.0000,3,0.141800,1,0.892900,0
2021-11-04,sz.002855,7.9000,8.4500,7.9000,8.2000,7.9100,2185268,17989470.9200,3,0.888400,1,3.666200,0
2021-11-05,sz.002855,8.1500,8.4300,8.1200,8.3100,8.2000,1414261,11717406.4200,3,0.574900,1,1.341500,0
2021-11-08,sz.002855,8.2200,8.3300,8.1100,8.2400,8.3100,706300,5787157.0000,3,0.287100,1,-0.842400,0
2021-11-09,sz.002855,8.2600,8.4700,8.2600,8.4200,8.2400,1209593,10145348.0000,3,0.491700,1,2.184500,0
2021-11-10,sz.002855,8.4200,8.4800,8.3300,8.4600,8.4200,809101,6802842.4500,3,0.328900,1,0.475100,0
2021-11-11,sz.002855,8.5100,8.5400,8.4300,8.4500,8.4600,629600,5340867.0000,3,0.255900,1,-0.118200,0
2021-11-12,sz.002855,8.4300,8.5800,8.4100,8.5400,8.4500,714801,6083350.5200,3,0.290600,1,1.065100,0
2021-11-15,sz.002855,8.4800,8.7200,8.4800,8.6400,8.5400,1242600,10733572.0000,3,0.505100,1,1.171000,0
2021-11-16,sz.002855,8.5800,8.7200,8.5300,8.5500,8.6400,754100,6501377.0000,3,0.306600,1,-1.041700,0
2021-11-17,sz.002855,8.5600,8.6500,8.4300,8.6000,8.5500,1190299,10184043.4000,3,0.483900,1,0.584800,0
2021-11-18,sz.002855,8.6500,8.8900,7.7400,8.5000,8.6000,1947431,16923961.2500,3,0.791700,1,-1.162800,0
2021-11-19,sz.002855,8.5100,8.8100,8.4900,8.7400,8.5000,1407232,12279714.1600,3,0.572100,1,2.823500,0
2021-11-22,sz.002855,8.7500,8.8500,8.6300,8.6800,8.7400,1063600,9255128.0000,3,0.432400,1,-0.686500,0
2021-11-23,sz.002855,8.6300,8.7500,8.5900,8.6700,8.6800,983207,8511502.5500,3,0.399700,1,-0.115200,0
2021-11-24,sz.002855,8.7000,8.8500,8.6100,8.7500,8.6700,1181200,10310611.0000,3,0.480200,1,0.922700,0
2021-11-25,sz.002855,8.8200,8.8400,8.7000,8.7600,8.7500,878558,7706917.6800,3,0.357200,1,0.114300,0
2021-11-26,sz.002855,8.8400,8.8400,8.6600,8.7900,8.7600,774800,6760525.0000,3,0.315000,1,0.342500,0
2021-11-29,sz.002855,8.7600,8.7600,8.5500,8.6200,8.7900,624700,5392617.0000,3,0.254000,1,-1.934000,0
2021-11-30,sz.002855,8.6200,8.9000,8.6000,8.7900,8.6200,1145088,10062464.2800,3,0.465500,1,1.972200,0
2021-12-01,sz.002855,8.7900,8.9600,8.7300,8.9300,8.7900,1530120,13578535.0000,3,0.622000,1,1.592700,0
2021-12-02,sz.002855,8.9300,9.8200,8.8100,9.8200,8.9300,6731251,64560036.1600,3,2.736400,1,9.966400,0
2021-12-03,sz.002855,9.8100,9.8100,9.0900,9.1200,9.8200,10344577,96034706.6300,3,4.205300,1,-7.128300,0
2021-12-06,sz.002855,8.9800,9.2900,8.9300,9.1200,9.1200,4688904,42632402.1600,3,1.906100,1,0.000000,0
2021-12-07,sz.002855,9.0700,9.1500,8.7600,8.7900,9.1200,3063569,27235186.1700,3,1.245400,1,-3.618400,0
2021-12-08,sz.002855,8.8200,8.9300,8.7600,8.8700,8.7900,2087409,18481246.0800,3,0.848600,1,0.910100,0
2021-12-09,sz.002855,8.7600,8.9400,8.7600,8.8900,8.8700,2396619,21240947.1200,3,0.974300,1,0.225500,0
2021-12-10,sz.002855,8.8300,8.9500,8.8100,8.8800,8.8900,1462718,13009123.5800,3,0.594600,1,-0.112500,0
2021-12-13,sz.002855,8.8900,8.9900,8.7800,8.8100,8.8800,1663500,14714089.0000,3,0.676200,1,-0.788300,0
2021-12-14,sz.002855,8.8100,8.9800,8.7200,8.9600,8.8100,1865100,16586591.0000,3,0.758200,1,1.702600,0
2021-12-15,sz.002855,8.9800,9.2300,8.9000,9.1400,8.9600,3230601,29296512.3400,3,1.313300,1,2.008900,0
2021-12-16,sz.002855,9.0800,9.1300,9.0300,9.1200,9.1400,1612965,14642559.6000,3,0.655700,1,-0.218800,0
2021-12-17,sz.002855,9.0700,9.1200,8.9700,9.0200,9.1200,1459800,13167529.0000,3,0.593400,1,-1.096500,0
2021-12-20,sz.002855,8.9900,9.0900,8.9400,8.9800,9.0200,1320500,11916390.0000,3,0.536800,1,-0.443500,0
2021-12-21,sz.002855,8.9700,9.1400,8.9400,9.0900,8.9800,1557208,14093638.6000,3,0.633000,1,1.224900,0
2021-12-22,sz.002855,9.0800,9.2000,9.0600,9.1600,9.0900,1758500,16077997.2200,3,0.714900,1,0.770100,0
2021-12-23,sz.002855,9.1300,9.1500,9.0100,9.0600,9.1600,992500,8994238.0000,3,0.403500,1,-1.091700,0
2021-12-24,sz.002855,9.0000,9.1200,8.9000,8.9400,9.0600,1020341,9145516.1400,3,0.414800,1,-1.324500,0
2021-12-27,sz.002855,8.8800,9.0000,8.7800,8.9400,8.9400,874900,7788934.0000,3,0.355700,1,0.000000,0
2021-12-28,sz.002855,8.9100,9.1000,8.9100,9.0500,8.9400,976441,8812614.3100,3,0.396900,1,1.230400,0
2021-12-29,sz.002855,9.0800,9.1500,8.9200,9.0300,9.0500,946700,8562700.0000,3,0.384900,1,-0.221000,0
2021-12-30,sz.002855,9.0100,9.1200,9.0000,9.1000,9.0300,969199,8794911.7200,3,0.394000,1,0.775200,0
2021-12-31,sz.002855,9.1200,9.1500,9.0500,9.0900,9.1000,819641,7441058.4600,3,0.333200,1,-0.109900,0
