date,code,open,high,low,close,preclose,volume,amount,adjustflag,turn,tradestatus,pctChg,isST
2021-01-04,sz.002877,7.1800,7.2700,7.1500,7.2500,7.1700,981556,7090771.3200,3,0.480300,1,1.115800,0
2021-01-05,sz.002877,7.2800,7.2800,7.1500,7.1800,7.2500,1058560,7616917.2000,3,0.518000,1,-0.965500,0
2021-01-06,sz.002877,7.1700,7.2000,6.9900,7.0800,7.1800,1350105,9544942.2000,3,0.660700,1,-1.392800,0
2021-01-07,sz.002877,7.0700,7.0800,6.8800,6.9100,7.0800,1714236,11949934.6800,3,0.838900,1,-2.401100,0
2021-01-08,sz.002877,6.9000,7.0500,6.6900,7.0400,6.9100,1507376,10333979.2700,3,0.737600,1,1.881300,0
2021-01-11,sz.002877,7.0500,7.0500,6.8100,6.8500,7.0400,1299876,9008998.9200,3,0.636100,1,-2.698900,0
2021-01-12,sz.002877,6.7900,6.9400,6.7500,6.8800,6.8500,717440,4924924.1500,3,0.351100,1,0.438000,0
2021-01-13,sz.002877,6.8800,7.1900,6.6000,7.0700,6.8800,3361318,23003302.0700,3,1.644900,1,2.761600,0
2021-01-14,sz.002877,7.0700,7.0700,6.8000,6.9500,7.0700,2362424,16345936.0400,3,1.156100,1,-1.697300,0
2021-01-15,sz.002877,6.9600,6.9800,6.8000,6.9300,6.9500,1206112,8308356.5600,3,0.590200,1,-0.287800,0
2021-01-18,sz.002877,6.8800,7.0300,6.8700,7.0000,6.9300,1267836,8818748.8000,3,0.620400,1,1.010100,0
2021-01-19,sz.002877,7.0700,7.1500,6.9900,7.0500,7.0000,1288220,9086730.0000,3,0.630400,1,0.714300,0
2021-01-20,sz.002877,7.0500,7.2200,7.0500,7.1200,7.0500,1250856,8934148.0800,3,0.612100,1,0.992900,0
2021-01-21,sz.002877,7.0500,7.1900,7.0500,7.1500,7.1200,1159252,8283338.9200,3,0.567300,1,0.421300,0
2021-01-22,sz.002877,7.2000,7.2000,6.9600,6.9800,7.1500,1079300,7600643.0000,3,0.528200,1,-2.377600,0
2021-01-25,sz.002877,6.8700,7.0400,6.8700,6.8800,6.9800,866112,6013619.3200,3,0.423800,1,-1.432700,0
2021-01-26,sz.002877,6.8800,6.9800,6.7700,6.8000,6.8800,777600,5326093.0000,3,0.380500,1,-1.162800,0
2021-01-27,sz.002877,6.8000,6.8800,6.7500,6.7800,6.8000,644780,4383356.4000,3,0.315500,1,-0.294100,0
2021-01-28,sz.002877,6.7800,6.8200,6.6800,6.7200,6.7800,800077,5386697.8400,3,0.391500,1,-0.885000,0
2021-01-29,sz.002877,6.7500,6.7500,6.4000,6.4600,6.7200,1280984,8383444.8000,3,0.626900,1,-3.869000,0
2021-02-01,sz.002877,6.4800,6.5400,6.1100,6.3800,6.4600,710900,4554440.0000,3,0.347900,1,-1.238400,0
2021-02-02,sz.002877,6.4200,6.4900,6.3300,6.4300,6.3800,819800,5241226.4000,3,0.401200,1,0.783700,0
2021-02-03,sz.002877,6.5000,6.6100,6.4100,6.4100,6.4300,857584,5597626.8800,3,0.419700,1,-0.311000,0
2021-02-04,sz.002877,6.4200,6.4200,6.0900,6.1800,6.4100,1345208,8372384.0000,3,0.658300,1,-3.588100,0
2021-02-05,sz.002877,6.1400,6.3100,6.1100,6.1600,6.1800,568640,3519122.8000,3,0.278300,1,-0.323600,0
2021-02-08,sz.002877,6.1700,6.2800,6.0500,6.0600,6.1600,682092,4155710.3600,3,0.333800,1,-1.623400,0
2021-02-09,sz.002877,6.1200,6.2200,6.0500,6.2000,6.0600,780060,4778450.0000,3,0.381700,1,2.310200,0
2021-02-10,sz.002877,6.1500,6.3000,6.1500,6.2800,6.2000,819016,5116239.6800,3,0.400800,1,1.290300,0
2021-02-18,sz.002877,6.4500,6.6800,6.3300,6.4900,6.2800,1397036,9055062.9200,3,0.683700,1,3.343900,0
2021-02-19,sz.002877,6.4800,6.6200,6.4400,6.6100,6.4900,952624,6243392.0400,3,0.466200,1,1.849000,0
2021-02-22,sz.002877,6.6400,6.8400,6.6400,6.6600,6.6100,1219976,8211199.5200,3,0.597000,1,0.756400,0
2021-02-23,sz.002877,6.6200,6.7300,6.5500,6.5700,6.6600,866456,5702713.5600,3,0.424000,1,-1.351400,0
2021-02-24,sz.002877,6.5900,6.7500,6.5300,6.6000,6.5700,1009800,6714280.2400,3,0.494200,1,0.456600,0
2021-02-25,sz.002877,6.6000,6.7500,6.5900,6.5900,6.6000,788640,5225336.3600,3,0.385900,1,-0.151500,0
2021-02-26,sz.002877,6.5600,6.7300,6.4500,6.6500,6.5900,1387328,9186000.1200,3,0.678900,1,0.910500,0
2021-03-01,sz.002877,6.8500,6.9600,6.7900,6.9000,6.6500,2321012,15953310.1600,3,1.135800,1,3.759400,0
2021-03-02,sz.002877,6.9300,6.9300,6.7300,6.7700,6.9000,1288912,8759424.2800,3,0.630700,1,-1.884100,0
2021-03-03,sz.002877,6.7700,6.8400,6.7200,6.7900,6.7700,823960,5583356.4800,3,0.403200,1,0.295400,0
2021-03-04,sz.002877,6.7800,6.8700,6.7200,6.7400,6.7900,934552,6347318.9600,3,0.457300,1,-0.736400,0
2021-03-05,sz.002877,6.7400,6.9500,6.7100,6.9000,6.7400,1160160,7955039.8000,3,0.567700,1,2.373900,0
2021-03-08,sz.002877,7.0800,7.0800,6.8100,6.8100,6.9000,1113340,7676092.4000,3,0.544800,1,-1.304300,0
2021-03-09,sz.002877,6.8600,6.9300,6.6000,6.7800,6.8100,1003076,6794805.8400,3,0.490900,1,-0.440500,0
2021-03-10,sz.002877,6.7800,6.9200,6.6200,6.6700,6.7800,811212,5441185.5200,3,0.397000,1,-1.622400,0
2021-03-11,sz.002877,6.6300,6.7300,6.5600,6.7100,6.6700,835300,5569646.6000,3,0.408800,1,0.599700,0
2021-03-12,sz.002877,6.6600,6.7600,6.6300,6.6800,6.7100,919032,6154030.4000,3,0.449700,1,-0.447100,0
2021-03-15,sz.002877,6.6800,6.7300,6.6300,6.7200,6.6800,901612,6023709.4400,3,0.441200,1,0.598800,0
2021-03-16,sz.002877,6.6500,6.7400,6.6500,6.7300,6.7200,802460,5380130.2000,3,0.392700,1,0.148800,0
2021-03-17,sz.002877,6.7800,6.9300,6.7200,6.8900,6.7300,1786296,12162405.7500,3,0.874100,1,2.377400,0
2021-03-18,sz.002877,6.7800,7.0100,6.7800,6.9000,6.8900,2097548,14543892.5600,3,1.026500,1,0.145100,0
2021-03-19,sz.002877,6.8200,6.9900,6.7600,6.8500,6.9000,1149581,7929463.4300,3,0.562600,1,-0.724600,0
2021-03-22,sz.002877,6.8500,7.1800,6.8500,7.1000,6.8500,2658812,18722923.0600,3,1.301100,1,3.649600,0
2021-03-23,sz.002877,7.1000,7.1500,6.9900,7.0600,7.1000,1144400,8066866.6000,3,0.560000,1,-0.563400,0
2021-03-24,sz.002877,6.9900,7.1000,6.9600,6.9600,7.0600,1095876,7690668.5200,3,0.536300,1,-1.416400,0
2021-03-25,sz.002877,6.9800,7.0300,6.9200,6.9500,6.9600,769951,5361764.9800,3,0.376800,1,-0.143700,0
2021-03-26,sz.002877,7.0000,7.0800,6.9300,6.9600,6.9500,827131,5773643.4500,3,0.404800,1,0.143900,0
2021-03-29,sz.002877,6.9800,7.0100,6.8400,6.8400,6.9600,968200,6695155.6000,3,0.473800,1,-1.724100,0
2021-03-30,sz.002877,6.8100,6.8400,6.6600,6.7500,6.8400,813472,5488229.6800,3,0.398100,1,-1.315800,0
2021-03-31,sz.002877,6.7600,6.8300,6.6700,6.8300,6.7500,622388,4217864.4400,3,0.302300,1,1.185200,0
2021-04-01,sz.002877,6.8200,7.0500,6.7800,7.0500,6.8300,2011863,13990465.1200,3,0.977300,1,3.221100,0
2021-04-02,sz.002877,7.1100,7.2500,6.9700,7.1600,7.0500,3401944,24151449.4000,3,1.652500,1,1.560300,0
2021-04-06,sz.002877,7.1800,7.1800,6.9500,6.9800,7.1600,1907807,13375886.9900,3,0.926700,1,-2.514000,0
2021-04-07,sz.002877,6.9800,7.0400,6.9400,6.9700,6.9800,700200,4875304.0000,3,0.340100,1,-0.143300,0
2021-04-08,sz.002877,6.9700,6.9700,6.8000,6.8400,6.9700,1459152,10004533.3600,3,0.708800,1,-1.865100,0
2021-04-09,sz.002877,6.7500,7.0700,6.7500,7.0500,6.8400,2311100,16079166.0000,3,1.122600,1,3.070200,0
2021-04-12,sz.002877,7.2400,7.2400,6.9400,7.0700,7.0500,2011243,14214535.3300,3,0.977000,1,0.283700,0
2021-04-13,sz.002877,7.1100,7.3100,7.0000,7.1400,7.0700,3770316,27151615.5600,3,1.831500,1,0.990100,0
2021-04-14,sz.002877,7.0800,7.7200,7.0300,7.6100,7.1400,8019525,59311806.0700,3,3.895600,1,6.582600,0
2021-04-15,sz.002877,7.4700,7.9000,7.3500,7.3600,7.6100,7947186,60272779.0000,3,3.860400,1,-3.285200,0
2021-04-16,sz.002877,7.1600,7.2400,7.0200,7.2100,7.3600,4788164,34161941.5600,3,2.325900,1,-2.038000,0
2021-04-19,sz.002877,7.1400,7.2100,7.1400,7.1800,7.2100,2185340,15693354.0000,3,1.061600,1,-0.416100,0
2021-04-20,sz.002877,7.1900,7.2300,7.0200,7.0800,7.1800,2008900,14314086.6000,3,0.975800,1,-1.392800,0
2021-04-21,sz.002877,7.0500,7.1400,7.0000,7.0800,7.0800,1150574,8138665.3000,3,0.558900,1,0.000000,0
2021-04-22,sz.002877,7.0800,7.1400,7.0500,7.0900,7.0800,795534,5627057.6000,3,0.386400,1,0.141200,0
2021-04-23,sz.002877,7.1000,7.1300,6.8900,6.9000,7.0900,1870960,13000502.6000,3,0.908800,1,-2.679800,0
2021-04-26,sz.002877,6.8500,6.9200,6.8000,6.9200,6.9000,900258,6196587.8800,3,0.437300,1,0.289900,0
2021-04-27,sz.002877,6.9100,6.9100,6.5200,6.6900,6.9200,1514520,10161511.4000,3,0.735700,1,-3.323700,0
2021-04-28,sz.002877,6.6500,6.7400,6.6500,6.7100,6.6900,535900,3594469.0000,3,0.260300,1,0.299000,0
2021-04-29,sz.002877,6.7100,6.7400,6.6600,6.7100,6.7100,500668,3358906.0000,3,0.243200,1,0.000000,0
2021-04-30,sz.002877,6.7100,6.7300,6.5500,6.6100,6.7100,866360,5752132.2000,3,0.420800,1,-1.490300,0
2021-05-06,sz.002877,6.6100,6.6900,6.5300,6.5600,6.6100,1158912,7619985.6800,3,0.563000,1,-0.756400,0
2021-05-07,sz.002877,6.5600,6.5800,6.4500,6.4800,6.5600,1065280,6911049.4000,3,0.517500,1,-1.219500,0
2021-05-10,sz.002877,6.4800,6.4900,6.4000,6.4200,6.4800,965184,6197589.2400,3,0.468800,1,-0.925900,0
2021-05-11,sz.002877,6.4100,6.4600,6.3600,6.4500,6.4200,2560196,16358909.3600,3,1.243600,1,0.467300,0
2021-05-12,sz.002877,6.4300,6.4800,6.3700,6.4700,6.4500,1695480,10876462.2000,3,0.823600,1,0.310100,0
2021-05-13,sz.002877,6.4200,6.5300,6.4000,6.4600,6.4700,2306077,14935498.4000,3,1.120200,1,-0.154600,0
2021-05-14,sz.002877,6.4200,6.6300,6.4200,6.5600,6.4600,3093980,20174257.0400,3,1.502900,1,1.548000,0
2021-05-17,sz.002877,6.5700,6.5700,6.4500,6.4600,6.5600,1179365,7636692.5100,3,0.572900,1,-1.524400,0
2021-05-18,sz.002877,6.4500,6.4800,6.3900,6.4300,6.4600,984204,6323148.2800,3,0.478100,1,-0.464400,0
2021-05-19,sz.002877,6.4300,6.5100,6.4000,6.4700,6.4300,1146400,7412001.9800,3,0.556900,1,0.622100,0
2021-05-20,sz.002877,6.4700,6.4700,6.3600,6.3900,6.4700,957765,6126883.1500,3,0.465200,1,-1.236500,0
2021-05-21,sz.002877,6.4000,6.4700,6.3900,6.4600,6.3900,617709,3974760.7900,3,0.300100,1,1.095500,0
2021-05-24,sz.002877,6.4600,6.5300,6.4600,6.5300,6.4600,1281000,8321540.5200,3,0.622300,1,1.083600,0
2021-05-25,sz.002877,6.5500,6.5600,6.4800,6.5300,6.5300,784289,5110975.7200,3,0.381000,1,0.000000,0
2021-05-26,sz.002877,6.6000,6.6000,6.5000,6.5400,6.5300,916128,5991492.4000,3,0.445000,1,0.153100,0
2021-05-27,sz.002877,6.5600,6.5800,6.5300,6.5400,6.5400,999120,6547167.2000,3,0.485300,1,0.000000,0
2021-05-28,sz.002877,6.5500,6.7000,6.4900,6.5100,6.5400,1217576,7987463.0400,3,0.591400,1,-0.458700,0
2021-05-31,sz.002877,6.6000,6.6000,6.4800,6.5300,6.5100,959652,6253306.8000,3,0.466200,1,0.307200,0
2021-06-01,sz.002877,6.5700,6.6100,6.5000,6.5900,6.5300,1144272,7510323.1600,3,0.555800,1,0.918800,0
2021-06-02,sz.002877,6.5900,6.6000,6.5200,6.5400,6.5900,982440,6448405.0400,3,0.477200,1,-0.758700,0
2021-06-03,sz.002877,6.5500,6.5900,6.5100,6.5300,6.5400,1009716,6602147.1600,3,0.490500,1,-0.152900,0
2021-06-04,sz.002877,6.5400,6.5600,6.4500,6.4700,6.5300,961984,6238545.2400,3,0.467300,1,-0.918800,0
2021-06-07,sz.002877,6.5400,6.5400,6.3600,6.4000,6.4700,2369136,15178261.5600,3,1.150800,1,-1.081900,0
2021-06-08,sz.002877,6.3800,6.5500,6.2000,6.5500,6.4000,5572517,35410923.0400,3,2.706900,1,2.343800,0
2021-06-09,sz.002877,6.4800,6.5600,6.4800,6.5100,6.5500,2620060,17071962.6000,3,1.272700,1,-0.610700,0
2021-06-10,sz.002877,6.5600,6.6400,6.5100,6.6300,6.5100,2520180,16574330.0400,3,1.224200,1,1.843300,0
2021-06-11,sz.002877,6.6300,6.6300,6.5400,6.5400,6.6300,1818520,11957509.0000,3,0.883400,1,-1.357500,0
2021-06-15,sz.002877,6.6000,6.6400,6.4600,6.4700,6.5400,1398812,9132851.9200,3,0.679500,1,-1.070300,0
2021-06-16,sz.002877,6.4600,6.5700,6.4500,6.5500,6.4700,2163840,14118608.4000,3,1.051100,1,1.236500,0
2021-06-17,sz.002877,6.5600,6.5900,6.4900,6.5000,6.5500,1376080,8981281.4000,3,0.668400,1,-0.763400,0
2021-06-18,sz.002877,6.5000,6.6500,6.4800,6.6200,6.5000,2411940,15916310.8000,3,1.171600,1,1.846200,0
2021-06-21,sz.002877,6.5700,6.8500,6.5700,6.7500,6.6200,3139293,21116330.5600,3,1.524900,1,1.963700,0
2021-06-22,sz.002877,6.7500,6.7800,6.6700,6.6900,6.7500,2246502,15130041.9600,3,1.091300,1,-0.888900,0
2021-06-23,sz.002877,6.7900,6.7900,6.6000,6.7400,6.6900,2145416,14326235.9900,3,1.042200,1,0.747400,0
2021-06-24,sz.002877,6.7100,6.7500,6.6500,6.6600,6.7400,1329260,8889069.6000,3,0.645700,1,-1.186900,0
2021-06-25,sz.002877,6.6400,6.7200,6.6400,6.6700,6.6600,1256000,8383539.4000,3,0.610100,1,0.150200,0
2021-06-28,sz.002877,6.6500,6.7700,6.6400,6.7700,6.6700,1731268,11652693.0000,3,0.841000,1,1.499300,0
2021-06-29,sz.002877,6.7800,6.7900,6.5800,6.6000,6.7700,1799804,12006041.9600,3,0.874300,1,-2.511100,0
2021-06-30,sz.002877,6.6200,6.6900,6.6000,6.6800,6.6000,920376,6117885.0000,3,0.447100,1,1.212100,0
2021-07-01,sz.002877,6.7100,6.7500,6.5800,6.5800,6.6800,1198500,7955397.4000,3,0.582200,1,-1.497000,0
2021-07-02,sz.002877,6.5700,6.6100,6.4100,6.4500,6.5400,1351716,8739197.5600,3,0.656600,1,-1.376100,0
2021-07-05,sz.002877,6.5600,6.9700,6.5500,6.7000,6.4500,3095352,20836818.8000,3,1.503600,1,3.876000,0
2021-07-06,sz.002877,6.7500,6.7900,6.6100,6.6500,6.7000,1656645,11065358.6500,3,0.804700,1,-0.746300,0
2021-07-07,sz.002877,6.6400,6.7500,6.5800,6.6800,6.6500,1192704,7971408.8400,3,0.579400,1,0.451100,0
2021-07-08,sz.002877,6.7700,6.7700,6.6000,6.6200,6.6800,1420412,9454294.3200,3,0.690000,1,-0.898200,0
2021-07-09,sz.002877,6.6400,6.6600,6.4500,6.6300,6.6200,1618220,10635564.6000,3,0.786100,1,0.151100,0
2021-07-12,sz.002877,6.6900,6.7400,6.5800,6.7400,6.6300,1958669,13077729.4300,3,0.951400,1,1.659100,0
2021-07-13,sz.002877,6.7500,6.7500,6.6400,6.7200,6.7400,1412232,9443468.0400,3,0.686000,1,-0.296700,0
2021-07-14,sz.002877,6.7500,6.7500,6.6500,6.6600,6.7200,1691000,11296989.0000,3,0.821400,1,-0.892900,0
2021-07-15,sz.002877,6.6600,6.6800,6.4600,6.5000,6.6600,2532560,16521702.0000,3,1.230200,1,-2.402400,0
2021-07-16,sz.002877,6.4700,6.5100,6.4000,6.4400,6.5000,1532920,9897075.6000,3,0.744600,1,-0.923100,0
2021-07-19,sz.002877,6.4300,6.4500,6.3300,6.4000,6.4400,1375057,8763895.7700,3,0.667900,1,-0.621100,0
2021-07-20,sz.002877,6.3700,6.4800,6.3600,6.4700,6.4000,1011124,6496861.0000,3,0.491200,1,1.093800,0
2021-07-21,sz.002877,6.4700,6.5300,6.4500,6.4800,6.4700,963920,6246619.6000,3,0.468200,1,0.154600,0
2021-07-22,sz.002877,6.4800,6.5100,6.4400,6.4900,6.4800,941752,6103390.8400,3,0.457500,1,0.154300,0
2021-07-23,sz.002877,6.4800,6.5000,6.3400,6.3400,6.4900,1472300,9419089.2000,3,0.715200,1,-2.311200,0
2021-07-26,sz.002877,6.3200,6.3400,5.7100,6.2400,6.3400,2143318,13340539.0000,3,1.041100,1,-1.577300,0
2021-07-27,sz.002877,6.2300,6.3000,6.1300,6.1500,6.2400,1466753,9115666.9000,3,0.712500,1,-1.442300,0
2021-07-28,sz.002877,6.1800,6.1800,5.9200,6.0100,6.1500,1801613,10876520.7600,3,0.875100,1,-2.276400,0
2021-07-29,sz.002877,6.1000,6.1400,6.0300,6.1000,6.0100,1152488,7002876.0000,3,0.559800,1,1.497500,0
2021-07-30,sz.002877,6.1000,6.1300,6.0300,6.1300,6.1000,829126,5058414.9200,3,0.402800,1,0.491800,0
2021-08-02,sz.002877,6.1300,6.2800,6.0600,6.2700,6.1300,1577123,9796116.6100,3,0.766100,1,2.283800,0
2021-08-03,sz.002877,6.2700,6.4000,6.2100,6.3000,6.2700,1751531,11103718.4400,3,0.850800,1,0.478500,0
2021-08-04,sz.002877,6.3000,6.3700,6.2600,6.3700,6.3000,1297561,8227460.5000,3,0.630300,1,1.111100,0
2021-08-05,sz.002877,6.3500,6.4300,6.3100,6.3700,6.3700,1358772,8682956.0000,3,0.660000,1,0.000000,0
2021-08-06,sz.002877,6.3800,6.4700,6.3700,6.4000,6.3700,1522176,9775420.8400,3,0.739400,1,0.471000,0
2021-08-09,sz.002877,6.3800,6.5200,6.3500,6.4900,6.4000,1446860,9357211.0000,3,0.702800,1,1.406300,0
2021-08-10,sz.002877,6.4500,6.5800,6.4400,6.5500,6.4900,1668052,10911859.2000,3,0.810300,1,0.924500,0
2021-08-11,sz.002877,6.5500,6.5900,6.5000,6.5500,6.5500,1751834,11458084.3800,3,0.851000,1,0.000000,0
2021-08-12,sz.002877,6.5900,6.6200,6.5100,6.5600,6.5500,1541117,10120642.9900,3,0.748600,1,0.152700,0
2021-08-13,sz.002877,6.5700,6.6000,6.4800,6.5300,6.5600,1628903,10636246.5200,3,0.791300,1,-0.457300,0
2021-08-16,sz.002877,6.6200,6.6400,6.5300,6.5700,6.5300,1241715,8159391.4800,3,0.603200,1,0.612600,0
2021-08-17,sz.002877,6.5700,6.6000,6.3500,6.3800,6.5700,1657054,10720084.9600,3,0.804900,1,-2.891900,0
2021-08-18,sz.002877,6.4300,6.5000,6.3800,6.4700,6.3800,1295212,8338288.5200,3,0.629200,1,1.410700,0
2021-08-19,sz.002877,6.4600,6.4700,6.3800,6.4200,6.4700,1005909,6456684.2900,3,0.488600,1,-0.772800,0
2021-08-20,sz.002877,6.4400,6.4800,6.3500,6.4700,6.4200,1448124,9277450.8400,3,0.703400,1,0.778800,0
2021-08-23,sz.002877,6.4700,6.7900,6.3800,6.7900,6.4700,4521644,30251872.4800,3,2.196400,1,4.945900,0
2021-08-24,sz.002877,6.8300,6.8400,6.6800,6.7300,6.7900,2987780,20136338.8000,3,1.451300,1,-0.883700,0
2021-08-25,sz.002877,6.7000,6.8000,6.6700,6.7400,6.7300,1964680,13259861.0000,3,0.954400,1,0.148600,0
2021-08-26,sz.002877,6.7400,6.8900,6.7200,6.7400,6.7400,2516536,17092803.2800,3,1.222400,1,0.000000,0
2021-08-27,sz.002877,6.7400,6.8200,6.6700,6.7000,6.7400,1863704,12563374.7200,3,0.905300,1,-0.593500,0
2021-08-30,sz.002877,6.7000,6.7700,6.6200,6.7000,6.7000,1946929,13044397.5400,3,0.945700,1,0.000000,0
2021-08-31,sz.002877,6.7100,6.7500,6.6500,6.7300,6.7000,1705365,11444123.6500,3,0.828400,1,0.447800,0
2021-09-01,sz.002877,6.7300,7.1200,6.6000,6.8700,6.7300,5540799,37861406.3300,3,2.691500,1,2.080200,0
2021-09-02,sz.002877,6.8000,6.8200,6.6100,6.6600,6.8700,5206648,34672784.1800,3,2.529200,1,-3.056800,0
2021-09-03,sz.002877,6.7000,6.7200,6.6200,6.6400,6.6600,2747952,18306523.5600,3,1.334800,1,-0.300300,0
2021-09-06,sz.002877,6.6500,6.6700,6.5900,6.6700,6.6400,1943888,12918095.5600,3,0.944300,1,0.451800,0
2021-09-07,sz.002877,6.7200,6.8100,6.6500,6.7500,6.6700,3195072,21435912.4000,3,1.552000,1,1.199400,0
2021-09-08,sz.002877,6.7500,6.7900,6.7200,6.7600,6.7500,2291007,15470371.5200,3,1.112900,1,0.148100,0
2021-09-09,sz.002877,6.7700,6.8500,6.7400,6.8500,6.7600,2941206,20030204.4600,3,1.428700,1,1.331400,0
2021-09-10,sz.002877,6.8700,6.9700,6.6800,6.7400,6.8500,3717676,25264948.1800,3,1.805900,1,-1.605800,0
2021-09-13,sz.002877,6.6600,6.7800,6.6600,6.7600,6.7400,1686620,11328265.4000,3,0.819300,1,0.296700,0
2021-09-14,sz.002877,6.7800,6.8000,6.6000,6.6300,6.7600,2022793,13507592.1200,3,0.982600,1,-1.923100,0
2021-09-15,sz.002877,6.6100,6.6900,6.5900,6.6700,6.6300,1378952,9173600.5700,3,0.669800,1,0.603300,0
2021-09-16,sz.002877,6.7200,6.7800,6.6100,6.6100,6.6700,2404531,16115071.3600,3,1.168000,1,-0.899600,0
2021-09-17,sz.002877,6.6200,6.6600,6.4000,6.5200,6.6100,1985044,12943197.8000,3,0.964300,1,-1.361600,0
2021-09-22,sz.002877,6.5000,6.5800,6.4200,6.5400,6.5200,802244,5235586.4800,3,0.389700,1,0.306700,0
2021-09-23,sz.002877,6.5500,6.6900,6.5500,6.6000,6.5400,1328900,8789443.8000,3,0.645500,1,0.917400,0
2021-09-24,sz.002877,6.6700,6.6700,6.4500,6.4600,6.6000,1385184,9045162.7600,3,0.672900,1,-2.121200,0
2021-09-27,sz.002877,6.4600,6.5000,6.1600,6.2000,6.4600,1700600,10705292.0000,3,0.826100,1,-4.024800,0
2021-09-28,sz.002877,6.2000,6.4000,6.0000,6.2600,6.2000,1539556,9551371.6800,3,0.747900,1,0.967700,0
2021-09-29,sz.002877,6.2600,6.2600,6.1000,6.1000,6.2600,947946,5834176.8600,3,0.460500,1,-2.555900,0
2021-09-30,sz.002877,6.1000,6.2100,6.1000,6.1900,6.1000,675273,4159418.1300,3,0.328000,1,1.475400,0
2021-10-08,sz.002877,6.2000,6.3300,6.2000,6.3300,6.1900,971616,6112758.4400,3,0.472000,1,2.261700,0
2021-10-11,sz.002877,6.3300,6.3300,6.2000,6.2800,6.3300,801040,5023012.4000,3,0.389100,1,-0.789900,0
2021-10-12,sz.002877,6.2800,6.3100,6.1100,6.1900,6.2800,1080580,6700168.8000,3,0.524900,1,-1.433100,0
2021-10-13,sz.002877,6.2000,6.3000,6.1800,6.2600,6.1900,733888,4586606.7700,3,0.356500,1,1.130900,0
2021-10-14,sz.002877,6.2100,6.3300,6.2100,6.2800,6.2600,671410,4221951.6000,3,0.326100,1,0.319500,0
2021-10-15,sz.002877,6.2800,6.3800,6.2700,6.2800,6.2800,1061692,6717155.1400,3,0.515700,1,0.000000,0
2021-10-18,sz.002877,6.2800,6.3300,6.2200,6.3100,6.2800,758616,4761068.0400,3,0.368500,1,0.477700,0
2021-10-19,sz.002877,6.2600,6.3800,6.2500,6.3400,6.3100,785024,4967214.2400,3,0.381300,1,0.475400,0
2021-10-20,sz.002877,6.3600,6.4000,6.2900,6.3000,6.3400,752280,4767711.7200,3,0.365400,1,-0.630900,0
2021-10-21,sz.002877,6.2600,6.3500,6.1400,6.1700,6.3000,1268062,7861600.9600,3,0.616000,1,-2.063500,0
2021-10-22,sz.002877,6.1200,6.2300,6.1100,6.1200,6.1700,793880,4886142.2000,3,0.385600,1,-0.810400,0
2021-10-25,sz.002877,6.1200,6.1700,6.0800,6.1600,6.1200,432900,2655291.4000,3,0.210300,1,0.653600,0
2021-10-26,sz.002877,6.1200,6.3000,6.1200,6.1900,6.1600,846120,5218907.0000,3,0.411000,1,0.487000,0
2021-10-27,sz.002877,6.1900,6.2100,6.0800,6.1200,6.1900,1046715,6423563.5500,3,0.508400,1,-1.130900,0
2021-10-28,sz.002877,6.0500,6.1500,5.9800,6.0000,6.1200,1272660,7666605.8000,3,0.618200,1,-1.960800,0
2021-10-29,sz.002877,6.1100,6.1400,6.0000,6.1400,6.0000,940404,5727060.5600,3,0.456800,1,2.333300,0
2021-11-01,sz.002877,6.1400,6.2100,6.0100,6.2000,6.1400,771240,4765040.4000,3,0.374600,1,0.977200,0
2021-11-02,sz.002877,6.2000,6.2700,6.0800,6.1200,6.2000,1054020,6504180.6000,3,0.512000,1,-1.290300,0
2021-11-03,sz.002877,6.2100,6.2300,6.1000,6.1800,6.1200,723380,4468468.3500,3,0.351400,1,0.980400,0
2021-11-04,sz.002877,6.2400,6.2700,6.1300,6.2700,6.1800,867928,5404093.6400,3,0.421600,1,1.456300,0
2021-11-05,sz.002877,6.2900,6.3300,6.2300,6.2900,6.2700,1269708,7992028.3600,3,0.616800,1,0.319000,0
2021-11-08,sz.002877,6.3700,6.3700,6.2600,6.3400,6.2900,1006536,6354369.4400,3,0.488900,1,0.794900,0
2021-11-09,sz.002877,6.3900,6.4300,6.3000,6.4000,6.3400,1121280,7160425.2000,3,0.544700,1,0.946400,0
2021-11-10,sz.002877,6.4000,6.5100,6.3600,6.5000,6.4000,1712960,11052233.2000,3,0.832100,1,1.562500,0
2021-11-11,sz.002877,6.5000,6.5600,6.4600,6.5200,6.5000,1586480,10335517.6000,3,0.770600,1,0.307700,0
2021-11-12,sz.002877,6.5200,6.5800,6.5000,6.5800,6.5200,1274343,8356476.3600,3,0.619000,1,0.920200,0
2021-11-15,sz.002877,6.6100,6.6400,6.5300,6.5900,6.5800,1393076,9155454.7200,3,0.676700,1,0.152000,0
2021-11-16,sz.002877,6.6000,6.6200,6.4600,6.4900,6.5900,1553400,10119764.4000,3,0.754600,1,-1.517500,0
2021-11-17,sz.002877,6.4800,6.6200,6.4700,6.6100,6.4900,2821500,18538575.2000,3,1.370600,1,1.849000,0
2021-11-18,sz.002877,6.5800,6.6200,6.5100,6.5200,6.6100,1375424,9027354.8800,3,0.668100,1,-1.361600,0
2021-11-19,sz.002877,6.5000,6.7200,6.4900,6.6500,6.5200,3111456,20571820.9600,3,1.511400,1,1.993900,0
2021-11-22,sz.002877,6.6800,6.6900,6.5600,6.6100,6.6500,1314964,8682414.0800,3,0.638800,1,-0.601500,0
2021-11-23,sz.002877,6.6100,6.6400,6.5500,6.5600,6.6100,1326360,8726891.2800,3,0.644300,1,-0.756400,0
2021-11-24,sz.002877,6.5600,6.6100,6.5100,6.5500,6.5600,1192364,7821334.3200,3,0.579200,1,-0.152400,0
2021-11-25,sz.002877,6.6000,6.6500,6.5400,6.6300,6.5500,1548580,10233317.2000,3,0.752200,1,1.221400,0
2021-11-26,sz.002877,6.6300,6.6300,6.5200,6.5800,6.6300,1203540,7901444.4800,3,0.584600,1,-0.754100,0
2021-11-29,sz.002877,6.5300,6.5600,6.4400,6.4800,6.5800,1598260,10380069.6400,3,0.776400,1,-1.519800,0
2021-11-30,sz.002877,6.5100,6.6500,6.4700,6.5800,6.4800,1934540,12760762.0000,3,0.939700,1,1.543200,0
2021-12-01,sz.002877,6.6200,6.7000,6.5800,6.6700,6.5800,2067044,13779040.2000,3,1.004100,1,1.367800,0
2021-12-02,sz.002877,6.6800,6.7200,6.6300,6.6600,6.6700,1551860,10338237.8400,3,0.753800,1,-0.149900,0
2021-12-03,sz.002877,6.6900,6.6900,6.6300,6.6600,6.6600,1065980,7099226.3200,3,0.517800,1,0.000000,0
2021-12-06,sz.002877,6.7000,6.7000,6.4700,6.4700,6.6600,2495784,16323938.6800,3,1.212300,1,-2.852900,0
2021-12-07,sz.002877,6.4700,6.5100,6.3800,6.4100,6.4700,1608500,10337070.8000,3,0.781300,1,-0.927400,0
2021-12-08,sz.002877,6.4100,6.4900,6.4100,6.4600,6.4100,1749772,11281062.4400,3,0.850000,1,0.780000,0
2021-12-09,sz.002877,6.4800,6.5000,6.4300,6.4400,6.4600,1693500,10938617.3600,3,0.822600,1,-0.309600,0
2021-12-10,sz.002877,6.4200,6.5300,6.4200,6.5000,6.4400,1252571,8113092.1200,3,0.608400,1,0.931700,0
2021-12-13,sz.002877,6.5000,6.8100,6.4600,6.6300,6.5000,5087532,33865894.2800,3,2.471300,1,2.000000,0
2021-12-14,sz.002877,6.6500,7.1200,6.5800,6.8700,6.6300,10697999,73058910.2000,3,5.196600,1,3.619900,0
2021-12-15,sz.002877,6.8700,6.8800,6.6800,6.7100,6.8700,7483912,50522056.6800,3,3.635400,1,-2.329000,0
2021-12-16,sz.002877,6.7000,6.9000,6.7000,6.7900,6.7100,5589680,38094597.1600,3,2.715200,1,1.192300,0
2021-12-17,sz.002877,6.9000,6.9200,6.7400,6.8200,6.7900,3600360,24450484.2800,3,1.748900,1,0.441800,0
2021-12-20,sz.002877,6.8800,6.8800,6.6800,6.7200,6.8200,3439483,23172638.5500,3,1.670800,1,-1.466300,0
2021-12-21,sz.002877,6.7200,6.8500,6.7200,6.8300,6.7200,4230146,28733359.4200,3,2.054800,1,1.636900,0
2021-12-22,sz.002877,6.8300,6.8800,6.8000,6.8300,6.8300,2851535,19492302.9600,3,1.385200,1,0.000000,0
2021-12-23,sz.002877,6.8500,6.8500,6.7300,6.7500,6.8300,2588260,17513150.4400,3,1.257300,1,-1.171300,0
2021-12-24,sz.002877,6.7500,6.7800,6.6400,6.6700,6.7500,2739120,18320500.6000,3,1.330500,1,-1.185200,0
2021-12-27,sz.002877,6.6000,6.8200,6.6000,6.8200,6.6700,2663944,18023673.8800,3,1.294000,1,2.248900,0
2021-12-28,sz.002877,6.8200,7.0600,6.7600,6.9600,6.8200,6185408,42889009.6000,3,3.004600,1,2.052800,0
2021-12-29,sz.002877,6.9300,6.9600,6.8100,6.9400,6.9600,3542538,24389554.0000,3,1.720800,1,-0.287400,0
2021-12-30,sz.002877,6.9000,7.0100,6.9000,6.9700,6.9400,3353240,23360104.2400,3,1.628900,1,0.432300,0
2021-12-31,sz.002877,6.9900,7.0000,6.9100,6.9200,6.9700,2449299,17023085.0800,3,1.189800,1,-0.717400,0
