date,code,open,high,low,close,preclose,volume,amount,adjustflag,turn,tradestatus,pctChg,isST
2021-01-04,sz.399413,137.1370,138.1660,136.9344,138.0358,136.9250,280133455,49764849776.9000,3,1.568656,1,0.811247,0
2021-01-05,sz.399413,138.0591,138.8146,137.8573,138.7585,138.0358,324467366,63780527684.5600,3,1.816911,1,0.523560,0
2021-01-06,sz.399413,139.0086,139.4399,138.6354,138.9535,138.7585,352529827,68563116618.9100,3,1.974052,1,0.140532,0
2021-01-07,sz.399413,139.0951,139.6348,138.5703,138.8616,138.9535,387397629,77679705465.2200,3,2.169300,1,-0.066137,0
2021-01-08,sz.399413,139.0696,139.2538,138.2818,138.7412,138.8616,386960231,72706371663.6500,3,2.166850,1,-0.086705,0
2021-01-11,sz.399413,138.8309,139.2047,137.9783,138.1579,138.7412,285791300,57229842102.1900,3,1.591655,1,-0.420423,0
2021-01-12,sz.399413,138.0145,139.1308,137.7231,139.0921,138.1579,273600623,53794986929.9900,3,1.523762,1,0.676183,0
2021-01-13,sz.399413,139.1384,139.5341,138.1491,138.4538,139.0921,295084838,58799078374.4200,3,1.643414,1,-0.458905,0
2021-01-14,sz.399413,138.4037,138.4831,137.5206,138.2857,138.4538,345822405,57583739025.2400,3,1.925986,1,-0.121412,0
2021-01-15,sz.399413,138.5821,138.9080,138.1820,138.7087,138.2857,291628807,51930278421.8400,3,1.624166,1,0.305888,0
2021-01-18,sz.399413,138.5911,139.6956,138.4718,139.4319,138.7087,256637698,44380513966.9000,3,1.429290,1,0.521380,0
2021-01-19,sz.399413,139.5381,139.6738,138.8166,138.8961,139.4319,251714717,46251890278.1900,3,1.401873,1,-0.384274,0
2021-01-20,sz.399413,139.0411,139.4760,138.9077,139.1305,138.8961,229477940,41381987496.4600,3,1.278030,1,0.168759,0
2021-01-21,sz.399413,139.3334,140.4551,139.3181,139.9907,139.1305,247421913,43064850303.4500,3,1.377965,1,0.618268,0
2021-01-22,sz.399413,140.0503,140.0957,139.6731,139.9502,139.9907,232159816,44328449908.5100,3,1.292966,1,-0.028930,0
2021-01-25,sz.399413,139.9700,140.5046,139.4462,139.6284,139.9502,233707497,45366738647.5300,3,1.301585,1,-0.229939,0
2021-01-26,sz.399413,139.7384,139.7452,138.4777,138.6621,139.6284,216916965,39720034896.0000,3,1.208074,1,-0.692051,0
2021-01-27,sz.399413,138.5903,138.9544,138.0131,138.4988,138.6621,259450680,45247396434.7800,3,1.444957,1,-0.117768,0
2021-01-28,sz.399413,138.1631,138.1631,136.1086,136.1840,138.4988,292185683,47036639915.1400,3,1.627267,1,-1.671350,0
2021-01-29,sz.399413,136.4830,136.7314,133.6983,134.4405,136.1840,249060168,40227863080.6700,3,1.387089,1,-1.280253,0
2021-02-01,sz.399413,134.5725,134.9429,134.1332,134.7075,134.4405,238870895,35523172510.4900,3,1.326927,1,0.198601,0
2021-02-02,sz.399413,134.8883,134.9170,134.3518,134.5468,134.7075,278265615,44309963382.6800,3,1.541699,1,-0.119296,0
2021-02-03,sz.399413,134.7094,134.7929,133.7872,133.8796,134.5468,245144174,40151603827.8600,3,1.361776,1,-0.495887,0
2021-02-04,sz.399413,133.8448,133.8456,131.1340,131.9774,133.8796,255079777,39586841198.9500,3,1.413241,1,-1.420829,0
2021-02-05,sz.399413,132.2372,132.6972,131.3292,131.3863,131.9774,274748338,40890331239.7900,3,1.526227,1,-0.447880,0
2021-02-08,sz.399413,131.5528,132.3656,130.9434,132.2517,131.3863,226980077,35137762429.2700,3,1.220911,1,0.658668,0
2021-02-09,sz.399413,132.4191,134.4232,132.4191,134.2342,132.2517,222771478,35159906386.1700,3,1.198273,1,1.499036,0
2021-02-10,sz.399413,134.4206,135.4659,134.4206,135.2208,134.2342,202365950,31327024017.4200,3,1.088513,1,0.734984,0
2021-02-18,sz.399413,136.7531,137.1946,135.9455,136.3591,135.2208,191180041,30138615502.9700,3,1.027682,1,0.841808,0
2021-02-19,sz.399413,136.1562,137.5180,136.0141,137.4704,136.3591,214866218,31999641038.8400,3,1.155006,1,0.814980,0
2021-02-22,sz.399413,138.0415,139.3686,137.8970,138.2164,137.4704,271471765,41479931834.5000,3,1.459288,1,0.542662,0
2021-02-23,sz.399413,138.0576,138.3121,137.5532,137.6810,138.2164,211766374,32115802586.1600,3,1.138343,1,-0.387364,0
2021-02-24,sz.399413,137.7733,138.0324,135.8576,136.2762,137.6810,214103927,34096689395.1900,3,1.150909,1,-1.020330,0
2021-02-25,sz.399413,136.7908,136.9635,136.1787,136.2560,136.2762,179337389,28775758920.6800,3,0.964022,1,-0.014823,0
2021-02-26,sz.399413,135.5495,135.8537,135.0444,135.3867,136.2560,205628369,31273362002.5500,3,1.105349,1,-0.637990,0
2021-03-01,sz.399413,135.7602,136.5705,135.7602,136.4191,135.3867,210439378,31408957397.3400,3,1.130189,1,0.762556,0
2021-03-02,sz.399413,136.5904,136.7992,135.5598,135.9894,136.4191,208724829,33430955295.5000,3,1.120981,1,-0.314985,0
2021-03-03,sz.399413,136.0567,137.3159,135.9767,137.2716,135.9894,216673811,32518765725.3600,3,1.163672,1,0.942868,0
2021-03-04,sz.399413,137.0631,137.0688,136.1516,136.1866,137.2716,211175321,31607201435.5400,3,1.134141,1,-0.790404,0
2021-03-05,sz.399413,135.8895,136.3559,135.3278,136.1142,136.1866,214895990,31848871813.9500,3,1.154124,1,-0.053162,0
2021-03-08,sz.399413,136.5567,137.0014,135.1149,135.1374,136.1142,219529183,31579311798.1300,3,1.179007,1,-0.717633,0
2021-03-09,sz.399413,135.1970,135.5755,133.7272,134.5773,135.1374,271582220,39428540235.8400,3,1.458564,1,-0.414467,0
2021-03-10,sz.399413,134.9761,135.3242,134.7112,134.7735,134.5773,339031877,51260784813.6200,3,1.820810,1,0.145790,0
2021-03-11,sz.399413,135.0472,136.3207,135.0472,136.1346,134.7735,363581408,56794807315.9700,3,1.952656,1,1.009917,0
2021-03-12,sz.399413,136.2868,136.8278,136.1914,136.6499,136.1346,290639928,45849598614.3700,3,1.560915,1,0.378522,0
2021-03-15,sz.399413,136.8761,137.3282,136.2864,136.5601,136.6499,273828625,39779325109.5700,3,1.466789,1,-0.065715,0
2021-03-16,sz.399413,136.6209,137.0484,136.3344,136.7955,136.5601,261864270,38040329038.9800,3,1.402701,1,0.172378,0
2021-03-17,sz.399413,136.9015,137.0861,136.3866,136.8937,136.7955,264460393,37599557527.2900,3,1.416607,1,0.071786,0
2021-03-18,sz.399413,137.0406,137.6935,137.0406,137.2942,136.8937,224609998,33416415116.4900,3,1.203145,1,0.292563,0
2021-03-19,sz.399413,137.0236,137.2337,136.6040,136.7252,137.2942,239357221,35659195744.6500,3,1.282140,1,-0.414438,0
2021-03-22,sz.399413,136.8672,137.6995,136.8672,137.6242,136.7252,233649276,34210185809.2100,3,1.251564,1,0.657523,0
2021-03-23,sz.399413,137.6970,137.8688,136.7033,136.7371,137.6242,234724508,38337162320.5200,3,1.257324,1,-0.644581,0
2021-03-24,sz.399413,136.6255,136.6797,135.3916,135.4261,136.7371,259486296,38102382839.2900,3,1.389963,1,-0.958774,0
2021-03-25,sz.399413,135.4559,135.5749,135.0924,135.1191,135.4261,210669242,29877221201.1800,3,1.128470,1,-0.226692,0
2021-03-26,sz.399413,135.2446,136.1786,135.2446,136.0109,135.1191,227721986,32004631878.4500,3,1.219814,1,0.660010,0
2021-03-29,sz.399413,136.1855,136.5884,136.0711,136.2968,136.0109,202972669,30070036563.3500,3,1.087242,1,0.210204,0
2021-03-30,sz.399413,136.2471,136.4242,135.9962,136.3601,136.2968,234148222,33149932209.3000,3,1.254237,1,0.046443,0
2021-03-31,sz.399413,136.3227,136.3988,136.0218,136.2018,136.3601,216146504,31661733807.8900,3,1.157809,1,-0.116090,0
2021-04-01,sz.399413,136.2866,136.7759,136.2257,136.7027,136.2018,231745512,32420627890.4200,3,1.241367,1,0.367763,0
2021-04-02,sz.399413,136.8438,136.9143,136.6481,136.8054,136.7027,199948571,28114137438.6400,3,1.071043,1,0.075127,0
2021-04-06,sz.399413,136.9528,137.0698,136.7504,136.9825,136.8054,182203663,24711587900.9600,3,0.975991,1,0.129454,0
2021-04-07,sz.399413,137.0641,137.2368,136.8484,137.2044,136.9825,191760417,26179778965.0500,3,1.027183,1,0.161991,0
2021-04-08,sz.399413,137.2845,137.7031,137.1402,137.4354,137.2044,206354010,28447170920.0900,3,1.105355,1,0.168362,0
2021-04-09,sz.399413,137.4667,137.4966,137.2338,137.3011,137.4354,183050194,25320511484.6200,3,0.980526,1,-0.097719,0
2021-04-12,sz.399413,137.2477,137.3622,136.4155,136.4587,137.3011,165389914,22988783707.5500,3,0.885927,1,-0.613542,0
2021-04-13,sz.399413,136.4122,136.5100,136.0037,136.0248,136.4587,169628640,24789588205.2800,3,0.908632,1,-0.317972,0
2021-04-14,sz.399413,136.0435,136.5320,136.0372,136.4188,136.0248,200532461,31762851374.5100,3,1.074171,1,0.289653,0
2021-04-15,sz.399413,136.5025,136.5395,136.0818,136.3692,136.4188,160683753,26769303461.1600,3,0.860718,1,-0.036359,0
2021-04-16,sz.399413,136.4695,137.0069,136.4409,136.8955,136.3692,172123479,24520511408.8100,3,0.921996,1,0.385938,0
2021-04-19,sz.399413,136.9562,138.2686,136.8433,138.2010,136.8955,210975199,31590351846.1300,3,1.130109,1,0.953647,0
2021-04-20,sz.399413,138.0839,138.6720,138.0623,138.3068,138.2010,242114339,37610118057.4200,3,1.296908,1,0.076555,0
2021-04-21,sz.399413,138.2458,138.2458,137.8818,138.0237,138.3068,217419860,35335811370.0200,3,1.164630,1,-0.204690,0
2021-04-22,sz.399413,138.1445,138.3664,138.0317,138.0662,138.0237,232165307,38921438253.3300,3,1.187759,1,0.030792,0
2021-04-23,sz.399413,138.0885,138.2001,137.8940,137.9018,138.0662,230883834,40741082511.6600,3,1.181203,1,-0.119073,0
2021-04-26,sz.399413,138.1605,138.4577,137.6759,137.7216,137.9018,264993522,42584726694.0100,3,1.355709,1,-0.130673,0
2021-04-27,sz.399413,137.8064,137.8302,137.0745,137.2711,137.7216,327432984,60952962898.8900,3,1.675149,1,-0.327109,0
2021-04-28,sz.399413,137.3081,137.7691,137.2315,137.4870,137.2711,330134852,59938769137.5800,3,1.688972,1,0.157280,0
2021-04-29,sz.399413,137.6845,138.2301,137.6410,138.1181,137.4870,383295680,65458819113.2100,3,1.960943,1,0.459025,0
2021-04-30,sz.399413,138.1834,138.2776,137.7731,137.9097,138.1181,345305813,60891732440.7600,3,1.766587,1,-0.150885,0
2021-05-06,sz.399413,138.1354,138.5250,138.0633,138.4241,137.9097,375760820,61812537550.7100,3,1.922395,1,0.372998,0
2021-05-07,sz.399413,138.5978,138.9848,138.2480,138.2909,138.4241,482834381,80441661320.0900,3,2.470184,1,-0.096226,0
2021-05-10,sz.399413,138.5872,138.7810,138.4311,138.7756,138.2909,494588867,84485483264.3700,3,2.530320,1,0.350493,0
2021-05-11,sz.399413,138.6130,138.9829,138.0681,138.7734,138.7756,650700803,111452184932.4700,3,3.328990,1,-0.001585,0
2021-05-12,sz.399413,138.7845,139.3963,138.7845,139.3263,138.7734,495713535,87441316407.2200,3,2.536074,1,0.398419,0
2021-05-13,sz.399413,139.2873,139.3308,138.7661,138.8079,139.3263,519197855,82199034465.4700,3,2.656220,1,-0.372076,0
2021-05-14,sz.399413,138.9040,139.7030,138.9040,139.5815,138.8079,498822067,82322566665.6000,3,2.551977,1,0.557317,0
2021-05-17,sz.399413,139.4977,140.0690,139.4923,139.8021,139.5815,422299460,70745048970.6000,3,2.160487,1,0.158044,0
2021-05-18,sz.399413,139.9418,140.3066,139.9418,140.1217,139.8021,466142500,79575757449.8700,3,2.384788,1,0.228609,0
2021-05-19,sz.399413,140.0949,140.2767,140.0092,140.0919,140.1217,471908533,81121333088.3700,3,2.414287,1,-0.021267,0
2021-05-20,sz.399413,139.9281,140.1455,139.5353,139.8869,140.0919,499618908,78017238857.4200,3,2.556054,1,-0.146333,0
2021-05-21,sz.399413,139.8630,140.2507,139.8517,139.9553,139.8869,461218812,73525257357.0700,3,2.359598,1,0.048897,0
2021-05-24,sz.399413,140.0384,140.3835,140.0384,140.1752,139.9553,381358459,60785593213.4200,3,1.951032,1,0.157122,0
2021-05-25,sz.399413,140.2679,141.3314,140.2679,141.2107,140.1752,437879786,67689189546.8000,3,2.240196,1,0.738718,0
2021-05-26,sz.399413,141.3327,141.9264,141.3327,141.8274,141.2107,443366110,68985127913.9600,3,2.268264,1,0.436723,0
2021-05-27,sz.399413,141.8626,142.4811,141.8626,142.3096,141.8274,388606711,61990973908.0300,3,1.988114,1,0.339991,0
2021-05-28,sz.399413,142.4470,142.7349,142.1215,142.2454,142.3096,342479325,56876422430.2900,3,1.752126,1,-0.045113,0
2021-05-31,sz.399413,142.2597,142.4153,142.2059,142.3832,142.2454,316989955,51950738729.7800,3,1.621723,1,0.096875,0
2021-06-01,sz.399413,142.3833,142.5452,141.9331,142.5237,142.3832,315513003,54944765788.4900,3,1.614167,1,0.098677,0
2021-06-02,sz.399413,142.5340,142.8019,142.1892,142.2230,142.5237,298953612,48083537956.4900,3,1.529449,1,-0.210982,0
2021-06-03,sz.399413,142.2929,142.7261,142.2929,142.3794,142.2230,281050450,44389304930.7600,3,1.437856,1,0.109968,0
2021-06-04,sz.399413,142.1978,142.7241,142.1299,142.4195,142.3794,314900054,50021186111.3300,3,1.611031,1,0.028164,0
2021-06-07,sz.399413,142.5879,142.7610,142.2450,142.2854,142.4195,260547787,41389534516.0600,3,1.332964,1,-0.094158,0
2021-06-08,sz.399413,142.3324,142.6084,141.8901,141.9415,142.2854,255632685,41798316354.9500,3,1.307818,1,-0.241697,0
2021-06-09,sz.399413,141.9876,142.1343,141.8129,141.9717,141.9415,265365660,40518022708.4700,3,1.357612,1,0.021276,0
2021-06-10,sz.399413,142.0316,142.5369,142.0316,142.3371,141.9717,268167012,41909025369.7000,3,1.371944,1,0.257375,0
2021-06-11,sz.399413,142.4487,142.5946,142.1231,142.1428,142.3371,335992956,56192811329.8900,3,1.718942,1,-0.136507,0
2021-06-15,sz.399413,142.2007,142.3467,141.0427,141.1451,142.1428,288208736,46792835736.8500,3,1.474478,1,-0.701900,0
2021-06-16,sz.399413,141.1883,141.2514,139.7798,139.7881,141.1451,324131124,49640115078.5800,3,1.658254,1,-0.961422,0
2021-06-17,sz.399413,139.8203,140.0803,139.6601,139.6843,139.7881,310318733,50450658886.2200,3,1.587590,1,-0.074255,0
2021-06-18,sz.399413,139.7329,140.0018,139.5774,139.8934,139.6843,289303058,50739745918.5000,3,1.480074,1,0.149695,0
2021-06-21,sz.399413,139.9236,140.4317,139.9236,140.3531,139.8934,289502985,52247445666.2600,3,1.481097,1,0.328607,0
2021-06-22,sz.399413,140.4893,141.2898,140.4893,141.2561,140.3531,346144403,57036052676.7400,3,1.770874,1,0.643377,0
2021-06-23,sz.399413,141.4143,141.9082,141.4143,141.8367,141.2561,354424870,60846895060.2000,3,1.813237,1,0.411026,0
2021-06-24,sz.399413,142.0986,142.2557,141.9127,142.0743,141.8367,346794045,57740149829.0200,3,1.774197,1,0.167517,0
2021-06-25,sz.399413,142.2038,142.8642,142.1935,142.6596,142.0743,329691992,53359516963.0200,3,1.686703,1,0.411968,0
2021-06-28,sz.399413,142.7505,142.9777,142.7126,142.8340,142.6596,292646052,49091650216.7200,3,1.497176,1,0.122249,0
2021-06-29,sz.399413,142.8937,143.0541,142.1887,142.2094,142.8340,292780136,48256573210.2600,3,1.497862,1,-0.437291,0
2021-06-30,sz.399413,142.3296,142.5505,142.2785,142.3832,142.2094,279979009,48264318251.1700,3,1.432372,1,0.122214,0
2021-07-01,sz.399413,142.6156,142.7353,141.8334,141.8627,142.3832,303012772,50553602879.7000,3,1.550213,1,-0.365563,0
2021-07-02,sz.399413,141.8242,141.8483,141.2392,141.2627,141.8627,328100828,53915345542.7200,3,1.678563,1,-0.422944,0
2021-07-05,sz.399413,141.3508,141.6927,141.1524,141.5303,141.2627,323111215,56312239102.1500,3,1.653036,1,0.189434,0
2021-07-06,sz.399413,141.5961,141.9174,141.4032,141.7118,141.5303,346452804,58691307066.9300,3,1.772452,1,0.128241,0
2021-07-07,sz.399413,141.5971,142.8467,141.5971,142.7931,141.7118,365681120,64438300596.0200,3,1.870824,1,0.763027,0
2021-07-08,sz.399413,143.0660,143.5834,143.0660,143.2297,142.7931,370949406,67505971203.6900,3,1.897776,1,0.305757,0
2021-07-09,sz.399413,143.1233,144.0485,142.8441,143.9553,143.2297,375511156,68329253385.7900,3,1.921114,1,0.506599,0
2021-07-12,sz.399413,144.5391,145.1018,144.5391,144.9553,143.9553,373874246,68826161152.1100,3,1.912740,1,0.694660,0
2021-07-13,sz.399413,145.0578,146.0034,145.0444,145.9395,144.9553,440128495,78549805352.8100,3,2.251696,1,0.678968,0
2021-07-14,sz.399413,145.8668,146.0579,145.4343,145.4705,145.9395,461033523,84919710746.0700,3,2.358646,1,-0.321366,0
2021-07-15,sz.399413,145.4366,145.9125,144.9957,145.8581,145.4705,515076191,89799433054.2000,3,2.635129,1,0.266446,0
2021-07-16,sz.399413,145.9741,146.5303,145.8578,145.9174,145.8581,419114142,74247864342.5500,3,2.144187,1,0.040656,0
2021-07-19,sz.399413,145.9734,146.2614,145.3765,145.4087,145.9174,343928842,60723875057.2900,3,1.759539,1,-0.348622,0
2021-07-20,sz.399413,145.1843,145.4090,144.8236,145.3655,145.4087,385488618,64049417240.2000,3,1.972159,1,-0.029709,0
2021-07-21,sz.399413,145.5449,146.8141,145.5449,146.7732,145.3655,420386602,74742741446.5700,3,2.150697,1,0.968387,0
2021-07-22,sz.399413,146.7227,147.8342,146.7227,147.6912,146.7732,481957837,92944692507.1200,3,2.465695,1,0.625455,0
2021-07-23,sz.399413,147.7651,148.5707,147.7651,147.9766,147.6912,439046504,77288079552.7700,3,2.246161,1,0.193241,0
2021-07-26,sz.399413,148.0706,148.3177,146.1002,146.8461,147.9766,425658970,75002675142.6800,3,2.177670,1,-0.763972,0
2021-07-27,sz.399413,146.9623,147.6591,145.1462,145.2430,146.8461,452867697,79169112403.9000,3,2.316870,1,-1.091687,0
2021-07-28,sz.399413,144.9845,145.3810,143.3762,144.3712,145.2430,481078535,87091052459.3700,3,2.461197,1,-0.600235,0
2021-07-29,sz.399413,144.9666,146.3480,144.9666,146.2681,144.3712,483663502,90964004862.9300,3,2.474421,1,1.313905,0
2021-07-30,sz.399413,146.2091,147.0845,146.1929,146.6430,146.2681,462722097,86849821263.1000,3,2.367285,1,0.256310,0
2021-08-02,sz.399413,146.8124,148.1966,146.6593,148.1910,146.6430,454192831,85805454160.3700,3,2.323649,1,1.055625,0
2021-08-03,sz.399413,148.2129,148.5496,147.3580,147.4853,148.1910,434840219,77085788198.2700,3,2.224641,1,-0.476210,0
2021-08-04,sz.399413,147.5073,148.7930,147.4943,148.6898,147.4853,434000836,85289124534.3600,3,2.220347,1,0.816692,0
2021-08-05,sz.399413,148.6425,148.9305,148.1528,148.3016,148.6898,432001662,81905009727.9400,3,2.210119,1,-0.261080,0
2021-08-06,sz.399413,148.5404,148.8649,148.2407,148.5041,148.3016,434477418,79347037093.3700,3,2.222785,1,0.136546,0
2021-08-09,sz.399413,148.4909,148.9073,148.1438,148.4998,148.5041,406511428,77737727537.3300,3,2.092171,1,-0.002896,0
2021-08-10,sz.399413,148.5014,149.0419,148.4850,149.0327,148.4998,432686767,85001539866.4100,3,2.226886,1,0.358856,0
2021-08-11,sz.399413,149.1955,149.7893,149.1506,149.6861,149.0327,434387915,83437451618.8500,3,2.235641,1,0.438427,0
2021-08-12,sz.399413,149.8933,150.0826,149.6301,149.9122,149.6861,412620491,85197862920.1100,3,2.123612,1,0.151049,0
2021-08-13,sz.399413,149.9643,150.4224,149.8420,150.1655,149.9122,413591913,84424540437.8200,3,2.128612,1,0.168966,0
2021-08-16,sz.399413,150.3861,150.7054,149.9730,150.0081,150.1655,367432469,72443930972.0800,3,1.891045,1,-0.104818,0
2021-08-17,sz.399413,150.0041,150.3758,148.2591,148.4706,150.0081,413223383,76260990869.9700,3,2.126715,1,-1.024945,0
2021-08-18,sz.399413,148.4843,149.3530,148.4269,149.0787,148.4706,433019568,76621808550.6200,3,2.228599,1,0.409576,0
2021-08-19,sz.399413,149.1703,149.2285,148.0917,148.9330,149.0787,400851506,74529538496.3100,3,2.063041,1,-0.097734,0
2021-08-20,sz.399413,148.8886,149.1555,148.0973,148.5773,148.9330,380117465,70655066838.1800,3,1.956330,1,-0.238832,0
2021-08-23,sz.399413,148.7898,149.6279,148.7898,149.5799,148.5773,353084439,66033052194.7400,3,1.817201,1,0.674800,0
2021-08-24,sz.399413,149.7646,150.6280,149.7646,150.4625,149.5799,361814149,65189120237.2100,3,1.862130,1,0.590053,0
2021-08-25,sz.399413,150.6632,150.9897,150.2557,150.9439,150.4625,363181916,67119825683.4700,3,1.869169,1,0.319947,0
2021-08-26,sz.399413,151.0734,151.3334,150.7608,150.8097,150.9439,350438823,63165498754.6800,3,1.803585,1,-0.088907,0
2021-08-27,sz.399413,150.7730,151.3912,150.5745,151.2676,150.8097,373378454,70692302073.9100,3,1.921647,1,0.303628,0
2021-08-30,sz.399413,151.5011,152.1832,151.5011,151.9601,151.2676,372218124,70447966235.1800,3,1.915675,1,0.457798,0
2021-08-31,sz.399413,152.0523,152.3663,151.6670,152.3029,151.9601,383961323,72822674607.0800,3,1.976113,1,0.225586,0
2021-09-01,sz.399413,152.4702,152.9912,151.4250,152.6628,152.3029,423913550,73607064524.0200,3,0.000000,1,0.236305,0
2021-09-02,sz.399413,152.6903,154.8968,152.6903,154.8484,152.6628,439060849,82409515411.1400,3,2.259691,1,1.431652,0
2021-09-03,sz.399413,155.6339,156.2688,154.4181,154.5773,154.8484,481645653,87751851685.3300,3,2.478860,1,-0.175074,0
2021-09-06,sz.399413,154.7454,155.6300,154.3298,155.4804,154.5773,422030328,74850923175.7100,3,2.172041,1,0.584238,0
2021-09-07,sz.399413,155.6934,157.5008,155.6934,157.4394,155.4804,450889792,83239640613.6200,3,2.320571,1,1.259966,0
2021-09-08,sz.399413,157.5300,158.6248,157.5258,157.8959,157.4394,456248445,83524666727.7000,3,2.348150,1,0.289953,0
2021-09-09,sz.399413,157.8300,158.1001,157.1900,157.9259,157.8959,445751776,77980193247.2700,3,2.294127,1,0.019000,0
2021-09-10,sz.399413,157.9497,158.8394,157.7491,157.8408,157.9259,479648120,92192941703.1500,3,2.468580,1,-0.053886,0
2021-09-13,sz.399413,157.8852,158.4338,157.7032,158.1353,157.8408,459756937,88986293091.4600,3,2.366207,1,0.186580,0
2021-09-14,sz.399413,158.0804,158.2490,156.4223,156.5496,158.1353,497496880,103970776484.8000,3,2.560441,1,-1.002749,0
2021-09-15,sz.399413,156.5309,156.9081,156.2023,156.4073,156.5496,523760074,106311937641.5100,3,2.695608,1,-0.090898,0
2021-09-16,sz.399413,156.5996,157.2311,153.7070,153.7735,156.4073,485965573,89190283024.6300,3,2.501093,1,-1.683937,0
2021-09-17,sz.399413,153.8250,154.4433,152.4217,153.7658,153.7735,529545015,99209354727.0500,3,2.725381,1,-0.005007,0
2021-09-22,sz.399413,153.1403,154.4680,153.0925,154.4400,153.7658,414430106,74096951375.1500,3,2.132926,1,0.438459,0
2021-09-23,sz.399413,155.0378,155.8550,154.5521,155.2100,154.4400,440764946,76648064767.2900,3,2.268462,1,0.498575,0
2021-09-24,sz.399413,155.2815,155.3843,154.0084,154.1130,155.2100,431957735,76144698691.8800,3,2.223134,1,-0.706784,0
2021-09-27,sz.399413,154.4713,154.9320,151.3818,151.7613,154.1130,417533274,73872285789.5800,3,2.148896,1,-1.525958,0
2021-09-28,sz.399413,151.7395,152.4154,151.4282,152.3338,151.7613,408487197,69690410011.4400,3,2.102339,1,0.377237,0
2021-09-29,sz.399413,151.9321,151.9699,149.8234,150.0215,152.3338,407390761,71115950071.0700,3,2.096697,1,-1.517917,0
2021-09-30,sz.399413,150.2573,151.9537,150.2573,151.7927,150.0215,455620840,81123462081.2000,3,2.344920,1,1.180631,0
2021-10-08,sz.399413,152.4723,153.1991,151.5260,151.8372,151.7927,350792180,57264095481.4200,3,1.805404,1,0.029316,0
2021-10-11,sz.399413,152.0818,152.4752,151.5725,151.6188,151.8372,370239092,61629851667.6100,3,1.905490,1,-0.143838,0
2021-10-12,sz.399413,151.4844,151.8372,148.6525,149.4702,151.6188,400657696,66276934764.3000,3,2.062044,1,-1.417107,0
2021-10-13,sz.399413,149.4630,149.6065,148.1302,149.3907,149.4702,346506122,57816863393.9600,3,1.783345,1,-0.053188,0
2021-10-14,sz.399413,149.3509,150.1775,149.0815,149.9433,149.3907,367367611,61757812358.9200,3,1.890711,1,0.369903,0
2021-10-15,sz.399413,149.8924,150.9755,149.8251,150.6422,149.9433,374185830,63097480281.0700,3,1.925802,1,0.466110,0
2021-10-18,sz.399413,150.7468,151.5443,150.6713,151.4493,150.6422,326354260,59134265363.5000,3,1.679630,1,0.535773,0
2021-10-19,sz.399413,151.4934,152.4844,151.4934,152.2661,151.4493,355003598,63331688829.1700,3,1.827078,1,0.539322,0
2021-10-20,sz.399413,152.2127,152.8823,152.2115,152.3732,152.2661,358052104,66988799572.9900,3,1.842768,1,0.070337,0
2021-10-21,sz.399413,152.7130,152.8631,152.1405,152.2948,152.3732,333523322,64055026638.1700,3,1.716527,1,-0.051453,0
2021-10-22,sz.399413,152.3980,152.6388,151.5923,151.6468,152.2948,367274526,69956247486.8100,3,1.890232,1,-0.425491,0
2021-10-25,sz.399413,151.9014,152.4833,151.7956,152.4314,151.6468,400432334,76228863630.0400,3,2.060884,1,0.517386,0
2021-10-26,sz.399413,152.6460,153.1751,152.5430,152.5831,152.4314,447902026,83070491135.6600,3,2.305194,1,0.099520,0
2021-10-27,sz.399413,152.7999,152.9378,152.0965,152.2218,152.5831,497030861,91962008597.4300,3,2.558042,1,-0.236789,0
2021-10-28,sz.399413,152.1564,152.2548,150.9368,151.0139,152.2218,535730424,94527720586.8800,3,2.757215,1,-0.793513,0
2021-10-29,sz.399413,151.1581,152.0042,150.8198,151.9689,151.0139,537668022,94890705297.8200,3,2.767188,1,0.632392,0
2021-11-01,sz.399413,152.4003,153.4036,152.0165,153.1268,151.9689,511971113,90278374257.9100,3,2.634935,1,0.761932,0
2021-11-02,sz.399413,153.3475,153.6717,151.9900,152.4690,153.1268,510472360,86627394242.7600,3,2.627221,1,-0.429579,0
2021-11-03,sz.399413,152.5295,153.2249,152.4425,152.8429,152.4690,560883960,93251570862.6400,3,2.886672,1,0.245230,0
2021-11-04,sz.399413,153.0192,154.1958,153.0192,154.0327,152.8429,550954461,98884973325.5900,3,2.835568,1,0.778446,0
2021-11-05,sz.399413,154.0793,154.2545,152.9212,152.9625,154.0327,554482666,108120838432.8800,3,2.853727,1,-0.694788,0
2021-11-08,sz.399413,153.1372,153.6596,153.0781,153.6360,152.9625,527736695,95448145389.1200,3,2.716074,1,0.440304,0
2021-11-09,sz.399413,153.9828,154.5246,153.9767,154.4931,153.6360,560020254,98509188698.2300,3,2.882227,1,0.557877,0
2021-11-10,sz.399413,154.4525,154.5525,153.6269,154.5389,154.4931,574817478,111427742075.0500,3,2.958383,1,0.029645,0
2021-11-11,sz.399413,154.6253,156.1906,154.6253,156.0533,154.5389,600242630,111969246168.1500,3,3.089237,1,0.979947,0
2021-11-12,sz.399413,156.3067,157.1302,156.3067,157.0055,156.0533,591641330,109501453951.2700,3,3.044969,1,0.610176,0
2021-11-15,sz.399413,157.2669,157.7080,156.6569,156.7366,157.0055,539926972,95479610306.6800,3,2.778814,1,-0.171268,0
2021-11-16,sz.399413,156.8749,157.0658,155.6547,155.7699,156.7366,526763315,94639416172.2200,3,2.711065,1,-0.616767,0
2021-11-17,sz.399413,155.7935,156.4314,155.6945,156.3667,155.7699,549863383,108680133525.3600,3,2.829953,1,0.383129,0
2021-11-18,sz.399413,156.5064,156.7228,156.1772,156.4052,156.3667,539412979,109795587167.2700,3,2.776168,1,0.024622,0
2021-11-19,sz.399413,156.5676,157.7969,156.5676,157.7370,156.4052,548797213,108575539505.0700,3,2.824466,1,0.851506,0
2021-11-22,sz.399413,158.0189,159.1666,158.0189,159.0652,157.7370,475310239,94182862798.1100,3,2.446254,1,0.842035,0
2021-11-23,sz.399413,159.2219,159.6380,158.8371,158.9231,159.0652,458899587,89422347564.1400,3,2.361794,1,-0.089334,0
2021-11-24,sz.399413,159.0381,159.1989,158.5574,158.8841,158.9231,487923552,93307250512.5100,3,2.511170,1,-0.024540,0
2021-11-25,sz.399413,159.1186,159.2655,158.6869,158.7282,158.8841,450493552,80974887206.4600,3,2.318531,1,-0.098122,0
2021-11-26,sz.399413,158.8319,158.9314,158.4232,158.8165,158.7282,469688269,95783983890.4100,3,2.417320,1,0.055630,0
2021-11-29,sz.399413,158.3666,159.4394,158.1398,159.4222,158.8165,445011049,85811292899.6400,3,2.290315,1,0.381384,0
2021-11-30,sz.399413,159.8234,160.4578,159.1981,159.6224,159.4222,501430489,93131559961.5800,3,2.580686,1,0.125578,0
2021-12-01,sz.399413,159.9008,160.4945,159.8521,160.4650,159.6224,476332217,87060756606.8800,3,2.451514,1,0.527871,0
2021-12-02,sz.399413,160.5497,160.8868,160.3308,160.6850,160.4650,466846893,82355381739.4200,3,2.402696,1,0.137102,0
2021-12-03,sz.399413,160.8578,161.5589,160.6729,161.5303,160.6850,459805710,87822960634.1800,3,2.366458,1,0.526060,0
2021-12-06,sz.399413,161.7615,162.0512,159.9754,160.0541,161.5303,416144825,74842360048.8400,3,2.141751,1,-0.913884,0
2021-12-07,sz.399413,160.2827,160.6550,156.5286,157.8430,160.0541,476062307,80721200784.9700,3,2.450125,1,-1.381470,0
2021-12-08,sz.399413,158.0893,159.1048,157.8551,159.0448,157.8430,395426895,70643762520.1200,3,2.035123,1,0.761389,0
2021-12-09,sz.399413,159.1002,160.1686,159.0351,160.1413,159.0448,390424156,67878117275.9500,3,2.009375,1,0.689428,0
2021-12-10,sz.399413,160.0484,160.5740,159.7930,160.5180,160.1413,360380687,62667106040.5400,3,1.854752,1,0.235230,0
2021-12-13,sz.399413,160.9872,161.6229,160.9458,161.1584,160.5180,355310020,62614149241.0200,3,1.828655,1,0.398958,0
2021-12-14,sz.399413,161.2015,161.2015,160.2289,160.4666,161.1584,330091037,57872152145.0500,3,1.698862,1,-0.429267,0
2021-12-15,sz.399413,160.5445,160.7390,160.3598,160.5881,160.4666,291132746,52516470215.8200,3,1.498358,1,0.075717,0
2021-12-16,sz.399413,160.7577,161.1476,160.3874,161.1120,160.5881,319305825,52721443361.1300,3,1.643354,1,0.326238,0
2021-12-17,sz.399413,161.2341,161.3800,160.7260,160.7913,161.1120,289364149,48165527186.3000,3,1.489255,1,-0.199054,0
2021-12-20,sz.399413,160.6792,160.9043,159.4825,159.5361,160.7913,272702469,45101908049.9300,3,1.403503,1,-0.780639,0
2021-12-21,sz.399413,159.5937,160.6990,159.3282,160.6852,159.5361,315353517,50778454452.7600,3,1.623013,1,0.720276,0
2021-12-22,sz.399413,160.8828,161.4630,160.7157,161.4377,160.6852,305713707,51681101746.5400,3,1.573401,1,0.468307,0
2021-12-23,sz.399413,161.6972,162.4353,161.4505,162.3877,161.4377,339743595,60532847408.1300,3,1.748540,1,0.588462,0
2021-12-24,sz.399413,162.4015,162.8585,161.6310,161.9341,162.3877,336903618,57427548432.8900,3,1.733924,1,-0.279332,0
2021-12-27,sz.399413,161.9415,162.1413,161.0831,161.2377,161.9341,325391048,53965076456.7900,3,1.674673,1,-0.430051,0
2021-12-28,sz.399413,161.3574,161.5203,160.8177,161.3588,161.2377,266554244,47623229401.9100,3,1.371861,1,0.075107,0
2021-12-29,sz.399413,161.3198,161.4013,160.6672,160.8646,161.3588,251639729,43841377404.6100,3,1.295101,1,-0.306274,0
2021-12-30,sz.399413,160.8520,161.6359,160.7153,161.5386,160.8646,273412724,45340480383.1900,3,1.407159,1,0.418986,0
2021-12-31,sz.399413,161.7273,162.4932,161.6937,162.4932,161.5386,298694179,52407164150.3400,3,1.537274,1,0.590942,0
