date,code,open,high,low,close,preclose,volume,amount,adjustflag,turn,tradestatus,pctChg,isST
2021-04-12,sz.300969,70.0000,70.0000,57.1900,57.2600,20.6800,11304888,734133727.2400,3,56.524400,1,176.885900,0
2021-04-13,sz.300969,50.0000,53.5400,48.5000,50.2000,57.2600,7821164,395448779.4300,3,39.105800,1,-12.329700,0
2021-04-14,sz.300969,49.3100,50.7800,47.2700,50.5000,50.2000,6542725,318516456.9400,3,32.713600,1,0.597600,0
2021-04-15,sz.300969,49.3000,52.4700,47.5600,49.6200,50.5000,6686890,335544911.5800,3,33.434500,1,-1.742600,0
2021-04-16,sz.300969,49.8800,50.4700,46.7700,46.8800,49.6200,5774620,277368848.5600,3,28.873100,1,-5.522000,0
2021-04-19,sz.300969,45.5300,49.4300,45.0400,47.7100,46.8800,5647579,265150912.2900,3,28.237900,1,1.770500,0
2021-04-20,sz.300969,46.9900,47.6700,44.7800,44.7800,47.7100,4947063,227141092.2100,3,24.735300,1,-6.141300,0
2021-04-21,sz.300969,44.5100,44.5500,41.8200,41.8800,44.7800,3917052,167439329.8900,3,19.585300,1,-6.476100,0
2021-04-22,sz.300969,41.8800,42.8600,41.7000,42.4300,41.8800,2279422,96434484.7600,3,11.397100,1,1.313300,0
2021-04-23,sz.300969,42.3600,42.8200,40.8200,40.8300,42.4300,2501060,104331955.9600,3,12.505300,1,-3.770900,0
2021-04-26,sz.300969,40.7000,41.4700,40.0500,41.2600,40.8300,2125991,86873538.4800,3,10.630000,1,1.053100,0
2021-04-27,sz.300969,41.5700,43.2900,41.5700,42.0000,41.2600,2725385,115305104.7100,3,13.626900,1,1.793500,0
2021-04-28,sz.300969,42.0000,43.6300,40.2700,43.2900,42.0000,3318708,140705823.5200,3,16.593500,1,3.071400,0
2021-04-29,sz.300969,42.3800,42.9100,40.8900,40.9600,43.2900,2743962,114759804.5000,3,13.719800,1,-5.382300,0
2021-04-30,sz.300969,41.0400,41.2800,39.4000,39.4200,40.9600,2040056,81984571.4300,3,10.200300,1,-3.759800,0
2021-05-06,sz.300969,39.3000,40.6900,39.3000,39.7400,39.4200,1359851,54365490.1400,3,6.799300,1,0.811800,0
2021-05-07,sz.300969,39.6100,40.1800,39.4200,39.9800,39.7400,1331538,53081490.9200,3,6.657700,1,0.603900,0
2021-05-10,sz.300969,40.0000,41.1500,39.6200,40.7500,39.9800,1811078,73686144.4900,3,9.055400,1,1.926000,0
2021-05-11,sz.300969,40.3500,41.1200,39.8200,41.0300,40.7500,1676567,68288346.9600,3,8.382800,1,0.687100,0
2021-05-12,sz.300969,40.6000,43.5000,40.5000,42.7900,41.0300,3595667,153124286.1700,3,17.978300,1,4.289500,0
2021-05-13,sz.300969,42.0600,42.2800,40.6000,40.6000,42.7900,2619853,108578980.7100,3,13.099300,1,-5.118000,0
2021-05-14,sz.300969,40.5100,40.9800,40.0100,40.5000,40.6000,1431322,58132175.3600,3,7.156600,1,-0.246300,0
2021-05-17,sz.300969,40.7800,40.7900,39.8600,40.0000,40.5000,1447467,58027719.2900,3,7.237300,1,-1.234600,0
2021-05-18,sz.300969,40.0000,40.3200,39.8500,40.2400,40.0000,973729,39049753.8000,3,4.868600,1,0.600000,0
2021-05-19,sz.300969,40.0000,40.9200,39.9100,40.7900,40.2400,1518722,61550281.0800,3,7.593600,1,1.366800,0
2021-05-20,sz.300969,40.7000,40.8400,39.8100,39.8500,40.7900,1428914,57381219.9800,3,7.144600,1,-2.304500,0
2021-05-21,sz.300969,39.9000,40.7800,39.9000,40.1500,39.8500,1202357,48457383.0400,3,6.011800,1,0.752800,0
2021-05-24,sz.300969,40.0100,41.4800,39.9900,41.3800,40.1500,2183845,89587080.9600,3,10.919200,1,3.063500,0
2021-05-25,sz.300969,41.3600,41.8800,40.6000,41.3900,41.3800,1927067,79399216.4900,3,9.635300,1,0.024200,0
2021-05-26,sz.300969,41.2800,41.9000,41.0400,41.6600,41.3900,1741129,72252151.0900,3,8.705600,1,0.652300,0
2021-05-27,sz.300969,41.7800,42.3000,41.0000,41.1100,41.6600,1980030,82164711.8300,3,9.900200,1,-1.320200,0
2021-05-28,sz.300969,40.9600,41.1000,40.2200,40.2400,41.1100,1411897,57329956.4000,3,7.059500,1,-2.116300,0
2021-05-31,sz.300969,40.4000,40.6300,40.0400,40.6100,40.2400,1056985,42692142.1200,3,5.284900,1,0.919500,0
2021-06-01,sz.300969,40.6000,41.4000,40.5000,41.0800,40.6100,1191020,48763611.3400,3,5.955100,1,1.157400,0
2021-06-02,sz.300969,41.0800,42.5500,41.0800,41.7500,41.0800,2796055,117093551.5800,3,13.980300,1,1.631000,0
2021-06-03,sz.300969,41.3800,41.9900,41.0000,41.8900,41.5000,2370702,98340900.2300,3,11.853500,1,0.939800,0
2021-06-04,sz.300969,42.1500,42.4000,41.2400,41.5400,41.8900,1768532,73854484.6200,3,8.842700,1,-0.835500,0
2021-06-07,sz.300969,41.0400,41.3100,40.5100,40.7000,41.5400,1296346,52759828.8500,3,6.481700,1,-2.022100,0
2021-06-08,sz.300969,40.9300,41.0900,40.2100,40.3500,40.7000,1128467,45725744.9600,3,5.642300,1,-0.860000,0
2021-06-09,sz.300969,40.5000,40.6000,40.0700,40.2000,40.3500,877150,35289403.1600,3,4.385800,1,-0.371700,0
2021-06-10,sz.300969,40.1000,40.3900,40.0300,40.1500,40.2000,809500,32523721.0000,3,4.047500,1,-0.124400,0
2021-06-11,sz.300969,40.2100,41.1700,40.0900,40.9900,40.1500,1635765,66539629.6700,3,8.178800,1,2.092200,0
2021-06-15,sz.300969,41.0000,41.4800,39.8800,39.9800,40.9900,1496088,60453630.3100,3,7.480400,1,-2.464000,0
2021-06-16,sz.300969,39.5000,40.3000,37.7800,37.8100,39.9800,1728500,66778164.6200,3,8.642500,1,-5.427700,0
2021-06-17,sz.300969,37.8000,38.2000,37.0000,37.1000,37.8100,1395669,52280001.1600,3,6.978300,1,-1.877800,0
2021-06-18,sz.300969,37.2600,37.8200,36.8100,37.6500,37.1000,1053483,39294788.4900,3,5.267400,1,1.482500,0
2021-06-21,sz.300969,38.0700,38.9900,38.0700,38.3300,37.6500,1205757,46446874.4500,3,6.028800,1,1.806100,0
2021-06-22,sz.300969,38.7100,38.7800,38.1000,38.4200,38.3300,914257,35100336.2500,3,4.571300,1,0.234800,0
2021-06-23,sz.300969,38.5600,38.6100,38.1100,38.3800,38.4200,713200,27333570.0000,3,3.566000,1,-0.104100,0
2021-06-24,sz.300969,38.4000,38.6700,37.6900,37.8100,38.3800,972667,36970158.9100,3,4.863300,1,-1.485100,0
2021-06-25,sz.300969,37.3900,38.2800,37.3900,38.1100,37.8100,711203,27071081.9900,3,3.556000,1,0.793400,0
2021-06-28,sz.300969,38.1000,38.3500,37.8000,37.9700,38.1100,666301,25330028.8100,3,3.331500,1,-0.367400,0
2021-06-29,sz.300969,37.8100,38.2000,37.5200,37.6800,37.9700,687140,25984848.0800,3,3.435700,1,-0.763800,0
2021-06-30,sz.300969,37.8500,37.8500,37.3200,37.5600,37.6800,602600,22613649.0000,3,3.013000,1,-0.318500,0
2021-07-01,sz.300969,37.5800,37.6600,36.5100,36.7400,37.5600,803500,29877738.6000,3,4.017500,1,-2.183200,0
2021-07-02,sz.300969,36.6000,37.0000,36.0100,36.1200,36.7400,760900,27706408.0000,3,3.804500,1,-1.687500,0
2021-07-05,sz.300969,36.0900,36.3000,35.9100,36.2500,36.1200,646500,23352779.0000,3,3.232500,1,0.359900,0
2021-07-06,sz.300969,36.4400,37.1400,36.0400,37.0400,36.2500,798055,29046861.8500,3,3.990300,1,2.179300,0
2021-07-07,sz.300969,36.9400,37.8500,36.6200,37.6200,37.0400,1054795,39377816.7300,3,5.274000,1,1.565900,0
2021-07-08,sz.300969,38.0500,38.3900,37.3900,37.4400,37.6200,1095780,41394062.1600,3,5.478900,1,-0.478500,0
2021-07-09,sz.300969,36.8100,37.2000,36.5500,37.2000,37.4400,685581,25280656.0200,3,3.427900,1,-0.641000,0
2021-07-12,sz.300969,37.4000,37.4200,37.0300,37.1700,37.2000,602000,22395227.0000,3,3.010000,1,-0.080600,0
2021-07-13,sz.300969,37.1300,37.1700,36.5800,37.0600,37.1700,620900,22900859.0000,3,3.104500,1,-0.295900,0
2021-07-14,sz.300969,37.0600,37.1400,36.4000,36.4300,37.0600,651800,23881698.0000,3,3.259000,1,-1.699900,0
2021-07-15,sz.300969,36.6000,36.6000,35.4000,35.5800,36.4300,799800,28615487.0000,3,3.999000,1,-2.333200,0
2021-07-16,sz.300969,35.7000,35.7000,35.4000,35.4500,35.5800,588231,20870177.1200,3,2.941200,1,-0.365400,0
2021-07-19,sz.300969,35.5600,36.1600,35.4800,35.8800,35.4500,548553,19646791.6500,3,2.742800,1,1.213000,0
2021-07-20,sz.300969,35.5900,36.1400,35.5500,35.9800,35.8800,385550,13797712.5000,3,1.927800,1,0.278700,0
2021-07-21,sz.300969,35.7000,36.1900,35.7000,36.0200,35.9800,408750,14745501.0000,3,2.043800,1,0.111200,0
2021-07-22,sz.300969,36.1800,36.2300,35.4800,35.5200,36.0200,642303,22891671.5000,3,3.211500,1,-1.388100,0
2021-07-23,sz.300969,35.4900,35.4900,34.2100,34.3800,35.5200,1054917,36587312.4500,3,5.274600,1,-3.209500,0
2021-07-26,sz.300969,34.3800,34.7200,34.2100,34.5800,34.3800,646672,22286984.6600,3,3.233400,1,0.581700,0
2021-07-27,sz.300969,34.5800,35.2200,34.2300,34.2900,34.5800,577217,20063995.4200,3,2.886100,1,-0.838600,0
2021-07-28,sz.300969,34.2600,34.2600,32.5900,32.8800,34.2900,630600,20884984.0000,3,3.153000,1,-4.112000,0
2021-07-29,sz.300969,33.0000,33.7500,33.0000,33.6700,32.8800,463911,15517107.1800,3,2.319600,1,2.402700,0
2021-07-30,sz.300969,33.3100,33.8500,33.3100,33.6900,33.6700,420717,14127994.2700,3,2.103600,1,0.059400,0
2021-08-02,sz.300969,33.5000,34.4900,33.5000,34.3400,33.6900,584376,19986543.2800,3,2.921900,1,1.929400,0
2021-08-03,sz.300969,34.4100,35.3600,34.0500,34.6500,34.3400,951099,33039377.2200,3,4.755500,1,0.902700,0
2021-08-04,sz.300969,34.3200,35.9900,34.2000,35.5600,34.6500,1260100,44485197.6600,3,6.300500,1,2.626300,0
2021-08-05,sz.300969,35.2000,35.5000,34.6800,35.0600,35.5600,843137,29490137.0500,3,4.215700,1,-1.406100,0
2021-08-06,sz.300969,35.1900,35.3300,34.7300,34.9000,35.0600,503905,17615419.4000,3,2.519500,1,-0.456400,0
2021-08-09,sz.300969,34.7700,35.7000,34.7700,35.4700,34.9000,653300,23091827.0000,3,3.266500,1,1.633200,0
2021-08-10,sz.300969,35.2100,36.0000,35.2100,35.9600,35.4700,797855,28526895.9500,3,3.989300,1,1.381400,0
2021-08-11,sz.300969,35.9000,36.0100,35.4900,35.7200,35.9600,637943,22763381.8100,3,3.189700,1,-0.667400,0
2021-08-12,sz.300969,35.7200,36.4700,35.5000,36.2800,35.7200,901784,32567766.8500,3,4.508900,1,1.567700,0
2021-08-13,sz.300969,36.2000,36.6900,35.4800,35.9100,36.2800,954400,34389665.0000,3,4.772000,1,-1.019800,0
2021-08-16,sz.300969,35.6000,36.9400,35.6000,36.8000,35.9100,1097512,40026975.7000,3,5.487600,1,2.478400,0
2021-08-17,sz.300969,36.5900,37.2000,36.0000,36.1600,36.8000,1363810,50003949.0000,3,6.819100,1,-1.739100,0
2021-08-18,sz.300969,36.0300,36.3200,35.5400,35.8500,36.1600,795905,28508589.1000,3,3.979500,1,-0.857300,0
2021-08-19,sz.300969,35.8000,36.0600,35.3200,35.3300,35.8500,637000,22758065.0000,3,3.185000,1,-1.450500,0
2021-08-20,sz.300969,35.3000,35.3000,34.0100,34.5400,35.3300,801900,27625251.0000,3,4.009500,1,-2.236100,0
2021-08-23,sz.300969,34.6800,37.3600,34.6400,36.8400,34.5400,2081314,76087421.0700,3,10.406600,1,6.658900,0
2021-08-24,sz.300969,37.8300,44.2100,37.8300,44.2100,36.8400,4263033,183022773.9400,3,21.315200,1,20.005400,0
2021-08-25,sz.300969,44.2100,45.0000,41.0000,41.7700,44.2100,6526731,277226575.7300,3,32.633700,1,-5.519100,0
2021-08-26,sz.300969,41.9800,42.7800,41.0600,42.3600,41.7700,3753166,157389382.9900,3,18.765800,1,1.412500,0
2021-08-27,sz.300969,41.6200,42.8400,41.1400,41.8300,42.3600,2893381,121547660.7100,3,14.466900,1,-1.251200,0
2021-08-30,sz.300969,41.9200,50.2000,41.9200,50.2000,41.8300,9008475,427473109.1600,3,45.042400,1,20.009600,0
2021-08-31,sz.300969,51.7300,59.9800,51.7300,53.8600,50.2000,8276261,457871792.6400,3,41.381300,1,7.290800,0
2021-09-01,sz.300969,54.3000,58.6700,51.8100,53.3800,53.8600,5759124,315257870.2700,3,28.795600,1,-0.891200,0
2021-09-02,sz.300969,52.9300,62.9600,52.9300,61.7000,53.3800,6063801,364970228.0900,3,30.319000,1,15.586400,0
2021-09-03,sz.300969,61.0200,61.3400,57.0000,58.3300,61.7000,4136161,241484788.0800,3,20.680800,1,-5.461900,0
2021-09-06,sz.300969,58.4000,58.9900,53.8000,56.2100,58.3300,2854565,158536273.4000,3,14.272800,1,-3.634500,0
2021-09-07,sz.300969,55.7200,58.1200,55.1600,55.8100,56.2100,2514172,142548591.5000,3,12.570900,1,-0.711600,0
2021-09-08,sz.300969,56.0100,59.5000,55.2000,56.5000,55.8100,3395790,195286206.8800,3,16.979000,1,1.236300,0
2021-09-09,sz.300969,55.5000,55.5000,52.7100,53.9700,56.5000,2570500,139229116.7900,3,12.852500,1,-4.477900,0
2021-09-10,sz.300969,54.3800,60.6600,54.3800,57.7500,53.9700,3880786,224581300.9300,3,19.403900,1,7.003900,0
2021-09-13,sz.300969,56.4300,57.4800,54.3000,55.3800,57.7500,2773092,154333293.8700,3,13.865500,1,-4.103900,0
2021-09-14,sz.300969,54.7000,56.6500,52.5800,53.0600,55.3800,2640751,142934540.1600,3,13.203800,1,-4.189200,0
2021-09-15,sz.300969,52.6600,55.8000,52.6600,55.0000,53.0600,2044300,111471227.0500,3,10.221500,1,3.656200,0
2021-09-16,sz.300969,55.1700,59.7500,55.1700,57.2300,55.0000,3312730,191674960.5000,3,16.563700,1,4.054500,0
2021-09-17,sz.300969,57.6800,68.6800,57.2000,68.6800,57.2300,5444406,358838309.4000,3,27.222000,1,20.007000,0
2021-09-22,sz.300969,67.9900,73.8600,66.9300,73.8600,68.6800,6061399,430378281.0500,3,30.307000,1,7.542200,0
2021-09-23,sz.300969,78.0000,81.3800,73.7800,75.6000,73.8600,4011038,307826844.6000,3,20.055200,1,2.355800,0
2021-09-24,sz.300969,73.6700,78.5800,73.3500,75.6600,75.6000,2652896,200433808.3300,3,13.264500,1,0.079400,0
2021-09-27,sz.300969,73.0000,74.7900,70.1200,73.7600,75.6600,3021191,219683125.6500,3,15.106000,1,-2.511200,0
2021-09-28,sz.300969,73.6900,86.7500,72.0700,86.5000,73.7600,2826717,226872915.6700,3,14.133600,1,17.272200,0
2021-09-29,sz.300969,81.8000,84.0100,74.9100,77.7500,86.5000,3316098,261797674.7900,3,16.580500,1,-10.115600,0
2021-09-30,sz.300969,79.1200,88.5800,77.2000,86.1500,77.7500,2977324,249383337.8000,3,14.886600,1,10.803900,0
2021-10-08,sz.300969,87.0000,87.3600,81.0000,86.2000,86.1500,1751263,147450787.2100,3,8.756300,1,0.058000,0
2021-10-11,sz.300969,86.0000,96.6600,85.0100,90.6200,86.2000,2329104,211234485.8500,3,11.645500,1,5.127600,0
2021-10-12,sz.300969,88.0600,91.9900,83.5800,86.3500,90.6200,1591947,138004478.7100,3,7.959700,1,-4.712000,0
2021-10-13,sz.300969,86.3500,88.2000,82.5000,87.1200,86.3500,1310532,112823569.7500,3,6.552700,1,0.891700,0
2021-10-14,sz.300969,85.3600,87.1500,83.0000,87.1000,87.1200,1429400,121892550.0000,3,7.147000,1,-0.023000,0
2021-10-15,sz.300969,89.0000,89.0000,80.2800,85.4400,87.1000,1476500,125231111.7400,3,7.382500,1,-1.905900,0
2021-10-18,sz.300969,88.2900,102.5300,88.0000,102.5300,85.4400,3211074,316189651.3200,3,16.055400,1,20.002300,0
2021-10-19,sz.300969,107.0000,115.0000,97.6500,102.4200,102.5300,4309020,452021805.2800,3,21.545100,1,-0.107300,0
2021-10-20,sz.300969,103.1500,105.2600,97.7300,104.1100,102.4200,2369438,240885240.8000,3,11.847200,1,1.650100,0
2021-10-21,sz.300969,101.4900,104.7000,99.0100,100.4400,104.1100,1624567,164302582.8100,3,8.122800,1,-3.525100,0
2021-10-22,sz.300969,100.4400,109.0000,98.0000,103.5000,100.4400,2273238,233443457.8600,3,11.366200,1,3.046600,0
2021-10-25,sz.300969,100.0000,117.9300,99.3600,110.9900,103.5000,3068182,334264976.9700,3,15.340900,1,7.236700,0
2021-10-26,sz.300969,115.9900,126.0000,115.9900,124.8000,110.9900,3192788,385696016.1100,3,15.963900,1,12.442600,0
2021-10-27,sz.300969,122.0000,124.7900,118.0000,121.7000,124.8000,1799359,218614509.1600,3,8.996800,1,-2.484000,0
2021-10-28,sz.300969,126.0000,146.0400,122.8800,139.1000,121.7000,3967416,552408561.9300,3,19.837100,1,14.297500,0
2021-10-29,sz.300969,140.0000,160.0000,135.5700,160.0000,139.1000,3219962,464947984.8800,3,16.099800,1,15.025200,0
2021-11-01,sz.300969,156.0000,174.9800,143.4500,148.9000,160.0000,4146692,642329709.6400,3,20.733500,1,-6.937500,0
2021-11-02,sz.300969,148.0200,148.9000,137.2300,140.9000,148.9000,3199410,454616747.0700,3,15.997100,1,-5.372700,0
2021-11-03,sz.300969,138.9900,141.0000,132.0000,136.8300,140.9000,3144996,427608461.3300,3,15.725000,1,-2.888600,0
2021-11-04,sz.300969,138.7000,164.2000,136.6500,164.2000,136.8300,4318166,644663972.2600,3,21.590800,1,20.002900,0
2021-11-05,sz.300969,155.0000,169.9500,147.6900,147.9700,164.2000,3608041,570651765.5700,3,18.040200,1,-9.884300,0
2021-11-08,sz.300969,140.1500,153.4700,140.1500,148.1500,147.9700,2028114,299011390.5200,3,10.140600,1,0.121600,0
2021-11-09,sz.300969,149.3500,151.9900,137.0000,139.5500,148.1500,2664663,376010376.0600,3,13.323300,1,-5.804900,0
2021-11-10,sz.300969,138.0000,144.0500,135.0600,142.2400,139.5500,2101716,294012526.2700,3,10.508600,1,1.927600,0
2021-11-11,sz.300969,141.8500,164.9900,138.5200,154.2500,142.2400,3709675,552609129.2200,3,18.548400,1,8.443500,0
2021-11-12,sz.300969,149.5900,172.0000,146.0000,159.4700,154.2500,3518027,563947292.7100,3,17.590100,1,3.384100,0
2021-11-15,sz.300969,162.0100,167.9000,151.4000,153.1600,159.4700,2295882,365023438.8300,3,11.479400,1,-3.956900,0
2021-11-16,sz.300969,150.0000,153.0000,140.5000,142.0700,153.1600,2401553,347801802.4000,3,12.007800,1,-7.240800,0
2021-11-17,sz.300969,144.0200,151.9900,141.5200,150.1300,142.0700,2154581,317539479.7300,3,10.772900,1,5.673300,0
2021-11-18,sz.300969,146.0000,147.0000,130.7600,131.0000,150.1300,3627911,492434506.2000,3,18.139600,1,-12.742300,0
2021-11-19,sz.300969,130.4500,133.6400,126.7600,131.2900,131.0000,2103669,273838876.4300,3,10.518300,1,0.221400,0
2021-11-22,sz.300969,126.6700,135.0000,122.5700,135.0000,131.2900,2482914,322359834.8500,3,12.414600,1,2.825800,0
2021-11-23,sz.300969,134.8900,149.3400,130.1300,140.9200,135.0000,3030135,428452134.0500,3,15.150700,1,4.385200,0
2021-11-24,sz.300969,143.0000,147.5600,134.8000,136.0000,140.9200,1921882,269339268.0300,3,9.609400,1,-3.491300,0
2021-11-25,sz.300969,134.8500,137.7500,127.6000,131.0600,136.0000,1639924,215476751.5200,3,8.199600,1,-3.632400,0
2021-11-26,sz.300969,129.2900,132.0000,127.0800,129.9200,131.0600,1583956,203699927.0400,3,7.919800,1,-0.869800,0
2021-11-29,sz.300969,126.3900,136.4300,126.1600,133.8900,129.9200,1818928,239582390.4000,3,9.094600,1,3.055700,0
2021-11-30,sz.300969,137.8000,141.0000,134.4800,138.1000,133.8900,1968108,268919325.8300,3,9.840500,1,3.144400,0
2021-12-01,sz.300969,136.9900,137.5000,127.0300,131.8000,138.1000,1729410,225807782.9100,3,8.647100,1,-4.561900,0
2021-12-02,sz.300969,130.0000,133.8800,127.6500,129.0200,131.8000,1553604,202525873.0700,3,7.768000,1,-2.109300,0
2021-12-03,sz.300969,127.7000,139.6000,127.7000,135.2100,129.0200,2092275,279204344.0000,3,10.461400,1,4.797700,0
2021-12-06,sz.300969,133.6700,139.5700,132.3200,133.0000,135.2100,1280281,173670022.6800,3,6.401400,1,-1.634500,0
2021-12-07,sz.300969,132.9800,136.8700,124.9200,128.2800,133.0000,1221541,156956734.0200,3,6.107700,1,-3.548900,0
2021-12-08,sz.300969,129.0100,134.6600,127.9100,133.4200,128.2800,862052,113798134.8800,3,4.310300,1,4.006900,0
2021-12-09,sz.300969,134.4200,138.2000,125.8000,133.8000,133.4200,1509071,196952474.8600,3,7.545400,1,0.284800,0
2021-12-10,sz.300969,130.2400,134.5000,129.0000,129.9000,133.8000,762602,100180142.9000,3,3.813000,1,-2.914800,0
2021-12-13,sz.300969,129.5000,131.9600,127.0100,130.3200,129.9000,588326,76082791.7400,3,2.941600,1,0.323300,0
2021-12-14,sz.300969,130.0000,130.0000,122.7000,124.0200,130.3200,1271980,158365144.2000,3,6.359900,1,-4.834300,0
2021-12-15,sz.300969,122.7000,124.0200,119.3000,120.4200,124.0200,1269373,154129020.5400,3,6.346900,1,-2.902800,0
2021-12-16,sz.300969,120.9800,121.3800,118.0100,118.8400,120.4200,815457,97559747.8600,3,4.077300,1,-1.312100,0
2021-12-17,sz.300969,118.8300,119.7400,110.2700,112.6000,118.8400,1808180,204503565.7700,3,9.040900,1,-5.250800,0
2021-12-20,sz.300969,112.5700,114.2800,107.1000,107.3500,112.6000,1268988,139088711.2600,3,6.344900,1,-4.662500,0
2021-12-21,sz.300969,108.3200,111.1100,107.1200,109.8800,107.3500,774931,84601505.6300,3,3.874700,1,2.356800,0
2021-12-22,sz.300969,110.2000,112.8800,104.8000,105.4900,109.8800,1453448,155224302.8400,3,7.267200,1,-3.995300,0
2021-12-23,sz.300969,105.1000,109.4900,103.8300,108.0000,105.4900,1559931,166892885.4200,3,7.799700,1,2.379400,0
2021-12-24,sz.300969,109.0300,112.8500,107.0100,112.0000,108.0000,2836685,313509418.9000,3,14.183400,1,3.703700,0
2021-12-27,sz.300969,116.2800,121.6500,110.3700,115.0500,112.0000,2794009,324698463.5000,3,13.970000,1,2.723200,0
2021-12-28,sz.300969,114.4000,116.2400,104.5000,107.3000,115.0500,2365954,258383438.7300,3,11.829800,1,-6.736200,0
2021-12-29,sz.300969,107.3000,108.7100,100.0000,102.8100,107.3000,2158660,224199102.2000,3,10.793300,1,-4.184500,0
2021-12-30,sz.300969,102.3300,103.9000,101.1600,101.9900,102.8100,1008694,103327080.0300,3,5.043500,1,-0.797600,0
2021-12-31,sz.300969,101.6800,103.0000,99.6700,100.0800,101.9900,800879,80591352.5400,3,4.004400,1,-1.872700,0
