date,code,open,high,low,close,preclose,volume,amount,adjustflag,turn,tradestatus,pctChg,isST
2021-01-04,sz.300712,25.3900,26.5100,24.9400,26.1400,25.3800,11264246,291294165.3400,3,6.185600,1,2.994500,0
2021-01-05,sz.300712,25.8000,25.9300,24.2300,24.9100,26.1400,11317393,282819358.6600,3,6.214800,1,-4.705400,0
2021-01-06,sz.300712,24.8000,25.1900,24.2100,24.7200,24.9100,5702270,140409985.4000,3,3.131300,1,-0.762700,0
2021-01-07,sz.300712,24.6600,25.6700,24.0400,25.0000,24.7200,8056000,200621218.2000,3,4.423800,1,1.132700,0
2021-01-08,sz.300712,25.4500,27.2700,25.3000,26.2000,25.0000,10945657,288067704.6000,3,6.010700,1,4.800000,0
2021-01-11,sz.300712,26.0100,26.1900,23.8900,24.0300,26.2000,10432800,257847111.6000,3,5.729000,1,-8.282400,0
2021-01-12,sz.300712,23.6200,25.4100,23.5600,24.9300,24.0300,5970870,147940958.4000,3,3.278800,1,3.745300,0
2021-01-13,sz.300712,24.9900,25.5000,24.0800,24.2900,24.9300,6513367,160475734.3300,3,3.576700,1,-2.567200,0
2021-01-14,sz.300712,24.0600,24.2800,22.7700,23.0300,24.2900,6202737,145517217.3200,3,3.406200,1,-5.187300,0
2021-01-15,sz.300712,23.2400,23.2500,22.2000,22.7200,23.0300,4335240,98067547.1000,3,2.380600,1,-1.346100,0
2021-01-18,sz.300712,23.0000,23.9800,22.8000,22.9800,22.7200,3708640,86149746.8400,3,2.036600,1,1.144400,0
2021-01-19,sz.300712,22.7500,23.2800,21.9900,22.1700,22.9800,3934745,88461838.3000,3,2.160700,1,-3.524800,0
2021-01-20,sz.300712,22.0600,22.7500,22.0500,22.4800,22.1700,2955477,66310862.0700,3,1.623000,1,1.398300,0
2021-01-21,sz.300712,24.5000,24.5000,23.2000,24.4400,22.4800,6045180,145999125.6000,3,3.319600,1,8.718900,0
2021-01-22,sz.300712,24.8900,25.6000,24.5500,24.6900,24.4400,5303347,132564933.7800,3,2.912300,1,1.022900,0
2021-01-25,sz.300712,24.5500,26.4900,24.5300,25.7500,24.6900,6480167,166590464.2600,3,3.558500,1,4.293200,0
2021-01-26,sz.300712,25.7400,27.0000,25.5500,27.0000,25.7500,6912122,183152777.1500,3,3.795700,1,4.854400,0
2021-01-27,sz.300712,26.9900,27.2100,26.2000,27.0000,27.0000,5415390,144441309.5900,3,2.973800,1,0.000000,0
2021-01-28,sz.300712,26.6900,29.2800,26.6000,27.4800,27.0000,6392167,178951873.9500,3,3.510200,1,1.777800,0
2021-01-29,sz.300712,27.9900,28.6000,26.4400,26.7000,27.4800,5309423,146074260.4600,3,2.915600,1,-2.838400,0
2021-02-01,sz.300712,27.5000,29.2000,27.5000,29.1500,26.7000,6492807,184924188.0600,3,3.565400,1,9.176000,0
2021-02-02,sz.300712,28.8500,29.6900,28.3000,29.1700,29.1500,4426993,128368334.9500,3,2.431000,1,0.068600,0
2021-02-03,sz.300712,29.4000,34.6200,29.2000,33.3900,29.1700,8494998,270757532.0700,3,4.664900,1,14.466900,0
2021-02-04,sz.300712,32.8000,34.0900,32.6000,34.0000,33.3900,6100963,202923481.6200,3,3.350300,1,1.826900,0
2021-02-05,sz.300712,35.9900,36.0000,29.2900,30.4900,34.0000,10224007,322691140.4300,3,5.614400,1,-10.323500,0
2021-02-08,sz.300712,30.5200,30.8200,27.7900,29.1700,30.4900,8337474,243348108.5500,3,4.578400,1,-4.329300,0
2021-02-09,sz.300712,28.2700,30.2900,28.2700,29.2300,29.1700,5143030,150969335.7000,3,2.824200,1,0.205700,0
2021-02-10,sz.300712,29.0400,29.5000,28.1900,28.5000,29.2300,3734970,107242674.3000,3,2.051000,1,-2.497400,0
2021-02-18,sz.300712,29.0100,30.4000,28.4800,29.6500,28.5000,4724823,139378074.7200,3,2.594600,1,4.035100,0
2021-02-19,sz.300712,29.2900,31.4900,29.2400,30.0400,29.6500,5337877,162937896.9600,3,2.931200,1,1.315300,0
2021-02-22,sz.300712,29.9800,30.1200,28.4800,28.7000,30.0400,5096874,149247803.6100,3,2.798900,1,-4.460700,0
2021-02-23,sz.300712,28.7000,29.8000,27.8000,28.3100,28.7000,4481533,128486406.7200,3,2.461000,1,-1.358900,0
2021-02-24,sz.300712,28.3000,28.8700,26.8900,27.4900,28.3100,3962365,109737936.1500,3,2.175900,1,-2.896500,0
2021-02-25,sz.300712,27.5900,28.0000,26.7100,27.3000,27.4900,2554290,69832160.7000,3,1.402700,1,-0.691200,0
2021-02-26,sz.300712,26.6100,27.1500,25.6600,26.0600,27.3000,3654215,96081761.0500,3,2.006700,1,-4.542100,0
2021-03-01,sz.300712,26.2300,26.7200,25.8800,26.5200,26.0600,2613690,68686701.6000,3,1.435300,1,1.765200,0
2021-03-02,sz.300712,26.7600,28.0300,26.5700,27.0200,26.5200,3759225,102619318.3400,3,2.064300,1,1.885400,0
2021-03-03,sz.300712,26.9700,28.6500,26.8200,28.0800,27.0200,3510413,97897958.6500,3,1.927700,1,3.923000,0
2021-03-04,sz.300712,28.3700,28.6600,27.2000,27.7700,28.0800,2790780,77548723.9600,3,1.532500,1,-1.104000,0
2021-03-05,sz.300712,27.1700,27.7100,26.5000,26.5300,27.7700,2959750,79649287.0000,3,1.625300,1,-4.465300,0
2021-03-08,sz.300712,26.8600,27.2800,25.5000,25.7000,26.5300,2179344,57385304.7400,3,1.196800,1,-3.128500,0
2021-03-09,sz.300712,25.6400,26.0000,24.8300,25.0100,25.7000,3099410,78630087.4000,3,1.702000,1,-2.684800,0
2021-03-10,sz.300712,25.3800,26.0200,24.9900,25.2100,25.0100,1702259,43482523.5400,3,0.934800,1,0.799700,0
2021-03-11,sz.300712,25.4800,25.4800,24.8900,25.2000,25.2100,1564597,39355971.6000,3,0.859200,1,-0.039700,0
2021-03-12,sz.300712,25.6800,26.9300,24.9500,26.7800,25.2000,2800541,73098825.2100,3,1.537900,1,6.269800,0
2021-03-15,sz.300712,26.3500,26.7200,25.0100,25.3100,26.7800,2334760,60073616.2200,3,1.282100,1,-5.489200,0
2021-03-16,sz.300712,25.1200,26.5500,25.1200,26.1200,25.3100,1884310,48766434.2200,3,1.034700,1,3.200300,0
2021-03-17,sz.300712,26.0300,26.6600,25.6500,26.3500,26.1200,1450518,37960092.7000,3,0.796500,1,0.880600,0
2021-03-18,sz.300712,26.1000,28.4800,25.9600,27.5600,26.3500,2956287,80839781.8200,3,1.623400,1,4.592000,0
2021-03-19,sz.300712,27.2000,27.5300,26.5000,26.7800,27.5600,1697000,45878988.2300,3,0.931900,1,-2.830200,0
2021-03-22,sz.300712,26.6600,29.3500,26.6600,29.0500,26.7800,4545357,129401412.3600,3,2.496000,1,8.476500,0
2021-03-23,sz.300712,28.8200,30.2700,28.5000,28.7500,29.0500,4751686,139341274.1000,3,2.609300,1,-1.032700,0
2021-03-24,sz.300712,28.7500,28.8900,27.5100,27.6800,28.7500,2659567,74415279.0000,3,1.460500,1,-3.721700,0
2021-03-25,sz.300712,27.5800,27.9000,26.8000,26.8500,27.6800,2120400,57518739.0000,3,1.164400,1,-2.998600,0
2021-03-26,sz.300712,26.9000,27.9900,26.9000,27.2500,26.8500,2091044,57328409.2800,3,1.148300,1,1.489800,0
2021-03-29,sz.300712,27.2000,27.4600,26.3600,26.4600,27.2500,1862978,50006318.1800,3,1.023000,1,-2.899100,0
2021-03-30,sz.300712,26.6400,26.7000,25.7800,26.2500,26.4600,1546024,40368325.1400,3,0.849000,1,-0.793700,0
2021-03-31,sz.300712,26.2400,26.8500,25.8400,26.3100,26.2500,1634694,43028747.9000,3,0.897700,1,0.228600,0
2021-04-01,sz.300712,26.5300,27.0900,26.2100,26.7000,26.3100,1595277,42596203.3200,3,0.876000,1,1.482300,0
2021-04-02,sz.300712,26.7000,27.0800,26.3000,26.8000,26.7000,1146140,30604100.8000,3,0.629400,1,0.374500,0
2021-04-06,sz.300712,26.9700,27.5700,26.6200,27.1500,26.8000,1368184,37119114.7300,3,0.751300,1,1.306000,0
2021-04-07,sz.300712,26.9800,29.0800,26.9800,28.9600,27.1500,4555670,129362849.3300,3,2.501700,1,6.666700,0
2021-04-08,sz.300712,29.1000,30.1300,28.5300,29.0100,28.9600,4202097,123625445.4300,3,2.307500,1,0.172700,0
2021-04-09,sz.300712,29.1200,29.9600,28.6800,29.7800,29.0100,3776213,112269345.7900,3,2.073700,1,2.654300,0
2021-04-12,sz.300712,29.6400,29.8500,28.8000,29.0800,29.7800,2357836,68636052.5400,3,1.294800,1,-2.350600,0
2021-04-13,sz.300712,28.8100,29.6100,28.1900,28.7000,29.0800,1724240,49882661.8000,3,0.946800,1,-1.306700,0
2021-04-14,sz.300712,28.9000,29.5000,28.4400,29.3000,28.7000,1596072,46205432.5600,3,0.876500,1,2.090600,0
2021-04-15,sz.300712,28.9800,30.2500,28.7300,30.0500,29.3000,2270422,67501803.7000,3,1.246800,1,2.559700,0
2021-04-16,sz.300712,30.2500,31.4600,30.1000,30.7500,30.0500,3750779,115990221.2900,3,2.059700,1,2.329500,0
2021-04-19,sz.300712,30.3000,31.3500,29.5000,30.7300,30.7500,3755193,113961286.9900,3,2.062100,1,-0.065000,0
2021-04-20,sz.300712,31.1900,34.5300,30.8000,33.4600,30.7300,9377289,307556097.2100,3,5.149400,1,8.883800,0
2021-04-21,sz.300712,32.7000,33.7700,31.8200,33.2800,33.4600,4809210,158710817.9000,3,2.640900,1,-0.538000,0
2021-04-22,sz.300712,33.7000,34.5800,31.6800,32.9400,33.2800,7583062,249428108.7900,3,4.164100,1,-1.021600,0
2021-04-23,sz.300712,32.7300,34.4500,32.0900,32.3900,32.9400,5760623,191937408.2000,3,3.163400,1,-1.669700,0
2021-04-26,sz.300712,32.6500,34.7000,32.6200,33.8900,32.3900,6325272,215606025.6000,3,3.473400,1,4.631100,0
2021-04-27,sz.300712,34.2600,35.4000,33.5800,34.8100,33.8900,6185512,214819573.1600,3,3.396700,1,2.714700,0
2021-04-28,sz.300712,32.8000,36.4200,32.8000,36.3100,34.8100,6945450,245152573.7000,3,3.814000,1,4.309100,0
2021-04-29,sz.300712,35.8000,39.3300,35.6000,38.8100,36.3100,7184939,272299958.9000,3,3.945500,1,6.885200,0
2021-04-30,sz.300712,38.9000,39.3800,37.3900,38.0300,38.8100,3190070,122204417.2000,3,1.751800,1,-2.009800,0
2021-05-06,sz.300712,38.0300,38.7800,35.0000,36.5500,38.0300,6755220,245833128.1000,3,3.709500,1,-3.891700,0
2021-05-07,sz.300712,36.8000,36.8000,34.6600,34.7500,36.5500,4217680,149832323.6000,3,2.316100,1,-4.924800,0
2021-05-10,sz.300712,34.8100,35.1400,33.7700,34.5200,34.7500,2350290,80663103.3000,3,1.290600,1,-0.661900,0
2021-05-11,sz.300712,34.3800,34.5600,32.0700,33.4500,34.5200,3155132,104528243.9600,3,1.732600,1,-3.099700,0
2021-05-12,sz.300712,33.4700,33.7100,32.6000,32.9300,33.4500,2026140,66984499.1000,3,1.112600,1,-1.554600,0
2021-05-13,sz.300712,32.5500,35.2400,32.0000,34.5000,32.9300,5538800,187711961.1000,3,3.041600,1,4.767700,0
2021-05-14,sz.300712,35.2000,37.5700,34.5100,35.2000,34.5000,6145158,219843231.9400,3,3.374500,1,2.029000,0
2021-05-17,sz.300712,34.0000,38.7700,34.0000,38.0400,35.2000,6755260,249748853.0000,3,3.709600,1,8.068200,0
2021-05-18,sz.300712,38.2000,39.3000,37.1700,37.8800,38.0400,3783556,144589941.6300,3,2.077700,1,-0.420600,0
2021-05-19,sz.300712,38.0100,39.6900,36.8800,39.6000,37.8800,5019147,192380794.6500,3,2.756200,1,4.540700,0
2021-05-20,sz.300712,40.0000,42.3000,38.6600,42.3000,39.6000,7456639,307351097.3700,3,4.094700,1,6.818200,0
2021-05-21,sz.300712,42.3000,42.4200,40.5100,41.8900,42.3000,2656320,109914740.0400,3,1.458700,1,-0.969300,0
2021-05-24,sz.300712,41.6900,42.3900,40.5000,41.2300,41.8900,2530387,104888876.0000,3,1.389500,1,-1.575600,0
2021-05-25,sz.300712,41.2100,43.2000,40.7000,42.0200,41.2300,2437727,102947981.4400,3,1.338600,1,1.916100,0
2021-05-26,sz.300712,42.7700,42.7700,39.7200,40.6500,42.0200,3665452,149658131.2400,3,2.012800,1,-3.260400,0
2021-05-27,sz.300712,41.4100,41.4100,39.6100,40.0100,40.6500,2531040,102274359.6000,3,1.389900,1,-1.574400,0
2021-05-28,sz.300712,40.0000,41.9800,40.0000,40.9800,40.0100,2596752,107035792.8600,3,1.426000,1,2.424400,0
2021-05-31,sz.300712,41.3800,42.5000,40.6100,41.6300,40.9800,2323480,96480161.7200,3,1.275900,1,1.586100,0
2021-06-01,sz.300712,41.2500,42.0500,40.5100,41.7000,41.6300,1590615,65629468.1400,3,0.873500,1,0.168100,0
2021-06-02,sz.300712,41.9900,42.2100,40.2100,40.4800,41.7000,1868520,76588234.7800,3,1.026100,1,-2.925700,0
2021-06-03,sz.300712,40.0500,40.7900,39.3000,40.2700,40.4800,3042919,121683745.3200,3,1.671000,1,-0.518800,0
2021-06-04,sz.300712,40.4400,42.1800,40.0300,41.5000,40.2700,2317700,95191656.7000,3,1.272700,1,3.054400,0
2021-06-07,sz.300712,40.4900,46.2400,40.4900,46.2400,41.5000,5123174,224992307.9300,3,2.813300,1,11.421700,0
2021-06-08,sz.300712,45.8900,47.3100,44.5000,46.1800,46.2400,4893011,224795015.1900,3,2.686900,1,-0.129800,0
2021-06-09,sz.300712,46.1800,47.2500,44.9000,45.4600,46.1800,3782596,174807629.9000,3,2.077200,1,-1.559100,0
2021-06-10,sz.300712,46.1500,48.2500,45.4700,46.8100,45.4600,4444236,209722200.2100,3,2.440500,1,2.969600,0
2021-06-11,sz.300712,46.7800,47.3400,45.8900,46.6700,46.8100,2042000,95031025.5000,3,1.121300,1,-0.299100,0
2021-06-15,sz.300712,46.6800,46.6800,42.1900,42.6300,46.6700,5073997,223532432.6000,3,2.786300,1,-8.656500,0
2021-06-16,sz.300712,43.8800,43.8800,39.2000,39.3000,42.6300,4965462,200839905.1700,3,2.726700,1,-7.811400,0
2021-06-17,sz.300712,38.9000,41.0800,38.6800,40.2500,39.3000,2168000,87197827.6200,3,1.190500,1,2.417300,0
2021-06-18,sz.300712,39.6300,42.9900,39.6300,42.0100,40.2500,2830038,118220302.1900,3,1.554100,1,4.372700,0
2021-06-21,sz.300712,41.9100,42.0500,39.8000,41.4000,42.0100,3173611,129299055.5200,3,1.742700,1,-1.452000,0
2021-06-22,sz.300712,40.8800,40.9500,38.8000,39.5900,41.4000,3850848,153100883.1000,3,2.114600,1,-4.372000,0
2021-06-23,sz.300712,39.6000,40.2900,37.2000,38.3500,39.5900,6161212,234517918.9100,3,3.383300,1,-3.132100,0
2021-06-24,sz.300712,38.6200,39.8000,38.1100,38.9000,38.3500,3033260,118368026.5000,3,1.665700,1,1.434200,0
2021-06-25,sz.300712,39.2100,39.5000,37.5000,38.9700,38.9000,3129410,120072848.8600,3,1.718500,1,0.179900,0
2021-06-28,sz.300712,38.3300,39.9400,38.3300,38.7000,38.9700,1876480,73271468.8000,3,1.030400,1,-0.692800,0
2021-06-29,sz.300712,38.7100,43.6800,38.5000,40.9500,38.7000,5867436,241787195.0800,3,3.222000,1,5.814000,0
2021-06-30,sz.300712,40.8600,44.7600,40.2100,43.8800,40.9500,5306791,229842597.1600,3,2.914200,1,7.155100,0
2021-07-01,sz.300712,44.3800,45.4400,41.8900,43.9700,43.8800,5553610,243054604.7400,3,3.049700,1,0.205100,0
2021-07-02,sz.300712,43.8400,46.2900,43.2700,45.5000,43.9700,3501204,156704912.8800,3,1.922600,1,3.479600,0
2021-07-05,sz.300712,45.9800,46.1800,44.6800,45.4200,45.5000,2313082,105273122.6600,3,1.270200,1,-0.175800,0
2021-07-06,sz.300712,45.4300,53.5900,45.3800,51.1800,45.4200,5768913,291151402.4400,3,3.167900,1,12.681600,0
2021-07-07,sz.300712,50.0200,61.3900,49.8000,59.7200,51.1800,7100928,398155891.2200,3,3.899400,1,16.686200,0
2021-07-08,sz.300712,59.7200,65.0000,58.8000,60.8800,59.7200,5995839,367369993.1700,3,3.292500,1,1.942400,0
2021-07-09,sz.300712,60.5100,61.8000,58.0800,61.1400,60.8800,4502560,272263507.5000,3,2.472500,1,0.427100,0
2021-07-12,sz.300712,64.0000,71.5300,62.0400,70.0600,61.1400,7464400,492145567.5000,3,4.099000,1,14.589500,0
2021-07-13,sz.300712,69.0000,76.9000,67.0000,72.8500,70.0600,5270476,375662462.8300,3,2.894200,1,3.982300,0
2021-07-14,sz.300712,70.0000,73.5000,69.0000,71.3000,72.8500,4797560,341675492.1000,3,2.634500,1,-2.127700,0
2021-07-15,sz.300712,72.1100,73.8200,65.8800,70.1700,71.3000,6915509,476841566.9100,3,3.797600,1,-1.584900,0
2021-07-16,sz.300712,71.4100,75.0000,67.9900,72.2000,70.0700,3914696,280707929.5200,3,2.149700,1,3.039800,0
2021-07-19,sz.300712,72.2000,73.6400,67.0100,68.2900,72.2000,4117386,287466375.4600,3,2.261000,1,-5.415500,0
2021-07-20,sz.300712,68.0000,69.7800,66.6600,69.1300,68.2900,2736167,187898915.0200,3,1.502500,1,1.230000,0
2021-07-21,sz.300712,71.9100,80.0000,68.8300,76.8700,69.1300,3874360,288439501.5800,3,2.127600,1,11.196300,0
2021-07-22,sz.300712,81.0000,83.9200,77.2400,80.1100,76.8700,5164196,414112621.9100,3,2.835800,1,4.214900,0
2021-07-23,sz.300712,80.8800,83.1600,75.6600,77.6400,80.1100,4437944,346375682.7800,3,2.437000,1,-3.083300,0
2021-07-26,sz.300712,77.9700,87.0000,76.0000,82.7300,77.6400,7026026,582560928.2800,3,3.858200,1,6.555900,0
2021-07-27,sz.300712,83.8800,89.9500,77.0100,79.0800,82.7300,5510521,468952200.2000,3,3.026000,1,-4.411900,0
2021-07-28,sz.300712,76.6200,85.6100,69.9900,85.6100,79.0800,5081660,403722856.9500,3,2.790500,1,8.257500,0
2021-07-29,sz.300712,88.5100,102.7300,85.6100,102.7300,85.6100,8393714,811908429.6100,3,4.609300,1,19.997700,0
2021-07-30,sz.300712,112.5000,119.6800,103.8900,107.6600,102.7300,15209723,1683228391.2000,3,8.352200,1,4.799000,0
2021-08-02,sz.300712,108.9300,113.0000,96.5000,106.0500,107.6600,10841141,1116056660.4200,3,5.953300,1,-1.495400,0
2021-08-03,sz.300712,104.9700,105.4000,91.1800,95.2000,106.0500,9451116,911161691.3000,3,5.190000,1,-10.231000,0
2021-08-04,sz.300712,96.0100,100.1800,93.8000,98.6800,95.2000,6302933,616069054.3200,3,3.461200,1,3.655500,0
2021-08-05,sz.300712,98.8800,112.8800,98.8800,107.0000,98.6800,9945501,1050973776.7300,3,5.461400,1,8.431300,0
2021-08-06,sz.300712,103.4000,112.0000,100.0300,111.0000,107.0000,10142385,1073284791.0500,3,5.569600,1,3.738300,0
2021-08-09,sz.300712,111.0400,119.0000,103.0500,113.8000,111.0000,11057974,1214563298.5100,3,6.072300,1,2.522500,0
2021-08-10,sz.300712,112.9800,126.0000,110.0100,119.0100,113.8000,10590175,1267365738.9000,3,5.815500,1,4.578200,0
2021-08-11,sz.300712,114.0000,121.7000,107.8800,119.5800,119.0100,11117763,1272238623.3900,3,6.105200,1,0.479000,0
2021-08-12,sz.300712,115.0000,115.8000,108.8800,112.3000,119.5800,7408094,830903873.7600,3,4.068100,1,-6.088000,0
2021-08-13,sz.300712,109.0000,110.9400,95.4000,96.9000,112.3000,12670488,1265152925.7100,3,6.957800,1,-13.713300,0
2021-08-16,sz.300712,77.5200,77.5200,77.5200,77.5200,96.9000,852300,66070296.0000,3,0.468000,1,-20.000000,0
2021-08-17,sz.300712,68.4900,72.2500,62.0200,67.0000,77.5200,37984078,2473532847.2000,3,20.858500,1,-13.570700,0
2021-08-18,sz.300712,64.9500,65.4400,59.3000,59.6000,67.0000,21336944,1324283863.9200,3,11.716900,1,-11.044800,0
2021-08-19,sz.300712,60.0200,62.6200,59.5200,60.5100,59.6000,17629924,1077491634.9700,3,9.681200,1,1.526800,0
2021-08-20,sz.300712,59.0000,64.7900,59.0000,62.6800,60.5100,12786133,801599822.8200,3,7.021300,1,3.586200,0
2021-08-23,sz.300712,63.9100,68.2000,60.5100,65.8200,62.6800,11822682,758854031.4800,3,6.492300,1,5.009600,0
2021-08-24,sz.300712,65.0000,65.0000,60.7000,61.9400,65.8200,10698318,667140603.4900,3,5.874800,1,-5.894900,0
2021-08-25,sz.300712,61.9000,64.4000,59.4200,62.6100,61.9400,7842966,485900793.1500,3,4.306900,1,1.081700,0
2021-08-26,sz.300712,63.2400,64.8000,57.6800,57.9500,62.6100,10366391,628190852.9100,3,5.692600,1,-7.442900,0
2021-08-27,sz.300712,59.1300,60.3700,53.6000,58.7700,57.9500,11476858,646299547.3400,3,6.302400,1,1.415000,0
2021-08-30,sz.300712,57.3000,58.3500,55.9800,56.3000,58.7700,6558090,374021082.3000,3,3.601300,1,-4.202800,0
2021-08-31,sz.300712,57.0000,57.1800,53.2600,54.8000,56.3000,5192918,283782132.5400,3,2.851600,1,-2.664300,0
2021-09-01,sz.300712,54.8000,55.7900,51.6600,51.8000,54.8000,5097697,269497048.3200,3,2.799300,1,-5.474500,0
2021-09-02,sz.300712,52.3900,52.7800,51.1500,51.9900,51.8000,5269048,273557938.8200,3,2.893400,1,0.366800,0
2021-09-03,sz.300712,52.0000,53.0000,49.0000,49.1000,51.9900,7069943,357042595.9500,3,3.882400,1,-5.558800,0
2021-09-06,sz.300712,49.2900,52.8600,48.0000,50.7500,49.1000,12256963,619650535.0200,3,6.730700,1,3.360500,0
2021-09-07,sz.300712,50.6000,53.6000,49.2000,53.3100,50.7500,10925052,565906318.1800,3,5.999300,1,5.044300,0
2021-09-08,sz.300712,53.0000,60.9600,52.6600,58.6400,53.3100,14395997,830332790.8100,3,7.905400,1,9.998100,0
2021-09-09,sz.300712,58.1900,58.9500,55.5000,56.6900,58.6400,8876846,504963231.6000,3,4.874600,1,-3.325400,0
2021-09-10,sz.300712,56.0600,61.6300,56.0600,60.8200,56.6900,10401191,619649354.2900,3,5.711700,1,7.285200,0
2021-09-13,sz.300712,61.0000,63.8000,56.4100,58.2000,60.8200,9620990,570291927.1700,3,5.283200,1,-4.307800,0
2021-09-14,sz.300712,58.9000,60.5200,56.7600,59.2000,58.2000,6484252,383557517.7000,3,3.560700,1,1.718200,0
2021-09-15,sz.300712,59.0300,60.1900,56.8300,57.7000,59.2000,5348072,312238200.3100,3,2.936800,1,-2.533800,0
2021-09-16,sz.300712,57.1400,57.3000,50.8600,51.0400,57.7000,10150114,538454357.2200,3,5.573800,1,-11.542500,0
2021-09-17,sz.300712,51.2000,52.1800,49.2000,51.0400,51.0400,5238090,265779355.1000,3,2.876400,1,0.000000,0
2021-09-22,sz.300712,51.9000,54.9300,50.4200,53.7200,51.0400,7209394,385140258.7000,3,3.958900,1,5.250800,0
2021-09-23,sz.300712,55.2900,58.0000,53.0300,53.4100,53.7200,5873345,325433223.1500,3,3.225300,1,-0.577100,0
2021-09-24,sz.300712,53.6500,54.0600,51.5000,52.2000,53.4100,4422985,232175995.4500,3,2.428800,1,-2.265500,0
2021-09-27,sz.300712,52.1100,52.9000,47.0000,48.8800,52.2000,6190670,307937230.4500,3,3.399500,1,-6.360200,0
2021-09-28,sz.300712,48.7000,51.0000,48.4500,49.6500,48.8800,4040683,201184850.4000,3,2.218900,1,1.575300,0
2021-09-29,sz.300712,49.5300,51.3000,47.8000,47.8200,49.6500,4229670,208602045.5000,3,2.322700,1,-3.685800,0
2021-09-30,sz.300712,48.1000,51.7000,47.5100,51.4500,47.8200,5533450,278201129.5000,3,3.038600,1,7.591000,0
2021-10-08,sz.300712,52.2400,53.3700,49.2800,49.9600,51.4500,4653761,236075842.6000,3,2.555600,1,-2.896000,0
2021-10-11,sz.300712,51.4000,52.3000,49.9700,51.3200,49.9600,4205631,215481573.5400,3,2.309500,1,2.722200,0
2021-10-12,sz.300712,51.5200,51.9400,45.1300,46.2200,51.3200,9139474,433021851.0000,3,5.018800,1,-9.937600,0
2021-10-13,sz.300712,47.9800,47.9800,45.3100,46.2800,46.2200,3841530,177375323.6000,3,2.109500,1,0.129800,0
2021-10-14,sz.300712,46.0100,53.3900,45.2100,50.2400,46.2800,9988066,498890762.6900,3,5.484800,1,8.556600,0
2021-10-15,sz.300712,50.1400,50.4000,47.5900,49.3000,50.2400,5851400,285967730.4800,3,3.213200,1,-1.871000,0
2021-10-18,sz.300712,49.8300,54.3500,48.8800,53.2900,49.3000,8078356,423775015.3400,3,4.436100,1,8.093300,0
2021-10-19,sz.300712,55.0000,58.1300,53.6600,56.0800,53.2900,10115977,572765941.1000,3,5.555100,1,5.235500,0
2021-10-20,sz.300712,56.9500,57.9600,54.0800,55.9900,56.0800,7205370,409196290.7100,3,3.956700,1,-0.160500,0
2021-10-21,sz.300712,55.6800,63.0000,54.5000,61.3100,55.9900,10274775,614027360.9700,3,5.642300,1,9.501700,0
2021-10-22,sz.300712,61.0000,61.9000,58.5000,59.0900,61.3100,6156420,368089344.1400,3,3.380700,1,-3.620900,0
2021-10-25,sz.300712,60.4500,70.9100,59.2000,70.9100,59.0900,13136427,879757354.4200,3,7.213700,1,20.003400,0
2021-10-26,sz.300712,77.0200,85.0900,77.0200,78.9600,70.9100,20752658,1691578938.0600,3,11.396000,1,11.352400,0
2021-10-27,sz.300712,80.4700,83.4400,77.3900,78.9600,78.9600,13941041,1112982446.6700,3,7.655500,1,0.000000,0
2021-10-28,sz.300712,77.2900,78.5100,69.0000,69.2500,78.9600,18155888,1312536891.1800,3,9.970100,1,-12.297400,0
2021-10-29,sz.300712,69.8000,70.3000,65.3600,68.4300,69.2500,10985126,744758649.0800,3,6.032300,1,-1.184100,0
2021-11-01,sz.300712,68.7900,73.3500,67.2800,72.2500,68.4300,12302024,874810302.1600,3,6.755500,1,5.582300,0
2021-11-02,sz.300712,70.5500,71.9800,68.6000,69.5100,72.2500,8380291,586023241.2800,3,4.601900,1,-3.792400,0
2021-11-03,sz.300712,68.8800,68.8800,64.3000,66.4800,69.5100,10154866,671786104.0100,3,5.576400,1,-4.359100,0
2021-11-04,sz.300712,68.0100,70.0300,66.8100,67.6300,66.4800,8251450,564984354.4500,3,4.531200,1,1.729800,0
2021-11-05,sz.300712,66.2000,66.9900,63.6000,63.6500,67.6300,7251052,473066686.6000,3,3.981800,1,-5.885000,0
2021-11-08,sz.300712,62.9000,65.0100,62.5100,63.8000,63.6500,6154961,392592751.0300,3,3.379900,1,0.235700,0
2021-11-09,sz.300712,64.6600,68.8500,63.5000,68.6000,63.8000,10123868,669554509.5500,3,5.559400,1,7.523500,0
2021-11-10,sz.300712,66.9900,71.4200,66.5000,70.1500,68.6000,10771440,749502606.1100,3,5.915000,1,2.259500,0
2021-11-11,sz.300712,70.0000,71.6200,66.8100,67.3400,70.1500,8622158,591562034.1300,3,4.734700,1,-4.005700,0
2021-11-12,sz.300712,66.0600,68.8500,66.0200,66.5000,67.3400,7028126,473648937.6100,3,3.859400,1,-1.247400,0
2021-11-15,sz.300712,66.0800,67.0000,62.5600,63.4200,66.5000,7153895,460909143.4000,3,3.928500,1,-4.631600,0
2021-11-16,sz.300712,63.3800,64.1500,60.9900,61.0300,63.4200,5485095,342317155.7500,3,3.012100,1,-3.768500,0
2021-11-17,sz.300712,61.0000,63.5800,60.6600,62.4500,61.0300,4536131,281226360.6400,3,2.491000,1,2.326700,0
2021-11-18,sz.300712,62.2800,63.3000,61.0100,61.2100,62.4500,4111087,255156204.4400,3,2.257500,1,-1.985600,0
2021-11-19,sz.300712,61.2200,62.1500,59.8000,61.0900,61.2100,3826200,233409044.6600,3,2.101100,1,-0.196000,0
2021-11-22,sz.300712,62.0000,63.2100,61.2100,62.3100,61.0900,5439390,336877868.4200,3,2.987000,1,1.997100,0
2021-11-23,sz.300712,62.5000,68.4300,61.6100,66.0500,62.3100,10069769,652754953.5000,3,5.529700,1,6.002200,0
2021-11-24,sz.300712,65.4800,65.4800,61.6000,61.8400,66.0500,8321064,522804086.3500,3,4.569400,1,-6.374000,0
2021-11-25,sz.300712,61.5500,63.6900,60.6000,62.8500,61.8400,5846230,363886529.9000,3,3.210400,1,1.633200,0
2021-11-26,sz.300712,62.8700,67.5000,62.2400,66.5400,62.8500,9813586,643961229.1800,3,5.389000,1,5.871100,0
2021-11-29,sz.300712,65.2600,71.8900,65.0500,70.8000,66.5400,10185123,709257336.5800,3,5.593000,1,6.402200,0
2021-11-30,sz.300712,71.4000,75.9800,69.2000,71.9300,70.8000,9771381,707180082.4300,3,5.365800,1,1.596000,0
2021-12-01,sz.300712,71.9300,73.6900,67.2000,68.5000,71.9300,9494200,661574135.1800,3,5.213600,1,-4.768500,0
2021-12-02,sz.300712,68.5700,70.2200,67.8600,68.5200,68.5000,5924700,407662175.6000,3,3.253500,1,0.029200,0
2021-12-03,sz.300712,68.0300,71.6400,67.5000,71.5500,68.5200,8254144,578123596.8600,3,4.532700,1,4.422100,0
2021-12-06,sz.300712,78.5600,81.0000,71.3500,71.9400,71.5500,11805300,885698720.5000,3,6.482700,1,0.545100,0
2021-12-07,sz.300712,71.3700,74.5000,66.2000,67.7100,71.9400,8989956,620670674.7900,3,4.936700,1,-5.879900,0
2021-12-08,sz.300712,69.0000,71.7300,67.9300,69.2900,67.7100,6372623,444729888.8500,3,3.499400,1,2.333500,0
2021-12-09,sz.300712,68.0600,69.3900,66.2100,66.4100,69.2900,6165047,412777035.7700,3,3.385500,1,-4.156400,0
2021-12-10,sz.300712,65.5000,69.0000,64.4800,67.2600,66.4100,5924600,395386609.6800,3,3.253400,1,1.279900,0
2021-12-13,sz.300712,67.3000,70.6000,66.3000,67.2200,67.2600,7595523,521437342.5700,3,4.171000,1,-0.059500,0
2021-12-14,sz.300712,66.6100,67.9700,65.5000,66.5000,67.2200,4673941,309905895.6100,3,2.566600,1,-1.071100,0
2021-12-15,sz.300712,65.6600,68.0000,65.5000,65.7800,66.5000,4589447,304435234.2500,3,2.520200,1,-1.082700,0
2021-12-16,sz.300712,66.0500,66.7500,63.6300,65.3500,65.7800,5160328,335945396.0000,3,2.833700,1,-0.653700,0
2021-12-17,sz.300712,64.4000,67.6600,64.0100,65.7700,65.3500,5561077,368435498.7400,3,3.053800,1,0.642700,0
2021-12-20,sz.300712,65.7800,67.6600,62.4000,62.5100,65.7700,5663105,363301954.7300,3,3.109800,1,-4.956700,0
2021-12-21,sz.300712,61.9400,63.3500,60.7000,62.1100,62.5100,3449251,213268505.5000,3,1.894100,1,-0.639900,0
2021-12-22,sz.300712,62.1500,63.5000,61.1600,61.8000,62.1100,2659070,165068451.0000,3,1.460200,1,-0.499100,0
2021-12-23,sz.300712,61.9300,63.1400,61.3100,62.4800,61.8000,2991330,186391314.2000,3,1.642600,1,1.100300,0
2021-12-24,sz.300712,62.0000,62.2000,55.8100,56.1200,62.4800,7129474,415279300.3400,3,3.915100,1,-10.179300,0
2021-12-27,sz.300712,57.0000,57.0000,53.5300,53.9800,56.1200,4188950,229773937.7600,3,2.300300,1,-3.813300,0
2021-12-28,sz.300712,54.0000,56.9600,53.9000,54.7100,53.9800,5220768,288773254.6000,3,2.866900,1,1.352400,0
2021-12-29,sz.300712,55.1400,55.8900,54.3500,55.0700,54.7100,2311490,127029807.9000,3,1.269300,1,0.658000,0
2021-12-30,sz.300712,54.8600,56.2600,54.5500,55.3800,55.0700,2602953,144353060.0000,3,1.429400,1,0.562900,0
2021-12-31,sz.300712,55.3900,56.6700,54.0000,54.8400,55.3800,3409241,189384737.1600,3,1.872100,1,-0.975100,0
