date,time,code,open,high,low,close,volume,amount,adjustflag
2020-01-02,20200102103000000,sh.601860,5.7700,5.8100,5.7000,5.7400,19934864,114850612.0000,3
2020-01-02,20200102113000000,sh.601860,5.7400,5.7600,5.7100,5.7200,4229817,24271047.0000,3
2020-01-02,20200102140000000,sh.601860,5.7200,5.7300,5.7000,5.7300,3784699,21627870.0000,3
2020-01-02,20200102150000000,sh.601860,5.7200,5.7300,5.6700,5.6800,7191156,40933081.0000,3
2020-01-03,20200103103000000,sh.601860,5.2600,5.4900,5.2600,5.4200,111470217,595171120.0000,3
2020-01-03,20200103113000000,sh.601860,5.4200,5.4200,5.3800,5.4000,12007475,64828496.0000,3
2020-01-03,20200103140000000,sh.601860,5.4000,5.4200,5.3700,5.4200,11899567,64156016.0000,3
2020-01-03,20200103150000000,sh.601860,5.4200,5.4600,5.4100,5.4500,16804285,91352224.0000,3
2020-01-06,20200106103000000,sh.601860,5.3200,5.3800,5.3000,5.3700,43035911,229912035.0000,3
2020-01-06,20200106113000000,sh.601860,5.3700,5.4200,5.3500,5.4000,12107790,65106269.0000,3
2020-01-06,20200106140000000,sh.601860,5.4000,5.4200,5.3600,5.3800,10554116,56857872.0000,3
2020-01-06,20200106150000000,sh.601860,5.3800,5.3900,5.3500,5.3800,13918855,74700256.0000,3
2020-01-07,20200107103000000,sh.601860,5.4000,5.4100,5.3600,5.3800,18867173,101564930.0000,3
2020-01-07,20200107113000000,sh.601860,5.3700,5.3700,5.3500,5.3600,7867928,42173315.0000,3
2020-01-07,20200107140000000,sh.601860,5.3700,5.3800,5.3600,5.3800,6279095,33690737.0000,3
2020-01-07,20200107150000000,sh.601860,5.3700,5.4200,5.3700,5.4100,22678786,122379386.0000,3
2020-01-08,20200108103000000,sh.601860,5.4000,5.4000,5.3600,5.3700,12700875,68226880.0000,3
2020-01-08,20200108113000000,sh.601860,5.3700,5.4000,5.3600,5.3900,6310666,33973751.0000,3
2020-01-08,20200108140000000,sh.601860,5.3800,5.3900,5.3200,5.3200,16176438,86528626.0000,3
2020-01-08,20200108150000000,sh.601860,5.3300,5.3500,5.3100,5.3200,9981514,53175579.0000,3
2020-01-09,20200109103000000,sh.601860,5.3600,5.3900,5.3500,5.3600,17093913,91711699.0000,3
2020-01-09,20200109113000000,sh.601860,5.3600,5.3700,5.3400,5.3400,4201093,22484823.0000,3
2020-01-09,20200109140000000,sh.601860,5.3500,5.3600,5.3400,5.3500,4268018,22830801.0000,3
2020-01-09,20200109150000000,sh.601860,5.3500,5.3700,5.3400,5.3600,9925273,53132953.0000,3
2020-01-10,20200110103000000,sh.601860,5.3800,5.3900,5.3500,5.3500,11227192,60229909.0000,3
2020-01-10,20200110113000000,sh.601860,5.3500,5.3600,5.3300,5.3500,6447817,34469381.0000,3
2020-01-10,20200110140000000,sh.601860,5.3400,5.3500,5.3300,5.3400,2958037,15795801.0000,3
2020-01-10,20200110150000000,sh.601860,5.3400,5.3600,5.3400,5.3600,8181078,43767032.0000,3
2020-01-13,20200113103000000,sh.601860,5.3600,5.3600,5.3000,5.3200,10244150,54514374.0000,3
2020-01-13,20200113113000000,sh.601860,5.3200,5.3500,5.3100,5.3500,3803219,20286517.0000,3
2020-01-13,20200113140000000,sh.601860,5.3500,5.3500,5.3200,5.3400,5315021,28331856.0000,3
2020-01-13,20200113150000000,sh.601860,5.3400,5.3600,5.3200,5.3600,9665839,51670441.0000,3
2020-01-14,20200114103000000,sh.601860,5.3700,5.3800,5.3400,5.3500,14949720,80196309.0000,3
2020-01-14,20200114113000000,sh.601860,5.3500,5.3500,5.3300,5.3400,6555879,35015414.0000,3
2020-01-14,20200114140000000,sh.601860,5.3400,5.3500,5.3300,5.3300,4483263,23924115.0000,3
2020-01-14,20200114150000000,sh.601860,5.3300,5.3400,5.3100,5.3300,10040208,53478511.0000,3
2020-01-15,20200115103000000,sh.601860,5.3200,5.3300,5.2800,5.2900,13060468,69206782.0000,3
2020-01-15,20200115113000000,sh.601860,5.2800,5.2900,5.2800,5.2900,3944538,20845584.0000,3
2020-01-15,20200115140000000,sh.601860,5.2900,5.2900,5.2600,5.2700,7594709,40036522.0000,3
2020-01-15,20200115150000000,sh.601860,5.2700,5.2900,5.2700,5.2800,5014787,26481412.0000,3
2020-01-16,20200116103000000,sh.601860,5.2800,5.2900,5.2500,5.2500,9207259,48482685.0000,3
2020-01-16,20200116113000000,sh.601860,5.2600,5.2600,5.2400,5.2600,5603667,29424807.0000,3
2020-01-16,20200116140000000,sh.601860,5.2500,5.2600,5.2400,5.2500,3372195,17706602.0000,3
2020-01-16,20200116150000000,sh.601860,5.2500,5.2600,5.2400,5.2400,5931930,31131673.0000,3
2020-01-17,20200117103000000,sh.601860,5.2500,5.2800,5.1800,5.2400,14597609,76348091.0000,3
2020-01-17,20200117113000000,sh.601860,5.2400,5.2600,5.2300,5.2400,3544635,18586391.0000,3
2020-01-17,20200117140000000,sh.601860,5.2400,5.2400,5.2100,5.2200,2673558,13962466.0000,3
2020-01-17,20200117150000000,sh.601860,5.2200,5.2400,5.2100,5.2200,4660512,24340932.0000,3
2020-01-20,20200120103000000,sh.601860,5.2100,5.2600,5.2100,5.2300,8001268,41914305.0000,3
2020-01-20,20200120113000000,sh.601860,5.2300,5.2500,5.2300,5.2400,2815961,14749642.0000,3
2020-01-20,20200120140000000,sh.601860,5.2400,5.2500,5.2300,5.2300,3191709,16724642.0000,3
2020-01-20,20200120150000000,sh.601860,5.2300,5.2400,5.2300,5.2400,4743571,24837974.0000,3
2020-01-21,20200121103000000,sh.601860,5.2300,5.2300,5.1800,5.1900,12130564,62986440.0000,3
2020-01-21,20200121113000000,sh.601860,5.1900,5.2000,5.1600,5.1900,6921500,35823641.0000,3
2020-01-21,20200121140000000,sh.601860,5.1900,5.1900,5.1500,5.1600,4752160,24556887.0000,3
2020-01-21,20200121150000000,sh.601860,5.1700,5.1700,5.1300,5.1500,8660034,44624741.0000,3
2020-01-22,20200122103000000,sh.601860,5.1200,5.1300,5.0400,5.0700,12997917,65947627.0000,3
2020-01-22,20200122113000000,sh.601860,5.0700,5.0800,5.0600,5.0700,4296100,21774469.0000,3
2020-01-22,20200122140000000,sh.601860,5.0700,5.1000,5.0700,5.0900,4895980,24882686.0000,3
2020-01-22,20200122150000000,sh.601860,5.0900,5.1000,5.0700,5.0700,6352300,32303370.0000,3
2020-01-23,20200123103000000,sh.601860,5.0400,5.0400,5.0000,5.0200,9018500,45261154.0000,3
2020-01-23,20200123113000000,sh.601860,5.0200,5.0200,4.9600,4.9700,9081356,45305832.0000,3
2020-01-23,20200123140000000,sh.601860,4.9700,4.9700,4.8100,4.8600,12286805,60217423.0000,3
2020-01-23,20200123150000000,sh.601860,4.8600,4.9000,4.8500,4.8800,7405059,36052404.0000,3
2020-02-03,20200203103000000,sh.601860,4.4000,4.4000,4.3900,4.3900,9663700,42439890.0000,3
2020-02-03,20200203113000000,sh.601860,4.3900,4.3900,4.3900,4.3900,537400,2359186.0000,3
2020-02-03,20200203140000000,sh.601860,4.3900,4.3900,4.3900,4.3900,629500,2763505.0000,3
2020-02-03,20200203150000000,sh.601860,4.3900,4.3900,4.3900,4.3900,1166600,5121374.0000,3
2020-02-04,20200204103000000,sh.601860,4.0100,4.3800,4.0100,4.3000,25865488,110103079.0000,3
2020-02-04,20200204113000000,sh.601860,4.3000,4.3000,4.2100,4.2500,8630908,36692029.0000,3
2020-02-04,20200204140000000,sh.601860,4.2400,4.3000,4.2400,4.2700,7536410,32124804.0000,3
2020-02-04,20200204150000000,sh.601860,4.2700,4.3000,4.2700,4.2900,7875691,33779674.0000,3
2020-02-05,20200205103000000,sh.601860,4.3000,4.3700,4.2700,4.3700,17365481,75192421.0000,3
2020-02-05,20200205113000000,sh.601860,4.3700,4.6200,4.3500,4.4600,21355456,95662312.0000,3
2020-02-05,20200205140000000,sh.601860,4.4600,4.4900,4.4000,4.4100,6914262,30656489.0000,3
2020-02-05,20200205150000000,sh.601860,4.4100,4.4500,4.4000,4.4400,7228329,31997765.0000,3
2020-02-06,20200206103000000,sh.601860,4.4300,4.4500,4.3600,4.4200,12666146,55827064.0000,3
2020-02-06,20200206113000000,sh.601860,4.4200,4.4500,4.4100,4.4400,8696346,38538380.0000,3
2020-02-06,20200206140000000,sh.601860,4.4500,4.5600,4.4300,4.5200,14400312,64615089.0000,3
2020-02-06,20200206150000000,sh.601860,4.5200,4.5600,4.4700,4.4900,11427492,51441442.0000,3
2020-02-07,20200207103000000,sh.601860,4.4500,4.5300,4.4200,4.4800,12020107,53759129.0000,3
2020-02-07,20200207113000000,sh.601860,4.4900,4.4900,4.4300,4.4300,6372099,28388718.0000,3
2020-02-07,20200207140000000,sh.601860,4.4500,4.4500,4.4100,4.4400,4016311,17792270.0000,3
2020-02-07,20200207150000000,sh.601860,4.4400,4.4700,4.4300,4.4700,6920833,30829772.0000,3
2020-02-10,20200210103000000,sh.601860,4.4300,4.5100,4.4200,4.4800,10283900,45832345.0000,3
2020-02-10,20200210113000000,sh.601860,4.4800,4.4900,4.4600,4.4700,5455700,24424287.0000,3
2020-02-10,20200210140000000,sh.601860,4.4600,4.5000,4.4500,4.4900,5330381,23885739.0000,3
2020-02-10,20200210150000000,sh.601860,4.5000,4.5100,4.4800,4.5100,9876903,44410076.0000,3
2020-02-11,20200211103000000,sh.601860,4.5500,4.6900,4.5000,4.6300,29090551,134356755.0000,3
2020-02-11,20200211113000000,sh.601860,4.6300,4.6600,4.5800,4.6100,8148311,37601001.0000,3
2020-02-11,20200211140000000,sh.601860,4.6100,4.6100,4.5900,4.5900,4313970,19839383.0000,3
2020-02-11,20200211150000000,sh.601860,4.5900,4.6100,4.5700,4.5700,7550894,34630102.0000,3
2020-02-12,20200212103000000,sh.601860,4.5400,4.5600,4.5000,4.5400,13721979,62180469.0000,3
2020-02-12,20200212113000000,sh.601860,4.5400,4.5500,4.5100,4.5400,4349404,19705946.0000,3
2020-02-12,20200212140000000,sh.601860,4.5400,4.6000,4.5400,4.5700,7260300,33200420.0000,3
2020-02-12,20200212150000000,sh.601860,4.5700,4.6000,4.5600,4.6000,8382900,38446290.0000,3
2020-02-13,20200213103000000,sh.601860,4.5800,4.6100,4.5500,4.5600,9408190,43062300.0000,3
2020-02-13,20200213113000000,sh.601860,4.5600,4.5900,4.5500,4.5500,5332362,24358214.0000,3
2020-02-13,20200213140000000,sh.601860,4.5500,4.5600,4.5100,4.5100,6175734,27990847.0000,3
2020-02-13,20200213150000000,sh.601860,4.5100,4.5400,4.5000,4.5200,6571532,29703214.0000,3
2020-02-14,20200214103000000,sh.601860,4.5100,4.5500,4.4900,4.5200,6700000,30284974.0000,3
2020-02-14,20200214113000000,sh.601860,4.5200,4.6200,4.5100,4.5800,11970200,54725405.0000,3
2020-02-14,20200214140000000,sh.601860,4.5800,4.6000,4.5500,4.5600,5171900,23647034.0000,3
2020-02-14,20200214150000000,sh.601860,4.5500,4.5800,4.5400,4.5800,7599409,34663218.0000,3
2020-02-17,20200217103000000,sh.601860,4.6000,4.6300,4.5700,4.5900,13247178,60900250.0000,3
2020-02-17,20200217113000000,sh.601860,4.5900,4.6100,4.5800,4.6100,6521527,29991556.0000,3
2020-02-17,20200217140000000,sh.601860,4.6100,4.7200,4.6000,4.6900,22664890,105755034.0000,3
2020-02-17,20200217150000000,sh.601860,4.6900,4.7600,4.6700,4.7500,16671690,78512264.0000,3
2020-02-18,20200218103000000,sh.601860,4.7200,4.7300,4.6700,4.7000,17714688,83277589.0000,3
2020-02-18,20200218113000000,sh.601860,4.7000,4.7000,4.6500,4.6700,10561582,49348460.0000,3
2020-02-18,20200218140000000,sh.601860,4.6700,4.6900,4.6600,4.6700,5052999,23607803.0000,3
2020-02-18,20200218150000000,sh.601860,4.6700,4.6900,4.6700,4.6900,7860146,36802371.0000,3
2020-02-19,20200219103000000,sh.601860,4.6800,4.7800,4.6600,4.7400,15755796,74524727.0000,3
2020-02-19,20200219113000000,sh.601860,4.7400,4.7500,4.6900,4.7200,7253800,34193419.0000,3
2020-02-19,20200219140000000,sh.601860,4.7200,4.7200,4.6900,4.7100,4338204,20394821.0000,3
2020-02-19,20200219150000000,sh.601860,4.7000,4.7000,4.6600,4.6700,7231233,33788164.0000,3
2020-02-20,20200220103000000,sh.601860,4.6600,4.7000,4.6200,4.6300,13947100,64924410.0000,3
2020-02-20,20200220113000000,sh.601860,4.6300,4.6500,4.6000,4.6400,6212500,28720668.0000,3
2020-02-20,20200220140000000,sh.601860,4.6400,4.7900,4.6400,4.7500,24007378,113406189.0000,3
2020-02-20,20200220150000000,sh.601860,4.7500,5.0000,4.7300,4.8700,41041632,199450141.0000,3
2020-02-21,20200221103000000,sh.601860,4.8000,4.8700,4.7800,4.8000,27937203,134632252.0000,3
2020-02-21,20200221113000000,sh.601860,4.7900,4.8300,4.7900,4.8300,8323784,40008011.0000,3
2020-02-21,20200221140000000,sh.601860,4.8300,4.9400,4.8200,4.8300,20356335,99140025.0000,3
2020-02-21,20200221150000000,sh.601860,4.8300,4.8500,4.8200,4.8300,9464800,45748256.0000,3
2020-02-24,20200224103000000,sh.601860,4.8000,4.8300,4.7700,4.7700,17161818,82245325.0000,3
2020-02-24,20200224113000000,sh.601860,4.7700,4.8000,4.7600,4.8000,7200965,34394819.0000,3
2020-02-24,20200224140000000,sh.601860,4.8000,4.8100,4.7700,4.7800,6282057,30089775.0000,3
2020-02-24,20200224150000000,sh.601860,4.7800,4.8300,4.7700,4.8000,11194527,53736135.0000,3
2020-02-25,20200225103000000,sh.601860,4.7000,4.7300,4.6700,4.7000,17297780,81297859.0000,3
2020-02-25,20200225113000000,sh.601860,4.7000,4.7100,4.5600,4.6200,18601079,86223876.0000,3
2020-02-25,20200225140000000,sh.601860,4.6200,4.6700,4.6100,4.6700,6143013,28473949.0000,3
2020-02-25,20200225150000000,sh.601860,4.6700,4.7000,4.6600,4.6900,7652773,35859940.0000,3
2020-02-26,20200226103000000,sh.601860,4.6100,4.8500,4.6100,4.7800,31507744,149824492.0000,3
2020-02-26,20200226113000000,sh.601860,4.7800,4.8200,4.7300,4.7800,8050827,38495971.0000,3
2020-02-26,20200226140000000,sh.601860,4.7800,4.8000,4.7400,4.7400,6596813,31525542.0000,3
2020-02-26,20200226150000000,sh.601860,4.7400,4.7600,4.6900,4.7200,9580900,45199489.0000,3
2020-02-27,20200227103000000,sh.601860,4.7100,4.7600,4.6600,4.6800,16336117,76819340.0000,3
2020-02-27,20200227113000000,sh.601860,4.6800,4.7000,4.6700,4.7000,4337700,20307880.0000,3
2020-02-27,20200227140000000,sh.601860,4.7000,4.7100,4.6600,4.6800,5547027,25956349.0000,3
2020-02-27,20200227150000000,sh.601860,4.6800,4.7900,4.6500,4.7900,26570025,125808818.0000,3
2020-02-28,20200228103000000,sh.601860,4.7000,4.7100,4.6200,4.6200,20094827,93856325.0000,3
2020-02-28,20200228113000000,sh.601860,4.6300,4.6500,4.6000,4.6100,8457282,39066717.0000,3
2020-02-28,20200228140000000,sh.601860,4.6100,4.6400,4.5700,4.6100,7106788,32708026.0000,3
2020-02-28,20200228150000000,sh.601860,4.6000,4.6200,4.5000,4.5200,12916910,58790420.0000,3
2020-03-02,20200302103000000,sh.601860,4.4800,4.5900,4.4800,4.5800,13649059,61899623.0000,3
2020-03-02,20200302113000000,sh.601860,4.5700,4.6100,4.5600,4.6000,6088357,27909986.0000,3
2020-03-02,20200302140000000,sh.601860,4.6000,4.6800,4.5800,4.6400,8348926,38620103.0000,3
2020-03-02,20200302150000000,sh.601860,4.6400,4.6700,4.6100,4.6200,7023600,32566537.0000,3
2020-03-03,20200303103000000,sh.601860,4.6500,4.6800,4.6200,4.6800,14782048,68736722.0000,3
2020-03-03,20200303113000000,sh.601860,4.6800,4.7500,4.6800,4.6900,15113652,71280635.0000,3
2020-03-03,20200303140000000,sh.601860,4.6900,4.7000,4.6400,4.6400,6400452,29864120.0000,3
2020-03-03,20200303150000000,sh.601860,4.6500,4.6600,4.6200,4.6500,6991555,32447823.0000,3
2020-03-04,20200304103000000,sh.601860,4.6000,4.6700,4.5900,4.6300,10282917,47663902.0000,3
2020-03-04,20200304113000000,sh.601860,4.6300,4.6500,4.6100,4.6300,3662200,16949303.0000,3
2020-03-04,20200304140000000,sh.601860,4.6200,4.6400,4.6000,4.6100,5563500,25663838.0000,3
2020-03-04,20200304150000000,sh.601860,4.6100,4.6700,4.6000,4.6700,10885823,50582015.0000,3
2020-03-05,20200305103000000,sh.601860,4.6900,4.9100,4.6700,4.8400,35331873,168209761.0000,3
2020-03-05,20200305113000000,sh.601860,4.8400,4.9000,4.8200,4.8700,33437401,162545519.0000,3
2020-03-05,20200305140000000,sh.601860,4.8700,4.8900,4.8200,4.8300,16096544,78338384.0000,3
2020-03-05,20200305150000000,sh.601860,4.8300,4.8500,4.8300,4.8400,11617453,56203792.0000,3
2020-03-06,20200306103000000,sh.601860,4.7700,4.8100,4.7300,4.7500,28251433,134554340.0000,3
2020-03-06,20200306113000000,sh.601860,4.7600,4.7600,4.7100,4.7300,12075915,57166617.0000,3
2020-03-06,20200306140000000,sh.601860,4.7300,4.7600,4.7200,4.7400,6124288,29014012.0000,3
2020-03-06,20200306150000000,sh.601860,4.7400,4.7500,4.7200,4.7400,9674591,45775767.0000,3
2020-03-09,20200309103000000,sh.601860,4.6600,4.6700,4.6100,4.6200,18624245,86366315.0000,3
2020-03-09,20200309113000000,sh.601860,4.6300,4.6300,4.5800,4.6000,9116571,41978608.0000,3
2020-03-09,20200309140000000,sh.601860,4.6000,4.6000,4.5600,4.5900,7347913,33646773.0000,3
2020-03-09,20200309150000000,sh.601860,4.5900,4.6000,4.5600,4.5600,9140600,41824670.0000,3
2020-03-10,20200310103000000,sh.601860,4.5000,4.6000,4.5000,4.5600,13873888,63197577.0000,3
2020-03-10,20200310113000000,sh.601860,4.5500,4.6000,4.5100,4.5800,5954002,27114255.0000,3
2020-03-10,20200310140000000,sh.601860,4.5900,4.6400,4.5800,4.6000,8638415,39844016.0000,3
2020-03-10,20200310150000000,sh.601860,4.6000,4.6300,4.6000,4.6200,5599151,25844078.0000,3
2020-03-11,20200311103000000,sh.601860,4.6200,4.8800,4.6200,4.8200,35479630,168146008.0000,3
2020-03-11,20200311113000000,sh.601860,4.8100,4.8400,4.7200,4.7400,16923700,80963546.0000,3
2020-03-11,20200311140000000,sh.601860,4.7400,4.7500,4.6700,4.6900,7456662,35127854.0000,3
2020-03-11,20200311150000000,sh.601860,4.6900,4.7300,4.6700,4.6800,7765389,36413872.0000,3
2020-03-12,20200312103000000,sh.601860,4.7800,5.1000,4.7400,4.9000,90738473,443454240.0000,3
2020-03-12,20200312113000000,sh.601860,4.8900,4.9500,4.8800,4.9200,13736800,67495328.0000,3
2020-03-12,20200312140000000,sh.601860,4.9100,4.9400,4.8200,4.8800,14490954,70643520.0000,3
2020-03-12,20200312150000000,sh.601860,4.8700,4.9300,4.8300,4.9300,24788639,121439200.0000,3
2020-03-13,20200313103000000,sh.601860,4.7300,4.9800,4.6400,4.9000,71952497,346082096.0000,3
2020-03-13,20200313113000000,sh.601860,4.9000,5.0400,4.8400,4.9600,38011249,188746304.0000,3
2020-03-13,20200313140000000,sh.601860,4.9700,5.3800,4.9700,5.2200,65261129,338353040.0000,3
2020-03-13,20200313150000000,sh.601860,5.2200,5.4200,5.1500,5.4200,61615178,327873744.0000,3
2020-03-16,20200316103000000,sh.601860,5.1200,5.2500,5.0200,5.1000,113886222,583244288.0000,3
2020-03-16,20200316113000000,sh.601860,5.1000,5.1400,5.0600,5.0700,19968409,101987696.0000,3
2020-03-16,20200316140000000,sh.601860,5.0800,5.1100,5.0000,5.0100,22244084,112330848.0000,3
2020-03-16,20200316150000000,sh.601860,5.0200,5.1400,4.8800,4.9100,38388752,191459504.0000,3
2020-03-17,20200317103000000,sh.601860,5.0000,5.0800,4.8300,5.0000,65894186,327446384.0000,3
2020-03-17,20200317113000000,sh.601860,5.0000,5.1400,5.0000,5.0800,24763149,125472144.0000,3
2020-03-17,20200317140000000,sh.601860,5.0900,5.1200,4.9600,4.9900,18289238,92273232.0000,3
2020-03-17,20200317150000000,sh.601860,4.9900,5.0600,4.9500,5.0600,18306399,91940848.0000,3
2020-03-18,20200318103000000,sh.601860,5.0300,5.0400,4.9000,4.9300,42692398,211640059.0000,3
2020-03-18,20200318113000000,sh.601860,4.9300,4.9600,4.9200,4.9300,15284166,75381045.0000,3
2020-03-18,20200318140000000,sh.601860,4.9300,4.9400,4.8100,4.8700,26367774,128541616.0000,3
2020-03-18,20200318150000000,sh.601860,4.8700,4.8800,4.7300,4.7700,27217264,130619776.0000,3
2020-03-19,20200319103000000,sh.601860,4.7300,4.7700,4.5400,4.5900,39077800,180844098.0000,3
2020-03-19,20200319113000000,sh.601860,4.5900,4.6200,4.4900,4.5700,19003000,86456121.0000,3
2020-03-19,20200319140000000,sh.601860,4.5600,4.7500,4.5200,4.6700,19982703,92839285.0000,3
2020-03-19,20200319150000000,sh.601860,4.6700,4.7100,4.5900,4.6200,16258380,75515072.0000,3
2020-03-20,20200320103000000,sh.601860,4.6200,4.6800,4.5400,4.6300,30124491,139245337.0000,3
2020-03-20,20200320113000000,sh.601860,4.6400,4.6700,4.5700,4.6000,8860944,40861390.0000,3
2020-03-20,20200320140000000,sh.601860,4.6000,4.6200,4.5700,4.6000,5335793,24508015.0000,3
2020-03-20,20200320150000000,sh.601860,4.6000,4.6500,4.5900,4.6400,15633122,72408890.0000,3
2020-03-23,20200323103000000,sh.601860,4.4900,4.5200,4.4000,4.4400,31107948,138750189.0000,3
2020-03-23,20200323113000000,sh.601860,4.4400,4.4400,4.3600,4.4300,13602944,59908770.0000,3
2020-03-23,20200323140000000,sh.601860,4.4400,4.4400,4.3700,4.3800,8946995,39322277.0000,3
2020-03-23,20200323150000000,sh.601860,4.3800,4.3900,4.2600,4.2600,22583583,97466364.0000,3
2020-03-24,20200324103000000,sh.601860,4.3400,4.3800,4.3000,4.3300,18155469,78648244.0000,3
2020-03-24,20200324113000000,sh.601860,4.3300,4.3300,4.2700,4.3000,6210402,26707055.0000,3
2020-03-24,20200324140000000,sh.601860,4.3000,4.3100,4.2300,4.3000,8715524,37153459.0000,3
2020-03-24,20200324150000000,sh.601860,4.2900,4.3300,4.2700,4.3100,10218247,43986632.0000,3
2020-03-25,20200325103000000,sh.601860,4.3900,4.4300,4.3500,4.3700,18132579,79455323.0000,3
2020-03-25,20200325113000000,sh.601860,4.3700,4.3700,4.3400,4.3500,7367785,32089094.0000,3
2020-03-25,20200325140000000,sh.601860,4.3500,4.5100,4.3400,4.4700,23606831,104923722.0000,3
2020-03-25,20200325150000000,sh.601860,4.4700,4.4700,4.4300,4.4400,9893556,43992057.0000,3
2020-03-26,20200326103000000,sh.601860,4.3800,4.4100,4.3600,4.3900,14633501,64080466.0000,3
2020-03-26,20200326113000000,sh.601860,4.3900,4.5000,4.3800,4.4500,19070151,84899437.0000,3
2020-03-26,20200326140000000,sh.601860,4.4500,4.4600,4.4000,4.4200,5794800,25697495.0000,3
2020-03-26,20200326150000000,sh.601860,4.4100,4.4300,4.3900,4.4100,7609785,33514104.0000,3
2020-03-27,20200327103000000,sh.601860,4.4500,4.4700,4.4000,4.4100,11638666,51492772.0000,3
2020-03-27,20200327113000000,sh.601860,4.4100,4.4800,4.4000,4.4800,9226836,40962656.0000,3
2020-03-27,20200327140000000,sh.601860,4.4800,4.4900,4.4300,4.4500,8061859,35961232.0000,3
2020-03-27,20200327150000000,sh.601860,4.4400,4.4500,4.3900,4.4000,10377341,45779823.0000,3
2020-03-30,20200330103000000,sh.601860,4.3400,4.3400,4.2600,4.3000,18518792,79530385.0000,3
2020-03-30,20200330113000000,sh.601860,4.3000,4.3100,4.2700,4.2900,4912300,21052896.0000,3
2020-03-30,20200330140000000,sh.601860,4.2900,4.3400,4.2900,4.3100,4322000,18640008.0000,3
2020-03-30,20200330150000000,sh.601860,4.3200,4.3200,4.2800,4.2800,6222635,26700396.0000,3
2020-03-31,20200331103000000,sh.601860,4.3200,4.3300,4.2900,4.3000,7941832,34222229.0000,3
2020-03-31,20200331113000000,sh.601860,4.3000,4.3100,4.2500,4.2600,5736821,24562349.0000,3
2020-03-31,20200331140000000,sh.601860,4.2600,4.2700,4.2400,4.2500,5636200,23959541.0000,3
2020-03-31,20200331150000000,sh.601860,4.2500,4.2500,4.2200,4.2200,8568900,36255854.0000,3
2020-04-01,20200401103000000,sh.601860,4.2600,4.3300,4.2300,4.2800,13450884,57653796.0000,3
2020-04-01,20200401113000000,sh.601860,4.2800,4.3700,4.2500,4.3100,11847066,51223131.0000,3
2020-04-01,20200401140000000,sh.601860,4.3100,4.3100,4.2600,4.2600,3650341,15641598.0000,3
2020-04-01,20200401150000000,sh.601860,4.2600,4.2900,4.2600,4.2900,6862579,29329214.0000,3
2020-04-02,20200402103000000,sh.601860,4.2200,4.2700,4.2100,4.2600,9790200,41540368.0000,3
2020-04-02,20200402113000000,sh.601860,4.2600,4.2800,4.2400,4.2600,3241000,13814449.0000,3
2020-04-02,20200402140000000,sh.601860,4.2600,4.2900,4.2400,4.2600,5357888,22835741.0000,3
2020-04-02,20200402150000000,sh.601860,4.2700,4.3200,4.2600,4.3100,11871179,50963822.0000,3
2020-04-03,20200403103000000,sh.601860,4.3000,4.4100,4.2600,4.3800,14636829,63151040.0000,3
2020-04-03,20200403113000000,sh.601860,4.3700,4.4200,4.3400,4.3600,18426458,80798954.0000,3
2020-04-03,20200403140000000,sh.601860,4.3500,4.3600,4.3200,4.3300,3837800,16654446.0000,3
2020-04-03,20200403150000000,sh.601860,4.3300,4.3500,4.3100,4.3200,8534700,36932557.0000,3
2020-04-07,20200407103000000,sh.601860,4.4000,4.4200,4.3400,4.3800,21389720,93658951.0000,3
2020-04-07,20200407113000000,sh.601860,4.3800,4.4100,4.3700,4.3900,6511677,28581060.0000,3
2020-04-07,20200407140000000,sh.601860,4.3900,4.4000,4.3700,4.3900,5217700,22883348.0000,3
2020-04-07,20200407150000000,sh.601860,4.3800,4.4000,4.3800,4.3900,9735451,42723844.0000,3
2020-04-08,20200408103000000,sh.601860,4.3600,4.3800,4.3400,4.3700,11282700,49162572.0000,3
2020-04-08,20200408113000000,sh.601860,4.3700,4.3800,4.3500,4.3600,4300277,18749789.0000,3
2020-04-08,20200408140000000,sh.601860,4.3700,4.3800,4.3600,4.3700,4231471,18488755.0000,3
2020-04-08,20200408150000000,sh.601860,4.3700,4.3800,4.3500,4.3600,6780009,29547510.0000,3
2020-04-09,20200409103000000,sh.601860,4.3800,4.4000,4.3600,4.3700,8766154,38393785.0000,3
2020-04-09,20200409113000000,sh.601860,4.3700,4.3800,4.3500,4.3700,5779600,25239397.0000,3
2020-04-09,20200409140000000,sh.601860,4.3700,4.3700,4.3500,4.3700,4227400,18432432.0000,3
2020-04-09,20200409150000000,sh.601860,4.3600,4.3700,4.3400,4.3500,6859800,29871296.0000,3
2020-04-10,20200410103000000,sh.601860,4.3400,4.3500,4.3000,4.3300,10124206,43718208.0000,3
2020-04-10,20200410113000000,sh.601860,4.3300,4.3900,4.3200,4.3300,8960693,39049450.0000,3
2020-04-10,20200410140000000,sh.601860,4.3400,4.3400,4.3000,4.3100,4389700,18946906.0000,3
2020-04-10,20200410150000000,sh.601860,4.3100,4.3400,4.3000,4.3000,5307154,22883880.0000,3
2020-04-13,20200413103000000,sh.601860,4.2500,4.2700,4.2200,4.2500,10321683,43741677.0000,3
2020-04-13,20200413113000000,sh.601860,4.2500,4.2600,4.2300,4.2300,2506717,10632775.0000,3
2020-04-13,20200413140000000,sh.601860,4.2400,4.2400,4.2200,4.2400,3971800,16802825.0000,3
2020-04-13,20200413150000000,sh.601860,4.2400,4.2400,4.2200,4.2300,3804715,16096773.0000,3
2020-04-14,20200414103000000,sh.601860,4.2400,4.2600,4.2300,4.2400,4395652,18670360.0000,3
2020-04-14,20200414113000000,sh.601860,4.2400,4.2500,4.2400,4.2400,1794493,7620814.0000,3
2020-04-14,20200414140000000,sh.601860,4.2400,4.2600,4.2400,4.2500,3546100,15072966.0000,3
2020-04-14,20200414150000000,sh.601860,4.2500,4.2900,4.2500,4.2900,7596789,32495093.0000,3
2020-04-15,20200415103000000,sh.601860,4.2800,4.2800,4.2500,4.2600,5895400,25127546.0000,3
2020-04-15,20200415113000000,sh.601860,4.2600,4.2700,4.2500,4.2600,2802517,11932941.0000,3
2020-04-15,20200415140000000,sh.601860,4.2700,4.2700,4.2400,4.2500,4452283,18938010.0000,3
2020-04-15,20200415150000000,sh.601860,4.2500,4.2500,4.2300,4.2400,6087900,25784718.0000,3
2020-04-16,20200416103000000,sh.601860,4.2200,4.2500,4.2100,4.2500,6462727,27330224.0000,3
2020-04-16,20200416113000000,sh.601860,4.2500,4.2600,4.2200,4.2200,2481696,10515792.0000,3
2020-04-16,20200416140000000,sh.601860,4.2300,4.2400,4.2200,4.2300,2419900,10232963.0000,3
2020-04-16,20200416150000000,sh.601860,4.2300,4.3100,4.2300,4.2700,13398113,57255924.0000,3
2020-04-17,20200417103000000,sh.601860,4.2700,4.2900,4.2500,4.2800,9796090,41823846.0000,3
2020-04-17,20200417113000000,sh.601860,4.2800,4.2900,4.2600,4.2700,3695241,15783710.0000,3
2020-04-17,20200417140000000,sh.601860,4.2800,4.2800,4.2600,4.2800,3111400,13296267.0000,3
2020-04-17,20200417150000000,sh.601860,4.2800,4.2800,4.2300,4.2400,8770557,37285450.0000,3
2020-04-20,20200420103000000,sh.601860,4.2400,4.2500,4.2200,4.2400,5657200,23963963.0000,3
2020-04-20,20200420113000000,sh.601860,4.2400,4.2500,4.2300,4.2500,1974645,8369471.0000,3
2020-04-20,20200420140000000,sh.601860,4.2400,4.2500,4.2300,4.2400,2713889,11489100.0000,3
2020-04-20,20200420150000000,sh.601860,4.2400,4.2500,4.2300,4.2400,5639740,23900631.0000,3
2020-04-21,20200421103000000,sh.601860,4.2300,4.2900,4.2200,4.2500,10842575,46255554.0000,3
2020-04-21,20200421113000000,sh.601860,4.2400,4.2500,4.2300,4.2300,3220625,13657482.0000,3
2020-04-21,20200421140000000,sh.601860,4.2300,4.2400,4.2200,4.2200,3224200,13633420.0000,3
2020-04-21,20200421150000000,sh.601860,4.2200,4.2800,4.2200,4.2800,9059285,38547223.0000,3
2020-04-22,20200422103000000,sh.601860,4.2500,4.2600,4.2100,4.2300,10284891,43457269.0000,3
2020-04-22,20200422113000000,sh.601860,4.2300,4.2400,4.2200,4.2300,1983200,8381357.0000,3
2020-04-22,20200422140000000,sh.601860,4.2300,4.2500,4.2200,4.2300,2238800,9474694.0000,3
2020-04-22,20200422150000000,sh.601860,4.2300,4.2500,4.2300,4.2400,4402156,18661111.0000,3
2020-04-23,20200423103000000,sh.601860,4.2400,4.2500,4.1900,4.2000,10539500,44378308.0000,3
2020-04-23,20200423113000000,sh.601860,4.2000,4.2100,4.1900,4.2100,2938747,12341472.0000,3
2020-04-23,20200423140000000,sh.601860,4.2100,4.2300,4.1900,4.2100,2515900,10593494.0000,3
2020-04-23,20200423150000000,sh.601860,4.2100,4.2200,4.1800,4.1800,5633954,23624893.0000,3
2020-04-24,20200424103000000,sh.601860,4.1800,4.1800,4.0600,4.0800,16023300,65963578.0000,3
2020-04-24,20200424113000000,sh.601860,4.0800,4.1100,4.0800,4.1000,4037719,16527738.0000,3
2020-04-24,20200424140000000,sh.601860,4.1000,4.1000,4.0700,4.0700,4362881,17812743.0000,3
2020-04-24,20200424150000000,sh.601860,4.0700,4.0800,4.0600,4.0700,6374200,25951303.0000,3
2020-04-27,20200427103000000,sh.601860,4.0700,4.2500,4.0700,4.2200,21376448,89116844.0000,3
2020-04-27,20200427113000000,sh.601860,4.2300,4.2300,4.1800,4.2000,6499539,27357381.0000,3
2020-04-27,20200427140000000,sh.601860,4.2000,4.2200,4.1800,4.1800,2593800,10879832.0000,3
2020-04-27,20200427150000000,sh.601860,4.1800,4.1900,4.1500,4.1600,5805889,24170512.0000,3
2020-04-28,20200428103000000,sh.601860,4.1200,4.1500,4.0100,4.0600,14784296,60290621.0000,3
2020-04-28,20200428113000000,sh.601860,4.0600,4.1100,4.0500,4.1000,3717453,15175227.0000,3
2020-04-28,20200428140000000,sh.601860,4.1000,4.1100,4.0600,4.0900,2197600,8967374.0000,3
2020-04-28,20200428150000000,sh.601860,4.0900,4.0900,4.0600,4.0700,3872300,15770211.0000,3
2020-04-29,20200429103000000,sh.601860,4.0700,4.1600,4.0500,4.1600,8577188,35158700.0000,3
2020-04-29,20200429113000000,sh.601860,4.1600,4.1600,4.1200,4.1200,4845307,20040281.0000,3
2020-04-29,20200429140000000,sh.601860,4.1200,4.1300,4.1000,4.1000,2481793,10211215.0000,3
2020-04-29,20200429150000000,sh.601860,4.1000,4.1200,4.0900,4.1000,6352550,26076977.0000,3
2020-04-30,20200430103000000,sh.601860,4.1300,4.1700,4.1200,4.1300,8116261,33579029.0000,3
2020-04-30,20200430113000000,sh.601860,4.1300,4.1400,4.1000,4.1400,5166277,21304626.0000,3
2020-04-30,20200430140000000,sh.601860,4.1300,4.1400,4.1200,4.1300,4140223,17102013.0000,3
2020-04-30,20200430150000000,sh.601860,4.1300,4.1500,4.1300,4.1400,7316725,30289415.0000,3
2020-05-06,20200506103000000,sh.601860,4.1000,4.1200,4.0800,4.1100,7344562,30118162.0000,3
2020-05-06,20200506113000000,sh.601860,4.1100,4.1100,4.0900,4.1100,2909942,11933473.0000,3
2020-05-06,20200506140000000,sh.601860,4.1100,4.1300,4.1000,4.1200,2865100,11788954.0000,3
2020-05-06,20200506150000000,sh.601860,4.1300,4.1500,4.1100,4.1500,6112929,25267619.0000,3
2020-05-07,20200507103000000,sh.601860,4.1500,4.1600,4.1200,4.1400,6127898,25371418.0000,3
2020-05-07,20200507113000000,sh.601860,4.1400,4.1500,4.1300,4.1400,1679164,6951305.0000,3
2020-05-07,20200507140000000,sh.601860,4.1400,4.1400,4.1200,4.1300,2405755,9933671.0000,3
2020-05-07,20200507150000000,sh.601860,4.1300,4.1400,4.1200,4.1200,3128327,12908788.0000,3
2020-05-08,20200508103000000,sh.601860,4.1400,4.1700,4.1400,4.1500,5535944,22971942.0000,3
2020-05-08,20200508113000000,sh.601860,4.1500,4.2100,4.1400,4.2100,9111210,38018514.0000,3
2020-05-08,20200508140000000,sh.601860,4.2200,4.2300,4.1700,4.1800,8952049,37597568.0000,3
2020-05-08,20200508150000000,sh.601860,4.1800,4.1900,4.1700,4.1800,5166583,21621818.0000,3
2020-05-11,20200511103000000,sh.601860,4.1800,4.2000,4.1600,4.1700,9677600,40485117.0000,3
2020-05-11,20200511113000000,sh.601860,4.1700,4.1800,4.1600,4.1700,3254000,13566925.0000,3
2020-05-11,20200511140000000,sh.601860,4.1700,4.1700,4.1500,4.1600,3816800,15874536.0000,3
2020-05-11,20200511150000000,sh.601860,4.1600,4.1600,4.1300,4.1600,4109000,17023546.0000,3
2020-05-12,20200512103000000,sh.601860,4.1600,4.1600,4.1100,4.1100,6345045,26200132.0000,3
2020-05-12,20200512113000000,sh.601860,4.1100,4.1200,4.0900,4.0900,4975935,20427023.0000,3
2020-05-12,20200512140000000,sh.601860,4.1000,4.1200,4.0900,4.1100,2631409,10803399.0000,3
2020-05-12,20200512150000000,sh.601860,4.1100,4.1200,4.1000,4.1100,2996023,12310476.0000,3
2020-05-13,20200513103000000,sh.601860,4.0900,4.1000,4.0800,4.0900,3275100,13396744.0000,3
2020-05-13,20200513113000000,sh.601860,4.0900,4.1000,4.0900,4.0900,1743600,7140151.0000,3
2020-05-13,20200513140000000,sh.601860,4.1000,4.1300,4.0900,4.1200,3391648,13949954.0000,3
2020-05-13,20200513150000000,sh.601860,4.1200,4.1300,4.1100,4.1200,3019300,12435299.0000,3
2020-05-14,20200514103000000,sh.601860,4.1100,4.1600,4.0900,4.1300,6924800,28631960.0000,3
2020-05-14,20200514113000000,sh.601860,4.1300,4.1400,4.1200,4.1400,1783471,7362092.0000,3
2020-05-14,20200514140000000,sh.601860,4.1400,4.1400,4.1100,4.1300,3071014,12657329.0000,3
2020-05-14,20200514150000000,sh.601860,4.1300,4.1300,4.1100,4.1100,3336451,13731416.0000,3
2020-05-15,20200515103000000,sh.601860,4.1300,4.1500,4.1100,4.1200,4814271,19865944.0000,3
2020-05-15,20200515113000000,sh.601860,4.1200,4.1300,4.1100,4.1300,1736200,7156462.0000,3
2020-05-15,20200515140000000,sh.601860,4.1300,4.1300,4.1100,4.1100,2079733,8569528.0000,3
2020-05-15,20200515150000000,sh.601860,4.1100,4.1200,4.1000,4.1100,2824871,11612358.0000,3
2020-05-18,20200518103000000,sh.601860,4.1100,4.1300,4.1000,4.1200,3815003,15694159.0000,3
2020-05-18,20200518113000000,sh.601860,4.1300,4.1300,4.1000,4.1200,2533934,10414176.0000,3
2020-05-18,20200518140000000,sh.601860,4.1100,4.1200,4.1000,4.1100,1968200,8085759.0000,3
2020-05-18,20200518150000000,sh.601860,4.1100,4.1200,4.0900,4.1000,3641227,14931063.0000,3
2020-05-19,20200519103000000,sh.601860,4.1300,4.1300,4.1100,4.1200,4341203,17895254.0000,3
2020-05-19,20200519113000000,sh.601860,4.1300,4.1300,4.1100,4.1300,1806900,7443154.0000,3
2020-05-19,20200519140000000,sh.601860,4.1300,4.1300,4.1200,4.1200,1555900,6417642.0000,3
2020-05-19,20200519150000000,sh.601860,4.1200,4.1300,4.1100,4.1300,3244449,13369622.0000,3
2020-05-20,20200520103000000,sh.601860,4.1300,4.1400,4.0900,4.1000,4934900,20273156.0000,3
2020-05-20,20200520113000000,sh.601860,4.1000,4.1100,4.0800,4.0900,3132951,12823731.0000,3
2020-05-20,20200520140000000,sh.601860,4.1000,4.2100,4.0900,4.1500,11242439,46732790.0000,3
2020-05-20,20200520150000000,sh.601860,4.1600,4.1700,4.1400,4.1700,6125375,25444526.0000,3
2020-05-21,20200521103000000,sh.601860,4.0800,4.0900,4.0300,4.0500,9194311,37276959.0000,3
2020-05-21,20200521113000000,sh.601860,4.0500,4.0600,4.0400,4.0500,2457457,9948234.0000,3
2020-05-21,20200521140000000,sh.601860,4.0500,4.0600,4.0400,4.0400,2892429,11705803.0000,3
2020-05-21,20200521150000000,sh.601860,4.0400,4.0500,4.0200,4.0300,4686108,18905428.0000,3
2020-05-22,20200522103000000,sh.601860,4.0400,4.0400,4.0100,4.0100,3788700,15236251.0000,3
2020-05-22,20200522113000000,sh.601860,4.0100,4.0200,4.0000,4.0100,3129900,12551480.0000,3
2020-05-22,20200522140000000,sh.601860,4.0100,4.0100,3.9700,3.9900,4760996,18994154.0000,3
2020-05-22,20200522150000000,sh.601860,3.9900,4.0000,3.9600,3.9800,5535200,22048802.0000,3
2020-05-25,20200525103000000,sh.601860,4.0000,4.0000,3.9500,3.9600,4676600,18544404.0000,3
2020-05-25,20200525113000000,sh.601860,3.9600,3.9700,3.9400,3.9400,1907900,7542512.0000,3
2020-05-25,20200525140000000,sh.601860,3.9400,3.9500,3.9000,3.9100,4032796,15836333.0000,3
2020-05-25,20200525150000000,sh.601860,3.9100,3.9300,3.9100,3.9200,2825000,11077004.0000,3
2020-05-26,20200526103000000,sh.601860,3.9200,3.9400,3.9100,3.9300,2753200,10812298.0000,3
2020-05-26,20200526113000000,sh.601860,3.9300,3.9300,3.9100,3.9100,3565900,13982317.0000,3
2020-05-26,20200526140000000,sh.601860,3.9200,3.9300,3.9100,3.9300,2541279,9959797.0000,3
2020-05-26,20200526150000000,sh.601860,3.9300,3.9400,3.9200,3.9300,4189746,16453811.0000,3
2020-05-27,20200527103000000,sh.601860,3.9300,3.9600,3.9200,3.9400,6002600,23660083.0000,3
2020-05-27,20200527113000000,sh.601860,3.9400,3.9500,3.9300,3.9400,1886222,7423853.0000,3
2020-05-27,20200527140000000,sh.601860,3.9400,3.9500,3.9300,3.9300,1717000,6764924.0000,3
2020-05-27,20200527150000000,sh.601860,3.9300,3.9400,3.9200,3.9200,3145073,12345570.0000,3
2020-05-28,20200528103000000,sh.601860,3.9300,4.0000,3.9200,3.9600,11538322,45722868.0000,3
2020-05-28,20200528113000000,sh.601860,3.9600,3.9600,3.9300,3.9300,2238400,8827289.0000,3
2020-05-28,20200528140000000,sh.601860,3.9300,3.9500,3.9300,3.9300,1616400,6362964.0000,3
2020-05-28,20200528150000000,sh.601860,3.9300,3.9600,3.9300,3.9500,3388081,13370397.0000,3
2020-05-29,20200529103000000,sh.601860,3.9300,3.9300,3.8900,3.9000,8799311,34333518.0000,3
2020-05-29,20200529113000000,sh.601860,3.9000,3.9100,3.8900,3.8900,2305497,8990670.0000,3
2020-05-29,20200529140000000,sh.601860,3.9000,3.9100,3.8900,3.9000,2943588,11464552.0000,3
2020-05-29,20200529150000000,sh.601860,3.9000,3.9100,3.8800,3.8900,4361341,16980630.0000,3
2020-06-01,20200601103000000,sh.601860,3.9000,3.9300,3.8800,3.9200,6766144,26467585.0000,3
2020-06-01,20200601113000000,sh.601860,3.9200,3.9500,3.9100,3.9400,6434988,25313810.0000,3
2020-06-01,20200601140000000,sh.601860,3.9400,3.9600,3.9300,3.9600,6485498,25593463.0000,3
2020-06-01,20200601150000000,sh.601860,3.9600,3.9600,3.9300,3.9500,7316846,28893001.0000,3
2020-06-02,20200602103000000,sh.601860,3.9600,4.0200,3.9400,3.9800,13920100,55525061.0000,3
2020-06-02,20200602113000000,sh.601860,3.9900,3.9900,3.9700,3.9800,2847657,11334771.0000,3
2020-06-02,20200602140000000,sh.601860,3.9700,4.0000,3.9700,3.9800,3991845,15926618.0000,3
2020-06-02,20200602150000000,sh.601860,3.9800,4.0000,3.9700,3.9900,5561400,22169758.0000,3
2020-06-03,20200603103000000,sh.601860,4.0000,4.0500,3.9700,4.0300,15278092,61524154.0000,3
2020-06-03,20200603113000000,sh.601860,4.0300,4.0300,4.0000,4.0100,3761562,15098047.0000,3
2020-06-03,20200603140000000,sh.601860,4.0200,4.0200,3.9900,3.9900,3415504,13676938.0000,3
2020-06-03,20200603150000000,sh.601860,3.9900,4.0000,3.9600,3.9700,5948600,23657175.0000,3
2020-06-04,20200604103000000,sh.601860,3.9800,3.9900,3.9300,3.9400,9238400,36511320.0000,3
2020-06-04,20200604113000000,sh.601860,3.9400,3.9500,3.9300,3.9500,2069895,8152760.0000,3
2020-06-04,20200604140000000,sh.601860,3.9500,3.9500,3.9300,3.9400,1910734,7532720.0000,3
2020-06-04,20200604150000000,sh.601860,3.9400,3.9500,3.9300,3.9400,3010791,11868387.0000,3
2020-06-05,20200605103000000,sh.601860,3.9400,3.9600,3.9300,3.9500,4815313,18966483.0000,3
2020-06-05,20200605113000000,sh.601860,3.9500,3.9600,3.9400,3.9500,1814300,7159751.0000,3
2020-06-05,20200605140000000,sh.601860,3.9400,3.9500,3.9300,3.9400,2399876,9447563.0000,3
2020-06-05,20200605150000000,sh.601860,3.9500,3.9600,3.9400,3.9500,3272170,12919028.0000,3
2020-06-08,20200608103000000,sh.601860,3.9500,3.9800,3.9500,3.9600,5678200,22494081.0000,3
2020-06-08,20200608113000000,sh.601860,3.9600,3.9900,3.9500,3.9700,5455700,21648962.0000,3
2020-06-08,20200608140000000,sh.601860,3.9700,3.9800,3.9600,3.9600,1502700,5964500.0000,3
2020-06-08,20200608150000000,sh.601860,3.9600,3.9700,3.9600,3.9600,3421557,13564641.0000,3
2020-06-09,20200609103000000,sh.601860,3.9700,3.9900,3.9500,3.9700,6800475,27039027.0000,3
2020-06-09,20200609113000000,sh.601860,3.9700,3.9900,3.9700,3.9900,3668049,14601469.0000,3
2020-06-09,20200609140000000,sh.601860,3.9900,3.9900,3.9700,3.9800,3021257,12031649.0000,3
2020-06-09,20200609150000000,sh.601860,3.9700,3.9900,3.9700,3.9900,4330145,17231148.0000,3
2020-06-10,20200610103000000,sh.601860,3.9900,3.9900,3.9600,3.9900,4696525,18683590.0000,3
2020-06-10,20200610113000000,sh.601860,3.9900,3.9900,3.9700,3.9900,2580026,10265743.0000,3
2020-06-10,20200610140000000,sh.601860,3.9900,3.9900,3.9700,3.9900,1989800,7926141.0000,3
2020-06-10,20200610150000000,sh.601860,3.9900,3.9900,3.9600,3.9800,3896833,15478920.0000,3
2020-06-11,20200611103000000,sh.601860,3.9800,4.0300,3.9600,4.0200,9932321,39750058.0000,3
2020-06-11,20200611113000000,sh.601860,4.0200,4.0300,4.0000,4.0200,5842000,23451976.0000,3
2020-06-11,20200611140000000,sh.601860,4.0200,4.0200,3.9900,4.0000,4883363,19558751.0000,3
2020-06-11,20200611150000000,sh.601860,3.9900,4.0100,3.9800,4.0100,5553039,22195935.0000,3
2020-06-12,20200612103000000,sh.601860,3.9700,4.0100,3.9500,4.0000,6746173,26871527.0000,3
2020-06-12,20200612113000000,sh.601860,4.0000,4.0300,3.9900,4.0300,5221547,20959155.0000,3
2020-06-12,20200612140000000,sh.601860,4.0200,4.0300,4.0000,4.0200,5494796,22089520.0000,3
2020-06-12,20200612150000000,sh.601860,4.0200,4.0400,3.9700,3.9700,12918465,51778702.0000,3
2020-06-15,20200615103000000,sh.601860,3.9900,4.0100,3.9700,4.0100,5768823,22977918.0000,3
2020-06-15,20200615113000000,sh.601860,4.0100,4.0100,3.9900,4.0100,4037500,16168263.0000,3
2020-06-15,20200615140000000,sh.601860,4.0000,4.0100,3.9500,3.9700,5099700,20290767.0000,3
2020-06-15,20200615150000000,sh.601860,3.9700,3.9800,3.9600,3.9600,4102835,16274268.0000,3
2020-06-16,20200616103000000,sh.601860,3.9800,4.0000,3.9700,3.9800,4080600,16252768.0000,3
2020-06-16,20200616113000000,sh.601860,3.9800,4.0000,3.9700,3.9800,2652900,10574582.0000,3
2020-06-16,20200616140000000,sh.601860,3.9800,3.9900,3.9700,3.9800,2598745,10332818.0000,3
2020-06-16,20200616150000000,sh.601860,3.9800,4.0000,3.9700,3.9900,5836181,23262413.0000,3
2020-06-17,20200617103000000,sh.601860,4.0000,4.0000,3.9600,3.9600,4539300,18038415.0000,3
2020-06-17,20200617113000000,sh.601860,3.9600,3.9700,3.9500,3.9600,4308410,17045740.0000,3
2020-06-17,20200617140000000,sh.601860,3.9600,3.9700,3.9500,3.9600,2353500,9316373.0000,3
2020-06-17,20200617150000000,sh.601860,3.9600,3.9800,3.9600,3.9700,2008083,7964635.0000,3
2020-06-18,20200618103000000,sh.601860,3.9600,3.9800,3.9400,3.9700,5586924,22092619.0000,3
2020-06-18,20200618113000000,sh.601860,3.9700,4.0000,3.9700,3.9900,5453600,21739980.0000,3
2020-06-18,20200618140000000,sh.601860,3.9900,4.0000,3.9800,3.9900,4096400,16355236.0000,3
2020-06-18,20200618150000000,sh.601860,3.9800,4.0000,3.9800,3.9900,3107043,12391391.0000,3
2020-06-19,20200619103000000,sh.601860,3.9800,3.9900,3.9700,3.9800,4466745,17787266.0000,3
2020-06-19,20200619113000000,sh.601860,3.9800,4.0000,3.9800,3.9900,3875625,15461773.0000,3
2020-06-19,20200619140000000,sh.601860,3.9900,4.0100,3.9800,4.0000,5053477,20196000.0000,3
2020-06-19,20200619150000000,sh.601860,4.0000,4.0400,4.0000,4.0100,13805612,55455550.0000,3
2020-06-22,20200622103000000,sh.601860,4.0000,4.2500,3.9900,4.2100,51181327,212797116.0000,3
2020-06-22,20200622113000000,sh.601860,4.2100,4.2200,4.1600,4.1700,6806557,28489564.0000,3
2020-06-22,20200622140000000,sh.601860,4.1800,4.1900,4.1300,4.1400,5638291,23460491.0000,3
2020-06-22,20200622150000000,sh.601860,4.1400,4.1500,4.1200,4.1400,7065925,29241069.0000,3
2020-06-23,20200623103000000,sh.601860,4.1000,4.1100,4.0500,4.0800,19871247,80962590.0000,3
2020-06-23,20200623113000000,sh.601860,4.0800,4.0900,4.0400,4.0500,6331584,25698325.0000,3
2020-06-23,20200623140000000,sh.601860,4.0500,4.0600,4.0400,4.0500,3812082,15435312.0000,3
2020-06-23,20200623150000000,sh.601860,4.0500,4.0700,4.0400,4.0600,6542691,26508383.0000,3
2020-06-24,20200624103000000,sh.601860,4.0700,4.3800,4.0600,4.2000,58624178,248215940.0000,3
2020-06-24,20200624113000000,sh.601860,4.2000,4.2200,4.1900,4.2100,5630825,23681756.0000,3
2020-06-24,20200624140000000,sh.601860,4.2100,4.2300,4.1800,4.2200,6672719,28068448.0000,3
2020-06-24,20200624150000000,sh.601860,4.2200,4.2600,4.2000,4.2200,13791977,58321776.0000,3
2020-06-29,20200629103000000,sh.601860,4.3100,4.3600,4.1400,4.1700,39374915,166827758.0000,3
2020-06-29,20200629113000000,sh.601860,4.1700,4.1800,4.1300,4.1500,5880250,24394048.0000,3
2020-06-29,20200629140000000,sh.601860,4.1500,4.1600,4.1400,4.1500,3445178,14293507.0000,3
2020-06-29,20200629150000000,sh.601860,4.1500,4.1700,4.1300,4.1700,7293406,30224138.0000,3
2020-06-30,20200630103000000,sh.601860,4.1400,4.1600,4.0900,4.1200,16585570,68230531.0000,3
2020-06-30,20200630113000000,sh.601860,4.1200,4.1300,4.1000,4.1200,4500500,18505032.0000,3
2020-06-30,20200630140000000,sh.601860,4.1200,4.3100,4.1100,4.2100,26514785,112291926.0000,3
2020-06-30,20200630150000000,sh.601860,4.2100,4.2400,4.1900,4.2300,14559969,61531186.0000,3
2020-07-01,20200701103000000,sh.601860,4.2000,4.2300,4.1500,4.1600,18533918,77453158.0000,3
2020-07-01,20200701113000000,sh.601860,4.1700,4.2300,4.1600,4.2300,7239430,30314383.0000,3
2020-07-01,20200701140000000,sh.601860,4.2300,4.3100,4.2200,4.2400,27983109,119460691.0000,3
2020-07-01,20200701150000000,sh.601860,4.2400,4.2900,4.2000,4.2700,15938193,67728168.0000,3
2020-07-02,20200702103000000,sh.601860,4.2600,4.2700,4.2000,4.2300,21551965,91372902.0000,3
2020-07-02,20200702113000000,sh.601860,4.2300,4.3100,4.2300,4.3000,12452900,53150455.0000,3
2020-07-02,20200702140000000,sh.601860,4.3000,4.5000,4.3000,4.4100,57640587,254105107.0000,3
2020-07-02,20200702150000000,sh.601860,4.4100,4.4800,4.4000,4.4200,25461049,113062416.0000,3
2020-07-03,20200703103000000,sh.601860,4.4300,4.8600,4.4000,4.7200,118083062,552462464.0000,3
2020-07-03,20200703113000000,sh.601860,4.7300,4.7500,4.6000,4.6600,24932055,116457856.0000,3
2020-07-03,20200703140000000,sh.601860,4.6600,4.7800,4.6600,4.7200,14958786,70563360.0000,3
2020-07-03,20200703150000000,sh.601860,4.7100,4.8100,4.6700,4.8000,27765648,132438320.0000,3
2020-07-06,20200706103000000,sh.601860,4.9600,5.1700,4.8200,5.0000,118457952,593188336.0000,3
2020-07-06,20200706113000000,sh.601860,5.0000,5.0700,4.9400,5.0700,31105389,155248848.0000,3
2020-07-06,20200706140000000,sh.601860,5.0700,5.2800,5.0700,5.2800,72187268,375826272.0000,3
2020-07-06,20200706150000000,sh.601860,5.2800,5.2800,5.2700,5.2800,20785988,109747456.0000,3
2020-07-07,20200707103000000,sh.601860,5.4600,5.5400,5.0700,5.1500,129691246,683539312.0000,3
2020-07-07,20200707113000000,sh.601860,5.1400,5.2000,5.1000,5.1400,26102696,134017024.0000,3
2020-07-07,20200707140000000,sh.601860,5.1400,5.1900,5.0800,5.0800,34631703,177228224.0000,3
2020-07-07,20200707150000000,sh.601860,5.0800,5.1200,5.0100,5.0100,47929381,242144496.0000,3
2020-07-08,20200708103000000,sh.601860,4.9000,5.1200,4.8600,4.9500,65126612,324821248.0000,3
2020-07-08,20200708113000000,sh.601860,4.9500,5.0600,4.9500,5.0200,20907764,104876880.0000,3
2020-07-08,20200708140000000,sh.601860,5.0300,5.0800,4.9700,5.0600,26235296,132126496.0000,3
2020-07-08,20200708150000000,sh.601860,5.0600,5.1600,5.0300,5.1200,50717721,258830704.0000,3
2020-07-09,20200709103000000,sh.601860,5.0500,5.1600,5.0000,5.0300,56076082,284205872.0000,3
2020-07-09,20200709113000000,sh.601860,5.0300,5.0600,5.0000,5.0500,17342282,87135824.0000,3
2020-07-09,20200709140000000,sh.601860,5.0600,5.1900,5.0600,5.0900,39183604,200762032.0000,3
2020-07-09,20200709150000000,sh.601860,5.0900,5.1100,5.0300,5.0800,25379457,128579632.0000,3
2020-07-10,20200710103000000,sh.601860,4.9100,5.0000,4.9000,4.9000,50118636,247316587.0000,3
2020-07-10,20200710113000000,sh.601860,4.9000,4.9400,4.8300,4.9000,22296120,108911861.0000,3
2020-07-10,20200710140000000,sh.601860,4.9000,4.9000,4.8400,4.8600,16454330,79974400.0000,3
2020-07-10,20200710150000000,sh.601860,4.8600,4.8900,4.7800,4.8100,30202358,145625552.0000,3
2020-07-13,20200713103000000,sh.601860,4.7600,4.8200,4.7000,4.7600,35990972,171099044.0000,3
2020-07-13,20200713113000000,sh.601860,4.7600,4.8500,4.7600,4.8300,14913559,71723361.0000,3
2020-07-13,20200713140000000,sh.601860,4.8300,4.9500,4.8200,4.9000,28407897,138812491.0000,3
2020-07-13,20200713150000000,sh.601860,4.9000,4.9000,4.8400,4.8600,13664781,66473856.0000,3
2020-07-14,20200714103000000,sh.601860,4.8400,4.9000,4.7900,4.8200,28859012,139591001.0000,3
2020-07-14,20200714113000000,sh.601860,4.8100,4.8600,4.7500,4.8000,14073648,67672386.0000,3
2020-07-14,20200714140000000,sh.601860,4.8000,4.8200,4.7100,4.7500,13634400,64928837.0000,3
2020-07-14,20200714150000000,sh.601860,4.7500,4.8000,4.7300,4.7900,10897993,52010928.0000,3
2020-07-15,20200715103000000,sh.601860,4.8200,4.8400,4.7300,4.7400,18090434,86484307.0000,3
2020-07-15,20200715113000000,sh.601860,4.7400,4.7500,4.6400,4.6900,16407660,77087482.0000,3
2020-07-15,20200715140000000,sh.601860,4.7000,4.8100,4.6600,4.7800,13871364,65751841.0000,3
2020-07-15,20200715150000000,sh.601860,4.7800,4.7800,4.6500,4.6600,15379623,72293506.0000,3
2020-07-16,20200716103000000,sh.601860,4.6600,4.7500,4.6500,4.6800,20717688,97406401.0000,3
2020-07-16,20200716113000000,sh.601860,4.6900,4.7200,4.6600,4.6900,8246855,38661497.0000,3
2020-07-16,20200716140000000,sh.601860,4.6900,4.8500,4.6100,4.7700,37719383,179508806.0000,3
2020-07-16,20200716150000000,sh.601860,4.7700,4.7900,4.6400,4.6400,23283846,109487008.0000,3
2020-07-17,20200717103000000,sh.601860,4.6500,4.7200,4.6000,4.6400,21998277,102352090.0000,3
2020-07-17,20200717113000000,sh.601860,4.6400,4.6800,4.5800,4.5900,10081726,46613665.0000,3
2020-07-17,20200717140000000,sh.601860,4.5900,4.6200,4.5600,4.5900,8981971,41156937.0000,3
2020-07-17,20200717150000000,sh.601860,4.6000,4.6200,4.5100,4.5300,14021163,63884699.0000,3
2020-07-20,20200720103000000,sh.601860,4.5800,4.6600,4.5200,4.6100,20796519,95207137.0000,3
2020-07-20,20200720113000000,sh.601860,4.6200,4.6800,4.6000,4.6600,14748218,68402187.0000,3
2020-07-20,20200720140000000,sh.601860,4.6600,4.7000,4.6400,4.6500,13900600,64938944.0000,3
2020-07-20,20200720150000000,sh.601860,4.6500,4.7000,4.6400,4.7000,14190458,66370692.0000,3
2020-07-21,20200721103000000,sh.601860,4.8200,4.8400,4.7100,4.7200,34762458,165331233.0000,3
2020-07-21,20200721113000000,sh.601860,4.7200,4.7200,4.6800,4.7100,10757200,50491245.0000,3
2020-07-21,20200721140000000,sh.601860,4.7100,4.7700,4.7000,4.7500,9817261,46502453.0000,3
2020-07-21,20200721150000000,sh.601860,4.7500,4.7600,4.7200,4.7500,14246057,67529405.0000,3
2020-07-22,20200722103000000,sh.601860,4.7600,4.8300,4.7200,4.8100,29290880,139669085.0000,3
2020-07-22,20200722113000000,sh.601860,4.8200,4.8700,4.7900,4.8200,22620119,109310354.0000,3
2020-07-22,20200722140000000,sh.601860,4.8200,4.8500,4.7900,4.8100,13603262,65524577.0000,3
2020-07-22,20200722150000000,sh.601860,4.8100,4.8300,4.7700,4.8200,25964749,124832688.0000,3
2020-07-23,20200723103000000,sh.601860,4.6600,4.7000,4.5200,4.5600,43606861,201826584.0000,3
2020-07-23,20200723113000000,sh.601860,4.5600,4.5900,4.5200,4.5700,10670782,48588392.0000,3
2020-07-23,20200723140000000,sh.601860,4.5700,4.5900,4.5500,4.5900,7062442,32312768.0000,3
2020-07-23,20200723150000000,sh.601860,4.5900,4.6400,4.5800,4.6000,14035371,64609968.0000,3
2020-07-24,20200724103000000,sh.601860,4.5700,4.6200,4.5300,4.5300,13970200,63610640.0000,3
2020-07-24,20200724113000000,sh.601860,4.5400,4.5500,4.4900,4.4900,8562700,38715846.0000,3
2020-07-24,20200724140000000,sh.601860,4.4900,4.4900,4.3900,4.4000,15643091,69512447.0000,3
2020-07-24,20200724150000000,sh.601860,4.4000,4.4200,4.3300,4.3700,14483800,63487118.0000,3
2020-07-27,20200727103000000,sh.601860,4.3700,4.4100,4.3000,4.3200,12291350,53368767.0000,3
2020-07-27,20200727113000000,sh.601860,4.3200,4.3400,4.3100,4.3300,3420528,14789217.0000,3
2020-07-27,20200727140000000,sh.601860,4.3300,4.3400,4.2900,4.3400,5827063,25137412.0000,3
2020-07-27,20200727150000000,sh.601860,4.3300,4.3400,4.3100,4.3400,5677010,24566620.0000,3
2020-07-28,20200728103000000,sh.601860,4.3500,4.3900,4.3400,4.3900,14725299,64184911.0000,3
2020-07-28,20200728113000000,sh.601860,4.3800,4.4000,4.3600,4.3700,6947664,30428010.0000,3
2020-07-28,20200728140000000,sh.601860,4.3700,4.3700,4.3400,4.3500,3920416,17066431.0000,3
2020-07-28,20200728150000000,sh.601860,4.3500,4.3700,4.3400,4.3700,5297768,23049687.0000,3
2020-07-29,20200729103000000,sh.601860,4.3500,4.4300,4.2900,4.4200,25483976,111287999.0000,3
2020-07-29,20200729113000000,sh.601860,4.4200,4.4700,4.4100,4.4200,12650764,56218304.0000,3
2020-07-29,20200729140000000,sh.601860,4.4200,4.4400,4.4100,4.4400,6034493,26706056.0000,3
2020-07-29,20200729150000000,sh.601860,4.4400,4.4500,4.4200,4.4500,11889488,52821701.0000,3
2020-07-30,20200730103000000,sh.601860,4.4200,4.4700,4.4000,4.4100,13761435,60918426.0000,3
2020-07-30,20200730113000000,sh.601860,4.4100,4.4200,4.3900,4.4000,7351841,32368673.0000,3
2020-07-30,20200730140000000,sh.601860,4.4000,4.4100,4.3800,4.3900,5680284,24949086.0000,3
2020-07-30,20200730150000000,sh.601860,4.4000,4.4000,4.3600,4.3800,8974358,39239473.0000,3
2020-07-31,20200731103000000,sh.601860,4.3500,4.4500,4.3400,4.3900,17668463,78024100.0000,3
2020-07-31,20200731113000000,sh.601860,4.4000,4.4000,4.3500,4.3800,8310408,36367211.0000,3
2020-07-31,20200731140000000,sh.601860,4.3800,4.3900,4.3600,4.3600,5523305,24137484.0000,3
2020-07-31,20200731150000000,sh.601860,4.3600,4.3800,4.3500,4.3800,12120605,52935881.0000,3
2020-08-03,20200803103000000,sh.601860,4.4200,4.4300,4.3800,4.3900,16260531,71718388.0000,3
2020-08-03,20200803113000000,sh.601860,4.3900,4.4400,4.3900,4.4200,9825571,43403922.0000,3
2020-08-03,20200803140000000,sh.601860,4.4200,4.4400,4.4100,4.4300,6324614,27965598.0000,3
2020-08-03,20200803150000000,sh.601860,4.4300,4.4500,4.4100,4.4500,12201826,54067562.0000,3
2020-08-04,20200804103000000,sh.601860,4.4700,4.4800,4.4000,4.4200,15008690,66556882.0000,3
2020-08-04,20200804113000000,sh.601860,4.4100,4.5900,4.4100,4.5800,44295495,200622190.0000,3
2020-08-04,20200804140000000,sh.601860,4.5900,4.6200,4.5300,4.5800,21521204,98619968.0000,3
2020-08-04,20200804150000000,sh.601860,4.5900,4.5900,4.5300,4.5400,11730049,53437616.0000,3
2020-08-05,20200805103000000,sh.601860,4.4800,4.4900,4.4100,4.4400,23769380,105749536.0000,3
2020-08-05,20200805113000000,sh.601860,4.4400,4.4800,4.4300,4.4800,6490581,28906945.0000,3
2020-08-05,20200805140000000,sh.601860,4.4800,4.4800,4.4300,4.4400,7680400,34139160.0000,3
2020-08-05,20200805150000000,sh.601860,4.4400,4.4700,4.4400,4.4600,7201575,32074501.0000,3
2020-08-06,20200806103000000,sh.601860,4.4600,4.4900,4.4300,4.4300,10755500,47959010.0000,3
2020-08-06,20200806113000000,sh.601860,4.4300,4.4400,4.4000,4.4400,9002588,39764031.0000,3
2020-08-06,20200806140000000,sh.601860,4.4300,4.4400,4.4100,4.4200,3965429,17538891.0000,3
2020-08-06,20200806150000000,sh.601860,4.4200,4.4700,4.4100,4.4600,10938403,48588698.0000,3
2020-08-07,20200807103000000,sh.601860,4.4300,4.4600,4.4000,4.4100,12181845,53855915.0000,3
2020-08-07,20200807113000000,sh.601860,4.4100,4.4300,4.4000,4.4000,4143555,18283970.0000,3
2020-08-07,20200807140000000,sh.601860,4.4000,4.4100,4.3700,4.3900,8106724,35589636.0000,3
2020-08-07,20200807150000000,sh.601860,4.3900,4.4200,4.3900,4.3900,7058838,31059563.0000,3
2020-08-10,20200810103000000,sh.601860,4.3900,4.4200,4.3600,4.4100,10244351,44949092.0000,3
2020-08-10,20200810113000000,sh.601860,4.4000,4.4300,4.3900,4.4100,6523413,28768282.0000,3
2020-08-10,20200810140000000,sh.601860,4.4100,4.4600,4.4100,4.4400,8796400,39016489.0000,3
2020-08-10,20200810150000000,sh.601860,4.4300,4.4500,4.4200,4.4300,5983102,26534532.0000,3
2020-08-11,20200811103000000,sh.601860,4.4100,4.5400,4.4100,4.4800,27942683,125717089.0000,3
2020-08-11,20200811113000000,sh.601860,4.4800,4.4900,4.4500,4.4600,6036200,26980735.0000,3
2020-08-11,20200811140000000,sh.601860,4.4600,4.4800,4.4500,4.4700,2777800,12404122.0000,3
2020-08-11,20200811150000000,sh.601860,4.4700,4.4800,4.3900,4.4000,12031077,53300907.0000,3
2020-08-12,20200812103000000,sh.601860,4.3700,4.4400,4.3600,4.3900,14653867,64461399.0000,3
2020-08-12,20200812113000000,sh.601860,4.3900,4.4000,4.3600,4.3700,5843877,25590041.0000,3
2020-08-12,20200812140000000,sh.601860,4.3600,4.3800,4.3500,4.3700,5617797,24500180.0000,3
2020-08-12,20200812150000000,sh.601860,4.3700,4.4000,4.3600,4.3900,5181610,22710358.0000,3
2020-08-13,20200813103000000,sh.601860,4.4100,4.4200,4.3700,4.4000,8505285,37377866.0000,3
2020-08-13,20200813113000000,sh.601860,4.4000,4.4100,4.3900,4.3900,4113443,18098634.0000,3
2020-08-13,20200813140000000,sh.601860,4.4000,4.4200,4.3900,4.4100,5969620,26323393.0000,3
2020-08-13,20200813150000000,sh.601860,4.4100,4.4200,4.3900,4.4100,6352824,27984738.0000,3
2020-08-14,20200814103000000,sh.601860,4.4000,4.4400,4.3800,4.4100,7019031,30950645.0000,3
2020-08-14,20200814113000000,sh.601860,4.4100,4.4200,4.3900,4.4000,2986149,13140087.0000,3
2020-08-14,20200814140000000,sh.601860,4.4000,4.4800,4.4000,4.4500,12186935,54146994.0000,3
2020-08-14,20200814150000000,sh.601860,4.4500,4.4800,4.4400,4.4700,12006671,53587122.0000,3
2020-08-17,20200817103000000,sh.601860,4.5000,4.6200,4.5000,4.5900,41208620,187841588.0000,3
2020-08-17,20200817113000000,sh.601860,4.5900,4.6500,4.5800,4.6500,21041951,97237228.0000,3
2020-08-17,20200817140000000,sh.601860,4.6500,4.6900,4.6200,4.6400,19740916,91903024.0000,3
2020-08-17,20200817150000000,sh.601860,4.6300,4.6500,4.6000,4.6400,13475626,62322384.0000,3
2020-08-18,20200818103000000,sh.601860,4.6000,4.6300,4.5500,4.5900,25979811,119122527.0000,3
2020-08-18,20200818113000000,sh.601860,4.5900,4.6000,4.5600,4.6000,8085648,37000932.0000,3
2020-08-18,20200818140000000,sh.601860,4.6000,4.6100,4.5600,4.5800,7936011,36330197.0000,3
2020-08-18,20200818150000000,sh.601860,4.5800,4.5800,4.5300,4.5800,13989411,63751527.0000,3
2020-08-19,20200819103000000,sh.601860,4.5600,4.5800,4.5300,4.5400,10802649,49169621.0000,3
2020-08-19,20200819113000000,sh.601860,4.5400,4.5700,4.5300,4.5500,6046722,27529125.0000,3
2020-08-19,20200819140000000,sh.601860,4.5500,4.5700,4.5400,4.5500,5600900,25527212.0000,3
2020-08-19,20200819150000000,sh.601860,4.5500,4.5500,4.5000,4.5100,12174480,55026899.0000,3
2020-08-20,20200820103000000,sh.601860,4.5000,4.5000,4.4500,4.4600,12959500,57940565.0000,3
2020-08-20,20200820113000000,sh.601860,4.4600,4.4700,4.4300,4.4600,7032304,31312975.0000,3
2020-08-20,20200820140000000,sh.601860,4.4600,4.4700,4.4400,4.4500,4256400,18940512.0000,3
2020-08-20,20200820150000000,sh.601860,4.4500,4.4500,4.4100,4.4200,8917453,39506205.0000,3
2020-08-21,20200821103000000,sh.601860,4.4500,4.4700,4.4300,4.4400,8523324,37925402.0000,3
2020-08-21,20200821113000000,sh.601860,4.4400,4.4600,4.4200,4.4400,3832432,17012966.0000,3
2020-08-21,20200821140000000,sh.601860,4.4500,4.4500,4.4200,4.4200,3687749,16341552.0000,3
2020-08-21,20200821150000000,sh.601860,4.4200,4.4400,4.4000,4.4300,8123200,35902388.0000,3
2020-08-24,20200824103000000,sh.601860,4.4300,4.4400,4.4000,4.4400,5869727,25936964.0000,3
2020-08-24,20200824113000000,sh.601860,4.4400,4.4400,4.4000,4.4200,5035279,22252920.0000,3
2020-08-24,20200824140000000,sh.601860,4.4200,4.4300,4.4100,4.4300,4034362,17826246.0000,3
2020-08-24,20200824150000000,sh.601860,4.4300,4.4300,4.4100,4.4200,5080335,22452413.0000,3
2020-08-25,20200825103000000,sh.601860,4.4300,4.4500,4.4100,4.4200,8174500,36249608.0000,3
2020-08-25,20200825113000000,sh.601860,4.4100,4.4300,4.4100,4.4200,3448800,15230283.0000,3
2020-08-25,20200825140000000,sh.601860,4.4200,4.4200,4.4000,4.4000,4099978,18076715.0000,3
2020-08-25,20200825150000000,sh.601860,4.4000,4.4100,4.3900,4.4100,6496578,28600968.0000,3
2020-08-26,20200826103000000,sh.601860,4.4000,4.4100,4.3800,4.3900,4800196,21083799.0000,3
2020-08-26,20200826113000000,sh.601860,4.4000,4.4000,4.3600,4.3700,6232700,27280940.0000,3
2020-08-26,20200826140000000,sh.601860,4.3700,4.3700,4.3400,4.3500,7164000,31195534.0000,3
2020-08-26,20200826150000000,sh.601860,4.3500,4.3500,4.3100,4.3200,9181406,39760951.0000,3
2020-08-27,20200827103000000,sh.601860,4.3300,4.3500,4.3000,4.3200,6695844,28932301.0000,3
2020-08-27,20200827113000000,sh.601860,4.3200,4.3500,4.3100,4.3400,2651200,11487912.0000,3
2020-08-27,20200827140000000,sh.601860,4.3400,4.3500,4.3300,4.3400,2775900,12051367.0000,3
2020-08-27,20200827150000000,sh.601860,4.3400,4.3500,4.3200,4.3400,3668411,15888962.0000,3
2020-08-28,20200828103000000,sh.601860,4.3400,4.4100,4.3100,4.3500,12565800,54989323.0000,3
2020-08-28,20200828113000000,sh.601860,4.3500,4.3800,4.3400,4.3800,2661200,11607683.0000,3
2020-08-28,20200828140000000,sh.601860,4.3800,4.3900,4.3600,4.3900,2780200,12158843.0000,3
2020-08-28,20200828150000000,sh.601860,4.3900,4.4200,4.3700,4.4100,13249887,58329574.0000,3
2020-08-31,20200831103000000,sh.601860,4.4000,4.4500,4.3900,4.4200,15328059,67673102.0000,3
2020-08-31,20200831113000000,sh.601860,4.4200,4.4300,4.3900,4.3900,5611800,24740034.0000,3
2020-08-31,20200831140000000,sh.601860,4.4000,4.4000,4.3700,4.3700,7098646,31107463.0000,3
2020-08-31,20200831150000000,sh.601860,4.3700,4.3800,4.3500,4.3500,7387813,32237751.0000,3
2020-09-01,20200901103000000,sh.601860,4.3500,4.3600,4.3100,4.3200,9088648,39317026.0000,3
2020-09-01,20200901113000000,sh.601860,4.3200,4.3300,4.3100,4.3300,2741014,11844430.0000,3
2020-09-01,20200901140000000,sh.601860,4.3200,4.3300,4.3100,4.3100,3346200,14452162.0000,3
2020-09-01,20200901150000000,sh.601860,4.3100,4.3300,4.3100,4.3300,5823149,25139616.0000,3
2020-09-02,20200902103000000,sh.601860,4.3500,4.3500,4.3000,4.3100,6413100,27665026.0000,3
2020-09-02,20200902113000000,sh.601860,4.3100,4.3200,4.2800,4.3000,5160923,22181835.0000,3
2020-09-02,20200902140000000,sh.601860,4.3000,4.3200,4.3000,4.3100,3355600,14456518.0000,3
2020-09-02,20200902150000000,sh.601860,4.3200,4.3200,4.2900,4.3000,4544700,19574331.0000,3
2020-09-03,20200903103000000,sh.601860,4.3000,4.3400,4.2800,4.3100,7245900,31253143.0000,3
2020-09-03,20200903113000000,sh.601860,4.3100,4.3200,4.2900,4.3100,3286800,14157160.0000,3
2020-09-03,20200903140000000,sh.601860,4.3100,4.3100,4.2900,4.2900,2785568,11974521.0000,3
2020-09-03,20200903150000000,sh.601860,4.2900,4.3000,4.2900,4.3000,3085121,13250540.0000,3
2020-09-04,20200904103000000,sh.601860,4.2700,4.2700,4.2200,4.2600,8349336,35448398.0000,3
2020-09-04,20200904113000000,sh.601860,4.2600,4.2700,4.2400,4.2500,3077370,13072634.0000,3
2020-09-04,20200904140000000,sh.601860,4.2500,4.2700,4.2400,4.2500,2676524,11372829.0000,3
2020-09-04,20200904150000000,sh.601860,4.2500,4.2900,4.2500,4.2700,4584419,19586661.0000,3
2020-09-07,20200907103000000,sh.601860,4.2500,4.3000,4.2500,4.2700,5336800,22835929.0000,3
2020-09-07,20200907113000000,sh.601860,4.2700,4.3000,4.2600,4.3000,4720154,20189704.0000,3
2020-09-07,20200907140000000,sh.601860,4.3000,4.3100,4.2700,4.2700,2727587,11684810.0000,3
2020-09-07,20200907150000000,sh.601860,4.2700,4.2800,4.2200,4.2300,8066200,34200210.0000,3
2020-09-08,20200908103000000,sh.601860,4.2300,4.2800,4.2300,4.2600,8378545,35680541.0000,3
2020-09-08,20200908113000000,sh.601860,4.2600,4.2600,4.2400,4.2500,2306700,9807471.0000,3
2020-09-08,20200908140000000,sh.601860,4.2500,4.3000,4.2400,4.2900,5350601,22879751.0000,3
2020-09-08,20200908150000000,sh.601860,4.2900,4.2900,4.2700,4.2800,4238900,18147020.0000,3
2020-09-09,20200909103000000,sh.601860,4.2500,4.2900,4.2400,4.2600,8024982,34241346.0000,3
2020-09-09,20200909113000000,sh.601860,4.2700,4.2900,4.2400,4.2900,6102600,25989345.0000,3
2020-09-09,20200909140000000,sh.601860,4.2900,4.2900,4.2600,4.2700,2313170,9889092.0000,3
2020-09-09,20200909150000000,sh.601860,4.2600,4.2800,4.2500,4.2600,4815432,20515814.0000,3
2020-09-10,20200910103000000,sh.601860,4.2800,4.2900,4.2300,4.2500,7998100,34053917.0000,3
2020-09-10,20200910113000000,sh.601860,4.2500,4.2600,4.2300,4.2400,2231919,9473692.0000,3
2020-09-10,20200910140000000,sh.601860,4.2400,4.2500,4.2100,4.2400,3747423,15850713.0000,3
2020-09-10,20200910150000000,sh.601860,4.2400,4.2500,4.1200,4.1800,11540357,48476287.0000,3
2020-09-11,20200911103000000,sh.601860,4.1600,4.1900,4.1300,4.1400,8633300,35940094.0000,3
2020-09-11,20200911113000000,sh.601860,4.1400,4.1500,4.1200,4.1300,3987392,16482992.0000,3
2020-09-11,20200911140000000,sh.601860,4.1200,4.1700,4.1200,4.1500,2689279,11159949.0000,3
2020-09-11,20200911150000000,sh.601860,4.1600,4.1700,4.1500,4.1600,3899700,16216648.0000,3
2020-09-14,20200914103000000,sh.601860,4.1700,4.1800,4.1500,4.1800,4741900,19735156.0000,3
2020-09-14,20200914113000000,sh.601860,4.1800,4.1800,4.1600,4.1700,2889390,12039598.0000,3
2020-09-14,20200914140000000,sh.601860,4.1700,4.2500,4.1500,4.2000,9207100,38659846.0000,3
2020-09-14,20200914150000000,sh.601860,4.2000,4.2100,4.1800,4.2000,3293500,13815754.0000,3
2020-09-15,20200915103000000,sh.601860,4.1700,4.1900,4.1600,4.1700,3887600,16216270.0000,3
2020-09-15,20200915113000000,sh.601860,4.1700,4.1900,4.1600,4.1800,3428400,14302345.0000,3
2020-09-15,20200915140000000,sh.601860,4.1800,4.1900,4.1700,4.1800,1517900,6345127.0000,3
2020-09-15,20200915150000000,sh.601860,4.1800,4.1800,4.1600,4.1800,3246678,13549022.0000,3
2020-09-16,20200916103000000,sh.601860,4.1700,4.2400,4.1500,4.2000,7149200,29990611.0000,3
2020-09-16,20200916113000000,sh.601860,4.2000,4.2100,4.1800,4.1800,1844100,7733758.0000,3
2020-09-16,20200916140000000,sh.601860,4.1800,4.1900,4.1700,4.1800,1598300,6676039.0000,3
2020-09-16,20200916150000000,sh.601860,4.1800,4.1800,4.1600,4.1700,2348600,9795578.0000,3
2020-09-17,20200917103000000,sh.601860,4.1700,4.1900,4.1500,4.1800,4223800,17619511.0000,3
2020-09-17,20200917113000000,sh.601860,4.1800,4.1900,4.1600,4.1900,2424318,10129944.0000,3
2020-09-17,20200917140000000,sh.601860,4.1900,4.2000,4.1700,4.1900,2437538,10197309.0000,3
2020-09-17,20200917150000000,sh.601860,4.1900,4.2100,4.1800,4.1800,3199400,13413518.0000,3
2020-09-18,20200918103000000,sh.601860,4.1700,4.2100,4.1700,4.1900,5723931,24018037.0000,3
2020-09-18,20200918113000000,sh.601860,4.2000,4.2100,4.1800,4.2000,1901420,7977981.0000,3
2020-09-18,20200918140000000,sh.601860,4.2000,4.2600,4.1900,4.2400,7873916,33286700.0000,3
2020-09-18,20200918150000000,sh.601860,4.2400,4.2700,4.2200,4.2700,9368500,39850154.0000,3
2020-09-21,20200921103000000,sh.601860,4.2800,4.3000,4.2200,4.2300,9059000,38555498.0000,3
2020-09-21,20200921113000000,sh.601860,4.2400,4.2500,4.2200,4.2300,3071123,12991980.0000,3
2020-09-21,20200921140000000,sh.601860,4.2300,4.2400,4.2200,4.2200,2363218,9994276.0000,3
2020-09-21,20200921150000000,sh.601860,4.2200,4.2400,4.2200,4.2300,3491417,14764040.0000,3
2020-09-22,20200922103000000,sh.601860,4.1800,4.2200,4.1800,4.2100,4789744,20113418.0000,3
2020-09-22,20200922113000000,sh.601860,4.2200,4.3800,4.2000,4.3000,18289300,78726445.0000,3
2020-09-22,20200922140000000,sh.601860,4.2900,4.3000,4.2500,4.2500,4322020,18475946.0000,3
2020-09-22,20200922150000000,sh.601860,4.2500,4.2600,4.2200,4.2300,5128185,21717925.0000,3
2020-09-23,20200923103000000,sh.601860,4.2100,4.2300,4.1900,4.2000,7344300,30927529.0000,3
2020-09-23,20200923113000000,sh.601860,4.2000,4.2200,4.1900,4.2000,2769800,11630366.0000,3
2020-09-23,20200923140000000,sh.601860,4.2000,4.2200,4.2000,4.2100,1480113,6226509.0000,3
2020-09-23,20200923150000000,sh.601860,4.2200,4.2300,4.2000,4.2100,3659889,15417962.0000,3
2020-09-24,20200924103000000,sh.601860,4.1800,4.2100,4.1700,4.2000,4774063,19989109.0000,3
2020-09-24,20200924113000000,sh.601860,4.2000,4.2100,4.1800,4.2100,3281783,13773743.0000,3
2020-09-24,20200924140000000,sh.601860,4.2100,4.2100,4.1700,4.2000,2853600,11952843.0000,3
2020-09-24,20200924150000000,sh.601860,4.2000,4.2000,4.1500,4.1600,5370537,22378219.0000,3
2020-09-25,20200925103000000,sh.601860,4.1600,4.1800,4.1500,4.1700,3465978,14438820.0000,3
2020-09-25,20200925113000000,sh.601860,4.1700,4.1700,4.1400,4.1400,1795000,7449817.0000,3
2020-09-25,20200925140000000,sh.601860,4.1500,4.1600,4.1400,4.1500,1783840,7399838.0000,3
2020-09-25,20200925150000000,sh.601860,4.1500,4.1700,4.1400,4.1500,3490600,14500061.0000,3
2020-09-28,20200928103000000,sh.601860,4.1300,4.1700,4.1300,4.1500,2571716,10666196.0000,3
2020-09-28,20200928113000000,sh.601860,4.1500,4.1500,4.1300,4.1300,1323900,5479104.0000,3
2020-09-28,20200928140000000,sh.601860,4.1400,4.1500,4.1300,4.1400,1904933,7887240.0000,3
2020-09-28,20200928150000000,sh.601860,4.1400,4.1500,4.1200,4.1300,3806193,15718016.0000,3
2020-09-29,20200929103000000,sh.601860,4.1400,4.1700,4.1200,4.1600,4489039,18591495.0000,3
2020-09-29,20200929113000000,sh.601860,4.1600,4.1600,4.1300,4.1400,1347849,5586939.0000,3
2020-09-29,20200929140000000,sh.601860,4.1400,4.1500,4.1200,4.1400,2212300,9146797.0000,3
2020-09-29,20200929150000000,sh.601860,4.1400,4.1400,4.1200,4.1400,2490991,10292052.0000,3
2020-09-30,20200930103000000,sh.601860,4.1400,4.1500,4.1200,4.1300,2159518,8927863.0000,3
2020-09-30,20200930113000000,sh.601860,4.1300,4.1400,4.1200,4.1300,1044082,4313812.0000,3
2020-09-30,20200930140000000,sh.601860,4.1300,4.1300,4.0700,4.0900,5170500,21213444.0000,3
2020-09-30,20200930150000000,sh.601860,4.0800,4.1000,4.0600,4.0600,5190000,21143549.0000,3
2020-10-09,20201009103000000,sh.601860,4.0900,4.1200,4.0800,4.1000,4967144,20391791.0000,3
2020-10-09,20201009113000000,sh.601860,4.1000,4.1400,4.1000,4.1400,2641963,10888943.0000,3
2020-10-09,20201009140000000,sh.601860,4.1400,4.1400,4.1200,4.1300,1503249,6211092.0000,3
2020-10-09,20201009150000000,sh.601860,4.1300,4.1400,4.1100,4.1200,2676300,11037242.0000,3
2020-10-12,20201012103000000,sh.601860,4.1400,4.2100,4.1300,4.2100,10991480,45953510.0000,3
2020-10-12,20201012113000000,sh.601860,4.2000,4.2400,4.1900,4.2300,5952112,25076991.0000,3
2020-10-12,20201012140000000,sh.601860,4.2300,4.2400,4.2000,4.2200,4585500,19361027.0000,3
2020-10-12,20201012150000000,sh.601860,4.2200,4.2200,4.2100,4.2200,4141900,17460575.0000,3
2020-10-13,20201013103000000,sh.601860,4.2100,4.2200,4.1600,4.1800,6879896,28787482.0000,3
2020-10-13,20201013113000000,sh.601860,4.1700,4.1900,4.1600,4.1900,4302533,17943150.0000,3
2020-10-13,20201013140000000,sh.601860,4.1900,4.1900,4.1700,4.1800,2913900,12175151.0000,3
2020-10-13,20201013150000000,sh.601860,4.1800,4.1900,4.1700,4.1800,3076847,12851746.0000,3
2020-10-14,20201014103000000,sh.601860,4.2100,4.2500,4.1800,4.2000,10757447,45332192.0000,3
2020-10-14,20201014113000000,sh.601860,4.2000,4.2000,4.1800,4.1900,1424900,5970878.0000,3
2020-10-14,20201014140000000,sh.601860,4.2000,4.2000,4.1700,4.1700,2598300,10871456.0000,3
2020-10-14,20201014150000000,sh.601860,4.1700,4.1900,4.1700,4.1700,3612800,15088890.0000,3
2020-10-15,20201015103000000,sh.601860,4.1600,4.2500,4.1500,4.2200,13088694,55130071.0000,3
2020-10-15,20201015113000000,sh.601860,4.2200,4.2300,4.2000,4.2100,3490467,14704538.0000,3
2020-10-15,20201015140000000,sh.601860,4.2200,4.2200,4.1900,4.2000,1609900,6759915.0000,3
2020-10-15,20201015150000000,sh.601860,4.1900,4.2100,4.1700,4.1800,6751500,28269319.0000,3
2020-10-16,20201016103000000,sh.601860,4.1700,4.2300,4.1600,4.2200,7880169,33118686.0000,3
2020-10-16,20201016113000000,sh.601860,4.2100,4.2500,4.2000,4.2100,12568467,53198758.0000,3
2020-10-16,20201016140000000,sh.601860,4.2100,4.2400,4.2100,4.2300,3399200,14374886.0000,3
2020-10-16,20201016150000000,sh.601860,4.2300,4.2300,4.2100,4.2300,3452220,14572810.0000,3
2020-10-19,20201019103000000,sh.601860,4.2300,4.3200,4.2200,4.2500,21692300,92788292.0000,3
2020-10-19,20201019113000000,sh.601860,4.2500,4.2600,4.2100,4.2300,4245551,17985904.0000,3
2020-10-19,20201019140000000,sh.601860,4.2300,4.2300,4.2100,4.2200,3087406,13022370.0000,3
2020-10-19,20201019150000000,sh.601860,4.2200,4.2300,4.1800,4.1900,5584840,23453741.0000,3
2020-10-20,20201020103000000,sh.601860,4.1600,4.1800,4.1300,4.1400,9500318,39406434.0000,3
2020-10-20,20201020113000000,sh.601860,4.1500,4.1500,4.1000,4.1200,6650300,27416865.0000,3
2020-10-20,20201020140000000,sh.601860,4.1300,4.1500,4.1200,4.1300,5007646,20685208.0000,3
2020-10-20,20201020150000000,sh.601860,4.1300,4.1500,4.1100,4.1400,5930354,24465380.0000,3
2020-10-21,20201021103000000,sh.601860,4.1300,4.1500,4.0800,4.1100,19275202,79221854.0000,3
2020-10-21,20201021113000000,sh.601860,4.1100,4.1200,4.0900,4.1200,2002200,8221004.0000,3
2020-10-21,20201021140000000,sh.601860,4.1200,4.1300,4.1100,4.1100,1755500,7224270.0000,3
2020-10-21,20201021150000000,sh.601860,4.1100,4.1700,4.1100,4.1700,9578400,39766779.0000,3
2020-10-22,20201022103000000,sh.601860,4.1500,4.1800,4.1100,4.1300,8070076,33458272.0000,3
2020-10-22,20201022113000000,sh.601860,4.1300,4.1500,4.1200,4.1300,2318900,9585400.0000,3
2020-10-22,20201022140000000,sh.601860,4.1300,4.1400,4.1200,4.1300,1908600,7890004.0000,3
2020-10-22,20201022150000000,sh.601860,4.1300,4.1400,4.1200,4.1400,3967000,16386895.0000,3
2020-10-23,20201023103000000,sh.601860,4.1200,4.1800,4.1200,4.1500,6371646,26429189.0000,3
2020-10-23,20201023113000000,sh.601860,4.1500,4.2000,4.1400,4.1800,7430330,30996212.0000,3
2020-10-23,20201023140000000,sh.601860,4.1800,4.1900,4.1600,4.1600,5824879,24329770.0000,3
2020-10-23,20201023150000000,sh.601860,4.1600,4.1700,4.1400,4.1400,5478863,22743458.0000,3
2020-10-26,20201026103000000,sh.601860,4.1700,4.1800,4.0900,4.1200,11688242,48318550.0000,3
2020-10-26,20201026113000000,sh.601860,4.1100,4.1200,4.1000,4.1200,2785260,11448560.0000,3
2020-10-26,20201026140000000,sh.601860,4.1200,4.1200,4.0800,4.1000,3803340,15585625.0000,3
2020-10-26,20201026150000000,sh.601860,4.1000,4.1200,4.0900,4.1100,3185863,13067889.0000,3
2020-10-27,20201027103000000,sh.601860,4.0800,4.1000,4.0700,4.0800,7354600,29995483.0000,3
2020-10-27,20201027113000000,sh.601860,4.0800,4.0800,4.0500,4.0500,5275056,21433285.0000,3
2020-10-27,20201027140000000,sh.601860,4.0600,4.0800,4.0500,4.0600,1495400,6077580.0000,3
2020-10-27,20201027150000000,sh.601860,4.0600,4.0700,4.0500,4.0700,3617300,14688037.0000,3
2020-10-28,20201028103000000,sh.601860,4.0500,4.0600,4.0000,4.0100,9441800,37991957.0000,3
2020-10-28,20201028113000000,sh.601860,4.0000,4.0200,4.0000,4.0200,3307208,13262324.0000,3
2020-10-28,20201028140000000,sh.601860,4.0200,4.0300,4.0100,4.0200,2879828,11578335.0000,3
2020-10-28,20201028150000000,sh.601860,4.0200,4.0400,4.0100,4.0300,3758811,15133442.0000,3
2020-10-29,20201029103000000,sh.601860,4.0000,4.0200,3.9800,4.0000,5798400,23200900.0000,3
2020-10-29,20201029113000000,sh.601860,4.0000,4.0300,3.9900,4.0200,2355200,9447679.0000,3
2020-10-29,20201029140000000,sh.601860,4.0200,4.0200,3.9900,4.0000,2767408,11080508.0000,3
2020-10-29,20201029150000000,sh.601860,4.0000,4.0200,4.0000,4.0000,3637900,14580382.0000,3
2020-10-30,20201030103000000,sh.601860,4.0000,4.0300,3.9900,4.0000,5214795,20886933.0000,3
2020-10-30,20201030113000000,sh.601860,4.0000,4.0100,3.9800,4.0000,1786643,7136749.0000,3
2020-10-30,20201030140000000,sh.601860,4.0000,4.0000,3.9600,3.9600,3494856,13909466.0000,3
2020-10-30,20201030150000000,sh.601860,3.9600,3.9700,3.9300,3.9400,6187402,24425933.0000,3
2020-11-02,20201102103000000,sh.601860,3.9500,3.9800,3.9400,3.9500,5018743,19847881.0000,3
2020-11-02,20201102113000000,sh.601860,3.9500,3.9600,3.9400,3.9500,2569600,10147050.0000,3
2020-11-02,20201102140000000,sh.601860,3.9400,3.9500,3.9400,3.9400,2025049,7989148.0000,3
2020-11-02,20201102150000000,sh.601860,3.9400,3.9500,3.9200,3.9200,3380540,13302152.0000,3
2020-11-03,20201103103000000,sh.601860,3.9300,3.9700,3.9300,3.9700,5597624,22142191.0000,3
2020-11-03,20201103113000000,sh.601860,3.9700,3.9900,3.9600,3.9600,4185300,16645223.0000,3
2020-11-03,20201103140000000,sh.601860,3.9600,3.9800,3.9600,3.9700,1457400,5787117.0000,3
2020-11-03,20201103150000000,sh.601860,3.9700,3.9800,3.9600,3.9800,2402885,9552232.0000,3
2020-11-04,20201104103000000,sh.601860,4.0100,4.0400,3.9800,3.9800,6899500,27646470.0000,3
2020-11-04,20201104113000000,sh.601860,3.9800,4.0200,3.9700,4.0000,3841694,15326567.0000,3
2020-11-04,20201104140000000,sh.601860,4.0000,4.0100,3.9800,3.9900,1856700,7407804.0000,3
2020-11-04,20201104150000000,sh.601860,3.9900,4.0000,3.9800,3.9900,1410500,5629068.0000,3
2020-11-05,20201105103000000,sh.601860,4.0100,4.0100,3.9800,3.9800,4870700,19450531.0000,3
2020-11-05,20201105113000000,sh.601860,3.9800,3.9900,3.9700,3.9800,2242185,8915708.0000,3
2020-11-05,20201105140000000,sh.601860,3.9800,4.0000,3.9800,4.0000,2495043,9944727.0000,3
2020-11-05,20201105150000000,sh.601860,4.0000,4.0200,3.9900,4.0100,4035957,16166577.0000,3
2020-11-06,20201106103000000,sh.601860,4.0000,4.0100,3.9700,3.9900,4334900,17288115.0000,3
2020-11-06,20201106113000000,sh.601860,3.9900,4.0100,3.9800,3.9900,3044000,12161305.0000,3
2020-11-06,20201106140000000,sh.601860,3.9900,4.0000,3.9800,3.9800,1445300,5759957.0000,3
2020-11-06,20201106150000000,sh.601860,3.9800,4.0000,3.9800,4.0000,2555300,10189969.0000,3
2020-11-09,20201109103000000,sh.601860,3.9900,4.0400,3.9900,4.0300,9650779,38838023.0000,3
2020-11-09,20201109113000000,sh.601860,4.0300,4.0700,4.0200,4.0700,6047792,24481904.0000,3
2020-11-09,20201109140000000,sh.601860,4.0700,4.0700,4.0400,4.0600,7068700,28686845.0000,3
2020-11-09,20201109150000000,sh.601860,4.0600,4.0700,4.0400,4.0600,5164676,20942071.0000,3
2020-11-10,20201110103000000,sh.601860,4.0900,4.1000,4.0400,4.0400,10634500,43326742.0000,3
2020-11-10,20201110113000000,sh.601860,4.0400,4.0600,4.0300,4.0400,2758700,11146513.0000,3
2020-11-10,20201110140000000,sh.601860,4.0400,4.0500,4.0100,4.0300,3011800,12133482.0000,3
2020-11-10,20201110150000000,sh.601860,4.0200,4.0300,4.0100,4.0200,3194211,12840939.0000,3
2020-11-11,20201111103000000,sh.601860,4.0000,4.0300,3.9800,4.0200,7872665,31479664.0000,3
2020-11-11,20201111113000000,sh.601860,4.0200,4.0300,3.9900,4.0200,2510458,10068549.0000,3
2020-11-11,20201111140000000,sh.601860,4.0300,4.0400,4.0000,4.0000,3338700,13443053.0000,3
2020-11-11,20201111150000000,sh.601860,4.0000,4.0300,3.9900,4.0100,3694824,14810904.0000,3
2020-11-12,20201112103000000,sh.601860,4.0100,4.0200,3.9900,4.0100,4579307,18342473.0000,3
2020-11-12,20201112113000000,sh.601860,4.0100,4.0200,3.9900,4.0100,1918900,7683736.0000,3
2020-11-12,20201112140000000,sh.601860,4.0100,4.0100,3.9900,4.0000,1917400,7663946.0000,3
2020-11-12,20201112150000000,sh.601860,4.0000,4.0000,3.9800,3.9900,3860484,15390869.0000,3
2020-11-13,20201113103000000,sh.601860,3.9800,3.9900,3.9500,3.9500,5678382,22480972.0000,3
2020-11-13,20201113113000000,sh.601860,3.9500,3.9700,3.9500,3.9600,1541950,6106192.0000,3
2020-11-13,20201113140000000,sh.601860,3.9600,3.9700,3.9400,3.9400,3474668,13730107.0000,3
2020-11-13,20201113150000000,sh.601860,3.9400,3.9600,3.9400,3.9600,2439318,9637905.0000,3
2020-11-16,20201116103000000,sh.601860,3.9600,3.9900,3.9600,3.9800,4002300,15908777.0000,3
2020-11-16,20201116113000000,sh.601860,3.9800,4.0000,3.9700,4.0000,2618199,10441719.0000,3
2020-11-16,20201116140000000,sh.601860,4.0000,4.0000,3.9800,3.9900,1464900,5849267.0000,3
2020-11-16,20201116150000000,sh.601860,3.9900,4.0000,3.9800,4.0000,2559700,10211291.0000,3
2020-11-17,20201117103000000,sh.601860,3.9900,4.0100,3.9800,3.9900,5077900,20293834.0000,3
2020-11-17,20201117113000000,sh.601860,3.9900,4.0200,3.9700,4.0100,3994607,15951416.0000,3
2020-11-17,20201117140000000,sh.601860,4.0100,4.0200,3.9900,4.0000,4280300,17149789.0000,3
2020-11-17,20201117150000000,sh.601860,4.0000,4.0100,3.9900,4.0100,2831498,11333327.0000,3
2020-11-18,20201118103000000,sh.601860,4.0100,4.0700,4.0000,4.0600,12317000,49732561.0000,3
2020-11-18,20201118113000000,sh.601860,4.0700,4.0900,4.0500,4.0800,9026718,36745341.0000,3
2020-11-18,20201118140000000,sh.601860,4.0800,4.0900,4.0600,4.0600,6308000,25733559.0000,3
2020-11-18,20201118150000000,sh.601860,4.0600,4.0700,4.0500,4.0600,4887360,19842961.0000,3
2020-11-19,20201119103000000,sh.601860,4.0400,4.0600,4.0100,4.0300,12507900,50465201.0000,3
2020-11-19,20201119113000000,sh.601860,4.0300,4.0700,4.0200,4.0500,4356972,17655299.0000,3
2020-11-19,20201119140000000,sh.601860,4.0500,4.0600,4.0400,4.0600,3474300,14071929.0000,3
2020-11-19,20201119150000000,sh.601860,4.0600,4.0900,4.0400,4.0700,9143969,37189891.0000,3
2020-11-20,20201120103000000,sh.601860,4.0500,4.0600,4.0100,4.0200,7978800,32142958.0000,3
2020-11-20,20201120113000000,sh.601860,4.0300,4.0300,4.0100,4.0200,1950100,7842127.0000,3
2020-11-20,20201120140000000,sh.601860,4.0300,4.0400,4.0100,4.0400,2217800,8921884.0000,3
2020-11-20,20201120150000000,sh.601860,4.0400,4.0400,4.0200,4.0300,4206432,16945259.0000,3
2020-11-23,20201123103000000,sh.601860,4.0300,4.0700,4.0300,4.0600,7548030,30578911.0000,3
2020-11-23,20201123113000000,sh.601860,4.0700,4.0700,4.0400,4.0600,3871400,15690493.0000,3
2020-11-23,20201123140000000,sh.601860,4.0600,4.1000,4.0600,4.0900,14507194,59227744.0000,3
2020-11-23,20201123150000000,sh.601860,4.0800,4.0900,4.0600,4.0800,6343218,25834261.0000,3
2020-11-24,20201124103000000,sh.601860,4.0600,4.1000,4.0400,4.0800,11372711,46339343.0000,3
2020-11-24,20201124113000000,sh.601860,4.0800,4.0900,4.0700,4.0800,3167899,12921518.0000,3
2020-11-24,20201124140000000,sh.601860,4.0800,4.0900,4.0600,4.0600,2460401,10011095.0000,3
2020-11-24,20201124150000000,sh.601860,4.0600,4.0700,4.0500,4.0500,3802500,15432350.0000,3
2020-11-25,20201125103000000,sh.601860,4.0700,4.1300,4.0700,4.1000,19231906,78921893.0000,3
2020-11-25,20201125113000000,sh.601860,4.1000,4.1100,4.0800,4.0900,3531571,14438617.0000,3
2020-11-25,20201125140000000,sh.601860,4.0900,4.0900,4.0500,4.0700,4271062,17373288.0000,3
2020-11-25,20201125150000000,sh.601860,4.0600,4.0700,4.0400,4.0400,5360368,21707496.0000,3
2020-11-26,20201126103000000,sh.601860,4.0400,4.0700,4.0200,4.0400,10113735,40870568.0000,3
2020-11-26,20201126113000000,sh.601860,4.0400,4.0600,4.0300,4.0400,4788258,19373604.0000,3
2020-11-26,20201126140000000,sh.601860,4.0400,4.0700,4.0300,4.0400,3987000,16139782.0000,3
2020-11-26,20201126150000000,sh.601860,4.0400,4.0500,4.0300,4.0400,5159284,20842277.0000,3
2020-11-27,20201127103000000,sh.601860,4.0500,4.0900,4.0400,4.0700,12617601,51328503.0000,3
2020-11-27,20201127113000000,sh.601860,4.0600,4.1400,4.0600,4.0900,18112416,74321588.0000,3
2020-11-27,20201127140000000,sh.601860,4.0900,4.1100,4.0800,4.1100,6458966,26464491.0000,3
2020-11-27,20201127150000000,sh.601860,4.1100,4.3500,4.1000,4.3000,58044907,245202826.0000,3
2020-11-30,20201130103000000,sh.601860,4.3300,4.4900,4.3200,4.3800,90120107,396823648.0000,3
2020-11-30,20201130113000000,sh.601860,4.3800,4.4100,4.3400,4.3600,17472291,76478128.0000,3
2020-11-30,20201130140000000,sh.601860,4.3600,4.3700,4.2400,4.2700,21961340,94104416.0000,3
2020-11-30,20201130150000000,sh.601860,4.2700,4.2900,4.2000,4.2100,16594098,70196704.0000,3
2020-12-01,20201201103000000,sh.601860,4.1800,4.4500,4.1400,4.3400,80464827,346184944.0000,3
2020-12-01,20201201113000000,sh.601860,4.3400,4.6300,4.3400,4.6300,97225654,441476752.0000,3
2020-12-01,20201201140000000,sh.601860,4.6300,4.6300,4.6300,4.6300,10666392,49385392.0000,3
2020-12-01,20201201150000000,sh.601860,4.6300,4.6300,4.6300,4.6300,4699987,21760944.0000,3
2020-12-02,20201202103000000,sh.601860,4.9000,4.9000,4.6000,4.7900,171489057,820535696.0000,3
2020-12-02,20201202113000000,sh.601860,4.8000,4.9000,4.7500,4.7600,43472108,210154688.0000,3
2020-12-02,20201202140000000,sh.601860,4.7600,4.7800,4.6400,4.7000,27273471,128390416.0000,3
2020-12-02,20201202150000000,sh.601860,4.7100,4.8600,4.6900,4.7600,31793460,151583056.0000,3
2020-12-03,20201203103000000,sh.601860,4.6000,4.7100,4.5300,4.5600,80349721,371018464.0000,3
2020-12-03,20201203113000000,sh.601860,4.5700,4.7400,4.5000,4.7400,44284268,204049264.0000,3
2020-12-03,20201203140000000,sh.601860,4.7500,4.9900,4.7400,4.8100,76210246,369525728.0000,3
2020-12-03,20201203150000000,sh.601860,4.8000,4.8500,4.7300,4.7900,27171707,130108960.0000,3
2020-12-04,20201204103000000,sh.601860,4.6100,4.6300,4.4500,4.5400,65963407,299699296.0000,3
2020-12-04,20201204113000000,sh.601860,4.5400,4.5400,4.4800,4.5000,15597868,70176976.0000,3
2020-12-04,20201204140000000,sh.601860,4.5100,4.5600,4.4800,4.5300,11445661,51718352.0000,3
2020-12-04,20201204150000000,sh.601860,4.5300,4.5300,4.4300,4.4500,37881355,169062352.0000,3
2020-12-07,20201207103000000,sh.601860,4.4300,4.5100,4.3800,4.4000,39860987,176694948.0000,3
2020-12-07,20201207113000000,sh.601860,4.4000,4.4300,4.3800,4.3900,13357855,58764488.0000,3
2020-12-07,20201207140000000,sh.601860,4.3800,4.4100,4.3200,4.3300,21165991,92184580.0000,3
2020-12-07,20201207150000000,sh.601860,4.3300,4.4100,4.3100,4.3600,24411847,106088896.0000,3
2020-12-08,20201208103000000,sh.601860,4.3200,4.3800,4.2700,4.3000,32212590,138972574.0000,3
2020-12-08,20201208113000000,sh.601860,4.3000,4.3100,4.2500,4.2700,16198628,69236113.0000,3
2020-12-08,20201208140000000,sh.601860,4.2700,4.3700,4.2600,4.3300,19533360,84420225.0000,3
2020-12-08,20201208150000000,sh.601860,4.3300,4.3500,4.3100,4.3200,12212200,52843232.0000,3
2020-12-09,20201209103000000,sh.601860,4.3000,4.5200,4.3000,4.5200,65514007,289190496.0000,3
2020-12-09,20201209113000000,sh.601860,4.5200,4.5300,4.4300,4.4300,21156454,94621968.0000,3
2020-12-09,20201209140000000,sh.601860,4.4300,4.4600,4.3800,4.4000,12114200,53419984.0000,3
2020-12-09,20201209150000000,sh.601860,4.4000,4.4400,4.3200,4.3500,22097118,96693920.0000,3
2020-12-10,20201210103000000,sh.601860,4.3200,4.3600,4.2700,4.3300,29639194,127685365.0000,3
2020-12-10,20201210113000000,sh.601860,4.3300,4.3400,4.2900,4.3200,9463248,40793350.0000,3
2020-12-10,20201210140000000,sh.601860,4.3100,4.3200,4.2600,4.2900,13810700,59163386.0000,3
2020-12-10,20201210150000000,sh.601860,4.2900,4.3200,4.2500,4.3100,14428952,61904683.0000,3
2020-12-11,20201211103000000,sh.601860,4.2800,4.3000,4.2300,4.2800,20780560,88714533.0000,3
2020-12-11,20201211113000000,sh.601860,4.2700,4.2900,4.2200,4.2500,14168789,60250312.0000,3
2020-12-11,20201211140000000,sh.601860,4.2500,4.2800,4.2400,4.2400,7485500,31906388.0000,3
2020-12-11,20201211150000000,sh.601860,4.2400,4.2700,4.2300,4.2400,14869103,63188315.0000,3
2020-12-14,20201214103000000,sh.601860,4.2400,4.2800,4.2000,4.2100,18434921,78082675.0000,3
2020-12-14,20201214113000000,sh.601860,4.2100,4.2100,4.1800,4.2000,10579685,44399473.0000,3
2020-12-14,20201214140000000,sh.601860,4.2100,4.2100,4.1600,4.1800,11458178,47872432.0000,3
2020-12-14,20201214150000000,sh.601860,4.1800,4.2100,4.1700,4.2100,10969151,45976443.0000,3
2020-12-15,20201215103000000,sh.601860,4.1900,4.2000,4.0900,4.1100,27749335,114350751.0000,3
2020-12-15,20201215113000000,sh.601860,4.1100,4.1300,4.0900,4.1100,8129600,33407700.0000,3
2020-12-15,20201215140000000,sh.601860,4.1100,4.1200,4.0900,4.1200,7328503,30044205.0000,3
2020-12-15,20201215150000000,sh.601860,4.1200,4.1400,4.1100,4.1300,10517700,43379655.0000,3
2020-12-16,20201216103000000,sh.601860,4.1200,4.1400,4.0800,4.1000,12714393,52176746.0000,3
2020-12-16,20201216113000000,sh.601860,4.0900,4.1900,4.0900,4.1400,20031080,83177693.0000,3
2020-12-16,20201216140000000,sh.601860,4.1400,4.1500,4.1100,4.1100,5329470,22008167.0000,3
2020-12-16,20201216150000000,sh.601860,4.1200,4.1300,4.1000,4.1000,7567900,31085983.0000,3
2020-12-17,20201217103000000,sh.601860,4.0800,4.1200,4.0500,4.1100,18789200,76640320.0000,3
2020-12-17,20201217113000000,sh.601860,4.1100,4.1700,4.0900,4.1500,16978642,70237318.0000,3
2020-12-17,20201217140000000,sh.601860,4.1500,4.2300,4.1300,4.1900,21089562,88161880.0000,3
2020-12-17,20201217150000000,sh.601860,4.1900,4.2000,4.1600,4.1800,12953735,54241250.0000,3
2020-12-18,20201218103000000,sh.601860,4.1600,4.1700,4.1100,4.1300,19471500,80592572.0000,3
2020-12-18,20201218113000000,sh.601860,4.1300,4.1400,4.1100,4.1300,6671918,27516763.0000,3
2020-12-18,20201218140000000,sh.601860,4.1300,4.1300,4.0900,4.1100,10267189,42168959.0000,3
2020-12-18,20201218150000000,sh.601860,4.1100,4.1200,4.1000,4.1100,8874186,36458444.0000,3
2020-12-21,20201221103000000,sh.601860,4.0900,4.1400,4.0600,4.1300,16531121,67698170.0000,3
2020-12-21,20201221113000000,sh.601860,4.1300,4.1500,4.0900,4.0900,11976866,49265928.0000,3
2020-12-21,20201221140000000,sh.601860,4.0900,4.1100,4.0900,4.1000,7492000,30667672.0000,3
2020-12-21,20201221150000000,sh.601860,4.1000,4.1300,4.0800,4.1200,9202009,37829300.0000,3
2020-12-22,20201222103000000,sh.601860,4.1000,4.1300,4.0800,4.0900,12483530,51181226.0000,3
2020-12-22,20201222113000000,sh.601860,4.0900,4.1100,4.0800,4.0900,5724458,23431532.0000,3
2020-12-22,20201222140000000,sh.601860,4.0900,4.0900,4.0500,4.0600,13811118,56177772.0000,3
2020-12-22,20201222150000000,sh.601860,4.0500,4.0600,4.0100,4.0100,18174669,73313217.0000,3
2020-12-23,20201223103000000,sh.601860,4.0200,4.0400,4.0000,4.0100,13220557,53112087.0000,3
2020-12-23,20201223113000000,sh.601860,4.0200,4.0700,3.9900,4.0400,12691646,50989973.0000,3
2020-12-23,20201223140000000,sh.601860,4.0500,4.0500,4.0100,4.0200,5213714,21005756.0000,3
2020-12-23,20201223150000000,sh.601860,4.0200,4.0500,4.0100,4.0400,5847583,23583085.0000,3
2020-12-24,20201224103000000,sh.601860,4.0400,4.1000,4.0100,4.0500,18060531,73435913.0000,3
2020-12-24,20201224113000000,sh.601860,4.0500,4.0700,4.0400,4.0700,4600600,18643918.0000,3
2020-12-24,20201224140000000,sh.601860,4.0700,4.0800,4.0300,4.0400,5176300,20969794.0000,3
2020-12-24,20201224150000000,sh.601860,4.0400,4.0600,4.0200,4.0600,7476100,30242044.0000,3
2020-12-25,20201225103000000,sh.601860,4.0400,4.0600,4.0100,4.0200,11009211,44303732.0000,3
2020-12-25,20201225113000000,sh.601860,4.0200,4.0800,4.0200,4.0700,7768600,31492397.0000,3
2020-12-25,20201225140000000,sh.601860,4.0700,4.0900,4.0500,4.0700,9930619,40429615.0000,3
2020-12-25,20201225150000000,sh.601860,4.0700,4.0700,4.0500,4.0700,6917100,28097011.0000,3
2020-12-28,20201228103000000,sh.601860,4.0200,4.0500,4.0200,4.0400,10557349,42546868.0000,3
2020-12-28,20201228113000000,sh.601860,4.0400,4.1400,4.0400,4.1000,18503159,75841672.0000,3
2020-12-28,20201228140000000,sh.601860,4.1000,4.1000,4.0700,4.0800,4682100,19112598.0000,3
2020-12-28,20201228150000000,sh.601860,4.0800,4.0900,4.0600,4.0700,7606468,30981381.0000,3
2020-12-29,20201229103000000,sh.601860,4.0600,4.1000,4.0600,4.0900,13279546,54177356.0000,3
2020-12-29,20201229113000000,sh.601860,4.0900,4.1700,4.0700,4.1400,26750934,110154197.0000,3
2020-12-29,20201229140000000,sh.601860,4.1400,4.1400,4.1000,4.1100,6609704,27216326.0000,3
2020-12-29,20201229150000000,sh.601860,4.1100,4.1100,4.0900,4.1000,10285267,42191239.0000,3
2020-12-30,20201230103000000,sh.601860,4.0800,4.1400,4.0600,4.1100,16190194,66176859.0000,3
2020-12-30,20201230113000000,sh.601860,4.1200,4.1300,4.0800,4.1100,8088592,33215680.0000,3
2020-12-30,20201230140000000,sh.601860,4.1100,4.1500,4.1000,4.1200,14282411,58868183.0000,3
2020-12-30,20201230150000000,sh.601860,4.1200,4.1600,4.1100,4.1500,18371319,76030678.0000,3
2020-12-31,20201231103000000,sh.601860,4.1400,4.3600,4.1300,4.2400,51644372,219206794.0000,3
2020-12-31,20201231113000000,sh.601860,4.2400,4.2500,4.1700,4.1800,15745482,66261574.0000,3
2020-12-31,20201231140000000,sh.601860,4.1800,4.2100,4.1800,4.2000,6521000,27360640.0000,3
2020-12-31,20201231150000000,sh.601860,4.2000,4.2400,4.1800,4.2100,15479633,65164576.0000,3
