date,time,code,open,high,low,close,volume,amount,adjustflag
2020-01-02,20200102103000000,sh.600011,5.6100,5.6700,5.6000,5.6600,21418382,120927955.0000,3
2020-01-02,20200102113000000,sh.600011,5.6600,5.6900,5.6500,5.6700,8693799,49313152.0000,3
2020-01-02,20200102140000000,sh.600011,5.6700,5.6900,5.6300,5.6400,8071099,45654729.0000,3
2020-01-02,20200102150000000,sh.600011,5.6600,5.6700,5.6300,5.6400,8897044,50236070.0000,3
2020-01-03,20200103103000000,sh.600011,5.6600,5.6900,5.6500,5.6700,8749740,49610034.0000,3
2020-01-03,20200103113000000,sh.600011,5.6600,5.6700,5.6400,5.6500,5345767,30247252.0000,3
2020-01-03,20200103140000000,sh.600011,5.6400,5.6500,5.6200,5.6400,6718896,37833652.0000,3
2020-01-03,20200103150000000,sh.600011,5.6300,5.6500,5.6200,5.6400,7594553,42786310.0000,3
2020-01-06,20200106103000000,sh.600011,5.6200,5.6700,5.6000,5.6600,14431070,81372016.0000,3
2020-01-06,20200106113000000,sh.600011,5.6500,5.6700,5.6400,5.6600,6412548,36249988.0000,3
2020-01-06,20200106140000000,sh.600011,5.6600,5.6700,5.6300,5.6400,9556218,54000568.0000,3
2020-01-06,20200106150000000,sh.600011,5.6500,5.6500,5.6200,5.6500,8620307,48593364.0000,3
2020-01-07,20200107103000000,sh.600011,5.6500,5.6700,5.6300,5.6600,14973219,84692924.0000,3
2020-01-07,20200107113000000,sh.600011,5.6500,5.6700,5.6500,5.6500,5203023,29424565.0000,3
2020-01-07,20200107140000000,sh.600011,5.6500,5.6600,5.6400,5.6600,7712292,43600075.0000,3
2020-01-07,20200107150000000,sh.600011,5.6600,5.6900,5.6500,5.6900,13713993,77780940.0000,3
2020-01-08,20200108103000000,sh.600011,5.6700,5.6900,5.6100,5.6200,15127304,85467638.0000,3
2020-01-08,20200108113000000,sh.600011,5.6200,5.6400,5.6100,5.6400,6741000,37911468.0000,3
2020-01-08,20200108140000000,sh.600011,5.6300,5.6400,5.5800,5.5900,9192300,51543577.0000,3
2020-01-08,20200108150000000,sh.600011,5.5800,5.6100,5.5600,5.5900,10266878,57384025.0000,3
2020-01-09,20200109103000000,sh.600011,5.6100,5.6500,5.6100,5.6400,9090055,51174420.0000,3
2020-01-09,20200109113000000,sh.600011,5.6300,5.6400,5.6000,5.6000,4923603,27655105.0000,3
2020-01-09,20200109140000000,sh.600011,5.6100,5.6200,5.5900,5.6000,3850793,21589725.0000,3
2020-01-09,20200109150000000,sh.600011,5.6100,5.6200,5.6000,5.6200,7482459,41959617.0000,3
2020-01-10,20200110103000000,sh.600011,5.6200,5.6300,5.5900,5.5900,7134400,40001689.0000,3
2020-01-10,20200110113000000,sh.600011,5.5900,5.6000,5.5700,5.5900,4076001,22767016.0000,3
2020-01-10,20200110140000000,sh.600011,5.5900,5.6000,5.5700,5.6000,2499600,13945652.0000,3
2020-01-10,20200110150000000,sh.600011,5.6000,5.6000,5.5800,5.5900,2744164,15342762.0000,3
2020-01-13,20200113103000000,sh.600011,5.5800,5.5900,5.5500,5.5800,5493800,30581647.0000,3
2020-01-13,20200113113000000,sh.600011,5.5800,5.6000,5.5700,5.6000,2542900,14210116.0000,3
2020-01-13,20200113140000000,sh.600011,5.5900,5.6100,5.5800,5.5900,2683589,15009631.0000,3
2020-01-13,20200113150000000,sh.600011,5.6000,5.6100,5.5800,5.6100,5302006,29689205.0000,3
2020-01-14,20200114103000000,sh.600011,5.6200,5.6600,5.6100,5.6500,10627181,59945580.0000,3
2020-01-14,20200114113000000,sh.600011,5.6500,5.6600,5.6300,5.6400,6115100,34544075.0000,3
2020-01-14,20200114140000000,sh.600011,5.6500,5.6700,5.6400,5.6600,5874005,33235515.0000,3
2020-01-14,20200114150000000,sh.600011,5.6600,5.6700,5.6500,5.6600,6112430,34581888.0000,3
2020-01-15,20200115103000000,sh.600011,5.6600,5.6700,5.5800,5.5900,10800301,60696805.0000,3
2020-01-15,20200115113000000,sh.600011,5.6000,5.6200,5.5900,5.6000,2793900,15656948.0000,3
2020-01-15,20200115140000000,sh.600011,5.6000,5.6100,5.5900,5.6100,1814995,10157162.0000,3
2020-01-15,20200115150000000,sh.600011,5.6000,5.6200,5.5900,5.6000,4404080,24676352.0000,3
2020-01-16,20200116103000000,sh.600011,5.6000,5.6100,5.5600,5.5800,5731300,31971615.0000,3
2020-01-16,20200116113000000,sh.600011,5.5700,5.5800,5.5500,5.5500,5287950,29406943.0000,3
2020-01-16,20200116140000000,sh.600011,5.5500,5.5700,5.5500,5.5500,5001300,27775408.0000,3
2020-01-16,20200116150000000,sh.600011,5.5500,5.5600,5.5200,5.5400,9027414,49987690.0000,3
2020-01-17,20200117103000000,sh.600011,5.5500,5.5700,5.5200,5.5300,5142481,28491629.0000,3
2020-01-17,20200117113000000,sh.600011,5.5300,5.5500,5.5200,5.5200,3342693,18498247.0000,3
2020-01-17,20200117140000000,sh.600011,5.5200,5.5300,5.5100,5.5200,4068241,22443290.0000,3
2020-01-17,20200117150000000,sh.600011,5.5100,5.5300,5.5100,5.5200,4683927,25841844.0000,3
2020-01-20,20200120103000000,sh.600011,5.5300,5.5400,5.5000,5.5200,4685900,25841769.0000,3
2020-01-20,20200120113000000,sh.600011,5.5100,5.5300,5.5100,5.5300,2054700,11336170.0000,3
2020-01-20,20200120140000000,sh.600011,5.5200,5.5400,5.5100,5.5200,2917640,16116093.0000,3
2020-01-20,20200120150000000,sh.600011,5.5200,5.5300,5.5100,5.5300,4603600,25412734.0000,3
2020-01-21,20200121103000000,sh.600011,5.5200,5.5300,5.4600,5.4700,8704091,47688396.0000,3
2020-01-21,20200121113000000,sh.600011,5.4700,5.4800,5.4400,5.4500,8241749,44922246.0000,3
2020-01-21,20200121140000000,sh.600011,5.4400,5.4600,5.4200,5.4400,6844429,37189853.0000,3
2020-01-21,20200121150000000,sh.600011,5.4400,5.4600,5.4300,5.4500,5048558,27483499.0000,3
2020-01-22,20200122103000000,sh.600011,5.4400,5.4400,5.3900,5.4300,8567042,46385346.0000,3
2020-01-22,20200122113000000,sh.600011,5.4400,5.5300,5.4300,5.5300,7998784,43751374.0000,3
2020-01-22,20200122140000000,sh.600011,5.5200,5.5400,5.4900,5.5000,6773300,37338741.0000,3
2020-01-22,20200122150000000,sh.600011,5.5000,5.5100,5.4800,5.5000,5290325,29069530.0000,3
2020-01-23,20200123103000000,sh.600011,5.4700,5.5200,5.4400,5.4400,7512000,41073872.0000,3
2020-01-23,20200123113000000,sh.600011,5.4400,5.4700,5.4100,5.4300,6342449,34468072.0000,3
2020-01-23,20200123140000000,sh.600011,5.4300,5.4600,5.4000,5.4000,6613928,35887453.0000,3
2020-01-23,20200123150000000,sh.600011,5.4100,5.4300,5.4000,5.4100,6964675,37680183.0000,3
2020-02-03,20200203103000000,sh.600011,4.8700,4.9500,4.8700,4.8700,22007408,107425164.0000,3
2020-02-03,20200203113000000,sh.600011,4.8700,4.8800,4.8700,4.8700,4715883,22966503.0000,3
2020-02-03,20200203140000000,sh.600011,4.8700,4.8700,4.8700,4.8700,2514700,12246589.0000,3
2020-02-03,20200203150000000,sh.600011,4.8700,4.8800,4.8700,4.8700,7756600,37776485.0000,3
2020-02-04,20200204103000000,sh.600011,4.6900,5.0900,4.6900,4.9500,15681680,77050044.0000,3
2020-02-04,20200204113000000,sh.600011,4.9500,4.9700,4.8500,4.9000,7718120,37974349.0000,3
2020-02-04,20200204140000000,sh.600011,4.9000,4.9300,4.8800,4.9100,4414700,21664974.0000,3
2020-02-04,20200204150000000,sh.600011,4.9100,4.9300,4.8600,4.8700,8585500,41956390.0000,3
2020-02-05,20200205103000000,sh.600011,4.9000,4.9700,4.8300,4.9500,9316436,45741350.0000,3
2020-02-05,20200205113000000,sh.600011,4.9500,4.9700,4.9100,4.9200,6977601,34450469.0000,3
2020-02-05,20200205140000000,sh.600011,4.9300,4.9300,4.8800,4.8900,6203530,30382658.0000,3
2020-02-05,20200205150000000,sh.600011,4.8800,4.8900,4.8600,4.8800,6012120,29320681.0000,3
2020-02-06,20200206103000000,sh.600011,4.9100,4.9100,4.8500,4.8900,6400500,31191335.0000,3
2020-02-06,20200206113000000,sh.600011,4.8900,4.9100,4.8700,4.9100,4351427,21248242.0000,3
2020-02-06,20200206140000000,sh.600011,4.9100,4.9200,4.8800,4.9100,4088075,20022013.0000,3
2020-02-06,20200206150000000,sh.600011,4.9000,4.9300,4.8900,4.9200,8346609,40982022.0000,3
2020-02-07,20200207103000000,sh.600011,4.9100,4.9100,4.8600,4.8700,7531181,36734657.0000,3
2020-02-07,20200207113000000,sh.600011,4.8700,4.8900,4.8600,4.8600,7577045,36901747.0000,3
2020-02-07,20200207140000000,sh.600011,4.8600,4.8800,4.8600,4.8700,2579259,12550935.0000,3
2020-02-07,20200207150000000,sh.600011,4.8800,4.9700,4.8700,4.9500,12211092,60042414.0000,3
2020-02-10,20200210103000000,sh.600011,4.9100,4.9500,4.9000,4.9400,6180643,30415529.0000,3
2020-02-10,20200210113000000,sh.600011,4.9400,4.9500,4.9000,4.9000,4561867,22474836.0000,3
2020-02-10,20200210140000000,sh.600011,4.9100,4.9400,4.9000,4.9200,6107001,30013465.0000,3
2020-02-10,20200210150000000,sh.600011,4.9200,4.9500,4.9000,4.9400,10916158,53754882.0000,3
2020-02-11,20200211103000000,sh.600011,4.9300,5.0000,4.9000,4.9400,17260017,85405683.0000,3
2020-02-11,20200211113000000,sh.600011,4.9400,4.9600,4.9200,4.9400,6246042,30838093.0000,3
2020-02-11,20200211140000000,sh.600011,4.9400,4.9500,4.9200,4.9400,4212164,20772427.0000,3
2020-02-11,20200211150000000,sh.600011,4.9300,4.9600,4.9200,4.9300,6977740,34440765.0000,3
2020-02-12,20200212103000000,sh.600011,4.9300,4.9400,4.8700,4.9100,14301485,70070453.0000,3
2020-02-12,20200212113000000,sh.600011,4.9100,4.9100,4.8700,4.8800,7054200,34460033.0000,3
2020-02-12,20200212140000000,sh.600011,4.8900,4.9500,4.8800,4.9300,8433894,41392819.0000,3
2020-02-12,20200212150000000,sh.600011,4.9300,4.9500,4.9300,4.9400,8418967,41591919.0000,3
2020-02-13,20200213103000000,sh.600011,4.9200,4.9400,4.8900,4.9000,11029052,54217456.0000,3
2020-02-13,20200213113000000,sh.600011,4.9000,4.9100,4.8800,4.8800,7926754,38787614.0000,3
2020-02-13,20200213140000000,sh.600011,4.8800,4.8800,4.8500,4.8500,9433510,45879606.0000,3
2020-02-13,20200213150000000,sh.600011,4.8500,4.8700,4.8500,4.8500,6199383,30112606.0000,3
2020-02-14,20200214103000000,sh.600011,4.8500,4.8500,4.8000,4.8100,12792040,61654357.0000,3
2020-02-14,20200214113000000,sh.600011,4.8100,4.8300,4.8000,4.8300,5724645,27548283.0000,3
2020-02-14,20200214140000000,sh.600011,4.8300,4.8300,4.8000,4.8200,4090512,19697759.0000,3
2020-02-14,20200214150000000,sh.600011,4.8300,4.8500,4.8100,4.8400,6233990,30102237.0000,3
2020-02-17,20200217103000000,sh.600011,4.8300,4.8800,4.8100,4.8700,10333930,50139664.0000,3
2020-02-17,20200217113000000,sh.600011,4.8700,4.9000,4.8600,4.9000,7848014,38256175.0000,3
2020-02-17,20200217140000000,sh.600011,4.8900,4.9100,4.8800,4.9100,7383282,36124887.0000,3
2020-02-17,20200217150000000,sh.600011,4.9000,4.9300,4.9000,4.9300,10877435,53473247.0000,3
2020-02-18,20200218103000000,sh.600011,4.9200,4.9900,4.9100,4.9500,13825280,68552619.0000,3
2020-02-18,20200218113000000,sh.600011,4.9500,4.9600,4.9200,4.9200,6756425,33365368.0000,3
2020-02-18,20200218140000000,sh.600011,4.9300,4.9500,4.9200,4.9300,4524600,22324489.0000,3
2020-02-18,20200218150000000,sh.600011,4.9300,4.9500,4.9200,4.9400,8432404,41573163.0000,3
2020-02-19,20200219103000000,sh.600011,4.9200,4.9400,4.9000,4.9300,8703212,42852063.0000,3
2020-02-19,20200219113000000,sh.600011,4.9300,4.9400,4.9000,4.9400,6893738,33928583.0000,3
2020-02-19,20200219140000000,sh.600011,4.9400,4.9400,4.9200,4.9200,5084822,25063542.0000,3
2020-02-19,20200219150000000,sh.600011,4.9200,4.9300,4.9000,4.9100,7560288,37161110.0000,3
2020-02-20,20200220103000000,sh.600011,4.9200,4.9400,4.9000,4.9100,10509292,51688980.0000,3
2020-02-20,20200220113000000,sh.600011,4.9100,4.9400,4.9100,4.9400,4892152,24083303.0000,3
2020-02-20,20200220140000000,sh.600011,4.9400,4.9700,4.9300,4.9700,9747823,48262153.0000,3
2020-02-20,20200220150000000,sh.600011,4.9700,4.9900,4.9500,4.9900,14011412,69671850.0000,3
2020-02-21,20200221103000000,sh.600011,4.9800,5.0500,4.9600,5.0100,16218841,81124475.0000,3
2020-02-21,20200221113000000,sh.600011,5.0100,5.0200,4.9800,5.0100,6673972,33368894.0000,3
2020-02-21,20200221140000000,sh.600011,5.0100,5.0300,4.9800,4.9800,7553400,37812009.0000,3
2020-02-21,20200221150000000,sh.600011,4.9900,5.0000,4.9800,5.0000,6497990,32422050.0000,3
2020-02-24,20200224103000000,sh.600011,4.9900,4.9900,4.9100,4.9100,15180300,75133276.0000,3
2020-02-24,20200224113000000,sh.600011,4.9200,4.9300,4.9000,4.9200,9540268,46915639.0000,3
2020-02-24,20200224140000000,sh.600011,4.9300,4.9400,4.9200,4.9300,4752110,23432910.0000,3
2020-02-24,20200224150000000,sh.600011,4.9300,4.9600,4.9200,4.9300,7226785,35667007.0000,3
2020-02-25,20200225103000000,sh.600011,4.8600,4.8800,4.8400,4.8600,12173700,59104616.0000,3
2020-02-25,20200225113000000,sh.600011,4.8600,4.8800,4.8100,4.8100,10689445,51737432.0000,3
2020-02-25,20200225140000000,sh.600011,4.8100,4.8400,4.8100,4.8300,4167493,20109328.0000,3
2020-02-25,20200225150000000,sh.600011,4.8300,4.8600,4.8300,4.8600,4874037,23623673.0000,3
2020-02-26,20200226103000000,sh.600011,4.8200,4.8900,4.8000,4.8500,15047178,72806237.0000,3
2020-02-26,20200226113000000,sh.600011,4.8500,4.9200,4.8500,4.9100,6802110,33189130.0000,3
2020-02-26,20200226140000000,sh.600011,4.9100,4.9400,4.9000,4.9300,8516012,41904476.0000,3
2020-02-26,20200226150000000,sh.600011,4.9200,4.9300,4.8900,4.9000,6783748,33328696.0000,3
2020-02-27,20200227103000000,sh.600011,4.9000,4.9300,4.8900,4.9100,8405560,41241144.0000,3
2020-02-27,20200227113000000,sh.600011,4.9100,4.9300,4.9000,4.9200,4878858,23973156.0000,3
2020-02-27,20200227140000000,sh.600011,4.9200,4.9300,4.8900,4.8900,5314709,26087972.0000,3
2020-02-27,20200227150000000,sh.600011,4.8900,4.9000,4.8800,4.8900,5491846,26836227.0000,3
2020-02-28,20200228103000000,sh.600011,4.8400,4.8500,4.7700,4.7800,15436092,74253244.0000,3
2020-02-28,20200228113000000,sh.600011,4.7700,4.7800,4.7500,4.7500,8016759,38192715.0000,3
2020-02-28,20200228140000000,sh.600011,4.7700,4.7700,4.7100,4.7200,12902001,61103353.0000,3
2020-02-28,20200228150000000,sh.600011,4.7200,4.7400,4.7000,4.7000,13540693,63810983.0000,3
2020-03-02,20200302103000000,sh.600011,4.7000,4.7900,4.7000,4.7800,8544100,40635591.0000,3
2020-03-02,20200302113000000,sh.600011,4.7800,4.8000,4.7700,4.8000,6670992,31959120.0000,3
2020-03-02,20200302140000000,sh.600011,4.7900,4.8300,4.7900,4.8100,7155500,34460258.0000,3
2020-03-02,20200302150000000,sh.600011,4.8100,4.8300,4.8100,4.8100,4318500,20827997.0000,3
2020-03-03,20200303103000000,sh.600011,4.8400,4.8800,4.8300,4.8500,10412981,50437367.0000,3
2020-03-03,20200303113000000,sh.600011,4.8400,4.8700,4.8300,4.8500,5841115,28325276.0000,3
2020-03-03,20200303140000000,sh.600011,4.8500,4.8600,4.8300,4.8400,3660900,17745928.0000,3
2020-03-03,20200303150000000,sh.600011,4.8400,4.8500,4.8200,4.8300,4208600,20344544.0000,3
2020-03-04,20200304103000000,sh.600011,4.8200,4.8800,4.8000,4.8600,8601200,41732275.0000,3
2020-03-04,20200304113000000,sh.600011,4.8600,4.8600,4.8400,4.8500,1703100,8256605.0000,3
2020-03-04,20200304140000000,sh.600011,4.8500,4.8800,4.8300,4.8700,6998475,33992249.0000,3
2020-03-04,20200304150000000,sh.600011,4.8700,4.9000,4.8600,4.8900,8000048,39046759.0000,3
2020-03-05,20200305103000000,sh.600011,4.9100,4.9400,4.9000,4.9200,9414678,46287673.0000,3
2020-03-05,20200305113000000,sh.600011,4.9200,4.9500,4.9200,4.9300,9221900,45536314.0000,3
2020-03-05,20200305140000000,sh.600011,4.9500,4.9600,4.9400,4.9500,7828295,38742681.0000,3
2020-03-05,20200305150000000,sh.600011,4.9400,4.9600,4.9400,4.9500,9743876,48179827.0000,3
2020-03-06,20200306103000000,sh.600011,4.9100,4.9300,4.8800,4.8900,12821000,62855209.0000,3
2020-03-06,20200306113000000,sh.600011,4.8900,4.9000,4.8700,4.8800,5467110,26694910.0000,3
2020-03-06,20200306140000000,sh.600011,4.8800,4.8900,4.8700,4.8800,3655371,17854016.0000,3
2020-03-06,20200306150000000,sh.600011,4.8900,4.9000,4.8800,4.8900,5868767,28681173.0000,3
2020-03-09,20200309103000000,sh.600011,4.8300,4.8400,4.7800,4.7900,15514559,74547859.0000,3
2020-03-09,20200309113000000,sh.600011,4.7900,4.8000,4.7700,4.7800,5927370,28357036.0000,3
2020-03-09,20200309140000000,sh.600011,4.7800,4.7900,4.7500,4.7800,7406220,35310803.0000,3
2020-03-09,20200309150000000,sh.600011,4.7800,4.8000,4.7600,4.7700,5728637,27365645.0000,3
2020-03-10,20200310103000000,sh.600011,4.7200,4.8200,4.7100,4.7800,10717713,51243866.0000,3
2020-03-10,20200310113000000,sh.600011,4.7800,4.7800,4.7300,4.7800,4414938,21029317.0000,3
2020-03-10,20200310140000000,sh.600011,4.7800,4.8300,4.7800,4.8000,6900510,33178696.0000,3
2020-03-10,20200310150000000,sh.600011,4.8000,4.8300,4.8000,4.8300,3903825,18813255.0000,3
2020-03-11,20200311103000000,sh.600011,4.8100,4.8700,4.8100,4.8700,9912739,48056284.0000,3
2020-03-11,20200311113000000,sh.600011,4.8700,4.8800,4.8400,4.8500,3375800,16400859.0000,3
2020-03-11,20200311140000000,sh.600011,4.8500,4.8600,4.8300,4.8500,4696300,22745222.0000,3
2020-03-11,20200311150000000,sh.600011,4.8400,4.8600,4.8400,4.8500,5441586,26379136.0000,3
2020-03-12,20200312103000000,sh.600011,4.8000,4.8200,4.7600,4.7800,7582820,36271261.0000,3
2020-03-12,20200312113000000,sh.600011,4.7800,4.8000,4.7600,4.7900,2416129,11558800.0000,3
2020-03-12,20200312140000000,sh.600011,4.7900,4.8000,4.7600,4.7800,2700460,12897024.0000,3
2020-03-12,20200312150000000,sh.600011,4.7800,4.7800,4.7400,4.7600,7292078,34684977.0000,3
2020-03-13,20200313103000000,sh.600011,4.6300,4.6300,4.5800,4.6300,13133614,60520946.0000,3
2020-03-13,20200313113000000,sh.600011,4.6300,4.6400,4.6100,4.6200,2896600,13390723.0000,3
2020-03-13,20200313140000000,sh.600011,4.6100,4.7100,4.6100,4.6700,6135838,28664711.0000,3
2020-03-13,20200313150000000,sh.600011,4.6700,4.6900,4.6600,4.6800,3358091,15704133.0000,3
2020-03-16,20200316103000000,sh.600011,4.6800,4.7500,4.6800,4.7100,9433509,44368182.0000,3
2020-03-16,20200316113000000,sh.600011,4.7100,4.7500,4.7000,4.7400,4963435,23452318.0000,3
2020-03-16,20200316140000000,sh.600011,4.7400,4.7500,4.7100,4.7200,5477810,25906249.0000,3
2020-03-16,20200316150000000,sh.600011,4.7200,4.7300,4.6400,4.6500,6755900,31639754.0000,3
2020-03-17,20200317103000000,sh.600011,4.6500,4.7000,4.5600,4.6100,12512800,57897296.0000,3
2020-03-17,20200317113000000,sh.600011,4.6100,4.6300,4.6000,4.6300,2562900,11824744.0000,3
2020-03-17,20200317140000000,sh.600011,4.6300,4.6300,4.5700,4.5800,3520300,16200397.0000,3
2020-03-17,20200317150000000,sh.600011,4.5800,4.6000,4.5700,4.5900,6711000,30764869.0000,3
2020-03-18,20200318103000000,sh.600011,4.6100,4.6300,4.5500,4.5500,11218700,51465848.0000,3
2020-03-18,20200318113000000,sh.600011,4.5500,4.5700,4.5400,4.5600,6541331,29798673.0000,3
2020-03-18,20200318140000000,sh.600011,4.5700,4.5800,4.5100,4.5200,8474923,38436202.0000,3
2020-03-18,20200318150000000,sh.600011,4.5200,4.5400,4.4700,4.4700,7710573,34651756.0000,3
2020-03-19,20200319103000000,sh.600011,4.4500,4.4600,4.3600,4.3700,10635759,46819258.0000,3
2020-03-19,20200319113000000,sh.600011,4.3700,4.3800,4.2700,4.3000,9382504,40593865.0000,3
2020-03-19,20200319140000000,sh.600011,4.3000,4.3400,4.2800,4.3300,5036240,21681322.0000,3
2020-03-19,20200319150000000,sh.600011,4.3300,4.3500,4.3000,4.3200,5548648,23980616.0000,3
2020-03-20,20200320103000000,sh.600011,4.3500,4.3700,4.3100,4.3400,5591000,24229656.0000,3
2020-03-20,20200320113000000,sh.600011,4.3300,4.3700,4.3200,4.3300,3650840,15858700.0000,3
2020-03-20,20200320140000000,sh.600011,4.3400,4.3600,4.3200,4.3400,2814458,12216723.0000,3
2020-03-20,20200320150000000,sh.600011,4.3400,4.4000,4.3400,4.3700,7777440,33980025.0000,3
2020-03-23,20200323103000000,sh.600011,4.3200,4.4200,4.3000,4.3900,9982055,43521551.0000,3
2020-03-23,20200323113000000,sh.600011,4.3900,4.4700,4.3800,4.4600,7481179,33073361.0000,3
2020-03-23,20200323140000000,sh.600011,4.4600,4.5100,4.4400,4.5000,7839060,35143874.0000,3
2020-03-23,20200323150000000,sh.600011,4.5000,4.5000,4.4500,4.4600,7696122,34469868.0000,3
2020-03-24,20200324103000000,sh.600011,4.5000,4.5600,4.4900,4.5600,9210835,41720677.0000,3
2020-03-24,20200324113000000,sh.600011,4.5600,4.5600,4.5300,4.5300,3924910,17822889.0000,3
2020-03-24,20200324140000000,sh.600011,4.5300,4.5500,4.5100,4.5500,4884401,22130140.0000,3
2020-03-24,20200324150000000,sh.600011,4.5500,4.6200,4.5400,4.6100,9378318,42967445.0000,3
2020-03-25,20200325103000000,sh.600011,4.6800,4.6800,4.6000,4.6100,8187403,37879189.0000,3
2020-03-25,20200325113000000,sh.600011,4.6100,4.6200,4.6000,4.6000,2222278,10241998.0000,3
2020-03-25,20200325140000000,sh.600011,4.6100,4.6200,4.5900,4.6100,3121577,14379014.0000,3
2020-03-25,20200325150000000,sh.600011,4.6200,4.6300,4.6000,4.6200,5659569,26106002.0000,3
2020-03-26,20200326103000000,sh.600011,4.5900,4.6000,4.5400,4.5800,3949913,18026359.0000,3
2020-03-26,20200326113000000,sh.600011,4.5800,4.5900,4.5600,4.5700,2654033,12142772.0000,3
2020-03-26,20200326140000000,sh.600011,4.5700,4.6000,4.5700,4.5700,2378172,10899126.0000,3
2020-03-26,20200326150000000,sh.600011,4.5700,4.5800,4.5400,4.5600,5078132,23167794.0000,3
2020-03-27,20200327103000000,sh.600011,4.5900,4.6000,4.5400,4.5700,3486800,15913323.0000,3
2020-03-27,20200327113000000,sh.600011,4.5700,4.6400,4.5600,4.6300,5692033,26166769.0000,3
2020-03-27,20200327140000000,sh.600011,4.6300,4.6400,4.5900,4.6100,3312600,15277142.0000,3
2020-03-27,20200327150000000,sh.600011,4.6100,4.6200,4.5900,4.5900,4121953,18972155.0000,3
2020-03-30,20200330103000000,sh.600011,4.5500,4.6300,4.5300,4.6300,8273716,37935551.0000,3
2020-03-30,20200330113000000,sh.600011,4.6200,4.6600,4.6200,4.6400,6185393,28720137.0000,3
2020-03-30,20200330140000000,sh.600011,4.6400,4.6800,4.6400,4.6700,6240104,29068986.0000,3
2020-03-30,20200330150000000,sh.600011,4.6700,4.6900,4.6500,4.6800,7758300,36273945.0000,3
2020-03-31,20200331103000000,sh.600011,4.6800,4.7500,4.6500,4.7400,10059643,47181753.0000,3
2020-03-31,20200331113000000,sh.600011,4.7400,4.7500,4.7100,4.7200,2890937,13662916.0000,3
2020-03-31,20200331140000000,sh.600011,4.7300,4.7300,4.6700,4.6900,4785798,22471922.0000,3
2020-03-31,20200331150000000,sh.600011,4.6900,4.7100,4.6700,4.6900,5216900,24467504.0000,3
2020-04-01,20200401103000000,sh.600011,4.6000,4.6800,4.5700,4.5900,11290439,52048176.0000,3
2020-04-01,20200401113000000,sh.600011,4.5900,4.6100,4.5600,4.5600,7051666,32305956.0000,3
2020-04-01,20200401140000000,sh.600011,4.5700,4.5800,4.5100,4.5200,5866300,26675750.0000,3
2020-04-01,20200401150000000,sh.600011,4.5200,4.5300,4.4600,4.4700,8921564,39997589.0000,3
2020-04-02,20200402103000000,sh.600011,4.4500,4.4600,4.3600,4.3700,9236843,40626052.0000,3
2020-04-02,20200402113000000,sh.600011,4.3600,4.4000,4.3600,4.3900,3645100,15960474.0000,3
2020-04-02,20200402140000000,sh.600011,4.3900,4.4000,4.3600,4.3900,5769411,25276955.0000,3
2020-04-02,20200402150000000,sh.600011,4.4000,4.4400,4.3900,4.4300,6382563,28166758.0000,3
2020-04-03,20200403103000000,sh.600011,4.4200,4.4200,4.3600,4.3700,5469100,23989946.0000,3
2020-04-03,20200403113000000,sh.600011,4.3800,4.3900,4.3400,4.3500,5710600,24897816.0000,3
2020-04-03,20200403140000000,sh.600011,4.3500,4.3600,4.3200,4.3400,3591400,15582906.0000,3
2020-04-03,20200403150000000,sh.600011,4.3400,4.3500,4.3300,4.3300,4389188,19033208.0000,3
2020-04-07,20200407103000000,sh.600011,4.3700,4.3900,4.3400,4.3400,9592600,41847441.0000,3
2020-04-07,20200407113000000,sh.600011,4.3400,4.3700,4.3400,4.3500,6409601,27888303.0000,3
2020-04-07,20200407140000000,sh.600011,4.3600,4.3600,4.3400,4.3600,6653800,28931227.0000,3
2020-04-07,20200407150000000,sh.600011,4.3600,4.3800,4.3500,4.3700,8312205,36259894.0000,3
2020-04-08,20200408103000000,sh.600011,4.3400,4.3500,4.3100,4.3300,8188188,35400990.0000,3
2020-04-08,20200408113000000,sh.600011,4.3300,4.3500,4.3200,4.3300,4487633,19443574.0000,3
2020-04-08,20200408140000000,sh.600011,4.3400,4.3700,4.3300,4.3600,5804300,25213228.0000,3
2020-04-08,20200408150000000,sh.600011,4.3600,4.3700,4.3400,4.3600,5882783,25611305.0000,3
2020-04-09,20200409103000000,sh.600011,4.3600,4.4100,4.3500,4.3900,8093844,35420459.0000,3
2020-04-09,20200409113000000,sh.600011,4.3900,4.4000,4.3700,4.3800,3271500,14340393.0000,3
2020-04-09,20200409140000000,sh.600011,4.3800,4.3900,4.3700,4.3800,3300687,14450488.0000,3
2020-04-09,20200409150000000,sh.600011,4.3800,4.3900,4.3700,4.3800,4985300,21811901.0000,3
2020-04-10,20200410103000000,sh.600011,4.3900,4.3900,4.3400,4.3500,3826504,16690111.0000,3
2020-04-10,20200410113000000,sh.600011,4.3500,4.3600,4.3200,4.3300,3773200,16374533.0000,3
2020-04-10,20200410140000000,sh.600011,4.3300,4.3400,4.3200,4.3200,2253000,9750981.0000,3
2020-04-10,20200410150000000,sh.600011,4.3200,4.3400,4.3100,4.3400,4119757,17810889.0000,3
2020-04-13,20200413103000000,sh.600011,4.3200,4.3300,4.2800,4.2800,6221901,26703159.0000,3
2020-04-13,20200413113000000,sh.600011,4.2800,4.2900,4.2700,4.2800,4546519,19449965.0000,3
2020-04-13,20200413140000000,sh.600011,4.2800,4.2900,4.2500,4.2600,5191480,22123425.0000,3
2020-04-13,20200413150000000,sh.600011,4.2600,4.2700,4.2500,4.2700,4384801,18671246.0000,3
2020-04-14,20200414103000000,sh.600011,4.2800,4.2900,4.2600,4.2800,4642242,19837540.0000,3
2020-04-14,20200414113000000,sh.600011,4.2800,4.2900,4.2700,4.2900,2056500,8806265.0000,3
2020-04-14,20200414140000000,sh.600011,4.2800,4.3000,4.2800,4.3000,3295820,14140276.0000,3
2020-04-14,20200414150000000,sh.600011,4.2900,4.3100,4.2800,4.3100,5506980,23673289.0000,3
2020-04-15,20200415103000000,sh.600011,4.3000,4.3100,4.2700,4.2800,4724600,20248701.0000,3
2020-04-15,20200415113000000,sh.600011,4.2800,4.2900,4.2300,4.2500,9504475,40433250.0000,3
2020-04-15,20200415140000000,sh.600011,4.2500,4.2600,4.2300,4.2400,5040700,21379353.0000,3
2020-04-15,20200415150000000,sh.600011,4.2300,4.2500,4.2200,4.2300,6202069,26233766.0000,3
2020-04-16,20200416103000000,sh.600011,4.2100,4.3200,4.1900,4.3000,12714303,54146144.0000,3
2020-04-16,20200416113000000,sh.600011,4.3000,4.3000,4.2700,4.3000,4257185,18259896.0000,3
2020-04-16,20200416140000000,sh.600011,4.3000,4.3100,4.2900,4.3000,3491600,15011974.0000,3
2020-04-16,20200416150000000,sh.600011,4.3100,4.3100,4.2900,4.3000,5768903,24805256.0000,3
2020-04-17,20200417103000000,sh.600011,4.2800,4.3000,4.2600,4.2800,5449100,23329445.0000,3
2020-04-17,20200417113000000,sh.600011,4.2800,4.2800,4.2500,4.2600,2489217,10604399.0000,3
2020-04-17,20200417140000000,sh.600011,4.2600,4.2900,4.2500,4.2800,3453871,14747895.0000,3
2020-04-17,20200417150000000,sh.600011,4.2900,4.2900,4.2500,4.2500,4312400,18368300.0000,3
2020-04-20,20200420103000000,sh.600011,4.2600,4.2700,4.2100,4.2200,5575510,23561234.0000,3
2020-04-20,20200420113000000,sh.600011,4.2200,4.2300,4.2100,4.2200,2173390,9166067.0000,3
2020-04-20,20200420140000000,sh.600011,4.2200,4.2300,4.2100,4.2200,3789701,15984527.0000,3
2020-04-20,20200420150000000,sh.600011,4.2300,4.2300,4.2100,4.2200,5428080,22891076.0000,3
2020-04-21,20200421103000000,sh.600011,4.2100,4.2300,4.2000,4.2100,3697485,15576044.0000,3
2020-04-21,20200421113000000,sh.600011,4.2100,4.2200,4.1800,4.1900,4994300,20978108.0000,3
2020-04-21,20200421140000000,sh.600011,4.1900,4.2000,4.1600,4.1700,5340181,22310925.0000,3
2020-04-21,20200421150000000,sh.600011,4.1700,4.2000,4.1700,4.2000,3296600,13797604.0000,3
2020-04-22,20200422103000000,sh.600011,4.1900,4.2300,4.1800,4.2100,4611800,19420285.0000,3
2020-04-22,20200422113000000,sh.600011,4.2100,4.2100,4.1600,4.1700,5187801,21689115.0000,3
2020-04-22,20200422140000000,sh.600011,4.1800,4.1900,4.1600,4.1800,5093500,21264569.0000,3
2020-04-22,20200422150000000,sh.600011,4.1800,4.2000,4.1700,4.2000,5777164,24158902.0000,3
2020-04-23,20200423103000000,sh.600011,4.1900,4.2500,4.1800,4.2300,8293151,34927547.0000,3
2020-04-23,20200423113000000,sh.600011,4.2200,4.2300,4.2000,4.2100,5419010,22828184.0000,3
2020-04-23,20200423140000000,sh.600011,4.2200,4.2600,4.2100,4.2500,7636967,32337209.0000,3
2020-04-23,20200423150000000,sh.600011,4.2500,4.2500,4.2000,4.2200,7467448,31486676.0000,3
2020-04-24,20200424103000000,sh.600011,4.2200,4.2300,4.1800,4.2000,6211345,26076675.0000,3
2020-04-24,20200424113000000,sh.600011,4.2000,4.2100,4.1800,4.1900,3565914,14954310.0000,3
2020-04-24,20200424140000000,sh.600011,4.2000,4.2000,4.1700,4.1800,4867300,20359919.0000,3
2020-04-24,20200424150000000,sh.600011,4.1800,4.1900,4.1600,4.1800,3406300,14223321.0000,3
2020-04-27,20200427103000000,sh.600011,4.1600,4.2100,4.1600,4.2100,5461461,22872053.0000,3
2020-04-27,20200427113000000,sh.600011,4.2100,4.2100,4.1800,4.2100,3161466,13270972.0000,3
2020-04-27,20200427140000000,sh.600011,4.2100,4.2200,4.2000,4.2100,3349200,14084187.0000,3
2020-04-27,20200427150000000,sh.600011,4.2100,4.2100,4.1900,4.2000,3368300,14142280.0000,3
2020-04-28,20200428103000000,sh.600011,4.2000,4.2200,4.0600,4.1000,14009165,57726789.0000,3
2020-04-28,20200428113000000,sh.600011,4.0900,4.1200,4.0800,4.1200,6256800,25621643.0000,3
2020-04-28,20200428140000000,sh.600011,4.1200,4.1300,4.1000,4.1300,3259200,13423167.0000,3
2020-04-28,20200428150000000,sh.600011,4.1300,4.1400,4.1100,4.1300,4322263,17839136.0000,3
2020-04-29,20200429103000000,sh.600011,4.1100,4.1600,4.0900,4.1400,5895500,24330733.0000,3
2020-04-29,20200429113000000,sh.600011,4.1400,4.1500,4.1200,4.1300,2362200,9764701.0000,3
2020-04-29,20200429140000000,sh.600011,4.1300,4.1400,4.1200,4.1400,1947460,8052161.0000,3
2020-04-29,20200429150000000,sh.600011,4.1400,4.1400,4.1300,4.1400,2442600,10106399.0000,3
2020-04-30,20200430103000000,sh.600011,4.1700,4.2400,4.1700,4.2000,7724278,32462862.0000,3
2020-04-30,20200430113000000,sh.600011,4.2000,4.2200,4.1900,4.2100,3524018,14807653.0000,3
2020-04-30,20200430140000000,sh.600011,4.2100,4.2100,4.1900,4.2000,2296100,9646648.0000,3
2020-04-30,20200430150000000,sh.600011,4.2000,4.2200,4.1900,4.2200,3723018,15657220.0000,3
2020-05-06,20200506103000000,sh.600011,4.1600,4.2000,4.1500,4.1900,7841630,32780883.0000,3
2020-05-06,20200506113000000,sh.600011,4.2000,4.2100,4.1800,4.2100,4503895,18884707.0000,3
2020-05-06,20200506140000000,sh.600011,4.2000,4.2100,4.1900,4.2000,2895600,12156839.0000,3
2020-05-06,20200506150000000,sh.600011,4.2000,4.2300,4.2000,4.2200,5832279,24584114.0000,3
2020-05-07,20200507103000000,sh.600011,4.2200,4.2600,4.2100,4.2500,7014572,29730120.0000,3
2020-05-07,20200507113000000,sh.600011,4.2500,4.2900,4.2400,4.2800,7291085,31062781.0000,3
2020-05-07,20200507140000000,sh.600011,4.2800,4.4000,4.2700,4.3600,18595154,80301700.0000,3
2020-05-07,20200507150000000,sh.600011,4.3700,4.3800,4.3200,4.3400,9757936,42447318.0000,3
2020-05-08,20200508103000000,sh.600011,4.3100,4.3400,4.3000,4.3100,7441041,32135969.0000,3
2020-05-08,20200508113000000,sh.600011,4.3000,4.3300,4.3000,4.3200,4185705,18063949.0000,3
2020-05-08,20200508140000000,sh.600011,4.3200,4.3400,4.3100,4.3200,5388493,23308289.0000,3
2020-05-08,20200508150000000,sh.600011,4.3200,4.3200,4.3000,4.3100,4707789,20295037.0000,3
2020-05-11,20200511103000000,sh.600011,4.3000,4.3500,4.2900,4.3300,9906730,42825149.0000,3
2020-05-11,20200511113000000,sh.600011,4.3200,4.3600,4.3200,4.3400,5135782,22316440.0000,3
2020-05-11,20200511140000000,sh.600011,4.3500,4.3500,4.3200,4.3200,3766405,16311614.0000,3
2020-05-11,20200511150000000,sh.600011,4.3300,4.3400,4.3000,4.3200,4411049,19044676.0000,3
2020-05-12,20200512103000000,sh.600011,4.3100,4.3300,4.3000,4.3200,3762705,16254168.0000,3
2020-05-12,20200512113000000,sh.600011,4.3200,4.3200,4.2700,4.2800,5369195,23070317.0000,3
2020-05-12,20200512140000000,sh.600011,4.2800,4.3000,4.2500,4.3000,4992459,21357629.0000,3
2020-05-12,20200512150000000,sh.600011,4.3000,4.3000,4.2800,4.2900,3341523,14332813.0000,3
2020-05-13,20200513103000000,sh.600011,4.2900,4.3600,4.2800,4.3500,7016386,30364074.0000,3
2020-05-13,20200513113000000,sh.600011,4.3400,4.3900,4.3400,4.3900,7739186,33815303.0000,3
2020-05-13,20200513140000000,sh.600011,4.3900,4.4200,4.3900,4.4100,8647182,38054412.0000,3
2020-05-13,20200513150000000,sh.600011,4.4100,4.4100,4.3900,4.4000,7325977,32219972.0000,3
2020-05-14,20200514103000000,sh.600011,4.4000,4.4800,4.3700,4.3900,11445300,50602500.0000,3
2020-05-14,20200514113000000,sh.600011,4.3900,4.4000,4.3600,4.3700,2630900,11512967.0000,3
2020-05-14,20200514140000000,sh.600011,4.3700,4.3700,4.3500,4.3600,2931200,12773980.0000,3
2020-05-14,20200514150000000,sh.600011,4.3600,4.3600,4.3300,4.3400,4336568,18846041.0000,3
2020-05-15,20200515103000000,sh.600011,4.3600,4.4000,4.3300,4.3800,7496553,32838965.0000,3
2020-05-15,20200515113000000,sh.600011,4.3700,4.4200,4.3700,4.4100,5551169,24421323.0000,3
2020-05-15,20200515140000000,sh.600011,4.4100,4.4200,4.3900,4.4100,2471000,10874356.0000,3
2020-05-15,20200515150000000,sh.600011,4.4100,4.4100,4.3600,4.3600,6072565,26583788.0000,3
2020-05-18,20200518103000000,sh.600011,4.3500,4.3800,4.3200,4.3700,5496807,23917965.0000,3
2020-05-18,20200518113000000,sh.600011,4.3700,4.3800,4.3500,4.3500,2477399,10823654.0000,3
2020-05-18,20200518140000000,sh.600011,4.3500,4.3600,4.3400,4.3600,2150164,9348528.0000,3
2020-05-18,20200518150000000,sh.600011,4.3600,4.3600,4.3300,4.3300,3702149,16074602.0000,3
2020-05-19,20200519103000000,sh.600011,4.3400,4.3700,4.3300,4.3500,3710800,16152657.0000,3
2020-05-19,20200519113000000,sh.600011,4.3500,4.3500,4.3300,4.3300,2420423,10504059.0000,3
2020-05-19,20200519140000000,sh.600011,4.3500,4.3500,4.3300,4.3400,2152425,9341969.0000,3
2020-05-19,20200519150000000,sh.600011,4.3400,4.3500,4.3300,4.3400,2845680,12363883.0000,3
2020-05-20,20200520103000000,sh.600011,4.3400,4.3500,4.3300,4.3400,2940700,12754237.0000,3
2020-05-20,20200520113000000,sh.600011,4.3400,4.3700,4.3200,4.3600,3230296,14046605.0000,3
2020-05-20,20200520140000000,sh.600011,4.3600,4.3700,4.3500,4.3600,2630300,11469184.0000,3
2020-05-20,20200520150000000,sh.600011,4.3500,4.3700,4.3500,4.3600,3139465,13683990.0000,3
2020-05-21,20200521103000000,sh.600011,4.3600,4.3800,4.3000,4.3000,6157700,26685465.0000,3
2020-05-21,20200521113000000,sh.600011,4.3000,4.3300,4.3000,4.3000,2781197,11994888.0000,3
2020-05-21,20200521140000000,sh.600011,4.3000,4.3200,4.2900,4.2900,3156597,13572675.0000,3
2020-05-21,20200521150000000,sh.600011,4.3000,4.3000,4.2500,4.2700,7042302,30068889.0000,3
2020-05-22,20200522103000000,sh.600011,4.2600,4.2800,4.1900,4.2100,5171214,21866518.0000,3
2020-05-22,20200522113000000,sh.600011,4.2100,4.2100,4.1800,4.1800,3240486,13584909.0000,3
2020-05-22,20200522140000000,sh.600011,4.1900,4.2000,4.1700,4.2000,3658095,15308621.0000,3
2020-05-22,20200522150000000,sh.600011,4.2000,4.2200,4.1900,4.1900,3984400,16729941.0000,3
2020-05-25,20200525103000000,sh.600011,4.1900,4.2700,4.1700,4.2500,6643000,28040656.0000,3
2020-05-25,20200525113000000,sh.600011,4.2500,4.2600,4.2300,4.2500,2166301,9203432.0000,3
2020-05-25,20200525140000000,sh.600011,4.2600,4.2600,4.2400,4.2600,2253499,9586049.0000,3
2020-05-25,20200525150000000,sh.600011,4.2600,4.3100,4.2500,4.3000,9262555,39745434.0000,3
2020-05-26,20200526103000000,sh.600011,4.3100,4.4200,4.3000,4.4200,14614110,63909539.0000,3
2020-05-26,20200526113000000,sh.600011,4.4200,4.4400,4.4000,4.4200,8568161,37898847.0000,3
2020-05-26,20200526140000000,sh.600011,4.4200,4.4300,4.3900,4.4000,6071800,26779309.0000,3
2020-05-26,20200526150000000,sh.600011,4.4000,4.4100,4.3800,4.4000,5594817,24586450.0000,3
2020-05-27,20200527103000000,sh.600011,4.4100,4.4400,4.3600,4.4200,9842340,43285358.0000,3
2020-05-27,20200527113000000,sh.600011,4.4200,4.4300,4.4000,4.4300,5616660,24786228.0000,3
2020-05-27,20200527140000000,sh.600011,4.4200,4.4400,4.4100,4.4100,6146700,27182086.0000,3
2020-05-27,20200527150000000,sh.600011,4.4100,4.4300,4.4100,4.4300,6258152,27679910.0000,3
2020-05-28,20200528103000000,sh.600011,4.4300,4.4800,4.4100,4.4100,6309000,28057192.0000,3
2020-05-28,20200528113000000,sh.600011,4.4100,4.4200,4.3800,4.3800,3242752,14258398.0000,3
2020-05-28,20200528140000000,sh.600011,4.3800,4.3900,4.3700,4.3900,1960200,8586988.0000,3
2020-05-28,20200528150000000,sh.600011,4.3800,4.4000,4.3800,4.3900,2894400,12711612.0000,3
2020-05-29,20200529103000000,sh.600011,4.4000,4.4000,4.3200,4.3300,6596800,28750538.0000,3
2020-05-29,20200529113000000,sh.600011,4.3300,4.3500,4.2900,4.3000,6632900,28656793.0000,3
2020-05-29,20200529140000000,sh.600011,4.3000,4.3200,4.2600,4.3100,6080500,26098394.0000,3
2020-05-29,20200529150000000,sh.600011,4.3000,4.3300,4.3000,4.3300,7384532,31858641.0000,3
2020-06-01,20200601103000000,sh.600011,4.3300,4.3900,4.3300,4.3700,7222393,31515343.0000,3
2020-06-01,20200601113000000,sh.600011,4.3700,4.4000,4.3600,4.3800,4424593,19376386.0000,3
2020-06-01,20200601140000000,sh.600011,4.3900,4.4000,4.3700,4.3700,3811500,16698077.0000,3
2020-06-01,20200601150000000,sh.600011,4.3700,4.3800,4.3500,4.3800,4258802,18601019.0000,3
2020-06-02,20200602103000000,sh.600011,4.3700,4.3800,4.3400,4.3500,6278308,27348878.0000,3
2020-06-02,20200602113000000,sh.600011,4.3500,4.3600,4.3400,4.3500,3512643,15285709.0000,3
2020-06-02,20200602140000000,sh.600011,4.3500,4.3900,4.3500,4.3800,4568032,19946057.0000,3
2020-06-02,20200602150000000,sh.600011,4.3800,4.4100,4.3600,4.4000,7119545,31220848.0000,3
2020-06-03,20200603103000000,sh.600011,4.3800,4.4000,4.3700,4.3900,5957676,26117581.0000,3
2020-06-03,20200603113000000,sh.600011,4.3900,4.3900,4.3600,4.3700,5066610,22149354.0000,3
2020-06-03,20200603140000000,sh.600011,4.3600,4.4200,4.3600,4.3800,7491200,32842538.0000,3
2020-06-03,20200603150000000,sh.600011,4.3700,4.3900,4.3500,4.3600,5501393,24033241.0000,3
2020-06-04,20200604103000000,sh.600011,4.3800,4.3800,4.3000,4.3100,9017482,38960241.0000,3
2020-06-04,20200604113000000,sh.600011,4.3100,4.3300,4.2700,4.2900,7303700,31360462.0000,3
2020-06-04,20200604140000000,sh.600011,4.2900,4.3100,4.2800,4.2800,4898265,21028626.0000,3
2020-06-04,20200604150000000,sh.600011,4.2800,4.3000,4.2600,4.2700,7522625,32200674.0000,3
2020-06-05,20200605103000000,sh.600011,4.2900,4.3000,4.2600,4.2800,4181500,17883836.0000,3
2020-06-05,20200605113000000,sh.600011,4.2900,4.2900,4.2600,4.2700,1923400,8221321.0000,3
2020-06-05,20200605140000000,sh.600011,4.2700,4.2900,4.2600,4.2800,2310702,9876776.0000,3
2020-06-05,20200605150000000,sh.600011,4.2800,4.3000,4.2800,4.3000,3058460,13129672.0000,3
2020-06-08,20200608103000000,sh.600011,4.3000,4.3300,4.2900,4.3100,5547461,23927742.0000,3
2020-06-08,20200608113000000,sh.600011,4.3100,4.3500,4.3000,4.3300,5925250,25639419.0000,3
2020-06-08,20200608140000000,sh.600011,4.3300,4.3600,4.2900,4.3300,8946960,38659427.0000,3
2020-06-08,20200608150000000,sh.600011,4.3300,4.3500,4.3200,4.3300,3693600,16015554.0000,3
2020-06-09,20200609103000000,sh.600011,4.3500,4.3500,4.3100,4.3200,5174500,22376821.0000,3
2020-06-09,20200609113000000,sh.600011,4.3200,4.3500,4.3200,4.3400,3165874,13726397.0000,3
2020-06-09,20200609140000000,sh.600011,4.3400,4.3500,4.3300,4.3400,2407300,10451881.0000,3
2020-06-09,20200609150000000,sh.600011,4.3400,4.3500,4.3300,4.3500,3026700,13145372.0000,3
2020-06-10,20200610103000000,sh.600011,4.3500,4.3500,4.3100,4.3100,3850119,16645138.0000,3
2020-06-10,20200610113000000,sh.600011,4.3100,4.3200,4.2900,4.3000,3947600,17000067.0000,3
2020-06-10,20200610140000000,sh.600011,4.3000,4.3100,4.2800,4.2900,4137000,17768742.0000,3
2020-06-10,20200610150000000,sh.600011,4.2900,4.2900,4.2500,4.2600,8241694,35175581.0000,3
2020-06-11,20200611103000000,sh.600011,4.2600,4.2600,4.2000,4.2300,6074434,25663122.0000,3
2020-06-11,20200611113000000,sh.600011,4.2300,4.2500,4.2200,4.2400,2925106,12374777.0000,3
2020-06-11,20200611140000000,sh.600011,4.2500,4.2500,4.2100,4.2200,3917100,16558813.0000,3
2020-06-11,20200611150000000,sh.600011,4.2200,4.2300,4.2000,4.2200,4579000,19291274.0000,3
2020-06-12,20200612103000000,sh.600011,4.1800,4.1900,4.1600,4.1700,8100673,33768224.0000,3
2020-06-12,20200612113000000,sh.600011,4.1700,4.1900,4.1600,4.1700,3785700,15792873.0000,3
2020-06-12,20200612140000000,sh.600011,4.1800,4.1800,4.1600,4.1700,7107000,29639508.0000,3
2020-06-12,20200612150000000,sh.600011,4.1700,4.2100,4.1700,4.2100,8649607,36272611.0000,3
2020-06-15,20200615103000000,sh.600011,4.1800,4.2000,4.1700,4.1800,5418633,22656988.0000,3
2020-06-15,20200615113000000,sh.600011,4.1800,4.1900,4.1700,4.1800,3742400,15647199.0000,3
2020-06-15,20200615140000000,sh.600011,4.1800,4.1900,4.1400,4.1400,5940421,24713612.0000,3
2020-06-15,20200615150000000,sh.600011,4.1400,4.1700,4.1300,4.1400,5474992,22716992.0000,3
2020-06-16,20200616103000000,sh.600011,4.1600,4.1700,4.1300,4.1500,6565019,27228801.0000,3
2020-06-16,20200616113000000,sh.600011,4.1400,4.1600,4.1400,4.1400,3590272,14899046.0000,3
2020-06-16,20200616140000000,sh.600011,4.1400,4.1600,4.1400,4.1400,4432669,18400505.0000,3
2020-06-16,20200616150000000,sh.600011,4.1400,4.1700,4.1400,4.1600,3814497,15847955.0000,3
2020-06-17,20200617103000000,sh.600011,4.1600,4.1600,4.1400,4.1500,3148300,13074210.0000,3
2020-06-17,20200617113000000,sh.600011,4.1500,4.1600,4.1400,4.1500,3240043,13434583.0000,3
2020-06-17,20200617140000000,sh.600011,4.1500,4.1600,4.1400,4.1400,2337312,9682690.0000,3
2020-06-17,20200617150000000,sh.600011,4.1400,4.1600,4.1400,4.1500,3090766,12813929.0000,3
2020-06-18,20200618103000000,sh.600011,4.1500,4.2300,4.1500,4.2100,9498137,39817474.0000,3
2020-06-18,20200618113000000,sh.600011,4.2100,4.2300,4.1900,4.2200,7361733,30966006.0000,3
2020-06-18,20200618140000000,sh.600011,4.2200,4.2600,4.2100,4.2400,7199980,30496986.0000,3
2020-06-18,20200618150000000,sh.600011,4.2400,4.2500,4.2300,4.2400,4488961,19024016.0000,3
2020-06-19,20200619103000000,sh.600011,4.2400,4.2900,4.2300,4.2800,9876412,42174281.0000,3
2020-06-19,20200619113000000,sh.600011,4.2700,4.2800,4.2500,4.2500,4952961,21130281.0000,3
2020-06-19,20200619140000000,sh.600011,4.2500,4.2800,4.2500,4.2800,3395600,14478953.0000,3
2020-06-19,20200619150000000,sh.600011,4.2800,4.2900,4.2600,4.2700,8699420,37201968.0000,3
2020-06-22,20200622103000000,sh.600011,4.2700,4.2900,4.2400,4.2600,7288900,31078191.0000,3
2020-06-22,20200622113000000,sh.600011,4.2600,4.2700,4.2400,4.2600,4538247,19296755.0000,3
2020-06-22,20200622140000000,sh.600011,4.2500,4.2700,4.2300,4.2400,6716232,28536369.0000,3
2020-06-22,20200622150000000,sh.600011,4.2400,4.2500,4.2200,4.2400,3905900,16553144.0000,3
2020-06-23,20200623103000000,sh.600011,4.2400,4.2500,4.1900,4.2200,4178490,17583623.0000,3
2020-06-23,20200623113000000,sh.600011,4.2200,4.2300,4.2100,4.2200,1498899,6318719.0000,3
2020-06-23,20200623140000000,sh.600011,4.2200,4.2300,4.2000,4.2200,2290120,9655348.0000,3
2020-06-23,20200623150000000,sh.600011,4.2200,4.2200,4.2000,4.2100,3404900,14339675.0000,3
2020-06-24,20200624103000000,sh.600011,4.2400,4.2500,4.2100,4.2100,3963800,16762616.0000,3
2020-06-24,20200624113000000,sh.600011,4.2100,4.2400,4.2000,4.2300,2453500,10349165.0000,3
2020-06-24,20200624140000000,sh.600011,4.2400,4.2400,4.2200,4.2200,2608300,11033874.0000,3
2020-06-24,20200624150000000,sh.600011,4.2200,4.2300,4.2100,4.2100,2864100,12090203.0000,3
2020-06-29,20200629103000000,sh.600011,4.2000,4.2300,4.1800,4.2200,4254800,17905403.0000,3
2020-06-29,20200629113000000,sh.600011,4.2200,4.2300,4.2000,4.2100,1739693,7334355.0000,3
2020-06-29,20200629140000000,sh.600011,4.2100,4.2100,4.1900,4.1900,3373300,14180262.0000,3
2020-06-29,20200629150000000,sh.600011,4.2000,4.2000,4.1700,4.1900,4414530,18486724.0000,3
2020-06-30,20200630103000000,sh.600011,4.2100,4.2200,4.1900,4.2100,3316696,13968383.0000,3
2020-06-30,20200630113000000,sh.600011,4.2200,4.2200,4.2100,4.2200,1498100,6314276.0000,3
2020-06-30,20200630140000000,sh.600011,4.2100,4.2300,4.2000,4.2100,5403700,22770707.0000,3
2020-06-30,20200630150000000,sh.600011,4.2100,4.2300,4.1900,4.2200,4359500,18348044.0000,3
2020-07-01,20200701103000000,sh.600011,4.2100,4.2200,4.1900,4.2000,4022700,16901956.0000,3
2020-07-01,20200701113000000,sh.600011,4.2100,4.2300,4.2000,4.2200,2464550,10388597.0000,3
2020-07-01,20200701140000000,sh.600011,4.2300,4.2400,4.2200,4.2400,3360565,14207715.0000,3
2020-07-01,20200701150000000,sh.600011,4.2400,4.2600,4.2300,4.2500,4527957,19231166.0000,3
2020-07-02,20200702103000000,sh.600011,4.2500,4.3200,4.2500,4.3000,13922375,59751841.0000,3
2020-07-02,20200702113000000,sh.600011,4.3000,4.3300,4.2900,4.3200,5429047,23409461.0000,3
2020-07-02,20200702140000000,sh.600011,4.3200,4.3800,4.3100,4.3600,9778542,42513970.0000,3
2020-07-02,20200702150000000,sh.600011,4.3600,4.3900,4.3500,4.3800,9676714,42329699.0000,3
2020-07-03,20200703103000000,sh.600011,4.4000,4.4700,4.4000,4.4600,21129428,93970704.0000,3
2020-07-03,20200703113000000,sh.600011,4.4500,4.4800,4.4500,4.4500,12342319,55103932.0000,3
2020-07-03,20200703140000000,sh.600011,4.4500,4.4700,4.4400,4.4500,6756000,30052703.0000,3
2020-07-03,20200703150000000,sh.600011,4.4400,4.4700,4.4300,4.4700,12068684,53781502.0000,3
2020-07-06,20200706103000000,sh.600011,4.3900,4.5200,4.3600,4.4900,28374222,126307598.0000,3
2020-07-06,20200706113000000,sh.600011,4.4900,4.5400,4.4800,4.5300,9677766,43658021.0000,3
2020-07-06,20200706140000000,sh.600011,4.5300,4.6500,4.5300,4.6500,24514518,112789869.0000,3
2020-07-06,20200706150000000,sh.600011,4.6400,4.6700,4.6200,4.6400,16668344,77408304.0000,3
2020-07-07,20200707103000000,sh.600011,4.6900,4.8400,4.6200,4.6400,44577902,211146680.0000,3
2020-07-07,20200707113000000,sh.600011,4.6400,4.7100,4.6300,4.6900,12056825,56358003.0000,3
2020-07-07,20200707140000000,sh.600011,4.6900,4.7300,4.6900,4.7100,11638720,54810101.0000,3
2020-07-07,20200707150000000,sh.600011,4.7000,4.7200,4.6700,4.6900,16329186,76748496.0000,3
2020-07-08,20200708103000000,sh.600011,4.6600,4.7300,4.6300,4.6500,20048538,93829135.0000,3
2020-07-08,20200708113000000,sh.600011,4.6400,4.7500,4.6200,4.7100,18263038,85487989.0000,3
2020-07-08,20200708140000000,sh.600011,4.7100,4.7400,4.6900,4.7000,8424952,39678942.0000,3
2020-07-08,20200708150000000,sh.600011,4.7000,4.7500,4.6900,4.7500,14034648,66269518.0000,3
2020-07-09,20200709103000000,sh.600011,4.7500,4.7700,4.7000,4.7500,22028402,104368067.0000,3
2020-07-09,20200709113000000,sh.600011,4.7400,4.8100,4.7400,4.7700,15099500,72029065.0000,3
2020-07-09,20200709140000000,sh.600011,4.7700,4.8000,4.7600,4.7800,9255715,44219264.0000,3
2020-07-09,20200709150000000,sh.600011,4.7900,4.7900,4.7500,4.7800,7460937,35611244.0000,3
2020-07-10,20200710103000000,sh.600011,4.7700,4.7800,4.7000,4.7400,14880133,70546556.0000,3
2020-07-10,20200710113000000,sh.600011,4.7400,4.7400,4.7000,4.7200,9326373,44024112.0000,3
2020-07-10,20200710140000000,sh.600011,4.7200,4.7300,4.7000,4.7300,6532300,30817653.0000,3
2020-07-10,20200710150000000,sh.600011,4.7200,4.7300,4.6900,4.6900,10217400,48106180.0000,3
2020-07-13,20200713103000000,sh.600011,4.6900,4.7600,4.6800,4.7100,11174368,52659420.0000,3
2020-07-13,20200713113000000,sh.600011,4.7200,4.7400,4.7000,4.7400,6697685,31619133.0000,3
2020-07-13,20200713140000000,sh.600011,4.7400,4.7700,4.7200,4.7500,12216983,58020845.0000,3
2020-07-13,20200713150000000,sh.600011,4.7600,4.7600,4.7300,4.7400,8156805,38683384.0000,3
2020-07-14,20200714103000000,sh.600011,4.7400,4.7400,4.6900,4.7000,14534896,68584040.0000,3
2020-07-14,20200714113000000,sh.600011,4.7000,4.7100,4.6700,4.6800,8566600,40146230.0000,3
2020-07-14,20200714140000000,sh.600011,4.6800,4.7100,4.6200,4.6600,13216381,61742934.0000,3
2020-07-14,20200714150000000,sh.600011,4.6600,4.7300,4.6400,4.7100,9053050,42583000.0000,3
2020-07-15,20200715103000000,sh.600011,4.7300,4.7900,4.7200,4.7700,19759546,93975220.0000,3
2020-07-15,20200715113000000,sh.600011,4.7700,4.7700,4.6800,4.7000,9389046,44368693.0000,3
2020-07-15,20200715140000000,sh.600011,4.7000,4.7200,4.6900,4.7000,6857604,32248987.0000,3
2020-07-15,20200715150000000,sh.600011,4.7000,4.7300,4.6800,4.6800,8061127,37907085.0000,3
2020-07-16,20200716103000000,sh.600011,4.7200,4.7800,4.7100,4.7200,22907700,108881440.0000,3
2020-07-16,20200716113000000,sh.600011,4.7300,4.7600,4.6900,4.7100,9709400,45825214.0000,3
2020-07-16,20200716140000000,sh.600011,4.7100,4.7200,4.6100,4.6300,14230200,66315293.0000,3
2020-07-16,20200716150000000,sh.600011,4.6300,4.6600,4.5600,4.5700,12081004,55596213.0000,3
2020-07-17,20200717103000000,sh.600011,4.5700,4.6000,4.5400,4.5900,10740200,49089581.0000,3
2020-07-17,20200717113000000,sh.600011,4.5900,4.6000,4.5500,4.5600,3958531,18131476.0000,3
2020-07-17,20200717140000000,sh.600011,4.5600,4.6500,4.5400,4.6300,9675572,44596044.0000,3
2020-07-17,20200717150000000,sh.600011,4.6400,4.6500,4.6200,4.6300,5701589,26435001.0000,3
2020-07-20,20200720103000000,sh.600011,4.6500,4.7700,4.6500,4.7500,22755320,107642009.0000,3
2020-07-20,20200720113000000,sh.600011,4.7500,4.8200,4.7500,4.8000,11871752,56822233.0000,3
2020-07-20,20200720140000000,sh.600011,4.8000,4.8900,4.7800,4.8700,19499742,94596980.0000,3
2020-07-20,20200720150000000,sh.600011,4.8700,4.9900,4.8700,4.9800,30431335,150663546.0000,3
2020-07-21,20200721103000000,sh.600011,5.0000,5.0500,4.8400,4.8600,27496618,135478560.0000,3
2020-07-21,20200721113000000,sh.600011,4.8600,4.8900,4.8100,4.8800,10041466,48728728.0000,3
2020-07-21,20200721140000000,sh.600011,4.8800,4.8900,4.8300,4.8600,6470928,31432514.0000,3
2020-07-21,20200721150000000,sh.600011,4.8600,4.8800,4.8300,4.8600,7749154,37613935.0000,3
2020-07-22,20200722103000000,sh.600011,4.8900,4.8900,4.8000,4.8600,11241586,54295172.0000,3
2020-07-22,20200722113000000,sh.600011,4.8600,4.8900,4.8400,4.8500,7523683,36595492.0000,3
2020-07-22,20200722140000000,sh.600011,4.8500,4.8600,4.8100,4.8100,6311756,30483849.0000,3
2020-07-22,20200722150000000,sh.600011,4.8200,4.8400,4.7800,4.7900,11552097,55445969.0000,3
2020-07-23,20200723103000000,sh.600011,4.7800,4.7900,4.6600,4.7000,16518389,78265909.0000,3
2020-07-23,20200723113000000,sh.600011,4.7000,4.7200,4.6600,4.6900,7102400,33285229.0000,3
2020-07-23,20200723140000000,sh.600011,4.6900,4.7300,4.6800,4.7200,5173558,24331695.0000,3
2020-07-23,20200723150000000,sh.600011,4.7100,4.7800,4.7100,4.7700,5467641,25928220.0000,3
2020-07-24,20200724103000000,sh.600011,4.7600,4.7800,4.6800,4.6900,11200900,52926614.0000,3
2020-07-24,20200724113000000,sh.600011,4.7000,4.7300,4.6800,4.6900,6745641,31685926.0000,3
2020-07-24,20200724140000000,sh.600011,4.6700,4.6800,4.6300,4.6400,8782386,40872327.0000,3
2020-07-24,20200724150000000,sh.600011,4.6300,4.6800,4.5800,4.6600,10069522,46604867.0000,3
2020-07-27,20200727103000000,sh.600011,4.6400,4.6800,4.6100,4.6300,6765503,31432476.0000,3
2020-07-27,20200727113000000,sh.600011,4.6400,4.6900,4.6200,4.6800,4131677,19277331.0000,3
2020-07-27,20200727140000000,sh.600011,4.6700,4.7600,4.6600,4.7500,8726953,41164814.0000,3
2020-07-27,20200727150000000,sh.600011,4.7500,4.7600,4.7300,4.7500,9081878,43148288.0000,3
2020-07-28,20200728103000000,sh.600011,4.7200,4.7900,4.7000,4.7400,7623000,36153572.0000,3
2020-07-28,20200728113000000,sh.600011,4.7400,4.7500,4.6900,4.7200,6628719,31238235.0000,3
2020-07-28,20200728140000000,sh.600011,4.7100,4.7500,4.7000,4.7400,4296196,20292289.0000,3
2020-07-28,20200728150000000,sh.600011,4.7400,4.7500,4.7000,4.7300,5345851,25267924.0000,3
2020-07-29,20200729103000000,sh.600011,4.7200,4.7300,4.6500,4.6900,7465297,34902404.0000,3
2020-07-29,20200729113000000,sh.600011,4.7000,4.7100,4.6400,4.6600,9968075,46486726.0000,3
2020-07-29,20200729140000000,sh.600011,4.6600,4.6900,4.6500,4.6900,2533998,11843381.0000,3
2020-07-29,20200729150000000,sh.600011,4.6900,4.7500,4.6700,4.7100,7108076,33512218.0000,3
2020-07-30,20200730103000000,sh.600011,4.7000,4.7300,4.6700,4.7000,6114869,28741857.0000,3
2020-07-30,20200730113000000,sh.600011,4.7000,4.7000,4.6700,4.7000,3327679,15600709.0000,3
2020-07-30,20200730140000000,sh.600011,4.7000,4.7000,4.6800,4.6900,3622044,16975455.0000,3
2020-07-30,20200730150000000,sh.600011,4.6900,4.7100,4.6800,4.7100,4420811,20777533.0000,3
2020-07-31,20200731103000000,sh.600011,4.6900,4.7200,4.6700,4.6900,9250958,43472849.0000,3
2020-07-31,20200731113000000,sh.600011,4.7000,4.7000,4.6300,4.6900,10418197,48651722.0000,3
2020-07-31,20200731140000000,sh.600011,4.6900,4.7000,4.6700,4.6900,3773193,17692053.0000,3
2020-07-31,20200731150000000,sh.600011,4.6900,4.7100,4.6800,4.6900,4428047,20782799.0000,3
2020-08-03,20200803103000000,sh.600011,4.7000,4.7300,4.6800,4.7000,8644997,40725938.0000,3
2020-08-03,20200803113000000,sh.600011,4.7000,4.7300,4.6900,4.7100,5103037,24030279.0000,3
2020-08-03,20200803140000000,sh.600011,4.7100,4.7200,4.7000,4.7200,3341700,15732473.0000,3
2020-08-03,20200803150000000,sh.600011,4.7200,4.7200,4.7000,4.7200,4629319,21813694.0000,3
2020-08-04,20200804103000000,sh.600011,4.7100,4.7200,4.6200,4.6400,17256577,80410581.0000,3
2020-08-04,20200804113000000,sh.600011,4.6400,4.6800,4.6400,4.6700,7084154,32986632.0000,3
2020-08-04,20200804140000000,sh.600011,4.6700,4.7400,4.6600,4.7300,7700064,36205868.0000,3
2020-08-04,20200804150000000,sh.600011,4.7200,4.7400,4.6800,4.6900,9584906,45145207.0000,3
2020-08-05,20200805103000000,sh.600011,4.6800,4.6900,4.6200,4.6600,7434581,34531100.0000,3
2020-08-05,20200805113000000,sh.600011,4.6500,4.6600,4.6400,4.6600,1967955,9153989.0000,3
2020-08-05,20200805140000000,sh.600011,4.6600,4.6700,4.6400,4.6500,3160030,14698369.0000,3
2020-08-05,20200805150000000,sh.600011,4.6400,4.6500,4.6300,4.6500,4232885,19656169.0000,3
2020-08-06,20200806103000000,sh.600011,4.6300,4.6600,4.6000,4.6200,9220041,42645180.0000,3
2020-08-06,20200806113000000,sh.600011,4.6100,4.6200,4.5500,4.5900,7338617,33660672.0000,3
2020-08-06,20200806140000000,sh.600011,4.5800,4.6000,4.5700,4.5900,2672190,12250588.0000,3
2020-08-06,20200806150000000,sh.600011,4.5800,4.6100,4.5800,4.6000,4559440,20951119.0000,3
2020-08-07,20200807103000000,sh.600011,4.6100,4.6100,4.5700,4.5800,4315978,19795989.0000,3
2020-08-07,20200807113000000,sh.600011,4.5800,4.6100,4.5800,4.6000,3190639,14650534.0000,3
2020-08-07,20200807140000000,sh.600011,4.6000,4.6000,4.5500,4.5700,6574467,30009976.0000,3
2020-08-07,20200807150000000,sh.600011,4.5700,4.5900,4.5600,4.5700,4727500,21628271.0000,3
2020-08-10,20200810103000000,sh.600011,4.5700,4.6400,4.5600,4.5900,8659721,39898680.0000,3
2020-08-10,20200810113000000,sh.600011,4.5900,4.6400,4.5900,4.6300,3759655,17342285.0000,3
2020-08-10,20200810140000000,sh.600011,4.6300,4.6500,4.6200,4.6300,3743101,17350132.0000,3
2020-08-10,20200810150000000,sh.600011,4.6400,4.6500,4.6200,4.6300,3776300,17506116.0000,3
2020-08-11,20200811103000000,sh.600011,4.6400,4.6600,4.6200,4.6500,5096828,23689998.0000,3
2020-08-11,20200811113000000,sh.600011,4.6500,4.6600,4.6300,4.6600,3026478,14069156.0000,3
2020-08-11,20200811140000000,sh.600011,4.6500,4.6700,4.6400,4.6700,4494322,20923077.0000,3
2020-08-11,20200811150000000,sh.600011,4.6600,4.6800,4.5800,4.5800,8090334,37441522.0000,3
2020-08-12,20200812103000000,sh.600011,4.5800,4.6500,4.5500,4.6100,10265830,47296752.0000,3
2020-08-12,20200812113000000,sh.600011,4.6000,4.6400,4.5900,4.5900,3958500,18255130.0000,3
2020-08-12,20200812140000000,sh.600011,4.5900,4.6500,4.5600,4.6500,5846479,26935544.0000,3
2020-08-12,20200812150000000,sh.600011,4.6400,4.7600,4.6400,4.7400,21999207,103747119.0000,3
2020-08-13,20200813103000000,sh.600011,4.7300,4.8300,4.7300,4.8100,17182712,82260715.0000,3
2020-08-13,20200813113000000,sh.600011,4.8100,4.8300,4.7900,4.8000,5783600,27837438.0000,3
2020-08-13,20200813140000000,sh.600011,4.8000,4.8600,4.8000,4.8400,11718338,56645054.0000,3
2020-08-13,20200813150000000,sh.600011,4.8400,4.8800,4.8000,4.8100,14070975,68112492.0000,3
2020-08-14,20200814103000000,sh.600011,4.8200,4.8600,4.8100,4.8300,10706873,51799057.0000,3
2020-08-14,20200814113000000,sh.600011,4.8300,4.8500,4.7800,4.8300,7391702,35574401.0000,3
2020-08-14,20200814140000000,sh.600011,4.8400,4.8500,4.8100,4.8200,4294700,20749261.0000,3
2020-08-14,20200814150000000,sh.600011,4.8200,4.8500,4.8200,4.8300,7758510,37525596.0000,3
2020-08-17,20200817103000000,sh.600011,4.8500,4.9500,4.8500,4.9300,13145784,64422405.0000,3
2020-08-17,20200817113000000,sh.600011,4.9400,5.0000,4.9300,4.9900,11556092,57469092.0000,3
2020-08-17,20200817140000000,sh.600011,4.9800,5.0300,4.9800,5.0100,13414391,67183200.0000,3
2020-08-17,20200817150000000,sh.600011,5.0100,5.0200,4.9800,5.0100,9849757,49272830.0000,3
2020-08-18,20200818103000000,sh.600011,5.0200,5.1500,5.0100,5.0600,24723224,125791724.0000,3
2020-08-18,20200818113000000,sh.600011,5.0500,5.0700,5.0400,5.0700,6186811,31264307.0000,3
2020-08-18,20200818140000000,sh.600011,5.0700,5.0900,5.0400,5.0700,7459557,37790624.0000,3
2020-08-18,20200818150000000,sh.600011,5.0800,5.0900,5.0500,5.0800,8322243,42200047.0000,3
2020-08-19,20200819103000000,sh.600011,5.2700,5.5900,5.2200,5.5900,98418202,537438992.0000,3
2020-08-19,20200819113000000,sh.600011,5.5900,5.5900,5.5900,5.5900,2766100,15462496.0000,3
2020-08-19,20200819140000000,sh.600011,5.5900,5.5900,5.5900,5.5900,1914661,10702960.0000,3
2020-08-19,20200819150000000,sh.600011,5.5900,5.5900,5.5900,5.5900,3472171,19409440.0000,3
2020-08-20,20200820103000000,sh.600011,5.8800,6.1500,5.7100,5.8600,194767681,1164706064.0000,3
2020-08-20,20200820113000000,sh.600011,5.8600,6.0900,5.8000,6.0700,24645664,146412576.0000,3
2020-08-20,20200820140000000,sh.600011,6.0900,6.1500,6.0200,6.1300,29993721,182903216.0000,3
2020-08-20,20200820150000000,sh.600011,6.1300,6.1500,5.8000,5.9000,35872454,213625824.0000,3
2020-08-21,20200821103000000,sh.600011,5.7600,6.0000,5.6200,5.8100,82601995,477411760.0000,3
2020-08-21,20200821113000000,sh.600011,5.8100,6.2500,5.7800,6.1000,65091336,395729200.0000,3
2020-08-21,20200821140000000,sh.600011,6.1000,6.1800,6.0800,6.1500,20428906,125262064.0000,3
2020-08-21,20200821150000000,sh.600011,6.1400,6.2500,6.0900,6.2000,41139451,254037568.0000,3
2020-08-24,20200824103000000,sh.600011,6.1000,6.1600,5.7800,5.9000,59863200,356789296.0000,3
2020-08-24,20200824113000000,sh.600011,5.8900,6.0300,5.8100,5.9500,21769647,128157920.0000,3
2020-08-24,20200824140000000,sh.600011,5.9500,6.0300,5.9300,6.0100,15738461,94205248.0000,3
2020-08-24,20200824150000000,sh.600011,6.0100,6.0200,5.8800,5.9900,26067574,155276544.0000,3
2020-08-25,20200825103000000,sh.600011,5.8500,5.8700,5.6900,5.7200,44145847,254082324.0000,3
2020-08-25,20200825113000000,sh.600011,5.7100,5.7500,5.5700,5.5900,32362733,182844716.0000,3
2020-08-25,20200825140000000,sh.600011,5.5900,5.6800,5.5900,5.6500,8003729,45085104.0000,3
2020-08-25,20200825150000000,sh.600011,5.6600,5.7100,5.5800,5.6000,18499650,104140256.0000,3
2020-08-26,20200826103000000,sh.600011,5.6000,5.7600,5.4800,5.6200,35607958,200170690.0000,3
2020-08-26,20200826113000000,sh.600011,5.6100,5.6400,5.5100,5.5600,12027053,67117893.0000,3
2020-08-26,20200826140000000,sh.600011,5.5500,5.6100,5.4700,5.5000,11287799,62492345.0000,3
2020-08-26,20200826150000000,sh.600011,5.4900,5.6500,5.4800,5.6500,14910012,82853280.0000,3
2020-08-27,20200827103000000,sh.600011,5.5800,5.6100,5.3100,5.3900,36056742,195091070.0000,3
2020-08-27,20200827113000000,sh.600011,5.3800,5.4100,5.3500,5.3700,9222775,49608367.0000,3
2020-08-27,20200827140000000,sh.600011,5.3800,5.5000,5.3700,5.4600,9317400,50726803.0000,3
2020-08-27,20200827150000000,sh.600011,5.4600,5.5200,5.4200,5.4300,10704897,58463344.0000,3
2020-08-28,20200828103000000,sh.600011,5.4400,5.5200,5.3300,5.4500,18525467,100992359.0000,3
2020-08-28,20200828113000000,sh.600011,5.4500,5.5000,5.4400,5.4800,4892301,26801241.0000,3
2020-08-28,20200828140000000,sh.600011,5.4800,5.4900,5.4400,5.4800,5992231,32744711.0000,3
2020-08-28,20200828150000000,sh.600011,5.4800,5.6200,5.4800,5.5700,20879451,116153545.0000,3
2020-08-31,20200831103000000,sh.600011,5.5500,5.6300,5.5000,5.5800,16836160,93515107.0000,3
2020-08-31,20200831113000000,sh.600011,5.5800,5.6300,5.5500,5.5900,6782215,37893782.0000,3
2020-08-31,20200831140000000,sh.600011,5.6000,5.6100,5.5500,5.5600,4949507,27633063.0000,3
2020-08-31,20200831150000000,sh.600011,5.5600,5.5800,5.5000,5.5100,9427600,52175386.0000,3
2020-09-01,20200901103000000,sh.600011,5.5300,5.5900,5.4400,5.5100,9308304,51363764.0000,3
2020-09-01,20200901113000000,sh.600011,5.5100,5.6800,5.5000,5.6300,20108809,112648951.0000,3
2020-09-01,20200901140000000,sh.600011,5.6200,5.7400,5.6100,5.6900,20028525,113671109.0000,3
2020-09-01,20200901150000000,sh.600011,5.6900,5.8600,5.6500,5.8500,29551943,170913568.0000,3
2020-09-02,20200902103000000,sh.600011,5.7900,5.8200,5.6500,5.7200,18074718,103569227.0000,3
2020-09-02,20200902113000000,sh.600011,5.7100,5.8500,5.6800,5.8200,10061654,57774855.0000,3
2020-09-02,20200902140000000,sh.600011,5.8100,5.8200,5.7400,5.7800,5809694,33638961.0000,3
2020-09-02,20200902150000000,sh.600011,5.7800,5.8300,5.7600,5.7800,6931140,40147301.0000,3
2020-09-03,20200903103000000,sh.600011,5.7900,5.8400,5.6400,5.6800,20673718,118495403.0000,3
2020-09-03,20200903113000000,sh.600011,5.6900,5.7400,5.5900,5.6200,8608555,48684782.0000,3
2020-09-03,20200903140000000,sh.600011,5.6200,5.7700,5.5500,5.7500,6454691,36608047.0000,3
2020-09-03,20200903150000000,sh.600011,5.7500,5.8100,5.6800,5.7000,9210610,53002124.0000,3
2020-09-04,20200904103000000,sh.600011,5.6000,5.8200,5.5600,5.7400,12046707,68693794.0000,3
2020-09-04,20200904113000000,sh.600011,5.7300,5.7400,5.6500,5.6600,2401891,13665027.0000,3
2020-09-04,20200904140000000,sh.600011,5.6700,5.6800,5.5800,5.5900,8728700,48978342.0000,3
2020-09-04,20200904150000000,sh.600011,5.5900,5.6100,5.5100,5.5400,15286000,84910335.0000,3
2020-09-07,20200907103000000,sh.600011,5.5600,5.6000,5.4800,5.5700,9751900,54199944.0000,3
2020-09-07,20200907113000000,sh.600011,5.5700,5.5700,5.5000,5.5400,5965800,33036997.0000,3
2020-09-07,20200907140000000,sh.600011,5.5400,5.5500,5.4600,5.4800,5490285,30173370.0000,3
2020-09-07,20200907150000000,sh.600011,5.5000,5.5300,5.4100,5.4500,7492500,40914664.0000,3
2020-09-08,20200908103000000,sh.600011,5.4500,5.5700,5.4000,5.5500,7979036,43890191.0000,3
2020-09-08,20200908113000000,sh.600011,5.5600,5.7700,5.5400,5.6900,14813669,83597254.0000,3
2020-09-08,20200908140000000,sh.600011,5.6900,5.7000,5.5000,5.6400,7765542,43632814.0000,3
2020-09-08,20200908150000000,sh.600011,5.6400,5.6800,5.6300,5.6600,7954248,45002518.0000,3
2020-09-09,20200909103000000,sh.600011,5.6000,5.7400,5.5800,5.6600,10227937,58139735.0000,3
2020-09-09,20200909113000000,sh.600011,5.6600,5.6900,5.6100,5.6900,4228504,23867204.0000,3
2020-09-09,20200909140000000,sh.600011,5.6900,5.7400,5.6700,5.7200,5789587,33079899.0000,3
2020-09-09,20200909150000000,sh.600011,5.7300,5.7600,5.6800,5.6900,7991356,45774765.0000,3
2020-09-10,20200910103000000,sh.600011,5.7000,5.7600,5.6400,5.7300,8594046,49019274.0000,3
2020-09-10,20200910113000000,sh.600011,5.7300,5.8800,5.7300,5.8300,10423146,60668251.0000,3
2020-09-10,20200910140000000,sh.600011,5.8300,5.9500,5.7800,5.9000,13370790,78550444.0000,3
2020-09-10,20200910150000000,sh.600011,5.9100,5.9600,5.8500,5.8800,14916338,88074447.0000,3
2020-09-11,20200911103000000,sh.600011,5.8500,5.8600,5.6300,5.7000,13928119,79651482.0000,3
2020-09-11,20200911113000000,sh.600011,5.6900,5.7500,5.6500,5.7300,4170000,23730603.0000,3
2020-09-11,20200911140000000,sh.600011,5.7300,5.7800,5.7200,5.7600,3402585,19576136.0000,3
2020-09-11,20200911150000000,sh.600011,5.7700,5.8500,5.7300,5.8300,9704759,56069075.0000,3
2020-09-14,20200914103000000,sh.600011,5.7700,5.8400,5.7100,5.8100,16606101,95902903.0000,3
2020-09-14,20200914113000000,sh.600011,5.8100,5.8100,5.7200,5.7700,4378694,25252213.0000,3
2020-09-14,20200914140000000,sh.600011,5.7700,5.8900,5.7500,5.8900,6012900,34950094.0000,3
2020-09-14,20200914150000000,sh.600011,5.8900,5.8900,5.8000,5.8500,9635357,56325735.0000,3
2020-09-15,20200915103000000,sh.600011,5.8700,5.8700,5.7400,5.7700,5890619,34023552.0000,3
2020-09-15,20200915113000000,sh.600011,5.7700,5.7800,5.7200,5.7500,4749000,27294421.0000,3
2020-09-15,20200915140000000,sh.600011,5.7500,5.7600,5.7100,5.7200,4571400,26198755.0000,3
2020-09-15,20200915150000000,sh.600011,5.7200,5.7400,5.6800,5.7300,5939135,33949083.0000,3
2020-09-16,20200916103000000,sh.600011,5.7000,5.7500,5.6300,5.6900,7513026,42634664.0000,3
2020-09-16,20200916113000000,sh.600011,5.6900,5.7400,5.6800,5.7200,2628269,15016195.0000,3
2020-09-16,20200916140000000,sh.600011,5.7100,5.7500,5.6700,5.6700,2138453,12227863.0000,3
2020-09-16,20200916150000000,sh.600011,5.6700,5.7300,5.6600,5.7200,4748900,27068478.0000,3
2020-09-17,20200917103000000,sh.600011,5.7200,5.7200,5.6400,5.7000,3167133,18003266.0000,3
2020-09-17,20200917113000000,sh.600011,5.7000,5.7200,5.6300,5.6500,2120800,12023145.0000,3
2020-09-17,20200917140000000,sh.600011,5.6300,5.6600,5.6300,5.6500,2447049,13824269.0000,3
2020-09-17,20200917150000000,sh.600011,5.6500,5.6700,5.5700,5.5900,6436700,36168790.0000,3
2020-09-18,20200918103000000,sh.600011,5.6500,5.6800,5.5900,5.6500,5720601,32267388.0000,3
2020-09-18,20200918113000000,sh.600011,5.6500,5.6700,5.6100,5.6600,2635703,14884882.0000,3
2020-09-18,20200918140000000,sh.600011,5.6500,5.7400,5.6400,5.7100,5406347,30828353.0000,3
2020-09-18,20200918150000000,sh.600011,5.7000,5.8000,5.6900,5.8000,7632634,44043470.0000,3
2020-09-21,20200921103000000,sh.600011,5.7700,5.8200,5.6300,5.6400,8638780,49230536.0000,3
2020-09-21,20200921113000000,sh.600011,5.6400,5.6600,5.6100,5.6200,5841585,32897862.0000,3
2020-09-21,20200921140000000,sh.600011,5.6200,5.6400,5.5500,5.5700,6974794,39027916.0000,3
2020-09-21,20200921150000000,sh.600011,5.5800,5.6000,5.5500,5.5900,8757641,48779830.0000,3
2020-09-22,20200922103000000,sh.600011,5.5600,5.5900,5.5000,5.5300,5056399,27974437.0000,3
2020-09-22,20200922113000000,sh.600011,5.5300,5.5700,5.5200,5.5700,1618000,8963770.0000,3
2020-09-22,20200922140000000,sh.600011,5.5700,5.5700,5.5100,5.5300,1793761,9915169.0000,3
2020-09-22,20200922150000000,sh.600011,5.5300,5.5300,5.4800,5.5200,5127531,28210106.0000,3
2020-09-23,20200923103000000,sh.600011,5.5000,5.5400,5.4800,5.5000,2479700,13654308.0000,3
2020-09-23,20200923113000000,sh.600011,5.4900,5.5000,5.4600,5.4900,2524501,13828858.0000,3
2020-09-23,20200923140000000,sh.600011,5.4900,5.5000,5.4600,5.4800,2402600,13166634.0000,3
2020-09-23,20200923150000000,sh.600011,5.4900,5.4900,5.4400,5.4600,5823937,31808630.0000,3
2020-09-24,20200924103000000,sh.600011,5.4400,5.4900,5.3400,5.3400,6722400,36257676.0000,3
2020-09-24,20200924113000000,sh.600011,5.3400,5.3500,5.2900,5.3200,5159016,27445998.0000,3
2020-09-24,20200924140000000,sh.600011,5.3200,5.3500,5.3000,5.3400,2569900,13670941.0000,3
2020-09-24,20200924150000000,sh.600011,5.3400,5.3500,5.3200,5.3500,2763668,14750041.0000,3
2020-09-25,20200925103000000,sh.600011,5.3600,5.3900,5.3100,5.3400,2882078,15428357.0000,3
2020-09-25,20200925113000000,sh.600011,5.3500,5.3700,5.3100,5.3700,1713482,9138124.0000,3
2020-09-25,20200925140000000,sh.600011,5.3700,5.4500,5.3600,5.4500,4471850,24221416.0000,3
2020-09-25,20200925150000000,sh.600011,5.4500,5.4800,5.4300,5.4600,4990475,27200833.0000,3
2020-09-28,20200928103000000,sh.600011,5.4600,5.4900,5.4300,5.4600,3244129,17711129.0000,3
2020-09-28,20200928113000000,sh.600011,5.4600,5.4800,5.4000,5.4100,1778570,9678898.0000,3
2020-09-28,20200928140000000,sh.600011,5.4100,5.4500,5.3900,5.4000,1589790,8608159.0000,3
2020-09-28,20200928150000000,sh.600011,5.4100,5.4200,5.3800,5.3900,1947500,10514835.0000,3
2020-09-29,20200929103000000,sh.600011,5.4200,5.4200,5.3200,5.3500,5879690,31478785.0000,3
2020-09-29,20200929113000000,sh.600011,5.3600,5.3700,5.3300,5.3400,2599282,13879982.0000,3
2020-09-29,20200929140000000,sh.600011,5.3400,5.3500,5.2800,5.3000,4014082,21279415.0000,3
2020-09-29,20200929150000000,sh.600011,5.3000,5.3400,5.2800,5.3000,5464236,29000988.0000,3
2020-09-30,20200930103000000,sh.600011,5.2700,5.4800,5.2700,5.4800,7830696,42416166.0000,3
2020-09-30,20200930113000000,sh.600011,5.4800,5.4800,5.4200,5.4300,2406381,13129684.0000,3
2020-09-30,20200930140000000,sh.600011,5.4400,5.4400,5.3300,5.3500,3803522,20411156.0000,3
2020-09-30,20200930150000000,sh.600011,5.3500,5.4100,5.3200,5.4100,4261458,22905318.0000,3
2020-10-09,20201009103000000,sh.600011,5.4100,5.5600,5.3900,5.5200,7432433,40734837.0000,3
2020-10-09,20201009113000000,sh.600011,5.5200,5.5600,5.4600,5.4700,3207596,17701094.0000,3
2020-10-09,20201009140000000,sh.600011,5.4700,5.4900,5.4100,5.4200,3433510,18659855.0000,3
2020-10-09,20201009150000000,sh.600011,5.4200,5.4300,5.3900,5.4100,5356601,28984937.0000,3
2020-10-12,20201012103000000,sh.600011,5.4400,5.4800,5.3700,5.4200,7423031,40282702.0000,3
2020-10-12,20201012113000000,sh.600011,5.4200,5.5300,5.4100,5.5000,4773000,26177681.0000,3
2020-10-12,20201012140000000,sh.600011,5.5000,5.5100,5.4700,5.5000,3566040,19596184.0000,3
2020-10-12,20201012150000000,sh.600011,5.5000,5.5100,5.4700,5.5000,4070798,22363826.0000,3
2020-10-13,20201013103000000,sh.600011,5.4900,5.5000,5.3000,5.3400,9735205,52184022.0000,3
2020-10-13,20201013113000000,sh.600011,5.3400,5.3700,5.2900,5.3700,5431379,28904932.0000,3
2020-10-13,20201013140000000,sh.600011,5.3700,5.4400,5.3400,5.4100,7955075,42973326.0000,3
2020-10-13,20201013150000000,sh.600011,5.4300,5.4700,5.3800,5.4300,5509414,29866068.0000,3
2020-10-14,20201014103000000,sh.600011,5.4100,5.4100,5.2900,5.3200,12346605,65585953.0000,3
2020-10-14,20201014113000000,sh.600011,5.3100,5.3200,5.2400,5.2700,7198900,37972029.0000,3
2020-10-14,20201014140000000,sh.600011,5.2700,5.3000,5.2500,5.3000,4030447,21250450.0000,3
2020-10-14,20201014150000000,sh.600011,5.2900,5.3000,5.2200,5.2400,8252818,43375637.0000,3
2020-10-15,20201015103000000,sh.600011,5.2700,5.2800,5.1400,5.2200,9157475,47619977.0000,3
2020-10-15,20201015113000000,sh.600011,5.2200,5.2300,5.1500,5.1700,5980010,30949187.0000,3
2020-10-15,20201015140000000,sh.600011,5.1700,5.1800,5.1400,5.1600,6690054,34514915.0000,3
2020-10-15,20201015150000000,sh.600011,5.1700,5.2300,5.1500,5.1800,6796435,35226965.0000,3
2020-10-16,20201016103000000,sh.600011,5.1800,5.2900,5.1400,5.2800,5845132,30566452.0000,3
2020-10-16,20201016113000000,sh.600011,5.2800,5.3700,5.2600,5.2800,7798105,41447728.0000,3
2020-10-16,20201016140000000,sh.600011,5.3000,5.3300,5.2600,5.2800,2967009,15728128.0000,3
2020-10-16,20201016150000000,sh.600011,5.2900,5.3000,5.2500,5.2800,5663448,29863750.0000,3
2020-10-19,20201019103000000,sh.600011,5.2600,5.3200,5.2400,5.2500,5992868,31632927.0000,3
2020-10-19,20201019113000000,sh.600011,5.2500,5.2600,5.2000,5.2100,4723954,24700207.0000,3
2020-10-19,20201019140000000,sh.600011,5.2200,5.2400,5.1600,5.1900,5414100,28099865.0000,3
2020-10-19,20201019150000000,sh.600011,5.1900,5.1900,5.1300,5.1700,6362511,32811213.0000,3
2020-10-20,20201020103000000,sh.600011,5.1500,5.2800,5.1500,5.2400,7525550,39426346.0000,3
2020-10-20,20201020113000000,sh.600011,5.2400,5.2700,5.2300,5.2500,3241940,17024388.0000,3
2020-10-20,20201020140000000,sh.600011,5.2500,5.2600,5.2200,5.2400,2021585,10596062.0000,3
2020-10-20,20201020150000000,sh.600011,5.2500,5.2600,5.2100,5.2300,5318619,27821226.0000,3
2020-10-21,20201021103000000,sh.600011,5.2200,5.2600,5.1400,5.1600,5886103,30520259.0000,3
2020-10-21,20201021113000000,sh.600011,5.1700,5.1700,5.1400,5.1700,2285193,11777686.0000,3
2020-10-21,20201021140000000,sh.600011,5.1700,5.1700,5.1400,5.1500,2756599,14198902.0000,3
2020-10-21,20201021150000000,sh.600011,5.1500,5.1700,5.1300,5.1400,5010713,25799354.0000,3
2020-10-22,20201022103000000,sh.600011,5.1300,5.1600,5.0800,5.0900,5276176,26960669.0000,3
2020-10-22,20201022113000000,sh.600011,5.0900,5.1000,5.0500,5.0600,4182908,21210867.0000,3
2020-10-22,20201022140000000,sh.600011,5.0600,5.0700,5.0300,5.0300,5151592,25996973.0000,3
2020-10-22,20201022150000000,sh.600011,5.0300,5.0500,5.0100,5.0200,8285464,41629677.0000,3
2020-10-23,20201023103000000,sh.600011,5.0400,5.0500,4.9900,5.0200,6058488,30369316.0000,3
2020-10-23,20201023113000000,sh.600011,5.0200,5.0300,4.9800,4.9900,2677130,13365876.0000,3
2020-10-23,20201023140000000,sh.600011,5.0000,5.0200,4.9900,5.0000,2382301,11931206.0000,3
2020-10-23,20201023150000000,sh.600011,5.0000,5.0200,4.9500,4.9600,3641299,18133613.0000,3
2020-10-26,20201026103000000,sh.600011,5.0000,5.0300,4.9500,5.0100,7643111,38115425.0000,3
2020-10-26,20201026113000000,sh.600011,4.9900,5.0100,4.9500,5.0100,5465400,27204549.0000,3
2020-10-26,20201026140000000,sh.600011,5.0100,5.2000,5.0000,5.1700,16680105,85626551.0000,3
2020-10-26,20201026150000000,sh.600011,5.1700,5.2800,5.1500,5.2500,18587200,96764752.0000,3
2020-10-27,20201027103000000,sh.600011,5.2100,5.2200,5.0200,5.1700,18071328,92528682.0000,3
2020-10-27,20201027113000000,sh.600011,5.1600,5.2200,5.1000,5.1200,6835729,35317636.0000,3
2020-10-27,20201027140000000,sh.600011,5.1200,5.1500,5.0800,5.1000,3927398,20067218.0000,3
2020-10-27,20201027150000000,sh.600011,5.0900,5.1000,5.0400,5.0800,6554674,33218365.0000,3
2020-10-28,20201028103000000,sh.600011,5.1600,5.2000,4.9900,5.0200,15065855,76459470.0000,3
2020-10-28,20201028113000000,sh.600011,5.0100,5.0200,4.9700,4.9800,7390332,36875834.0000,3
2020-10-28,20201028140000000,sh.600011,4.9900,5.0600,4.9900,5.0100,7982100,40082731.0000,3
2020-10-28,20201028150000000,sh.600011,5.0100,5.0600,5.0000,5.0000,7973922,40050231.0000,3
2020-10-29,20201029103000000,sh.600011,5.0000,5.0900,4.9500,5.0000,10948125,54962836.0000,3
2020-10-29,20201029113000000,sh.600011,5.0200,5.0300,4.9900,5.0000,5441800,27233606.0000,3
2020-10-29,20201029140000000,sh.600011,5.0100,5.0100,4.9800,5.0000,6235493,31107664.0000,3
2020-10-29,20201029150000000,sh.600011,4.9800,5.0100,4.9800,4.9900,6198278,30949517.0000,3
2020-10-30,20201030103000000,sh.600011,4.9800,5.0300,4.9700,4.9900,5113921,25558278.0000,3
2020-10-30,20201030113000000,sh.600011,5.0000,5.0000,4.9600,4.9800,3835607,19092871.0000,3
2020-10-30,20201030140000000,sh.600011,4.9800,4.9900,4.9300,4.9400,4064899,20125612.0000,3
2020-10-30,20201030150000000,sh.600011,4.9300,4.9400,4.8600,4.8800,7904694,38646574.0000,3
2020-11-02,20201102103000000,sh.600011,4.8800,4.9000,4.7600,4.7800,10128500,48849219.0000,3
2020-11-02,20201102113000000,sh.600011,4.7800,4.8100,4.7300,4.7400,9504400,45299630.0000,3
2020-11-02,20201102140000000,sh.600011,4.7500,4.7600,4.6800,4.7100,15933080,75033542.0000,3
2020-11-02,20201102150000000,sh.600011,4.7100,4.7400,4.6800,4.7200,10843805,51039565.0000,3
2020-11-03,20201103103000000,sh.600011,4.7400,4.9800,4.7300,4.9700,14186874,68916663.0000,3
2020-11-03,20201103113000000,sh.600011,4.9700,5.0300,4.9500,4.9700,8733761,43607844.0000,3
2020-11-03,20201103140000000,sh.600011,4.9800,5.0200,4.9500,5.0000,7719347,38457331.0000,3
2020-11-03,20201103150000000,sh.600011,5.0100,5.0300,4.9900,4.9900,8988087,44999486.0000,3
2020-11-04,20201104103000000,sh.600011,4.9800,5.0200,4.8700,4.8900,7193455,35530312.0000,3
2020-11-04,20201104113000000,sh.600011,4.8900,4.9200,4.8700,4.8800,4483610,21911986.0000,3
2020-11-04,20201104140000000,sh.600011,4.8800,4.8800,4.8300,4.8500,4189682,20359566.0000,3
2020-11-04,20201104150000000,sh.600011,4.8500,4.8700,4.8400,4.8500,4776146,23158036.0000,3
2020-11-05,20201105103000000,sh.600011,4.8600,4.9400,4.8500,4.9000,6545542,32046757.0000,3
2020-11-05,20201105113000000,sh.600011,4.8900,5.0100,4.8900,4.9300,8029000,39724471.0000,3
2020-11-05,20201105140000000,sh.600011,4.9400,4.9400,4.9100,4.9300,2669810,13142016.0000,3
2020-11-05,20201105150000000,sh.600011,4.9400,4.9700,4.9100,4.9400,4212194,20808151.0000,3
2020-11-06,20201106103000000,sh.600011,4.9400,5.1300,4.9300,5.1200,13250561,66860165.0000,3
2020-11-06,20201106113000000,sh.600011,5.1200,5.2200,5.1200,5.1500,13371129,69124911.0000,3
2020-11-06,20201106140000000,sh.600011,5.1500,5.1800,5.1100,5.1200,4900100,25194208.0000,3
2020-11-06,20201106150000000,sh.600011,5.1200,5.1400,5.0900,5.1400,6519988,33364006.0000,3
2020-11-09,20201109103000000,sh.600011,5.1500,5.2400,5.1100,5.1300,13297004,68863408.0000,3
2020-11-09,20201109113000000,sh.600011,5.1200,5.1600,5.0900,5.1600,8125029,41542496.0000,3
2020-11-09,20201109140000000,sh.600011,5.1600,5.1600,5.0700,5.1300,8077416,41278680.0000,3
2020-11-09,20201109150000000,sh.600011,5.1300,5.1700,5.1100,5.1600,7713274,39691643.0000,3
2020-11-10,20201110103000000,sh.600011,5.1600,5.2500,5.1200,5.2000,13062277,67943540.0000,3
2020-11-10,20201110113000000,sh.600011,5.2000,5.2100,5.1600,5.2100,2788600,14461730.0000,3
2020-11-10,20201110140000000,sh.600011,5.2100,5.2100,5.1400,5.1400,2359800,12205719.0000,3
2020-11-10,20201110150000000,sh.600011,5.1400,5.1600,5.1200,5.1400,5355632,27526752.0000,3
2020-11-11,20201111103000000,sh.600011,5.1200,5.1700,5.0900,5.1600,7656751,39236802.0000,3
2020-11-11,20201111113000000,sh.600011,5.1500,5.2500,5.1300,5.2300,7237569,37624440.0000,3
2020-11-11,20201111140000000,sh.600011,5.2300,5.2400,5.1700,5.1900,5027004,26193768.0000,3
2020-11-11,20201111150000000,sh.600011,5.1900,5.2300,5.1700,5.2200,7404040,38511884.0000,3
2020-11-12,20201112103000000,sh.600011,5.1900,5.2000,5.0800,5.0800,8500300,43619797.0000,3
2020-11-12,20201112113000000,sh.600011,5.0900,5.1000,5.0400,5.0600,8743220,44357358.0000,3
2020-11-12,20201112140000000,sh.600011,5.0500,5.0700,5.0200,5.0400,5841139,29471685.0000,3
2020-11-12,20201112150000000,sh.600011,5.0400,5.0700,5.0300,5.0700,6314665,31837795.0000,3
2020-11-13,20201113103000000,sh.600011,5.0800,5.0800,4.9600,5.0100,8389301,41944188.0000,3
2020-11-13,20201113113000000,sh.600011,5.0200,5.0500,5.0000,5.0200,2060200,10346235.0000,3
2020-11-13,20201113140000000,sh.600011,5.0300,5.0300,4.9500,4.9600,3975110,19767065.0000,3
2020-11-13,20201113150000000,sh.600011,4.9600,5.0300,4.9500,5.0100,3165411,15817480.0000,3
2020-11-16,20201116103000000,sh.600011,5.0100,5.0700,4.9900,5.0200,5213600,26196276.0000,3
2020-11-16,20201116113000000,sh.600011,5.0100,5.0500,5.0000,5.0200,7210434,36190927.0000,3
2020-11-16,20201116140000000,sh.600011,5.0200,5.1100,5.0100,5.0400,9901550,49937357.0000,3
2020-11-16,20201116150000000,sh.600011,5.0400,5.0700,5.0100,5.0500,5771086,29103696.0000,3
2020-11-17,20201117103000000,sh.600011,5.0400,5.1400,5.0400,5.0800,12787114,65125167.0000,3
2020-11-17,20201117113000000,sh.600011,5.0800,5.1000,5.0500,5.0800,4160493,21092761.0000,3
2020-11-17,20201117140000000,sh.600011,5.0700,5.0900,5.0600,5.0800,3618900,18373696.0000,3
2020-11-17,20201117150000000,sh.600011,5.0900,5.1000,5.0600,5.0900,5635000,28620829.0000,3
2020-11-18,20201118103000000,sh.600011,5.0700,5.1400,5.0300,5.1000,9865433,50072406.0000,3
2020-11-18,20201118113000000,sh.600011,5.1000,5.1400,5.1000,5.1200,6230155,31950495.0000,3
2020-11-18,20201118140000000,sh.600011,5.1200,5.1500,5.0600,5.0700,8041022,41070450.0000,3
2020-11-18,20201118150000000,sh.600011,5.0700,5.1300,5.0600,5.1200,6564748,33440450.0000,3
2020-11-19,20201119103000000,sh.600011,5.1100,5.1100,5.0500,5.0700,4535700,23024482.0000,3
2020-11-19,20201119113000000,sh.600011,5.0600,5.0900,5.0500,5.0500,2921400,14800367.0000,3
2020-11-19,20201119140000000,sh.600011,5.0600,5.0800,5.0500,5.0600,3134700,15878456.0000,3
2020-11-19,20201119150000000,sh.600011,5.0600,5.0900,5.0500,5.0600,4467315,22628621.0000,3
2020-11-20,20201120103000000,sh.600011,5.0500,5.0700,5.0300,5.0500,3739900,18866635.0000,3
2020-11-20,20201120113000000,sh.600011,5.0500,5.0800,5.0400,5.0600,1978111,10007350.0000,3
2020-11-20,20201120140000000,sh.600011,5.0700,5.0800,5.0500,5.0700,1575100,7973640.0000,3
2020-11-20,20201120150000000,sh.600011,5.0700,5.1000,5.0600,5.0800,4670263,23712455.0000,3
2020-11-23,20201123103000000,sh.600011,5.0800,5.1100,5.0600,5.0700,6659438,33861910.0000,3
2020-11-23,20201123113000000,sh.600011,5.0700,5.1300,5.0500,5.1200,8660211,43992901.0000,3
2020-11-23,20201123140000000,sh.600011,5.1300,5.1600,5.1100,5.1400,7226400,37159826.0000,3
2020-11-23,20201123150000000,sh.600011,5.1400,5.1500,5.1100,5.1300,4892200,25097799.0000,3
2020-11-24,20201124103000000,sh.600011,5.1400,5.1400,5.0800,5.1100,5776600,29511324.0000,3
2020-11-24,20201124113000000,sh.600011,5.1100,5.1100,5.0800,5.1000,3769300,19205481.0000,3
2020-11-24,20201124140000000,sh.600011,5.1000,5.1000,5.0300,5.0400,11195800,56593805.0000,3
2020-11-24,20201124150000000,sh.600011,5.0400,5.0600,5.0200,5.0500,6633845,33458095.0000,3
2020-11-25,20201125103000000,sh.600011,5.0900,5.1700,5.0600,5.1400,15721800,80577259.0000,3
2020-11-25,20201125113000000,sh.600011,5.1400,5.1500,5.0800,5.0800,5909000,30237975.0000,3
2020-11-25,20201125140000000,sh.600011,5.0800,5.1000,5.0700,5.0800,3380224,17190331.0000,3
2020-11-25,20201125150000000,sh.600011,5.0800,5.0800,5.0500,5.0600,4364700,22108605.0000,3
2020-11-26,20201126103000000,sh.600011,5.0500,5.1800,5.0200,5.1300,17464043,89072446.0000,3
2020-11-26,20201126113000000,sh.600011,5.1300,5.1600,5.1200,5.1400,5782917,29749672.0000,3
2020-11-26,20201126140000000,sh.600011,5.1400,5.2700,5.1400,5.2400,23526899,122733683.0000,3
2020-11-26,20201126150000000,sh.600011,5.2400,5.2600,5.2100,5.2500,11942695,62599383.0000,3
2020-11-27,20201127103000000,sh.600011,5.2100,5.2500,5.0900,5.1000,22946750,117994552.0000,3
2020-11-27,20201127113000000,sh.600011,5.1000,5.1300,5.0800,5.0900,8558327,43690101.0000,3
2020-11-27,20201127140000000,sh.600011,5.1000,5.1400,5.1000,5.1200,5445000,27866675.0000,3
2020-11-27,20201127150000000,sh.600011,5.1100,5.1600,5.1000,5.1600,9091683,46674261.0000,3
2020-11-30,20201130103000000,sh.600011,5.1500,5.2600,5.1100,5.2500,18947351,98490814.0000,3
2020-11-30,20201130113000000,sh.600011,5.2500,5.2600,5.2200,5.2300,10050125,52609606.0000,3
2020-11-30,20201130140000000,sh.600011,5.2300,5.2500,5.1700,5.1700,8609700,44838488.0000,3
2020-11-30,20201130150000000,sh.600011,5.1800,5.1900,5.1400,5.1400,10985458,56746140.0000,3
2020-12-01,20201201103000000,sh.600011,5.1300,5.1400,5.0700,5.0800,12601103,64207829.0000,3
2020-12-01,20201201113000000,sh.600011,5.0800,5.1100,5.0700,5.0900,9831021,49998826.0000,3
2020-12-01,20201201140000000,sh.600011,5.1100,5.1100,5.0700,5.0700,12053400,61244808.0000,3
2020-12-01,20201201150000000,sh.600011,5.0700,5.1100,5.0700,5.1000,13385709,68067853.0000,3
2020-12-02,20201202103000000,sh.600011,5.0900,5.1000,5.0300,5.0600,14100700,71308193.0000,3
2020-12-02,20201202113000000,sh.600011,5.0600,5.0800,5.0500,5.0600,5761597,29155194.0000,3
2020-12-02,20201202140000000,sh.600011,5.0600,5.0700,5.0300,5.0400,8136440,41062101.0000,3
2020-12-02,20201202150000000,sh.600011,5.0400,5.0600,5.0400,5.0500,5649100,28514921.0000,3
2020-12-03,20201203103000000,sh.600011,5.0600,5.0600,4.9800,5.0000,15861465,79448063.0000,3
2020-12-03,20201203113000000,sh.600011,4.9900,5.0300,4.9800,5.0200,5197701,25977772.0000,3
2020-12-03,20201203140000000,sh.600011,5.0200,5.0200,4.9900,5.0000,5220200,26125340.0000,3
2020-12-03,20201203150000000,sh.600011,4.9900,5.0100,4.9800,5.0000,10094724,50364055.0000,3
2020-12-04,20201204103000000,sh.600011,5.0000,5.0000,4.9100,4.9200,11119663,54977848.0000,3
2020-12-04,20201204113000000,sh.600011,4.9300,4.9400,4.9100,4.9300,4245551,20907683.0000,3
2020-12-04,20201204140000000,sh.600011,4.9200,4.9500,4.9200,4.9400,5355511,26405413.0000,3
2020-12-04,20201204150000000,sh.600011,4.9400,4.9500,4.9200,4.9500,7552059,37231994.0000,3
2020-12-07,20201207103000000,sh.600011,4.9400,4.9500,4.8700,4.8800,13003283,63598757.0000,3
2020-12-07,20201207113000000,sh.600011,4.8900,4.8900,4.8400,4.8500,8083948,39305438.0000,3
2020-12-07,20201207140000000,sh.600011,4.8500,4.8800,4.8500,4.8600,4505833,21903609.0000,3
2020-12-07,20201207150000000,sh.600011,4.8600,4.8700,4.8400,4.8500,6409705,31117765.0000,3
2020-12-08,20201208103000000,sh.600011,4.8500,4.8800,4.8200,4.8300,6451100,31273451.0000,3
2020-12-08,20201208113000000,sh.600011,4.8400,4.8500,4.8200,4.8200,4507603,21766483.0000,3
2020-12-08,20201208140000000,sh.600011,4.8300,4.8500,4.8300,4.8500,3278800,15854936.0000,3
2020-12-08,20201208150000000,sh.600011,4.8400,4.8600,4.8300,4.8500,4493317,21749784.0000,3
2020-12-09,20201209103000000,sh.600011,4.8500,4.8600,4.8000,4.8100,7993600,38512603.0000,3
2020-12-09,20201209113000000,sh.600011,4.8100,4.8200,4.7900,4.8000,4560300,21894547.0000,3
2020-12-09,20201209140000000,sh.600011,4.8000,4.8100,4.7600,4.7700,5146020,24605861.0000,3
2020-12-09,20201209150000000,sh.600011,4.7600,4.7800,4.7400,4.7400,7491646,35661362.0000,3
2020-12-10,20201210103000000,sh.600011,4.8000,4.8000,4.7200,4.7400,6048300,28744690.0000,3
2020-12-10,20201210113000000,sh.600011,4.7400,4.7500,4.7200,4.7300,2964968,14041788.0000,3
2020-12-10,20201210140000000,sh.600011,4.7300,4.7500,4.7200,4.7200,3759599,17796163.0000,3
2020-12-10,20201210150000000,sh.600011,4.7200,4.7400,4.7200,4.7400,3753988,17754984.0000,3
2020-12-11,20201211103000000,sh.600011,4.7300,4.7400,4.6600,4.6600,8166300,38271200.0000,3
2020-12-11,20201211113000000,sh.600011,4.6600,4.6700,4.5700,4.5800,9523100,43963453.0000,3
2020-12-11,20201211140000000,sh.600011,4.5900,4.6100,4.5400,4.5900,10030903,45905935.0000,3
2020-12-11,20201211150000000,sh.600011,4.5900,4.6100,4.5500,4.5800,6605357,30283955.0000,3
2020-12-14,20201214103000000,sh.600011,4.5800,4.6500,4.5700,4.6000,8730977,40267326.0000,3
2020-12-14,20201214113000000,sh.600011,4.6100,4.6200,4.5900,4.5900,4471997,20602126.0000,3
2020-12-14,20201214140000000,sh.600011,4.6000,4.6100,4.5400,4.5400,7135343,32621212.0000,3
2020-12-14,20201214150000000,sh.600011,4.5500,4.5900,4.5400,4.5900,9513750,43401251.0000,3
2020-12-15,20201215103000000,sh.600011,4.5900,4.5900,4.4600,4.4800,14184600,63742400.0000,3
2020-12-15,20201215113000000,sh.600011,4.4800,4.4900,4.4600,4.4800,5669412,25347412.0000,3
2020-12-15,20201215140000000,sh.600011,4.4800,4.4800,4.4500,4.4600,10300992,45951395.0000,3
2020-12-15,20201215150000000,sh.600011,4.4600,4.4900,4.4500,4.4900,10499814,46869953.0000,3
2020-12-16,20201216103000000,sh.600011,4.4700,4.5000,4.4400,4.4600,9539700,42600804.0000,3
2020-12-16,20201216113000000,sh.600011,4.4600,4.4800,4.4500,4.4600,7191201,32065034.0000,3
2020-12-16,20201216140000000,sh.600011,4.4600,4.4600,4.4300,4.4400,7181600,31876812.0000,3
2020-12-16,20201216150000000,sh.600011,4.4400,4.4400,4.4100,4.4300,6933290,30663445.0000,3
2020-12-17,20201217103000000,sh.600011,4.4200,4.5300,4.4000,4.4900,15656247,70037762.0000,3
2020-12-17,20201217113000000,sh.600011,4.4900,4.5400,4.4800,4.5300,7793998,35176960.0000,3
2020-12-17,20201217140000000,sh.600011,4.5300,4.5500,4.5100,4.5200,7478050,33855824.0000,3
2020-12-17,20201217150000000,sh.600011,4.5100,4.5300,4.4900,4.5300,9733900,43936720.0000,3
2020-12-18,20201218103000000,sh.600011,4.5700,4.7700,4.5500,4.7300,33249608,155962960.0000,3
2020-12-18,20201218113000000,sh.600011,4.7400,4.8500,4.7300,4.7900,21277960,102035726.0000,3
2020-12-18,20201218140000000,sh.600011,4.8000,4.8100,4.7000,4.7200,10906050,51725314.0000,3
2020-12-18,20201218150000000,sh.600011,4.7300,4.7300,4.7100,4.7100,9402200,44352912.0000,3
2020-12-21,20201221103000000,sh.600011,4.6900,4.7400,4.6200,4.6600,17104481,79962362.0000,3
2020-12-21,20201221113000000,sh.600011,4.6700,4.7000,4.6600,4.6600,7543500,35278403.0000,3
2020-12-21,20201221140000000,sh.600011,4.6600,4.6800,4.6500,4.6600,6007850,28002973.0000,3
2020-12-21,20201221150000000,sh.600011,4.6500,4.6700,4.6400,4.6600,6927787,32240626.0000,3
2020-12-22,20201222103000000,sh.600011,4.6200,4.6400,4.5700,4.5800,12087400,55542464.0000,3
2020-12-22,20201222113000000,sh.600011,4.5800,4.6000,4.5700,4.5900,5568853,25525651.0000,3
2020-12-22,20201222140000000,sh.600011,4.6000,4.6000,4.5200,4.5200,10267687,46721391.0000,3
2020-12-22,20201222150000000,sh.600011,4.5200,4.5400,4.5000,4.5400,8958844,40439536.0000,3
2020-12-23,20201223103000000,sh.600011,4.5000,4.6100,4.4900,4.5600,11661000,53192438.0000,3
2020-12-23,20201223113000000,sh.600011,4.5700,4.5800,4.5400,4.5500,6340100,28885454.0000,3
2020-12-23,20201223140000000,sh.600011,4.5500,4.5500,4.5000,4.5200,4868800,22018608.0000,3
2020-12-23,20201223150000000,sh.600011,4.5100,4.6000,4.5000,4.5900,10319060,46930357.0000,3
2020-12-24,20201224103000000,sh.600011,4.6100,4.6400,4.5500,4.5700,15025669,69005722.0000,3
2020-12-24,20201224113000000,sh.600011,4.5700,4.6100,4.5600,4.6000,4614890,21156229.0000,3
2020-12-24,20201224140000000,sh.600011,4.6000,4.6100,4.5800,4.6000,6342200,29140653.0000,3
2020-12-24,20201224150000000,sh.600011,4.5900,4.6000,4.5600,4.5800,5202484,23846859.0000,3
2020-12-25,20201225103000000,sh.600011,4.5500,4.6900,4.5400,4.6300,12696944,58856353.0000,3
2020-12-25,20201225113000000,sh.600011,4.6300,4.7200,4.6200,4.7200,13955886,65377818.0000,3
2020-12-25,20201225140000000,sh.600011,4.7200,4.7600,4.7100,4.7100,11409063,53975405.0000,3
2020-12-25,20201225150000000,sh.600011,4.7100,4.7300,4.7000,4.7300,8240608,38850447.0000,3
2020-12-28,20201228103000000,sh.600011,4.7700,4.8400,4.7300,4.7500,30382205,145394521.0000,3
2020-12-28,20201228113000000,sh.600011,4.7400,4.7500,4.6500,4.7000,14734728,69243421.0000,3
2020-12-28,20201228140000000,sh.600011,4.6900,4.7100,4.6700,4.6700,5584900,26167182.0000,3
2020-12-28,20201228150000000,sh.600011,4.6800,4.7300,4.6400,4.7200,13059951,61002156.0000,3
2020-12-29,20201229103000000,sh.600011,4.7100,4.7100,4.5800,4.6000,19584700,90401771.0000,3
2020-12-29,20201229113000000,sh.600011,4.6100,4.6200,4.5900,4.6100,12619048,58155078.0000,3
2020-12-29,20201229140000000,sh.600011,4.6200,4.6200,4.5800,4.5900,12195100,56183179.0000,3
2020-12-29,20201229150000000,sh.600011,4.5800,4.6100,4.5700,4.5700,13880317,63589174.0000,3
2020-12-30,20201230103000000,sh.600011,4.6100,4.6500,4.5600,4.5700,13018301,59789871.0000,3
2020-12-30,20201230113000000,sh.600011,4.5800,4.6000,4.5700,4.5800,11527200,52778590.0000,3
2020-12-30,20201230140000000,sh.600011,4.5800,4.5900,4.5200,4.5500,10419800,47398699.0000,3
2020-12-30,20201230150000000,sh.600011,4.5500,4.5700,4.5200,4.5300,14755102,66897932.0000,3
2020-12-31,20201231103000000,sh.600011,4.5300,4.5600,4.5200,4.5300,20959055,95174435.0000,3
2020-12-31,20201231113000000,sh.600011,4.5400,4.5400,4.4700,4.4800,18470900,83237190.0000,3
2020-12-31,20201231140000000,sh.600011,4.4800,4.5000,4.4700,4.4800,11279930,50535287.0000,3
2020-12-31,20201231150000000,sh.600011,4.4800,4.5000,4.4700,4.4800,18718019,83890800.0000,3
