date,time,code,open,high,low,close,volume,amount,adjustflag
2020-01-02,20200102103000000,sh.600548,11.5200,11.6500,11.4500,11.6200,2804600,32467003.0000,3
2020-01-02,20200102113000000,sh.600548,11.6300,11.6400,11.5200,11.6200,2326235,26945696.0000,3
2020-01-02,20200102140000000,sh.600548,11.6200,11.6600,11.5900,11.6300,1566858,18222592.0000,3
2020-01-02,20200102150000000,sh.600548,11.6400,11.6900,11.6200,11.6700,1593100,18580411.0000,3
2020-01-03,20200103103000000,sh.600548,11.7100,11.7100,11.5600,11.5700,1331200,15472050.0000,3
2020-01-03,20200103113000000,sh.600548,11.5700,11.6300,11.5600,11.6200,832100,9646052.0000,3
2020-01-03,20200103140000000,sh.600548,11.6200,11.6400,11.5900,11.6100,687800,7987625.0000,3
2020-01-03,20200103150000000,sh.600548,11.6100,11.6500,11.6000,11.6300,1130000,13142909.0000,3
2020-01-06,20200106103000000,sh.600548,11.5700,11.6700,11.5100,11.6600,1249883,14519118.0000,3
2020-01-06,20200106113000000,sh.600548,11.6600,11.6600,11.5900,11.6100,675720,7857835.0000,3
2020-01-06,20200106140000000,sh.600548,11.6100,11.6300,11.4900,11.5100,1485500,17162594.0000,3
2020-01-06,20200106150000000,sh.600548,11.5100,11.5100,11.3400,11.4000,2345829,26789033.0000,3
2020-01-07,20200107103000000,sh.600548,11.4100,11.5300,11.4100,11.4800,843200,9683073.0000,3
2020-01-07,20200107113000000,sh.600548,11.4800,11.4900,11.4100,11.4800,551500,6322549.0000,3
2020-01-07,20200107140000000,sh.600548,11.4900,11.5400,11.4600,11.5200,576600,6636076.0000,3
2020-01-07,20200107150000000,sh.600548,11.5300,11.5600,11.5100,11.5600,962900,11106896.0000,3
2020-01-08,20200108103000000,sh.600548,11.6100,11.6100,11.3700,11.3800,1120300,12846626.0000,3
2020-01-08,20200108113000000,sh.600548,11.3800,11.3900,11.3000,11.3400,1836400,20824880.0000,3
2020-01-08,20200108140000000,sh.600548,11.3500,11.3800,11.1800,11.1800,1521400,17122894.0000,3
2020-01-08,20200108150000000,sh.600548,11.1800,11.2800,11.1600,11.2800,1655710,18555982.0000,3
2020-01-09,20200109103000000,sh.600548,11.2900,11.3700,11.2200,11.3600,1586600,17935722.0000,3
2020-01-09,20200109113000000,sh.600548,11.3600,11.3700,11.3500,11.3600,500900,5688268.0000,3
2020-01-09,20200109140000000,sh.600548,11.3500,11.3700,11.3100,11.3200,559900,6353445.0000,3
2020-01-09,20200109150000000,sh.600548,11.3200,11.3500,11.2800,11.3500,1074000,12143109.0000,3
2020-01-10,20200110103000000,sh.600548,11.3500,11.3700,11.2500,11.3100,982100,11104682.0000,3
2020-01-10,20200110113000000,sh.600548,11.3100,11.3400,11.2900,11.3000,466400,5272323.0000,3
2020-01-10,20200110140000000,sh.600548,11.3100,11.3500,11.2900,11.3300,472600,5348323.0000,3
2020-01-10,20200110150000000,sh.600548,11.3300,11.3500,11.2900,11.3200,1157400,13104681.0000,3
2020-01-13,20200113103000000,sh.600548,11.3200,11.3400,11.2000,11.3000,934460,10509932.0000,3
2020-01-13,20200113113000000,sh.600548,11.3000,11.3200,11.2700,11.2900,281200,3176646.0000,3
2020-01-13,20200113140000000,sh.600548,11.2800,11.2800,11.2200,11.2400,450700,5066547.0000,3
2020-01-13,20200113150000000,sh.600548,11.2400,11.3000,11.2300,11.2900,770800,8677291.0000,3
2020-01-14,20200114103000000,sh.600548,11.2800,11.3200,11.2100,11.2300,1260900,14181435.0000,3
2020-01-14,20200114113000000,sh.600548,11.2300,11.2400,11.2100,11.2400,838781,9417309.0000,3
2020-01-14,20200114140000000,sh.600548,11.2300,11.2300,11.1800,11.1800,1120600,12548122.0000,3
2020-01-14,20200114150000000,sh.600548,11.1900,11.2000,11.1800,11.2000,916501,10257040.0000,3
2020-01-15,20200115103000000,sh.600548,11.2000,11.2100,11.1300,11.1500,1082400,12095311.0000,3
2020-01-15,20200115113000000,sh.600548,11.1500,11.1600,11.1200,11.1200,685300,7631684.0000,3
2020-01-15,20200115140000000,sh.600548,11.1200,11.3300,11.1100,11.1500,2666600,29894487.0000,3
2020-01-15,20200115150000000,sh.600548,11.1500,11.1800,11.1300,11.1500,1271010,14177154.0000,3
2020-01-16,20200116103000000,sh.600548,11.1300,11.1800,11.0800,11.0900,1148700,12758674.0000,3
2020-01-16,20200116113000000,sh.600548,11.0900,11.1100,11.0800,11.0900,586400,6503069.0000,3
2020-01-16,20200116140000000,sh.600548,11.0900,11.0900,11.0100,11.0600,1058739,11688258.0000,3
2020-01-16,20200116150000000,sh.600548,11.0600,11.0900,11.0200,11.0200,643410,7108992.0000,3
2020-01-17,20200117103000000,sh.600548,11.0900,11.1500,10.9800,11.1400,1062800,11766902.0000,3
2020-01-17,20200117113000000,sh.600548,11.1400,11.2400,11.1400,11.1500,780500,8733286.0000,3
2020-01-17,20200117140000000,sh.600548,11.1500,11.1900,11.1400,11.1500,709600,7915726.0000,3
2020-01-17,20200117150000000,sh.600548,11.1500,11.2200,11.1500,11.2200,623609,6988398.0000,3
2020-01-20,20200120103000000,sh.600548,11.2200,11.2700,11.1300,11.1300,776900,8689720.0000,3
2020-01-20,20200120113000000,sh.600548,11.1300,11.2100,11.1300,11.1500,461100,5144178.0000,3
2020-01-20,20200120140000000,sh.600548,11.1700,11.2100,11.1500,11.2000,383000,4284585.0000,3
2020-01-20,20200120150000000,sh.600548,11.2000,11.2000,11.1400,11.1700,694468,7754863.0000,3
2020-01-21,20200121103000000,sh.600548,11.2000,11.2000,11.0200,11.0600,1005900,11129258.0000,3
2020-01-21,20200121113000000,sh.600548,11.0600,11.0600,11.0000,11.0300,486639,5361463.0000,3
2020-01-21,20200121140000000,sh.600548,11.0300,11.0400,10.8800,10.9200,1148744,12574239.0000,3
2020-01-21,20200121150000000,sh.600548,10.9200,10.9300,10.8200,10.9000,1038227,11295578.0000,3
2020-01-22,20200122103000000,sh.600548,10.8900,10.8900,10.5600,10.7700,1404000,14971284.0000,3
2020-01-22,20200122113000000,sh.600548,10.7700,10.7700,10.6600,10.7400,477307,5107363.0000,3
2020-01-22,20200122140000000,sh.600548,10.7200,10.8000,10.6900,10.7900,735244,7899984.0000,3
2020-01-22,20200122150000000,sh.600548,10.7800,10.8200,10.7300,10.7600,825548,8885764.0000,3
2020-01-23,20200123103000000,sh.600548,10.7100,10.7200,10.5000,10.5500,1408874,14858792.0000,3
2020-01-23,20200123113000000,sh.600548,10.5500,10.5500,10.3900,10.3900,1802426,18892283.0000,3
2020-01-23,20200123140000000,sh.600548,10.4000,10.4000,10.2500,10.3300,1790167,18447287.0000,3
2020-01-23,20200123150000000,sh.600548,10.3200,10.4800,10.3100,10.4300,1377086,14325857.0000,3
2020-02-03,20200203103000000,sh.600548,9.3900,9.9100,9.3900,9.7800,4338940,41209745.0000,3
2020-02-03,20200203113000000,sh.600548,9.7800,9.7800,9.4700,9.7600,1287692,12391401.0000,3
2020-02-03,20200203140000000,sh.600548,9.7700,9.7700,9.6500,9.6600,1029667,9981811.0000,3
2020-02-03,20200203150000000,sh.600548,9.6600,9.7300,9.6600,9.7000,2563419,24870727.0000,3
2020-02-04,20200204103000000,sh.600548,9.7000,10.0800,9.6800,10.0400,1825912,18140712.0000,3
2020-02-04,20200204113000000,sh.600548,10.0400,10.2300,10.0100,10.2000,1489277,15017365.0000,3
2020-02-04,20200204140000000,sh.600548,10.2000,10.3300,10.1300,10.3100,1441780,14725450.0000,3
2020-02-04,20200204150000000,sh.600548,10.3100,10.4700,10.3000,10.3600,1617584,16806398.0000,3
2020-02-05,20200205103000000,sh.600548,10.4700,10.5200,10.2100,10.5200,2181919,22674747.0000,3
2020-02-05,20200205113000000,sh.600548,10.5100,10.5600,10.4200,10.5100,1269300,13315685.0000,3
2020-02-05,20200205140000000,sh.600548,10.5000,10.5100,10.4000,10.4300,1044630,10909425.0000,3
2020-02-05,20200205150000000,sh.600548,10.4300,10.4400,10.3700,10.4400,1208694,12582744.0000,3
2020-02-06,20200206103000000,sh.600548,10.4400,10.5100,10.2300,10.4700,1568000,16334776.0000,3
2020-02-06,20200206113000000,sh.600548,10.4700,10.4800,10.3600,10.4100,1294000,13467592.0000,3
2020-02-06,20200206140000000,sh.600548,10.4000,10.4100,10.2900,10.3700,995754,10315961.0000,3
2020-02-06,20200206150000000,sh.600548,10.3800,10.3900,10.2600,10.3900,2140056,22108914.0000,3
2020-02-07,20200207103000000,sh.600548,10.2900,10.3500,10.1300,10.1400,1894297,19331063.0000,3
2020-02-07,20200207113000000,sh.600548,10.1300,10.1700,10.0100,10.0300,1478558,14939936.0000,3
2020-02-07,20200207140000000,sh.600548,10.0300,10.1300,10.0200,10.0900,1271100,12799204.0000,3
2020-02-07,20200207150000000,sh.600548,10.0900,10.1500,10.0600,10.1000,1215500,12271755.0000,3
2020-02-10,20200210103000000,sh.600548,10.0500,10.2200,10.0500,10.1600,1090919,11070795.0000,3
2020-02-10,20200210113000000,sh.600548,10.1600,10.2000,10.1100,10.1200,984100,9979822.0000,3
2020-02-10,20200210140000000,sh.600548,10.1500,10.1800,10.1200,10.1600,794800,8061759.0000,3
2020-02-10,20200210150000000,sh.600548,10.1600,10.3000,10.1600,10.2500,1220901,12478424.0000,3
2020-02-11,20200211103000000,sh.600548,10.2500,10.4200,10.2200,10.2900,1569700,16228096.0000,3
2020-02-11,20200211113000000,sh.600548,10.2900,10.3400,10.2100,10.2400,1194200,12251827.0000,3
2020-02-11,20200211140000000,sh.600548,10.2400,10.3100,10.2000,10.2500,899900,9228705.0000,3
2020-02-11,20200211150000000,sh.600548,10.2500,10.2900,10.2000,10.2200,824802,8432417.0000,3
2020-02-12,20200212103000000,sh.600548,10.2100,10.2400,10.1300,10.2000,565500,5767661.0000,3
2020-02-12,20200212113000000,sh.600548,10.2000,10.2300,10.1700,10.2300,237119,2416830.0000,3
2020-02-12,20200212140000000,sh.600548,10.2000,10.2500,10.1900,10.2400,980300,10016110.0000,3
2020-02-12,20200212150000000,sh.600548,10.2400,10.2600,10.2100,10.2400,1418900,14515124.0000,3
2020-02-13,20200213103000000,sh.600548,10.2300,10.2700,10.1500,10.1500,679300,6920764.0000,3
2020-02-13,20200213113000000,sh.600548,10.1500,10.1800,10.1100,10.1100,476400,4830470.0000,3
2020-02-13,20200213140000000,sh.600548,10.1100,10.1100,10.0500,10.0800,587700,5925252.0000,3
2020-02-13,20200213150000000,sh.600548,10.0800,10.1200,10.0800,10.0800,420500,4244418.0000,3
2020-02-14,20200214103000000,sh.600548,10.0500,10.1000,10.0200,10.0500,642924,6463502.0000,3
2020-02-14,20200214113000000,sh.600548,10.0500,10.0800,10.0400,10.0600,542100,5454532.0000,3
2020-02-14,20200214140000000,sh.600548,10.0600,10.1000,10.0300,10.0300,932000,9372716.0000,3
2020-02-14,20200214150000000,sh.600548,10.0300,10.0400,9.9900,10.0200,1233300,12345181.0000,3
2020-02-17,20200217103000000,sh.600548,9.8700,9.8700,9.5400,9.6200,10020536,96528470.0000,3
2020-02-17,20200217113000000,sh.600548,9.6200,9.7200,9.6200,9.7100,2895190,27988358.0000,3
2020-02-17,20200217140000000,sh.600548,9.7300,10.0100,9.7300,9.8800,2410327,23839018.0000,3
2020-02-17,20200217150000000,sh.600548,9.8800,10.0500,9.8800,10.0400,1641426,16381758.0000,3
2020-02-18,20200218103000000,sh.600548,9.9600,9.9600,9.7600,9.9100,6008510,59258472.0000,3
2020-02-18,20200218113000000,sh.600548,9.9100,9.9200,9.8300,9.8800,1441290,14244300.0000,3
2020-02-18,20200218140000000,sh.600548,9.8800,9.9300,9.8800,9.9200,849839,8414270.0000,3
2020-02-18,20200218150000000,sh.600548,9.9200,9.9500,9.9100,9.9400,1470027,14608495.0000,3
2020-02-19,20200219103000000,sh.600548,9.9300,9.9600,9.7800,9.9600,2975527,29338515.0000,3
2020-02-19,20200219113000000,sh.600548,9.9600,9.9600,9.9000,9.9100,978700,9721071.0000,3
2020-02-19,20200219140000000,sh.600548,9.9200,10.0700,9.9200,10.0700,2083748,20862563.0000,3
2020-02-19,20200219150000000,sh.600548,10.0700,10.0700,9.9900,10.0300,1699290,17017427.0000,3
2020-02-20,20200220103000000,sh.600548,10.0800,10.3100,10.0800,10.2200,3318052,33830459.0000,3
2020-02-20,20200220113000000,sh.600548,10.2100,10.2800,10.1700,10.2600,1818819,18598550.0000,3
2020-02-20,20200220140000000,sh.600548,10.2600,10.3000,10.2500,10.2600,1862875,19142304.0000,3
2020-02-20,20200220150000000,sh.600548,10.2700,10.3200,10.2600,10.3200,2201926,22653827.0000,3
2020-02-21,20200221103000000,sh.600548,10.3600,10.3600,10.1700,10.2200,3669666,37490624.0000,3
2020-02-21,20200221113000000,sh.600548,10.2200,10.2300,10.1700,10.1900,1302400,13272548.0000,3
2020-02-21,20200221140000000,sh.600548,10.1900,10.2300,10.1800,10.1800,1767327,18022041.0000,3
2020-02-21,20200221150000000,sh.600548,10.1800,10.2300,10.1700,10.2100,1524224,15533031.0000,3
2020-02-24,20200224103000000,sh.600548,10.0200,10.1100,9.9700,10.0000,4017495,40326608.0000,3
2020-02-24,20200224113000000,sh.600548,10.0000,10.0300,9.9900,10.0100,1237200,12377905.0000,3
2020-02-24,20200224140000000,sh.600548,10.0100,10.0300,10.0000,10.0100,1004000,10050297.0000,3
2020-02-24,20200224150000000,sh.600548,10.0100,10.0200,9.9900,10.0100,1438432,14386198.0000,3
2020-02-25,20200225103000000,sh.600548,9.9000,9.9800,9.8500,9.9500,2062416,20449152.0000,3
2020-02-25,20200225113000000,sh.600548,9.9500,9.9800,9.8600,9.9000,2131616,21114134.0000,3
2020-02-25,20200225140000000,sh.600548,9.9000,9.9700,9.8900,9.9400,1087255,10790276.0000,3
2020-02-25,20200225150000000,sh.600548,9.9400,9.9700,9.9100,9.9100,1225700,12173565.0000,3
2020-02-26,20200226103000000,sh.600548,9.8400,9.9800,9.8300,9.9500,2014000,19948504.0000,3
2020-02-26,20200226113000000,sh.600548,9.9500,10.0000,9.9000,9.9900,940922,9361028.0000,3
2020-02-26,20200226140000000,sh.600548,9.9900,10.0200,9.9500,9.9600,834800,8325910.0000,3
2020-02-26,20200226150000000,sh.600548,9.9600,9.9700,9.8900,9.9000,1185601,11764647.0000,3
2020-02-27,20200227103000000,sh.600548,9.9600,9.9700,9.8100,9.8700,1730700,17114006.0000,3
2020-02-27,20200227113000000,sh.600548,9.8700,9.8800,9.8300,9.8600,873670,8603536.0000,3
2020-02-27,20200227140000000,sh.600548,9.8600,9.9000,9.8400,9.8700,726700,7171740.0000,3
2020-02-27,20200227150000000,sh.600548,9.8700,9.8800,9.8300,9.8500,855800,8429797.0000,3
2020-02-28,20200228103000000,sh.600548,9.7500,9.7800,9.6500,9.6600,2480748,24124000.0000,3
2020-02-28,20200228113000000,sh.600548,9.6600,9.7000,9.5300,9.5700,2648500,25465392.0000,3
2020-02-28,20200228140000000,sh.600548,9.5600,9.6300,9.5200,9.5500,1971900,18870065.0000,3
2020-02-28,20200228150000000,sh.600548,9.5500,9.5900,9.5200,9.5200,1873200,17873124.0000,3
2020-03-02,20200302103000000,sh.600548,9.5500,9.7600,9.5500,9.7400,1311400,12638396.0000,3
2020-03-02,20200302113000000,sh.600548,9.7400,9.7800,9.6700,9.6800,712900,6925243.0000,3
2020-03-02,20200302140000000,sh.600548,9.6800,9.7600,9.6800,9.7300,1297000,12606457.0000,3
2020-03-02,20200302150000000,sh.600548,9.7300,9.8000,9.7200,9.7700,1679159,16398859.0000,3
2020-03-03,20200303103000000,sh.600548,9.8100,9.9700,9.7800,9.9500,3460420,34154333.0000,3
2020-03-03,20200303113000000,sh.600548,9.9600,9.9700,9.9300,9.9300,857300,8531436.0000,3
2020-03-03,20200303140000000,sh.600548,9.9300,9.9300,9.8500,9.8600,1014200,10016047.0000,3
2020-03-03,20200303150000000,sh.600548,9.8600,9.9000,9.8300,9.8600,1095551,10802876.0000,3
2020-03-04,20200304103000000,sh.600548,9.8000,9.9000,9.7800,9.8300,998700,9818971.0000,3
2020-03-04,20200304113000000,sh.600548,9.8300,9.8400,9.7900,9.8200,434300,4263480.0000,3
2020-03-04,20200304140000000,sh.600548,9.8200,9.8200,9.7000,9.7700,1356848,13251838.0000,3
2020-03-04,20200304150000000,sh.600548,9.7700,9.8700,9.7600,9.8600,884441,8696583.0000,3
2020-03-05,20200305103000000,sh.600548,9.9000,9.9500,9.9000,9.9100,1376797,13671158.0000,3
2020-03-05,20200305113000000,sh.600548,9.9100,10.0000,9.8700,10.0000,2574321,25579571.0000,3
2020-03-05,20200305140000000,sh.600548,10.0000,10.0300,9.9800,9.9800,2012848,20152095.0000,3
2020-03-05,20200305150000000,sh.600548,9.9800,10.0900,9.9800,10.0400,2090694,20956594.0000,3
2020-03-06,20200306103000000,sh.600548,9.9200,9.9700,9.8800,9.9100,2107990,20910616.0000,3
2020-03-06,20200306113000000,sh.600548,9.9100,9.9600,9.8800,9.9100,794100,7874888.0000,3
2020-03-06,20200306140000000,sh.600548,9.9300,9.9300,9.8200,9.8700,2320413,22879623.0000,3
2020-03-06,20200306150000000,sh.600548,9.8700,9.8900,9.8500,9.8800,1234915,12187525.0000,3
2020-03-09,20200309103000000,sh.600548,9.8500,9.8600,9.6500,9.7300,2235400,21720778.0000,3
2020-03-09,20200309113000000,sh.600548,9.7300,9.7600,9.6900,9.7600,842500,8190941.0000,3
2020-03-09,20200309140000000,sh.600548,9.7600,9.7600,9.6800,9.7100,1094689,10628802.0000,3
2020-03-09,20200309150000000,sh.600548,9.7100,9.7300,9.6700,9.6700,734100,7122211.0000,3
2020-03-10,20200310103000000,sh.600548,9.6600,9.7500,9.5900,9.6000,2371200,22902146.0000,3
2020-03-10,20200310113000000,sh.600548,9.6100,9.6600,9.5500,9.6500,1133100,10853615.0000,3
2020-03-10,20200310140000000,sh.600548,9.6600,9.7500,9.6600,9.7000,923100,8971262.0000,3
2020-03-10,20200310150000000,sh.600548,9.7000,9.7500,9.7000,9.7500,1109000,10797182.0000,3
2020-03-11,20200311103000000,sh.600548,9.7500,9.8200,9.7000,9.8200,2110500,20603944.0000,3
2020-03-11,20200311113000000,sh.600548,9.8200,9.8700,9.8000,9.8600,1071000,10533252.0000,3
2020-03-11,20200311140000000,sh.600548,9.8600,9.8600,9.7800,9.7800,572700,5621430.0000,3
2020-03-11,20200311150000000,sh.600548,9.7800,9.7900,9.6700,9.6800,1588801,15448136.0000,3
2020-03-12,20200312103000000,sh.600548,9.6400,9.6500,9.5500,9.5900,2130900,20428780.0000,3
2020-03-12,20200312113000000,sh.600548,9.5900,9.6300,9.5800,9.5900,500000,4798546.0000,3
2020-03-12,20200312140000000,sh.600548,9.5900,9.6200,9.5400,9.6100,1151100,11017353.0000,3
2020-03-12,20200312150000000,sh.600548,9.6100,9.6100,9.5500,9.5800,716400,6859791.0000,3
2020-03-13,20200313103000000,sh.600548,9.2800,9.3800,9.2200,9.3100,2892040,26894734.0000,3
2020-03-13,20200313113000000,sh.600548,9.3100,9.3300,9.2700,9.2700,835800,7772599.0000,3
2020-03-13,20200313140000000,sh.600548,9.2900,9.4400,9.2600,9.2700,2977727,27778565.0000,3
2020-03-13,20200313150000000,sh.600548,9.2700,9.3500,9.2300,9.2800,2503700,23208422.0000,3
2020-03-16,20200316103000000,sh.600548,9.3400,9.4100,9.2700,9.3700,2591500,24174219.0000,3
2020-03-16,20200316113000000,sh.600548,9.3700,9.4000,9.3100,9.4000,1140900,10672281.0000,3
2020-03-16,20200316140000000,sh.600548,9.3800,9.4000,9.3200,9.3500,1083400,10141033.0000,3
2020-03-16,20200316150000000,sh.600548,9.3300,9.3400,9.0900,9.1500,2115500,19492051.0000,3
2020-03-17,20200317103000000,sh.600548,9.1000,9.3100,8.9000,9.0400,3366542,30476338.0000,3
2020-03-17,20200317113000000,sh.600548,9.0400,9.1400,9.0000,9.1000,782982,7107387.0000,3
2020-03-17,20200317140000000,sh.600548,9.1000,9.1300,9.0000,9.0000,708500,6433120.0000,3
2020-03-17,20200317150000000,sh.600548,9.0700,9.0800,9.0000,9.0300,890200,8037278.0000,3
2020-03-18,20200318103000000,sh.600548,9.1200,9.1400,9.0500,9.0600,1100900,10004128.0000,3
2020-03-18,20200318113000000,sh.600548,9.0600,9.1100,9.0600,9.1000,611800,5556332.0000,3
2020-03-18,20200318140000000,sh.600548,9.1000,9.1100,8.9900,8.9900,1530400,13819710.0000,3
2020-03-18,20200318150000000,sh.600548,8.9900,9.0400,8.9000,8.9100,2334200,20880391.0000,3
2020-03-19,20200319103000000,sh.600548,8.9000,8.9500,8.6300,8.6300,4404105,38557304.0000,3
2020-03-19,20200319113000000,sh.600548,8.6300,8.6500,8.5100,8.5800,2329963,19952628.0000,3
2020-03-19,20200319140000000,sh.600548,8.5800,8.6200,8.5000,8.5800,1163304,9945472.0000,3
2020-03-19,20200319150000000,sh.600548,8.5800,8.6400,8.5100,8.5600,1253859,10752592.0000,3
2020-03-20,20200320103000000,sh.600548,8.5900,8.7600,8.5900,8.7200,2011700,17492403.0000,3
2020-03-20,20200320113000000,sh.600548,8.7200,8.7400,8.6300,8.6500,940010,8177171.0000,3
2020-03-20,20200320140000000,sh.600548,8.6500,8.6700,8.5900,8.6700,802203,6921993.0000,3
2020-03-20,20200320150000000,sh.600548,8.6700,8.8900,8.6500,8.8100,2974300,26168357.0000,3
2020-03-23,20200323103000000,sh.600548,8.6100,8.7000,8.5600,8.6000,2636500,22779267.0000,3
2020-03-23,20200323113000000,sh.600548,8.6000,8.7000,8.5800,8.7000,722900,6243697.0000,3
2020-03-23,20200323140000000,sh.600548,8.7000,8.7400,8.6300,8.6400,612927,5313307.0000,3
2020-03-23,20200323150000000,sh.600548,8.6400,8.6900,8.5600,8.5800,1165721,10057650.0000,3
2020-03-24,20200324103000000,sh.600548,8.7000,8.8700,8.6600,8.7600,1399400,12255711.0000,3
2020-03-24,20200324113000000,sh.600548,8.7700,8.8500,8.7300,8.7400,446600,3923022.0000,3
2020-03-24,20200324140000000,sh.600548,8.7500,8.7500,8.6500,8.7300,469300,4086027.0000,3
2020-03-24,20200324150000000,sh.600548,8.7400,8.8400,8.7400,8.8200,1174213,10334416.0000,3
2020-03-25,20200325103000000,sh.600548,8.9500,8.9800,8.8500,8.9000,1448827,12916333.0000,3
2020-03-25,20200325113000000,sh.600548,8.9000,8.9200,8.8800,8.8900,617500,5496773.0000,3
2020-03-25,20200325140000000,sh.600548,8.8900,8.9400,8.8600,8.9300,739700,6580151.0000,3
2020-03-25,20200325150000000,sh.600548,8.9300,8.9500,8.9200,8.9300,566500,5062005.0000,3
2020-03-26,20200326103000000,sh.600548,8.8700,8.8700,8.7900,8.8200,1158500,10226940.0000,3
2020-03-26,20200326113000000,sh.600548,8.8200,8.8500,8.8000,8.8300,904700,7978355.0000,3
2020-03-26,20200326140000000,sh.600548,8.8200,8.8300,8.8000,8.8000,283727,2500896.0000,3
2020-03-26,20200326150000000,sh.600548,8.8000,8.8100,8.7700,8.7700,422006,3709685.0000,3
2020-03-27,20200327103000000,sh.600548,8.8800,8.8800,8.7300,8.8000,962400,8465581.0000,3
2020-03-27,20200327113000000,sh.600548,8.8100,8.9000,8.7900,8.8900,1133388,10041981.0000,3
2020-03-27,20200327140000000,sh.600548,8.8900,8.9100,8.8000,8.8100,796300,7035606.0000,3
2020-03-27,20200327150000000,sh.600548,8.8100,8.8400,8.8000,8.8100,964800,8501680.0000,3
2020-03-30,20200330103000000,sh.600548,8.7400,8.7400,8.6000,8.6900,1415100,12243415.0000,3
2020-03-30,20200330113000000,sh.600548,8.6900,8.6900,8.5800,8.6000,725800,6257775.0000,3
2020-03-30,20200330140000000,sh.600548,8.6000,8.7000,8.6000,8.7000,471300,4083092.0000,3
2020-03-30,20200330150000000,sh.600548,8.6900,8.7100,8.6200,8.6300,423400,3664790.0000,3
2020-03-31,20200331103000000,sh.600548,8.7500,8.7500,8.6700,8.7000,504800,4390717.0000,3
2020-03-31,20200331113000000,sh.600548,8.7000,8.7100,8.6600,8.6800,476100,4134068.0000,3
2020-03-31,20200331140000000,sh.600548,8.6900,8.7100,8.6700,8.6700,360900,3136667.0000,3
2020-03-31,20200331150000000,sh.600548,8.6700,8.7100,8.6700,8.6800,428900,3723921.0000,3
2020-04-01,20200401103000000,sh.600548,8.6300,8.7000,8.6300,8.6800,480100,4159546.0000,3
2020-04-01,20200401113000000,sh.600548,8.6800,8.7200,8.6400,8.6500,729200,6328283.0000,3
2020-04-01,20200401140000000,sh.600548,8.6500,8.6800,8.6300,8.6500,601200,5201596.0000,3
2020-04-01,20200401150000000,sh.600548,8.6500,8.6800,8.6400,8.6700,620148,5374710.0000,3
2020-04-02,20200402103000000,sh.600548,8.6100,8.6900,8.6000,8.6200,560200,4839200.0000,3
2020-04-02,20200402113000000,sh.600548,8.6200,8.6700,8.6200,8.6600,225300,1950628.0000,3
2020-04-02,20200402140000000,sh.600548,8.6600,8.7000,8.6500,8.6600,493148,4276120.0000,3
2020-04-02,20200402150000000,sh.600548,8.6600,8.7400,8.6600,8.7300,871648,7589087.0000,3
2020-04-03,20200403103000000,sh.600548,8.7300,8.8200,8.7000,8.8100,823600,7224051.0000,3
2020-04-03,20200403113000000,sh.600548,8.8100,8.8100,8.7600,8.7800,669748,5887964.0000,3
2020-04-03,20200403140000000,sh.600548,8.7900,8.8000,8.7300,8.8000,523348,4590072.0000,3
2020-04-03,20200403150000000,sh.600548,8.8000,8.9100,8.7700,8.8800,2046292,18130621.0000,3
2020-04-07,20200407103000000,sh.600548,8.9100,8.9500,8.8500,8.8600,1884248,16760623.0000,3
2020-04-07,20200407113000000,sh.600548,8.8600,8.9300,8.8600,8.8900,812148,7231235.0000,3
2020-04-07,20200407140000000,sh.600548,8.9000,8.9400,8.8900,8.9300,587700,5239947.0000,3
2020-04-07,20200407150000000,sh.600548,8.9300,8.9600,8.9200,8.9500,1025900,9172422.0000,3
2020-04-08,20200408103000000,sh.600548,8.8800,8.8900,8.8300,8.8700,756800,6697423.0000,3
2020-04-08,20200408113000000,sh.600548,8.8700,8.9300,8.8700,8.9200,428551,3812615.0000,3
2020-04-08,20200408140000000,sh.600548,8.9300,8.9500,8.9100,8.9400,387100,3457147.0000,3
2020-04-08,20200408150000000,sh.600548,8.9300,8.9400,8.8700,8.9200,808396,7197509.0000,3
2020-04-09,20200409103000000,sh.600548,8.9700,8.9800,8.9300,8.9800,853112,7647812.0000,3
2020-04-09,20200409113000000,sh.600548,8.9800,9.0100,8.9700,9.0100,565500,5081054.0000,3
2020-04-09,20200409140000000,sh.600548,9.0100,9.0600,8.9400,9.0400,971700,8747484.0000,3
2020-04-09,20200409150000000,sh.600548,9.0400,9.1300,9.0300,9.1200,1730500,15719116.0000,3
2020-04-10,20200410103000000,sh.600548,9.0700,9.3900,9.0400,9.3600,2604700,24104024.0000,3
2020-04-10,20200410113000000,sh.600548,9.3600,9.3800,9.2800,9.2800,1155900,10799862.0000,3
2020-04-10,20200410140000000,sh.600548,9.2800,9.2800,9.1800,9.2700,940000,8672808.0000,3
2020-04-10,20200410150000000,sh.600548,9.2600,9.2900,9.2200,9.2500,585001,5412013.0000,3
2020-04-13,20200413103000000,sh.600548,9.1600,9.3600,9.1200,9.2500,1342400,12427058.0000,3
2020-04-13,20200413113000000,sh.600548,9.2900,9.3000,9.2000,9.2100,346300,3199457.0000,3
2020-04-13,20200413140000000,sh.600548,9.2100,9.3000,9.1800,9.2400,501100,4630534.0000,3
2020-04-13,20200413150000000,sh.600548,9.2300,9.2600,9.1800,9.1800,525300,4837199.0000,3
2020-04-14,20200414103000000,sh.600548,9.2000,9.2300,9.1200,9.1800,877791,8054730.0000,3
2020-04-14,20200414113000000,sh.600548,9.1800,9.1800,9.1300,9.1500,391600,3582990.0000,3
2020-04-14,20200414140000000,sh.600548,9.1500,9.1700,9.1300,9.1600,344200,3150511.0000,3
2020-04-14,20200414150000000,sh.600548,9.1600,9.2000,9.1500,9.1800,937037,8594977.0000,3
2020-04-15,20200415103000000,sh.600548,9.1400,9.1700,9.0200,9.0500,1369829,12439217.0000,3
2020-04-15,20200415113000000,sh.600548,9.0500,9.0500,9.0100,9.0300,423971,3826935.0000,3
2020-04-15,20200415140000000,sh.600548,9.0300,9.0400,9.0000,9.0200,1103000,9939918.0000,3
2020-04-15,20200415150000000,sh.600548,9.0200,9.0300,9.0000,9.0100,773345,6969320.0000,3
2020-04-16,20200416103000000,sh.600548,8.9900,9.0100,8.9000,9.0000,816600,7296985.0000,3
2020-04-16,20200416113000000,sh.600548,9.0000,9.1200,8.9700,9.0500,968800,8795357.0000,3
2020-04-16,20200416140000000,sh.600548,9.0500,9.0700,9.0200,9.0700,186700,1689001.0000,3
2020-04-16,20200416150000000,sh.600548,9.0700,9.0700,9.0300,9.0600,282148,2555664.0000,3
2020-04-17,20200417103000000,sh.600548,9.0700,9.1400,9.0700,9.1100,826600,7530776.0000,3
2020-04-17,20200417113000000,sh.600548,9.1100,9.1900,9.1000,9.1600,761098,6960568.0000,3
2020-04-17,20200417140000000,sh.600548,9.1600,9.2300,9.1600,9.2300,766920,7053477.0000,3
2020-04-17,20200417150000000,sh.600548,9.2300,9.2300,9.1800,9.1900,928248,8535536.0000,3
2020-04-20,20200420103000000,sh.600548,9.1600,9.3400,9.1200,9.3100,2248572,20787253.0000,3
2020-04-20,20200420113000000,sh.600548,9.3100,9.3100,9.2700,9.2900,556900,5176866.0000,3
2020-04-20,20200420140000000,sh.600548,9.3000,9.3000,9.2700,9.2700,434400,4034147.0000,3
2020-04-20,20200420150000000,sh.600548,9.2800,9.2900,9.2700,9.2700,638644,5926009.0000,3
2020-04-21,20200421103000000,sh.600548,9.2000,9.2500,9.1100,9.1400,1454120,13348490.0000,3
2020-04-21,20200421113000000,sh.600548,9.1400,9.1800,9.1100,9.1300,646800,5917028.0000,3
2020-04-21,20200421140000000,sh.600548,9.1300,9.1900,9.0700,9.1400,1039901,9505220.0000,3
2020-04-21,20200421150000000,sh.600548,9.1400,9.1900,9.1400,9.1800,533108,4889348.0000,3
2020-04-22,20200422103000000,sh.600548,9.1900,9.2000,9.0900,9.1500,736648,6728355.0000,3
2020-04-22,20200422113000000,sh.600548,9.1500,9.1900,9.1300,9.1500,281848,2579420.0000,3
2020-04-22,20200422140000000,sh.600548,9.1500,9.1700,9.1300,9.1700,313196,2865917.0000,3
2020-04-22,20200422150000000,sh.600548,9.1700,9.1800,9.1500,9.1600,591244,5420981.0000,3
2020-04-23,20200423103000000,sh.600548,9.2000,9.2000,9.1300,9.2000,519100,4767277.0000,3
2020-04-23,20200423113000000,sh.600548,9.2000,9.2400,9.1800,9.2000,537240,4950020.0000,3
2020-04-23,20200423140000000,sh.600548,9.2000,9.2400,9.2000,9.2200,316900,2922649.0000,3
2020-04-23,20200423150000000,sh.600548,9.2200,9.2200,9.1000,9.1400,1374768,12582687.0000,3
2020-04-24,20200424103000000,sh.600548,9.1500,9.2000,9.1100,9.1300,520000,4758226.0000,3
2020-04-24,20200424113000000,sh.600548,9.1300,9.1700,9.1200,9.1500,315900,2889427.0000,3
2020-04-24,20200424140000000,sh.600548,9.1300,9.1800,9.1200,9.1200,570500,5217764.0000,3
2020-04-24,20200424150000000,sh.600548,9.1200,9.1300,9.0200,9.1300,825000,7506011.0000,3
2020-04-27,20200427103000000,sh.600548,9.2000,9.5300,9.1800,9.4600,4166732,39161656.0000,3
2020-04-27,20200427113000000,sh.600548,9.4600,9.4700,9.3300,9.3600,926900,8720983.0000,3
2020-04-27,20200427140000000,sh.600548,9.3600,9.4400,9.3600,9.4100,809100,7610119.0000,3
2020-04-27,20200427150000000,sh.600548,9.4100,9.4500,9.3700,9.3900,1159696,10903489.0000,3
2020-04-28,20200428103000000,sh.600548,9.4100,9.4400,9.1200,9.3400,2321441,21615565.0000,3
2020-04-28,20200428113000000,sh.600548,9.3400,9.4000,9.3100,9.3500,570152,5332729.0000,3
2020-04-28,20200428140000000,sh.600548,9.3500,9.3600,9.2500,9.2800,942200,8757542.0000,3
2020-04-28,20200428150000000,sh.600548,9.2800,9.3300,9.2800,9.3000,373641,3474437.0000,3
2020-04-29,20200429103000000,sh.600548,9.5600,9.7000,9.4900,9.5400,6711516,64336756.0000,3
2020-04-29,20200429113000000,sh.600548,9.5400,9.6600,9.5200,9.6300,1635841,15706954.0000,3
2020-04-29,20200429140000000,sh.600548,9.6300,9.6300,9.5100,9.5300,1167299,11155424.0000,3
2020-04-29,20200429150000000,sh.600548,9.5300,9.6400,9.5000,9.6300,1879815,17953856.0000,3
2020-04-30,20200430103000000,sh.600548,9.5300,9.6400,9.5100,9.5700,2635991,25234952.0000,3
2020-04-30,20200430113000000,sh.600548,9.5700,9.6000,9.5600,9.5800,872900,8361682.0000,3
2020-04-30,20200430140000000,sh.600548,9.5900,9.6000,9.5700,9.5800,801887,7686233.0000,3
2020-04-30,20200430150000000,sh.600548,9.5800,9.7700,9.5600,9.7400,3056832,29581283.0000,3
2020-05-06,20200506103000000,sh.600548,9.7200,9.7200,9.5000,9.5400,2621595,25071969.0000,3
2020-05-06,20200506113000000,sh.600548,9.5300,9.5600,9.4100,9.5000,1182516,11212018.0000,3
2020-05-06,20200506140000000,sh.600548,9.5100,9.5800,9.5000,9.5500,705500,6730444.0000,3
2020-05-06,20200506150000000,sh.600548,9.5500,9.5700,9.5200,9.5400,893000,8524558.0000,3
2020-05-07,20200507103000000,sh.600548,9.4000,9.4900,9.3600,9.4900,1848194,17381066.0000,3
2020-05-07,20200507113000000,sh.600548,9.4900,9.5300,9.4700,9.5100,520112,4940915.0000,3
2020-05-07,20200507140000000,sh.600548,9.5100,9.5200,9.4700,9.4900,340600,3232891.0000,3
2020-05-07,20200507150000000,sh.600548,9.4900,9.6700,9.4800,9.6100,1484692,14213993.0000,3
2020-05-08,20200508103000000,sh.600548,9.5900,9.6200,9.5200,9.5500,777181,7420056.0000,3
2020-05-08,20200508113000000,sh.600548,9.5500,9.5900,9.5300,9.5500,479298,4577944.0000,3
2020-05-08,20200508140000000,sh.600548,9.5500,9.5900,9.5300,9.5500,777300,7427653.0000,3
2020-05-08,20200508150000000,sh.600548,9.5600,9.5600,9.5200,9.5500,1041674,9934736.0000,3
2020-05-11,20200511103000000,sh.600548,9.5500,9.5600,9.3800,9.4400,1672347,15823587.0000,3
2020-05-11,20200511113000000,sh.600548,9.4400,9.4900,9.3600,9.4800,583860,5501497.0000,3
2020-05-11,20200511140000000,sh.600548,9.4800,9.4800,9.3500,9.4500,804900,7576885.0000,3
2020-05-11,20200511150000000,sh.600548,9.4500,9.4600,9.4400,9.4500,515599,4870387.0000,3
2020-05-12,20200512103000000,sh.600548,9.4500,9.4700,9.4000,9.4100,487200,4586216.0000,3
2020-05-12,20200512113000000,sh.600548,9.4100,9.4200,9.3800,9.3900,367100,3450652.0000,3
2020-05-12,20200512140000000,sh.600548,9.3800,9.4000,9.3400,9.3700,658830,6172696.0000,3
2020-05-12,20200512150000000,sh.600548,9.3700,9.4000,9.3500,9.3800,797487,7474866.0000,3
2020-05-13,20200513103000000,sh.600548,9.3900,9.4300,9.3500,9.3900,565149,5311170.0000,3
2020-05-13,20200513113000000,sh.600548,9.3800,9.4000,9.3500,9.3700,367200,3443359.0000,3
2020-05-13,20200513140000000,sh.600548,9.3700,9.3900,9.3400,9.3700,349900,3277608.0000,3
2020-05-13,20200513150000000,sh.600548,9.3700,9.3900,9.3600,9.3700,470400,4406644.0000,3
2020-05-14,20200514103000000,sh.600548,9.4000,9.4000,9.2500,9.3000,982074,9136363.0000,3
2020-05-14,20200514113000000,sh.600548,9.3000,9.3200,9.2800,9.3200,311000,2893212.0000,3
2020-05-14,20200514140000000,sh.600548,9.3200,9.3500,9.3000,9.3400,644008,6001419.0000,3
2020-05-14,20200514150000000,sh.600548,9.3400,9.3500,9.2600,9.3000,506201,4715346.0000,3
2020-05-15,20200515103000000,sh.600548,9.3200,9.3800,9.2900,9.2900,604600,5637595.0000,3
2020-05-15,20200515113000000,sh.600548,9.2900,9.3100,9.2500,9.2900,393000,3643587.0000,3
2020-05-15,20200515140000000,sh.600548,9.2900,9.3600,9.2700,9.3500,819151,7641525.0000,3
2020-05-15,20200515150000000,sh.600548,9.3500,9.4100,9.3200,9.3400,1943620,18235562.0000,3
2020-05-18,20200518103000000,sh.600548,9.3400,9.3900,9.2800,9.3500,568600,5305499.0000,3
2020-05-18,20200518113000000,sh.600548,9.3500,9.3500,9.3100,9.3300,193504,1804760.0000,3
2020-05-18,20200518140000000,sh.600548,9.3300,9.3300,9.3100,9.3200,285938,2665215.0000,3
2020-05-18,20200518150000000,sh.600548,9.3200,9.3200,9.2500,9.2900,955762,8871296.0000,3
2020-05-19,20200519103000000,sh.600548,9.3500,9.4400,9.3100,9.4200,1177602,11053500.0000,3
2020-05-19,20200519113000000,sh.600548,9.4200,9.4400,9.3800,9.4000,712600,6703564.0000,3
2020-05-19,20200519140000000,sh.600548,9.4100,9.4100,9.3700,9.3700,428000,4020075.0000,3
2020-05-19,20200519150000000,sh.600548,9.3700,9.4100,9.3600,9.4000,552300,5182882.0000,3
2020-05-20,20200520103000000,sh.600548,9.4200,9.4200,9.2500,9.3100,760400,7096809.0000,3
2020-05-20,20200520113000000,sh.600548,9.3200,9.3200,9.2700,9.2800,406700,3780901.0000,3
2020-05-20,20200520140000000,sh.600548,9.2800,9.2900,9.2300,9.2500,814000,7535087.0000,3
2020-05-20,20200520150000000,sh.600548,9.2500,9.2500,9.2000,9.2200,849900,7836777.0000,3
2020-05-21,20200521103000000,sh.600548,9.2300,9.2700,9.1100,9.1300,939900,8603862.0000,3
2020-05-21,20200521113000000,sh.600548,9.1300,9.1300,9.0800,9.1200,575300,5240459.0000,3
2020-05-21,20200521140000000,sh.600548,9.1200,9.1300,9.0800,9.1000,441400,4015555.0000,3
2020-05-21,20200521150000000,sh.600548,9.1000,9.1000,9.0600,9.0600,461900,4191968.0000,3
2020-05-22,20200522103000000,sh.600548,9.0500,9.0700,9.0000,9.0400,499400,4511955.0000,3
2020-05-22,20200522113000000,sh.600548,9.0400,9.0400,9.0000,9.0200,488608,4402010.0000,3
2020-05-22,20200522140000000,sh.600548,9.0200,9.0200,8.9100,8.9700,757192,6786186.0000,3
2020-05-22,20200522150000000,sh.600548,8.9700,9.0100,8.9700,8.9900,401527,3609806.0000,3
2020-05-25,20200525103000000,sh.600548,8.9900,9.0100,8.9300,8.9800,437773,3927339.0000,3
2020-05-25,20200525113000000,sh.600548,8.9800,9.0200,8.9600,8.9900,172100,1546234.0000,3
2020-05-25,20200525140000000,sh.600548,8.9800,9.0200,8.9700,9.0000,187800,1689446.0000,3
2020-05-25,20200525150000000,sh.600548,9.0000,9.0100,8.9800,9.0100,181800,1635482.0000,3
2020-05-26,20200526103000000,sh.600548,9.0200,9.0200,8.9700,8.9800,500956,4503693.0000,3
2020-05-26,20200526113000000,sh.600548,8.9800,8.9800,8.9300,8.9400,764808,6845122.0000,3
2020-05-26,20200526140000000,sh.600548,8.9400,8.9900,8.9400,8.9800,186502,1672524.0000,3
2020-05-26,20200526150000000,sh.600548,8.9800,9.0100,8.9700,9.0000,218200,1961636.0000,3
2020-05-27,20200527103000000,sh.600548,9.0000,9.0200,8.9500,8.9700,515400,4625876.0000,3
2020-05-27,20200527113000000,sh.600548,8.9700,8.9800,8.9300,8.9600,241100,2157049.0000,3
2020-05-27,20200527140000000,sh.600548,8.9500,8.9800,8.9500,8.9700,201100,1802128.0000,3
2020-05-27,20200527150000000,sh.600548,8.9700,8.9900,8.9500,8.9600,221000,1981329.0000,3
2020-05-28,20200528103000000,sh.600548,8.9800,9.0300,8.9600,9.0100,419964,3784190.0000,3
2020-05-28,20200528113000000,sh.600548,9.0100,9.0200,8.9700,9.0200,467400,4205076.0000,3
2020-05-28,20200528140000000,sh.600548,9.0200,9.0300,8.9400,8.9500,522900,4697917.0000,3
2020-05-28,20200528150000000,sh.600548,8.9500,9.0300,8.9500,9.0300,814900,7338694.0000,3
2020-05-29,20200529103000000,sh.600548,9.0200,9.0200,8.9600,8.9900,315300,2832121.0000,3
2020-05-29,20200529113000000,sh.600548,8.9900,9.0100,8.9700,8.9900,192500,1730903.0000,3
2020-05-29,20200529140000000,sh.600548,8.9900,9.0300,8.9700,9.0300,276500,2489761.0000,3
2020-05-29,20200529150000000,sh.600548,9.0300,9.0300,8.9800,9.0000,368300,3318902.0000,3
2020-06-01,20200601103000000,sh.600548,9.0000,9.0800,9.0000,9.0600,740042,6680281.0000,3
2020-06-01,20200601113000000,sh.600548,9.0600,9.0800,9.0300,9.0800,399700,3619046.0000,3
2020-06-01,20200601140000000,sh.600548,9.0800,9.1100,9.0700,9.1000,460300,4185539.0000,3
2020-06-01,20200601150000000,sh.600548,9.1000,9.1200,9.0700,9.1000,453900,4129080.0000,3
2020-06-02,20200602103000000,sh.600548,9.0900,9.1400,9.0600,9.1000,695424,6333128.0000,3
2020-06-02,20200602113000000,sh.600548,9.1000,9.1600,9.0800,9.0800,351900,3212806.0000,3
2020-06-02,20200602140000000,sh.600548,9.0800,9.1500,9.0800,9.1400,296000,2700274.0000,3
2020-06-02,20200602150000000,sh.600548,9.1400,9.1600,9.1300,9.1400,499275,4566227.0000,3
2020-06-03,20200603103000000,sh.600548,9.1500,9.2900,9.1500,9.2100,1090795,10055919.0000,3
2020-06-03,20200603113000000,sh.600548,9.2100,9.2300,9.1500,9.2100,429000,3942257.0000,3
2020-06-03,20200603140000000,sh.600548,9.2100,9.2300,9.1900,9.2000,304364,2802783.0000,3
2020-06-03,20200603150000000,sh.600548,9.2000,9.2200,9.2000,9.2100,318400,2933713.0000,3
2020-06-04,20200604103000000,sh.600548,9.2100,9.2600,9.1900,9.2300,550600,5077483.0000,3
2020-06-04,20200604113000000,sh.600548,9.2300,9.2400,9.1600,9.1800,446000,4103031.0000,3
2020-06-04,20200604140000000,sh.600548,9.1800,9.2200,9.1600,9.2200,275300,2528629.0000,3
2020-06-04,20200604150000000,sh.600548,9.2200,9.2200,9.1800,9.1800,443537,4079943.0000,3
2020-06-05,20200605103000000,sh.600548,9.2000,9.2300,9.1300,9.1700,516100,4735782.0000,3
2020-06-05,20200605113000000,sh.600548,9.1700,9.2200,9.1500,9.1700,352637,3236205.0000,3
2020-06-05,20200605140000000,sh.600548,9.1700,9.2100,9.1600,9.2000,384500,3529368.0000,3
2020-06-05,20200605150000000,sh.600548,9.2000,9.2000,9.1600,9.1900,412700,3788150.0000,3
2020-06-08,20200608103000000,sh.600548,9.2200,9.2300,9.1700,9.2000,421600,3877420.0000,3
2020-06-08,20200608113000000,sh.600548,9.2100,9.2100,9.1500,9.1600,359200,3294584.0000,3
2020-06-08,20200608140000000,sh.600548,9.1600,9.1800,9.1300,9.1300,430800,3942044.0000,3
2020-06-08,20200608150000000,sh.600548,9.1300,9.1900,9.1000,9.1500,847500,7741832.0000,3
2020-06-09,20200609103000000,sh.600548,9.1600,9.1800,9.1200,9.1600,334800,3063111.0000,3
2020-06-09,20200609113000000,sh.600548,9.1600,9.1800,9.1500,9.1700,131800,1208305.0000,3
2020-06-09,20200609140000000,sh.600548,9.1700,9.2000,9.1700,9.1900,275300,2528302.0000,3
2020-06-09,20200609150000000,sh.600548,9.1900,9.2000,9.1600,9.2000,348000,3195305.0000,3
2020-06-10,20200610103000000,sh.600548,9.2000,9.2300,9.1600,9.2000,477100,4385562.0000,3
2020-06-10,20200610113000000,sh.600548,9.2000,9.2300,9.1600,9.1900,366400,3367363.0000,3
2020-06-10,20200610140000000,sh.600548,9.1900,9.2200,9.1800,9.2100,350100,3223822.0000,3
2020-06-10,20200610150000000,sh.600548,9.2100,9.2300,9.1800,9.2200,365932,3370421.0000,3
2020-06-11,20200611103000000,sh.600548,9.2100,9.2400,9.1700,9.2000,698108,6425404.0000,3
2020-06-11,20200611113000000,sh.600548,9.2000,9.2100,9.1700,9.1900,200700,1843566.0000,3
2020-06-11,20200611140000000,sh.600548,9.1900,9.2000,9.1700,9.1900,308700,2833176.0000,3
2020-06-11,20200611150000000,sh.600548,9.2000,9.2300,9.1600,9.1700,1018500,9357366.0000,3
2020-06-12,20200612103000000,sh.600548,9.0600,9.1200,9.0500,9.0600,808964,7338905.0000,3
2020-06-12,20200612113000000,sh.600548,9.0600,9.1200,9.0600,9.1100,374600,3404651.0000,3
2020-06-12,20200612140000000,sh.600548,9.1100,9.1300,9.0700,9.1000,400600,3646199.0000,3
2020-06-12,20200612150000000,sh.600548,9.1000,9.1100,9.0500,9.0900,704301,6390287.0000,3
2020-06-15,20200615103000000,sh.600548,9.0600,9.0900,9.0400,9.0800,997400,9025982.0000,3
2020-06-15,20200615113000000,sh.600548,9.0800,9.1100,9.0500,9.0500,216200,1961669.0000,3
2020-06-15,20200615140000000,sh.600548,9.0500,9.0600,9.0100,9.0100,477400,4312244.0000,3
2020-06-15,20200615150000000,sh.600548,9.0100,9.0600,9.0100,9.0100,299309,2701860.0000,3
2020-06-16,20200616103000000,sh.600548,9.0500,9.0600,9.0200,9.0300,431696,3899514.0000,3
2020-06-16,20200616113000000,sh.600548,9.0300,9.0500,9.0100,9.0300,409605,3697006.0000,3
2020-06-16,20200616140000000,sh.600548,9.0300,9.0500,9.0200,9.0500,266277,2404854.0000,3
2020-06-16,20200616150000000,sh.600548,9.0500,9.0600,9.0300,9.0600,366400,3313372.0000,3
2020-06-17,20200617103000000,sh.600548,9.0600,9.0600,8.9900,9.0000,849400,7650862.0000,3
2020-06-17,20200617113000000,sh.600548,8.9900,9.0100,8.9900,9.0100,266946,2401644.0000,3
2020-06-17,20200617140000000,sh.600548,9.0100,9.0300,8.9900,9.0000,336800,3031585.0000,3
2020-06-17,20200617150000000,sh.600548,9.0000,9.0400,8.9900,9.0200,384600,3463336.0000,3
2020-06-18,20200618103000000,sh.600548,9.0200,9.0400,8.9900,9.0300,537000,4843403.0000,3
2020-06-18,20200618113000000,sh.600548,9.0300,9.0400,9.0000,9.0400,341700,3082971.0000,3
2020-06-18,20200618140000000,sh.600548,9.0400,9.0500,9.0000,9.0400,315300,2846739.0000,3
2020-06-18,20200618150000000,sh.600548,9.0400,9.0500,9.0100,9.0500,314100,2835476.0000,3
2020-06-19,20200619103000000,sh.600548,9.0500,9.0600,8.9000,9.0300,520500,4692411.0000,3
2020-06-19,20200619113000000,sh.600548,9.0300,9.0300,8.9900,9.0200,295700,2663341.0000,3
2020-06-19,20200619140000000,sh.600548,9.0200,9.0300,8.9800,9.0300,501100,4509525.0000,3
2020-06-19,20200619150000000,sh.600548,9.0300,9.0400,9.0000,9.0400,496800,4485019.0000,3
2020-06-22,20200622103000000,sh.600548,9.0500,9.0500,9.0000,9.0300,365301,3296667.0000,3
2020-06-22,20200622113000000,sh.600548,9.0300,9.0400,9.0100,9.0300,321800,2904481.0000,3
2020-06-22,20200622140000000,sh.600548,9.0200,9.0500,9.0200,9.0500,311927,2819960.0000,3
2020-06-22,20200622150000000,sh.600548,9.0500,9.0500,9.0300,9.0500,278100,2514183.0000,3
2020-06-23,20200623103000000,sh.600548,9.0400,9.0600,9.0100,9.0600,305438,2758767.0000,3
2020-06-23,20200623113000000,sh.600548,9.0500,9.0600,9.0200,9.0200,247240,2234571.0000,3
2020-06-23,20200623140000000,sh.600548,9.0200,9.0500,9.0000,9.0000,403900,3642611.0000,3
2020-06-23,20200623150000000,sh.600548,9.0000,9.0300,8.9900,8.9900,586101,5276295.0000,3
2020-06-24,20200624103000000,sh.600548,9.0300,9.0400,8.9800,9.0200,621300,5597982.0000,3
2020-06-24,20200624113000000,sh.600548,9.0200,9.0400,8.9900,8.9900,538600,4851870.0000,3
2020-06-24,20200624140000000,sh.600548,8.9900,9.0300,8.9900,9.0100,300908,2708443.0000,3
2020-06-24,20200624150000000,sh.600548,9.0100,9.0400,9.0000,9.0400,443441,3998880.0000,3
2020-06-29,20200629103000000,sh.600548,9.0200,9.0300,8.9900,9.0000,581400,5235511.0000,3
2020-06-29,20200629113000000,sh.600548,9.0000,9.0200,8.9800,9.0000,240900,2168126.0000,3
2020-06-29,20200629140000000,sh.600548,9.0000,9.0100,8.9800,8.9900,279800,2516409.0000,3
2020-06-29,20200629150000000,sh.600548,8.9900,9.0100,8.9600,8.9600,303200,2722039.0000,3
2020-06-30,20200630103000000,sh.600548,8.9800,9.0000,8.9800,8.9800,388100,3488664.0000,3
2020-06-30,20200630113000000,sh.600548,8.9800,8.9900,8.9600,8.9900,338000,3033163.0000,3
2020-06-30,20200630140000000,sh.600548,8.9900,9.0800,8.9900,9.0800,887400,8021178.0000,3
2020-06-30,20200630150000000,sh.600548,9.0800,9.1600,9.0700,9.1400,1450400,13220313.0000,3
2020-07-01,20200701103000000,sh.600548,9.1900,9.3700,9.1700,9.3500,3349800,31177732.0000,3
2020-07-01,20200701113000000,sh.600548,9.3500,9.5800,9.3400,9.5600,2831082,26759459.0000,3
2020-07-01,20200701140000000,sh.600548,9.5500,9.6100,9.5000,9.5500,2365052,22605356.0000,3
2020-07-01,20200701150000000,sh.600548,9.5500,9.6400,9.5500,9.6200,2000526,19196736.0000,3
2020-07-02,20200702103000000,sh.600548,9.6100,9.6800,9.5300,9.5600,2066690,19807479.0000,3
2020-07-02,20200702113000000,sh.600548,9.5600,9.6600,9.5600,9.6400,2014479,19355364.0000,3
2020-07-02,20200702140000000,sh.600548,9.6400,9.6800,9.5900,9.5900,1384400,13334748.0000,3
2020-07-02,20200702150000000,sh.600548,9.5900,9.7000,9.5600,9.6500,1969200,18998371.0000,3
2020-07-03,20200703103000000,sh.600548,9.7000,9.8200,9.6100,9.6400,2411487,23432000.0000,3
2020-07-03,20200703113000000,sh.600548,9.6400,9.6700,9.5300,9.5600,1039860,9977239.0000,3
2020-07-03,20200703140000000,sh.600548,9.5600,9.8000,9.5300,9.7200,1518800,14681888.0000,3
2020-07-03,20200703150000000,sh.600548,9.7200,9.8200,9.6600,9.7100,1189356,11592114.0000,3
2020-07-06,20200706103000000,sh.600548,9.7200,9.8900,9.7100,9.8700,2268781,22250740.0000,3
2020-07-06,20200706113000000,sh.600548,9.8500,9.9000,9.8300,9.8900,981688,9687998.0000,3
2020-07-06,20200706140000000,sh.600548,9.8900,10.0400,9.8900,9.9400,1618217,16107471.0000,3
2020-07-06,20200706150000000,sh.600548,9.9400,10.0600,9.9400,10.0300,1566329,15684438.0000,3
2020-07-07,20200707103000000,sh.600548,10.0600,10.2500,9.8600,9.9600,3276399,32875966.0000,3
2020-07-07,20200707113000000,sh.600548,9.9600,10.0000,9.9300,9.9800,590200,5880479.0000,3
2020-07-07,20200707140000000,sh.600548,9.9900,10.0300,9.9800,9.9900,717907,7176941.0000,3
2020-07-07,20200707150000000,sh.600548,9.9900,10.0100,9.9100,9.9200,1503610,14984471.0000,3
2020-07-08,20200708103000000,sh.600548,9.9500,9.9600,9.7000,9.7300,2710889,26647819.0000,3
2020-07-08,20200708113000000,sh.600548,9.7300,9.8500,9.7300,9.8200,1087160,10654909.0000,3
2020-07-08,20200708140000000,sh.600548,9.8400,9.9200,9.8400,9.9100,942248,9309455.0000,3
2020-07-08,20200708150000000,sh.600548,9.9100,9.9500,9.8700,9.9400,1613307,15989612.0000,3
2020-07-09,20200709103000000,sh.600548,9.9700,10.0900,9.9500,9.9900,2668636,26725618.0000,3
2020-07-09,20200709113000000,sh.600548,9.9900,9.9900,9.9400,9.9700,966600,9629379.0000,3
2020-07-09,20200709140000000,sh.600548,9.9800,10.1000,9.9800,10.0400,2506349,25171705.0000,3
2020-07-09,20200709150000000,sh.600548,10.0000,10.1400,10.0000,10.1400,1944642,19599454.0000,3
2020-07-10,20200710103000000,sh.600548,9.5300,9.7500,9.3500,9.5500,5012729,47887051.0000,3
2020-07-10,20200710113000000,sh.600548,9.5500,9.5800,9.4500,9.4800,1702692,16179465.0000,3
2020-07-10,20200710140000000,sh.600548,9.4900,9.7000,9.4800,9.6100,1624822,15580475.0000,3
2020-07-10,20200710150000000,sh.600548,9.6000,9.6300,9.4900,9.5000,1137249,10848487.0000,3
2020-07-13,20200713103000000,sh.600548,9.5200,9.6600,9.4100,9.5200,3602017,34286922.0000,3
2020-07-13,20200713113000000,sh.600548,9.5200,9.5300,9.4500,9.5000,2100315,19915020.0000,3
2020-07-13,20200713140000000,sh.600548,9.5000,9.5900,9.5000,9.5300,2393300,22801502.0000,3
2020-07-13,20200713150000000,sh.600548,9.5300,9.5900,9.5100,9.5900,2221928,21235598.0000,3
2020-07-14,20200714103000000,sh.600548,9.7000,9.7000,9.3500,9.3800,4781744,45437054.0000,3
2020-07-14,20200714113000000,sh.600548,9.3800,9.4300,9.2900,9.3700,1438833,13463436.0000,3
2020-07-14,20200714140000000,sh.600548,9.3700,9.3800,9.2900,9.3100,1230300,11471148.0000,3
2020-07-14,20200714150000000,sh.600548,9.3100,9.3900,9.2900,9.3800,1134140,10605624.0000,3
2020-07-15,20200715103000000,sh.600548,9.3900,9.4300,9.2200,9.3600,2007350,18779980.0000,3
2020-07-15,20200715113000000,sh.600548,9.3600,9.3700,9.2200,9.2500,1224543,11367290.0000,3
2020-07-15,20200715140000000,sh.600548,9.2500,9.3300,9.2300,9.2900,783689,7279892.0000,3
2020-07-15,20200715150000000,sh.600548,9.2900,9.3300,9.2300,9.2300,939000,8707601.0000,3
2020-07-16,20200716103000000,sh.600548,9.2700,9.2800,9.1400,9.1500,1914064,17610181.0000,3
2020-07-16,20200716113000000,sh.600548,9.1500,9.2000,9.1300,9.1500,742200,6795693.0000,3
2020-07-16,20200716140000000,sh.600548,9.1500,9.1600,9.0100,9.0500,1396000,12662579.0000,3
2020-07-16,20200716150000000,sh.600548,9.0500,9.1000,8.9400,8.9500,1598400,14403416.0000,3
2020-07-17,20200717103000000,sh.600548,8.9400,9.3000,8.9000,9.0100,1555800,14004113.0000,3
2020-07-17,20200717113000000,sh.600548,9.0200,9.0600,8.9300,8.9300,870996,7824996.0000,3
2020-07-17,20200717140000000,sh.600548,8.9300,8.9600,8.9100,8.9200,445103,3973714.0000,3
2020-07-17,20200717150000000,sh.600548,8.9200,8.9800,8.9100,8.9300,676600,6044709.0000,3
2020-07-20,20200720103000000,sh.600548,8.9500,9.0200,8.9200,8.9700,1354100,12143388.0000,3
2020-07-20,20200720113000000,sh.600548,8.9700,9.2000,8.9600,9.1900,2100100,19121948.0000,3
2020-07-20,20200720140000000,sh.600548,9.1900,9.2000,9.1200,9.1300,576700,5285246.0000,3
2020-07-20,20200720150000000,sh.600548,9.1300,9.2100,9.1300,9.1900,687668,6309375.0000,3
2020-07-21,20200721103000000,sh.600548,9.2000,9.2400,9.1400,9.1800,1449600,13314299.0000,3
2020-07-21,20200721113000000,sh.600548,9.1800,9.2000,9.1200,9.1700,702900,6439463.0000,3
2020-07-21,20200721140000000,sh.600548,9.1700,9.1900,9.1300,9.1600,337608,3088685.0000,3
2020-07-21,20200721150000000,sh.600548,9.1600,9.1800,9.1100,9.1800,723800,6616278.0000,3
2020-07-22,20200722103000000,sh.600548,9.1300,9.1700,9.1100,9.1500,790829,7223758.0000,3
2020-07-22,20200722113000000,sh.600548,9.1500,9.1900,9.1300,9.1600,771600,7066405.0000,3
2020-07-22,20200722140000000,sh.600548,9.1600,9.1800,9.1500,9.1700,522700,4791727.0000,3
2020-07-22,20200722150000000,sh.600548,9.1700,9.1800,9.1200,9.1500,738700,6754234.0000,3
2020-07-23,20200723103000000,sh.600548,9.1000,9.1200,8.9200,8.9900,1282957,11606967.0000,3
2020-07-23,20200723113000000,sh.600548,8.9900,9.0500,8.9500,9.0100,725954,6521813.0000,3
2020-07-23,20200723140000000,sh.600548,9.0100,9.0400,8.9900,9.0200,656588,5915914.0000,3
2020-07-23,20200723150000000,sh.600548,9.0200,9.0800,9.0100,9.0800,740200,6693814.0000,3
2020-07-24,20200724103000000,sh.600548,9.0800,9.1000,8.9700,9.0200,1133571,10244289.0000,3
2020-07-24,20200724113000000,sh.600548,9.0100,9.0300,8.9500,8.9600,759100,6828541.0000,3
2020-07-24,20200724140000000,sh.600548,8.9600,8.9600,8.8500,8.8700,1381800,12297254.0000,3
2020-07-24,20200724150000000,sh.600548,8.8700,8.8800,8.7800,8.8000,1830531,16152077.0000,3
2020-07-27,20200727103000000,sh.600548,8.9600,8.9600,8.6800,8.7300,1023488,8971611.0000,3
2020-07-27,20200727113000000,sh.600548,8.7300,8.7600,8.7100,8.7600,367633,3207860.0000,3
2020-07-27,20200727140000000,sh.600548,8.7600,8.7600,8.6900,8.7500,303401,2643116.0000,3
2020-07-27,20200727150000000,sh.600548,8.7500,8.7500,8.7000,8.7300,527599,4597578.0000,3
2020-07-28,20200728103000000,sh.600548,8.7600,8.7900,8.7100,8.7600,432222,3781740.0000,3
2020-07-28,20200728113000000,sh.600548,8.7500,8.7600,8.7300,8.7400,267422,2338927.0000,3
2020-07-28,20200728140000000,sh.600548,8.7400,8.7500,8.7200,8.7200,149200,1303039.0000,3
2020-07-28,20200728150000000,sh.600548,8.7200,8.7800,8.6800,8.7700,924733,8066778.0000,3
2020-07-29,20200729103000000,sh.600548,8.7600,8.8200,8.6800,8.8100,855199,7486292.0000,3
2020-07-29,20200729113000000,sh.600548,8.8100,8.8400,8.7500,8.7800,602156,5290473.0000,3
2020-07-29,20200729140000000,sh.600548,8.7800,8.8400,8.7800,8.8300,429000,3782010.0000,3
2020-07-29,20200729150000000,sh.600548,8.8300,8.9200,8.8200,8.9100,783800,6954390.0000,3
2020-07-30,20200730103000000,sh.600548,8.9100,8.9800,8.8700,8.9000,785100,7002330.0000,3
2020-07-30,20200730113000000,sh.600548,8.9000,8.9000,8.8600,8.8800,354310,3143779.0000,3
2020-07-30,20200730140000000,sh.600548,8.8700,8.9700,8.8600,8.9600,783300,6992190.0000,3
2020-07-30,20200730150000000,sh.600548,8.9600,9.1200,8.9400,9.0300,1941645,17596484.0000,3
2020-07-31,20200731103000000,sh.600548,9.0300,9.0700,8.9200,8.9300,1882801,16934258.0000,3
2020-07-31,20200731113000000,sh.600548,8.9300,8.9900,8.8600,8.9200,1903400,16969693.0000,3
2020-07-31,20200731140000000,sh.600548,8.9200,8.9800,8.8600,8.8900,1136700,10113235.0000,3
2020-07-31,20200731150000000,sh.600548,8.8900,8.9900,8.8700,8.9700,1242583,11079545.0000,3
2020-08-03,20200803103000000,sh.600548,9.0000,9.0500,8.9500,8.9900,1824510,16414859.0000,3
2020-08-03,20200803113000000,sh.600548,8.9900,9.0200,8.9600,9.0000,723700,6507628.0000,3
2020-08-03,20200803140000000,sh.600548,9.0000,9.2400,8.9700,9.1400,2579701,23561318.0000,3
2020-08-03,20200803150000000,sh.600548,9.1400,9.6900,9.1300,9.4500,5174422,48712140.0000,3
2020-08-04,20200804103000000,sh.600548,9.4500,9.4700,9.2000,9.3900,4506535,42183374.0000,3
2020-08-04,20200804113000000,sh.600548,9.3900,9.4500,9.3000,9.4100,1368000,12790336.0000,3
2020-08-04,20200804140000000,sh.600548,9.4200,9.6500,9.4200,9.6100,4184524,39955136.0000,3
2020-08-04,20200804150000000,sh.600548,9.6100,9.7300,9.5000,9.5500,3744476,36012855.0000,3
2020-08-05,20200805103000000,sh.600548,9.4100,9.4400,9.2000,9.3600,3539201,32904470.0000,3
2020-08-05,20200805113000000,sh.600548,9.3600,9.4100,9.3300,9.4000,914586,8565168.0000,3
2020-08-05,20200805140000000,sh.600548,9.4000,9.4000,9.3000,9.3300,911969,8516095.0000,3
2020-08-05,20200805150000000,sh.600548,9.3300,9.3800,9.3000,9.3500,1340331,12515817.0000,3
2020-08-06,20200806103000000,sh.600548,9.3400,9.3400,9.2200,9.2200,1582300,14661055.0000,3
2020-08-06,20200806113000000,sh.600548,9.2200,9.2400,9.1500,9.1900,1352400,12429473.0000,3
2020-08-06,20200806140000000,sh.600548,9.1800,9.2100,9.1600,9.1700,725920,6664920.0000,3
2020-08-06,20200806150000000,sh.600548,9.1700,9.2400,9.1600,9.2000,817100,7516047.0000,3
2020-08-07,20200807103000000,sh.600548,9.1900,9.1900,9.1100,9.1200,920500,8410029.0000,3
2020-08-07,20200807113000000,sh.600548,9.1200,9.1600,9.1000,9.1200,530900,4845008.0000,3
2020-08-07,20200807140000000,sh.600548,9.1200,9.1300,9.0400,9.1000,1013600,9214895.0000,3
2020-08-07,20200807150000000,sh.600548,9.1000,9.2800,9.0900,9.2300,1151645,10605105.0000,3
2020-08-10,20200810103000000,sh.600548,9.2200,9.2200,9.1300,9.1700,842500,7723895.0000,3
2020-08-10,20200810113000000,sh.600548,9.1700,9.2200,9.1300,9.2200,616500,5652992.0000,3
2020-08-10,20200810140000000,sh.600548,9.2200,9.2800,9.1900,9.2400,873100,8058396.0000,3
2020-08-10,20200810150000000,sh.600548,9.2400,9.2600,9.1900,9.2000,907545,8376655.0000,3
2020-08-11,20200811103000000,sh.600548,9.2800,9.5000,9.2500,9.3900,3973081,37276240.0000,3
2020-08-11,20200811113000000,sh.600548,9.3900,9.4000,9.3300,9.3600,566600,5302575.0000,3
2020-08-11,20200811140000000,sh.600548,9.3600,9.3600,9.3000,9.3000,432000,4025775.0000,3
2020-08-11,20200811150000000,sh.600548,9.3000,9.3200,9.1300,9.1600,1175745,10840556.0000,3
2020-08-12,20200812103000000,sh.600548,9.1300,9.3000,9.1000,9.2000,2243800,20628168.0000,3
2020-08-12,20200812113000000,sh.600548,9.2000,9.2800,9.1700,9.2200,895130,8261454.0000,3
2020-08-12,20200812140000000,sh.600548,9.2200,9.2300,9.1600,9.2000,649017,5962998.0000,3
2020-08-12,20200812150000000,sh.600548,9.2000,9.2600,9.1800,9.2400,1025300,9460865.0000,3
2020-08-13,20200813103000000,sh.600548,9.2200,9.3400,9.1800,9.2700,1634300,15121698.0000,3
2020-08-13,20200813113000000,sh.600548,9.2700,9.2800,9.2400,9.2500,446100,4129273.0000,3
2020-08-13,20200813140000000,sh.600548,9.2600,9.2700,9.2200,9.2400,495600,4580825.0000,3
2020-08-13,20200813150000000,sh.600548,9.2400,9.2500,9.2100,9.2300,628800,5801069.0000,3
2020-08-14,20200814103000000,sh.600548,9.2800,9.3000,9.1300,9.1600,1131200,10397833.0000,3
2020-08-14,20200814113000000,sh.600548,9.1600,9.1900,9.1500,9.1600,311300,2853894.0000,3
2020-08-14,20200814140000000,sh.600548,9.1900,9.2300,9.1600,9.2000,265001,2440015.0000,3
2020-08-14,20200814150000000,sh.600548,9.2000,9.2600,9.2000,9.2500,1041500,9619365.0000,3
2020-08-17,20200817103000000,sh.600548,9.2500,9.2700,9.2000,9.2500,919841,8492792.0000,3
2020-08-17,20200817113000000,sh.600548,9.2500,9.3900,9.2400,9.3700,1443777,13453332.0000,3
2020-08-17,20200817140000000,sh.600548,9.3800,9.3800,9.3000,9.3400,1287545,12024486.0000,3
2020-08-17,20200817150000000,sh.600548,9.3400,9.3500,9.3000,9.3500,962239,8973094.0000,3
2020-08-18,20200818103000000,sh.600548,9.3800,9.3900,9.2900,9.3000,1028600,9582732.0000,3
2020-08-18,20200818113000000,sh.600548,9.3000,9.3200,9.2800,9.2900,436896,4061562.0000,3
2020-08-18,20200818140000000,sh.600548,9.2900,9.3400,9.2900,9.3300,621800,5791486.0000,3
2020-08-18,20200818150000000,sh.600548,9.3300,9.4700,9.3100,9.4000,2038474,19137018.0000,3
2020-08-19,20200819103000000,sh.600548,9.4000,9.5300,9.3000,9.4400,2596874,24486507.0000,3
2020-08-19,20200819113000000,sh.600548,9.4400,9.5000,9.4100,9.4300,997583,9430037.0000,3
2020-08-19,20200819140000000,sh.600548,9.4300,9.4700,9.4100,9.4300,807087,7625276.0000,3
2020-08-19,20200819150000000,sh.600548,9.4300,9.4300,9.3200,9.3800,1462317,13701405.0000,3
2020-08-20,20200820103000000,sh.600548,9.3100,9.3700,9.2500,9.2900,1022402,9503139.0000,3
2020-08-20,20200820113000000,sh.600548,9.2900,9.4200,9.2700,9.3900,650400,6066035.0000,3
2020-08-20,20200820140000000,sh.600548,9.3900,9.4200,9.3100,9.3400,733101,6863963.0000,3
2020-08-20,20200820150000000,sh.600548,9.3400,9.3400,9.2500,9.2800,701577,6518061.0000,3
2020-08-21,20200821103000000,sh.600548,9.3000,9.3500,9.2800,9.2800,959400,8931059.0000,3
2020-08-21,20200821113000000,sh.600548,9.2800,9.3200,9.2600,9.3100,489500,4544085.0000,3
2020-08-21,20200821140000000,sh.600548,9.3000,9.3200,9.2500,9.2700,476374,4418405.0000,3
2020-08-21,20200821150000000,sh.600548,9.2700,9.2900,9.2200,9.2700,1011045,9358599.0000,3
2020-08-24,20200824103000000,sh.600548,9.3800,9.4500,9.2700,9.3000,2093400,19527603.0000,3
2020-08-24,20200824113000000,sh.600548,9.3000,9.3200,9.2200,9.2600,1092896,10119010.0000,3
2020-08-24,20200824140000000,sh.600548,9.2600,9.2900,9.2300,9.2800,421745,3904895.0000,3
2020-08-24,20200824150000000,sh.600548,9.2900,9.3000,9.2600,9.2800,771600,7157296.0000,3
2020-08-25,20200825103000000,sh.600548,9.3000,9.3600,9.2400,9.2500,1529174,14224752.0000,3
2020-08-25,20200825113000000,sh.600548,9.2500,9.2600,9.2000,9.2200,1005656,9285828.0000,3
2020-08-25,20200825140000000,sh.600548,9.2200,9.2500,9.2100,9.2100,382980,3532150.0000,3
2020-08-25,20200825150000000,sh.600548,9.2100,9.2300,9.2000,9.2200,923172,8504035.0000,3
2020-08-26,20200826103000000,sh.600548,9.2000,9.2600,9.1200,9.1400,1412711,12959241.0000,3
2020-08-26,20200826113000000,sh.600548,9.1400,9.1900,9.1100,9.1100,966400,8826699.0000,3
2020-08-26,20200826140000000,sh.600548,9.1100,9.1500,9.0700,9.0800,738193,6716012.0000,3
2020-08-26,20200826150000000,sh.600548,9.0800,9.0900,9.0400,9.0600,912852,8268266.0000,3
2020-08-27,20200827103000000,sh.600548,9.0800,9.1000,8.9700,8.9900,1185000,10664956.0000,3
2020-08-27,20200827113000000,sh.600548,8.9900,9.0300,8.9800,8.9900,297200,2675800.0000,3
2020-08-27,20200827140000000,sh.600548,9.0000,9.0200,8.9800,8.9900,829060,7459916.0000,3
2020-08-27,20200827150000000,sh.600548,8.9900,9.0000,8.9700,8.9800,642154,5770081.0000,3
2020-08-28,20200828103000000,sh.600548,8.9900,9.0200,8.9200,8.9600,738253,6619002.0000,3
2020-08-28,20200828113000000,sh.600548,8.9600,9.0500,8.9400,8.9800,712084,6402597.0000,3
2020-08-28,20200828140000000,sh.600548,8.9800,9.0200,8.9800,9.0100,382969,3445574.0000,3
2020-08-28,20200828150000000,sh.600548,9.0100,9.0400,9.0000,9.0100,894167,8059990.0000,3
2020-08-31,20200831103000000,sh.600548,9.0200,9.0600,9.0100,9.0300,930110,8401443.0000,3
2020-08-31,20200831113000000,sh.600548,9.0300,9.0400,9.0200,9.0200,459893,4152210.0000,3
2020-08-31,20200831140000000,sh.600548,9.0200,9.0300,8.9900,9.0100,586407,5282235.0000,3
2020-08-31,20200831150000000,sh.600548,9.0100,9.0100,8.9600,8.9600,766100,6878035.0000,3
2020-09-01,20200901103000000,sh.600548,9.0000,9.0000,8.8800,8.9100,695400,6198061.0000,3
2020-09-01,20200901113000000,sh.600548,8.9100,8.9200,8.8800,8.8800,610119,5428770.0000,3
2020-09-01,20200901140000000,sh.600548,8.8800,8.9100,8.8800,8.9000,386694,3437423.0000,3
2020-09-01,20200901150000000,sh.600548,8.9000,8.9100,8.8900,8.9100,666842,5933165.0000,3
2020-09-02,20200902103000000,sh.600548,8.9300,8.9300,8.8400,8.8600,939638,8338226.0000,3
2020-09-02,20200902113000000,sh.600548,8.8600,8.8700,8.7900,8.8300,1231211,10866763.0000,3
2020-09-02,20200902140000000,sh.600548,8.8400,8.8500,8.8200,8.8400,559461,4942733.0000,3
2020-09-02,20200902150000000,sh.600548,8.8400,8.8600,8.8100,8.8300,890486,7865878.0000,3
2020-09-03,20200903103000000,sh.600548,8.8200,8.8600,8.7900,8.8500,1003622,8859461.0000,3
2020-09-03,20200903113000000,sh.600548,8.8500,8.8700,8.8100,8.8200,529843,4682080.0000,3
2020-09-03,20200903140000000,sh.600548,8.8200,8.8400,8.8200,8.8400,167200,1476623.0000,3
2020-09-03,20200903150000000,sh.600548,8.8400,8.8400,8.8000,8.8200,469200,4136627.0000,3
2020-09-04,20200904103000000,sh.600548,8.7900,8.8100,8.6800,8.7700,1219900,10660135.0000,3
2020-09-04,20200904113000000,sh.600548,8.7700,8.7900,8.7400,8.7700,452539,3967824.0000,3
2020-09-04,20200904140000000,sh.600548,8.7700,8.8300,8.7600,8.8300,321332,2828895.0000,3
2020-09-04,20200904150000000,sh.600548,8.8300,8.8600,8.8200,8.8400,501500,4434000.0000,3
2020-09-07,20200907103000000,sh.600548,8.8000,8.9000,8.7100,8.8500,788498,6984702.0000,3
2020-09-07,20200907113000000,sh.600548,8.8500,8.8800,8.8300,8.8500,409292,3622624.0000,3
2020-09-07,20200907140000000,sh.600548,8.8500,8.8900,8.8500,8.8900,609237,5409726.0000,3
2020-09-07,20200907150000000,sh.600548,8.8900,8.8900,8.8300,8.8300,1104828,9792992.0000,3
2020-09-08,20200908103000000,sh.600548,8.8300,8.9000,8.8200,8.8900,1180251,10464848.0000,3
2020-09-08,20200908113000000,sh.600548,8.8900,8.9300,8.8700,8.9200,994287,8850732.0000,3
2020-09-08,20200908140000000,sh.600548,8.9200,8.9500,8.9100,8.9300,571594,5100936.0000,3
2020-09-08,20200908150000000,sh.600548,8.9300,9.0200,8.9100,9.0000,2218670,19924880.0000,3
2020-09-09,20200909103000000,sh.600548,8.9400,8.9700,8.9000,8.9300,960400,8577911.0000,3
2020-09-09,20200909113000000,sh.600548,8.9300,8.9500,8.8800,8.9400,954400,8511215.0000,3
2020-09-09,20200909140000000,sh.600548,8.9400,9.0000,8.9400,8.9900,458700,4109097.0000,3
2020-09-09,20200909150000000,sh.600548,8.9900,8.9900,8.8700,8.8800,1689268,15057573.0000,3
2020-09-10,20200910103000000,sh.600548,8.9300,8.9700,8.8700,8.9100,1044853,9319060.0000,3
2020-09-10,20200910113000000,sh.600548,8.9100,8.9600,8.9100,8.9300,938699,8389204.0000,3
2020-09-10,20200910140000000,sh.600548,8.9300,8.9400,8.9200,8.9300,567485,5067339.0000,3
2020-09-10,20200910150000000,sh.600548,8.9300,8.9400,8.8500,8.8600,1959448,17463935.0000,3
2020-09-11,20200911103000000,sh.600548,8.8300,8.8500,8.6100,8.8100,1372882,12026939.0000,3
2020-09-11,20200911113000000,sh.600548,8.8100,8.8500,8.8100,8.8400,437392,3863241.0000,3
2020-09-11,20200911140000000,sh.600548,8.8400,8.8900,8.8300,8.8800,312541,2766517.0000,3
2020-09-11,20200911150000000,sh.600548,8.8800,9.0000,8.8700,8.9700,1212083,10860004.0000,3
2020-09-14,20200914103000000,sh.600548,8.9600,8.9800,8.8900,8.9200,1033569,9219027.0000,3
2020-09-14,20200914113000000,sh.600548,8.9200,8.9300,8.8900,8.9100,517410,4607632.0000,3
2020-09-14,20200914140000000,sh.600548,8.9100,8.9300,8.9000,8.9200,951107,8474904.0000,3
2020-09-14,20200914150000000,sh.600548,8.9200,8.9200,8.8300,8.8900,929108,8253150.0000,3
2020-09-15,20200915103000000,sh.600548,8.8900,8.9200,8.8000,8.8300,653900,5774786.0000,3
2020-09-15,20200915113000000,sh.600548,8.8300,8.8400,8.8000,8.8200,460825,4067126.0000,3
2020-09-15,20200915140000000,sh.600548,8.8200,8.9000,8.8200,8.9000,439939,3897943.0000,3
2020-09-15,20200915150000000,sh.600548,8.9000,8.9300,8.8700,8.9100,829943,7393018.0000,3
2020-09-16,20200916103000000,sh.600548,8.9000,8.9300,8.8500,8.9200,363365,3231973.0000,3
2020-09-16,20200916113000000,sh.600548,8.9200,8.9300,8.9000,8.9000,225075,2006067.0000,3
2020-09-16,20200916140000000,sh.600548,8.9000,8.9300,8.8900,8.8900,299558,2668876.0000,3
2020-09-16,20200916150000000,sh.600548,8.8900,8.9600,8.8800,8.9300,735134,6557877.0000,3
2020-09-17,20200917103000000,sh.600548,8.9200,8.9200,8.8500,8.8600,464970,4126899.0000,3
2020-09-17,20200917113000000,sh.600548,8.8600,8.8800,8.8500,8.8600,358368,3176408.0000,3
2020-09-17,20200917140000000,sh.600548,8.8600,8.9200,8.8500,8.9000,303047,2691160.0000,3
2020-09-17,20200917150000000,sh.600548,8.9000,8.9300,8.8600,8.8600,525500,4674867.0000,3
2020-09-18,20200918103000000,sh.600548,9.0500,9.2600,9.0400,9.0600,5931057,54127951.0000,3
2020-09-18,20200918113000000,sh.600548,9.0600,9.1400,9.0500,9.1200,1149490,10446774.0000,3
2020-09-18,20200918140000000,sh.600548,9.1300,9.1400,9.0900,9.1200,757900,6914989.0000,3
2020-09-18,20200918150000000,sh.600548,9.1200,9.1800,9.1000,9.1400,1717355,15688482.0000,3
2020-09-21,20200921103000000,sh.600548,9.0700,9.1000,8.9300,8.9300,2643290,23730556.0000,3
2020-09-21,20200921113000000,sh.600548,8.9300,8.9900,8.9300,8.9600,594900,5332224.0000,3
2020-09-21,20200921140000000,sh.600548,8.9600,8.9900,8.9400,8.9700,522606,4681091.0000,3
2020-09-21,20200921150000000,sh.600548,8.9700,8.9900,8.9500,8.9700,625612,5608724.0000,3
2020-09-22,20200922103000000,sh.600548,8.9000,8.9300,8.8800,8.9000,748618,6662181.0000,3
2020-09-22,20200922113000000,sh.600548,8.9000,8.9100,8.8900,8.9000,449900,4001998.0000,3
2020-09-22,20200922140000000,sh.600548,8.9100,8.9200,8.8900,8.9100,312300,2781293.0000,3
2020-09-22,20200922150000000,sh.600548,8.9000,8.9100,8.8800,8.9000,634110,5639027.0000,3
2020-09-23,20200923103000000,sh.600548,8.9100,8.9300,8.8400,8.8500,523300,4637700.0000,3
2020-09-23,20200923113000000,sh.600548,8.8400,8.8600,8.8400,8.8500,306200,2709126.0000,3
2020-09-23,20200923140000000,sh.600548,8.8800,8.8800,8.8400,8.8600,261500,2315629.0000,3
2020-09-23,20200923150000000,sh.600548,8.8600,8.8800,8.8400,8.8400,660600,5851794.0000,3
2020-09-24,20200924103000000,sh.600548,8.8100,8.8600,8.8100,8.8300,566904,5000996.0000,3
2020-09-24,20200924113000000,sh.600548,8.8300,8.8500,8.8000,8.8000,368600,3249592.0000,3
2020-09-24,20200924140000000,sh.600548,8.8000,8.8300,8.7800,8.8000,220690,1942028.0000,3
2020-09-24,20200924150000000,sh.600548,8.8000,8.8200,8.7600,8.7800,514800,4523011.0000,3
2020-09-25,20200925103000000,sh.600548,8.8200,8.8500,8.7900,8.8000,357260,3147827.0000,3
2020-09-25,20200925113000000,sh.600548,8.8000,8.8000,8.7600,8.7800,123000,1080283.0000,3
2020-09-25,20200925140000000,sh.600548,8.7700,8.7800,8.7300,8.7400,183800,1609047.0000,3
2020-09-25,20200925150000000,sh.600548,8.7300,8.7800,8.7300,8.7400,451900,3957025.0000,3
2020-09-28,20200928103000000,sh.600548,8.8000,8.8000,8.7100,8.7300,677925,5921318.0000,3
2020-09-28,20200928113000000,sh.600548,8.7300,8.7300,8.6900,8.6900,436638,3801848.0000,3
2020-09-28,20200928140000000,sh.600548,8.6900,8.7000,8.6700,8.6800,467389,4057900.0000,3
2020-09-28,20200928150000000,sh.600548,8.6800,8.7000,8.6300,8.6500,707115,6125942.0000,3
2020-09-29,20200929103000000,sh.600548,8.6500,8.7200,8.6500,8.6800,598756,5197871.0000,3
2020-09-29,20200929113000000,sh.600548,8.6800,8.7100,8.6700,8.6900,531800,4618784.0000,3
2020-09-29,20200929140000000,sh.600548,8.6900,8.7000,8.6600,8.6700,550400,4778457.0000,3
2020-09-29,20200929150000000,sh.600548,8.6700,8.7500,8.6700,8.7200,669131,5827088.0000,3
2020-09-30,20200930103000000,sh.600548,8.7000,8.7400,8.7000,8.7200,174575,1521343.0000,3
2020-09-30,20200930113000000,sh.600548,8.7200,8.7300,8.7100,8.7300,164511,1434542.0000,3
2020-09-30,20200930140000000,sh.600548,8.7300,8.7300,8.6800,8.6800,424900,3700357.0000,3
2020-09-30,20200930150000000,sh.600548,8.6800,8.7100,8.6600,8.6600,360029,3128346.0000,3
2020-10-09,20201009103000000,sh.600548,8.7000,8.8100,8.6900,8.7800,1027412,9009851.0000,3
2020-10-09,20201009113000000,sh.600548,8.7800,8.7900,8.7600,8.7700,186610,1636718.0000,3
2020-10-09,20201009140000000,sh.600548,8.7700,8.7700,8.7600,8.7600,255229,2236729.0000,3
2020-10-09,20201009150000000,sh.600548,8.7600,8.7700,8.7400,8.7500,351000,3073992.0000,3
2020-10-12,20201012103000000,sh.600548,8.8200,8.9000,8.8200,8.8900,1197700,10632646.0000,3
2020-10-12,20201012113000000,sh.600548,8.8900,8.9100,8.8800,8.9000,405800,3610297.0000,3
2020-10-12,20201012140000000,sh.600548,8.9000,8.9100,8.8900,8.9100,381523,3395689.0000,3
2020-10-12,20201012150000000,sh.600548,8.9100,8.9500,8.9000,8.9500,863992,7713652.0000,3
2020-10-13,20201013103000000,sh.600548,8.9500,8.9500,8.8600,8.8900,524700,4663797.0000,3
2020-10-13,20201013113000000,sh.600548,8.8900,8.8900,8.8600,8.8600,355000,3151476.0000,3
2020-10-13,20201013140000000,sh.600548,8.8600,8.9000,8.8600,8.8800,282800,2509730.0000,3
2020-10-13,20201013150000000,sh.600548,8.8800,8.9200,8.8600,8.9100,452210,4016249.0000,3
2020-10-14,20201014103000000,sh.600548,8.8600,8.9000,8.8600,8.8700,295944,2626914.0000,3
2020-10-14,20201014113000000,sh.600548,8.8700,8.8800,8.8400,8.8400,215200,1906879.0000,3
2020-10-14,20201014140000000,sh.600548,8.8400,8.8600,8.8100,8.8300,418100,3689616.0000,3
2020-10-14,20201014150000000,sh.600548,8.8300,8.8400,8.8100,8.8300,410100,3618841.0000,3
2020-10-15,20201015103000000,sh.600548,8.8400,8.8400,8.7600,8.7800,711912,6253619.0000,3
2020-10-15,20201015113000000,sh.600548,8.7800,8.8000,8.7700,8.8000,244100,2145007.0000,3
2020-10-15,20201015140000000,sh.600548,8.7900,8.8000,8.7700,8.7800,112800,991026.0000,3
2020-10-15,20201015150000000,sh.600548,8.7800,8.7900,8.7600,8.7900,311411,2733891.0000,3
2020-10-16,20201016103000000,sh.600548,8.7900,8.8000,8.7300,8.7600,459200,4020517.0000,3
2020-10-16,20201016113000000,sh.600548,8.7600,8.7600,8.7500,8.7500,178322,1560924.0000,3
2020-10-16,20201016140000000,sh.600548,8.7600,8.7600,8.7100,8.7300,486700,4249521.0000,3
2020-10-16,20201016150000000,sh.600548,8.7300,8.7500,8.7000,8.7300,517580,4512163.0000,3
2020-10-19,20201019103000000,sh.600548,8.8300,8.8300,8.7100,8.8000,319500,2809547.0000,3
2020-10-19,20201019113000000,sh.600548,8.8000,8.8000,8.7000,8.7700,483404,4225260.0000,3
2020-10-19,20201019140000000,sh.600548,8.7700,8.7700,8.7300,8.7400,195900,1716086.0000,3
2020-10-19,20201019150000000,sh.600548,8.7400,8.7700,8.7200,8.7700,213500,1869743.0000,3
2020-10-20,20201020103000000,sh.600548,8.7400,8.7800,8.7100,8.7600,243800,2134153.0000,3
2020-10-20,20201020113000000,sh.600548,8.7600,8.7700,8.7000,8.7500,305400,2663619.0000,3
2020-10-20,20201020140000000,sh.600548,8.7500,8.7600,8.7100,8.7300,521100,4550278.0000,3
2020-10-20,20201020150000000,sh.600548,8.7300,8.7500,8.7100,8.7400,359991,3143953.0000,3
2020-10-21,20201021103000000,sh.600548,8.7700,8.7700,8.7100,8.7200,293200,2559955.0000,3
2020-10-21,20201021113000000,sh.600548,8.7300,8.7600,8.7200,8.7300,171100,1495755.0000,3
2020-10-21,20201021140000000,sh.600548,8.7300,8.7700,8.7200,8.7700,269900,2362345.0000,3
2020-10-21,20201021150000000,sh.600548,8.7700,8.8400,8.7400,8.8200,796015,6993753.0000,3
2020-10-22,20201022103000000,sh.600548,8.8000,8.8000,8.7400,8.8000,335823,2949486.0000,3
2020-10-22,20201022113000000,sh.600548,8.8000,8.8000,8.7600,8.7900,283700,2490725.0000,3
2020-10-22,20201022140000000,sh.600548,8.7900,8.8000,8.7500,8.7800,240119,2108551.0000,3
2020-10-22,20201022150000000,sh.600548,8.7800,8.9700,8.7500,8.9700,890800,7931793.0000,3
2020-10-23,20201023103000000,sh.600548,8.9000,8.9400,8.8300,8.8600,664929,5895370.0000,3
2020-10-23,20201023113000000,sh.600548,8.8500,8.8600,8.8100,8.8400,282385,2495263.0000,3
2020-10-23,20201023140000000,sh.600548,8.8400,8.9000,8.8300,8.8700,247900,2198513.0000,3
2020-10-23,20201023150000000,sh.600548,8.8700,8.8800,8.8400,8.8400,346200,3065809.0000,3
2020-10-26,20201026103000000,sh.600548,8.8000,8.8600,8.7800,8.7800,515700,4538087.0000,3
2020-10-26,20201026113000000,sh.600548,8.7800,8.8100,8.7700,8.7900,172300,1514347.0000,3
2020-10-26,20201026140000000,sh.600548,8.7900,8.8400,8.7800,8.8200,255000,2244172.0000,3
2020-10-26,20201026150000000,sh.600548,8.8200,8.8200,8.7800,8.8200,130200,1145806.0000,3
2020-10-27,20201027103000000,sh.600548,8.7600,8.8200,8.7600,8.7900,311369,2733668.0000,3
2020-10-27,20201027113000000,sh.600548,8.7900,8.7900,8.7700,8.7900,110200,967693.0000,3
2020-10-27,20201027140000000,sh.600548,8.7700,8.7900,8.7600,8.7700,102400,898396.0000,3
2020-10-27,20201027150000000,sh.600548,8.7700,8.7900,8.7700,8.7700,185600,1628827.0000,3
2020-10-28,20201028103000000,sh.600548,8.8100,8.8200,8.7200,8.7400,271500,2374562.0000,3
2020-10-28,20201028113000000,sh.600548,8.7400,8.7400,8.7200,8.7400,197400,1722539.0000,3
2020-10-28,20201028140000000,sh.600548,8.7300,8.7600,8.7300,8.7500,138371,1210328.0000,3
2020-10-28,20201028150000000,sh.600548,8.7500,8.7600,8.7200,8.7300,276900,2417927.0000,3
2020-10-29,20201029103000000,sh.600548,8.7000,8.7300,8.6500,8.7100,357431,3106815.0000,3
2020-10-29,20201029113000000,sh.600548,8.7000,8.7400,8.6900,8.7200,169800,1478488.0000,3
2020-10-29,20201029140000000,sh.600548,8.7200,8.7400,8.7000,8.7400,149900,1305982.0000,3
2020-10-29,20201029150000000,sh.600548,8.7400,8.8000,8.7200,8.7400,440500,3859473.0000,3
2020-10-30,20201030103000000,sh.600548,8.7300,8.7800,8.7300,8.7700,440697,3854617.0000,3
2020-10-30,20201030113000000,sh.600548,8.7600,8.7700,8.7500,8.7600,223600,1958780.0000,3
2020-10-30,20201030140000000,sh.600548,8.7600,8.7800,8.7500,8.7700,201400,1766209.0000,3
2020-10-30,20201030150000000,sh.600548,8.7700,8.7800,8.7400,8.7400,623300,5457151.0000,3
2020-11-02,20201102103000000,sh.600548,8.7400,8.7800,8.7100,8.7400,374924,3275230.0000,3
2020-11-02,20201102113000000,sh.600548,8.7400,8.7500,8.7200,8.7400,160768,1404849.0000,3
2020-11-02,20201102140000000,sh.600548,8.7400,8.7700,8.7100,8.7200,204300,1784136.0000,3
2020-11-02,20201102150000000,sh.600548,8.7200,8.7600,8.7200,8.7200,211300,1845077.0000,3
2020-11-03,20201103103000000,sh.600548,8.7500,8.7500,8.7100,8.7300,241221,2104171.0000,3
2020-11-03,20201103113000000,sh.600548,8.7300,8.7600,8.7300,8.7300,294700,2575481.0000,3
2020-11-03,20201103140000000,sh.600548,8.7300,8.7500,8.7300,8.7500,115400,1008254.0000,3
2020-11-03,20201103150000000,sh.600548,8.7500,8.7800,8.7400,8.7700,279200,2447916.0000,3
2020-11-04,20201104103000000,sh.600548,8.7800,8.8000,8.7400,8.7700,310976,2728202.0000,3
2020-11-04,20201104113000000,sh.600548,8.7700,8.7900,8.7500,8.7900,130900,1147749.0000,3
2020-11-04,20201104140000000,sh.600548,8.7900,8.8000,8.7700,8.7900,219600,1929869.0000,3
2020-11-04,20201104150000000,sh.600548,8.7900,8.8200,8.7800,8.8100,387500,3409717.0000,3
2020-11-05,20201105103000000,sh.600548,8.8300,8.8600,8.8100,8.8200,399407,3524758.0000,3
2020-11-05,20201105113000000,sh.600548,8.8200,8.8400,8.8200,8.8400,207900,1835554.0000,3
2020-11-05,20201105140000000,sh.600548,8.8400,8.8500,8.8300,8.8400,408967,3614238.0000,3
2020-11-05,20201105150000000,sh.600548,8.8400,8.8500,8.8300,8.8400,266700,2357255.0000,3
2020-11-06,20201106103000000,sh.600548,8.8600,8.8600,8.7900,8.8200,496666,4379238.0000,3
2020-11-06,20201106113000000,sh.600548,8.8200,8.8400,8.7800,8.8000,731600,6442790.0000,3
2020-11-06,20201106140000000,sh.600548,8.8000,8.8000,8.7000,8.7800,905652,7927338.0000,3
2020-11-06,20201106150000000,sh.600548,8.7800,8.8100,8.7600,8.7900,274600,2413490.0000,3
2020-11-09,20201109103000000,sh.600548,8.8200,8.8500,8.7800,8.8400,846952,7474617.0000,3
2020-11-09,20201109113000000,sh.600548,8.8400,8.8700,8.8400,8.8700,453400,4014689.0000,3
2020-11-09,20201109140000000,sh.600548,8.8700,8.8900,8.8600,8.8800,571720,5072757.0000,3
2020-11-09,20201109150000000,sh.600548,8.8800,8.8900,8.8500,8.8700,399967,3548461.0000,3
2020-11-10,20201110103000000,sh.600548,9.0000,9.0300,8.9000,8.9200,1946183,17460765.0000,3
2020-11-10,20201110113000000,sh.600548,8.9200,8.9400,8.9100,8.9400,346000,3089372.0000,3
2020-11-10,20201110140000000,sh.600548,8.9400,8.9500,8.9200,8.9300,373100,3335805.0000,3
2020-11-10,20201110150000000,sh.600548,8.9300,8.9700,8.9200,8.9500,899300,8046125.0000,3
2020-11-11,20201111103000000,sh.600548,8.8800,8.9900,8.8800,8.9700,999900,8944277.0000,3
2020-11-11,20201111113000000,sh.600548,8.9700,9.0000,8.9600,8.9900,642435,5773397.0000,3
2020-11-11,20201111140000000,sh.600548,8.9800,9.0100,8.9700,8.9900,604900,5440979.0000,3
2020-11-11,20201111150000000,sh.600548,8.9900,9.0200,8.9700,8.9700,825622,7423087.0000,3
2020-11-12,20201112103000000,sh.600548,8.9700,9.0000,8.9500,8.9600,317400,2847866.0000,3
2020-11-12,20201112113000000,sh.600548,8.9600,8.9800,8.9500,8.9500,246800,2212468.0000,3
2020-11-12,20201112140000000,sh.600548,8.9500,8.9800,8.9400,8.9600,303500,2717610.0000,3
2020-11-12,20201112150000000,sh.600548,8.9600,8.9700,8.9400,8.9600,246100,2203258.0000,3
2020-11-13,20201113103000000,sh.600548,8.8900,8.9400,8.8300,8.8800,1043301,9264334.0000,3
2020-11-13,20201113113000000,sh.600548,8.8600,8.9200,8.8600,8.9100,498669,4428076.0000,3
2020-11-13,20201113140000000,sh.600548,8.9100,8.9100,8.8400,8.8700,476132,4223052.0000,3
2020-11-13,20201113150000000,sh.600548,8.8700,8.8900,8.8300,8.8800,348500,3087513.0000,3
2020-11-16,20201116103000000,sh.600548,8.9000,8.9700,8.8900,8.9200,607169,5423429.0000,3
2020-11-16,20201116113000000,sh.600548,8.9200,8.9500,8.9100,8.9400,281400,2514935.0000,3
2020-11-16,20201116140000000,sh.600548,8.9400,8.9600,8.9200,8.9500,421800,3770539.0000,3
2020-11-16,20201116150000000,sh.600548,8.9500,8.9600,8.9200,8.9600,344132,3077537.0000,3
2020-11-17,20201117103000000,sh.600548,9.2000,9.2000,8.9600,9.0900,2055432,18706420.0000,3
2020-11-17,20201117113000000,sh.600548,9.0900,9.0900,9.0200,9.0600,541462,4902830.0000,3
2020-11-17,20201117140000000,sh.600548,9.0600,9.0900,9.0000,9.0400,865900,7841326.0000,3
2020-11-17,20201117150000000,sh.600548,9.0400,9.0800,9.0300,9.0700,621870,5630791.0000,3
2020-11-18,20201118103000000,sh.600548,9.0000,9.0700,8.9800,9.0500,1012300,9128104.0000,3
2020-11-18,20201118113000000,sh.600548,9.0500,9.0700,9.0300,9.0600,399100,3614975.0000,3
2020-11-18,20201118140000000,sh.600548,9.0600,9.1000,9.0400,9.0500,499801,4531368.0000,3
2020-11-18,20201118150000000,sh.600548,9.0500,9.0600,9.0300,9.0600,770500,6971283.0000,3
2020-11-19,20201119103000000,sh.600548,9.0200,9.0700,9.0200,9.0300,650800,5883841.0000,3
2020-11-19,20201119113000000,sh.600548,9.0300,9.0400,9.0200,9.0300,406094,3665653.0000,3
2020-11-19,20201119140000000,sh.600548,9.0300,9.0400,9.0100,9.0300,321106,2897315.0000,3
2020-11-19,20201119150000000,sh.600548,9.0200,9.0500,9.0200,9.0400,254394,2298381.0000,3
2020-11-20,20201120103000000,sh.600548,9.0500,9.1400,9.0400,9.1100,841434,7638212.0000,3
2020-11-20,20201120113000000,sh.600548,9.1100,9.1200,9.0900,9.1100,438750,3996203.0000,3
2020-11-20,20201120140000000,sh.600548,9.1100,9.1400,9.1000,9.1300,511253,4664493.0000,3
2020-11-20,20201120150000000,sh.600548,9.1300,9.1300,9.1100,9.1200,484300,4415236.0000,3
2020-11-23,20201123103000000,sh.600548,9.1100,9.1400,9.0900,9.1000,390607,3560023.0000,3
2020-11-23,20201123113000000,sh.600548,9.1000,9.1200,9.1000,9.1200,321900,2933221.0000,3
2020-11-23,20201123140000000,sh.600548,9.1200,9.1800,9.1100,9.1700,808200,7396695.0000,3
2020-11-23,20201123150000000,sh.600548,9.1700,9.1700,9.1000,9.1200,1001100,9152240.0000,3
2020-11-24,20201124103000000,sh.600548,9.1200,9.1600,9.1000,9.1300,787700,7191772.0000,3
2020-11-24,20201124113000000,sh.600548,9.1400,9.1600,9.1200,9.1300,440800,4025008.0000,3
2020-11-24,20201124140000000,sh.600548,9.1300,9.1700,9.1200,9.1300,610828,5580714.0000,3
2020-11-24,20201124150000000,sh.600548,9.1300,9.1500,9.1300,9.1500,705600,6447695.0000,3
2020-11-25,20201125103000000,sh.600548,9.1300,9.1600,9.0900,9.1400,1499915,13691027.0000,3
2020-11-25,20201125113000000,sh.600548,9.1400,9.1600,9.1200,9.1500,1059300,9690606.0000,3
2020-11-25,20201125140000000,sh.600548,9.1500,9.1600,9.1000,9.1100,753600,6881660.0000,3
2020-11-25,20201125150000000,sh.600548,9.1100,9.1300,9.0000,9.0400,787124,7133615.0000,3
2020-11-26,20201126103000000,sh.600548,9.0100,9.0400,8.9100,8.9300,896369,8039310.0000,3
2020-11-26,20201126113000000,sh.600548,8.9300,8.9900,8.9100,8.9800,483333,4319460.0000,3
2020-11-26,20201126140000000,sh.600548,8.9800,8.9800,8.9500,8.9500,167000,1496208.0000,3
2020-11-26,20201126150000000,sh.600548,8.9500,9.0200,8.9400,9.0000,652836,5856374.0000,3
2020-11-27,20201127103000000,sh.600548,8.9800,9.0000,8.9600,8.9600,438000,3929568.0000,3
2020-11-27,20201127113000000,sh.600548,8.9600,8.9900,8.9300,8.9500,313100,2806086.0000,3
2020-11-27,20201127140000000,sh.600548,8.9500,8.9600,8.9300,8.9500,217201,1942642.0000,3
2020-11-27,20201127150000000,sh.600548,8.9500,9.0600,8.9500,9.0200,997700,8992236.0000,3
2020-11-30,20201130103000000,sh.600548,9.0400,9.1500,9.0300,9.1000,1213010,11024584.0000,3
2020-11-30,20201130113000000,sh.600548,9.1000,9.1300,9.0700,9.1000,565300,5140664.0000,3
2020-11-30,20201130140000000,sh.600548,9.1000,9.1200,9.0200,9.1100,1036400,9395482.0000,3
2020-11-30,20201130150000000,sh.600548,9.1100,9.1200,9.0100,9.0200,719275,6510383.0000,3
2020-12-01,20201201103000000,sh.600548,9.0300,9.0700,8.9900,9.0200,893375,8059470.0000,3
2020-12-01,20201201113000000,sh.600548,9.0200,9.1000,9.0100,9.0900,726767,6586463.0000,3
2020-12-01,20201201140000000,sh.600548,9.0900,9.1300,9.0600,9.1000,1035020,9418061.0000,3
2020-12-01,20201201150000000,sh.600548,9.0800,9.1600,9.0800,9.1100,1239940,11309034.0000,3
2020-12-02,20201202103000000,sh.600548,9.1100,9.1600,9.1000,9.1500,1073600,9800479.0000,3
2020-12-02,20201202113000000,sh.600548,9.1500,9.1600,9.1400,9.1600,304900,2790467.0000,3
2020-12-02,20201202140000000,sh.600548,9.1500,9.1600,9.1200,9.1600,409423,3744055.0000,3
2020-12-02,20201202150000000,sh.600548,9.1600,9.1600,9.1200,9.1400,333800,3053385.0000,3
2020-12-03,20201203103000000,sh.600548,9.1400,9.1500,9.0900,9.1000,520900,4751147.0000,3
2020-12-03,20201203113000000,sh.600548,9.1000,9.1200,9.0900,9.1200,209500,1907148.0000,3
2020-12-03,20201203140000000,sh.600548,9.1200,9.1300,9.1000,9.1100,197400,1798938.0000,3
2020-12-03,20201203150000000,sh.600548,9.1100,9.1900,9.1000,9.1000,1200740,10978996.0000,3
2020-12-04,20201204103000000,sh.600548,9.1100,9.1300,9.0300,9.0900,1384500,12539690.0000,3
2020-12-04,20201204113000000,sh.600548,9.0700,9.1300,9.0500,9.1200,533938,4858880.0000,3
2020-12-04,20201204140000000,sh.600548,9.1000,9.1300,9.0800,9.0900,279100,2541736.0000,3
2020-12-04,20201204150000000,sh.600548,9.0800,9.0900,9.0400,9.0600,583800,5289481.0000,3
2020-12-07,20201207103000000,sh.600548,9.0600,9.1000,9.0000,9.0100,568300,5138158.0000,3
2020-12-07,20201207113000000,sh.600548,9.0200,9.0300,8.9700,8.9800,581200,5229206.0000,3
2020-12-07,20201207140000000,sh.600548,8.9800,9.0000,8.9800,8.9900,411300,3696672.0000,3
2020-12-07,20201207150000000,sh.600548,8.9900,8.9900,8.9500,8.9800,490700,4403033.0000,3
2020-12-08,20201208103000000,sh.600548,9.0200,9.0200,8.9200,8.9400,280200,2513288.0000,3
2020-12-08,20201208113000000,sh.600548,8.9400,8.9500,8.9200,8.9300,312100,2787094.0000,3
2020-12-08,20201208140000000,sh.600548,8.9300,8.9700,8.9300,8.9600,208600,1865970.0000,3
2020-12-08,20201208150000000,sh.600548,8.9600,8.9700,8.9200,8.9300,499800,4466199.0000,3
2020-12-09,20201209103000000,sh.600548,8.9200,8.9600,8.8700,8.9500,600000,5351500.0000,3
2020-12-09,20201209113000000,sh.600548,8.9500,8.9900,8.8900,8.9800,714700,6397386.0000,3
2020-12-09,20201209140000000,sh.600548,8.9600,9.0300,8.9400,9.0100,555288,4990854.0000,3
2020-12-09,20201209150000000,sh.600548,9.0100,9.0300,8.9600,8.9700,815505,7342914.0000,3
2020-12-10,20201210103000000,sh.600548,8.9500,9.0100,8.9300,9.0100,425278,3814878.0000,3
2020-12-10,20201210113000000,sh.600548,8.9800,9.0800,8.9600,9.0700,734540,6643489.0000,3
2020-12-10,20201210140000000,sh.600548,9.0700,9.0800,9.0000,9.0600,925600,8374795.0000,3
2020-12-10,20201210150000000,sh.600548,9.0600,9.1100,9.0500,9.0800,1238900,11257520.0000,3
2020-12-11,20201211103000000,sh.600548,9.1200,9.1500,9.0700,9.1500,1312467,11979272.0000,3
2020-12-11,20201211113000000,sh.600548,9.1500,9.1700,9.1000,9.1500,1127190,10306056.0000,3
2020-12-11,20201211140000000,sh.600548,9.1500,9.1500,9.0500,9.0500,1428700,13028289.0000,3
2020-12-11,20201211150000000,sh.600548,9.0500,9.2000,9.0200,9.2000,2267376,20722569.0000,3
2020-12-14,20201214103000000,sh.600548,9.1800,9.2100,9.0800,9.0800,1085000,9901791.0000,3
2020-12-14,20201214113000000,sh.600548,9.0800,9.0900,8.9800,9.0000,879821,7947933.0000,3
2020-12-14,20201214140000000,sh.600548,9.0000,9.0000,8.8000,8.8600,2923279,25956956.0000,3
2020-12-14,20201214150000000,sh.600548,8.8600,8.9000,8.8500,8.8900,748416,6637414.0000,3
2020-12-15,20201215103000000,sh.600548,8.9000,8.9100,8.8200,8.8500,950974,8423111.0000,3
2020-12-15,20201215113000000,sh.600548,8.8500,8.8800,8.7900,8.8000,933244,8235697.0000,3
2020-12-15,20201215140000000,sh.600548,8.8100,8.8400,8.7900,8.8200,520400,4582785.0000,3
2020-12-15,20201215150000000,sh.600548,8.8200,8.8600,8.8100,8.8400,313679,2773341.0000,3
2020-12-16,20201216103000000,sh.600548,8.8400,8.8700,8.7900,8.8000,719840,6349592.0000,3
2020-12-16,20201216113000000,sh.600548,8.8000,8.8300,8.7900,8.8000,559756,4928102.0000,3
2020-12-16,20201216140000000,sh.600548,8.8000,8.8400,8.8000,8.8200,284600,2510310.0000,3
2020-12-16,20201216150000000,sh.600548,8.8200,8.8600,8.8100,8.8100,322700,2850517.0000,3
2020-12-17,20201217103000000,sh.600548,8.8700,8.8700,8.8100,8.8500,451076,3992455.0000,3
2020-12-17,20201217113000000,sh.600548,8.8500,8.8600,8.8200,8.8600,116084,1026890.0000,3
2020-12-17,20201217140000000,sh.600548,8.8500,8.8700,8.8400,8.8500,129523,1147157.0000,3
2020-12-17,20201217150000000,sh.600548,8.8500,8.8700,8.8500,8.8600,247700,2195465.0000,3
2020-12-18,20201218103000000,sh.600548,8.8800,8.9100,8.8500,8.9100,380420,3383414.0000,3
2020-12-18,20201218113000000,sh.600548,8.9100,9.0300,8.8900,9.0200,667849,5978711.0000,3
2020-12-18,20201218140000000,sh.600548,9.0200,9.0200,8.9500,8.9500,418257,3754331.0000,3
2020-12-18,20201218150000000,sh.600548,8.9500,8.9700,8.8600,8.8700,751200,6695125.0000,3
2020-12-21,20201221103000000,sh.600548,8.9400,8.9500,8.8600,8.9100,461000,4110084.0000,3
2020-12-21,20201221113000000,sh.600548,8.9100,8.9400,8.9100,8.9200,269400,2404427.0000,3
2020-12-21,20201221140000000,sh.600548,8.9200,8.9300,8.9100,8.9200,141099,1258953.0000,3
2020-12-21,20201221150000000,sh.600548,8.9200,8.9300,8.9000,8.9100,294600,2625247.0000,3
2020-12-22,20201222103000000,sh.600548,8.9000,8.9100,8.8400,8.9000,444400,3942794.0000,3
2020-12-22,20201222113000000,sh.600548,8.9000,8.9200,8.8900,8.9000,205986,1834589.0000,3
2020-12-22,20201222140000000,sh.600548,8.9000,8.9400,8.8900,8.9300,383300,3416889.0000,3
2020-12-22,20201222150000000,sh.600548,8.9300,8.9300,8.8800,8.8900,727723,6480549.0000,3
2020-12-23,20201223103000000,sh.600548,8.9400,8.9500,8.8500,8.9000,319000,2837384.0000,3
2020-12-23,20201223113000000,sh.600548,8.9000,8.9000,8.8500,8.8800,267100,2369265.0000,3
2020-12-23,20201223140000000,sh.600548,8.8800,8.9000,8.8600,8.8600,216300,1919076.0000,3
2020-12-23,20201223150000000,sh.600548,8.8600,8.9000,8.8600,8.8700,184900,1642953.0000,3
2020-12-24,20201224103000000,sh.600548,8.8800,8.9200,8.8400,8.8800,321934,2858468.0000,3
2020-12-24,20201224113000000,sh.600548,8.8800,8.9100,8.8100,8.8600,526800,4664786.0000,3
2020-12-24,20201224140000000,sh.600548,8.8600,8.8900,8.8200,8.8400,403100,3564441.0000,3
2020-12-24,20201224150000000,sh.600548,8.8400,8.8600,8.8000,8.8100,331100,2921086.0000,3
2020-12-25,20201225103000000,sh.600548,8.8400,8.8600,8.8000,8.8500,214300,1893012.0000,3
2020-12-25,20201225113000000,sh.600548,8.8500,8.8600,8.8300,8.8500,202670,1792595.0000,3
2020-12-25,20201225140000000,sh.600548,8.8500,8.8700,8.8300,8.8700,156200,1384305.0000,3
2020-12-25,20201225150000000,sh.600548,8.8700,8.8800,8.8500,8.8600,337600,2993156.0000,3
2020-12-28,20201228103000000,sh.600548,8.9100,8.9100,8.8300,8.8500,480300,4250647.0000,3
2020-12-28,20201228113000000,sh.600548,8.8500,8.8700,8.8400,8.8500,175500,1553789.0000,3
2020-12-28,20201228140000000,sh.600548,8.8500,8.8800,8.8200,8.8400,353300,3124665.0000,3
2020-12-28,20201228150000000,sh.600548,8.8400,8.8500,8.8100,8.8200,410100,3620038.0000,3
2020-12-29,20201229103000000,sh.600548,8.8500,8.8900,8.8200,8.8800,396600,3513936.0000,3
2020-12-29,20201229113000000,sh.600548,8.8800,8.9200,8.8800,8.9100,390100,3471120.0000,3
2020-12-29,20201229140000000,sh.600548,8.9100,8.9200,8.8800,8.9000,247600,2204488.0000,3
2020-12-29,20201229150000000,sh.600548,8.9000,8.9200,8.8900,8.9200,242034,2155611.0000,3
2020-12-30,20201230103000000,sh.600548,8.9300,8.9300,8.8600,8.8800,280700,2493428.0000,3
2020-12-30,20201230113000000,sh.600548,8.8800,8.9000,8.8400,8.8800,440884,3905780.0000,3
2020-12-30,20201230140000000,sh.600548,8.8700,8.9000,8.8300,8.8400,660016,5845588.0000,3
2020-12-30,20201230150000000,sh.600548,8.8400,8.9000,8.8300,8.8900,702000,6217374.0000,3
2020-12-31,20201231103000000,sh.600548,8.9000,8.9200,8.8400,8.8600,906200,8058049.0000,3
2020-12-31,20201231113000000,sh.600548,8.8600,8.8900,8.8500,8.8800,409001,3626445.0000,3
2020-12-31,20201231140000000,sh.600548,8.8800,8.9000,8.8600,8.9000,242605,2154987.0000,3
2020-12-31,20201231150000000,sh.600548,8.9000,8.9000,8.8800,8.8800,343000,3047455.0000,3
