date,time,code,open,high,low,close,volume,amount,adjustflag
2020-08-11,20200811103000000,sh.688155,88.0000,92.0000,84.3000,86.0100,7234739,628073712.0000,3
2020-08-11,20200811113000000,sh.688155,86.0100,86.6000,84.3000,85.0200,1609996,136824544.0000,3
2020-08-11,20200811140000000,sh.688155,85.0000,85.0200,81.8800,82.3300,1508072,125398800.0000,3
2020-08-11,20200811150000000,sh.688155,82.3300,83.0000,81.8900,82.0100,2067862,169748048.0000,3
2020-08-12,20200812103000000,sh.688155,77.0000,77.0000,68.5000,69.9800,5430106,389743776.0000,3
2020-08-12,20200812113000000,sh.688155,69.8000,71.2600,68.9000,68.9100,791561,55252528.0000,3
2020-08-12,20200812140000000,sh.688155,68.8000,69.5100,68.4800,68.8800,797576,54954368.0000,3
2020-08-12,20200812150000000,sh.688155,68.8800,71.8500,68.6300,68.7100,1027802,71632528.0000,3
2020-08-13,20200813103000000,sh.688155,69.0000,71.0000,66.0600,69.4900,2336645,159403689.0000,3
2020-08-13,20200813113000000,sh.688155,69.4900,71.3600,69.1600,69.2800,908410,63858115.0000,3
2020-08-13,20200813140000000,sh.688155,69.2700,69.9500,67.0800,67.5000,589618,40522531.0000,3
2020-08-13,20200813150000000,sh.688155,67.5000,67.7800,66.5000,67.1600,964227,64609217.0000,3
2020-08-14,20200814103000000,sh.688155,67.0000,67.8800,65.6600,67.3800,1390350,92293993.0000,3
2020-08-14,20200814113000000,sh.688155,67.1500,67.3800,65.8600,66.5000,547637,36374809.0000,3
2020-08-14,20200814140000000,sh.688155,66.3000,66.8400,65.7500,65.9000,614780,40729326.0000,3
2020-08-14,20200814150000000,sh.688155,65.9000,66.4000,65.8500,66.1000,790401,52259265.0000,3
2020-08-17,20200817103000000,sh.688155,66.3000,67.8000,66.2300,66.4000,1471788,98551897.0000,3
2020-08-17,20200817113000000,sh.688155,66.4000,67.3600,66.3400,66.9500,311773,20832945.0000,3
2020-08-17,20200817140000000,sh.688155,66.9300,67.5000,66.6800,67.2900,384913,25832712.0000,3
2020-08-17,20200817150000000,sh.688155,67.3000,67.7400,66.5900,66.7300,765447,51290875.0000,3
2020-08-18,20200818103000000,sh.688155,66.6600,66.8000,64.5000,65.8000,1619937,105982993.0000,3
2020-08-18,20200818113000000,sh.688155,65.6900,65.8000,64.8800,65.6000,360620,23505082.0000,3
2020-08-18,20200818140000000,sh.688155,65.6300,65.8200,64.8500,65.0000,431281,28186357.0000,3
2020-08-18,20200818150000000,sh.688155,65.0000,65.4900,64.8100,65.1500,722601,46998157.0000,3
2020-08-19,20200819103000000,sh.688155,65.0100,65.6700,63.5500,63.6500,1312806,84609846.0000,3
2020-08-19,20200819113000000,sh.688155,63.6500,64.0900,63.3600,63.8300,465113,29594907.0000,3
2020-08-19,20200819140000000,sh.688155,63.8300,63.9500,63.4000,63.5000,399063,25388636.0000,3
2020-08-19,20200819150000000,sh.688155,63.5600,63.5600,62.0000,62.0000,942848,59132981.0000,3
2020-08-20,20200820103000000,sh.688155,61.2000,61.8700,60.4500,60.5200,953921,58189345.0000,3
2020-08-20,20200820113000000,sh.688155,60.5100,60.5100,60.0500,60.2700,474077,28602948.0000,3
2020-08-20,20200820140000000,sh.688155,60.2100,60.4800,60.1600,60.4000,291892,17618212.0000,3
2020-08-20,20200820150000000,sh.688155,60.4000,60.4000,59.6500,59.8000,613214,36778916.0000,3
2020-08-21,20200821103000000,sh.688155,60.3000,60.9800,59.8800,60.4600,573402,34670143.0000,3
2020-08-21,20200821113000000,sh.688155,60.4600,60.6500,60.1300,60.5000,196860,11895144.0000,3
2020-08-21,20200821140000000,sh.688155,60.4100,62.0000,60.3300,61.5000,853574,52421629.0000,3
2020-08-21,20200821150000000,sh.688155,61.5100,61.7200,60.7300,61.0300,423573,25913673.0000,3
2020-08-24,20200824103000000,sh.688155,60.4200,60.5000,57.1000,57.6800,1263047,73537407.0000,3
2020-08-24,20200824113000000,sh.688155,57.6800,58.3000,57.4000,58.2800,330436,19089316.0000,3
2020-08-24,20200824140000000,sh.688155,58.2800,58.8800,58.1200,58.7100,206648,12087429.0000,3
2020-08-24,20200824150000000,sh.688155,58.7100,58.7600,57.8000,58.0300,344643,20067713.0000,3
2020-08-25,20200825103000000,sh.688155,58.5000,58.8900,57.8600,58.4600,428310,24992250.0000,3
2020-08-25,20200825113000000,sh.688155,58.3600,58.4400,58.0000,58.2100,246295,14332135.0000,3
2020-08-25,20200825140000000,sh.688155,58.2100,59.8700,58.2100,58.9100,460114,27248450.0000,3
2020-08-25,20200825150000000,sh.688155,58.9000,59.5200,58.8800,59.0400,347123,20534561.0000,3
2020-08-26,20200826103000000,sh.688155,59.2000,61.3800,59.0500,61.3600,1053144,63830725.0000,3
2020-08-26,20200826113000000,sh.688155,61.2400,61.3000,59.8000,59.9600,362781,21912989.0000,3
2020-08-26,20200826140000000,sh.688155,59.9800,60.9600,59.8500,60.0600,343066,20701847.0000,3
2020-08-26,20200826150000000,sh.688155,60.0600,60.3500,59.4200,59.9100,424891,25427621.0000,3
2020-08-27,20200827103000000,sh.688155,59.9100,60.1600,58.0000,58.2500,699066,40869546.0000,3
2020-08-27,20200827113000000,sh.688155,58.2700,59.2000,58.2100,59.0700,234205,13758310.0000,3
2020-08-27,20200827140000000,sh.688155,59.2500,59.6000,59.0200,59.2000,224254,13301926.0000,3
2020-08-27,20200827150000000,sh.688155,59.2000,60.5400,59.2000,60.0900,422881,25406258.0000,3
2020-08-28,20200828103000000,sh.688155,61.0000,63.6400,61.0000,61.4100,1428089,89036965.0000,3
2020-08-28,20200828113000000,sh.688155,61.4300,61.7700,60.7000,60.8800,247856,15212437.0000,3
2020-08-28,20200828140000000,sh.688155,61.1100,61.1700,60.4100,60.5200,357717,21737296.0000,3
2020-08-28,20200828150000000,sh.688155,60.5200,60.7500,60.2000,60.5800,480005,29022209.0000,3
2020-08-31,20200831103000000,sh.688155,60.5700,60.6800,58.8000,60.5700,824345,49249720.0000,3
2020-08-31,20200831113000000,sh.688155,60.5800,61.2500,60.2200,60.4700,351742,21367793.0000,3
2020-08-31,20200831140000000,sh.688155,60.3200,60.8000,60.2500,60.7500,129365,7836261.0000,3
2020-08-31,20200831150000000,sh.688155,60.7500,60.7500,59.4000,59.4900,369044,22070469.0000,3
2020-09-01,20200901103000000,sh.688155,59.1900,61.8800,59.1900,60.6000,916282,55694244.0000,3
2020-09-01,20200901113000000,sh.688155,60.6000,60.9700,60.0400,60.5000,193780,11740500.0000,3
2020-09-01,20200901140000000,sh.688155,60.6000,60.7300,60.5000,60.6200,145114,8795900.0000,3
2020-09-01,20200901150000000,sh.688155,60.6200,60.8500,60.3300,60.8000,218754,13266925.0000,3
2020-09-02,20200902103000000,sh.688155,60.9000,61.5000,59.4000,60.0700,520517,31272584.0000,3
2020-09-02,20200902113000000,sh.688155,59.8900,60.3600,59.7500,60.3200,196042,11770715.0000,3
2020-09-02,20200902140000000,sh.688155,60.3100,60.6200,60.0000,60.2700,195025,11768508.0000,3
2020-09-02,20200902150000000,sh.688155,60.2700,60.2700,59.7800,59.8400,389643,23369798.0000,3
2020-09-03,20200903103000000,sh.688155,59.9000,59.9800,58.8600,59.1100,407224,24101643.0000,3
2020-09-03,20200903113000000,sh.688155,59.1100,59.7200,58.9800,59.3300,234687,13900837.0000,3
2020-09-03,20200903140000000,sh.688155,59.0500,59.2900,58.9900,59.2100,169975,10045777.0000,3
2020-09-03,20200903150000000,sh.688155,59.2100,59.2100,58.3200,58.4500,434607,25481868.0000,3
2020-09-04,20200904103000000,sh.688155,57.0200,57.9300,56.8800,57.3900,568421,32516167.0000,3
2020-09-04,20200904113000000,sh.688155,57.3900,57.6500,57.1500,57.3200,89106,5108660.0000,3
2020-09-04,20200904140000000,sh.688155,57.3200,58.2200,57.2000,57.9300,178385,10292716.0000,3
2020-09-04,20200904150000000,sh.688155,57.9300,58.5800,57.8000,58.4500,232280,13530461.0000,3
2020-09-07,20200907103000000,sh.688155,58.2900,59.0600,57.8100,58.0500,335509,19618920.0000,3
2020-09-07,20200907113000000,sh.688155,58.0500,58.2500,57.6000,58.0600,139856,8100258.0000,3
2020-09-07,20200907140000000,sh.688155,58.0000,58.1600,57.4400,57.4700,149145,8609047.0000,3
2020-09-07,20200907150000000,sh.688155,57.4700,57.5500,56.1400,56.2100,463408,26269161.0000,3
2020-09-08,20200908103000000,sh.688155,56.1600,56.5900,55.0000,55.3400,340515,18937715.0000,3
2020-09-08,20200908113000000,sh.688155,55.3000,55.3600,54.7700,54.9200,232563,12810412.0000,3
2020-09-08,20200908140000000,sh.688155,54.8600,55.3900,54.8100,55.3100,139588,7700335.0000,3
2020-09-08,20200908150000000,sh.688155,55.3000,55.3800,54.8500,54.8500,240739,13257192.0000,3
2020-09-09,20200909103000000,sh.688155,54.3900,54.5400,52.4000,52.7900,594795,31643057.0000,3
2020-09-09,20200909113000000,sh.688155,52.7900,53.3500,52.5000,53.1000,201647,10675822.0000,3
2020-09-09,20200909140000000,sh.688155,53.1000,53.2500,52.5800,52.5800,169220,8932981.0000,3
2020-09-09,20200909150000000,sh.688155,52.6300,52.8700,51.6100,51.6100,331296,17250422.0000,3
2020-09-10,20200910103000000,sh.688155,52.3100,52.5000,51.8400,52.0800,318721,16602862.0000,3
2020-09-10,20200910113000000,sh.688155,52.1500,52.7700,51.9500,52.1800,224898,11776458.0000,3
2020-09-10,20200910140000000,sh.688155,52.1800,52.2900,51.8500,52.1200,123696,6436233.0000,3
2020-09-10,20200910150000000,sh.688155,52.1200,52.1200,50.8000,51.0300,291577,14985377.0000,3
2020-09-11,20200911103000000,sh.688155,51.1000,52.1200,50.5600,52.1000,369559,18965597.0000,3
2020-09-11,20200911113000000,sh.688155,52.0900,52.5500,51.8900,52.3500,251291,13138033.0000,3
2020-09-11,20200911140000000,sh.688155,52.1200,53.5400,52.1200,53.1900,346692,18394251.0000,3
2020-09-11,20200911150000000,sh.688155,53.1900,54.1700,53.0800,54.0100,353419,19029570.0000,3
2020-09-14,20200914103000000,sh.688155,54.9300,55.0000,53.9100,53.9700,537532,29161772.0000,3
2020-09-14,20200914113000000,sh.688155,53.9700,54.1400,53.2600,53.7400,293733,15759363.0000,3
2020-09-14,20200914140000000,sh.688155,53.7400,54.6500,53.5400,53.8000,223840,12131198.0000,3
2020-09-14,20200914150000000,sh.688155,53.8000,54.0200,53.5000,53.9000,166699,8978222.0000,3
2020-09-15,20200915103000000,sh.688155,54.2000,54.3300,53.1500,54.0800,320357,17265212.0000,3
2020-09-15,20200915113000000,sh.688155,54.0400,54.3900,53.7900,54.3500,131313,7102002.0000,3
2020-09-15,20200915140000000,sh.688155,54.3600,55.2200,54.0300,54.6600,413409,22594014.0000,3
2020-09-15,20200915150000000,sh.688155,54.6600,54.8800,54.5000,54.6700,218424,11946748.0000,3
2020-09-16,20200916103000000,sh.688155,54.6700,54.8100,54.0500,54.3700,254278,13806499.0000,3
2020-09-16,20200916113000000,sh.688155,54.3700,54.7300,54.0200,54.0600,97187,5279508.0000,3
2020-09-16,20200916140000000,sh.688155,54.0600,54.4500,53.8800,54.1600,108430,5871275.0000,3
2020-09-16,20200916150000000,sh.688155,54.2600,54.7900,53.9200,54.7200,213857,11641212.0000,3
2020-09-17,20200917103000000,sh.688155,54.8200,61.6100,54.4200,60.8100,1815869,104741631.0000,3
2020-09-17,20200917113000000,sh.688155,60.8100,64.6900,60.2000,63.1900,2204201,138937794.0000,3
2020-09-17,20200917140000000,sh.688155,63.2600,65.6600,63.2600,65.6600,2227503,145595135.0000,3
2020-09-17,20200917150000000,sh.688155,65.6600,65.6600,64.7200,65.6600,994422,65093312.0000,3
2020-09-18,20200918103000000,sh.688155,64.0100,65.4100,61.8800,62.5100,3008500,190337838.0000,3
2020-09-18,20200918113000000,sh.688155,62.5100,62.8500,60.8100,61.4000,1028703,63159503.0000,3
2020-09-18,20200918140000000,sh.688155,61.4200,61.6000,60.3700,60.9900,665756,40658963.0000,3
2020-09-18,20200918150000000,sh.688155,61.0000,62.4500,60.6700,61.6000,724420,44525792.0000,3
2020-09-21,20200921103000000,sh.688155,60.4800,62.3000,59.6600,61.9200,1212887,74051382.0000,3
2020-09-21,20200921113000000,sh.688155,61.8900,62.2800,61.1200,61.7600,574523,35525252.0000,3
2020-09-21,20200921140000000,sh.688155,61.7600,61.9300,61.0000,61.5200,321219,19744860.0000,3
2020-09-21,20200921150000000,sh.688155,61.5200,61.5200,60.4200,60.8100,471487,28706806.0000,3
2020-09-22,20200922103000000,sh.688155,61.0600,61.1600,58.2100,59.3600,1154701,68574665.0000,3
2020-09-22,20200922113000000,sh.688155,59.3500,59.7500,59.0000,59.5000,289074,17190714.0000,3
2020-09-22,20200922140000000,sh.688155,59.5000,59.7500,58.6000,58.6100,331623,19674096.0000,3
2020-09-22,20200922150000000,sh.688155,58.6100,58.9600,57.8600,58.8500,599404,34946753.0000,3
2020-09-23,20200923103000000,sh.688155,58.7100,59.5000,58.0900,58.7600,611892,36047027.0000,3
2020-09-23,20200923113000000,sh.688155,58.6900,59.1900,58.3100,59.0000,363264,21376281.0000,3
2020-09-23,20200923140000000,sh.688155,59.1000,59.8800,58.9100,59.1900,578757,34334692.0000,3
2020-09-23,20200923150000000,sh.688155,59.1800,60.3500,59.0900,59.7500,631468,37695081.0000,3
2020-09-24,20200924103000000,sh.688155,59.0000,59.0200,57.7000,58.0000,731311,42500455.0000,3
2020-09-24,20200924113000000,sh.688155,58.0000,62.8800,57.7800,62.5300,1605056,97460247.0000,3
2020-09-24,20200924140000000,sh.688155,62.6200,62.6300,60.3300,62.1000,738753,45626419.0000,3
2020-09-24,20200924150000000,sh.688155,62.1000,62.5100,61.1800,61.4100,594306,36748311.0000,3
2020-09-25,20200925103000000,sh.688155,61.4600,62.8000,60.5100,60.8800,1015382,62468502.0000,3
2020-09-25,20200925113000000,sh.688155,60.8800,61.6100,59.3800,59.6000,539194,32614912.0000,3
2020-09-25,20200925140000000,sh.688155,59.5900,60.1500,57.2300,57.4200,823355,48063282.0000,3
2020-09-25,20200925150000000,sh.688155,57.4200,57.6100,54.5000,54.9500,1438143,80329508.0000,3
2020-09-28,20200928103000000,sh.688155,54.6100,55.3200,53.4100,54.2900,674925,36767768.0000,3
2020-09-28,20200928113000000,sh.688155,54.2900,54.4500,53.0000,53.6500,370574,19880287.0000,3
2020-09-28,20200928140000000,sh.688155,53.6100,53.8700,53.2600,53.3300,198643,10629588.0000,3
2020-09-28,20200928150000000,sh.688155,53.3300,53.5300,52.5300,52.7500,291197,15448279.0000,3
2020-09-29,20200929103000000,sh.688155,53.1500,55.0600,52.9300,55.0000,755303,40842294.0000,3
2020-09-29,20200929113000000,sh.688155,54.9800,55.3100,54.4100,54.7000,347715,19080754.0000,3
2020-09-29,20200929140000000,sh.688155,54.6500,54.8600,54.0600,54.1200,165769,9007798.0000,3
2020-09-29,20200929150000000,sh.688155,54.1200,54.4600,53.1200,53.1200,301113,16180429.0000,3
2020-09-30,20200930103000000,sh.688155,53.4000,54.0500,53.1200,53.6300,230550,12347133.0000,3
2020-09-30,20200930113000000,sh.688155,53.6300,53.8500,53.2500,53.2500,120273,6430801.0000,3
2020-09-30,20200930140000000,sh.688155,53.2900,53.3500,52.8000,53.0300,200441,10631198.0000,3
2020-09-30,20200930150000000,sh.688155,53.1000,53.8600,52.8500,53.0000,217934,11596904.0000,3
2020-10-09,20201009103000000,sh.688155,55.0000,55.5800,53.7100,55.1000,625914,34335125.0000,3
2020-10-09,20201009113000000,sh.688155,55.1100,55.8800,55.1100,55.5700,230972,12851401.0000,3
2020-10-09,20201009140000000,sh.688155,55.5700,55.6800,55.1800,55.3300,151887,8409495.0000,3
2020-10-09,20201009150000000,sh.688155,55.3300,55.8000,54.9600,55.3000,267237,14772537.0000,3
2020-10-12,20201012103000000,sh.688155,56.2600,58.7500,55.9800,57.9000,1028288,58911832.0000,3
2020-10-12,20201012113000000,sh.688155,57.9000,58.1000,57.6300,57.9400,251430,14539981.0000,3
2020-10-12,20201012140000000,sh.688155,57.9400,58.0700,57.1600,57.3400,224684,12939088.0000,3
2020-10-12,20201012150000000,sh.688155,57.4000,58.0000,57.1800,58.0000,285192,16415084.0000,3
2020-10-13,20201013103000000,sh.688155,58.5900,59.4900,57.5100,58.8600,694124,40578989.0000,3
2020-10-13,20201013113000000,sh.688155,58.8100,59.0600,58.1500,58.7000,349808,20513937.0000,3
2020-10-13,20201013140000000,sh.688155,58.7000,58.8400,58.4200,58.8300,157956,9264653.0000,3
2020-10-13,20201013150000000,sh.688155,58.8300,58.8300,58.4400,58.6900,305640,17917391.0000,3
2020-10-14,20201014103000000,sh.688155,58.2900,61.8100,58.0300,60.5200,1252933,75412293.0000,3
2020-10-14,20201014113000000,sh.688155,60.5200,60.8600,60.0600,60.4600,278425,16830871.0000,3
2020-10-14,20201014140000000,sh.688155,60.4600,60.5200,59.6400,60.0000,203530,12211704.0000,3
2020-10-14,20201014150000000,sh.688155,60.0000,60.6000,60.0000,60.5700,296047,17871735.0000,3
2020-10-15,20201015103000000,sh.688155,60.8800,62.5000,59.6000,61.0000,815671,50046697.0000,3
2020-10-15,20201015113000000,sh.688155,61.0000,61.2800,60.2200,61.2400,279996,17027748.0000,3
2020-10-15,20201015140000000,sh.688155,61.2400,61.3000,60.4700,60.7600,201493,12258117.0000,3
2020-10-15,20201015150000000,sh.688155,60.7600,60.7600,60.0500,60.5600,311515,18819764.0000,3
2020-10-16,20201016103000000,sh.688155,60.0000,61.4500,59.8000,60.6600,625779,37858310.0000,3
2020-10-16,20201016113000000,sh.688155,60.6600,60.8200,60.2000,60.3000,276428,16735647.0000,3
2020-10-16,20201016140000000,sh.688155,60.3600,63.1100,60.3600,62.3700,796343,49478433.0000,3
2020-10-16,20201016150000000,sh.688155,62.3700,62.5000,61.5800,61.9000,322473,19952659.0000,3
2020-10-19,20201019103000000,sh.688155,63.1800,64.3800,62.3100,64.0000,1028941,65356246.0000,3
2020-10-19,20201019113000000,sh.688155,63.9200,65.8800,63.9000,65.4200,712555,46344475.0000,3
2020-10-19,20201019140000000,sh.688155,65.4200,65.8000,64.6200,64.6600,442518,28871854.0000,3
2020-10-19,20201019150000000,sh.688155,64.7000,65.2200,64.5000,64.7900,468926,30453141.0000,3
2020-10-20,20201020103000000,sh.688155,64.7600,66.7900,63.6300,65.2900,893444,58188917.0000,3
2020-10-20,20201020113000000,sh.688155,65.2900,65.4000,64.5400,65.2100,263873,17149019.0000,3
2020-10-20,20201020140000000,sh.688155,65.2100,66.7000,65.2100,66.3200,525976,34849632.0000,3
2020-10-20,20201020150000000,sh.688155,66.3200,66.9400,65.6000,66.6000,417616,27794978.0000,3
2020-10-21,20201021103000000,sh.688155,67.0000,73.0000,66.7000,71.2500,1446897,101630584.0000,3
2020-10-21,20201021113000000,sh.688155,71.1100,71.2700,68.1500,68.6800,484905,34064959.0000,3
2020-10-21,20201021140000000,sh.688155,68.6800,70.6000,68.5100,70.0000,412647,28741815.0000,3
2020-10-21,20201021150000000,sh.688155,70.0000,70.1800,66.5000,66.7800,578551,39413717.0000,3
2020-10-22,20201022103000000,sh.688155,66.3800,70.8800,66.3800,70.2100,1448822,100265571.0000,3
2020-10-22,20201022113000000,sh.688155,70.2000,70.2000,69.4200,69.9100,254001,17719100.0000,3
2020-10-22,20201022140000000,sh.688155,69.9100,71.6000,69.9100,70.6800,527069,37360642.0000,3
2020-10-22,20201022150000000,sh.688155,70.6900,71.0500,68.6000,70.3600,551263,38591305.0000,3
2020-10-23,20201023103000000,sh.688155,70.4000,75.1600,69.2100,70.4700,1746602,126524359.0000,3
2020-10-23,20201023113000000,sh.688155,70.4700,71.7500,70.4700,71.0100,564410,40155639.0000,3
2020-10-23,20201023140000000,sh.688155,71.0100,71.5700,70.5800,71.3300,256069,18194846.0000,3
2020-10-23,20201023150000000,sh.688155,71.3300,71.3400,68.3000,70.9500,528720,37002643.0000,3
2020-10-26,20201026103000000,sh.688155,70.0200,75.1000,68.1600,74.7000,1287768,94215642.0000,3
2020-10-26,20201026113000000,sh.688155,74.7800,75.8800,74.5600,75.8800,586505,44220472.0000,3
2020-10-26,20201026140000000,sh.688155,75.9100,76.5500,74.8600,75.6000,356258,27009004.0000,3
2020-10-26,20201026150000000,sh.688155,75.7500,77.3100,74.9000,77.3100,550188,41881566.0000,3
2020-10-27,20201027103000000,sh.688155,76.5000,78.5700,75.3100,76.8200,1153448,89126349.0000,3
2020-10-27,20201027113000000,sh.688155,76.8200,78.3000,76.7000,77.0000,369690,28673586.0000,3
2020-10-27,20201027140000000,sh.688155,77.3000,78.1600,76.3000,76.5200,272183,21046262.0000,3
2020-10-27,20201027150000000,sh.688155,76.5200,77.3300,76.0100,77.1600,276732,21243681.0000,3
2020-10-28,20201028103000000,sh.688155,76.5800,77.9800,75.0100,77.0200,797270,60860216.0000,3
2020-10-28,20201028113000000,sh.688155,77.1500,77.6300,76.0000,76.6100,309752,23782322.0000,3
2020-10-28,20201028140000000,sh.688155,76.5200,78.5900,76.5200,78.4000,439008,34309314.0000,3
2020-10-28,20201028150000000,sh.688155,78.3900,78.7500,77.5600,78.7500,397398,31129121.0000,3
2020-10-29,20201029103000000,sh.688155,74.2000,77.0000,73.0200,75.4000,1330162,99211694.0000,3
2020-10-29,20201029113000000,sh.688155,75.4000,78.0000,75.4000,77.8900,298680,22906129.0000,3
2020-10-29,20201029140000000,sh.688155,77.8900,78.6100,77.0000,78.1600,287973,22396386.0000,3
2020-10-29,20201029150000000,sh.688155,78.1600,78.7800,75.6900,75.6900,574586,44150166.0000,3
2020-10-30,20201030103000000,sh.688155,75.0000,77.2900,74.1000,76.3000,571668,43121369.0000,3
2020-10-30,20201030113000000,sh.688155,76.3500,76.8500,75.5100,76.3500,219567,16723140.0000,3
2020-10-30,20201030140000000,sh.688155,76.3500,77.4900,75.5000,75.6100,251350,19265973.0000,3
2020-10-30,20201030150000000,sh.688155,75.6200,76.1500,74.2600,74.2600,245415,18556280.0000,3
2020-11-02,20201102103000000,sh.688155,72.6600,80.1800,72.6600,78.0000,825432,63615464.0000,3
2020-11-02,20201102113000000,sh.688155,77.9600,79.9700,77.7100,79.6200,294814,23227248.0000,3
2020-11-02,20201102140000000,sh.688155,79.2000,81.7800,78.9800,80.9500,350822,28231993.0000,3
2020-11-02,20201102150000000,sh.688155,80.9500,80.9500,79.1800,80.0000,269397,21489341.0000,3
2020-11-03,20201103103000000,sh.688155,79.7400,81.5000,77.0800,78.3800,623230,49131180.0000,3
2020-11-03,20201103113000000,sh.688155,78.3800,79.0000,77.6900,78.8400,160436,12553021.0000,3
2020-11-03,20201103140000000,sh.688155,78.8400,82.7800,78.5300,81.4600,444271,36053629.0000,3
2020-11-03,20201103150000000,sh.688155,81.4600,81.4600,79.2600,80.8000,164780,13185739.0000,3
2020-11-04,20201104103000000,sh.688155,80.7000,83.3900,78.8800,82.5000,505822,40928199.0000,3
2020-11-04,20201104113000000,sh.688155,82.5000,82.7000,80.4500,80.4500,157710,12845933.0000,3
2020-11-04,20201104140000000,sh.688155,80.4600,80.6700,78.3800,79.7000,132085,10520352.0000,3
2020-11-04,20201104150000000,sh.688155,79.7100,83.0300,79.6600,82.2100,311133,25579271.0000,3
2020-11-05,20201105103000000,sh.688155,82.8000,90.8800,82.8000,90.2900,1128551,99392395.0000,3
2020-11-05,20201105113000000,sh.688155,90.1300,90.9900,89.2300,89.9900,352736,31823722.0000,3
2020-11-05,20201105140000000,sh.688155,90.0000,90.6100,87.0100,87.7000,310160,27577251.0000,3
2020-11-05,20201105150000000,sh.688155,87.7600,89.2800,87.5000,87.8500,266544,23496270.0000,3
2020-11-06,20201106103000000,sh.688155,90.0000,92.5500,88.0300,88.5800,721465,65212763.0000,3
2020-11-06,20201106113000000,sh.688155,88.5800,90.6000,88.5000,88.9800,121914,10899479.0000,3
2020-11-06,20201106140000000,sh.688155,88.9900,90.0000,88.3000,88.4100,97179,8667129.0000,3
2020-11-06,20201106150000000,sh.688155,88.4100,90.5000,88.4100,89.1700,176156,15752427.0000,3
2020-11-09,20201109103000000,sh.688155,92.0000,92.0000,86.0800,87.1600,605165,53338339.0000,3
2020-11-09,20201109113000000,sh.688155,87.1600,88.6000,84.8500,86.0000,567572,48890365.0000,3
2020-11-09,20201109140000000,sh.688155,86.0600,87.5700,84.9200,87.5000,265519,22840913.0000,3
2020-11-09,20201109150000000,sh.688155,87.5000,88.0000,86.8000,87.0000,232034,20221701.0000,3
2020-11-10,20201110103000000,sh.688155,85.2600,88.4000,85.2600,85.3300,572615,49821964.0000,3
2020-11-10,20201110113000000,sh.688155,85.2800,85.3900,81.8700,82.0000,902175,75277098.0000,3
2020-11-10,20201110140000000,sh.688155,82.1500,82.7800,80.0300,81.3100,668307,54249937.0000,3
2020-11-10,20201110150000000,sh.688155,81.3600,81.3600,79.5600,80.0000,427654,34326397.0000,3
2020-11-11,20201111103000000,sh.688155,80.9400,81.7800,79.2000,79.7600,604336,48491756.0000,3
2020-11-11,20201111113000000,sh.688155,79.7600,79.7600,77.2000,78.1000,314653,24646408.0000,3
2020-11-11,20201111140000000,sh.688155,78.1000,79.2100,78.0500,78.4400,155629,12223399.0000,3
2020-11-11,20201111150000000,sh.688155,78.4400,79.4700,78.0100,78.7700,121785,9567998.0000,3
2020-11-12,20201112103000000,sh.688155,79.8800,80.5500,77.1200,80.3400,385267,30529109.0000,3
2020-11-12,20201112113000000,sh.688155,80.3100,82.3800,79.9900,80.0200,272420,22132315.0000,3
2020-11-12,20201112140000000,sh.688155,80.0200,80.5300,77.7000,78.2000,208226,16364492.0000,3
2020-11-12,20201112150000000,sh.688155,78.2000,78.2000,77.5000,77.7300,181830,14155724.0000,3
2020-11-13,20201113103000000,sh.688155,76.0500,79.2300,76.0500,76.2600,514858,39991670.0000,3
2020-11-13,20201113113000000,sh.688155,76.2600,78.5000,75.7200,77.8200,281247,21793311.0000,3
2020-11-13,20201113140000000,sh.688155,78.1000,78.5000,76.8000,77.6300,167303,13006950.0000,3
2020-11-13,20201113150000000,sh.688155,77.2000,78.3400,76.6000,77.5000,121134,9381785.0000,3
2020-11-16,20201116103000000,sh.688155,78.4000,78.7700,74.0000,76.4200,499913,37758166.0000,3
2020-11-16,20201116113000000,sh.688155,76.4200,79.7300,75.6000,79.4800,455530,35654970.0000,3
2020-11-16,20201116140000000,sh.688155,79.5000,81.5000,78.6700,80.5000,245569,19705037.0000,3
2020-11-16,20201116150000000,sh.688155,80.5000,80.8500,79.0500,79.2100,187660,15006595.0000,3
2020-11-17,20201117103000000,sh.688155,79.2100,86.0000,79.2100,83.1800,898617,75043951.0000,3
2020-11-17,20201117113000000,sh.688155,83.1800,83.4700,80.9900,81.0300,174417,14303080.0000,3
2020-11-17,20201117140000000,sh.688155,81.0300,82.8500,80.6100,82.2400,151150,12315239.0000,3
2020-11-17,20201117150000000,sh.688155,82.2400,83.3800,81.9200,82.8100,177850,14697270.0000,3
2020-11-18,20201118103000000,sh.688155,82.7000,85.0200,80.1900,81.7500,368243,30398541.0000,3
2020-11-18,20201118113000000,sh.688155,81.7500,83.0000,81.1900,81.6000,108533,8894071.0000,3
2020-11-18,20201118140000000,sh.688155,81.6000,82.7500,80.5000,82.0600,198514,16169871.0000,3
2020-11-18,20201118150000000,sh.688155,82.0600,82.6400,81.5000,82.4200,128878,10579490.0000,3
2020-11-19,20201119103000000,sh.688155,82.4200,82.5800,80.8300,82.0800,187049,15261392.0000,3
2020-11-19,20201119113000000,sh.688155,82.0800,85.8000,81.9100,85.1600,322342,27212102.0000,3
2020-11-19,20201119140000000,sh.688155,85.1600,87.9000,84.2200,86.3200,489074,41877260.0000,3
2020-11-19,20201119150000000,sh.688155,86.3200,87.7900,86.0000,87.7200,334905,29070541.0000,3
2020-11-20,20201120103000000,sh.688155,88.0000,88.0000,84.9000,86.9700,544424,47095448.0000,3
2020-11-20,20201120113000000,sh.688155,86.9800,87.8500,86.7400,87.3000,175453,15325943.0000,3
2020-11-20,20201120140000000,sh.688155,87.3000,87.7400,87.1100,87.6000,111392,9733164.0000,3
2020-11-20,20201120150000000,sh.688155,87.6000,87.7000,86.3000,87.5600,207724,18091543.0000,3
2020-11-23,20201123103000000,sh.688155,86.4200,86.8400,84.6900,85.1200,205846,17619167.0000,3
2020-11-23,20201123113000000,sh.688155,85.0800,85.7800,83.9900,84.6800,173066,14619607.0000,3
2020-11-23,20201123140000000,sh.688155,84.7200,85.6900,84.2000,85.1200,176293,14953806.0000,3
2020-11-23,20201123150000000,sh.688155,85.1200,87.3100,85.0000,86.2200,216009,18569667.0000,3
2020-11-24,20201124103000000,sh.688155,87.8000,88.9600,83.0000,83.3100,371227,31616590.0000,3
2020-11-24,20201124113000000,sh.688155,83.3100,84.2500,83.1300,83.4700,105496,8825690.0000,3
2020-11-24,20201124140000000,sh.688155,83.5000,83.5000,81.1000,81.7500,312174,25673737.0000,3
2020-11-24,20201124150000000,sh.688155,82.0000,83.7700,80.0500,81.7000,303559,24838215.0000,3
2020-11-25,20201125103000000,sh.688155,80.8800,83.4800,79.1100,81.5600,341563,27807769.0000,3
2020-11-25,20201125113000000,sh.688155,81.5600,84.1900,81.2600,83.5700,171080,14249266.0000,3
2020-11-25,20201125140000000,sh.688155,83.5700,83.8400,82.7100,83.0400,111597,9303408.0000,3
2020-11-25,20201125150000000,sh.688155,83.0400,83.0400,80.7800,81.0000,139403,11358036.0000,3
2020-11-26,20201126103000000,sh.688155,81.0000,82.2700,80.2600,81.0900,260442,21145863.0000,3
2020-11-26,20201126113000000,sh.688155,81.2800,81.5500,79.5600,79.8800,146542,11782244.0000,3
2020-11-26,20201126140000000,sh.688155,79.8800,80.4400,79.7100,80.0200,76023,6085314.0000,3
2020-11-26,20201126150000000,sh.688155,80.0200,80.8800,78.8000,80.8700,175963,14047157.0000,3
2020-11-27,20201127103000000,sh.688155,80.8500,83.3600,80.0300,82.0500,344459,28257327.0000,3
2020-11-27,20201127113000000,sh.688155,82.0500,82.0500,79.9000,80.2000,163713,13280307.0000,3
2020-11-27,20201127140000000,sh.688155,80.2000,81.1100,79.7800,81.0400,77358,6237954.0000,3
2020-11-27,20201127150000000,sh.688155,81.0400,81.8600,80.8500,81.3500,146984,11953966.0000,3
2020-11-30,20201130103000000,sh.688155,80.0000,80.9500,77.5000,80.6600,251148,19996919.0000,3
2020-11-30,20201130113000000,sh.688155,80.6600,81.9900,79.3900,81.3000,139544,11210848.0000,3
2020-11-30,20201130140000000,sh.688155,81.3600,81.6200,79.8000,80.0000,66490,5343452.0000,3
2020-11-30,20201130150000000,sh.688155,80.0000,80.4400,78.5500,80.0000,176520,14015000.0000,3
2020-12-01,20201201103000000,sh.688155,80.0000,81.8500,78.9200,79.8800,176191,14181833.0000,3
2020-12-01,20201201113000000,sh.688155,79.8800,81.4900,79.8400,80.0100,111489,8977587.0000,3
2020-12-01,20201201140000000,sh.688155,80.0100,81.0200,79.9400,81.0000,68329,5477628.0000,3
2020-12-01,20201201150000000,sh.688155,80.9000,82.4000,80.1200,82.4000,203276,16582180.0000,3
2020-12-02,20201202103000000,sh.688155,82.3200,83.3700,79.6600,80.0300,192313,15625866.0000,3
2020-12-02,20201202113000000,sh.688155,80.0300,80.8900,78.5100,79.1600,223067,17756453.0000,3
2020-12-02,20201202140000000,sh.688155,79.0600,80.0100,77.8100,77.9100,206684,16240428.0000,3
2020-12-02,20201202150000000,sh.688155,78.0600,79.1400,77.0000,77.7000,401702,31263376.0000,3
2020-12-03,20201203103000000,sh.688155,76.7700,78.1300,74.3500,74.6100,452012,34015340.0000,3
2020-12-03,20201203113000000,sh.688155,74.6000,75.2600,73.9000,74.6400,251190,18672176.0000,3
2020-12-03,20201203140000000,sh.688155,74.6800,74.8900,70.9900,73.9500,664191,48298895.0000,3
2020-12-03,20201203150000000,sh.688155,73.9500,76.0200,73.5000,75.6000,303313,22764351.0000,3
2020-12-04,20201204103000000,sh.688155,74.0000,77.5200,73.1800,76.4000,399874,30421238.0000,3
2020-12-04,20201204113000000,sh.688155,76.4000,76.9500,75.4600,76.0000,266471,20283723.0000,3
2020-12-04,20201204140000000,sh.688155,76.0000,76.0000,75.3800,75.5600,118209,8939862.0000,3
2020-12-04,20201204150000000,sh.688155,75.5600,75.8000,74.2000,75.0000,176603,13219483.0000,3
2020-12-07,20201207103000000,sh.688155,75.8800,75.8800,73.0300,73.7300,309895,23110055.0000,3
2020-12-07,20201207113000000,sh.688155,73.7300,74.5300,73.3000,73.8500,101441,7478018.0000,3
2020-12-07,20201207140000000,sh.688155,73.8500,73.8500,73.3100,73.3800,58955,4337752.0000,3
2020-12-07,20201207150000000,sh.688155,73.3800,73.8700,72.5100,72.8000,195777,14297899.0000,3
2020-12-08,20201208103000000,sh.688155,72.4600,73.8800,72.0000,73.6200,245029,17858663.0000,3
2020-12-08,20201208113000000,sh.688155,73.4500,73.5000,72.0000,72.2700,212555,15477728.0000,3
2020-12-08,20201208140000000,sh.688155,72.4400,75.0000,72.2800,74.1100,262703,19279094.0000,3
2020-12-08,20201208150000000,sh.688155,74.1100,74.3200,72.4000,72.7100,167634,12259272.0000,3
2020-12-09,20201209103000000,sh.688155,72.8700,73.8100,71.4000,73.2100,202572,14645528.0000,3
2020-12-09,20201209113000000,sh.688155,73.2100,74.4800,73.0100,73.4600,121636,8940583.0000,3
2020-12-09,20201209140000000,sh.688155,73.4600,73.6800,73.0000,73.2800,60302,4424856.0000,3
2020-12-09,20201209150000000,sh.688155,73.2200,73.9900,71.8600,71.8600,164636,11987369.0000,3
2020-12-10,20201210103000000,sh.688155,71.8600,72.0300,70.2300,71.1100,184072,13092116.0000,3
2020-12-10,20201210113000000,sh.688155,71.1800,71.8400,70.8100,71.2900,116301,8293360.0000,3
2020-12-10,20201210140000000,sh.688155,71.2900,71.9700,70.8900,70.8900,55836,3999295.0000,3
2020-12-10,20201210150000000,sh.688155,70.8900,71.2900,69.4800,69.6700,126369,8886647.0000,3
2020-12-11,20201211103000000,sh.688155,69.5000,69.9700,68.6000,69.3700,170005,11803396.0000,3
2020-12-11,20201211113000000,sh.688155,69.3700,69.6600,68.1000,68.1400,169735,11648185.0000,3
2020-12-11,20201211140000000,sh.688155,68.1000,68.6700,66.1100,66.5200,270062,18158256.0000,3
2020-12-11,20201211150000000,sh.688155,66.5200,68.0000,65.0000,66.6500,305722,20186404.0000,3
2020-12-14,20201214103000000,sh.688155,66.7000,68.8300,65.2000,67.0800,247914,16505601.0000,3
2020-12-14,20201214113000000,sh.688155,67.0800,67.0800,65.7800,66.5000,138257,9199436.0000,3
2020-12-14,20201214140000000,sh.688155,66.5000,66.8700,64.0600,64.7700,393175,25662248.0000,3
2020-12-14,20201214150000000,sh.688155,64.7700,64.8400,63.5400,64.0300,509151,32598555.0000,3
2020-12-15,20201215103000000,sh.688155,64.2300,65.2800,62.6000,64.8400,337956,21620024.0000,3
2020-12-15,20201215113000000,sh.688155,64.9300,65.1100,63.4000,64.7500,179921,11539477.0000,3
2020-12-15,20201215140000000,sh.688155,64.7700,66.4800,64.4000,65.7100,162773,10655093.0000,3
2020-12-15,20201215150000000,sh.688155,65.7100,67.0000,65.6500,66.5000,147274,9770332.0000,3
2020-12-16,20201216103000000,sh.688155,66.4800,66.7400,63.6800,64.5300,304957,19699454.0000,3
2020-12-16,20201216113000000,sh.688155,64.5300,66.1900,64.5100,65.7700,106152,6947594.0000,3
2020-12-16,20201216140000000,sh.688155,65.5000,66.9900,65.2200,66.1000,136394,9027234.0000,3
2020-12-16,20201216150000000,sh.688155,66.1100,66.4200,65.2300,65.4600,86434,5672864.0000,3
2020-12-17,20201217103000000,sh.688155,66.8800,67.2800,63.5000,63.9700,255811,16720100.0000,3
2020-12-17,20201217113000000,sh.688155,64.0900,66.9600,64.0900,66.0000,186884,12302660.0000,3
2020-12-17,20201217140000000,sh.688155,66.0000,67.0700,65.3300,66.1000,143420,9507881.0000,3
2020-12-17,20201217150000000,sh.688155,66.1000,66.9000,66.1000,66.6300,149403,9930221.0000,3
2020-12-18,20201218103000000,sh.688155,66.0100,67.4700,65.3000,66.3800,222975,14800206.0000,3
2020-12-18,20201218113000000,sh.688155,66.3800,68.0600,65.7100,66.1300,133521,8925705.0000,3
2020-12-18,20201218140000000,sh.688155,66.1300,66.1800,64.5000,66.1700,188819,12346377.0000,3
2020-12-18,20201218150000000,sh.688155,66.1700,66.6300,66.0000,66.4700,95676,6346433.0000,3
2020-12-21,20201221103000000,sh.688155,65.2000,68.9700,65.0100,66.8000,482825,32234713.0000,3
2020-12-21,20201221113000000,sh.688155,66.5400,67.0200,66.1700,66.6000,97142,6469448.0000,3
2020-12-21,20201221140000000,sh.688155,66.6000,66.8000,66.3000,66.6500,177044,11771959.0000,3
2020-12-21,20201221150000000,sh.688155,66.6800,69.5200,66.6800,69.4000,388373,26623326.0000,3
2020-12-22,20201222103000000,sh.688155,68.0100,69.4600,67.2500,67.6900,265643,18122280.0000,3
2020-12-22,20201222113000000,sh.688155,67.6900,67.8300,67.2800,67.5500,100300,6772181.0000,3
2020-12-22,20201222140000000,sh.688155,67.5500,68.1100,67.3000,67.3000,87284,5888947.0000,3
2020-12-22,20201222150000000,sh.688155,67.3000,67.3200,66.1100,66.3600,191297,12733634.0000,3
2020-12-23,20201223103000000,sh.688155,66.8000,67.3600,64.7100,66.4000,253173,16660141.0000,3
2020-12-23,20201223113000000,sh.688155,66.4000,67.9700,66.1000,66.1000,145129,9727602.0000,3
2020-12-23,20201223140000000,sh.688155,66.0000,66.3500,64.0100,64.0100,307024,19938865.0000,3
2020-12-23,20201223150000000,sh.688155,64.0100,64.9300,63.5000,64.8000,135444,8683912.0000,3
2020-12-24,20201224103000000,sh.688155,64.7200,65.3500,62.0200,65.0000,353804,22499939.0000,3
2020-12-24,20201224113000000,sh.688155,65.0000,65.8500,64.1400,64.7100,129488,8426493.0000,3
2020-12-24,20201224140000000,sh.688155,64.5200,65.4200,64.1100,65.2000,58805,3816969.0000,3
2020-12-24,20201224150000000,sh.688155,65.2000,65.5000,64.8400,65.0400,103509,6747221.0000,3
2020-12-25,20201225103000000,sh.688155,64.5700,66.0000,59.2600,62.3800,429921,27000666.0000,3
2020-12-25,20201225113000000,sh.688155,62.3800,63.3900,62.3800,63.0100,121813,7661524.0000,3
2020-12-25,20201225140000000,sh.688155,63.0100,63.9000,62.7500,63.6300,85244,5388639.0000,3
2020-12-25,20201225150000000,sh.688155,63.6300,65.0000,63.1500,65.0000,165734,10639373.0000,3
2020-12-28,20201228103000000,sh.688155,65.2000,65.2000,60.5500,61.3100,498214,30864423.0000,3
2020-12-28,20201228113000000,sh.688155,61.3100,62.9700,61.0000,61.4600,193612,11967401.0000,3
2020-12-28,20201228140000000,sh.688155,61.4700,62.2200,61.0200,61.0600,124549,7654272.0000,3
2020-12-28,20201228150000000,sh.688155,61.1900,61.4200,60.7200,61.2000,138906,8485926.0000,3
2020-12-29,20201229103000000,sh.688155,61.2000,63.7100,59.4000,60.0200,628411,38339830.0000,3
2020-12-29,20201229113000000,sh.688155,60.0200,63.6300,59.8800,62.5100,158115,9831559.0000,3
2020-12-29,20201229140000000,sh.688155,62.5100,62.8600,61.5900,62.2200,67724,4214798.0000,3
2020-12-29,20201229150000000,sh.688155,62.2200,62.7100,61.3500,62.0000,75636,4698981.0000,3
2020-12-30,20201230103000000,sh.688155,61.9000,62.6600,61.3100,62.0000,243490,15071538.0000,3
2020-12-30,20201230113000000,sh.688155,62.1000,63.4000,62.1000,63.0500,143994,9034936.0000,3
2020-12-30,20201230140000000,sh.688155,63.0500,65.3500,63.0400,64.6100,215890,13908545.0000,3
2020-12-30,20201230150000000,sh.688155,64.6100,64.6100,63.9200,64.5000,87837,5646506.0000,3
2020-12-31,20201231103000000,sh.688155,64.6000,68.2800,63.1300,68.1500,406422,27047795.0000,3
2020-12-31,20201231113000000,sh.688155,68.2800,69.5800,67.9300,69.5000,228592,15698080.0000,3
2020-12-31,20201231140000000,sh.688155,69.5000,70.5800,69.3000,69.6100,195911,13697001.0000,3
2020-12-31,20201231150000000,sh.688155,69.6100,70.0000,69.1800,70.0000,123915,8615094.0000,3
