date,time,code,open,high,low,close,volume,amount,adjustflag
2020-01-02,20200102103000000,sh.600099,6.6300,6.7500,6.6300,6.7400,1189961,7958889.0000,3
2020-01-02,20200102113000000,sh.600099,6.7400,6.7600,6.6900,6.6900,618303,4161659.0000,3
2020-01-02,20200102140000000,sh.600099,6.6900,6.7300,6.6800,6.7200,524700,3519730.0000,3
2020-01-02,20200102150000000,sh.600099,6.7300,6.7400,6.7000,6.7200,448000,3009016.0000,3
2020-01-03,20200103103000000,sh.600099,6.6900,6.7400,6.6700,6.7300,594800,3992777.0000,3
2020-01-03,20200103113000000,sh.600099,6.7400,6.7400,6.6700,6.6700,650400,4352242.0000,3
2020-01-03,20200103140000000,sh.600099,6.6600,6.7200,6.6600,6.7200,403700,2699914.0000,3
2020-01-03,20200103150000000,sh.600099,6.7200,6.7600,6.7200,6.7600,823400,5545125.0000,3
2020-01-06,20200106103000000,sh.600099,6.7500,6.7800,6.6900,6.7700,789000,5316465.0000,3
2020-01-06,20200106113000000,sh.600099,6.7700,6.7900,6.7300,6.7500,432800,2925983.0000,3
2020-01-06,20200106140000000,sh.600099,6.7500,6.8000,6.7500,6.7800,507980,3443527.0000,3
2020-01-06,20200106150000000,sh.600099,6.7800,6.7800,6.7200,6.7700,651920,4394256.0000,3
2020-01-07,20200107103000000,sh.600099,6.7400,6.8300,6.7400,6.8100,718300,4866996.0000,3
2020-01-07,20200107113000000,sh.600099,6.8000,6.8000,6.7700,6.7900,300800,2041474.0000,3
2020-01-07,20200107140000000,sh.600099,6.7900,6.8100,6.7800,6.8000,356900,2425656.0000,3
2020-01-07,20200107150000000,sh.600099,6.8000,6.8200,6.7900,6.8100,488973,3326281.0000,3
2020-01-08,20200108103000000,sh.600099,6.8100,6.8300,6.7600,6.8000,682600,4632258.0000,3
2020-01-08,20200108113000000,sh.600099,6.8000,6.8500,6.7800,6.8400,598658,4086527.0000,3
2020-01-08,20200108140000000,sh.600099,6.8300,6.8300,6.7300,6.7300,764200,5180774.0000,3
2020-01-08,20200108150000000,sh.600099,6.7300,6.7600,6.7000,6.7300,674376,4539018.0000,3
2020-01-09,20200109103000000,sh.600099,6.7700,6.8600,6.7700,6.8600,858800,5853677.0000,3
2020-01-09,20200109113000000,sh.600099,6.8600,6.9400,6.8500,6.8600,1955000,13477032.0000,3
2020-01-09,20200109140000000,sh.600099,6.8700,6.8700,6.8200,6.8500,300700,2057907.0000,3
2020-01-09,20200109150000000,sh.600099,6.8500,6.8500,6.8100,6.8300,399500,2725976.0000,3
2020-01-10,20200110103000000,sh.600099,6.8300,6.8500,6.7600,6.7600,1549500,10528923.0000,3
2020-01-10,20200110113000000,sh.600099,6.7600,6.7800,6.7100,6.7300,626768,4224151.0000,3
2020-01-10,20200110140000000,sh.600099,6.7300,6.7300,6.6600,6.7100,1068400,7155065.0000,3
2020-01-10,20200110150000000,sh.600099,6.7100,6.7700,6.7000,6.7500,709624,4783457.0000,3
2020-01-13,20200113103000000,sh.600099,6.7100,6.7700,6.6600,6.7000,674400,4518385.0000,3
2020-01-13,20200113113000000,sh.600099,6.7000,6.7300,6.6600,6.7100,721800,4833773.0000,3
2020-01-13,20200113140000000,sh.600099,6.7100,6.7500,6.7000,6.7000,391900,2633240.0000,3
2020-01-13,20200113150000000,sh.600099,6.7000,6.7500,6.6800,6.7400,569924,3827752.0000,3
2020-01-14,20200114103000000,sh.600099,6.7400,6.8100,6.7200,6.7600,857500,5799719.0000,3
2020-01-14,20200114113000000,sh.600099,6.7600,6.7700,6.7200,6.7400,678500,4580208.0000,3
2020-01-14,20200114140000000,sh.600099,6.7400,6.7700,6.6900,6.7500,771000,5195934.0000,3
2020-01-14,20200114150000000,sh.600099,6.7500,6.7700,6.7300,6.7500,612461,4130818.0000,3
2020-01-15,20200115103000000,sh.600099,6.7700,6.7800,6.6600,6.7000,1091100,7314686.0000,3
2020-01-15,20200115113000000,sh.600099,6.7000,6.7100,6.6700,6.6900,145400,972324.0000,3
2020-01-15,20200115140000000,sh.600099,6.6900,6.7000,6.6200,6.6700,359200,2392972.0000,3
2020-01-15,20200115150000000,sh.600099,6.6700,6.7000,6.6600,6.6900,356900,2384393.0000,3
2020-01-16,20200116103000000,sh.600099,6.6900,6.7200,6.6600,6.6900,499700,3340839.0000,3
2020-01-16,20200116113000000,sh.600099,6.6900,6.6900,6.6300,6.6700,225200,1500037.0000,3
2020-01-16,20200116140000000,sh.600099,6.6800,6.6800,6.6400,6.6400,198000,1318386.0000,3
2020-01-16,20200116150000000,sh.600099,6.6400,6.6400,6.5800,6.5900,584700,3863839.0000,3
2020-01-17,20200117103000000,sh.600099,6.6000,6.6400,6.5600,6.5900,517400,3408944.0000,3
2020-01-17,20200117113000000,sh.600099,6.5900,6.6000,6.5400,6.5500,375600,2465380.0000,3
2020-01-17,20200117140000000,sh.600099,6.5500,6.5700,6.5200,6.5700,540900,3544753.0000,3
2020-01-17,20200117150000000,sh.600099,6.5700,6.6000,6.5600,6.6000,500853,3300132.0000,3
2020-01-20,20200120103000000,sh.600099,6.5900,6.6200,6.5600,6.6200,484777,3195743.0000,3
2020-01-20,20200120113000000,sh.600099,6.6200,6.6500,6.6000,6.6400,420500,2785700.0000,3
2020-01-20,20200120140000000,sh.600099,6.6300,6.6600,6.6300,6.6500,326400,2168864.0000,3
2020-01-20,20200120150000000,sh.600099,6.6500,6.6700,6.6300,6.6700,707800,4710825.0000,3
2020-01-21,20200121103000000,sh.600099,6.6600,6.6700,6.6000,6.6300,579200,3842359.0000,3
2020-01-21,20200121113000000,sh.600099,6.6300,6.6300,6.5800,6.6100,401400,2652155.0000,3
2020-01-21,20200121140000000,sh.600099,6.6100,6.6300,6.5600,6.5700,363500,2396028.0000,3
2020-01-21,20200121150000000,sh.600099,6.5700,6.6100,6.5700,6.5800,285600,1881427.0000,3
2020-01-22,20200122103000000,sh.600099,6.5500,6.5700,6.4000,6.4800,780600,5043400.0000,3
2020-01-22,20200122113000000,sh.600099,6.4800,6.5500,6.4800,6.5200,313482,2037033.0000,3
2020-01-22,20200122140000000,sh.600099,6.5200,6.5800,6.5200,6.5800,393100,2574170.0000,3
2020-01-22,20200122150000000,sh.600099,6.5800,6.6100,6.5400,6.5800,394901,2600402.0000,3
2020-01-23,20200123103000000,sh.600099,6.5900,6.5900,6.4000,6.4600,836841,5429038.0000,3
2020-01-23,20200123113000000,sh.600099,6.4600,6.5000,6.4300,6.4500,812552,5251044.0000,3
2020-01-23,20200123140000000,sh.600099,6.4400,6.4400,6.2300,6.3100,1300077,8223557.0000,3
2020-01-23,20200123150000000,sh.600099,6.3100,6.3300,6.2600,6.2800,508300,3197659.0000,3
2020-02-03,20200203103000000,sh.600099,5.6500,5.6500,5.6500,5.6500,661400,3736910.0000,3
2020-02-03,20200203113000000,sh.600099,5.6500,5.6500,5.6500,5.6500,12400,70060.0000,3
2020-02-03,20200203140000000,sh.600099,5.6500,5.6500,5.6500,5.6500,42600,240690.0000,3
2020-02-03,20200203150000000,sh.600099,5.6500,5.6500,5.6500,5.6500,15700,88705.0000,3
2020-02-04,20200204103000000,sh.600099,5.1600,5.4900,5.1600,5.4700,1794652,9587238.0000,3
2020-02-04,20200204113000000,sh.600099,5.4700,5.4700,5.2800,5.3100,686700,3659986.0000,3
2020-02-04,20200204140000000,sh.600099,5.3100,5.3900,5.3000,5.3500,700952,3750015.0000,3
2020-02-04,20200204150000000,sh.600099,5.3500,5.4400,5.3500,5.4300,916118,4953582.0000,3
2020-02-05,20200205103000000,sh.600099,5.4500,5.5900,5.4100,5.5800,852704,4716090.0000,3
2020-02-05,20200205113000000,sh.600099,5.5800,5.6900,5.5500,5.5800,820603,4604441.0000,3
2020-02-05,20200205140000000,sh.600099,5.5800,5.6100,5.5100,5.5200,534600,2970018.0000,3
2020-02-05,20200205150000000,sh.600099,5.5200,5.5500,5.5000,5.5500,429400,2370850.0000,3
2020-02-06,20200206103000000,sh.600099,5.5600,5.6500,5.5300,5.6300,679677,3788873.0000,3
2020-02-06,20200206113000000,sh.600099,5.6300,5.6700,5.6200,5.6400,389700,2197377.0000,3
2020-02-06,20200206140000000,sh.600099,5.6400,5.6600,5.6300,5.6600,609175,3441010.0000,3
2020-02-06,20200206150000000,sh.600099,5.6600,5.6700,5.6000,5.6500,562900,3173869.0000,3
2020-02-07,20200207103000000,sh.600099,5.6400,5.7200,5.6300,5.6800,614900,3487084.0000,3
2020-02-07,20200207113000000,sh.600099,5.6800,5.6800,5.5500,5.5900,556300,3120210.0000,3
2020-02-07,20200207140000000,sh.600099,5.5800,5.6800,5.5700,5.6600,295500,1658546.0000,3
2020-02-07,20200207150000000,sh.600099,5.6600,5.7200,5.6500,5.7100,275600,1569141.0000,3
2020-02-10,20200210103000000,sh.600099,5.7000,5.7600,5.6400,5.7500,550596,3141007.0000,3
2020-02-10,20200210113000000,sh.600099,5.7500,5.7700,5.7200,5.7300,303600,1746891.0000,3
2020-02-10,20200210140000000,sh.600099,5.7300,5.7500,5.7200,5.7500,236500,1355196.0000,3
2020-02-10,20200210150000000,sh.600099,5.7500,5.8600,5.7400,5.8400,627300,3637419.0000,3
2020-02-11,20200211103000000,sh.600099,5.8500,5.8600,5.7800,5.8200,347501,2020720.0000,3
2020-02-11,20200211113000000,sh.600099,5.8200,5.8500,5.7500,5.7900,305000,1765593.0000,3
2020-02-11,20200211140000000,sh.600099,5.7800,5.8200,5.7600,5.8000,211300,1223124.0000,3
2020-02-11,20200211150000000,sh.600099,5.8000,5.8300,5.7400,5.7600,364900,2106568.0000,3
2020-02-12,20200212103000000,sh.600099,5.7600,5.8300,5.7600,5.8000,472300,2736384.0000,3
2020-02-12,20200212113000000,sh.600099,5.8000,5.8100,5.7600,5.8100,161200,932290.0000,3
2020-02-12,20200212140000000,sh.600099,5.7900,5.8800,5.7900,5.8700,545600,3193242.0000,3
2020-02-12,20200212150000000,sh.600099,5.8700,5.8800,5.8500,5.8800,489000,2870401.0000,3
2020-02-13,20200213103000000,sh.600099,5.8700,5.8900,5.8100,5.8300,375000,2194481.0000,3
2020-02-13,20200213113000000,sh.600099,5.8200,5.8600,5.7300,5.7400,294300,1710045.0000,3
2020-02-13,20200213140000000,sh.600099,5.7400,5.7700,5.7000,5.7400,765700,4391084.0000,3
2020-02-13,20200213150000000,sh.600099,5.7400,5.7900,5.7200,5.7300,368702,2121384.0000,3
2020-02-14,20200214103000000,sh.600099,5.7100,5.8300,5.7100,5.7700,657200,3793548.0000,3
2020-02-14,20200214113000000,sh.600099,5.7700,5.8500,5.7500,5.8100,424396,2468357.0000,3
2020-02-14,20200214140000000,sh.600099,5.8100,5.8100,5.7300,5.7400,319456,1840624.0000,3
2020-02-14,20200214150000000,sh.600099,5.7500,5.7500,5.7100,5.7400,249700,1430694.0000,3
2020-02-17,20200217103000000,sh.600099,5.7800,5.9300,5.7800,5.8700,727300,4261039.0000,3
2020-02-17,20200217113000000,sh.600099,5.8700,5.9000,5.8700,5.9000,184982,1089441.0000,3
2020-02-17,20200217140000000,sh.600099,5.9000,5.9700,5.8900,5.9700,571200,3390601.0000,3
2020-02-17,20200217150000000,sh.600099,5.9600,5.9900,5.9500,5.9600,641403,3825078.0000,3
2020-02-18,20200218103000000,sh.600099,5.9500,6.0900,5.9500,6.0600,799543,4823374.0000,3
2020-02-18,20200218113000000,sh.600099,6.0600,6.0700,5.9800,6.0100,471900,2841420.0000,3
2020-02-18,20200218140000000,sh.600099,6.0100,6.0700,6.0100,6.0700,236700,1430667.0000,3
2020-02-18,20200218150000000,sh.600099,6.0700,6.0700,6.0000,6.0600,463326,2800243.0000,3
2020-02-19,20200219103000000,sh.600099,6.0600,6.0900,6.0300,6.0600,694601,4209244.0000,3
2020-02-19,20200219113000000,sh.600099,6.0600,6.0600,6.0000,6.0500,600551,3620364.0000,3
2020-02-19,20200219140000000,sh.600099,6.0600,6.0700,6.0300,6.0500,360100,2178068.0000,3
2020-02-19,20200219150000000,sh.600099,6.0500,6.0600,6.0000,6.0600,551741,3327514.0000,3
2020-02-20,20200220103000000,sh.600099,6.0600,6.1100,6.0400,6.0800,850500,5161731.0000,3
2020-02-20,20200220113000000,sh.600099,6.0800,6.1400,6.0700,6.1100,533500,3254616.0000,3
2020-02-20,20200220140000000,sh.600099,6.1100,6.1500,6.1100,6.1500,349641,2144550.0000,3
2020-02-20,20200220150000000,sh.600099,6.1500,6.1900,6.1300,6.1700,1223607,7546206.0000,3
2020-02-21,20200221103000000,sh.600099,6.1500,6.1900,6.1200,6.1200,740400,4545993.0000,3
2020-02-21,20200221113000000,sh.600099,6.1200,6.1700,6.1100,6.1600,287800,1765189.0000,3
2020-02-21,20200221140000000,sh.600099,6.1600,6.1800,6.1200,6.1300,478800,2945753.0000,3
2020-02-21,20200221150000000,sh.600099,6.1300,6.2200,6.1200,6.2000,971846,6012804.0000,3
2020-02-24,20200224103000000,sh.600099,6.1800,6.2700,6.1200,6.1400,1331700,8233925.0000,3
2020-02-24,20200224113000000,sh.600099,6.1400,6.2000,6.1200,6.1700,602300,3707881.0000,3
2020-02-24,20200224140000000,sh.600099,6.1700,6.2000,6.1500,6.1600,556500,3432025.0000,3
2020-02-24,20200224150000000,sh.600099,6.1600,6.2300,6.1600,6.2100,1027901,6368275.0000,3
2020-02-25,20200225103000000,sh.600099,6.2000,6.2000,6.0800,6.0900,1125701,6893546.0000,3
2020-02-25,20200225113000000,sh.600099,6.0900,6.1000,5.8600,5.9500,1160101,6951450.0000,3
2020-02-25,20200225140000000,sh.600099,5.9500,6.0400,5.9300,6.0200,590461,3527966.0000,3
2020-02-25,20200225150000000,sh.600099,6.0200,6.1600,6.0200,6.1600,1220634,7452320.0000,3
2020-02-26,20200226103000000,sh.600099,6.0700,6.2300,6.0700,6.1800,1441891,8864471.0000,3
2020-02-26,20200226113000000,sh.600099,6.1800,6.2100,6.1200,6.2000,347755,2144880.0000,3
2020-02-26,20200226140000000,sh.600099,6.2000,6.2300,6.1500,6.1600,362300,2242119.0000,3
2020-02-26,20200226150000000,sh.600099,6.1600,6.1800,6.1000,6.1100,685334,4203852.0000,3
2020-02-27,20200227103000000,sh.600099,6.1300,6.2100,6.1100,6.1900,1206001,7437769.0000,3
2020-02-27,20200227113000000,sh.600099,6.1900,6.2100,6.1700,6.2000,340700,2108845.0000,3
2020-02-27,20200227140000000,sh.600099,6.2000,6.2300,6.1800,6.2000,345700,2144015.0000,3
2020-02-27,20200227150000000,sh.600099,6.2000,6.2000,6.1200,6.1500,541400,3331779.0000,3
2020-02-28,20200228103000000,sh.600099,6.0400,6.0500,5.9000,5.9100,1535601,9171002.0000,3
2020-02-28,20200228113000000,sh.600099,5.9000,5.9400,5.8600,5.8900,524800,3097178.0000,3
2020-02-28,20200228140000000,sh.600099,5.8700,5.9500,5.7800,5.8900,699800,4092815.0000,3
2020-02-28,20200228150000000,sh.600099,5.9000,5.9100,5.8000,5.8100,640900,3750684.0000,3
2020-03-02,20200302103000000,sh.600099,5.8400,5.9900,5.8400,5.9600,1020600,6056229.0000,3
2020-03-02,20200302113000000,sh.600099,5.9600,6.0000,5.9400,6.0000,566800,3382324.0000,3
2020-03-02,20200302140000000,sh.600099,6.0000,6.0200,5.9700,6.0000,393401,2362985.0000,3
2020-03-02,20200302150000000,sh.600099,6.0200,6.0800,6.0100,6.0800,569101,3435708.0000,3
2020-03-03,20200303103000000,sh.600099,6.1500,6.2000,6.1200,6.2000,906701,5594521.0000,3
2020-03-03,20200303113000000,sh.600099,6.2000,6.2300,6.1700,6.2000,578721,3590442.0000,3
2020-03-03,20200303140000000,sh.600099,6.1900,6.1900,6.1300,6.1300,548379,3373243.0000,3
2020-03-03,20200303150000000,sh.600099,6.1400,6.1400,6.0600,6.1200,759401,4632208.0000,3
2020-03-04,20200304103000000,sh.600099,6.1100,6.2300,6.0500,6.2000,1054802,6505841.0000,3
2020-03-04,20200304113000000,sh.600099,6.1900,6.2000,6.1400,6.1600,243650,1503286.0000,3
2020-03-04,20200304140000000,sh.600099,6.1600,6.1800,6.1300,6.1700,381400,2346725.0000,3
2020-03-04,20200304150000000,sh.600099,6.1700,6.2100,6.1700,6.2100,691488,4283721.0000,3
2020-03-05,20200305103000000,sh.600099,6.2500,6.3200,6.2300,6.3100,1307302,8203607.0000,3
2020-03-05,20200305113000000,sh.600099,6.3000,6.3500,6.2900,6.3300,572800,3619446.0000,3
2020-03-05,20200305140000000,sh.600099,6.3300,6.3600,6.3200,6.3500,492221,3122423.0000,3
2020-03-05,20200305150000000,sh.600099,6.3400,6.3600,6.3300,6.3600,482000,3060109.0000,3
2020-03-06,20200306103000000,sh.600099,6.3200,6.3600,6.2600,6.3000,1112301,7018252.0000,3
2020-03-06,20200306113000000,sh.600099,6.3000,6.3600,6.2900,6.3500,365955,2311187.0000,3
2020-03-06,20200306140000000,sh.600099,6.3500,6.4900,6.3300,6.4400,1146400,7362678.0000,3
2020-03-06,20200306150000000,sh.600099,6.4400,6.4600,6.4000,6.4200,917500,5902419.0000,3
2020-03-09,20200309103000000,sh.600099,6.3600,6.3900,6.2800,6.3100,1256560,7940694.0000,3
2020-03-09,20200309113000000,sh.600099,6.3100,6.3400,6.2600,6.3000,581000,3658617.0000,3
2020-03-09,20200309140000000,sh.600099,6.3000,6.3200,6.2500,6.3200,708300,4450608.0000,3
2020-03-09,20200309150000000,sh.600099,6.3200,6.3300,6.2300,6.2500,918400,5773766.0000,3
2020-03-10,20200310103000000,sh.600099,6.2000,6.2600,6.1400,6.1900,1580743,9805386.0000,3
2020-03-10,20200310113000000,sh.600099,6.1900,6.2200,6.1100,6.2200,542733,3348504.0000,3
2020-03-10,20200310140000000,sh.600099,6.2200,6.3600,6.2200,6.2900,886313,5589097.0000,3
2020-03-10,20200310150000000,sh.600099,6.2900,6.3500,6.2900,6.3500,556800,3523192.0000,3
2020-03-11,20200311103000000,sh.600099,6.3500,6.9900,6.3500,6.9900,7114613,48162767.0000,3
2020-03-11,20200311113000000,sh.600099,6.9900,6.9900,6.9200,6.9900,8641367,60336928.0000,3
2020-03-11,20200311140000000,sh.600099,6.9900,6.9900,6.8900,6.9900,2963708,20653884.0000,3
2020-03-11,20200311150000000,sh.600099,6.9800,6.9900,6.9600,6.9900,3910760,27327397.0000,3
2020-03-12,20200312103000000,sh.600099,6.8700,6.8700,6.5600,6.6300,7067800,47254017.0000,3
2020-03-12,20200312113000000,sh.600099,6.6300,6.6700,6.5500,6.5800,2498500,16513840.0000,3
2020-03-12,20200312140000000,sh.600099,6.6000,6.7500,6.5600,6.6900,1928100,12866452.0000,3
2020-03-12,20200312150000000,sh.600099,6.6900,6.6900,6.4500,6.5800,2557853,16786829.0000,3
2020-03-13,20200313103000000,sh.600099,6.3000,6.3200,6.0700,6.2000,4352930,26931898.0000,3
2020-03-13,20200313113000000,sh.600099,6.2100,6.2300,6.1300,6.1600,1349300,8347127.0000,3
2020-03-13,20200313140000000,sh.600099,6.1600,6.4300,6.1500,6.3500,1232900,7799848.0000,3
2020-03-13,20200313150000000,sh.600099,6.3500,6.4500,6.3100,6.4500,1581900,10118602.0000,3
2020-03-16,20200316103000000,sh.600099,6.5300,6.6200,6.4400,6.5400,3724865,24354879.0000,3
2020-03-16,20200316113000000,sh.600099,6.5400,6.5600,6.4900,6.5000,1069395,6970145.0000,3
2020-03-16,20200316140000000,sh.600099,6.5000,6.5100,6.2600,6.2700,1376900,8762411.0000,3
2020-03-16,20200316150000000,sh.600099,6.2700,6.2900,6.1000,6.1900,1471749,9118289.0000,3
2020-03-17,20200317103000000,sh.600099,6.1500,6.2300,5.8500,5.9500,2778616,16766841.0000,3
2020-03-17,20200317113000000,sh.600099,5.9500,6.1300,5.9500,6.1200,1009700,6087951.0000,3
2020-03-17,20200317140000000,sh.600099,6.1300,6.1700,5.9900,6.0200,677800,4112812.0000,3
2020-03-17,20200317150000000,sh.600099,6.0200,6.0500,5.9700,6.0400,1226900,7370714.0000,3
2020-03-18,20200318103000000,sh.600099,6.0900,6.1700,6.0100,6.0900,1784916,10890901.0000,3
2020-03-18,20200318113000000,sh.600099,6.0900,6.1400,6.0900,6.1300,378800,2316382.0000,3
2020-03-18,20200318140000000,sh.600099,6.1400,6.1500,5.9700,5.9900,1013884,6134190.0000,3
2020-03-18,20200318150000000,sh.600099,5.9900,6.0100,5.8300,5.8500,1053100,6228056.0000,3
2020-03-19,20200319103000000,sh.600099,5.8600,5.9400,5.7900,5.8400,1158601,6783022.0000,3
2020-03-19,20200319113000000,sh.600099,5.8400,5.8500,5.7100,5.7600,1008576,5835633.0000,3
2020-03-19,20200319140000000,sh.600099,5.7600,5.9000,5.7600,5.8600,696700,4060414.0000,3
2020-03-19,20200319150000000,sh.600099,5.8600,5.9500,5.8400,5.9100,705600,4157315.0000,3
2020-03-20,20200320103000000,sh.600099,5.9200,6.0100,5.9000,5.9600,1068095,6379102.0000,3
2020-03-20,20200320113000000,sh.600099,5.9600,6.0100,5.9300,5.9800,548900,3279746.0000,3
2020-03-20,20200320140000000,sh.600099,5.9800,6.0000,5.9400,5.9900,305300,1823507.0000,3
2020-03-20,20200320150000000,sh.600099,5.9900,6.0400,5.9800,6.0300,473709,2848099.0000,3
2020-03-23,20200323103000000,sh.600099,5.9200,5.9400,5.8400,5.9000,1167700,6881314.0000,3
2020-03-23,20200323113000000,sh.600099,5.9000,5.9600,5.9000,5.9600,292300,1733769.0000,3
2020-03-23,20200323140000000,sh.600099,5.9600,5.9600,5.9000,5.9200,398609,2364140.0000,3
2020-03-23,20200323150000000,sh.600099,5.9200,5.9400,5.8400,5.8600,718749,4229450.0000,3
2020-03-24,20200324103000000,sh.600099,5.9500,6.0300,5.9500,5.9900,878268,5265065.0000,3
2020-03-24,20200324113000000,sh.600099,5.9900,6.0000,5.9500,5.9500,408500,2438088.0000,3
2020-03-24,20200324140000000,sh.600099,5.9700,5.9900,5.9000,5.9700,394900,2343451.0000,3
2020-03-24,20200324150000000,sh.600099,5.9600,6.0500,5.9200,6.0500,634532,3810287.0000,3
2020-03-25,20200325103000000,sh.600099,6.1100,6.1500,6.1000,6.1100,928300,5683086.0000,3
2020-03-25,20200325113000000,sh.600099,6.1100,6.1400,6.1000,6.1100,326100,1995178.0000,3
2020-03-25,20200325140000000,sh.600099,6.1100,6.1400,6.1000,6.1200,487469,2984446.0000,3
2020-03-25,20200325150000000,sh.600099,6.1200,6.1700,6.1200,6.1500,657181,4039002.0000,3
2020-03-26,20200326103000000,sh.600099,6.1100,6.1400,6.0800,6.1400,501001,3063860.0000,3
2020-03-26,20200326113000000,sh.600099,6.1400,6.1500,6.1100,6.1400,438700,2688577.0000,3
2020-03-26,20200326140000000,sh.600099,6.1400,6.1900,6.1200,6.1400,589800,3631196.0000,3
2020-03-26,20200326150000000,sh.600099,6.1400,6.1500,6.0900,6.1100,532935,3261049.0000,3
2020-03-27,20200327103000000,sh.600099,6.1300,6.1700,6.1100,6.1400,515800,3165080.0000,3
2020-03-27,20200327113000000,sh.600099,6.1400,6.2000,6.1000,6.1600,670300,4119200.0000,3
2020-03-27,20200327140000000,sh.600099,6.1600,6.1800,6.1400,6.1400,351384,2164411.0000,3
2020-03-27,20200327150000000,sh.600099,6.1400,6.1700,6.1100,6.1100,413000,2536824.0000,3
2020-03-30,20200330103000000,sh.600099,6.0600,6.0700,5.8900,5.9500,1118400,6653235.0000,3
2020-03-30,20200330113000000,sh.600099,5.9700,5.9800,5.9300,5.9800,369900,2196087.0000,3
2020-03-30,20200330140000000,sh.600099,5.9400,6.0200,5.9400,6.0100,241600,1447002.0000,3
2020-03-30,20200330150000000,sh.600099,6.0100,6.0200,5.9600,5.9800,297800,1783920.0000,3
2020-03-31,20200331103000000,sh.600099,6.0200,6.0800,6.0200,6.0500,453100,2738109.0000,3
2020-03-31,20200331113000000,sh.600099,6.0600,6.1200,6.0200,6.1100,465101,2822517.0000,3
2020-03-31,20200331140000000,sh.600099,6.1200,6.1300,6.0500,6.0800,581200,3542026.0000,3
2020-03-31,20200331150000000,sh.600099,6.0900,6.0900,6.0500,6.0800,328800,1996699.0000,3
2020-04-01,20200401103000000,sh.600099,6.0600,6.1100,6.0200,6.0700,786501,4762037.0000,3
2020-04-01,20200401113000000,sh.600099,6.0800,6.1100,6.0500,6.0800,176900,1075105.0000,3
2020-04-01,20200401140000000,sh.600099,6.0900,6.1000,6.0400,6.0400,190000,1151513.0000,3
2020-04-01,20200401150000000,sh.600099,6.0400,6.0600,5.9800,6.0000,407700,2454344.0000,3
2020-04-02,20200402103000000,sh.600099,5.9700,5.9700,5.9000,5.9500,486000,2882465.0000,3
2020-04-02,20200402113000000,sh.600099,5.9400,5.9800,5.9300,5.9600,247100,1471204.0000,3
2020-04-02,20200402140000000,sh.600099,5.9700,6.0300,5.9500,6.0300,270116,1617477.0000,3
2020-04-02,20200402150000000,sh.600099,6.0300,6.0800,6.0100,6.0800,449000,2716336.0000,3
2020-04-03,20200403103000000,sh.600099,6.0800,6.1200,6.0500,6.1100,607669,3704429.0000,3
2020-04-03,20200403113000000,sh.600099,6.1200,6.1200,6.0800,6.1100,413800,2526249.0000,3
2020-04-03,20200403140000000,sh.600099,6.1100,6.1100,6.0800,6.1100,219700,1340772.0000,3
2020-04-03,20200403150000000,sh.600099,6.1100,6.1100,6.0700,6.1100,410230,2501017.0000,3
2020-04-07,20200407103000000,sh.600099,6.1600,6.2000,6.1500,6.1800,1206200,7445979.0000,3
2020-04-07,20200407113000000,sh.600099,6.1600,6.2100,6.1600,6.1900,389600,2408646.0000,3
2020-04-07,20200407140000000,sh.600099,6.2000,6.2200,6.1800,6.2100,481595,2986376.0000,3
2020-04-07,20200407150000000,sh.600099,6.2100,6.2200,6.2000,6.2200,633000,3932413.0000,3
2020-04-08,20200408103000000,sh.600099,6.2200,6.3300,6.1700,6.3300,771500,4810902.0000,3
2020-04-08,20200408113000000,sh.600099,6.3300,6.3300,6.2700,6.2900,488200,3071177.0000,3
2020-04-08,20200408140000000,sh.600099,6.2900,6.3300,6.2900,6.3100,546600,3449170.0000,3
2020-04-08,20200408150000000,sh.600099,6.3100,6.3100,6.2700,6.3000,567800,3574420.0000,3
2020-04-09,20200409103000000,sh.600099,6.3000,6.3500,6.2600,6.3200,882100,5561213.0000,3
2020-04-09,20200409113000000,sh.600099,6.3200,6.3400,6.3000,6.3200,234600,1482020.0000,3
2020-04-09,20200409140000000,sh.600099,6.3200,6.3300,6.3000,6.3300,376900,2382013.0000,3
2020-04-09,20200409150000000,sh.600099,6.3200,6.3400,6.2900,6.3100,558300,3522732.0000,3
2020-04-10,20200410103000000,sh.600099,6.3100,6.3200,6.2300,6.2300,933400,5844891.0000,3
2020-04-10,20200410113000000,sh.600099,6.2300,6.2500,6.1500,6.1800,578600,3583368.0000,3
2020-04-10,20200410140000000,sh.600099,6.1800,6.1800,6.1000,6.1300,740000,4540045.0000,3
2020-04-10,20200410150000000,sh.600099,6.1300,6.1500,6.1000,6.1000,781800,4784594.0000,3
2020-04-13,20200413103000000,sh.600099,6.0800,6.0800,5.9700,6.0300,1009400,6066930.0000,3
2020-04-13,20200413113000000,sh.600099,6.0300,6.0700,6.0300,6.0300,225200,1360671.0000,3
2020-04-13,20200413140000000,sh.600099,6.0600,6.0600,6.0000,6.0300,305900,1840362.0000,3
2020-04-13,20200413150000000,sh.600099,6.0300,6.0700,5.9900,6.0700,677800,4079464.0000,3
2020-04-14,20200414103000000,sh.600099,6.0500,6.1600,6.0400,6.1200,1004361,6137151.0000,3
2020-04-14,20200414113000000,sh.600099,6.1200,6.1400,6.1100,6.1400,142025,870240.0000,3
2020-04-14,20200414140000000,sh.600099,6.1500,6.1800,6.1200,6.1700,372800,2291636.0000,3
2020-04-14,20200414150000000,sh.600099,6.1700,6.2000,6.1500,6.1800,450600,2782951.0000,3
2020-04-15,20200415103000000,sh.600099,6.1600,6.2100,6.1600,6.1700,885300,5464522.0000,3
2020-04-15,20200415113000000,sh.600099,6.1700,6.1700,6.1300,6.1400,280200,1722936.0000,3
2020-04-15,20200415140000000,sh.600099,6.1400,6.1500,6.1000,6.1000,350300,2144984.0000,3
2020-04-15,20200415150000000,sh.600099,6.0900,6.1100,6.0300,6.0800,783500,4755895.0000,3
2020-04-16,20200416103000000,sh.600099,6.0500,6.0700,6.0000,6.0500,755700,4552699.0000,3
2020-04-16,20200416113000000,sh.600099,6.0500,6.0700,6.0200,6.0200,236400,1429752.0000,3
2020-04-16,20200416140000000,sh.600099,6.0200,6.0600,6.0200,6.0500,152900,923653.0000,3
2020-04-16,20200416150000000,sh.600099,6.0500,6.0800,6.0400,6.0500,243784,1476882.0000,3
2020-04-17,20200417103000000,sh.600099,6.0600,6.1300,6.0500,6.1000,870500,5302651.0000,3
2020-04-17,20200417113000000,sh.600099,6.1000,6.1000,6.0600,6.0800,199700,1214664.0000,3
2020-04-17,20200417140000000,sh.600099,6.0900,6.1000,6.0500,6.0700,206000,1249312.0000,3
2020-04-17,20200417150000000,sh.600099,6.0600,6.0700,6.0000,6.0200,642501,3865156.0000,3
2020-04-20,20200420103000000,sh.600099,6.0500,6.1000,5.9800,6.0600,954200,5766105.0000,3
2020-04-20,20200420113000000,sh.600099,6.0600,6.1500,6.0600,6.1300,676100,4129087.0000,3
2020-04-20,20200420140000000,sh.600099,6.1300,6.1500,6.1000,6.1500,505600,3101745.0000,3
2020-04-20,20200420150000000,sh.600099,6.1400,6.2300,6.1400,6.2200,1261341,7803620.0000,3
2020-04-21,20200421103000000,sh.600099,6.2000,6.2000,6.1200,6.1400,865901,5328532.0000,3
2020-04-21,20200421113000000,sh.600099,6.1400,6.1800,6.1200,6.1300,428000,2630344.0000,3
2020-04-21,20200421140000000,sh.600099,6.1300,6.1400,6.1000,6.1400,428600,2623319.0000,3
2020-04-21,20200421150000000,sh.600099,6.1300,6.1700,6.1300,6.1600,409175,2517979.0000,3
2020-04-22,20200422103000000,sh.600099,6.1200,6.2000,6.1000,6.1900,575492,3546559.0000,3
2020-04-22,20200422113000000,sh.600099,6.1900,6.1900,6.1500,6.1700,320400,1975121.0000,3
2020-04-22,20200422140000000,sh.600099,6.1700,6.2100,6.1600,6.2100,323001,1999337.0000,3
2020-04-22,20200422150000000,sh.600099,6.2100,6.2500,6.2000,6.2300,770100,4789812.0000,3
2020-04-23,20200423103000000,sh.600099,6.2300,6.2600,6.2000,6.2300,1027367,6405256.0000,3
2020-04-23,20200423113000000,sh.600099,6.2200,6.4800,6.2100,6.4600,1716600,10876407.0000,3
2020-04-23,20200423140000000,sh.600099,6.4700,6.4700,6.3400,6.3800,1031900,6602323.0000,3
2020-04-23,20200423150000000,sh.600099,6.3800,6.3800,6.2700,6.3000,1009500,6376988.0000,3
2020-04-24,20200424103000000,sh.600099,6.2800,6.4500,6.2500,6.3000,1662311,10584626.0000,3
2020-04-24,20200424113000000,sh.600099,6.3000,6.3700,6.3000,6.3200,277690,1762637.0000,3
2020-04-24,20200424140000000,sh.600099,6.3200,6.3700,6.2500,6.2800,491400,3104324.0000,3
2020-04-24,20200424150000000,sh.600099,6.2800,6.3100,6.2300,6.2700,719900,4515509.0000,3
2020-04-27,20200427103000000,sh.600099,6.2900,6.3000,6.1700,6.2000,955477,5957912.0000,3
2020-04-27,20200427113000000,sh.600099,6.2000,6.2600,6.1900,6.2400,422200,2625896.0000,3
2020-04-27,20200427140000000,sh.600099,6.2400,6.2600,6.2200,6.2300,141100,881319.0000,3
2020-04-27,20200427150000000,sh.600099,6.2300,6.2300,6.1500,6.1600,374300,2313337.0000,3
2020-04-28,20200428103000000,sh.600099,6.1900,6.1900,5.7600,5.8500,2380275,14136095.0000,3
2020-04-28,20200428113000000,sh.600099,5.8500,5.9600,5.8500,5.9500,576800,3412540.0000,3
2020-04-28,20200428140000000,sh.600099,5.9600,5.9700,5.8700,5.9100,836600,4938414.0000,3
2020-04-28,20200428150000000,sh.600099,5.9100,5.9100,5.8500,5.8700,477000,2800136.0000,3
2020-04-29,20200429103000000,sh.600099,5.8400,5.9400,5.8200,5.8900,847533,4993899.0000,3
2020-04-29,20200429113000000,sh.600099,5.8900,5.8900,5.8000,5.8200,791200,4617954.0000,3
2020-04-29,20200429140000000,sh.600099,5.8200,5.8500,5.7800,5.7800,431000,2503765.0000,3
2020-04-29,20200429150000000,sh.600099,5.7800,5.8300,5.7600,5.8000,509000,2947079.0000,3
2020-04-30,20200430103000000,sh.600099,5.8000,5.9200,5.8000,5.8600,594024,3480161.0000,3
2020-04-30,20200430113000000,sh.600099,5.8600,5.8800,5.8400,5.8700,312200,1829490.0000,3
2020-04-30,20200430140000000,sh.600099,5.8600,5.9000,5.8500,5.8700,325200,1908342.0000,3
2020-04-30,20200430150000000,sh.600099,5.8700,5.9000,5.8500,5.8700,594420,3486996.0000,3
2020-05-06,20200506103000000,sh.600099,5.8400,5.8800,5.8200,5.8600,747420,4375598.0000,3
2020-05-06,20200506113000000,sh.600099,5.8600,5.8900,5.8400,5.8900,235300,1380295.0000,3
2020-05-06,20200506140000000,sh.600099,5.8800,5.9000,5.8700,5.8900,227400,1338611.0000,3
2020-05-06,20200506150000000,sh.600099,5.8900,5.9300,5.8800,5.9300,455501,2690485.0000,3
2020-05-07,20200507103000000,sh.600099,5.8800,5.9500,5.8800,5.9400,425800,2522026.0000,3
2020-05-07,20200507113000000,sh.600099,5.9400,5.9500,5.9200,5.9500,125300,744312.0000,3
2020-05-07,20200507140000000,sh.600099,5.9500,5.9600,5.9000,5.9200,268000,1587983.0000,3
2020-05-07,20200507150000000,sh.600099,5.9200,5.9200,5.8600,5.8800,494600,2914348.0000,3
2020-05-08,20200508103000000,sh.600099,5.9000,5.9500,5.8900,5.9300,569700,3377267.0000,3
2020-05-08,20200508113000000,sh.600099,5.9300,5.9500,5.9300,5.9500,128900,765574.0000,3
2020-05-08,20200508140000000,sh.600099,5.9500,5.9800,5.9300,5.9500,213400,1270559.0000,3
2020-05-08,20200508150000000,sh.600099,5.9500,5.9700,5.9400,5.9700,473234,2819578.0000,3
2020-05-11,20200511103000000,sh.600099,5.9700,6.0400,5.9300,5.9900,568600,3409902.0000,3
2020-05-11,20200511113000000,sh.600099,5.9900,6.0000,5.9800,5.9800,152100,910715.0000,3
2020-05-11,20200511140000000,sh.600099,5.9800,6.0700,5.9600,6.0100,678701,4081035.0000,3
2020-05-11,20200511150000000,sh.600099,6.0100,6.0200,5.9800,5.9900,495033,2966553.0000,3
2020-05-12,20200512103000000,sh.600099,5.9700,6.1900,5.9500,6.1400,1627401,9905126.0000,3
2020-05-12,20200512113000000,sh.600099,6.1400,6.1400,6.0800,6.0900,522700,3194457.0000,3
2020-05-12,20200512140000000,sh.600099,6.0800,6.1200,6.0300,6.0800,596953,3622082.0000,3
2020-05-12,20200512150000000,sh.600099,6.0800,6.2500,6.0600,6.2000,1593001,9834871.0000,3
2020-05-13,20200513103000000,sh.600099,6.2500,6.3200,6.1400,6.2800,1720800,10699083.0000,3
2020-05-13,20200513113000000,sh.600099,6.2800,6.2800,6.2100,6.2100,436700,2722647.0000,3
2020-05-13,20200513140000000,sh.600099,6.2000,6.2700,6.2000,6.2100,659600,4110632.0000,3
2020-05-13,20200513150000000,sh.600099,6.2100,6.2600,6.1800,6.2600,560931,3487157.0000,3
2020-05-14,20200514103000000,sh.600099,6.2600,6.4800,6.1800,6.3700,2472116,15746204.0000,3
2020-05-14,20200514113000000,sh.600099,6.3700,6.5700,6.3500,6.4000,1476955,9551549.0000,3
2020-05-14,20200514140000000,sh.600099,6.4100,6.4400,6.3500,6.3700,711000,4550166.0000,3
2020-05-14,20200514150000000,sh.600099,6.3700,6.3700,6.3300,6.3500,554000,3517705.0000,3
2020-05-15,20200515103000000,sh.600099,6.3100,6.3800,6.2600,6.2700,1714660,10794484.0000,3
2020-05-15,20200515113000000,sh.600099,6.2700,6.3000,6.2400,6.2600,786465,4932265.0000,3
2020-05-15,20200515140000000,sh.600099,6.2600,6.3100,6.2000,6.2100,1223300,7647706.0000,3
2020-05-15,20200515150000000,sh.600099,6.2100,6.2400,6.1700,6.2100,730300,4533057.0000,3
2020-05-18,20200518103000000,sh.600099,6.2100,6.2400,6.1300,6.1800,654500,4039538.0000,3
2020-05-18,20200518113000000,sh.600099,6.1800,6.2100,6.1600,6.2100,391400,2417418.0000,3
2020-05-18,20200518140000000,sh.600099,6.2100,6.2100,6.1800,6.1900,239600,1483683.0000,3
2020-05-18,20200518150000000,sh.600099,6.1900,6.1900,6.1000,6.1000,882100,5410789.0000,3
2020-05-19,20200519103000000,sh.600099,6.1300,6.1700,6.1100,6.1200,657180,4031639.0000,3
2020-05-19,20200519113000000,sh.600099,6.1200,6.1600,6.1200,6.1600,202631,1245155.0000,3
2020-05-19,20200519140000000,sh.600099,6.1500,6.2800,6.1500,6.2100,791400,4917225.0000,3
2020-05-19,20200519150000000,sh.600099,6.2100,6.2300,6.1800,6.2200,487275,3025374.0000,3
2020-05-20,20200520103000000,sh.600099,6.2200,6.2300,6.1500,6.1500,834100,5156519.0000,3
2020-05-20,20200520113000000,sh.600099,6.1500,6.1700,6.1300,6.1500,326200,2005137.0000,3
2020-05-20,20200520140000000,sh.600099,6.1300,6.1600,6.1100,6.1300,482300,2961063.0000,3
2020-05-20,20200520150000000,sh.600099,6.1300,6.1600,6.0900,6.1500,693200,4237906.0000,3
2020-05-21,20200521103000000,sh.600099,6.1100,6.1600,6.1000,6.1100,399500,2445389.0000,3
2020-05-21,20200521113000000,sh.600099,6.1100,6.1400,6.1100,6.1200,153700,941261.0000,3
2020-05-21,20200521140000000,sh.600099,6.1200,6.1500,6.1200,6.1500,208800,1280682.0000,3
2020-05-21,20200521150000000,sh.600099,6.1400,6.1400,6.0800,6.1000,520700,3177123.0000,3
2020-05-22,20200522103000000,sh.600099,6.1000,6.1100,6.0300,6.0400,519400,3155808.0000,3
2020-05-22,20200522113000000,sh.600099,6.0300,6.0500,6.0100,6.0200,279575,1684444.0000,3
2020-05-22,20200522140000000,sh.600099,6.0300,6.0300,5.9600,5.9900,574490,3440221.0000,3
2020-05-22,20200522150000000,sh.600099,5.9900,6.0300,5.9700,5.9900,391616,2351353.0000,3
2020-05-25,20200525103000000,sh.600099,6.0000,6.1200,5.9800,6.0800,642200,3871410.0000,3
2020-05-25,20200525113000000,sh.600099,6.0800,6.1000,6.0600,6.0800,207900,1264048.0000,3
2020-05-25,20200525140000000,sh.600099,6.0800,6.1000,6.0500,6.0500,190200,1156224.0000,3
2020-05-25,20200525150000000,sh.600099,6.0500,6.1000,6.0500,6.1000,448600,2730508.0000,3
2020-05-26,20200526103000000,sh.600099,6.0900,6.2100,6.0700,6.1900,812000,5007799.0000,3
2020-05-26,20200526113000000,sh.600099,6.1900,6.2000,6.1500,6.2000,323900,2001689.0000,3
2020-05-26,20200526140000000,sh.600099,6.2000,6.2100,6.1800,6.2100,244700,1515406.0000,3
2020-05-26,20200526150000000,sh.600099,6.2100,6.2300,6.1900,6.2100,482100,2992601.0000,3
2020-05-27,20200527103000000,sh.600099,6.2400,6.2700,6.2000,6.2000,700510,4355233.0000,3
2020-05-27,20200527113000000,sh.600099,6.2000,6.2200,6.1700,6.2100,179900,1114254.0000,3
2020-05-27,20200527140000000,sh.600099,6.2200,6.2800,6.2200,6.2600,469000,2931439.0000,3
2020-05-27,20200527150000000,sh.600099,6.2600,6.2700,6.2100,6.2700,627401,3920703.0000,3
2020-05-28,20200528103000000,sh.600099,6.2600,6.2700,6.1900,6.1900,399500,2488300.0000,3
2020-05-28,20200528113000000,sh.600099,6.1900,6.2000,6.1300,6.1300,385434,2377864.0000,3
2020-05-28,20200528140000000,sh.600099,6.1400,6.1700,6.1000,6.1700,331702,2035565.0000,3
2020-05-28,20200528150000000,sh.600099,6.1700,6.1800,6.1400,6.1700,386900,2384535.0000,3
2020-05-29,20200529103000000,sh.600099,6.1800,6.2500,6.1600,6.2100,580100,3596396.0000,3
2020-05-29,20200529113000000,sh.600099,6.2100,6.2500,6.1900,6.2000,231931,1441185.0000,3
2020-05-29,20200529140000000,sh.600099,6.2000,6.2300,6.1800,6.2200,220200,1366525.0000,3
2020-05-29,20200529150000000,sh.600099,6.2200,6.3400,6.2100,6.3400,1314346,8257806.0000,3
2020-06-01,20200601103000000,sh.600099,6.3500,6.4400,6.3000,6.4200,1322231,8402495.0000,3
2020-06-01,20200601113000000,sh.600099,6.4300,6.4300,6.3800,6.3900,430600,2756966.0000,3
2020-06-01,20200601140000000,sh.600099,6.3900,6.4000,6.3400,6.3700,718680,4573964.0000,3
2020-06-01,20200601150000000,sh.600099,6.3700,6.3900,6.3500,6.3800,587700,3740785.0000,3
2020-06-02,20200602103000000,sh.600099,6.3700,6.4200,6.3100,6.3900,938980,5973704.0000,3
2020-06-02,20200602113000000,sh.600099,6.3900,6.4900,6.3700,6.4300,1263600,8138995.0000,3
2020-06-02,20200602140000000,sh.600099,6.4300,6.4500,6.4200,6.4400,151100,973175.0000,3
2020-06-02,20200602150000000,sh.600099,6.4400,6.4500,6.4000,6.4200,373600,2399222.0000,3
2020-06-03,20200603103000000,sh.600099,6.4200,6.4900,6.4000,6.4500,908600,5842856.0000,3
2020-06-03,20200603113000000,sh.600099,6.4500,6.5000,6.4400,6.4600,424200,2743030.0000,3
2020-06-03,20200603140000000,sh.600099,6.5000,6.6100,6.4600,6.5400,2007800,13153759.0000,3
2020-06-03,20200603150000000,sh.600099,6.5400,6.5900,6.5000,6.5300,1060000,6928607.0000,3
2020-06-04,20200604103000000,sh.600099,6.5900,6.6100,6.5200,6.5300,877800,5756625.0000,3
2020-06-04,20200604113000000,sh.600099,6.5300,6.5600,6.4900,6.5400,445500,2905471.0000,3
2020-06-04,20200604140000000,sh.600099,6.5400,6.5700,6.5300,6.5600,537900,3519637.0000,3
2020-06-04,20200604150000000,sh.600099,6.5600,6.6900,6.5500,6.6500,1898480,12577809.0000,3
2020-06-05,20200605103000000,sh.600099,6.6300,6.6600,6.4900,6.5500,1476672,9665800.0000,3
2020-06-05,20200605113000000,sh.600099,6.5500,6.5600,6.5100,6.5200,286700,1874000.0000,3
2020-06-05,20200605140000000,sh.600099,6.5200,6.5500,6.5000,6.5200,300711,1958041.0000,3
2020-06-05,20200605150000000,sh.600099,6.5200,6.5500,6.5000,6.5300,475400,3102792.0000,3
2020-06-08,20200608103000000,sh.600099,6.5300,6.5700,6.4900,6.5400,802110,5229312.0000,3
2020-06-08,20200608113000000,sh.600099,6.5500,6.5900,6.5300,6.5600,422365,2771015.0000,3
2020-06-08,20200608140000000,sh.600099,6.5600,6.5700,6.5400,6.5400,282400,1850277.0000,3
2020-06-08,20200608150000000,sh.600099,6.5400,6.5600,6.5300,6.5400,465900,3049784.0000,3
2020-06-09,20200609103000000,sh.600099,6.5800,6.5900,6.5100,6.5400,460100,3016914.0000,3
2020-06-09,20200609113000000,sh.600099,6.5400,6.5600,6.5300,6.5500,224900,1472437.0000,3
2020-06-09,20200609140000000,sh.600099,6.5300,6.5600,6.5300,6.5500,124786,817948.0000,3
2020-06-09,20200609150000000,sh.600099,6.5500,6.5700,6.5200,6.5400,316314,2068139.0000,3
2020-06-10,20200610103000000,sh.600099,6.5000,6.5100,6.3700,6.4000,1304100,8387379.0000,3
2020-06-10,20200610113000000,sh.600099,6.4000,6.4200,6.3800,6.4000,340401,2177760.0000,3
2020-06-10,20200610140000000,sh.600099,6.4000,6.4200,6.3800,6.4100,281186,1797087.0000,3
2020-06-10,20200610150000000,sh.600099,6.4100,6.4100,6.3700,6.4000,443721,2835769.0000,3
2020-06-11,20200611103000000,sh.600099,6.3900,6.4700,6.3900,6.4500,608500,3919408.0000,3
2020-06-11,20200611113000000,sh.600099,6.4500,6.4800,6.4200,6.4700,428800,2762150.0000,3
2020-06-11,20200611140000000,sh.600099,6.4400,6.4500,6.4000,6.4000,497700,3193380.0000,3
2020-06-11,20200611150000000,sh.600099,6.4000,6.4200,6.3700,6.4200,617400,3950792.0000,3
2020-06-12,20200612103000000,sh.600099,6.3400,6.3500,6.2500,6.3400,843500,5327830.0000,3
2020-06-12,20200612113000000,sh.600099,6.3400,6.4400,6.3200,6.4200,393140,2510742.0000,3
2020-06-12,20200612140000000,sh.600099,6.4200,6.5300,6.3900,6.5300,618300,3994156.0000,3
2020-06-12,20200612150000000,sh.600099,6.5300,6.5700,6.5200,6.5400,533700,3489758.0000,3
2020-06-15,20200615103000000,sh.600099,6.5100,6.6000,6.4600,6.6000,865694,5668896.0000,3
2020-06-15,20200615113000000,sh.600099,6.6000,6.6600,6.5800,6.6100,549400,3632442.0000,3
2020-06-15,20200615140000000,sh.600099,6.6300,6.6300,6.5500,6.5700,555800,3659770.0000,3
2020-06-15,20200615150000000,sh.600099,6.5700,6.5900,6.5400,6.5800,471300,3089874.0000,3
2020-06-16,20200616103000000,sh.600099,6.5900,6.6400,6.5600,6.5700,670300,4425727.0000,3
2020-06-16,20200616113000000,sh.600099,6.5700,6.6100,6.5500,6.5800,297100,1956696.0000,3
2020-06-16,20200616140000000,sh.600099,6.5800,6.6100,6.5600,6.6000,484327,3192323.0000,3
2020-06-16,20200616150000000,sh.600099,6.6000,6.6100,6.5800,6.6000,548391,3618981.0000,3
2020-06-17,20200617103000000,sh.600099,6.6000,6.6100,6.5600,6.5700,727206,4782695.0000,3
2020-06-17,20200617113000000,sh.600099,6.5700,6.5700,6.5200,6.5600,315700,2066431.0000,3
2020-06-17,20200617140000000,sh.600099,6.5400,6.5600,6.5000,6.5400,322400,2103619.0000,3
2020-06-17,20200617150000000,sh.600099,6.5400,6.5500,6.5000,6.5300,346500,2262267.0000,3
2020-06-18,20200618103000000,sh.600099,6.5300,6.6000,6.4600,6.4900,430100,2800878.0000,3
2020-06-18,20200618113000000,sh.600099,6.5000,6.5100,6.4500,6.5000,396500,2567962.0000,3
2020-06-18,20200618140000000,sh.600099,6.5000,6.5200,6.4900,6.5000,127000,826646.0000,3
2020-06-18,20200618150000000,sh.600099,6.5000,6.5400,6.4800,6.5200,446308,2905339.0000,3
2020-06-19,20200619103000000,sh.600099,6.5300,6.5300,6.4700,6.5000,325700,2114675.0000,3
2020-06-19,20200619113000000,sh.600099,6.5000,6.5100,6.4200,6.4400,581577,3755725.0000,3
2020-06-19,20200619140000000,sh.600099,6.4200,6.4800,6.4200,6.4700,289906,1869130.0000,3
2020-06-19,20200619150000000,sh.600099,6.4700,6.5000,6.4700,6.4800,397700,2581853.0000,3
2020-06-22,20200622103000000,sh.600099,6.4800,6.5500,6.4400,6.4600,737300,4784071.0000,3
2020-06-22,20200622113000000,sh.600099,6.4600,6.4900,6.4300,6.4800,299900,1936286.0000,3
2020-06-22,20200622140000000,sh.600099,6.4800,6.4900,6.4400,6.4600,382600,2471408.0000,3
2020-06-22,20200622150000000,sh.600099,6.4600,6.4700,6.4300,6.4500,433100,2793271.0000,3
2020-06-23,20200623103000000,sh.600099,6.4500,6.5000,6.3500,6.4800,723650,4646874.0000,3
2020-06-23,20200623113000000,sh.600099,6.4800,6.5000,6.4700,6.4800,210600,1366354.0000,3
2020-06-23,20200623140000000,sh.600099,6.4800,6.5100,6.4600,6.4800,368073,2386278.0000,3
2020-06-23,20200623150000000,sh.600099,6.4800,6.5000,6.4600,6.4600,536400,3478133.0000,3
2020-06-24,20200624103000000,sh.600099,6.5100,6.5100,6.4000,6.4100,450432,2901728.0000,3
2020-06-24,20200624113000000,sh.600099,6.4200,6.4500,6.4100,6.4100,197300,1267041.0000,3
2020-06-24,20200624140000000,sh.600099,6.4100,6.4200,6.3900,6.3900,458400,2936576.0000,3
2020-06-24,20200624150000000,sh.600099,6.3900,6.4500,6.3800,6.4300,319086,2048340.0000,3
2020-06-29,20200629103000000,sh.600099,6.4000,6.4100,6.3000,6.3400,554900,3520235.0000,3
2020-06-29,20200629113000000,sh.600099,6.3400,6.3400,6.2900,6.3000,459300,2899786.0000,3
2020-06-29,20200629140000000,sh.600099,6.3200,6.3200,6.2600,6.2700,622101,3909398.0000,3
2020-06-29,20200629150000000,sh.600099,6.2700,6.3000,6.2400,6.2800,600400,3763630.0000,3
2020-06-30,20200630103000000,sh.600099,6.3000,6.4100,6.3000,6.3900,883900,5622155.0000,3
2020-06-30,20200630113000000,sh.600099,6.3900,6.3900,6.3600,6.3800,236500,1508349.0000,3
2020-06-30,20200630140000000,sh.600099,6.3800,6.4000,6.3800,6.3900,305500,1952191.0000,3
2020-06-30,20200630150000000,sh.600099,6.3900,6.4300,6.3700,6.4300,379933,2430884.0000,3
2020-07-01,20200701103000000,sh.600099,6.4000,6.4900,6.4000,6.4700,618433,3997471.0000,3
2020-07-01,20200701113000000,sh.600099,6.4700,6.4900,6.4600,6.4800,229100,1484315.0000,3
2020-07-01,20200701140000000,sh.600099,6.4800,6.4900,6.4400,6.4400,440800,2851363.0000,3
2020-07-01,20200701150000000,sh.600099,6.4400,6.5200,6.4300,6.5000,707000,4581660.0000,3
2020-07-02,20200702103000000,sh.600099,6.5200,6.5700,6.4800,6.5300,628600,4108083.0000,3
2020-07-02,20200702113000000,sh.600099,6.5300,6.5700,6.5100,6.5500,559400,3657259.0000,3
2020-07-02,20200702140000000,sh.600099,6.5500,6.5900,6.5000,6.5400,1074400,7020892.0000,3
2020-07-02,20200702150000000,sh.600099,6.5400,6.5500,6.5000,6.5300,701500,4574452.0000,3
2020-07-03,20200703103000000,sh.600099,6.5000,6.6000,6.4900,6.5700,995356,6503629.0000,3
2020-07-03,20200703113000000,sh.600099,6.5700,6.6000,6.5400,6.5900,529000,3481020.0000,3
2020-07-03,20200703140000000,sh.600099,6.5900,6.6000,6.5500,6.5900,624001,4099621.0000,3
2020-07-03,20200703150000000,sh.600099,6.5900,6.6300,6.5700,6.6100,785965,5194765.0000,3
2020-07-06,20200706103000000,sh.600099,6.6500,6.7800,6.6000,6.6200,2806200,18702262.0000,3
2020-07-06,20200706113000000,sh.600099,6.6200,6.7100,6.6200,6.7100,923200,6151474.0000,3
2020-07-06,20200706140000000,sh.600099,6.7100,6.7800,6.6800,6.7200,2205462,14820120.0000,3
2020-07-06,20200706150000000,sh.600099,6.7100,6.7400,6.7000,6.7200,1003068,6744674.0000,3
2020-07-07,20200707103000000,sh.600099,6.7100,6.8400,6.6700,6.7500,2308669,15563312.0000,3
2020-07-07,20200707113000000,sh.600099,6.7500,6.7800,6.7300,6.7700,326000,2201038.0000,3
2020-07-07,20200707140000000,sh.600099,6.7700,6.8000,6.7600,6.7800,591200,4009549.0000,3
2020-07-07,20200707150000000,sh.600099,6.7800,6.7900,6.7300,6.7600,1002901,6776996.0000,3
2020-07-08,20200708103000000,sh.600099,6.7400,6.7800,6.7000,6.7500,1033850,6973999.0000,3
2020-07-08,20200708113000000,sh.600099,6.7500,6.8100,6.7500,6.8000,999027,6785876.0000,3
2020-07-08,20200708140000000,sh.600099,6.7800,6.8200,6.7700,6.8000,599700,4075498.0000,3
2020-07-08,20200708150000000,sh.600099,6.7800,6.8400,6.7800,6.8200,1071668,7311835.0000,3
2020-07-09,20200709103000000,sh.600099,6.8000,6.8700,6.7500,6.7600,2190111,14921207.0000,3
2020-07-09,20200709113000000,sh.600099,6.7600,6.8400,6.7500,6.8400,692100,4698961.0000,3
2020-07-09,20200709140000000,sh.600099,6.8400,6.8700,6.8200,6.8300,1134900,7765153.0000,3
2020-07-09,20200709150000000,sh.600099,6.8200,6.8800,6.7800,6.8800,1036460,7087085.0000,3
2020-07-10,20200710103000000,sh.600099,6.8400,6.8800,6.8000,6.8700,1162900,7966318.0000,3
2020-07-10,20200710113000000,sh.600099,6.8700,6.9100,6.7500,6.8900,1223900,8372231.0000,3
2020-07-10,20200710140000000,sh.600099,6.8900,6.8900,6.8100,6.8400,454600,3117682.0000,3
2020-07-10,20200710150000000,sh.600099,6.8400,6.8600,6.7500,6.7600,1103493,7483085.0000,3
2020-07-13,20200713103000000,sh.600099,6.7900,7.0400,6.7600,7.0300,2534611,17535868.0000,3
2020-07-13,20200713113000000,sh.600099,7.0300,7.0800,6.9900,7.0700,1497100,10520234.0000,3
2020-07-13,20200713140000000,sh.600099,7.0600,7.0800,7.0200,7.0500,667900,4713767.0000,3
2020-07-13,20200713150000000,sh.600099,7.0500,7.0700,7.0000,7.0400,1063510,7475599.0000,3
2020-07-14,20200714103000000,sh.600099,7.0300,7.1200,7.0000,7.1000,2163200,15287706.0000,3
2020-07-14,20200714113000000,sh.600099,7.0900,7.1000,6.9900,7.0300,964000,6785466.0000,3
2020-07-14,20200714140000000,sh.600099,7.0300,7.0400,6.9500,6.9800,798300,5582125.0000,3
2020-07-14,20200714150000000,sh.600099,6.9700,7.1100,6.9700,7.1000,980400,6919590.0000,3
2020-07-15,20200715103000000,sh.600099,7.1000,7.1700,6.9800,7.0400,986300,6948966.0000,3
2020-07-15,20200715113000000,sh.600099,7.0300,7.0300,6.9000,6.9600,844400,5872741.0000,3
2020-07-15,20200715140000000,sh.600099,6.9800,7.0600,6.9600,7.0600,442100,3105142.0000,3
2020-07-15,20200715150000000,sh.600099,7.0600,7.0600,6.8700,6.9100,1718437,11942321.0000,3
2020-07-16,20200716103000000,sh.600099,6.8800,6.9900,6.8700,6.8900,919700,6376073.0000,3
2020-07-16,20200716113000000,sh.600099,6.8900,6.9500,6.8800,6.9100,443500,3065015.0000,3
2020-07-16,20200716140000000,sh.600099,6.9200,6.9200,6.7800,6.8300,1074093,7362313.0000,3
2020-07-16,20200716150000000,sh.600099,6.8300,6.8700,6.7100,6.7200,1067600,7233947.0000,3
2020-07-17,20200717103000000,sh.600099,6.7000,6.8000,6.6500,6.7900,1369376,9229445.0000,3
2020-07-17,20200717113000000,sh.600099,6.7900,6.8700,6.7500,6.7600,464600,3165628.0000,3
2020-07-17,20200717140000000,sh.600099,6.7600,6.7800,6.7500,6.7600,245385,1660710.0000,3
2020-07-17,20200717150000000,sh.600099,6.7600,6.8900,6.7600,6.8300,617237,4215057.0000,3
2020-07-20,20200720103000000,sh.600099,6.9100,7.4600,6.9000,7.2800,4707891,34016427.0000,3
2020-07-20,20200720113000000,sh.600099,7.2800,7.3000,7.1800,7.2500,1043174,7540404.0000,3
2020-07-20,20200720140000000,sh.600099,7.2600,7.2700,7.1900,7.2300,768868,5568404.0000,3
2020-07-20,20200720150000000,sh.600099,7.2300,7.3000,7.2200,7.2600,1204500,8755226.0000,3
2020-07-21,20200721103000000,sh.600099,7.3600,7.5800,7.2100,7.4700,3605511,26730136.0000,3
2020-07-21,20200721113000000,sh.600099,7.4700,7.5300,7.4000,7.4200,1077271,8031223.0000,3
2020-07-21,20200721140000000,sh.600099,7.4200,7.4400,7.2900,7.3100,903784,6635520.0000,3
2020-07-21,20200721150000000,sh.600099,7.3100,7.4400,7.2800,7.3700,1539700,11298490.0000,3
2020-07-22,20200722103000000,sh.600099,7.3000,7.4600,7.2400,7.4100,1823644,13475071.0000,3
2020-07-22,20200722113000000,sh.600099,7.3800,7.4300,7.3300,7.3600,874500,6458066.0000,3
2020-07-22,20200722140000000,sh.600099,7.3700,7.4100,7.3200,7.3900,934200,6893243.0000,3
2020-07-22,20200722150000000,sh.600099,7.3900,7.4300,7.3000,7.3500,1826100,13452726.0000,3
2020-07-23,20200723103000000,sh.600099,7.3900,7.4000,7.1400,7.1900,1999900,14542779.0000,3
2020-07-23,20200723113000000,sh.600099,7.1900,7.2000,7.1000,7.1800,1051042,7521478.0000,3
2020-07-23,20200723140000000,sh.600099,7.1700,7.2600,7.1700,7.2500,443700,3203904.0000,3
2020-07-23,20200723150000000,sh.600099,7.2500,7.2900,7.1800,7.2700,787233,5702973.0000,3
2020-07-24,20200724103000000,sh.600099,7.2600,7.3700,7.2000,7.2700,792193,5777816.0000,3
2020-07-24,20200724113000000,sh.600099,7.2700,7.2800,7.1500,7.1500,570700,4119100.0000,3
2020-07-24,20200724140000000,sh.600099,7.1500,7.1500,6.9800,6.9800,1252500,8847656.0000,3
2020-07-24,20200724150000000,sh.600099,6.9800,7.0600,6.9200,6.9300,1028637,7167586.0000,3
2020-07-27,20200727103000000,sh.600099,6.9400,7.0000,6.7800,6.8600,1427400,9817594.0000,3
2020-07-27,20200727113000000,sh.600099,6.8600,6.9400,6.8300,6.8800,263800,1816655.0000,3
2020-07-27,20200727140000000,sh.600099,6.8800,6.9300,6.8200,6.8900,551500,3791670.0000,3
2020-07-27,20200727150000000,sh.600099,6.8900,6.9000,6.8100,6.8400,762500,5222361.0000,3
2020-07-28,20200728103000000,sh.600099,6.8500,7.1200,6.8500,7.1000,1655000,11654102.0000,3
2020-07-28,20200728113000000,sh.600099,7.1000,7.1000,7.0300,7.0400,427557,3019226.0000,3
2020-07-28,20200728140000000,sh.600099,7.0400,7.0700,6.9500,6.9600,551945,3861484.0000,3
2020-07-28,20200728150000000,sh.600099,6.9600,7.0000,6.9400,6.9800,523293,3646902.0000,3
2020-07-29,20200729103000000,sh.600099,7.0700,7.0700,6.8500,7.0000,1019300,7073458.0000,3
2020-07-29,20200729113000000,sh.600099,7.0100,7.0300,6.9700,6.9700,511500,3574847.0000,3
2020-07-29,20200729140000000,sh.600099,6.9700,7.0100,6.9700,6.9900,370000,2582642.0000,3
2020-07-29,20200729150000000,sh.600099,6.9900,7.0200,6.9800,7.0200,1098700,7699296.0000,3
2020-07-30,20200730103000000,sh.600099,7.0500,7.0800,6.9600,6.9700,627900,4409151.0000,3
2020-07-30,20200730113000000,sh.600099,6.9700,7.0200,6.9500,6.9800,351700,2455572.0000,3
2020-07-30,20200730140000000,sh.600099,6.9800,7.0400,6.9600,7.0200,338400,2366008.0000,3
2020-07-30,20200730150000000,sh.600099,7.0200,7.0400,6.9200,6.9600,519900,3622563.0000,3
2020-07-31,20200731103000000,sh.600099,6.9500,7.0300,6.9300,6.9800,755200,5287312.0000,3
2020-07-31,20200731113000000,sh.600099,6.9700,6.9900,6.8600,6.9100,894254,6190940.0000,3
2020-07-31,20200731140000000,sh.600099,6.9100,6.9500,6.9000,6.9100,374057,2590895.0000,3
2020-07-31,20200731150000000,sh.600099,6.9100,6.9600,6.8900,6.9500,945800,6550329.0000,3
2020-08-03,20200803103000000,sh.600099,7.0500,7.2200,6.9900,7.1600,1840801,13110885.0000,3
2020-08-03,20200803113000000,sh.600099,7.1600,7.2800,7.1600,7.2600,1010500,7307948.0000,3
2020-08-03,20200803140000000,sh.600099,7.2500,7.3000,7.2400,7.2600,674711,4904442.0000,3
2020-08-03,20200803150000000,sh.600099,7.2600,7.2900,7.2000,7.2700,1079800,7822443.0000,3
2020-08-04,20200804103000000,sh.600099,7.2300,7.3500,7.2200,7.2200,1369243,9971242.0000,3
2020-08-04,20200804113000000,sh.600099,7.2300,7.3000,7.2200,7.2500,647533,4703417.0000,3
2020-08-04,20200804140000000,sh.600099,7.2400,7.3000,7.1800,7.2800,582660,4212682.0000,3
2020-08-04,20200804150000000,sh.600099,7.2800,7.3000,7.2000,7.2100,498591,3608159.0000,3
2020-08-05,20200805103000000,sh.600099,7.2300,7.3400,7.1700,7.2400,973791,7047468.0000,3
2020-08-05,20200805113000000,sh.600099,7.2600,7.3200,7.2500,7.3000,607710,4420189.0000,3
2020-08-05,20200805140000000,sh.600099,7.3000,7.3200,7.2500,7.2900,420690,3062671.0000,3
2020-08-05,20200805150000000,sh.600099,7.2900,7.3600,7.2700,7.3600,1094300,8012881.0000,3
2020-08-06,20200806103000000,sh.600099,7.3700,7.3800,7.2600,7.2700,1142357,8341837.0000,3
2020-08-06,20200806113000000,sh.600099,7.2600,7.2900,7.1900,7.2500,1078627,7812162.0000,3
2020-08-06,20200806140000000,sh.600099,7.2500,7.3600,7.2500,7.3300,752600,5503587.0000,3
2020-08-06,20200806150000000,sh.600099,7.3300,7.3600,7.3100,7.3400,672627,4939194.0000,3
2020-08-07,20200807103000000,sh.600099,7.3500,7.3800,7.2000,7.2300,1006427,7352101.0000,3
2020-08-07,20200807113000000,sh.600099,7.2300,7.3300,7.1900,7.2800,732500,5318606.0000,3
2020-08-07,20200807140000000,sh.600099,7.2700,7.2700,7.1100,7.2200,918955,6614996.0000,3
2020-08-07,20200807150000000,sh.600099,7.2200,7.2800,7.2200,7.2500,615600,4464479.0000,3
2020-08-10,20200810103000000,sh.600099,7.2000,7.6500,7.1800,7.5600,3296968,24624690.0000,3
2020-08-10,20200810113000000,sh.600099,7.5700,7.5900,7.4500,7.4700,576411,4325043.0000,3
2020-08-10,20200810140000000,sh.600099,7.4600,7.4900,7.4200,7.4800,347400,2591679.0000,3
2020-08-10,20200810150000000,sh.600099,7.4800,7.5000,7.4400,7.4700,664100,4961817.0000,3
2020-08-11,20200811103000000,sh.600099,7.5000,7.5000,7.3500,7.4700,1165275,8631851.0000,3
2020-08-11,20200811113000000,sh.600099,7.4600,7.7900,7.4200,7.6800,1738800,13195743.0000,3
2020-08-11,20200811140000000,sh.600099,7.6900,7.6900,7.5100,7.5400,976300,7424280.0000,3
2020-08-11,20200811150000000,sh.600099,7.5400,7.5500,7.3200,7.3300,945502,7015093.0000,3
2020-08-12,20200812103000000,sh.600099,7.2900,7.4500,7.2500,7.3400,1258055,9242863.0000,3
2020-08-12,20200812113000000,sh.600099,7.3400,7.4000,7.2100,7.2100,680300,4963000.0000,3
2020-08-12,20200812140000000,sh.600099,7.2000,7.3700,7.1800,7.3400,775100,5644000.0000,3
2020-08-12,20200812150000000,sh.600099,7.3400,7.4700,7.3400,7.4700,792031,5882369.0000,3
2020-08-13,20200813103000000,sh.600099,7.4700,7.5800,7.4200,7.5200,1044700,7853023.0000,3
2020-08-13,20200813113000000,sh.600099,7.5200,7.5300,7.3900,7.4000,502800,3749412.0000,3
2020-08-13,20200813140000000,sh.600099,7.4000,7.4600,7.3500,7.3600,689920,5107838.0000,3
2020-08-13,20200813150000000,sh.600099,7.3600,7.3800,7.3100,7.3300,641100,4707829.0000,3
2020-08-14,20200814103000000,sh.600099,7.3300,7.3800,7.2700,7.3700,909321,6652577.0000,3
2020-08-14,20200814113000000,sh.600099,7.3600,7.3600,7.2900,7.3100,367491,2689870.0000,3
2020-08-14,20200814140000000,sh.600099,7.3200,7.4200,7.3000,7.3900,229600,1691266.0000,3
2020-08-14,20200814150000000,sh.600099,7.3900,7.4900,7.3800,7.4900,953401,7107584.0000,3
2020-08-17,20200817103000000,sh.600099,7.5000,7.5500,7.4200,7.4200,1030352,7696249.0000,3
2020-08-17,20200817113000000,sh.600099,7.4100,7.5200,7.4000,7.5200,465200,3472863.0000,3
2020-08-17,20200817140000000,sh.600099,7.5200,7.5600,7.5000,7.5500,692200,5215343.0000,3
2020-08-17,20200817150000000,sh.600099,7.5400,7.5500,7.5100,7.5400,449700,3388417.0000,3
2020-08-18,20200818103000000,sh.600099,7.5500,7.5800,7.4600,7.5600,756800,5699855.0000,3
2020-08-18,20200818113000000,sh.600099,7.5600,7.6400,7.5200,7.6200,822900,6244254.0000,3
2020-08-18,20200818140000000,sh.600099,7.6300,7.8300,7.6000,7.7700,1888692,14533730.0000,3
2020-08-18,20200818150000000,sh.600099,7.7700,7.7700,7.7000,7.7200,1282000,9923998.0000,3
2020-08-19,20200819103000000,sh.600099,7.7600,7.7600,7.6000,7.7000,1358934,10456487.0000,3
2020-08-19,20200819113000000,sh.600099,7.7000,7.7400,7.6900,7.6900,476600,3678593.0000,3
2020-08-19,20200819140000000,sh.600099,7.7000,7.7400,7.6600,7.7000,478201,3683225.0000,3
2020-08-19,20200819150000000,sh.600099,7.7000,7.7200,7.6000,7.6200,922600,7057127.0000,3
2020-08-20,20200820103000000,sh.600099,7.6300,7.6900,7.5600,7.6200,833500,6362668.0000,3
2020-08-20,20200820113000000,sh.600099,7.6500,7.6600,7.6100,7.6200,281800,2151649.0000,3
2020-08-20,20200820140000000,sh.600099,7.6400,7.7500,7.6100,7.6800,483138,3718114.0000,3
2020-08-20,20200820150000000,sh.600099,7.6800,7.6900,7.5900,7.6300,623000,4758103.0000,3
2020-08-21,20200821103000000,sh.600099,7.6100,7.7600,7.6100,7.6400,683200,5247334.0000,3
2020-08-21,20200821113000000,sh.600099,7.6400,7.6800,7.6000,7.6500,350200,2676928.0000,3
2020-08-21,20200821140000000,sh.600099,7.6500,7.7300,7.6400,7.7100,522800,4014872.0000,3
2020-08-21,20200821150000000,sh.600099,7.7100,7.7100,7.6200,7.6800,814800,6238426.0000,3
2020-08-24,20200824103000000,sh.600099,7.6900,7.7000,7.4900,7.5000,1724400,13023372.0000,3
2020-08-24,20200824113000000,sh.600099,7.5000,7.5300,7.4600,7.4900,583100,4367207.0000,3
2020-08-24,20200824140000000,sh.600099,7.4800,7.5900,7.4600,7.5200,463300,3482555.0000,3
2020-08-24,20200824150000000,sh.600099,7.5200,7.5700,7.5000,7.5500,646212,4865991.0000,3
2020-08-25,20200825103000000,sh.600099,7.4400,7.5400,7.4400,7.4800,696900,5224461.0000,3
2020-08-25,20200825113000000,sh.600099,7.4900,7.5200,7.4800,7.5000,363500,2725687.0000,3
2020-08-25,20200825140000000,sh.600099,7.4900,7.5000,7.4600,7.4700,207700,1552332.0000,3
2020-08-25,20200825150000000,sh.600099,7.4800,7.5000,7.4500,7.4700,322600,2410339.0000,3
2020-08-26,20200826103000000,sh.600099,7.4500,7.4900,7.4000,7.4300,680401,5063586.0000,3
2020-08-26,20200826113000000,sh.600099,7.4300,7.4400,7.3200,7.3300,566901,4182470.0000,3
2020-08-26,20200826140000000,sh.600099,7.3200,7.4000,7.3200,7.3300,320400,2356146.0000,3
2020-08-26,20200826150000000,sh.600099,7.3300,7.3400,7.2400,7.2600,900900,6553359.0000,3
2020-08-27,20200827103000000,sh.600099,7.3300,7.4800,7.2700,7.4700,1287100,9493786.0000,3
2020-08-27,20200827113000000,sh.600099,7.4700,7.8800,7.4500,7.8500,2385530,18263350.0000,3
2020-08-27,20200827140000000,sh.600099,7.8400,7.9400,7.7100,7.7300,2024878,15890340.0000,3
2020-08-27,20200827150000000,sh.600099,7.7300,7.7700,7.6500,7.7000,884300,6805174.0000,3
2020-08-28,20200828103000000,sh.600099,7.7500,7.7500,7.5500,7.5700,1560566,11918431.0000,3
2020-08-28,20200828113000000,sh.600099,7.5600,7.6000,7.5300,7.5600,689676,5212821.0000,3
2020-08-28,20200828140000000,sh.600099,7.5800,7.6100,7.5300,7.5700,504700,3817883.0000,3
2020-08-28,20200828150000000,sh.600099,7.5800,7.6400,7.5400,7.6400,876500,6650815.0000,3
2020-08-31,20200831103000000,sh.600099,7.6500,7.8000,7.6000,7.6900,1341400,10302761.0000,3
2020-08-31,20200831113000000,sh.600099,7.6900,7.7300,7.6600,7.6800,504200,3879569.0000,3
2020-08-31,20200831140000000,sh.600099,7.6800,7.6900,7.5900,7.5900,391400,2988068.0000,3
2020-08-31,20200831150000000,sh.600099,7.6000,7.6100,7.5300,7.5400,593900,4487289.0000,3
2020-09-01,20200901103000000,sh.600099,7.5700,7.5800,7.4900,7.5400,461700,3480858.0000,3
2020-09-01,20200901113000000,sh.600099,7.5400,7.6000,7.5100,7.6000,249356,1884529.0000,3
2020-09-01,20200901140000000,sh.600099,7.5900,7.6800,7.5900,7.6000,282400,2153437.0000,3
2020-09-01,20200901150000000,sh.600099,7.6000,7.7000,7.5700,7.6800,895600,6857561.0000,3
2020-09-02,20200902103000000,sh.600099,7.7000,7.8000,7.6100,7.7600,840400,6512803.0000,3
2020-09-02,20200902113000000,sh.600099,7.7600,7.7600,7.6500,7.7000,358300,2766647.0000,3
2020-09-02,20200902140000000,sh.600099,7.6800,7.7000,7.6600,7.6900,190000,1459460.0000,3
2020-09-02,20200902150000000,sh.600099,7.6900,7.7300,7.6800,7.7200,372100,2867049.0000,3
2020-09-03,20200903103000000,sh.600099,7.7000,7.7000,7.5800,7.6100,756400,5772562.0000,3
2020-09-03,20200903113000000,sh.600099,7.6100,7.6200,7.5600,7.6200,284575,2159756.0000,3
2020-09-03,20200903140000000,sh.600099,7.6200,7.6500,7.5000,7.5800,437100,3308961.0000,3
2020-09-03,20200903150000000,sh.600099,7.5800,7.6100,7.4600,7.5100,1125300,8467442.0000,3
2020-09-04,20200904103000000,sh.600099,7.4700,7.5500,7.3000,7.4600,1079901,8001821.0000,3
2020-09-04,20200904113000000,sh.600099,7.4600,7.4600,7.4000,7.4300,260100,1931401.0000,3
2020-09-04,20200904140000000,sh.600099,7.4500,7.5600,7.4200,7.5000,285700,2141060.0000,3
2020-09-04,20200904150000000,sh.600099,7.5000,7.5800,7.4700,7.5200,536100,4038054.0000,3
2020-09-07,20200907103000000,sh.600099,7.6400,7.7000,7.5000,7.6400,1317500,10038902.0000,3
2020-09-07,20200907113000000,sh.600099,7.6500,7.7200,7.6300,7.7000,693000,5321489.0000,3
2020-09-07,20200907140000000,sh.600099,7.7000,7.7100,7.6300,7.6600,329200,2526879.0000,3
2020-09-07,20200907150000000,sh.600099,7.6600,7.6900,7.4500,7.4800,910700,6853944.0000,3
2020-09-08,20200908103000000,sh.600099,7.5200,7.5900,7.4500,7.5000,743677,5607387.0000,3
2020-09-08,20200908113000000,sh.600099,7.5000,7.5400,7.4800,7.5300,247546,1858685.0000,3
2020-09-08,20200908140000000,sh.600099,7.5200,7.6800,7.4900,7.6700,1033170,7843446.0000,3
2020-09-08,20200908150000000,sh.600099,7.6700,7.6800,7.6200,7.6500,633800,4847327.0000,3
2020-09-09,20200909103000000,sh.600099,7.6300,7.7500,7.5500,7.7200,1174213,9013353.0000,3
2020-09-09,20200909113000000,sh.600099,7.7200,7.8200,7.6000,7.7700,1179800,9116319.0000,3
2020-09-09,20200909140000000,sh.600099,7.7800,7.7800,7.6500,7.6700,312700,2410936.0000,3
2020-09-09,20200909150000000,sh.600099,7.6700,7.7000,7.4000,7.4200,1522800,11458022.0000,3
2020-09-10,20200910103000000,sh.600099,7.5000,7.5000,7.1500,7.2100,1913800,13930986.0000,3
2020-09-10,20200910113000000,sh.600099,7.2100,7.2400,7.1200,7.1300,501900,3609520.0000,3
2020-09-10,20200910140000000,sh.600099,7.1100,7.1900,7.0000,7.1800,767600,5445927.0000,3
2020-09-10,20200910150000000,sh.600099,7.1800,7.2100,7.0100,7.1000,1075400,7613668.0000,3
2020-09-11,20200911103000000,sh.600099,7.1100,7.1400,6.9400,7.1200,748100,5284836.0000,3
2020-09-11,20200911113000000,sh.600099,7.1200,7.1300,7.0300,7.0400,351700,2490844.0000,3
2020-09-11,20200911140000000,sh.600099,7.0400,7.1300,7.0400,7.1200,308100,2188934.0000,3
2020-09-11,20200911150000000,sh.600099,7.1100,7.1900,7.1100,7.1300,542900,3884113.0000,3
2020-09-14,20200914103000000,sh.600099,7.2000,7.3000,7.0400,7.2700,1074700,7747075.0000,3
2020-09-14,20200914113000000,sh.600099,7.2700,7.2700,7.1900,7.2300,360500,2603704.0000,3
2020-09-14,20200914140000000,sh.600099,7.2400,7.2500,7.1000,7.1300,301400,2157356.0000,3
2020-09-14,20200914150000000,sh.600099,7.1200,7.2000,7.0900,7.2000,331300,2368612.0000,3
2020-09-15,20200915103000000,sh.600099,7.2400,7.2400,7.1300,7.1600,590461,4239377.0000,3
2020-09-15,20200915113000000,sh.600099,7.1500,7.1500,7.0500,7.1100,482151,3421663.0000,3
2020-09-15,20200915140000000,sh.600099,7.1100,7.1200,7.0000,7.0200,467961,3301272.0000,3
2020-09-15,20200915150000000,sh.600099,7.0200,7.0700,6.9600,7.0300,799900,5612957.0000,3
2020-09-16,20200916103000000,sh.600099,6.9800,7.1000,6.9400,7.0200,535900,3758148.0000,3
2020-09-16,20200916113000000,sh.600099,7.0200,7.0500,6.9500,6.9500,275600,1924760.0000,3
2020-09-16,20200916140000000,sh.600099,6.9600,6.9700,6.8900,6.9300,490000,3392832.0000,3
2020-09-16,20200916150000000,sh.600099,6.9300,6.9600,6.8800,6.9500,560377,3877103.0000,3
2020-09-17,20200917103000000,sh.600099,6.9500,7.0600,6.9200,7.0100,704636,4942546.0000,3
2020-09-17,20200917113000000,sh.600099,7.0100,7.0400,6.9600,6.9900,299200,2096682.0000,3
2020-09-17,20200917140000000,sh.600099,6.9800,7.1000,6.9700,7.0800,499730,3509701.0000,3
2020-09-17,20200917150000000,sh.600099,7.0800,7.1500,7.0400,7.0900,683535,4853447.0000,3
2020-09-18,20200918103000000,sh.600099,7.0100,7.1500,7.0100,7.0500,561061,3977471.0000,3
2020-09-18,20200918113000000,sh.600099,7.0400,7.0600,6.9900,7.0300,262100,1839776.0000,3
2020-09-18,20200918140000000,sh.600099,7.0300,7.0900,6.9900,7.0600,638301,4500663.0000,3
2020-09-18,20200918150000000,sh.600099,7.0700,7.1500,7.0500,7.1500,962700,6838663.0000,3
2020-09-21,20200921103000000,sh.600099,7.1300,7.1700,6.9900,7.1000,583937,4143313.0000,3
2020-09-21,20200921113000000,sh.600099,7.1000,7.1200,7.0600,7.0700,158164,1119697.0000,3
2020-09-21,20200921140000000,sh.600099,7.0700,7.0900,7.0300,7.0700,347500,2452767.0000,3
2020-09-21,20200921150000000,sh.600099,7.0700,7.0800,6.9900,7.0300,579600,4074318.0000,3
2020-09-22,20200922103000000,sh.600099,6.9400,7.0800,6.9100,6.9200,612800,4258048.0000,3
2020-09-22,20200922113000000,sh.600099,6.9200,6.9800,6.9200,6.9700,195833,1362717.0000,3
2020-09-22,20200922140000000,sh.600099,6.9700,6.9800,6.9100,6.9200,194488,1350581.0000,3
2020-09-22,20200922150000000,sh.600099,6.9200,6.9500,6.8300,6.8700,972800,6700796.0000,3
2020-09-23,20200923103000000,sh.600099,6.9000,6.9500,6.8700,6.9000,400500,2769481.0000,3
2020-09-23,20200923113000000,sh.600099,6.9000,6.9400,6.8800,6.9400,269900,1864699.0000,3
2020-09-23,20200923140000000,sh.600099,6.9400,6.9900,6.9300,6.9900,387600,2698551.0000,3
2020-09-23,20200923150000000,sh.600099,6.9900,7.0000,6.9400,6.9900,395300,2757682.0000,3
2020-09-24,20200924103000000,sh.600099,6.9900,6.9900,6.8100,6.8200,647200,4451604.0000,3
2020-09-24,20200924113000000,sh.600099,6.8200,6.8300,6.7500,6.7700,603400,4092840.0000,3
2020-09-24,20200924140000000,sh.600099,6.7800,6.8000,6.7300,6.7700,260500,1762409.0000,3
2020-09-24,20200924150000000,sh.600099,6.7700,6.7900,6.6900,6.7400,492500,3313438.0000,3
2020-09-25,20200925103000000,sh.600099,6.7300,6.8000,6.6800,6.6900,503000,3384005.0000,3
2020-09-25,20200925113000000,sh.600099,6.6900,6.7200,6.6100,6.6200,479200,3200374.0000,3
2020-09-25,20200925140000000,sh.600099,6.6200,6.6800,6.5900,6.6800,345861,2290129.0000,3
2020-09-25,20200925150000000,sh.600099,6.6800,6.7600,6.6700,6.7600,424000,2851373.0000,3
2020-09-28,20200928103000000,sh.600099,6.7700,6.8200,6.7000,6.7500,534951,3610721.0000,3
2020-09-28,20200928113000000,sh.600099,6.7700,6.7700,6.6800,6.6900,230099,1545861.0000,3
2020-09-28,20200928140000000,sh.600099,6.6900,6.7200,6.6300,6.6500,248300,1657956.0000,3
2020-09-28,20200928150000000,sh.600099,6.6400,6.7500,6.6300,6.6700,710901,4740117.0000,3
2020-09-29,20200929103000000,sh.600099,6.7000,6.8700,6.6200,6.8500,1359401,9213083.0000,3
2020-09-29,20200929113000000,sh.600099,6.8400,6.9500,6.8200,6.9200,873500,6020570.0000,3
2020-09-29,20200929140000000,sh.600099,6.9100,6.9300,6.8300,6.8600,255800,1754958.0000,3
2020-09-29,20200929150000000,sh.600099,6.8600,6.9200,6.8000,6.8100,743600,5095883.0000,3
2020-09-30,20200930103000000,sh.600099,6.8100,6.8400,6.7800,6.8100,402701,2739399.0000,3
2020-09-30,20200930113000000,sh.600099,6.8100,6.8500,6.7900,6.8200,240861,1638975.0000,3
2020-09-30,20200930140000000,sh.600099,6.8200,6.8300,6.7200,6.7400,988500,6690432.0000,3
2020-09-30,20200930150000000,sh.600099,6.7300,6.8800,6.7100,6.7600,1254400,8516675.0000,3
2020-10-09,20201009103000000,sh.600099,6.8700,7.0900,6.8200,6.8900,1483744,10316818.0000,3
2020-10-09,20201009113000000,sh.600099,6.8900,6.9300,6.8600,6.9300,380135,2619704.0000,3
2020-10-09,20201009140000000,sh.600099,6.9300,6.9400,6.8300,6.8500,475100,3260114.0000,3
2020-10-09,20201009150000000,sh.600099,6.8500,6.8600,6.8000,6.8300,773900,5285541.0000,3
2020-10-12,20201012103000000,sh.600099,6.8500,6.9600,6.7700,6.9500,601460,4152022.0000,3
2020-10-12,20201012113000000,sh.600099,6.9500,6.9800,6.9200,6.9700,376500,2616273.0000,3
2020-10-12,20201012140000000,sh.600099,6.9600,7.0100,6.9500,6.9800,473600,3303322.0000,3
2020-10-12,20201012150000000,sh.600099,6.9800,7.0000,6.9500,6.9900,574000,4007148.0000,3
2020-10-13,20201013103000000,sh.600099,7.0000,7.0400,6.9600,6.9800,394700,2761384.0000,3
2020-10-13,20201013113000000,sh.600099,6.9800,6.9900,6.9300,6.9900,294900,2053403.0000,3
2020-10-13,20201013140000000,sh.600099,6.9900,7.0200,6.9500,7.0200,348200,2434044.0000,3
2020-10-13,20201013150000000,sh.600099,7.0200,7.0400,6.9800,7.0400,808176,5664187.0000,3
2020-10-14,20201014103000000,sh.600099,7.0000,7.0600,6.9300,6.9400,449500,3134432.0000,3
2020-10-14,20201014113000000,sh.600099,6.9400,6.9700,6.9200,6.9400,206700,1436496.0000,3
2020-10-14,20201014140000000,sh.600099,6.9400,6.9700,6.9300,6.9600,257960,1791634.0000,3
2020-10-14,20201014150000000,sh.600099,6.9600,7.0400,6.9300,6.9400,692000,4820963.0000,3
2020-10-15,20201015103000000,sh.600099,6.9700,7.0100,6.9400,6.9900,388400,2713145.0000,3
2020-10-15,20201015113000000,sh.600099,7.0000,7.0000,6.9500,6.9800,295100,2061594.0000,3
2020-10-15,20201015140000000,sh.600099,6.9800,7.0100,6.9600,6.9800,137700,962214.0000,3
2020-10-15,20201015150000000,sh.600099,6.9700,7.0000,6.9400,6.9500,269700,1876561.0000,3
2020-10-16,20201016103000000,sh.600099,6.9500,7.0200,6.8800,6.9500,686360,4761840.0000,3
2020-10-16,20201016113000000,sh.600099,6.9400,7.0200,6.9300,6.9500,208300,1453384.0000,3
2020-10-16,20201016140000000,sh.600099,6.9500,6.9800,6.9300,6.9800,231600,1611953.0000,3
2020-10-16,20201016150000000,sh.600099,6.9800,7.0000,6.9500,6.9800,371700,2593382.0000,3
2020-10-19,20201019103000000,sh.600099,7.0800,7.1000,6.9300,7.0600,840312,5916307.0000,3
2020-10-19,20201019113000000,sh.600099,7.0600,7.1000,6.9800,6.9900,316400,2230751.0000,3
2020-10-19,20201019140000000,sh.600099,6.9900,7.0100,6.9400,6.9700,381336,2658880.0000,3
2020-10-19,20201019150000000,sh.600099,6.9700,7.0200,6.9400,7.0100,764000,5329407.0000,3
2020-10-20,20201020103000000,sh.600099,7.0000,7.0200,6.9700,7.0100,364900,2551794.0000,3
2020-10-20,20201020113000000,sh.600099,7.0100,7.0200,6.9900,7.0200,191200,1339216.0000,3
2020-10-20,20201020140000000,sh.600099,7.0200,7.1000,7.0100,7.0700,390800,2762197.0000,3
2020-10-20,20201020150000000,sh.600099,7.0700,7.1400,7.0500,7.1200,1047500,7441863.0000,3
2020-10-21,20201021103000000,sh.600099,7.1300,7.1400,7.0400,7.0500,906500,6425181.0000,3
2020-10-21,20201021113000000,sh.600099,7.0500,7.1600,7.0100,7.0400,853600,6032559.0000,3
2020-10-21,20201021140000000,sh.600099,7.0400,7.0600,7.0300,7.0400,253500,1785038.0000,3
2020-10-21,20201021150000000,sh.600099,7.0400,7.1100,7.0100,7.1000,947100,6687680.0000,3
2020-10-22,20201022103000000,sh.600099,7.1000,7.1800,7.0400,7.0600,692700,4913814.0000,3
2020-10-22,20201022113000000,sh.600099,7.0600,7.1000,7.0500,7.0600,178500,1262136.0000,3
2020-10-22,20201022140000000,sh.600099,7.0600,7.1200,7.0600,7.0800,186900,1325127.0000,3
2020-10-22,20201022150000000,sh.600099,7.0800,7.2000,7.0700,7.1000,658000,4694174.0000,3
2020-10-23,20201023103000000,sh.600099,7.1800,7.1800,7.0900,7.1200,405000,2889713.0000,3
2020-10-23,20201023113000000,sh.600099,7.1200,7.1400,7.0900,7.0900,189100,1344174.0000,3
2020-10-23,20201023140000000,sh.600099,7.0900,7.1100,7.0500,7.0700,216956,1533772.0000,3
2020-10-23,20201023150000000,sh.600099,7.0700,7.1000,7.0100,7.0100,377040,2662043.0000,3
2020-10-26,20201026103000000,sh.600099,7.0700,7.0700,6.9200,7.0000,479300,3352123.0000,3
2020-10-26,20201026113000000,sh.600099,7.0000,7.0300,6.9700,6.9800,152100,1063691.0000,3
2020-10-26,20201026140000000,sh.600099,6.9700,6.9900,6.9000,6.9100,335024,2325556.0000,3
2020-10-26,20201026150000000,sh.600099,6.9100,7.0400,6.9100,7.0100,353286,2472599.0000,3
2020-10-27,20201027103000000,sh.600099,6.9700,7.0200,6.9300,6.9600,301000,2099523.0000,3
2020-10-27,20201027113000000,sh.600099,6.9600,7.0000,6.9500,6.9600,143600,1001272.0000,3
2020-10-27,20201027140000000,sh.600099,6.9400,7.0100,6.9400,6.9500,182600,1271061.0000,3
2020-10-27,20201027150000000,sh.600099,6.9500,6.9800,6.9100,6.9300,242700,1682832.0000,3
2020-10-28,20201028103000000,sh.600099,6.9400,6.9400,6.7400,6.7700,702457,4794903.0000,3
2020-10-28,20201028113000000,sh.600099,6.7700,6.8300,6.7200,6.8100,252200,1705901.0000,3
2020-10-28,20201028140000000,sh.600099,6.8200,6.8500,6.8100,6.8300,114400,781300.0000,3
2020-10-28,20201028150000000,sh.600099,6.8300,6.8700,6.8200,6.8200,182400,1246361.0000,3
2020-10-29,20201029103000000,sh.600099,6.8200,6.8500,6.7300,6.8100,379800,2582751.0000,3
2020-10-29,20201029113000000,sh.600099,6.8100,6.9200,6.7600,6.9100,316468,2167060.0000,3
2020-10-29,20201029140000000,sh.600099,6.9100,6.9200,6.8300,6.8900,179800,1237940.0000,3
2020-10-29,20201029150000000,sh.600099,6.8900,6.9300,6.8800,6.8800,330500,2279505.0000,3
2020-10-30,20201030103000000,sh.600099,6.9000,7.0300,6.8800,6.9600,455167,3168577.0000,3
2020-10-30,20201030113000000,sh.600099,6.9600,6.9600,6.8600,6.8900,167800,1159835.0000,3
2020-10-30,20201030140000000,sh.600099,6.8900,6.9200,6.8000,6.8000,205500,1408808.0000,3
2020-10-30,20201030150000000,sh.600099,6.8000,6.8600,6.7700,6.8400,480600,3274717.0000,3
2020-11-02,20201102103000000,sh.600099,6.8200,6.9500,6.7500,6.8000,699301,4768349.0000,3
2020-11-02,20201102113000000,sh.600099,6.8000,6.8300,6.7100,6.7900,446457,3019529.0000,3
2020-11-02,20201102140000000,sh.600099,6.7300,6.7500,6.6600,6.7000,638900,4276440.0000,3
2020-11-02,20201102150000000,sh.600099,6.7000,6.7200,6.6800,6.7000,226900,1520826.0000,3
2020-11-03,20201103103000000,sh.600099,6.6700,6.7700,6.6300,6.7100,680100,4555030.0000,3
2020-11-03,20201103113000000,sh.600099,6.7100,6.8000,6.7100,6.7400,348410,2352793.0000,3
2020-11-03,20201103140000000,sh.600099,6.7300,6.7600,6.7300,6.7400,214312,1444958.0000,3
2020-11-03,20201103150000000,sh.600099,6.7300,6.7600,6.7300,6.7400,175000,1181346.0000,3
2020-11-04,20201104103000000,sh.600099,6.7500,6.8700,6.7500,6.8000,677916,4624340.0000,3
2020-11-04,20201104113000000,sh.600099,6.8000,6.8100,6.7100,6.7800,482400,3261209.0000,3
2020-11-04,20201104140000000,sh.600099,6.7800,6.8000,6.7400,6.7900,233900,1582686.0000,3
2020-11-04,20201104150000000,sh.600099,6.7900,6.8000,6.7300,6.7500,336648,2274554.0000,3
2020-11-05,20201105103000000,sh.600099,6.8300,6.9300,6.7800,6.8700,885716,6077419.0000,3
2020-11-05,20201105113000000,sh.600099,6.8700,6.8900,6.8400,6.8900,277600,1903049.0000,3
2020-11-05,20201105140000000,sh.600099,6.8900,6.9000,6.8500,6.8900,255800,1760113.0000,3
2020-11-05,20201105150000000,sh.600099,6.8900,6.9800,6.8900,6.9600,835300,5802753.0000,3
2020-11-06,20201106103000000,sh.600099,6.9700,7.0200,6.9200,6.9600,389310,2713279.0000,3
2020-11-06,20201106113000000,sh.600099,6.9500,6.9500,6.8800,6.8800,250400,1729349.0000,3
2020-11-06,20201106140000000,sh.600099,6.8800,6.9100,6.8200,6.8600,254700,1750249.0000,3
2020-11-06,20201106150000000,sh.600099,6.8700,6.9000,6.8300,6.8900,844700,5802362.0000,3
2020-11-09,20201109103000000,sh.600099,6.9300,7.1200,6.9000,7.0900,1806900,12732152.0000,3
2020-11-09,20201109113000000,sh.600099,7.0900,7.1300,7.0700,7.0900,494700,3511588.0000,3
2020-11-09,20201109140000000,sh.600099,7.0900,7.1100,7.0600,7.0900,219112,1551707.0000,3
2020-11-09,20201109150000000,sh.600099,7.0900,7.1000,7.0100,7.0300,402201,2832529.0000,3
2020-11-10,20201110103000000,sh.600099,7.0400,7.1000,7.0100,7.0400,692600,4887595.0000,3
2020-11-10,20201110113000000,sh.600099,7.0400,7.0700,7.0300,7.0700,226200,1594108.0000,3
2020-11-10,20201110140000000,sh.600099,7.0700,7.0700,6.9700,6.9800,349800,2450338.0000,3
2020-11-10,20201110150000000,sh.600099,6.9800,7.0000,6.9400,6.9900,435200,3029155.0000,3
2020-11-11,20201111103000000,sh.600099,6.9900,7.0300,6.9300,6.9400,496100,3459694.0000,3
2020-11-11,20201111113000000,sh.600099,6.9400,6.9600,6.9000,6.9400,207401,1437751.0000,3
2020-11-11,20201111140000000,sh.600099,6.9400,6.9500,6.8600,6.8600,448699,3097043.0000,3
2020-11-11,20201111150000000,sh.600099,6.8600,6.9000,6.7600,6.8500,1100425,7501250.0000,3
2020-11-12,20201112103000000,sh.600099,6.8900,6.9400,6.8700,6.8800,470500,3247582.0000,3
2020-11-12,20201112113000000,sh.600099,6.8700,6.9100,6.8600,6.8800,209700,1444166.0000,3
2020-11-12,20201112140000000,sh.600099,6.8700,6.9200,6.8700,6.9200,335800,2315209.0000,3
2020-11-12,20201112150000000,sh.600099,6.9600,6.9700,6.8800,6.9100,444400,3082733.0000,3
2020-11-13,20201113103000000,sh.600099,6.9200,6.9200,6.8200,6.8600,403500,2768700.0000,3
2020-11-13,20201113113000000,sh.600099,6.8700,6.9500,6.8500,6.9300,256800,1774756.0000,3
2020-11-13,20201113140000000,sh.600099,6.9300,6.9500,6.8700,6.9000,244200,1687016.0000,3
2020-11-13,20201113150000000,sh.600099,6.9000,7.0500,6.8900,6.9800,1135601,7912942.0000,3
2020-11-16,20201116103000000,sh.600099,7.0500,7.0500,6.9500,7.0300,399901,2804280.0000,3
2020-11-16,20201116113000000,sh.600099,7.0300,7.0400,7.0100,7.0400,319900,2248988.0000,3
2020-11-16,20201116140000000,sh.600099,7.0400,7.0500,7.0200,7.0300,238900,1680733.0000,3
2020-11-16,20201116150000000,sh.600099,7.0300,7.1000,7.0000,7.0700,677600,4773670.0000,3
2020-11-17,20201117103000000,sh.600099,7.0900,7.0900,6.9600,6.9800,989500,6935302.0000,3
2020-11-17,20201117113000000,sh.600099,6.9700,7.0500,6.9500,6.9600,445100,3102209.0000,3
2020-11-17,20201117140000000,sh.600099,6.9600,6.9900,6.9100,6.9500,258905,1796920.0000,3
2020-11-17,20201117150000000,sh.600099,6.9500,6.9700,6.9200,6.9700,311695,2165390.0000,3
2020-11-18,20201118103000000,sh.600099,6.9600,7.1600,6.9500,7.1400,1602700,11380151.0000,3
2020-11-18,20201118113000000,sh.600099,7.1400,7.2800,7.1200,7.2300,1192601,8605336.0000,3
2020-11-18,20201118140000000,sh.600099,7.2400,7.2400,7.1600,7.1900,345500,2484455.0000,3
2020-11-18,20201118150000000,sh.600099,7.1800,7.2000,7.1500,7.1600,535900,3843810.0000,3
2020-11-19,20201119103000000,sh.600099,7.1900,7.3100,7.1300,7.3100,1483942,10734595.0000,3
2020-11-19,20201119113000000,sh.600099,7.3100,7.3200,7.1800,7.2000,866900,6286911.0000,3
2020-11-19,20201119140000000,sh.600099,7.2100,7.2600,7.2000,7.2200,218900,1584341.0000,3
2020-11-19,20201119150000000,sh.600099,7.2200,7.2300,7.1900,7.2300,440800,3181680.0000,3
2020-11-20,20201120103000000,sh.600099,7.2000,7.4200,7.2000,7.3200,2077185,15226067.0000,3
2020-11-20,20201120113000000,sh.600099,7.3200,7.3300,7.2900,7.3000,284800,2081756.0000,3
2020-11-20,20201120140000000,sh.600099,7.3000,7.3300,7.2600,7.3300,333400,2432154.0000,3
2020-11-20,20201120150000000,sh.600099,7.3300,7.3400,7.2700,7.2800,513375,3748660.0000,3
2020-11-23,20201123103000000,sh.600099,7.2800,7.3100,7.1300,7.1900,1363142,9806214.0000,3
2020-11-23,20201123113000000,sh.600099,7.1900,7.2800,7.1700,7.2100,444201,3209982.0000,3
2020-11-23,20201123140000000,sh.600099,7.2100,7.2700,7.2000,7.2300,330600,2394329.0000,3
2020-11-23,20201123150000000,sh.600099,7.2300,7.2400,7.2000,7.2400,364100,2627565.0000,3
2020-11-24,20201124103000000,sh.600099,7.2400,7.2600,7.1500,7.1700,872500,6282487.0000,3
2020-11-24,20201124113000000,sh.600099,7.1700,7.2000,7.1600,7.1700,327000,2347401.0000,3
2020-11-24,20201124140000000,sh.600099,7.1700,7.2500,7.1600,7.2400,327301,2359545.0000,3
2020-11-24,20201124150000000,sh.600099,7.2300,7.3100,7.2000,7.2900,886600,6429031.0000,3
2020-11-25,20201125103000000,sh.600099,7.2200,7.3100,7.2100,7.2400,657100,4769821.0000,3
2020-11-25,20201125113000000,sh.600099,7.2400,7.4400,7.2300,7.3400,1128005,8299342.0000,3
2020-11-25,20201125140000000,sh.600099,7.3400,7.3500,7.2600,7.2600,461396,3366363.0000,3
2020-11-25,20201125150000000,sh.600099,7.2600,7.3100,7.2200,7.2200,667105,4841414.0000,3
2020-11-26,20201126103000000,sh.600099,7.2100,7.3900,7.2000,7.2800,1448100,10582713.0000,3
2020-11-26,20201126113000000,sh.600099,7.2900,7.3500,7.2400,7.3500,438600,3204792.0000,3
2020-11-26,20201126140000000,sh.600099,7.3500,7.3800,7.2900,7.3700,412100,3026068.0000,3
2020-11-26,20201126150000000,sh.600099,7.3700,7.3700,7.3000,7.3300,544800,3997530.0000,3
2020-11-27,20201127103000000,sh.600099,7.3200,7.7700,7.3000,7.5800,4070652,30686201.0000,3
2020-11-27,20201127113000000,sh.600099,7.5800,8.0600,7.5800,7.7800,7289437,57751272.0000,3
2020-11-27,20201127140000000,sh.600099,7.7700,7.7700,7.6000,7.7400,1048000,8077254.0000,3
2020-11-27,20201127150000000,sh.600099,7.7500,7.9200,7.7300,7.8100,1964701,15389345.0000,3
2020-11-30,20201130103000000,sh.600099,7.9300,8.3600,7.7700,8.2000,10761899,87991939.0000,3
2020-11-30,20201130113000000,sh.600099,8.1800,8.4300,8.1500,8.2600,3539612,29355101.0000,3
2020-11-30,20201130140000000,sh.600099,8.2400,8.4100,8.1300,8.1700,2254109,18511859.0000,3
2020-11-30,20201130150000000,sh.600099,8.1500,8.2000,8.0500,8.1800,2558685,20802774.0000,3
2020-12-01,20201201103000000,sh.600099,7.3600,7.3600,7.3600,7.3600,1846500,13590240.0000,3
2020-12-01,20201201113000000,sh.600099,7.3600,7.3600,7.3600,7.3600,392400,2888064.0000,3
2020-12-01,20201201140000000,sh.600099,7.3600,7.3600,7.3600,7.3600,1688900,12430304.0000,3
2020-12-01,20201201150000000,sh.600099,7.3600,7.3600,7.3600,7.3600,561000,4128960.0000,3
2020-12-02,20201202103000000,sh.600099,7.2000,7.2200,6.7800,6.8200,20035122,139100116.0000,3
2020-12-02,20201202113000000,sh.600099,6.8300,6.9100,6.8200,6.9000,2077000,14256538.0000,3
2020-12-02,20201202140000000,sh.600099,6.8800,6.9000,6.7500,6.8000,2242301,15298937.0000,3
2020-12-02,20201202150000000,sh.600099,6.8000,6.8900,6.7700,6.8700,2242800,15319923.0000,3
2020-12-03,20201203103000000,sh.600099,6.7900,6.8700,6.7200,6.8500,6016932,40740468.0000,3
2020-12-03,20201203113000000,sh.600099,6.8600,6.8600,6.8000,6.8300,1234566,8425521.0000,3
2020-12-03,20201203140000000,sh.600099,6.8300,6.8400,6.7900,6.8000,1221800,8326752.0000,3
2020-12-03,20201203150000000,sh.600099,6.8000,6.9100,6.7900,6.8500,2437999,16706894.0000,3
2020-12-04,20201204103000000,sh.600099,6.8000,6.9000,6.7900,6.8400,2053600,14058252.0000,3
2020-12-04,20201204113000000,sh.600099,6.8400,6.8600,6.7900,6.8300,928653,6341733.0000,3
2020-12-04,20201204140000000,sh.600099,6.8300,6.8600,6.8100,6.8500,676000,4618732.0000,3
2020-12-04,20201204150000000,sh.600099,6.8500,6.8500,6.8100,6.8200,1294067,8833760.0000,3
2020-12-07,20201207103000000,sh.600099,6.8200,6.8200,6.7000,6.7300,2010128,13539497.0000,3
2020-12-07,20201207113000000,sh.600099,6.7300,6.7600,6.7200,6.7400,508800,3428972.0000,3
2020-12-07,20201207140000000,sh.600099,6.7400,6.7500,6.7000,6.7100,1265985,8495807.0000,3
2020-12-07,20201207150000000,sh.600099,6.7100,6.7200,6.6400,6.6600,1450700,9688049.0000,3
2020-12-08,20201208103000000,sh.600099,6.6500,6.7000,6.6300,6.6900,793900,5300272.0000,3
2020-12-08,20201208113000000,sh.600099,6.6900,6.6900,6.6400,6.6700,534600,3561742.0000,3
2020-12-08,20201208140000000,sh.600099,6.6700,6.6800,6.6500,6.6600,690700,4601871.0000,3
2020-12-08,20201208150000000,sh.600099,6.6600,6.6700,6.6300,6.6500,612300,4073362.0000,3
2020-12-09,20201209103000000,sh.600099,6.6500,6.6700,6.5700,6.6000,1287000,8522179.0000,3
2020-12-09,20201209113000000,sh.600099,6.5900,6.6000,6.5800,6.5900,424585,2796584.0000,3
2020-12-09,20201209140000000,sh.600099,6.5900,6.6000,6.5200,6.5200,631915,4142507.0000,3
2020-12-09,20201209150000000,sh.600099,6.5200,6.5400,6.4500,6.4500,892200,5798697.0000,3
2020-12-10,20201210103000000,sh.600099,6.4700,6.4700,6.3600,6.4200,1129500,7232399.0000,3
2020-12-10,20201210113000000,sh.600099,6.4200,6.4500,6.4000,6.4400,338000,2170238.0000,3
2020-12-10,20201210140000000,sh.600099,6.4400,6.5400,6.4400,6.5000,811500,5278704.0000,3
2020-12-10,20201210150000000,sh.600099,6.5000,6.5500,6.4500,6.5200,705001,4585719.0000,3
2020-12-11,20201211103000000,sh.600099,6.5000,6.5300,6.3900,6.4000,686600,4423077.0000,3
2020-12-11,20201211113000000,sh.600099,6.4000,6.4200,6.3300,6.3500,775119,4931259.0000,3
2020-12-11,20201211140000000,sh.600099,6.3300,6.3600,6.3200,6.3400,462100,2930517.0000,3
2020-12-11,20201211150000000,sh.600099,6.3400,6.3700,6.3200,6.3700,453181,2875281.0000,3
2020-12-14,20201214103000000,sh.600099,6.3400,6.4000,6.2800,6.3800,818300,5189139.0000,3
2020-12-14,20201214113000000,sh.600099,6.3800,6.3900,6.3500,6.3900,224454,1428463.0000,3
2020-12-14,20201214140000000,sh.600099,6.3700,6.3800,6.3500,6.3700,160500,1021939.0000,3
2020-12-14,20201214150000000,sh.600099,6.3700,6.4200,6.3600,6.3800,424000,2708096.0000,3
2020-12-15,20201215103000000,sh.600099,6.3600,6.4100,6.3400,6.3700,607300,3873519.0000,3
2020-12-15,20201215113000000,sh.600099,6.3700,6.3900,6.3500,6.3700,234916,1496008.0000,3
2020-12-15,20201215140000000,sh.600099,6.3700,6.3900,6.3500,6.3900,268700,1710725.0000,3
2020-12-15,20201215150000000,sh.600099,6.3900,6.4000,6.3700,6.3800,280500,1790312.0000,3
2020-12-16,20201216103000000,sh.600099,6.3900,6.3900,6.2600,6.2600,592400,3732608.0000,3
2020-12-16,20201216113000000,sh.600099,6.2600,6.2900,6.2200,6.2600,445519,2784545.0000,3
2020-12-16,20201216140000000,sh.600099,6.2600,6.2800,6.2200,6.2300,349600,2182205.0000,3
2020-12-16,20201216150000000,sh.600099,6.2300,6.2500,6.1800,6.2100,541084,3361493.0000,3
2020-12-17,20201217103000000,sh.600099,6.2100,6.2300,6.0800,6.0800,899400,5529823.0000,3
2020-12-17,20201217113000000,sh.600099,6.0800,6.2300,6.0800,6.2100,370782,2285176.0000,3
2020-12-17,20201217140000000,sh.600099,6.2100,6.3400,6.2000,6.3000,732100,4600057.0000,3
2020-12-17,20201217150000000,sh.600099,6.3000,6.3200,6.2800,6.3000,301184,1897313.0000,3
2020-12-18,20201218103000000,sh.600099,6.2500,6.4200,6.2500,6.3800,939800,5974140.0000,3
2020-12-18,20201218113000000,sh.600099,6.3800,6.3900,6.3500,6.3700,150400,957612.0000,3
2020-12-18,20201218140000000,sh.600099,6.3700,6.3900,6.3100,6.3500,325300,2063227.0000,3
2020-12-18,20201218150000000,sh.600099,6.3600,6.3600,6.3000,6.3200,691300,4372055.0000,3
2020-12-21,20201221103000000,sh.600099,6.3200,6.4100,6.2500,6.3900,958801,6058626.0000,3
2020-12-21,20201221113000000,sh.600099,6.3900,6.4200,6.3800,6.4100,467300,2992008.0000,3
2020-12-21,20201221140000000,sh.600099,6.4000,6.4200,6.3800,6.4000,261400,1673843.0000,3
2020-12-21,20201221150000000,sh.600099,6.4000,6.4200,6.3800,6.4100,471900,3019234.0000,3
2020-12-22,20201222103000000,sh.600099,6.3500,6.3900,6.3100,6.3400,666801,4226243.0000,3
2020-12-22,20201222113000000,sh.600099,6.3400,6.3900,6.3400,6.3800,170400,1084632.0000,3
2020-12-22,20201222140000000,sh.600099,6.3800,6.3900,6.3000,6.3100,528400,3346781.0000,3
2020-12-22,20201222150000000,sh.600099,6.3000,6.3000,6.2500,6.2600,421300,2643966.0000,3
2020-12-23,20201223103000000,sh.600099,6.2600,6.3400,6.2400,6.2500,482200,3023927.0000,3
2020-12-23,20201223113000000,sh.600099,6.2500,6.2800,6.2500,6.2700,169500,1061780.0000,3
2020-12-23,20201223140000000,sh.600099,6.2700,6.2900,6.2200,6.2200,415800,2599963.0000,3
2020-12-23,20201223150000000,sh.600099,6.2200,6.2600,6.2000,6.2600,285000,1777460.0000,3
2020-12-24,20201224103000000,sh.600099,6.2500,6.3000,6.1600,6.1800,643600,3984596.0000,3
2020-12-24,20201224113000000,sh.600099,6.1800,6.1900,6.1300,6.1600,412601,2537363.0000,3
2020-12-24,20201224140000000,sh.600099,6.1500,6.1500,6.0600,6.0700,408100,2491591.0000,3
2020-12-24,20201224150000000,sh.600099,6.0700,6.1200,6.0700,6.0700,555000,3379354.0000,3
2020-12-25,20201225103000000,sh.600099,6.0700,6.1700,6.0500,6.1700,712401,4348069.0000,3
2020-12-25,20201225113000000,sh.600099,6.1700,6.2200,6.1400,6.2000,331700,2052371.0000,3
2020-12-25,20201225140000000,sh.600099,6.2000,6.2800,6.1900,6.2200,321500,2000727.0000,3
2020-12-25,20201225150000000,sh.600099,6.2200,6.2300,6.1700,6.1700,287200,1778317.0000,3
2020-12-28,20201228103000000,sh.600099,6.1700,6.1800,6.0400,6.0900,1031400,6277005.0000,3
2020-12-28,20201228113000000,sh.600099,6.0900,6.1900,6.0900,6.1300,191400,1175992.0000,3
2020-12-28,20201228140000000,sh.600099,6.1400,6.1400,6.1000,6.1000,136900,837317.0000,3
2020-12-28,20201228150000000,sh.600099,6.1000,6.1300,6.0400,6.1100,377400,2296217.0000,3
2020-12-29,20201229103000000,sh.600099,6.1100,6.1700,6.0700,6.1500,585931,3584768.0000,3
2020-12-29,20201229113000000,sh.600099,6.1500,6.1700,6.1100,6.1400,394600,2425462.0000,3
2020-12-29,20201229140000000,sh.600099,6.1400,6.1600,6.1100,6.1200,298100,1827503.0000,3
2020-12-29,20201229150000000,sh.600099,6.1200,6.1300,6.0700,6.1000,518700,3164650.0000,3
2020-12-30,20201230103000000,sh.600099,6.0900,6.1600,6.0700,6.1300,962500,5874160.0000,3
2020-12-30,20201230113000000,sh.600099,6.1300,6.1300,6.1000,6.1300,245500,1502943.0000,3
2020-12-30,20201230140000000,sh.600099,6.1300,6.1300,6.1000,6.1100,228400,1397458.0000,3
2020-12-30,20201230150000000,sh.600099,6.1100,6.1300,6.0900,6.1000,356100,2175838.0000,3
2020-12-31,20201231103000000,sh.600099,6.1000,6.1600,6.0800,6.1400,881900,5406031.0000,3
2020-12-31,20201231113000000,sh.600099,6.1400,6.1500,6.1100,6.1300,357700,2192936.0000,3
2020-12-31,20201231140000000,sh.600099,6.1300,6.1500,6.1000,6.1200,657200,4026045.0000,3
2020-12-31,20201231150000000,sh.600099,6.1200,6.1700,6.1200,6.1500,523700,3219194.0000,3
