date,time,code,open,high,low,close,volume,amount,adjustflag
2020-01-02,20200102103000000,sh.600217,5.1600,5.1700,5.1300,5.1500,3113470,16030795.0000,3
2020-01-02,20200102113000000,sh.600217,5.1500,5.2000,5.1500,5.1700,3581539,18534454.0000,3
2020-01-02,20200102140000000,sh.600217,5.1700,5.1800,5.1600,5.1700,2220506,11474747.0000,3
2020-01-02,20200102150000000,sh.600217,5.1700,5.1800,5.1500,5.1700,2554021,13180372.0000,3
2020-01-03,20200103103000000,sh.600217,5.1700,5.2200,5.1400,5.1800,4133966,21371662.0000,3
2020-01-03,20200103113000000,sh.600217,5.1800,5.1900,5.1500,5.1600,2337670,12076313.0000,3
2020-01-03,20200103140000000,sh.600217,5.1600,5.1700,5.1400,5.1600,2115600,10903661.0000,3
2020-01-03,20200103150000000,sh.600217,5.1600,5.1700,5.1400,5.1700,3475707,17923050.0000,3
2020-01-06,20200106103000000,sh.600217,5.1400,5.1600,5.1200,5.1300,3346200,17178762.0000,3
2020-01-06,20200106113000000,sh.600217,5.1300,5.1500,5.1300,5.1500,1979100,10172009.0000,3
2020-01-06,20200106140000000,sh.600217,5.1500,5.1900,5.1300,5.1500,4383833,22596195.0000,3
2020-01-06,20200106150000000,sh.600217,5.1500,5.1600,5.1200,5.1500,3362649,17256027.0000,3
2020-01-07,20200107103000000,sh.600217,5.1700,5.1800,5.1500,5.1700,5012389,25903869.0000,3
2020-01-07,20200107113000000,sh.600217,5.1700,5.3400,5.1600,5.3200,15290654,80657329.0000,3
2020-01-07,20200107140000000,sh.600217,5.3200,5.3500,5.2900,5.3200,8488210,45173891.0000,3
2020-01-07,20200107150000000,sh.600217,5.3200,5.3300,5.3000,5.3200,6022367,31999700.0000,3
2020-01-08,20200108103000000,sh.600217,5.3200,5.3400,5.2400,5.2600,7658673,40465790.0000,3
2020-01-08,20200108113000000,sh.600217,5.2600,5.2900,5.2400,5.2800,2620008,13798262.0000,3
2020-01-08,20200108140000000,sh.600217,5.2800,5.2800,5.2100,5.2100,4616800,24177157.0000,3
2020-01-08,20200108150000000,sh.600217,5.2100,5.2400,5.2000,5.2200,3931359,20517402.0000,3
2020-01-09,20200109103000000,sh.600217,5.2700,5.2700,5.2300,5.2600,4601158,24181754.0000,3
2020-01-09,20200109113000000,sh.600217,5.2600,5.2700,5.2400,5.2500,2152942,11318324.0000,3
2020-01-09,20200109140000000,sh.600217,5.2500,5.2900,5.2500,5.2700,3231702,17028067.0000,3
2020-01-09,20200109150000000,sh.600217,5.2700,5.2900,5.2500,5.2700,3269093,17231756.0000,3
2020-01-10,20200110103000000,sh.600217,5.2900,5.3000,5.2400,5.2400,2604300,13726683.0000,3
2020-01-10,20200110113000000,sh.600217,5.2400,5.2700,5.2000,5.2300,4023790,21038446.0000,3
2020-01-10,20200110140000000,sh.600217,5.2300,5.2300,5.1900,5.2200,2181486,11369692.0000,3
2020-01-10,20200110150000000,sh.600217,5.2200,5.2500,5.2200,5.2200,2867769,14997052.0000,3
2020-01-13,20200113103000000,sh.600217,5.2300,5.2800,5.1900,5.2400,3436864,18002883.0000,3
2020-01-13,20200113113000000,sh.600217,5.2400,5.3200,5.2300,5.3100,4382254,23144007.0000,3
2020-01-13,20200113140000000,sh.600217,5.3100,5.3500,5.2800,5.3300,6540198,34762953.0000,3
2020-01-13,20200113150000000,sh.600217,5.3300,5.3400,5.3000,5.3300,5838919,31068817.0000,3
2020-01-14,20200114103000000,sh.600217,5.3900,5.4500,5.3000,5.3300,7096790,37991451.0000,3
2020-01-14,20200114113000000,sh.600217,5.3300,5.8100,5.3300,5.6500,25588323,141827532.0000,3
2020-01-14,20200114140000000,sh.600217,5.6700,5.8000,5.6000,5.7300,16795973,95949289.0000,3
2020-01-14,20200114150000000,sh.600217,5.7300,5.8600,5.6800,5.7500,39627522,231040448.0000,3
2020-01-15,20200115103000000,sh.600217,5.6700,5.8400,5.6000,5.6800,26629679,152366016.0000,3
2020-01-15,20200115113000000,sh.600217,5.6800,5.6900,5.5700,5.6300,9458307,53175869.0000,3
2020-01-15,20200115140000000,sh.600217,5.6300,5.7200,5.5800,5.7100,3462200,19531265.0000,3
2020-01-15,20200115150000000,sh.600217,5.7000,5.7200,5.6100,5.6300,5573476,31553098.0000,3
2020-01-16,20200116103000000,sh.600217,5.6300,5.8100,5.6000,5.7400,17598505,100867848.0000,3
2020-01-16,20200116113000000,sh.600217,5.7400,5.9400,5.7100,5.8800,13683132,79445366.0000,3
2020-01-16,20200116140000000,sh.600217,5.8900,5.9300,5.8600,5.8800,11343540,66816194.0000,3
2020-01-16,20200116150000000,sh.600217,5.8800,5.9000,5.7900,5.8600,11774257,68945184.0000,3
2020-01-17,20200117103000000,sh.600217,5.8900,6.1500,5.8200,6.0400,19005114,114183042.0000,3
2020-01-17,20200117113000000,sh.600217,6.0400,6.0500,5.8500,5.8600,7082891,42102603.0000,3
2020-01-17,20200117140000000,sh.600217,5.8500,5.9000,5.8300,5.8400,4072200,23853525.0000,3
2020-01-17,20200117150000000,sh.600217,5.8500,5.8700,5.7600,5.7700,9391938,54678873.0000,3
2020-01-20,20200120103000000,sh.600217,5.8000,5.9000,5.7000,5.7500,9513300,54977335.0000,3
2020-01-20,20200120113000000,sh.600217,5.7500,5.8100,5.6700,5.7700,6318716,36246314.0000,3
2020-01-20,20200120140000000,sh.600217,5.7700,5.8600,5.7500,5.8400,5271300,30697521.0000,3
2020-01-20,20200120150000000,sh.600217,5.8400,5.8800,5.8000,5.8100,6866200,40071530.0000,3
2020-01-21,20200121103000000,sh.600217,5.7400,5.8500,5.7000,5.8300,7798356,45039471.0000,3
2020-01-21,20200121113000000,sh.600217,5.8300,5.9600,5.8000,5.8500,7432419,43527887.0000,3
2020-01-21,20200121140000000,sh.600217,5.8500,5.9300,5.8500,5.9200,4506766,26493848.0000,3
2020-01-21,20200121150000000,sh.600217,5.9200,6.0300,5.9000,5.9600,9569049,57093330.0000,3
2020-01-22,20200122103000000,sh.600217,5.8700,6.0400,5.8600,6.0000,6889755,40916372.0000,3
2020-01-22,20200122113000000,sh.600217,6.0000,6.0400,5.9600,6.0000,4090322,24596586.0000,3
2020-01-22,20200122140000000,sh.600217,6.0200,6.0400,5.9800,5.9900,4325816,26011347.0000,3
2020-01-22,20200122150000000,sh.600217,5.9900,6.0000,5.8700,5.9800,6114081,36365186.0000,3
2020-01-23,20200123103000000,sh.600217,5.9000,5.9100,5.7600,5.8000,4950900,28874774.0000,3
2020-01-23,20200123113000000,sh.600217,5.8000,5.8000,5.5800,5.7300,8056920,45907566.0000,3
2020-01-23,20200123140000000,sh.600217,5.7200,5.7300,5.5100,5.6400,6033518,33944260.0000,3
2020-01-23,20200123150000000,sh.600217,5.6500,5.7700,5.6100,5.7400,5824700,33146713.0000,3
2020-02-03,20200203103000000,sh.600217,5.1700,5.2200,5.1700,5.1700,8970000,46383043.0000,3
2020-02-03,20200203113000000,sh.600217,5.1700,5.1700,5.1700,5.1700,204500,1057265.0000,3
2020-02-03,20200203140000000,sh.600217,5.1700,5.1700,5.1700,5.1700,4134600,21375882.0000,3
2020-02-03,20200203150000000,sh.600217,5.1700,5.1700,5.1700,5.1700,565100,2921567.0000,3
2020-02-04,20200204103000000,sh.600217,5.1700,5.3800,5.1100,5.3200,12874863,66810487.0000,3
2020-02-04,20200204113000000,sh.600217,5.3300,5.3300,5.1900,5.2200,6161754,32412865.0000,3
2020-02-04,20200204140000000,sh.600217,5.2100,5.4000,5.2100,5.3900,6694575,35702456.0000,3
2020-02-04,20200204150000000,sh.600217,5.3800,5.6400,5.3700,5.5500,9405426,52043643.0000,3
2020-02-05,20200205103000000,sh.600217,5.4900,5.6300,5.4400,5.6000,7768473,43107573.0000,3
2020-02-05,20200205113000000,sh.600217,5.6000,5.6800,5.5800,5.6200,6576211,37053714.0000,3
2020-02-05,20200205140000000,sh.600217,5.6300,5.6400,5.4600,5.4800,4315100,23856507.0000,3
2020-02-05,20200205150000000,sh.600217,5.4800,5.6100,5.4200,5.5500,6920713,38075654.0000,3
2020-02-06,20200206103000000,sh.600217,5.5400,5.6300,5.4400,5.6000,4955874,27347013.0000,3
2020-02-06,20200206113000000,sh.600217,5.6000,5.6800,5.5600,5.6700,5694790,31996031.0000,3
2020-02-06,20200206140000000,sh.600217,5.6600,5.8100,5.6600,5.7500,7900100,45293401.0000,3
2020-02-06,20200206150000000,sh.600217,5.7500,5.7800,5.6300,5.6900,6593307,37497563.0000,3
2020-02-07,20200207103000000,sh.600217,5.6500,5.8400,5.6400,5.7500,7717708,44277074.0000,3
2020-02-07,20200207113000000,sh.600217,5.7500,5.7800,5.6200,5.6700,5102100,29076498.0000,3
2020-02-07,20200207140000000,sh.600217,5.6700,5.6900,5.6100,5.6800,2519200,14256444.0000,3
2020-02-07,20200207150000000,sh.600217,5.6800,5.9600,5.6500,5.9200,13683208,80248087.0000,3
2020-02-10,20200210103000000,sh.600217,6.0000,6.1100,5.8000,5.8700,12774832,76004606.0000,3
2020-02-10,20200210113000000,sh.600217,5.8700,5.8900,5.7300,5.7600,5144300,29949021.0000,3
2020-02-10,20200210140000000,sh.600217,5.7600,5.9000,5.7300,5.8800,2906100,16934621.0000,3
2020-02-10,20200210150000000,sh.600217,5.8800,5.9600,5.8500,5.9100,4867300,28814836.0000,3
2020-02-11,20200211103000000,sh.600217,5.8300,5.8900,5.7600,5.8000,6111932,35577927.0000,3
2020-02-11,20200211113000000,sh.600217,5.8000,5.8100,5.6700,5.6900,7358729,42118349.0000,3
2020-02-11,20200211140000000,sh.600217,5.6900,5.7600,5.6800,5.7500,4575064,26066129.0000,3
2020-02-11,20200211150000000,sh.600217,5.7500,5.7500,5.6500,5.6500,5683578,32334742.0000,3
2020-02-12,20200212103000000,sh.600217,5.6800,5.7300,5.6300,5.6500,4540511,25781498.0000,3
2020-02-12,20200212113000000,sh.600217,5.6500,5.6700,5.5500,5.6300,4324329,24244357.0000,3
2020-02-12,20200212140000000,sh.600217,5.6300,5.6900,5.6200,5.6600,2636900,14918310.0000,3
2020-02-12,20200212150000000,sh.600217,5.6600,5.8000,5.6600,5.7700,6225834,35769672.0000,3
2020-02-13,20200213103000000,sh.600217,5.7100,5.7600,5.6000,5.6200,6941000,39282904.0000,3
2020-02-13,20200213113000000,sh.600217,5.6200,5.6400,5.5900,5.6300,4929700,27654670.0000,3
2020-02-13,20200213140000000,sh.600217,5.6100,5.7200,5.6000,5.6500,3361200,19036672.0000,3
2020-02-13,20200213150000000,sh.600217,5.6500,5.7300,5.6400,5.6600,4589918,26078848.0000,3
2020-02-14,20200214103000000,sh.600217,5.6600,5.6900,5.5800,5.6600,3639500,20519387.0000,3
2020-02-14,20200214113000000,sh.600217,5.6600,5.7200,5.6400,5.6900,3760730,21419297.0000,3
2020-02-14,20200214140000000,sh.600217,5.6900,5.7100,5.6200,5.6500,1599400,9055294.0000,3
2020-02-14,20200214150000000,sh.600217,5.6500,5.6700,5.5700,5.6300,3435000,19290217.0000,3
2020-02-17,20200217103000000,sh.600217,5.6000,5.7400,5.5900,5.6800,6018478,34052039.0000,3
2020-02-17,20200217113000000,sh.600217,5.6800,5.7500,5.6800,5.7400,5207601,29753597.0000,3
2020-02-17,20200217140000000,sh.600217,5.7400,5.8100,5.7300,5.7600,4914138,28321099.0000,3
2020-02-17,20200217150000000,sh.600217,5.7600,5.8000,5.7300,5.7800,6388900,36835569.0000,3
2020-02-18,20200218103000000,sh.600217,5.7900,5.8500,5.7500,5.8100,6728127,39010534.0000,3
2020-02-18,20200218113000000,sh.600217,5.8200,5.8200,5.7300,5.7700,3307860,19087329.0000,3
2020-02-18,20200218140000000,sh.600217,5.7700,5.8000,5.7600,5.7900,2418831,13988614.0000,3
2020-02-18,20200218150000000,sh.600217,5.7900,5.8200,5.7600,5.8000,4782102,27711408.0000,3
2020-02-19,20200219103000000,sh.600217,5.7700,5.9400,5.7600,5.8100,8745515,51241163.0000,3
2020-02-19,20200219113000000,sh.600217,5.8000,5.8200,5.7600,5.8000,4025400,23296769.0000,3
2020-02-19,20200219140000000,sh.600217,5.8000,5.8000,5.7500,5.7700,2824700,16313639.0000,3
2020-02-19,20200219150000000,sh.600217,5.7600,5.7700,5.6400,5.6600,6345400,36153741.0000,3
2020-02-20,20200220103000000,sh.600217,5.6800,5.7100,5.5500,5.5700,6353330,35716557.0000,3
2020-02-20,20200220113000000,sh.600217,5.5800,5.6300,5.5700,5.6300,2156700,12057663.0000,3
2020-02-20,20200220140000000,sh.600217,5.6200,5.6900,5.6000,5.6600,4396481,24850978.0000,3
2020-02-20,20200220150000000,sh.600217,5.6600,5.6900,5.6300,5.6800,4999400,28321839.0000,3
2020-02-21,20200221103000000,sh.600217,5.6600,5.7100,5.6200,5.6800,5298284,30041967.0000,3
2020-02-21,20200221113000000,sh.600217,5.6800,5.8300,5.6200,5.7800,8098397,46371044.0000,3
2020-02-21,20200221140000000,sh.600217,5.7900,5.8400,5.7000,5.7100,4581300,26406741.0000,3
2020-02-21,20200221150000000,sh.600217,5.7100,5.7900,5.7000,5.7900,5108668,29369255.0000,3
2020-02-24,20200224103000000,sh.600217,5.7800,5.9400,5.7200,5.8300,12151901,71068083.0000,3
2020-02-24,20200224113000000,sh.600217,5.8300,5.9200,5.8200,5.9200,5245859,30870366.0000,3
2020-02-24,20200224140000000,sh.600217,5.9100,6.0900,5.9000,6.0400,11703400,69768402.0000,3
2020-02-24,20200224150000000,sh.600217,6.0400,6.0500,5.9500,6.0300,9352992,56161163.0000,3
2020-02-25,20200225103000000,sh.600217,5.8600,5.9400,5.8300,5.8900,9145804,53795343.0000,3
2020-02-25,20200225113000000,sh.600217,5.8900,5.9000,5.7200,5.7800,7987800,46360984.0000,3
2020-02-25,20200225140000000,sh.600217,5.7800,5.8700,5.7700,5.8700,2934144,17104450.0000,3
2020-02-25,20200225150000000,sh.600217,5.8700,5.9400,5.8200,5.9000,6058147,35708664.0000,3
2020-02-26,20200226103000000,sh.600217,5.8100,6.0500,5.7600,6.0000,11760350,70083800.0000,3
2020-02-26,20200226113000000,sh.600217,5.9900,6.3500,5.9900,6.3500,20444508,127122380.0000,3
2020-02-26,20200226140000000,sh.600217,6.3800,6.4800,6.2800,6.3200,11792411,75561548.0000,3
2020-02-26,20200226150000000,sh.600217,6.3200,6.3300,6.1600,6.2000,7655075,47761216.0000,3
2020-02-27,20200227103000000,sh.600217,6.2500,6.5000,6.1700,6.2700,18798183,118617335.0000,3
2020-02-27,20200227113000000,sh.600217,6.2700,6.2900,6.1500,6.2400,4370876,27187768.0000,3
2020-02-27,20200227140000000,sh.600217,6.2400,6.4100,6.2400,6.3400,6814605,43120572.0000,3
2020-02-27,20200227150000000,sh.600217,6.3400,6.4100,6.2500,6.3300,10531818,66869453.0000,3
2020-02-28,20200228103000000,sh.600217,6.0800,6.1500,6.0100,6.0200,16185985,98077538.0000,3
2020-02-28,20200228113000000,sh.600217,6.0200,6.1200,6.0200,6.0700,4141194,25140323.0000,3
2020-02-28,20200228140000000,sh.600217,6.0700,6.0800,6.0100,6.0400,3133836,18914391.0000,3
2020-02-28,20200228150000000,sh.600217,6.0400,6.0500,5.8200,5.8500,8924395,52768573.0000,3
2020-03-02,20200302103000000,sh.600217,5.9100,6.2000,5.8700,6.1400,13050135,78825944.0000,3
2020-03-02,20200302113000000,sh.600217,6.1500,6.2200,6.1100,6.1400,6211100,38235509.0000,3
2020-03-02,20200302140000000,sh.600217,6.1400,6.1800,6.0700,6.0800,5405839,33041027.0000,3
2020-03-02,20200302150000000,sh.600217,6.0900,6.1700,6.0700,6.1400,4548658,27871425.0000,3
2020-03-03,20200303103000000,sh.600217,6.2500,6.3000,6.1500,6.2900,10260746,64034424.0000,3
2020-03-03,20200303113000000,sh.600217,6.3000,6.3800,6.2800,6.3300,9058450,57400227.0000,3
2020-03-03,20200303140000000,sh.600217,6.3300,6.6100,6.3000,6.3800,16771506,107856543.0000,3
2020-03-03,20200303150000000,sh.600217,6.3800,6.4100,6.3100,6.3200,6317451,40112150.0000,3
2020-03-04,20200304103000000,sh.600217,6.3900,6.5700,6.3100,6.3200,13465603,86327230.0000,3
2020-03-04,20200304113000000,sh.600217,6.3200,6.3400,6.1700,6.2700,6542456,40900133.0000,3
2020-03-04,20200304140000000,sh.600217,6.3000,6.3000,6.1000,6.1000,8034217,49479200.0000,3
2020-03-04,20200304150000000,sh.600217,6.1400,6.2800,6.0900,6.2300,7797864,48253222.0000,3
2020-03-05,20200305103000000,sh.600217,6.2100,6.3500,6.1800,6.2900,7998500,50049103.0000,3
2020-03-05,20200305113000000,sh.600217,6.2900,6.3800,6.2800,6.3400,5435179,34427463.0000,3
2020-03-05,20200305140000000,sh.600217,6.3400,6.3500,6.2400,6.2500,4139700,26022242.0000,3
2020-03-05,20200305150000000,sh.600217,6.2500,6.3200,6.2500,6.2800,3994735,25071825.0000,3
2020-03-06,20200306103000000,sh.600217,6.2500,6.2500,6.1200,6.1600,7544170,46579541.0000,3
2020-03-06,20200306113000000,sh.600217,6.1600,6.1900,6.0400,6.0800,5741800,35035677.0000,3
2020-03-06,20200306140000000,sh.600217,6.1000,6.1400,6.0700,6.1000,2763201,16855385.0000,3
2020-03-06,20200306150000000,sh.600217,6.1000,6.1300,6.0600,6.0700,4606100,27997794.0000,3
2020-03-09,20200309103000000,sh.600217,5.9900,6.0700,5.9000,6.0400,6158724,36913804.0000,3
2020-03-09,20200309113000000,sh.600217,6.0400,6.0500,5.9200,5.9400,3121037,18649960.0000,3
2020-03-09,20200309140000000,sh.600217,5.9300,5.9400,5.8700,5.9200,3349547,19780346.0000,3
2020-03-09,20200309150000000,sh.600217,5.9100,5.9500,5.8300,5.8500,4250412,24996316.0000,3
2020-03-10,20200310103000000,sh.600217,5.8100,5.9000,5.6600,5.7500,7437200,42806782.0000,3
2020-03-10,20200310113000000,sh.600217,5.7500,5.8000,5.6400,5.8000,3122500,17821657.0000,3
2020-03-10,20200310140000000,sh.600217,5.8100,5.8900,5.8100,5.8300,5244200,30697275.0000,3
2020-03-10,20200310150000000,sh.600217,5.8300,5.9100,5.8100,5.9000,3653608,21394907.0000,3
2020-03-11,20200311103000000,sh.600217,5.9400,5.9500,5.8600,5.9300,4554849,26875124.0000,3
2020-03-11,20200311113000000,sh.600217,5.9200,5.9400,5.8500,5.9200,5253600,30972618.0000,3
2020-03-11,20200311140000000,sh.600217,5.9200,5.9300,5.8400,5.8700,3813955,22470566.0000,3
2020-03-11,20200311150000000,sh.600217,5.8700,5.9400,5.8100,5.8100,3538800,20818915.0000,3
2020-03-12,20200312103000000,sh.600217,5.8000,5.8200,5.6700,5.7300,4153500,23825203.0000,3
2020-03-12,20200312113000000,sh.600217,5.7300,5.7800,5.7200,5.7400,998100,5742702.0000,3
2020-03-12,20200312140000000,sh.600217,5.7400,5.7400,5.6800,5.7000,1736400,9905301.0000,3
2020-03-12,20200312150000000,sh.600217,5.7000,5.8800,5.6200,5.8300,6706217,38570329.0000,3
2020-03-13,20200313103000000,sh.600217,5.5000,5.7600,5.5000,5.7300,4860960,27375624.0000,3
2020-03-13,20200313113000000,sh.600217,5.7400,5.7400,5.5800,5.5800,2638617,14937749.0000,3
2020-03-13,20200313140000000,sh.600217,5.5900,5.7600,5.5900,5.6700,3210180,18330368.0000,3
2020-03-13,20200313150000000,sh.600217,5.6700,5.7000,5.6100,5.6500,4179611,23653572.0000,3
2020-03-16,20200316103000000,sh.600217,5.7000,5.7300,5.6500,5.7000,2953200,16782130.0000,3
2020-03-16,20200316113000000,sh.600217,5.7000,5.8000,5.6900,5.7600,2564311,14745432.0000,3
2020-03-16,20200316140000000,sh.600217,5.7600,5.7800,5.6200,5.6500,4806989,27490537.0000,3
2020-03-16,20200316150000000,sh.600217,5.6500,5.6500,5.3900,5.4400,5326200,29356671.0000,3
2020-03-17,20200317103000000,sh.600217,5.5000,5.5600,5.1800,5.3000,6664456,35964169.0000,3
2020-03-17,20200317113000000,sh.600217,5.2700,5.4600,5.2700,5.4600,2258000,12097124.0000,3
2020-03-17,20200317140000000,sh.600217,5.4600,5.4900,5.3200,5.3200,2050200,11050213.0000,3
2020-03-17,20200317150000000,sh.600217,5.3200,5.3800,5.2800,5.3000,4966443,26432862.0000,3
2020-03-18,20200318103000000,sh.600217,5.4000,5.4400,5.3500,5.3700,3627950,19553766.0000,3
2020-03-18,20200318113000000,sh.600217,5.3700,5.4700,5.3500,5.4300,2167901,11728887.0000,3
2020-03-18,20200318140000000,sh.600217,5.4400,5.4700,5.2700,5.2900,3692957,19791797.0000,3
2020-03-18,20200318150000000,sh.600217,5.2900,5.3200,5.1800,5.1900,3314100,17328635.0000,3
2020-03-19,20200319103000000,sh.600217,5.2300,5.2500,5.1500,5.1800,2413236,12547511.0000,3
2020-03-19,20200319113000000,sh.600217,5.1800,5.2100,5.1200,5.1700,2328264,12027278.0000,3
2020-03-19,20200319140000000,sh.600217,5.1800,5.2300,5.1400,5.2000,1608448,8345368.0000,3
2020-03-19,20200319150000000,sh.600217,5.2000,5.2500,5.1900,5.2500,2076502,10850811.0000,3
2020-03-20,20200320103000000,sh.600217,5.2700,5.3400,5.2700,5.3000,3493202,18547618.0000,3
2020-03-20,20200320113000000,sh.600217,5.3000,5.3000,5.2100,5.2300,1779200,9363390.0000,3
2020-03-20,20200320140000000,sh.600217,5.2400,5.2600,5.2100,5.2300,1207600,6314756.0000,3
2020-03-20,20200320150000000,sh.600217,5.2300,5.3200,5.2300,5.2800,3246000,17148906.0000,3
2020-03-23,20200323103000000,sh.600217,5.1800,5.2000,5.1100,5.1400,2965300,15278279.0000,3
2020-03-23,20200323113000000,sh.600217,5.1500,5.1800,5.1300,5.1800,996700,5128472.0000,3
2020-03-23,20200323140000000,sh.600217,5.1800,5.1900,5.1200,5.1300,1246301,6413759.0000,3
2020-03-23,20200323150000000,sh.600217,5.1300,5.1700,5.0400,5.0900,2828330,14458203.0000,3
2020-03-24,20200324103000000,sh.600217,5.1700,5.1900,5.1400,5.1500,2146559,11087676.0000,3
2020-03-24,20200324113000000,sh.600217,5.1500,5.1600,5.1200,5.1500,711400,3659141.0000,3
2020-03-24,20200324140000000,sh.600217,5.1500,5.1500,5.0700,5.1400,1181300,6033104.0000,3
2020-03-24,20200324150000000,sh.600217,5.1400,5.1900,5.1300,5.1700,2382401,12307114.0000,3
2020-03-25,20200325103000000,sh.600217,5.2500,5.3000,5.2300,5.2400,3000500,15766815.0000,3
2020-03-25,20200325113000000,sh.600217,5.2300,5.2600,5.2200,5.2500,1363200,7147537.0000,3
2020-03-25,20200325140000000,sh.600217,5.2500,5.3200,5.2100,5.3100,2923452,15396383.0000,3
2020-03-25,20200325150000000,sh.600217,5.3200,5.3500,5.2800,5.3100,2395900,12732700.0000,3
2020-03-26,20200326103000000,sh.600217,5.2700,5.2900,5.2400,5.2700,2071200,10900779.0000,3
2020-03-26,20200326113000000,sh.600217,5.2900,5.3100,5.2500,5.2700,1331300,7034231.0000,3
2020-03-26,20200326140000000,sh.600217,5.2500,5.2800,5.2200,5.2300,1366301,7181326.0000,3
2020-03-26,20200326150000000,sh.600217,5.2300,5.2600,5.2000,5.2100,2131600,11137547.0000,3
2020-03-27,20200327103000000,sh.600217,5.2700,5.3300,5.2400,5.3100,2673451,14131555.0000,3
2020-03-27,20200327113000000,sh.600217,5.3100,5.3200,5.2700,5.3000,1624200,8600332.0000,3
2020-03-27,20200327140000000,sh.600217,5.3100,5.3200,5.2700,5.2900,1201900,6364419.0000,3
2020-03-27,20200327150000000,sh.600217,5.2800,5.3100,5.2200,5.2400,2326800,12239330.0000,3
2020-03-30,20200330103000000,sh.600217,5.1900,5.2000,5.1300,5.1700,2433022,12530125.0000,3
2020-03-30,20200330113000000,sh.600217,5.1700,5.2000,5.1500,5.1800,954200,4936191.0000,3
2020-03-30,20200330140000000,sh.600217,5.1800,5.2200,5.1700,5.2200,1261912,6558411.0000,3
2020-03-30,20200330150000000,sh.600217,5.2200,5.2200,5.1300,5.1300,2038800,10522019.0000,3
2020-03-31,20200331103000000,sh.600217,5.1800,5.2300,5.1700,5.1900,1737700,9031617.0000,3
2020-03-31,20200331113000000,sh.600217,5.2000,5.2000,5.1800,5.2000,1062800,5518413.0000,3
2020-03-31,20200331140000000,sh.600217,5.1900,5.1900,5.1600,5.1800,1142000,5915364.0000,3
2020-03-31,20200331150000000,sh.600217,5.1800,5.2100,5.1600,5.2000,1459600,7567833.0000,3
2020-04-01,20200401103000000,sh.600217,5.2000,5.2400,5.1700,5.2200,1535901,7987959.0000,3
2020-04-01,20200401113000000,sh.600217,5.2200,5.2800,5.2100,5.2300,1166300,6117888.0000,3
2020-04-01,20200401140000000,sh.600217,5.2400,5.2400,5.1600,5.1600,1208700,6277825.0000,3
2020-04-01,20200401150000000,sh.600217,5.1600,5.1800,5.1500,5.1700,1151099,5940669.0000,3
2020-04-02,20200402103000000,sh.600217,5.1500,5.1600,5.1100,5.1400,1330699,6832230.0000,3
2020-04-02,20200402113000000,sh.600217,5.1400,5.1600,5.1000,5.1600,947857,4864753.0000,3
2020-04-02,20200402140000000,sh.600217,5.1500,5.1700,5.1200,5.1600,822801,4233699.0000,3
2020-04-02,20200402150000000,sh.600217,5.1600,5.2400,5.1600,5.2200,1333902,6927435.0000,3
2020-04-03,20200403103000000,sh.600217,5.2400,5.2400,5.1500,5.1600,1803901,9338498.0000,3
2020-04-03,20200403113000000,sh.600217,5.1600,5.1700,5.1300,5.1300,933525,4810690.0000,3
2020-04-03,20200403140000000,sh.600217,5.1400,5.1500,5.1100,5.1300,1051301,5390442.0000,3
2020-04-03,20200403150000000,sh.600217,5.1300,5.1500,5.1100,5.1300,762600,3912647.0000,3
2020-04-07,20200407103000000,sh.600217,5.1600,5.2300,5.1600,5.2000,2656778,13818213.0000,3
2020-04-07,20200407113000000,sh.600217,5.2000,5.2200,5.2000,5.2000,1091200,5684217.0000,3
2020-04-07,20200407140000000,sh.600217,5.1900,5.2000,5.1700,5.1900,2204217,11432186.0000,3
2020-04-07,20200407150000000,sh.600217,5.1900,5.2200,5.1800,5.2200,2404401,12495589.0000,3
2020-04-08,20200408103000000,sh.600217,5.1900,5.2100,5.1600,5.2000,2513410,13014338.0000,3
2020-04-08,20200408113000000,sh.600217,5.2000,5.2000,5.1700,5.1900,618500,3207931.0000,3
2020-04-08,20200408140000000,sh.600217,5.1900,5.2400,5.1900,5.2300,1414010,7381933.0000,3
2020-04-08,20200408150000000,sh.600217,5.2300,5.2400,5.1900,5.2200,1572746,8195837.0000,3
2020-04-09,20200409103000000,sh.600217,5.2400,5.3600,5.2400,5.3100,4845270,25752924.0000,3
2020-04-09,20200409113000000,sh.600217,5.3200,5.3200,5.2500,5.2500,1641087,8660599.0000,3
2020-04-09,20200409140000000,sh.600217,5.2600,5.3100,5.2500,5.2900,1139000,6013259.0000,3
2020-04-09,20200409150000000,sh.600217,5.2900,5.3000,5.2700,5.2700,1426600,7536263.0000,3
2020-04-10,20200410103000000,sh.600217,5.2800,5.3100,5.2300,5.2800,1646301,8661042.0000,3
2020-04-10,20200410113000000,sh.600217,5.2800,5.2900,5.2200,5.2400,1309399,6884448.0000,3
2020-04-10,20200410140000000,sh.600217,5.2300,5.2300,5.1700,5.2000,1424800,7406519.0000,3
2020-04-10,20200410150000000,sh.600217,5.2000,5.2200,5.1900,5.2000,745700,3878807.0000,3
2020-04-13,20200413103000000,sh.600217,5.1800,5.1900,5.1200,5.1800,1753436,9033463.0000,3
2020-04-13,20200413113000000,sh.600217,5.1800,5.1900,5.1600,5.1600,269500,1393623.0000,3
2020-04-13,20200413140000000,sh.600217,5.1600,5.1800,5.1400,5.1500,711600,3673621.0000,3
2020-04-13,20200413150000000,sh.600217,5.1600,5.1700,5.1500,5.1600,629100,3245434.0000,3
2020-04-14,20200414103000000,sh.600217,5.1600,5.2000,5.1600,5.1700,1213951,6281278.0000,3
2020-04-14,20200414113000000,sh.600217,5.1600,5.1800,5.1100,5.1400,1911700,9831194.0000,3
2020-04-14,20200414140000000,sh.600217,5.1400,5.1800,5.1400,5.1800,749448,3861740.0000,3
2020-04-14,20200414150000000,sh.600217,5.1800,5.2000,5.1700,5.2000,998400,5176968.0000,3
2020-04-15,20200415103000000,sh.600217,5.1900,5.1900,5.1200,5.1500,1998600,10306794.0000,3
2020-04-15,20200415113000000,sh.600217,5.1500,5.1700,5.0500,5.0600,7817490,39815386.0000,3
2020-04-15,20200415140000000,sh.600217,5.0700,5.1100,5.0700,5.1000,1095400,5578319.0000,3
2020-04-15,20200415150000000,sh.600217,5.1000,5.1000,5.0800,5.0900,1249912,6362633.0000,3
2020-04-16,20200416103000000,sh.600217,5.0700,5.1000,5.0500,5.0800,2241401,11362829.0000,3
2020-04-16,20200416113000000,sh.600217,5.0800,5.1000,5.0700,5.0700,734100,3731740.0000,3
2020-04-16,20200416140000000,sh.600217,5.0700,5.0900,5.0600,5.0700,1370018,6947279.0000,3
2020-04-16,20200416150000000,sh.600217,5.0700,5.1000,5.0700,5.0900,1077500,5483421.0000,3
2020-04-17,20200417103000000,sh.600217,5.1000,5.1200,5.0900,5.0900,2105779,10750041.0000,3
2020-04-17,20200417113000000,sh.600217,5.0900,5.1000,5.0300,5.0900,2784245,14111636.0000,3
2020-04-17,20200417140000000,sh.600217,5.0800,5.1100,5.0800,5.1000,1046300,5330469.0000,3
2020-04-17,20200417150000000,sh.600217,5.1000,5.1000,5.0700,5.0800,1444631,7339495.0000,3
2020-04-20,20200420103000000,sh.600217,5.0800,5.1800,5.0800,5.1600,3447548,17696698.0000,3
2020-04-20,20200420113000000,sh.600217,5.1600,5.1700,5.1400,5.1600,991200,5109564.0000,3
2020-04-20,20200420140000000,sh.600217,5.1600,5.1600,5.1300,5.1500,898500,4624904.0000,3
2020-04-20,20200420150000000,sh.600217,5.1500,5.1600,5.1400,5.1500,1452249,7483470.0000,3
2020-04-21,20200421103000000,sh.600217,5.2400,5.4700,5.2100,5.2400,9581692,50825165.0000,3
2020-04-21,20200421113000000,sh.600217,5.2300,5.2900,5.2100,5.2400,2309481,12136229.0000,3
2020-04-21,20200421140000000,sh.600217,5.2600,5.2700,5.2100,5.2400,2751937,14432301.0000,3
2020-04-21,20200421150000000,sh.600217,5.2400,5.2600,5.2100,5.2500,2978343,15594737.0000,3
2020-04-22,20200422103000000,sh.600217,5.3000,5.4400,5.2700,5.3600,9686893,51749647.0000,3
2020-04-22,20200422113000000,sh.600217,5.3600,5.3800,5.3000,5.3100,2207700,11782064.0000,3
2020-04-22,20200422140000000,sh.600217,5.3100,5.3200,5.2800,5.3000,2441600,12937083.0000,3
2020-04-22,20200422150000000,sh.600217,5.3000,5.3500,5.2900,5.3500,3637043,19313107.0000,3
2020-04-23,20200423103000000,sh.600217,5.3200,5.3400,5.2800,5.3100,3067457,16268522.0000,3
2020-04-23,20200423113000000,sh.600217,5.3100,5.3700,5.3000,5.3500,1766038,9410132.0000,3
2020-04-23,20200423140000000,sh.600217,5.3500,5.4000,5.3400,5.4000,3276854,17604525.0000,3
2020-04-23,20200423150000000,sh.600217,5.3900,5.4000,5.3500,5.3600,3488490,18765716.0000,3
2020-04-24,20200424103000000,sh.600217,5.4000,5.6500,5.3700,5.4500,11682241,64532579.0000,3
2020-04-24,20200424113000000,sh.600217,5.4500,5.5200,5.4300,5.4500,3379900,18489219.0000,3
2020-04-24,20200424140000000,sh.600217,5.4500,5.4800,5.3900,5.4200,4491400,24359525.0000,3
2020-04-24,20200424150000000,sh.600217,5.4200,5.4900,5.3800,5.4800,4894440,26580699.0000,3
2020-04-27,20200427103000000,sh.600217,5.5500,5.8400,5.5500,5.6900,22791269,129469087.0000,3
2020-04-27,20200427113000000,sh.600217,5.6900,5.7300,5.6600,5.7200,3427200,19509095.0000,3
2020-04-27,20200427140000000,sh.600217,5.7300,5.7800,5.6000,5.6100,5864300,33362009.0000,3
2020-04-27,20200427150000000,sh.600217,5.6100,5.6900,5.5100,5.6900,6202490,34644282.0000,3
2020-04-28,20200428103000000,sh.600217,5.5600,5.6400,5.2800,5.5400,11316851,62352920.0000,3
2020-04-28,20200428113000000,sh.600217,5.5400,5.6500,5.5200,5.6300,3732036,20847749.0000,3
2020-04-28,20200428140000000,sh.600217,5.6600,5.7600,5.5800,5.6800,5648277,32046419.0000,3
2020-04-28,20200428150000000,sh.600217,5.6800,5.6800,5.5100,5.6000,4773700,26660096.0000,3
2020-04-29,20200429103000000,sh.600217,5.5400,5.6400,5.5000,5.5600,4785000,26702583.0000,3
2020-04-29,20200429113000000,sh.600217,5.5600,5.5700,5.5100,5.5300,3511700,19449790.0000,3
2020-04-29,20200429140000000,sh.600217,5.5400,5.8100,5.5300,5.7700,12471966,70975514.0000,3
2020-04-29,20200429150000000,sh.600217,5.7700,5.7800,5.6900,5.7100,9905036,56818753.0000,3
2020-04-30,20200430103000000,sh.600217,5.6400,5.8000,5.6300,5.7700,9418949,53795929.0000,3
2020-04-30,20200430113000000,sh.600217,5.7600,5.8400,5.7400,5.8200,6570575,38041106.0000,3
2020-04-30,20200430140000000,sh.600217,5.8200,5.8600,5.7800,5.8100,7202270,41982047.0000,3
2020-04-30,20200430150000000,sh.600217,5.8100,5.8100,5.7300,5.7500,6349819,36638654.0000,3
2020-05-06,20200506103000000,sh.600217,5.7000,5.8000,5.6700,5.7700,5958632,34172586.0000,3
2020-05-06,20200506113000000,sh.600217,5.7700,5.8700,5.7500,5.8400,4249401,24717012.0000,3
2020-05-06,20200506140000000,sh.600217,5.8300,5.9600,5.8300,5.9200,6316978,37179287.0000,3
2020-05-06,20200506150000000,sh.600217,5.9200,5.9500,5.8600,5.9100,4722323,27905665.0000,3
2020-05-07,20200507103000000,sh.600217,5.9100,6.0100,5.8500,5.9700,7049412,41976777.0000,3
2020-05-07,20200507113000000,sh.600217,5.9700,6.0700,5.9600,6.0000,5727600,34400834.0000,3
2020-05-07,20200507140000000,sh.600217,6.0100,6.0500,5.9600,5.9800,5906200,35463480.0000,3
2020-05-07,20200507150000000,sh.600217,5.9800,5.9800,5.8600,5.8600,7451425,44016325.0000,3
2020-05-08,20200508103000000,sh.600217,5.8700,6.0100,5.8100,5.9000,6646800,39426813.0000,3
2020-05-08,20200508113000000,sh.600217,5.9100,5.9300,5.8100,5.8600,5226000,30594330.0000,3
2020-05-08,20200508140000000,sh.600217,5.8600,5.8700,5.8200,5.8300,5513403,32200187.0000,3
2020-05-08,20200508150000000,sh.600217,5.8400,5.8500,5.8100,5.8400,5026434,29317473.0000,3
2020-05-11,20200511103000000,sh.600217,5.8400,5.8800,5.7100,5.7800,10570212,60950887.0000,3
2020-05-11,20200511113000000,sh.600217,5.7700,5.8800,5.7700,5.7800,4412500,25738965.0000,3
2020-05-11,20200511140000000,sh.600217,5.7800,5.8000,5.7500,5.7600,2328800,13432076.0000,3
2020-05-11,20200511150000000,sh.600217,5.7600,5.7700,5.6900,5.7400,5682665,32533339.0000,3
2020-05-12,20200512103000000,sh.600217,5.7500,5.7500,5.6200,5.6700,6755177,38288444.0000,3
2020-05-12,20200512113000000,sh.600217,5.6700,5.7000,5.6300,5.6300,3103800,17589971.0000,3
2020-05-12,20200512140000000,sh.600217,5.6300,5.6600,5.5500,5.6500,7074500,39709497.0000,3
2020-05-12,20200512150000000,sh.600217,5.6400,5.7300,5.6300,5.7000,6169512,35027000.0000,3
2020-05-13,20200513103000000,sh.600217,5.6600,5.7300,5.6500,5.6700,2749300,15617809.0000,3
2020-05-13,20200513113000000,sh.600217,5.6700,5.6700,5.6200,5.6200,2403100,13555980.0000,3
2020-05-13,20200513140000000,sh.600217,5.6300,5.6600,5.6200,5.6200,3029100,17057764.0000,3
2020-05-13,20200513150000000,sh.600217,5.6200,5.6600,5.6200,5.6600,4697785,26493798.0000,3
2020-05-14,20200514103000000,sh.600217,5.6100,5.6400,5.5700,5.5900,4075200,22832966.0000,3
2020-05-14,20200514113000000,sh.600217,5.5900,5.6100,5.5700,5.5900,1941400,10843048.0000,3
2020-05-14,20200514140000000,sh.600217,5.6000,5.6000,5.5500,5.5500,2966300,16515472.0000,3
2020-05-14,20200514150000000,sh.600217,5.5600,5.6500,5.5100,5.5900,6522100,36369927.0000,3
2020-05-15,20200515103000000,sh.600217,5.6100,5.8300,5.6000,5.7700,14555783,83371723.0000,3
2020-05-15,20200515113000000,sh.600217,5.7700,5.7900,5.7200,5.7500,3563300,20481348.0000,3
2020-05-15,20200515140000000,sh.600217,5.7600,5.7800,5.6400,5.6500,5532600,31501765.0000,3
2020-05-15,20200515150000000,sh.600217,5.6600,5.6900,5.6200,5.6600,3556607,20101897.0000,3
2020-05-18,20200518103000000,sh.600217,5.6600,5.8400,5.6000,5.7100,13118185,74900370.0000,3
2020-05-18,20200518113000000,sh.600217,5.7200,5.7300,5.6600,5.6800,2427000,13796045.0000,3
2020-05-18,20200518140000000,sh.600217,5.6900,5.6900,5.6600,5.6900,2137600,12124693.0000,3
2020-05-18,20200518150000000,sh.600217,5.6900,5.6900,5.6600,5.6700,2684423,15223799.0000,3
2020-05-19,20200519103000000,sh.600217,5.7100,5.7600,5.6200,5.6500,6795906,38651166.0000,3
2020-05-19,20200519113000000,sh.600217,5.6500,5.6600,5.6300,5.6400,1577700,8907975.0000,3
2020-05-19,20200519140000000,sh.600217,5.6400,5.6600,5.6300,5.6500,2469800,13937953.0000,3
2020-05-19,20200519150000000,sh.600217,5.6500,5.6700,5.6400,5.6500,3983901,22512847.0000,3
2020-05-20,20200520103000000,sh.600217,5.7300,5.7700,5.6900,5.7000,7162800,41020245.0000,3
2020-05-20,20200520113000000,sh.600217,5.7000,5.7100,5.6700,5.7000,2410900,13723606.0000,3
2020-05-20,20200520140000000,sh.600217,5.7000,5.7200,5.6800,5.6800,2081000,11866304.0000,3
2020-05-20,20200520150000000,sh.600217,5.6800,5.7100,5.6600,5.7100,4048913,23003928.0000,3
2020-05-21,20200521103000000,sh.600217,5.8200,5.8400,5.7200,5.7400,7258100,41936301.0000,3
2020-05-21,20200521113000000,sh.600217,5.7400,5.7700,5.7100,5.7200,2677100,15353257.0000,3
2020-05-21,20200521140000000,sh.600217,5.7200,5.7200,5.6800,5.7200,1891800,10783688.0000,3
2020-05-21,20200521150000000,sh.600217,5.7200,5.7400,5.6600,5.7400,3565500,20328941.0000,3
2020-05-22,20200522103000000,sh.600217,5.7500,5.7600,5.6400,5.6500,5222500,29724936.0000,3
2020-05-22,20200522113000000,sh.600217,5.6500,5.6500,5.5500,5.5600,3367300,18845256.0000,3
2020-05-22,20200522140000000,sh.600217,5.5700,5.5800,5.5200,5.5400,2571600,14261195.0000,3
2020-05-22,20200522150000000,sh.600217,5.5400,5.5800,5.5100,5.5200,3050100,16910243.0000,3
2020-05-25,20200525103000000,sh.600217,5.4600,5.5400,5.3400,5.4500,4745900,25756168.0000,3
2020-05-25,20200525113000000,sh.600217,5.4500,5.4900,5.3900,5.4500,1232800,6710985.0000,3
2020-05-25,20200525140000000,sh.600217,5.4500,5.5300,5.4500,5.5100,1256800,6895213.0000,3
2020-05-25,20200525150000000,sh.600217,5.5100,5.5200,5.4700,5.5000,1289906,7085508.0000,3
2020-05-26,20200526103000000,sh.600217,5.5000,5.5300,5.4700,5.5000,2065825,11373604.0000,3
2020-05-26,20200526113000000,sh.600217,5.5000,5.5600,5.4800,5.5400,1776680,9807610.0000,3
2020-05-26,20200526140000000,sh.600217,5.5500,5.5600,5.5100,5.5500,2219057,12282727.0000,3
2020-05-26,20200526150000000,sh.600217,5.5500,5.5600,5.5000,5.5000,4056000,22394082.0000,3
2020-05-28,20200528103000000,sh.600217,5.2000,5.2500,5.1000,5.1900,17451372,90268524.0000,3
2020-05-28,20200528113000000,sh.600217,5.1900,5.2500,5.1500,5.2100,3857588,20093203.0000,3
2020-05-28,20200528140000000,sh.600217,5.2000,5.2100,5.1000,5.1300,4142229,21308320.0000,3
2020-05-28,20200528150000000,sh.600217,5.1300,5.1800,5.1100,5.1400,3013490,15505752.0000,3
2020-05-29,20200529103000000,sh.600217,5.1200,5.1600,4.9800,5.0200,8057961,40899128.0000,3
2020-05-29,20200529113000000,sh.600217,5.0200,5.0700,5.0100,5.0400,3607200,18150177.0000,3
2020-05-29,20200529140000000,sh.600217,5.0400,5.0800,5.0300,5.0700,1634700,8258246.0000,3
2020-05-29,20200529150000000,sh.600217,5.0600,5.0900,5.0500,5.0700,1881901,9545286.0000,3
2020-06-01,20200601103000000,sh.600217,5.0600,5.1300,5.0400,5.1200,3918800,19938684.0000,3
2020-06-01,20200601113000000,sh.600217,5.1200,5.1600,5.1100,5.1400,2005300,10304971.0000,3
2020-06-01,20200601140000000,sh.600217,5.1500,5.1600,5.1300,5.1300,1846100,9490069.0000,3
2020-06-01,20200601150000000,sh.600217,5.1400,5.1400,5.1000,5.1400,3485010,17836819.0000,3
2020-06-02,20200602103000000,sh.600217,5.1400,5.1700,5.1000,5.1200,3049500,15624002.0000,3
2020-06-02,20200602113000000,sh.600217,5.1200,5.1500,5.1100,5.1400,2117100,10860719.0000,3
2020-06-02,20200602140000000,sh.600217,5.1400,5.1800,5.1300,5.1800,2091200,10775605.0000,3
2020-06-02,20200602150000000,sh.600217,5.1800,5.1900,5.1600,5.1800,2508400,12987346.0000,3
2020-06-03,20200603103000000,sh.600217,5.1800,5.2200,5.1600,5.2000,2081100,10801762.0000,3
2020-06-03,20200603113000000,sh.600217,5.2000,5.2600,5.1700,5.2300,4213890,21990277.0000,3
2020-06-03,20200603140000000,sh.600217,5.2300,5.2400,5.1800,5.1900,2361769,12287352.0000,3
2020-06-03,20200603150000000,sh.600217,5.1900,5.2100,5.1600,5.1700,2619502,13560236.0000,3
2020-06-04,20200604103000000,sh.600217,5.1700,5.2200,5.1600,5.1800,2999800,15558839.0000,3
2020-06-04,20200604113000000,sh.600217,5.1800,5.2000,5.1700,5.1800,999400,5177905.0000,3
2020-06-04,20200604140000000,sh.600217,5.1800,5.2100,5.1800,5.1900,1194800,6207919.0000,3
2020-06-04,20200604150000000,sh.600217,5.1900,5.2000,5.1700,5.1700,1456600,7543661.0000,3
2020-06-05,20200605103000000,sh.600217,5.1800,5.2000,5.1500,5.1700,1594408,8236745.0000,3
2020-06-05,20200605113000000,sh.600217,5.1700,5.1800,5.1300,5.1300,1331500,6859405.0000,3
2020-06-05,20200605140000000,sh.600217,5.1300,5.1400,5.1200,5.1400,881874,4524531.0000,3
2020-06-05,20200605150000000,sh.600217,5.1400,5.1500,5.1200,5.1300,1908074,9795655.0000,3
2020-06-08,20200608103000000,sh.600217,5.1400,5.1500,5.1000,5.1200,2431301,12453388.0000,3
2020-06-08,20200608113000000,sh.600217,5.1200,5.1400,5.1000,5.1200,1531508,7834832.0000,3
2020-06-08,20200608140000000,sh.600217,5.1100,5.1200,5.1000,5.1100,802259,4097462.0000,3
2020-06-08,20200608150000000,sh.600217,5.1100,5.1200,5.0900,5.1000,1341126,6841375.0000,3
2020-06-09,20200609103000000,sh.600217,5.1000,5.1400,5.0700,5.1300,2056800,10518118.0000,3
2020-06-09,20200609113000000,sh.600217,5.1300,5.1900,5.1300,5.1700,2522636,13021631.0000,3
2020-06-09,20200609140000000,sh.600217,5.1700,5.2300,5.1700,5.2200,3665942,19060154.0000,3
2020-06-09,20200609150000000,sh.600217,5.2300,5.2400,5.1800,5.1900,2171100,11307448.0000,3
2020-06-10,20200610103000000,sh.600217,5.2300,5.2300,5.1500,5.1800,2021200,10467184.0000,3
2020-06-10,20200610113000000,sh.600217,5.1800,5.2100,5.1600,5.2100,1093900,5669201.0000,3
2020-06-10,20200610140000000,sh.600217,5.2000,5.2100,5.1900,5.2100,1055000,5487413.0000,3
2020-06-10,20200610150000000,sh.600217,5.2100,5.2100,5.1600,5.1800,2019396,10470352.0000,3
2020-06-11,20200611103000000,sh.600217,5.1800,5.2000,5.1300,5.1800,2640200,13631123.0000,3
2020-06-11,20200611113000000,sh.600217,5.1800,5.1900,5.1600,5.1900,999670,5168390.0000,3
2020-06-11,20200611140000000,sh.600217,5.1900,5.1900,5.1500,5.1600,1179409,6092948.0000,3
2020-06-11,20200611150000000,sh.600217,5.1600,5.1600,5.1100,5.1200,1737508,8911133.0000,3
2020-06-12,20200612103000000,sh.600217,5.1000,5.1200,5.0000,5.0700,2669100,13541543.0000,3
2020-06-12,20200612113000000,sh.600217,5.0700,5.1700,5.0700,5.1500,1490133,7640303.0000,3
2020-06-12,20200612140000000,sh.600217,5.1500,5.1500,5.1100,5.1200,684369,3504615.0000,3
2020-06-12,20200612150000000,sh.600217,5.1200,5.1900,5.1000,5.1900,2914805,15008977.0000,3
2020-06-15,20200615103000000,sh.600217,5.1800,5.2900,5.1300,5.2800,3715800,19456168.0000,3
2020-06-15,20200615113000000,sh.600217,5.2700,5.2900,5.2200,5.2600,2058477,10824409.0000,3
2020-06-15,20200615140000000,sh.600217,5.2600,5.2600,5.2000,5.2100,1298900,6779447.0000,3
2020-06-15,20200615150000000,sh.600217,5.2100,5.2300,5.1900,5.2000,1754101,9135477.0000,3
2020-06-16,20200616103000000,sh.600217,5.2100,5.2600,5.2000,5.2100,1698524,8888924.0000,3
2020-06-16,20200616113000000,sh.600217,5.2000,5.2600,5.2000,5.2300,1577668,8256419.0000,3
2020-06-16,20200616140000000,sh.600217,5.2300,5.2600,5.2300,5.2300,715570,3748657.0000,3
2020-06-16,20200616150000000,sh.600217,5.2300,5.2700,5.2100,5.2600,2439852,12784621.0000,3
2020-06-17,20200617103000000,sh.600217,5.2400,5.2800,5.2100,5.2300,1852877,9727232.0000,3
2020-06-17,20200617113000000,sh.600217,5.2300,5.2400,5.2200,5.2300,887300,4635785.0000,3
2020-06-17,20200617140000000,sh.600217,5.2400,5.2400,5.2100,5.2300,777474,4062380.0000,3
2020-06-17,20200617150000000,sh.600217,5.2300,5.2400,5.2100,5.2300,1161700,6072218.0000,3
2020-06-18,20200618103000000,sh.600217,5.2100,5.2400,5.1900,5.2100,2117679,11023205.0000,3
2020-06-18,20200618113000000,sh.600217,5.2100,5.2200,5.1700,5.1900,1259100,6539717.0000,3
2020-06-18,20200618140000000,sh.600217,5.2000,5.2300,5.1800,5.2100,1308568,6808347.0000,3
2020-06-18,20200618150000000,sh.600217,5.2100,5.2200,5.1700,5.1800,1878000,9757766.0000,3
2020-06-19,20200619103000000,sh.600217,5.1800,5.1900,5.1400,5.1600,2255562,11645005.0000,3
2020-06-19,20200619113000000,sh.600217,5.1600,5.1700,5.1300,5.1500,1030000,5303051.0000,3
2020-06-19,20200619140000000,sh.600217,5.1400,5.2400,5.1200,5.2300,3604108,18662568.0000,3
2020-06-19,20200619150000000,sh.600217,5.2300,5.2400,5.1900,5.2000,3311400,17266743.0000,3
2020-06-22,20200622103000000,sh.600217,5.2200,5.2500,5.1700,5.1800,5108338,26604725.0000,3
2020-06-22,20200622113000000,sh.600217,5.1700,5.1800,5.1500,5.1700,2526786,13037646.0000,3
2020-06-22,20200622140000000,sh.600217,5.1800,5.2200,5.1700,5.1800,1065058,5533091.0000,3
2020-06-22,20200622150000000,sh.600217,5.1800,5.1900,5.0800,5.1100,8776717,44975643.0000,3
2020-06-23,20200623103000000,sh.600217,5.0800,5.1100,5.0400,5.1000,4932960,25021990.0000,3
2020-06-23,20200623113000000,sh.600217,5.1000,5.1100,5.0600,5.0800,1688200,8568936.0000,3
2020-06-23,20200623140000000,sh.600217,5.0800,5.0800,5.0400,5.0500,2979000,15054327.0000,3
2020-06-23,20200623150000000,sh.600217,5.0500,5.0500,4.9900,5.0100,8430668,42297382.0000,3
2020-06-24,20200624103000000,sh.600217,5.0200,5.0500,4.9200,4.9300,6162100,30700821.0000,3
2020-06-24,20200624113000000,sh.600217,4.9400,4.9400,4.8200,4.8600,8923821,43486690.0000,3
2020-06-24,20200624140000000,sh.600217,4.8600,4.8800,4.7600,4.8400,6900417,33196108.0000,3
2020-06-24,20200624150000000,sh.600217,4.8400,4.8500,4.7400,4.7600,8806769,42088864.0000,3
2020-06-29,20200629103000000,sh.600217,4.7700,4.8300,4.6400,4.8000,5646600,26712222.0000,3
2020-06-29,20200629113000000,sh.600217,4.8000,4.9400,4.7900,4.9100,5743000,28023921.0000,3
2020-06-29,20200629140000000,sh.600217,4.9300,4.9300,4.8800,4.8900,1895300,9300468.0000,3
2020-06-29,20200629150000000,sh.600217,4.8900,4.9000,4.8700,4.8700,2108270,10301326.0000,3
2020-06-30,20200630103000000,sh.600217,4.8900,4.9200,4.7700,4.7800,5213700,25136683.0000,3
2020-06-30,20200630113000000,sh.600217,4.7800,4.8300,4.7800,4.8100,1735425,8338918.0000,3
2020-06-30,20200630140000000,sh.600217,4.8200,4.8400,4.8100,4.8300,1737160,8366484.0000,3
2020-06-30,20200630150000000,sh.600217,4.8300,4.8400,4.8000,4.8200,1934640,9314675.0000,3
2020-07-01,20200701103000000,sh.600217,4.8300,4.8500,4.7600,4.7800,3404973,16298045.0000,3
2020-07-01,20200701113000000,sh.600217,4.7700,4.7800,4.7400,4.7500,2420200,11508593.0000,3
2020-07-01,20200701140000000,sh.600217,4.7500,4.7700,4.7300,4.7400,1917900,9111742.0000,3
2020-07-01,20200701150000000,sh.600217,4.7400,4.8300,4.7400,4.8000,2621701,12573303.0000,3
2020-07-02,20200702103000000,sh.600217,4.7600,4.8500,4.7600,4.8400,2891729,13930074.0000,3
2020-07-02,20200702113000000,sh.600217,4.8400,4.8700,4.8300,4.8700,2167100,10521306.0000,3
2020-07-02,20200702140000000,sh.600217,4.8700,4.8900,4.8100,4.8400,5588520,27103247.0000,3
2020-07-02,20200702150000000,sh.600217,4.8400,4.8700,4.7900,4.8500,7596900,36651757.0000,3
2020-07-03,20200703103000000,sh.600217,4.8400,4.9100,4.8300,4.8800,5385400,26206801.0000,3
2020-07-03,20200703113000000,sh.600217,4.8800,4.8900,4.8400,4.8500,3583800,17420413.0000,3
2020-07-03,20200703140000000,sh.600217,4.8600,4.9100,4.8600,4.8900,3406496,16626411.0000,3
2020-07-03,20200703150000000,sh.600217,4.8900,4.9400,4.8700,4.9400,5801018,28508778.0000,3
2020-07-06,20200706103000000,sh.600217,4.9700,5.0700,4.9400,5.0500,10311233,51571252.0000,3
2020-07-06,20200706113000000,sh.600217,5.0400,5.0700,5.0400,5.0700,3245889,16396091.0000,3
2020-07-06,20200706140000000,sh.600217,5.0700,5.1500,5.0600,5.1000,5713600,29137002.0000,3
2020-07-06,20200706150000000,sh.600217,5.1000,5.1100,5.0600,5.1100,5681762,28904556.0000,3
2020-07-07,20200707103000000,sh.600217,5.1500,5.1800,5.0700,5.1200,10051411,51527657.0000,3
2020-07-07,20200707113000000,sh.600217,5.1100,5.1300,5.1000,5.1300,2420200,12379269.0000,3
2020-07-07,20200707140000000,sh.600217,5.1300,5.1900,5.1200,5.1500,7137301,36822932.0000,3
2020-07-07,20200707150000000,sh.600217,5.1500,5.1700,5.1000,5.1100,5439699,27878059.0000,3
2020-07-08,20200708103000000,sh.600217,5.0900,5.1600,5.0700,5.0800,5576900,28480373.0000,3
2020-07-08,20200708113000000,sh.600217,5.0800,5.1300,5.0800,5.1200,2881227,14734278.0000,3
2020-07-08,20200708140000000,sh.600217,5.1200,5.1400,5.0900,5.1200,6184949,31625158.0000,3
2020-07-08,20200708150000000,sh.600217,5.1200,5.1800,5.1100,5.1800,9282812,47850377.0000,3
2020-07-09,20200709103000000,sh.600217,5.1600,5.2300,5.1400,5.1700,9406979,48810573.0000,3
2020-07-09,20200709113000000,sh.600217,5.1700,5.1900,5.1400,5.1900,5441785,28103298.0000,3
2020-07-09,20200709140000000,sh.600217,5.1900,5.2200,5.1800,5.2000,9150901,47611218.0000,3
2020-07-09,20200709150000000,sh.600217,5.2000,5.3300,5.1900,5.3300,12544745,66166201.0000,3
2020-07-10,20200710103000000,sh.600217,5.2500,5.2700,5.1800,5.2100,9499066,49660527.0000,3
2020-07-10,20200710113000000,sh.600217,5.2200,5.2200,5.1600,5.1800,5304775,27549087.0000,3
2020-07-10,20200710140000000,sh.600217,5.1800,5.2200,5.1800,5.1900,3504782,18196424.0000,3
2020-07-10,20200710150000000,sh.600217,5.1900,5.2000,5.1000,5.1300,7922900,40836129.0000,3
2020-07-13,20200713103000000,sh.600217,5.1000,5.2000,5.1000,5.1800,6818774,35140966.0000,3
2020-07-13,20200713113000000,sh.600217,5.1800,5.2400,5.1800,5.2300,4126325,21504792.0000,3
2020-07-13,20200713140000000,sh.600217,5.2300,5.2600,5.1900,5.2300,8911858,46650328.0000,3
2020-07-13,20200713150000000,sh.600217,5.2300,5.2700,5.2100,5.2600,7196730,37689982.0000,3
2020-07-14,20200714103000000,sh.600217,5.2600,5.3700,5.2500,5.2800,12705036,67480727.0000,3
2020-07-14,20200714113000000,sh.600217,5.2900,5.3000,5.2200,5.2500,5977499,31448993.0000,3
2020-07-14,20200714140000000,sh.600217,5.2500,5.2800,5.1600,5.2000,4499099,23490688.0000,3
2020-07-14,20200714150000000,sh.600217,5.2000,5.2500,5.1700,5.2500,3990902,20826012.0000,3
2020-07-15,20200715103000000,sh.600217,5.2800,5.2900,5.1700,5.1900,4978426,25938287.0000,3
2020-07-15,20200715113000000,sh.600217,5.1900,5.1900,5.0800,5.1300,6582915,33841530.0000,3
2020-07-15,20200715140000000,sh.600217,5.1400,5.2200,5.1200,5.2100,2844600,14702225.0000,3
2020-07-15,20200715150000000,sh.600217,5.2100,5.2100,5.1200,5.1200,3800100,19640010.0000,3
2020-07-16,20200716103000000,sh.600217,5.1400,5.2300,5.1200,5.1700,6569981,34042651.0000,3
2020-07-16,20200716113000000,sh.600217,5.1700,5.1900,5.1300,5.1800,2252517,11629698.0000,3
2020-07-16,20200716140000000,sh.600217,5.1800,5.1800,5.0800,5.1200,4146100,21231646.0000,3
2020-07-16,20200716150000000,sh.600217,5.1200,5.1400,4.9400,4.9400,9572178,48254484.0000,3
2020-07-17,20200717103000000,sh.600217,5.0000,5.1400,4.9500,5.0900,7691394,38962328.0000,3
2020-07-17,20200717113000000,sh.600217,5.1000,5.1100,5.0100,5.0100,2493804,12625906.0000,3
2020-07-17,20200717140000000,sh.600217,5.0100,5.0400,4.9900,5.0200,1789600,8961972.0000,3
2020-07-17,20200717150000000,sh.600217,5.0200,5.0900,5.0200,5.0700,1764153,8908531.0000,3
2020-07-20,20200720103000000,sh.600217,5.1300,5.2600,5.0900,5.2100,8780774,45574033.0000,3
2020-07-20,20200720113000000,sh.600217,5.2100,5.2200,5.1900,5.1900,2436526,12682284.0000,3
2020-07-20,20200720140000000,sh.600217,5.2000,5.2400,5.2000,5.2000,3977800,20754529.0000,3
2020-07-20,20200720150000000,sh.600217,5.2000,5.2600,5.1900,5.2600,4682751,24472713.0000,3
2020-07-21,20200721103000000,sh.600217,5.2600,5.2900,5.2000,5.2200,7064701,36967607.0000,3
2020-07-21,20200721113000000,sh.600217,5.2200,5.2400,5.1900,5.2200,2453816,12791315.0000,3
2020-07-21,20200721140000000,sh.600217,5.2200,5.2300,5.2000,5.2000,1875500,9775690.0000,3
2020-07-21,20200721150000000,sh.600217,5.2000,5.2400,5.1800,5.2200,3096479,16129617.0000,3
2020-07-22,20200722103000000,sh.600217,5.2100,5.3500,5.1600,5.3300,10037070,53075070.0000,3
2020-07-22,20200722113000000,sh.600217,5.3300,5.4300,5.3200,5.3700,10899296,58673927.0000,3
2020-07-22,20200722140000000,sh.600217,5.3600,5.4700,5.3600,5.4200,8478347,45884898.0000,3
2020-07-22,20200722150000000,sh.600217,5.4100,5.5300,5.3900,5.4000,10810600,58910150.0000,3
2020-07-23,20200723103000000,sh.600217,5.3800,5.5100,5.3400,5.4100,12725933,69269030.0000,3
2020-07-23,20200723113000000,sh.600217,5.4100,5.4600,5.3200,5.4500,5666100,30624103.0000,3
2020-07-23,20200723140000000,sh.600217,5.4600,5.4700,5.4300,5.4500,2734200,14903978.0000,3
2020-07-23,20200723150000000,sh.600217,5.4500,5.5100,5.4400,5.4800,5897920,32336739.0000,3
2020-07-24,20200724103000000,sh.600217,5.4500,5.5000,5.3400,5.3800,8076227,43602756.0000,3
2020-07-24,20200724113000000,sh.600217,5.3800,5.4400,5.3400,5.3400,2950696,15903468.0000,3
2020-07-24,20200724140000000,sh.600217,5.3400,5.3400,5.2500,5.2900,6849801,36261040.0000,3
2020-07-24,20200724150000000,sh.600217,5.2900,5.3300,5.2100,5.2700,4747800,25050564.0000,3
2020-07-27,20200727103000000,sh.600217,5.2500,5.3100,5.1200,5.1800,5603467,29042774.0000,3
2020-07-27,20200727113000000,sh.600217,5.1700,5.1800,5.1600,5.1700,1649200,8524017.0000,3
2020-07-27,20200727140000000,sh.600217,5.1700,5.1700,5.1000,5.1600,2746401,14109115.0000,3
2020-07-27,20200727150000000,sh.600217,5.1600,5.2100,5.1300,5.2100,3183662,16455199.0000,3
2020-07-28,20200728103000000,sh.600217,5.2400,5.2800,5.2000,5.2700,3589862,18840824.0000,3
2020-07-28,20200728113000000,sh.600217,5.2700,5.2700,5.1500,5.1700,4503984,23405934.0000,3
2020-07-28,20200728140000000,sh.600217,5.1700,5.1800,5.1500,5.1700,1235400,6375227.0000,3
2020-07-28,20200728150000000,sh.600217,5.1700,5.2100,5.1600,5.2100,2461607,12767327.0000,3
2020-07-29,20200729103000000,sh.600217,5.2100,5.2600,5.1500,5.2500,4137881,21500451.0000,3
2020-07-29,20200729113000000,sh.600217,5.2400,5.2500,5.2100,5.2300,2390735,12512794.0000,3
2020-07-29,20200729140000000,sh.600217,5.2200,5.2300,5.2000,5.2100,3200166,16678498.0000,3
2020-07-29,20200729150000000,sh.600217,5.2100,5.2700,5.2100,5.2500,6055052,31744439.0000,3
2020-07-30,20200730103000000,sh.600217,5.2500,5.2600,5.1900,5.2100,4852505,25358233.0000,3
2020-07-30,20200730113000000,sh.600217,5.2200,5.2300,5.1900,5.2200,1527598,7957450.0000,3
2020-07-30,20200730140000000,sh.600217,5.2100,5.2600,5.1900,5.2400,3271845,17099626.0000,3
2020-07-30,20200730150000000,sh.600217,5.2400,5.3100,5.2300,5.2700,5959779,31445560.0000,3
2020-07-31,20200731103000000,sh.600217,5.2800,5.3600,5.2300,5.3000,9535424,50645372.0000,3
2020-07-31,20200731113000000,sh.600217,5.3000,5.3000,5.2200,5.2300,3451201,18120047.0000,3
2020-07-31,20200731140000000,sh.600217,5.2300,5.2500,5.2100,5.2400,2317900,12122389.0000,3
2020-07-31,20200731150000000,sh.600217,5.2400,5.2500,5.2200,5.2300,2833370,14837569.0000,3
2020-08-03,20200803103000000,sh.600217,5.2100,5.2900,5.2100,5.2700,7210342,37842546.0000,3
2020-08-03,20200803113000000,sh.600217,5.2700,5.3300,5.2500,5.3000,4691624,24803943.0000,3
2020-08-03,20200803140000000,sh.600217,5.3000,5.3400,5.3000,5.3000,3563100,18936573.0000,3
2020-08-03,20200803150000000,sh.600217,5.3100,5.3500,5.2900,5.3300,7049100,37472547.0000,3
2020-08-04,20200804103000000,sh.600217,5.3500,5.6500,5.3100,5.5900,11944180,64839856.0000,3
2020-08-04,20200804113000000,sh.600217,5.5800,5.8600,5.5800,5.8600,26590698,155292325.0000,3
2020-08-04,20200804140000000,sh.600217,5.8600,5.8600,5.8600,5.8600,1036571,6074306.0000,3
2020-08-04,20200804150000000,sh.600217,5.8600,5.8600,5.8600,5.8600,839104,4917150.0000,3
2020-08-05,20200805103000000,sh.600217,6.0000,6.0000,5.5900,5.7200,41061586,238648080.0000,3
2020-08-05,20200805113000000,sh.600217,5.7200,5.7900,5.7000,5.7400,4488690,25728653.0000,3
2020-08-05,20200805140000000,sh.600217,5.7400,5.7700,5.6600,5.6600,7822000,44601459.0000,3
2020-08-05,20200805150000000,sh.600217,5.6600,5.7700,5.6200,5.7300,12855240,73250976.0000,3
2020-08-06,20200806103000000,sh.600217,5.6800,5.8500,5.5900,5.7500,23122912,132536261.0000,3
2020-08-06,20200806113000000,sh.600217,5.7500,5.9500,5.7300,5.9400,16061703,94164645.0000,3
2020-08-06,20200806140000000,sh.600217,5.9300,6.2500,5.9300,6.0000,19575788,118796454.0000,3
2020-08-06,20200806150000000,sh.600217,6.0000,6.0300,5.9000,5.9100,7756810,46193632.0000,3
2020-08-07,20200807103000000,sh.600217,5.8000,6.0300,5.7700,5.9800,17256838,101498655.0000,3
2020-08-07,20200807113000000,sh.600217,5.9800,6.1600,5.9400,5.9500,11659500,70628242.0000,3
2020-08-07,20200807140000000,sh.600217,5.9500,5.9900,5.8600,5.9300,6272844,37155103.0000,3
2020-08-07,20200807150000000,sh.600217,5.9300,6.0400,5.9200,5.9600,7928500,47365224.0000,3
2020-08-10,20200810103000000,sh.600217,5.8800,5.9500,5.7200,5.7900,13621253,79201228.0000,3
2020-08-10,20200810113000000,sh.600217,5.7900,5.8200,5.7200,5.7300,4082737,23504679.0000,3
2020-08-10,20200810140000000,sh.600217,5.7400,5.8200,5.7200,5.7900,3678171,21192807.0000,3
2020-08-10,20200810150000000,sh.600217,5.7900,5.8100,5.7300,5.7600,6662665,38398567.0000,3
2020-08-11,20200811103000000,sh.600217,5.7800,5.8000,5.6700,5.7200,8449703,48362465.0000,3
2020-08-11,20200811113000000,sh.600217,5.7200,5.7200,5.6500,5.6700,4650942,26404770.0000,3
2020-08-11,20200811140000000,sh.600217,5.6600,5.8100,5.6600,5.7700,5743007,33039399.0000,3
2020-08-11,20200811150000000,sh.600217,5.7800,5.8600,5.6500,5.6800,7526913,43375191.0000,3
2020-08-12,20200812103000000,sh.600217,5.6400,5.7500,5.6000,5.7000,8967119,50780635.0000,3
2020-08-12,20200812113000000,sh.600217,5.7000,5.7300,5.6000,5.6000,4602101,26084366.0000,3
2020-08-12,20200812140000000,sh.600217,5.6000,5.9500,5.5800,5.8700,13242830,76561644.0000,3
2020-08-12,20200812150000000,sh.600217,5.8800,6.0200,5.8300,5.9900,14187463,83941464.0000,3
2020-08-13,20200813103000000,sh.600217,6.0000,6.1900,5.9500,6.0100,18824707,114044215.0000,3
2020-08-13,20200813113000000,sh.600217,6.0100,6.0100,5.8600,5.8800,6084855,36107401.0000,3
2020-08-13,20200813140000000,sh.600217,5.8800,6.0100,5.8700,5.9300,4244251,25247250.0000,3
2020-08-13,20200813150000000,sh.600217,5.9300,6.0300,5.9100,6.0100,6958879,41540073.0000,3
2020-08-14,20200814103000000,sh.600217,5.9700,6.3500,5.8600,6.2400,25751598,157546616.0000,3
2020-08-14,20200814113000000,sh.600217,6.2400,6.2400,6.0600,6.1100,8004280,49116407.0000,3
2020-08-14,20200814140000000,sh.600217,6.1100,6.2300,6.1000,6.1800,4757691,29313309.0000,3
2020-08-14,20200814150000000,sh.600217,6.1800,6.1900,6.1400,6.1600,6230501,38405812.0000,3
2020-08-17,20200817103000000,sh.600217,6.1900,6.2800,5.9800,6.0600,16746665,101888116.0000,3
2020-08-17,20200817113000000,sh.600217,6.0700,6.1700,6.0500,6.1600,6416776,39245763.0000,3
2020-08-17,20200817140000000,sh.600217,6.1700,6.2400,6.1000,6.2100,8173925,50454791.0000,3
2020-08-17,20200817150000000,sh.600217,6.2100,6.3800,6.2100,6.3500,20604109,129901522.0000,3
2020-08-18,20200818103000000,sh.600217,6.2500,6.3200,6.1600,6.1900,12344046,76999282.0000,3
2020-08-18,20200818113000000,sh.600217,6.2000,6.2600,6.1600,6.2500,5025344,31148626.0000,3
2020-08-18,20200818140000000,sh.600217,6.2600,6.2600,6.1800,6.2100,3861179,23985841.0000,3
2020-08-18,20200818150000000,sh.600217,6.2100,6.3000,6.1700,6.2700,8274301,51442999.0000,3
2020-08-19,20200819103000000,sh.600217,6.3000,6.3000,6.1000,6.1100,10645717,65986596.0000,3
2020-08-19,20200819113000000,sh.600217,6.1100,6.1700,6.0800,6.1600,4983054,30535914.0000,3
2020-08-19,20200819140000000,sh.600217,6.1600,6.1800,6.0600,6.0800,3480049,21303909.0000,3
2020-08-19,20200819150000000,sh.600217,6.0800,6.1100,6.0100,6.0100,7212100,43612162.0000,3
2020-08-20,20200820103000000,sh.600217,5.9800,6.0300,5.8600,5.9500,8783004,52131276.0000,3
2020-08-20,20200820113000000,sh.600217,5.9600,5.9700,5.9000,5.9300,2312279,13736597.0000,3
2020-08-20,20200820140000000,sh.600217,5.9400,5.9600,5.9100,5.9300,1493200,8847894.0000,3
2020-08-20,20200820150000000,sh.600217,5.9300,5.9300,5.8400,5.8600,6353753,37366621.0000,3
2020-08-21,20200821103000000,sh.600217,5.8900,5.9300,5.8200,5.8600,4473600,26287057.0000,3
2020-08-21,20200821113000000,sh.600217,5.8600,5.9100,5.8400,5.9100,2030501,11931099.0000,3
2020-08-21,20200821140000000,sh.600217,5.9000,5.9100,5.8400,5.8600,1893801,11129936.0000,3
2020-08-21,20200821150000000,sh.600217,5.8600,5.8900,5.7800,5.8900,7360301,42931593.0000,3
2020-08-24,20200824103000000,sh.600217,5.8700,5.9700,5.7900,5.9200,6210145,36589910.0000,3
2020-08-24,20200824113000000,sh.600217,5.9200,5.9800,5.9200,5.9500,2679279,15932594.0000,3
2020-08-24,20200824140000000,sh.600217,5.9600,6.0100,5.9500,5.9900,3040900,18192497.0000,3
2020-08-24,20200824150000000,sh.600217,5.9900,5.9900,5.9200,5.9400,2758300,16398113.0000,3
2020-08-25,20200825103000000,sh.600217,5.9400,5.9800,5.8500,5.8600,4333900,25603084.0000,3
2020-08-25,20200825113000000,sh.600217,5.8600,5.8900,5.7900,5.8000,4171445,24330877.0000,3
2020-08-25,20200825140000000,sh.600217,5.7900,5.8100,5.7300,5.7600,4884455,28170799.0000,3
2020-08-25,20200825150000000,sh.600217,5.7600,5.8200,5.7100,5.7200,3491400,20086348.0000,3
2020-08-26,20200826103000000,sh.600217,5.7000,5.9400,5.7000,5.9000,11338802,66377609.0000,3
2020-08-26,20200826113000000,sh.600217,5.9000,5.9200,5.7200,5.7500,4867900,28200376.0000,3
2020-08-26,20200826140000000,sh.600217,5.7600,5.8100,5.7000,5.7200,3146505,18121891.0000,3
2020-08-26,20200826150000000,sh.600217,5.7200,5.7800,5.6800,5.7800,4330921,24776014.0000,3
2020-08-27,20200827103000000,sh.600217,5.8000,5.8000,5.5300,5.5800,8888300,49968950.0000,3
2020-08-27,20200827113000000,sh.600217,5.5800,5.6600,5.5700,5.6400,2312323,12983244.0000,3
2020-08-27,20200827140000000,sh.600217,5.6500,5.7000,5.6300,5.6300,2599757,14714063.0000,3
2020-08-27,20200827150000000,sh.600217,5.6300,5.6800,5.6100,5.6400,3391100,19130747.0000,3
2020-08-28,20200828103000000,sh.600217,5.6400,5.6700,5.5700,5.5800,3415307,19106255.0000,3
2020-08-28,20200828113000000,sh.600217,5.5800,5.6600,5.5600,5.6300,2175519,12192701.0000,3
2020-08-28,20200828140000000,sh.600217,5.6300,5.7200,5.5900,5.7000,2518757,14257878.0000,3
2020-08-28,20200828150000000,sh.600217,5.7000,5.7100,5.6600,5.6700,2821315,16037449.0000,3
2020-08-31,20200831103000000,sh.600217,5.7300,5.8300,5.6900,5.7900,5870459,33862071.0000,3
2020-08-31,20200831113000000,sh.600217,5.7900,5.8400,5.7700,5.7900,2599400,15092956.0000,3
2020-08-31,20200831140000000,sh.600217,5.7900,5.8100,5.7400,5.7600,2534428,14633220.0000,3
2020-08-31,20200831150000000,sh.600217,5.7500,5.7800,5.7100,5.7100,2919601,16747261.0000,3
2020-09-01,20200901103000000,sh.600217,5.7500,5.7700,5.6600,5.6900,2656346,15161954.0000,3
2020-09-01,20200901113000000,sh.600217,5.6900,5.6900,5.6500,5.6600,2328464,13195773.0000,3
2020-09-01,20200901140000000,sh.600217,5.6700,5.6800,5.6500,5.6700,1547300,8767521.0000,3
2020-09-01,20200901150000000,sh.600217,5.6700,5.7200,5.6400,5.7200,3103600,17602997.0000,3
2020-09-02,20200902103000000,sh.600217,5.7300,5.8700,5.7000,5.8000,7375852,42839740.0000,3
2020-09-02,20200902113000000,sh.600217,5.8000,5.8000,5.7300,5.7800,3592080,20722861.0000,3
2020-09-02,20200902140000000,sh.600217,5.7800,5.8300,5.7600,5.7800,2768102,16047398.0000,3
2020-09-02,20200902150000000,sh.600217,5.7900,5.8100,5.7500,5.7700,2585498,14937761.0000,3
2020-09-03,20200903103000000,sh.600217,5.7800,5.8300,5.7200,5.7400,4165300,24089881.0000,3
2020-09-03,20200903113000000,sh.600217,5.7400,5.7900,5.6900,5.7300,3710512,21242500.0000,3
2020-09-03,20200903140000000,sh.600217,5.7300,5.7600,5.6900,5.7000,2479977,14176365.0000,3
2020-09-03,20200903150000000,sh.600217,5.7000,5.7200,5.6100,5.6200,4527090,25574577.0000,3
2020-09-04,20200904103000000,sh.600217,5.5200,5.6000,5.4900,5.5500,6566138,36335328.0000,3
2020-09-04,20200904113000000,sh.600217,5.5500,5.5700,5.4900,5.5100,3324707,18346278.0000,3
2020-09-04,20200904140000000,sh.600217,5.5100,5.5300,5.4800,5.5000,3023000,16623062.0000,3
2020-09-04,20200904150000000,sh.600217,5.4900,5.5400,5.4800,5.5400,2969899,16378979.0000,3
2020-09-07,20200907103000000,sh.600217,5.5300,5.5700,5.5000,5.5300,2867581,15865205.0000,3
2020-09-07,20200907113000000,sh.600217,5.5300,5.5700,5.5100,5.5400,1467800,8121738.0000,3
2020-09-07,20200907140000000,sh.600217,5.5500,5.5500,5.5100,5.5300,1219476,6738548.0000,3
2020-09-07,20200907150000000,sh.600217,5.5300,5.5400,5.4500,5.4600,4284900,23493320.0000,3
2020-09-08,20200908103000000,sh.600217,5.4700,5.5200,5.4200,5.5000,4308700,23495818.0000,3
2020-09-08,20200908113000000,sh.600217,5.5000,5.5400,5.4900,5.4900,2449300,13501564.0000,3
2020-09-08,20200908140000000,sh.600217,5.5000,5.5500,5.4900,5.5400,2858747,15808856.0000,3
2020-09-08,20200908150000000,sh.600217,5.5400,5.5900,5.5300,5.5700,6313390,35136801.0000,3
2020-09-09,20200909103000000,sh.600217,5.5300,5.7300,5.5000,5.6100,9940727,56109516.0000,3
2020-09-09,20200909113000000,sh.600217,5.6100,5.6400,5.5200,5.6400,3624499,20285835.0000,3
2020-09-09,20200909140000000,sh.600217,5.6400,5.6400,5.6100,5.6100,1583800,8909017.0000,3
2020-09-09,20200909150000000,sh.600217,5.6100,5.6400,5.5300,5.5700,3113275,17384784.0000,3
2020-09-10,20200910103000000,sh.600217,5.6100,5.6100,5.4400,5.4600,6271800,34462086.0000,3
2020-09-10,20200910113000000,sh.600217,5.4600,5.4900,5.4400,5.4400,1513600,8262647.0000,3
2020-09-10,20200910140000000,sh.600217,5.4400,5.4500,5.3900,5.4200,2981474,16147851.0000,3
2020-09-10,20200910150000000,sh.600217,5.4200,5.4200,5.2500,5.3000,5843000,31082447.0000,3
2020-09-11,20200911103000000,sh.600217,5.2800,5.3100,5.2000,5.3000,3792800,19950706.0000,3
2020-09-11,20200911113000000,sh.600217,5.3000,5.3100,5.2500,5.2500,1153612,6088876.0000,3
2020-09-11,20200911140000000,sh.600217,5.2500,5.3000,5.2500,5.2900,767009,4053607.0000,3
2020-09-11,20200911150000000,sh.600217,5.2900,5.3400,5.2900,5.3100,2056800,10933794.0000,3
2020-09-14,20200914103000000,sh.600217,5.2900,5.3800,5.2900,5.3700,2543926,13600452.0000,3
2020-09-14,20200914113000000,sh.600217,5.3700,5.3700,5.3300,5.3500,941100,5033908.0000,3
2020-09-14,20200914140000000,sh.600217,5.3500,5.3700,5.2500,5.3100,1304600,6930455.0000,3
2020-09-14,20200914150000000,sh.600217,5.3100,5.3500,5.3000,5.3400,982400,5233566.0000,3
2020-09-15,20200915103000000,sh.600217,5.3700,5.3800,5.3000,5.3700,1918915,10256642.0000,3
2020-09-15,20200915113000000,sh.600217,5.3700,5.3700,5.3200,5.3500,1436020,7687551.0000,3
2020-09-15,20200915140000000,sh.600217,5.3500,5.3700,5.3300,5.3400,976600,5228831.0000,3
2020-09-15,20200915150000000,sh.600217,5.3400,5.3600,5.3200,5.3500,1116001,5960445.0000,3
2020-09-16,20200916103000000,sh.600217,5.3400,5.3700,5.3200,5.3500,1209600,6456211.0000,3
2020-09-16,20200916113000000,sh.600217,5.3500,5.3500,5.2900,5.3100,1473920,7838943.0000,3
2020-09-16,20200916140000000,sh.600217,5.3100,5.3300,5.2900,5.3200,644100,3418876.0000,3
2020-09-16,20200916150000000,sh.600217,5.3200,5.3300,5.2800,5.2900,1959500,10378288.0000,3
2020-09-17,20200917103000000,sh.600217,5.3000,5.3000,5.2400,5.2400,1951900,10258200.0000,3
2020-09-17,20200917113000000,sh.600217,5.2400,5.2800,5.2300,5.2400,749201,3936582.0000,3
2020-09-17,20200917140000000,sh.600217,5.2500,5.3100,5.2400,5.3000,1512700,7974651.0000,3
2020-09-17,20200917150000000,sh.600217,5.2900,5.3300,5.2800,5.2800,2080800,11024037.0000,3
2020-09-18,20200918103000000,sh.600217,5.2900,5.3200,5.2700,5.3000,988900,5236559.0000,3
2020-09-18,20200918113000000,sh.600217,5.3000,5.3200,5.2700,5.3200,833732,4411952.0000,3
2020-09-18,20200918140000000,sh.600217,5.3200,5.3500,5.3100,5.3300,1161900,6187162.0000,3
2020-09-18,20200918150000000,sh.600217,5.3400,5.3600,5.3100,5.3500,2200563,11746952.0000,3
2020-09-21,20200921103000000,sh.600217,5.3500,5.3700,5.3000,5.3500,2280200,12173722.0000,3
2020-09-21,20200921113000000,sh.600217,5.3500,5.3600,5.3100,5.3300,874100,4663354.0000,3
2020-09-21,20200921140000000,sh.600217,5.3300,5.3400,5.3100,5.3300,575600,3065426.0000,3
2020-09-21,20200921150000000,sh.600217,5.3300,5.3300,5.3000,5.3100,1552700,8247166.0000,3
2020-09-22,20200922103000000,sh.600217,5.2600,5.2800,5.2200,5.2600,2647900,13894447.0000,3
2020-09-22,20200922113000000,sh.600217,5.2600,5.2700,5.2400,5.2600,818996,4301440.0000,3
2020-09-22,20200922140000000,sh.600217,5.2600,5.2800,5.2600,5.2700,660200,3479645.0000,3
2020-09-22,20200922150000000,sh.600217,5.2700,5.2700,5.1700,5.1800,3867100,20136853.0000,3
2020-09-23,20200923103000000,sh.600217,5.2200,5.2700,5.1900,5.2100,3409800,17814448.0000,3
2020-09-23,20200923113000000,sh.600217,5.2100,5.2100,5.1700,5.1900,897338,4659765.0000,3
2020-09-23,20200923140000000,sh.600217,5.1900,5.2100,5.1700,5.1900,1570500,8140297.0000,3
2020-09-23,20200923150000000,sh.600217,5.1900,5.2100,5.1800,5.1900,1216630,6316365.0000,3
2020-09-24,20200924103000000,sh.600217,5.1700,5.1700,5.1100,5.1200,2947200,15138529.0000,3
2020-09-24,20200924113000000,sh.600217,5.1200,5.1300,5.0900,5.1100,1582024,8077958.0000,3
2020-09-24,20200924140000000,sh.600217,5.1100,5.2800,5.0900,5.2200,5839628,30396912.0000,3
2020-09-24,20200924150000000,sh.600217,5.2100,5.2200,5.1400,5.1600,1362700,7059611.0000,3
2020-09-25,20200925103000000,sh.600217,5.1700,5.1900,5.1000,5.1300,2432477,12475769.0000,3
2020-09-25,20200925113000000,sh.600217,5.1300,5.1400,5.1000,5.1300,609300,3118858.0000,3
2020-09-25,20200925140000000,sh.600217,5.1300,5.1400,5.1000,5.1100,593400,3036204.0000,3
2020-09-25,20200925150000000,sh.600217,5.1100,5.1300,5.1100,5.1100,1311096,6711808.0000,3
2020-09-28,20200928103000000,sh.600217,5.1100,5.1100,5.0500,5.0600,2379534,12074913.0000,3
2020-09-28,20200928113000000,sh.600217,5.0600,5.0700,5.0400,5.0500,1023061,5172310.0000,3
2020-09-28,20200928140000000,sh.600217,5.0600,5.0700,5.0500,5.0500,582253,2945608.0000,3
2020-09-28,20200928150000000,sh.600217,5.0500,5.0700,5.0400,5.0400,1098600,5548400.0000,3
2020-09-29,20200929103000000,sh.600217,5.0600,5.1000,5.0600,5.0900,1408419,7153112.0000,3
2020-09-29,20200929113000000,sh.600217,5.0900,5.1300,5.0900,5.1100,844201,4312006.0000,3
2020-09-29,20200929140000000,sh.600217,5.1100,5.1100,5.0800,5.1000,444899,2266275.0000,3
2020-09-29,20200929150000000,sh.600217,5.1000,5.1000,5.0700,5.0700,727701,3696350.0000,3
2020-09-30,20200930103000000,sh.600217,5.1000,5.1000,5.0700,5.1000,583700,2969115.0000,3
2020-09-30,20200930113000000,sh.600217,5.1000,5.1000,5.0600,5.0700,847600,4308363.0000,3
2020-09-30,20200930140000000,sh.600217,5.0600,5.0900,5.0400,5.0500,925700,4682290.0000,3
2020-09-30,20200930150000000,sh.600217,5.0500,5.0900,5.0400,5.0900,1190700,6038835.0000,3
2020-10-09,20201009103000000,sh.600217,5.1200,5.1900,5.1200,5.1900,1736877,8966186.0000,3
2020-10-09,20201009113000000,sh.600217,5.1800,5.1900,5.1700,5.1900,1412100,7321166.0000,3
2020-10-09,20201009140000000,sh.600217,5.1800,5.2000,5.1400,5.1700,1411400,7288744.0000,3
2020-10-09,20201009150000000,sh.600217,5.1700,5.2000,5.1600,5.1700,1326100,6864288.0000,3
2020-10-12,20201012103000000,sh.600217,5.1600,5.2600,5.1600,5.2600,3124014,16306771.0000,3
2020-10-12,20201012113000000,sh.600217,5.2600,5.2700,5.2100,5.2600,2274400,11915873.0000,3
2020-10-12,20201012140000000,sh.600217,5.2600,5.2800,5.2500,5.2700,2055301,10828172.0000,3
2020-10-12,20201012150000000,sh.600217,5.2800,5.2900,5.2600,5.2800,1325800,6994997.0000,3
2020-10-13,20201013103000000,sh.600217,5.2800,5.2900,5.2400,5.2500,1327500,6973910.0000,3
2020-10-13,20201013113000000,sh.600217,5.2500,5.2600,5.2400,5.2600,1103301,5794250.0000,3
2020-10-13,20201013140000000,sh.600217,5.2600,5.2700,5.2500,5.2500,780714,4103114.0000,3
2020-10-13,20201013150000000,sh.600217,5.2500,5.2600,5.1900,5.2300,4696987,24529905.0000,3
2020-10-14,20201014103000000,sh.600217,5.2200,5.2300,5.1700,5.1800,2384700,12385377.0000,3
2020-10-14,20201014113000000,sh.600217,5.1800,5.1900,5.1700,5.1900,484300,2508893.0000,3
2020-10-14,20201014140000000,sh.600217,5.1800,5.1900,5.1500,5.1700,1304400,6738003.0000,3
2020-10-14,20201014150000000,sh.600217,5.1700,5.1800,5.1500,5.1800,956000,4942933.0000,3
2020-10-15,20201015103000000,sh.600217,5.1900,5.1900,5.1300,5.1700,1345546,6939614.0000,3
2020-10-15,20201015113000000,sh.600217,5.1700,5.1700,5.1300,5.1500,986074,5069507.0000,3
2020-10-15,20201015140000000,sh.600217,5.1500,5.1600,5.1300,5.1500,678500,3490476.0000,3
2020-10-15,20201015150000000,sh.600217,5.1500,5.1500,5.1200,5.1300,966300,4960953.0000,3
2020-10-16,20201016103000000,sh.600217,5.1300,5.1500,5.1100,5.1200,1314616,6739664.0000,3
2020-10-16,20201016113000000,sh.600217,5.1200,5.1400,5.1100,5.1100,1000695,5123645.0000,3
2020-10-16,20201016140000000,sh.600217,5.1100,5.1300,5.1000,5.1300,953200,4868967.0000,3
2020-10-16,20201016150000000,sh.600217,5.1300,5.1300,5.1100,5.1300,769000,3935497.0000,3
2020-10-19,20201019103000000,sh.600217,5.1300,5.1800,5.1300,5.1500,1902000,9808989.0000,3
2020-10-19,20201019113000000,sh.600217,5.1500,5.1700,5.1400,5.1600,1122520,5789399.0000,3
2020-10-19,20201019140000000,sh.600217,5.1600,5.2000,5.1600,5.1800,2405800,12465910.0000,3
2020-10-19,20201019150000000,sh.600217,5.1800,5.2400,5.1700,5.2000,3454700,17961461.0000,3
2020-10-20,20201020103000000,sh.600217,5.1900,5.1900,5.1300,5.1400,1198900,6167819.0000,3
2020-10-20,20201020113000000,sh.600217,5.1400,5.1600,5.1300,5.1500,649179,3338157.0000,3
2020-10-20,20201020140000000,sh.600217,5.1600,5.1700,5.1500,5.1600,1599600,8254395.0000,3
2020-10-20,20201020150000000,sh.600217,5.1600,5.2300,5.1600,5.2100,2531100,13149121.0000,3
2020-10-21,20201021103000000,sh.600217,5.2200,5.3400,5.2000,5.2700,8377481,44249310.0000,3
2020-10-21,20201021113000000,sh.600217,5.2700,5.2800,5.2400,5.2700,1592299,8387354.0000,3
2020-10-21,20201021140000000,sh.600217,5.2700,5.2800,5.2400,5.2500,1037300,5458359.0000,3
2020-10-21,20201021150000000,sh.600217,5.2500,5.2800,5.2500,5.2500,1672800,8798536.0000,3
2020-10-22,20201022103000000,sh.600217,5.2100,5.2300,5.1500,5.1600,3420401,17681968.0000,3
2020-10-22,20201022113000000,sh.600217,5.1600,5.1800,5.1300,5.1600,1256500,6473889.0000,3
2020-10-22,20201022140000000,sh.600217,5.1600,5.1800,5.1500,5.1600,696720,3598930.0000,3
2020-10-22,20201022150000000,sh.600217,5.1700,5.1800,5.1500,5.1600,1760460,9079473.0000,3
2020-10-23,20201023103000000,sh.600217,5.1600,5.1800,5.1300,5.1500,1434100,7393471.0000,3
2020-10-23,20201023113000000,sh.600217,5.1500,5.1700,5.1300,5.1600,988297,5085576.0000,3
2020-10-23,20201023140000000,sh.600217,5.1700,5.1700,5.1300,5.1400,1180371,6072199.0000,3
2020-10-23,20201023150000000,sh.600217,5.1400,5.1500,5.1000,5.1100,1779806,9108377.0000,3
2020-10-26,20201026103000000,sh.600217,5.1000,5.1100,5.0400,5.0900,1706358,8652295.0000,3
2020-10-26,20201026113000000,sh.600217,5.0900,5.1100,5.0800,5.0800,620833,3160250.0000,3
2020-10-26,20201026140000000,sh.600217,5.0900,5.1000,5.0700,5.0700,516967,2627135.0000,3
2020-10-26,20201026150000000,sh.600217,5.0700,5.0800,5.0600,5.0700,836033,4240371.0000,3
2020-10-27,20201027103000000,sh.600217,5.0500,5.0800,5.0300,5.0400,1543935,7803957.0000,3
2020-10-27,20201027113000000,sh.600217,5.0400,5.0600,5.0200,5.0300,1237300,6229246.0000,3
2020-10-27,20201027140000000,sh.600217,5.0300,5.0600,5.0200,5.0400,642301,3236696.0000,3
2020-10-27,20201027150000000,sh.600217,5.0400,5.0600,5.0300,5.0600,595000,3003916.0000,3
2020-10-28,20201028103000000,sh.600217,5.1400,5.1500,5.0700,5.1100,2124847,10846419.0000,3
2020-10-28,20201028113000000,sh.600217,5.1100,5.1300,5.0900,5.1300,1015440,5193073.0000,3
2020-10-28,20201028140000000,sh.600217,5.1300,5.1400,5.1100,5.1200,883701,4532624.0000,3
2020-10-28,20201028150000000,sh.600217,5.1200,5.1500,5.1200,5.1200,778300,3993893.0000,3
2020-10-29,20201029103000000,sh.600217,5.0600,5.1700,5.0400,5.1600,3564767,18238509.0000,3
2020-10-29,20201029113000000,sh.600217,5.1500,5.2200,5.1300,5.1900,2060300,10671582.0000,3
2020-10-29,20201029140000000,sh.600217,5.2000,5.2100,5.1500,5.1600,949364,4905126.0000,3
2020-10-29,20201029150000000,sh.600217,5.1600,5.1700,5.1400,5.1500,1322707,6818103.0000,3
2020-10-30,20201030103000000,sh.600217,5.1500,5.2500,5.1200,5.2300,4495601,23305423.0000,3
2020-10-30,20201030113000000,sh.600217,5.2300,5.2400,5.2000,5.2200,1685000,8790859.0000,3
2020-10-30,20201030140000000,sh.600217,5.2200,5.2300,5.1500,5.1500,1135500,5886699.0000,3
2020-10-30,20201030150000000,sh.600217,5.1400,5.1500,5.0800,5.0900,2708800,13865149.0000,3
2020-11-02,20201102103000000,sh.600217,5.0600,5.1400,5.0000,5.1000,3406514,17298075.0000,3
2020-11-02,20201102113000000,sh.600217,5.1000,5.1100,5.0300,5.0700,2102701,10641502.0000,3
2020-11-02,20201102140000000,sh.600217,5.0600,5.1300,5.0500,5.0900,2071800,10547530.0000,3
2020-11-02,20201102150000000,sh.600217,5.0900,5.1300,5.0800,5.1000,1388455,7090899.0000,3
2020-11-03,20201103103000000,sh.600217,5.1400,5.1700,5.1200,5.1600,3820850,19673066.0000,3
2020-11-03,20201103113000000,sh.600217,5.1600,5.2000,5.1500,5.1700,1565398,8093771.0000,3
2020-11-03,20201103140000000,sh.600217,5.1600,5.1900,5.1600,5.1900,914900,4739415.0000,3
2020-11-03,20201103150000000,sh.600217,5.1800,5.2000,5.1600,5.1800,1783779,9237977.0000,3
2020-11-04,20201104103000000,sh.600217,5.2000,5.2100,5.1400,5.1500,1712600,8841876.0000,3
2020-11-04,20201104113000000,sh.600217,5.1500,5.2000,5.1500,5.1900,1761393,9108103.0000,3
2020-11-04,20201104140000000,sh.600217,5.1900,5.2000,5.1700,5.1800,749200,3883667.0000,3
2020-11-04,20201104150000000,sh.600217,5.1800,5.1800,5.1600,5.1700,894500,4625756.0000,3
2020-11-05,20201105103000000,sh.600217,5.2100,5.2500,5.1800,5.1800,2347800,12222959.0000,3
2020-11-05,20201105113000000,sh.600217,5.1800,5.2600,5.1800,5.2500,2502896,13079915.0000,3
2020-11-05,20201105140000000,sh.600217,5.2600,5.2600,5.2200,5.2400,1272400,6665283.0000,3
2020-11-05,20201105150000000,sh.600217,5.2400,5.2800,5.2300,5.2500,3620683,19033595.0000,3
2020-11-06,20201106103000000,sh.600217,5.2500,5.2800,5.2100,5.2200,2200500,11535414.0000,3
2020-11-06,20201106113000000,sh.600217,5.2200,5.2400,5.1700,5.1800,1463643,7613172.0000,3
2020-11-06,20201106140000000,sh.600217,5.1800,5.2100,5.1800,5.1800,929457,4821898.0000,3
2020-11-06,20201106150000000,sh.600217,5.1800,5.2100,5.1700,5.2000,1291000,6705581.0000,3
2020-11-09,20201109103000000,sh.600217,5.2100,5.2600,5.2000,5.2500,3447996,18039433.0000,3
2020-11-09,20201109113000000,sh.600217,5.2500,5.2700,5.2400,5.2600,2153900,11308917.0000,3
2020-11-09,20201109140000000,sh.600217,5.2600,5.3000,5.2600,5.2700,2803100,14801690.0000,3
2020-11-09,20201109150000000,sh.600217,5.2700,5.2800,5.2500,5.2700,1568959,8261855.0000,3
2020-11-10,20201110103000000,sh.600217,5.2800,5.2900,5.2500,5.2600,2416987,12730064.0000,3
2020-11-10,20201110113000000,sh.600217,5.2600,5.2700,5.2400,5.2500,1103613,5796801.0000,3
2020-11-10,20201110140000000,sh.600217,5.2500,5.3100,5.2500,5.2700,1888700,9977459.0000,3
2020-11-10,20201110150000000,sh.600217,5.2700,5.3000,5.2600,5.2800,2114996,11163070.0000,3
2020-11-11,20201111103000000,sh.600217,5.2600,5.3100,5.2400,5.2500,1484300,7824747.0000,3
2020-11-11,20201111113000000,sh.600217,5.2500,5.3100,5.2400,5.3100,1590200,8378702.0000,3
2020-11-11,20201111140000000,sh.600217,5.3100,5.3100,5.2600,5.2700,783400,4140497.0000,3
2020-11-11,20201111150000000,sh.600217,5.2700,5.2800,5.2400,5.2500,1110407,5834331.0000,3
2020-11-12,20201112103000000,sh.600217,5.2600,5.2700,5.2100,5.2200,1421900,7447944.0000,3
2020-11-12,20201112113000000,sh.600217,5.2200,5.2400,5.2000,5.2100,999796,5216168.0000,3
2020-11-12,20201112140000000,sh.600217,5.2300,5.2400,5.2100,5.2200,359800,1878081.0000,3
2020-11-12,20201112150000000,sh.600217,5.2200,5.2300,5.2000,5.2000,1296501,6754594.0000,3
2020-11-13,20201113103000000,sh.600217,5.2100,5.2600,5.1600,5.2400,1797100,9344677.0000,3
2020-11-13,20201113113000000,sh.600217,5.2400,5.2500,5.2100,5.2300,1267200,6623570.0000,3
2020-11-13,20201113140000000,sh.600217,5.2300,5.2300,5.2100,5.2100,623923,3258183.0000,3
2020-11-13,20201113150000000,sh.600217,5.2100,5.2300,5.2000,5.2200,1184110,6170769.0000,3
2020-11-16,20201116103000000,sh.600217,5.2400,5.3200,5.2200,5.2700,3449900,18189773.0000,3
2020-11-16,20201116113000000,sh.600217,5.2700,5.3500,5.2700,5.3400,3157698,16786739.0000,3
2020-11-16,20201116140000000,sh.600217,5.3500,5.4300,5.3200,5.3900,7442102,40015221.0000,3
2020-11-16,20201116150000000,sh.600217,5.3800,5.3900,5.3600,5.3800,3051100,16403248.0000,3
2020-11-17,20201117103000000,sh.600217,5.3600,5.4000,5.3200,5.3400,3859700,20697353.0000,3
2020-11-17,20201117113000000,sh.600217,5.3400,5.4400,5.3300,5.4200,3738551,20184587.0000,3
2020-11-17,20201117140000000,sh.600217,5.4200,5.4200,5.3700,5.3900,1726407,9322847.0000,3
2020-11-17,20201117150000000,sh.600217,5.3800,5.4000,5.3400,5.3600,2458243,13191878.0000,3
2020-11-18,20201118103000000,sh.600217,5.3600,5.5300,5.3600,5.4900,5762967,31407415.0000,3
2020-11-18,20201118113000000,sh.600217,5.4900,5.5200,5.4300,5.4400,3434100,18795325.0000,3
2020-11-18,20201118140000000,sh.600217,5.4500,5.4500,5.3700,5.3800,2726600,14748729.0000,3
2020-11-18,20201118150000000,sh.600217,5.3800,5.4100,5.3500,5.4000,2580600,13881329.0000,3
2020-11-19,20201119103000000,sh.600217,5.4100,5.5400,5.4000,5.4300,6916180,37866252.0000,3
2020-11-19,20201119113000000,sh.600217,5.4300,5.4500,5.4200,5.4400,1466001,7969990.0000,3
2020-11-19,20201119140000000,sh.600217,5.4400,5.4500,5.4200,5.4400,1429332,7770287.0000,3
2020-11-19,20201119150000000,sh.600217,5.4400,5.4500,5.4000,5.4100,2723068,14761154.0000,3
2020-11-20,20201120103000000,sh.600217,5.4100,5.4600,5.3200,5.3300,4899300,26328289.0000,3
2020-11-20,20201120113000000,sh.600217,5.3300,5.4400,5.3200,5.4100,2120793,11399433.0000,3
2020-11-20,20201120140000000,sh.600217,5.4100,5.5200,5.4100,5.5000,3635543,19886936.0000,3
2020-11-20,20201120150000000,sh.600217,5.5000,5.5700,5.4600,5.5600,7696300,42550729.0000,3
2020-11-23,20201123103000000,sh.600217,5.6000,5.6400,5.5100,5.5300,6752800,37590745.0000,3
2020-11-23,20201123113000000,sh.600217,5.5300,5.6000,5.4700,5.5200,7149560,39483840.0000,3
2020-11-23,20201123140000000,sh.600217,5.5200,5.5700,5.5100,5.5600,2650893,14689175.0000,3
2020-11-23,20201123150000000,sh.600217,5.5600,5.5700,5.5200,5.5400,2141680,11868043.0000,3
2020-11-24,20201124103000000,sh.600217,5.5400,5.5400,5.4400,5.4500,5137001,28124593.0000,3
2020-11-24,20201124113000000,sh.600217,5.4500,5.5000,5.4400,5.4900,1914200,10486007.0000,3
2020-11-24,20201124140000000,sh.600217,5.4900,5.5200,5.4800,5.5200,1922679,10578710.0000,3
2020-11-24,20201124150000000,sh.600217,5.5200,5.5400,5.5100,5.5300,1991400,10994995.0000,3
2020-11-25,20201125103000000,sh.600217,5.5600,5.5800,5.4700,5.4700,6202000,34303803.0000,3
2020-11-25,20201125113000000,sh.600217,5.4700,5.4900,5.4300,5.4400,3790454,20669243.0000,3
2020-11-25,20201125140000000,sh.600217,5.4400,5.4500,5.4000,5.4300,2451800,13307242.0000,3
2020-11-25,20201125150000000,sh.600217,5.4200,5.4400,5.3700,5.3800,2759676,14909227.0000,3
2020-11-26,20201126103000000,sh.600217,5.3800,5.4600,5.3800,5.4000,3081301,16706068.0000,3
2020-11-26,20201126113000000,sh.600217,5.4000,5.4300,5.3800,5.4000,1336300,7221343.0000,3
2020-11-26,20201126140000000,sh.600217,5.4000,5.4100,5.3700,5.3700,839900,4523663.0000,3
2020-11-26,20201126150000000,sh.600217,5.3800,5.3800,5.3200,5.3700,3299300,17626351.0000,3
2020-11-27,20201127103000000,sh.600217,5.3700,5.3900,5.3100,5.3200,2354700,12568607.0000,3
2020-11-27,20201127113000000,sh.600217,5.3200,5.3500,5.2700,5.2800,1784000,9468582.0000,3
2020-11-27,20201127140000000,sh.600217,5.2800,5.3200,5.2600,5.3100,1755400,9264445.0000,3
2020-11-27,20201127150000000,sh.600217,5.3200,5.3500,5.2800,5.3400,2185500,11635071.0000,3
2020-11-30,20201130103000000,sh.600217,5.3800,5.4200,5.3300,5.3900,3076400,16563431.0000,3
2020-11-30,20201130113000000,sh.600217,5.4000,5.4500,5.3800,5.4300,2497943,13520903.0000,3
2020-11-30,20201130140000000,sh.600217,5.4300,5.4300,5.3800,5.4000,1275200,6888029.0000,3
2020-11-30,20201130150000000,sh.600217,5.4000,5.4000,5.3300,5.4000,2559200,13750634.0000,3
2020-12-01,20201201103000000,sh.600217,5.4000,5.4000,5.3000,5.3800,3447200,18423835.0000,3
2020-12-01,20201201113000000,sh.600217,5.3700,5.4400,5.3400,5.4000,3244600,17522855.0000,3
2020-12-01,20201201140000000,sh.600217,5.4000,5.4100,5.3800,5.4000,2068000,11167069.0000,3
2020-12-01,20201201150000000,sh.600217,5.4000,5.4200,5.3900,5.4100,3630880,19609178.0000,3
2020-12-02,20201202103000000,sh.600217,5.4200,5.4300,5.3600,5.3700,4449960,23977484.0000,3
2020-12-02,20201202113000000,sh.600217,5.3700,5.4800,5.3700,5.4700,4104793,22300193.0000,3
2020-12-02,20201202140000000,sh.600217,5.4700,5.5100,5.4400,5.4700,3869902,21216499.0000,3
2020-12-02,20201202150000000,sh.600217,5.4700,5.4900,5.4600,5.4800,2291915,12551481.0000,3
2020-12-03,20201203103000000,sh.600217,5.4700,5.5000,5.4300,5.4500,2163900,11802150.0000,3
2020-12-03,20201203113000000,sh.600217,5.4600,5.5700,5.4500,5.5400,4761552,26313488.0000,3
2020-12-03,20201203140000000,sh.600217,5.5300,5.5400,5.4700,5.4800,2587000,14233403.0000,3
2020-12-03,20201203150000000,sh.600217,5.4800,5.5500,5.4600,5.5400,4594716,25359202.0000,3
2020-12-04,20201204103000000,sh.600217,5.5300,5.5500,5.4700,5.4900,2764400,15246538.0000,3
2020-12-04,20201204113000000,sh.600217,5.4800,5.5600,5.4600,5.5500,2597371,14309006.0000,3
2020-12-04,20201204140000000,sh.600217,5.5500,5.5500,5.5200,5.5300,2212121,12251425.0000,3
2020-12-04,20201204150000000,sh.600217,5.5300,5.5400,5.4900,5.5300,2440127,13459282.0000,3
2020-12-07,20201207103000000,sh.600217,5.5100,5.8200,5.5100,5.7900,22159633,126039698.0000,3
2020-12-07,20201207113000000,sh.600217,5.7900,5.8700,5.6700,5.7000,9714399,56037962.0000,3
2020-12-07,20201207140000000,sh.600217,5.7000,5.7400,5.6800,5.6800,2405000,13725899.0000,3
2020-12-07,20201207150000000,sh.600217,5.6800,5.6900,5.6300,5.6500,3661000,20712680.0000,3
2020-12-08,20201208103000000,sh.600217,5.6900,5.9000,5.6400,5.8600,23960358,139397959.0000,3
2020-12-08,20201208113000000,sh.600217,5.8600,5.8600,5.7700,5.8500,4551801,26504432.0000,3
2020-12-08,20201208140000000,sh.600217,5.8600,5.8800,5.7900,5.8700,5050986,29507699.0000,3
2020-12-08,20201208150000000,sh.600217,5.8700,5.8800,5.8300,5.8500,7524784,44067261.0000,3
2020-12-09,20201209103000000,sh.600217,5.8200,5.9300,5.7700,5.8500,9244156,53990618.0000,3
2020-12-09,20201209113000000,sh.600217,5.8500,5.8800,5.8200,5.8500,3756100,21983109.0000,3
2020-12-09,20201209140000000,sh.600217,5.8600,5.8700,5.8000,5.8000,4364800,25492779.0000,3
2020-12-09,20201209150000000,sh.600217,5.8000,5.8600,5.7800,5.7900,5297146,30820690.0000,3
2020-12-10,20201210103000000,sh.600217,5.7600,5.7800,5.6500,5.7200,7117301,40572946.0000,3
2020-12-10,20201210113000000,sh.600217,5.7100,5.7300,5.6800,5.6900,1729210,9853037.0000,3
2020-12-10,20201210140000000,sh.600217,5.6900,5.7100,5.6100,5.6500,4413090,24977675.0000,3
2020-12-10,20201210150000000,sh.600217,5.6500,5.7400,5.6400,5.7000,5730789,32640726.0000,3
2020-12-11,20201211103000000,sh.600217,5.7500,5.8000,5.6000,5.6000,6321600,35922605.0000,3
2020-12-11,20201211113000000,sh.600217,5.6100,5.6100,5.5400,5.5700,3126915,17435836.0000,3
2020-12-11,20201211140000000,sh.600217,5.5700,5.6900,5.5700,5.6800,1863900,10519787.0000,3
2020-12-11,20201211150000000,sh.600217,5.6800,5.6900,5.5800,5.6000,4244599,23885969.0000,3
2020-12-14,20201214103000000,sh.600217,5.6100,5.8800,5.5400,5.8400,8681960,49637739.0000,3
2020-12-14,20201214113000000,sh.600217,5.8400,6.0200,5.8400,5.8800,10025469,59197736.0000,3
2020-12-14,20201214140000000,sh.600217,5.8800,5.9100,5.8700,5.9000,2758176,16254406.0000,3
2020-12-14,20201214150000000,sh.600217,5.9000,6.0200,5.8900,6.0000,10668031,63594480.0000,3
2020-12-15,20201215103000000,sh.600217,5.9200,6.0300,5.8600,5.9000,6428140,37972237.0000,3
2020-12-15,20201215113000000,sh.600217,5.9000,5.9100,5.8400,5.8500,3235646,18985572.0000,3
2020-12-15,20201215140000000,sh.600217,5.8500,5.9600,5.8500,5.9000,2542046,15029839.0000,3
2020-12-15,20201215150000000,sh.600217,5.9000,5.9200,5.8800,5.9100,2688300,15862837.0000,3
2020-12-16,20201216103000000,sh.600217,5.9000,5.9900,5.8100,5.8900,6345551,37462374.0000,3
2020-12-16,20201216113000000,sh.600217,5.8900,5.9400,5.8800,5.9300,1954300,11522537.0000,3
2020-12-16,20201216140000000,sh.600217,5.9300,5.9300,5.9000,5.9000,1434800,8478290.0000,3
2020-12-16,20201216150000000,sh.600217,5.9000,5.9200,5.8600,5.9100,4715699,27803862.0000,3
2020-12-17,20201217103000000,sh.600217,5.8800,5.9400,5.8000,5.8500,4990100,29258699.0000,3
2020-12-17,20201217113000000,sh.600217,5.8500,5.9400,5.8400,5.9100,2284500,13454264.0000,3
2020-12-17,20201217140000000,sh.600217,5.9100,6.0100,5.9100,5.9300,4347200,25903711.0000,3
2020-12-17,20201217150000000,sh.600217,5.9300,6.0000,5.8800,5.9700,6758500,40175923.0000,3
2020-12-18,20201218103000000,sh.600217,5.9200,6.0300,5.8800,5.9100,7679400,45721779.0000,3
2020-12-18,20201218113000000,sh.600217,5.9100,5.9200,5.8500,5.9000,2787510,16381597.0000,3
2020-12-18,20201218140000000,sh.600217,5.9000,5.9100,5.8200,5.8500,2627190,15367810.0000,3
2020-12-18,20201218150000000,sh.600217,5.8400,5.9000,5.7700,5.9000,5699130,33261807.0000,3
2020-12-21,20201221103000000,sh.600217,5.8600,6.0100,5.7600,5.9700,8172400,48120917.0000,3
2020-12-21,20201221113000000,sh.600217,5.9600,5.9800,5.8800,5.8900,3414100,20260107.0000,3
2020-12-21,20201221140000000,sh.600217,5.8900,5.9300,5.8400,5.8900,3561638,20961344.0000,3
2020-12-21,20201221150000000,sh.600217,5.8900,5.9500,5.8900,5.9500,4239342,25157504.0000,3
2020-12-22,20201222103000000,sh.600217,5.8800,5.9000,5.7100,5.7300,6394400,37125775.0000,3
2020-12-22,20201222113000000,sh.600217,5.7200,5.7600,5.6900,5.7500,3814525,21821794.0000,3
2020-12-22,20201222140000000,sh.600217,5.7400,5.8000,5.7000,5.7100,3084465,17703327.0000,3
2020-12-22,20201222150000000,sh.600217,5.7100,5.7100,5.6000,5.6000,4519379,25575099.0000,3
2020-12-23,20201223103000000,sh.600217,5.6300,5.6500,5.5100,5.5400,4744899,26422046.0000,3
2020-12-23,20201223113000000,sh.600217,5.5400,5.6600,5.5100,5.6400,4982483,27746202.0000,3
2020-12-23,20201223140000000,sh.600217,5.6400,5.7500,5.6200,5.6600,4272055,24309651.0000,3
2020-12-23,20201223150000000,sh.600217,5.6600,5.7100,5.6300,5.6900,2897600,16416110.0000,3
2020-12-24,20201224103000000,sh.600217,5.6500,5.7100,5.5600,5.6200,3585000,20144562.0000,3
2020-12-24,20201224113000000,sh.600217,5.6200,5.6600,5.5800,5.6100,1770100,9937541.0000,3
2020-12-24,20201224140000000,sh.600217,5.6200,5.7200,5.5900,5.6800,3497600,19783301.0000,3
2020-12-24,20201224150000000,sh.600217,5.6800,5.8100,5.6400,5.7600,7443117,42775792.0000,3
2020-12-25,20201225103000000,sh.600217,5.7900,5.8100,5.6900,5.7200,3133079,17991034.0000,3
2020-12-25,20201225113000000,sh.600217,5.7200,5.7800,5.7100,5.7800,1697900,9768190.0000,3
2020-12-25,20201225140000000,sh.600217,5.7900,5.8000,5.7600,5.7800,2684500,15505828.0000,3
2020-12-25,20201225150000000,sh.600217,5.7700,5.7900,5.7400,5.7500,4155900,23963824.0000,3
2020-12-28,20201228103000000,sh.600217,5.7300,5.7800,5.6200,5.6500,3864181,21949735.0000,3
2020-12-28,20201228113000000,sh.600217,5.6500,5.7400,5.6400,5.7300,1000400,5692044.0000,3
2020-12-28,20201228140000000,sh.600217,5.7300,5.7400,5.6600,5.7100,1576100,8983125.0000,3
2020-12-28,20201228150000000,sh.600217,5.7200,5.9400,5.7200,5.9000,8085055,47463904.0000,3
2020-12-29,20201229103000000,sh.600217,5.8700,5.9200,5.8200,5.8800,3692600,21686324.0000,3
2020-12-29,20201229113000000,sh.600217,5.8800,5.8900,5.8500,5.8500,1468300,8609930.0000,3
2020-12-29,20201229140000000,sh.600217,5.8400,6.0100,5.8300,5.9700,5066780,30098971.0000,3
2020-12-29,20201229150000000,sh.600217,5.9700,5.9700,5.9000,5.9000,3033900,17969986.0000,3
2020-12-30,20201230103000000,sh.600217,5.9000,6.1800,5.8800,6.0800,12452580,75613534.0000,3
2020-12-30,20201230113000000,sh.600217,6.0800,6.1000,6.0200,6.0400,2886404,17468186.0000,3
2020-12-30,20201230140000000,sh.600217,6.0400,6.1000,5.9900,6.0600,4796000,28931781.0000,3
2020-12-30,20201230150000000,sh.600217,6.0500,6.0600,5.9800,6.0200,5550075,33411450.0000,3
2020-12-31,20201231103000000,sh.600217,5.9800,6.5000,5.8000,5.8700,26370435,159945346.0000,3
2020-12-31,20201231113000000,sh.600217,5.8700,5.9000,5.7500,5.7600,5564599,32440665.0000,3
2020-12-31,20201231140000000,sh.600217,5.7600,5.8500,5.7500,5.8300,1656804,9617737.0000,3
2020-12-31,20201231150000000,sh.600217,5.8300,5.8300,5.7300,5.7400,5494579,31676919.0000,3
