date,time,code,open,high,low,close,volume,amount,adjustflag
2020-01-06,20200106103000000,sh.688081,58.0000,58.5700,53.8500,54.4700,7645806,427739840.0000,3
2020-01-06,20200106113000000,sh.688081,54.4700,54.5500,53.5600,53.8200,1698078,91791600.0000,3
2020-01-06,20200106140000000,sh.688081,53.7000,54.6800,53.5200,53.7800,1452892,78419568.0000,3
2020-01-06,20200106150000000,sh.688081,53.7000,54.3000,52.6800,52.7300,1855580,98644896.0000,3
2020-01-07,20200107103000000,sh.688081,50.0000,52.5200,49.4000,51.3800,2986696,151910310.0000,3
2020-01-07,20200107113000000,sh.688081,51.3500,55.0000,50.5400,54.8100,1847839,97520771.0000,3
2020-01-07,20200107140000000,sh.688081,55.0100,55.5700,53.2300,53.9600,1533855,83644711.0000,3
2020-01-07,20200107150000000,sh.688081,53.9500,54.9000,53.7800,53.9000,1298305,70413520.0000,3
2020-01-08,20200108103000000,sh.688081,53.8800,60.8900,53.5100,57.0000,5272961,304964320.0000,3
2020-01-08,20200108113000000,sh.688081,57.0000,57.4100,55.0000,56.2800,1348141,75632496.0000,3
2020-01-08,20200108140000000,sh.688081,56.5000,57.3500,55.8000,55.8800,657003,37109536.0000,3
2020-01-08,20200108150000000,sh.688081,56.0000,56.2000,54.8200,55.4900,1036857,57663648.0000,3
2020-01-09,20200109103000000,sh.688081,53.0000,55.2500,52.5000,54.1800,2932022,157501691.0000,3
2020-01-09,20200109113000000,sh.688081,54.1800,54.5300,53.5600,53.8000,1008478,54317551.0000,3
2020-01-09,20200109140000000,sh.688081,53.8000,56.1800,53.8000,55.2000,939018,51693918.0000,3
2020-01-09,20200109150000000,sh.688081,55.3000,55.4200,54.0000,55.0500,1201918,65877720.0000,3
2020-01-10,20200110103000000,sh.688081,55.5000,56.5000,54.5600,54.5600,1837024,101689606.0000,3
2020-01-10,20200110113000000,sh.688081,54.5600,55.1900,53.8200,54.5000,789645,42949661.0000,3
2020-01-10,20200110140000000,sh.688081,54.5100,54.6800,53.8100,54.0100,438650,23728649.0000,3
2020-01-10,20200110150000000,sh.688081,54.0100,54.2500,53.0000,53.1600,1536424,82313063.0000,3
2020-01-13,20200113103000000,sh.688081,53.4900,54.6600,53.1200,53.4300,1376383,74182596.0000,3
2020-01-13,20200113113000000,sh.688081,53.4300,53.8000,53.0800,53.1800,615194,32844560.0000,3
2020-01-13,20200113140000000,sh.688081,53.1900,54.0500,53.1800,53.9800,486851,26145232.0000,3
2020-01-13,20200113150000000,sh.688081,53.9800,54.4000,53.8900,54.3900,933881,50559858.0000,3
2020-01-14,20200114103000000,sh.688081,54.3000,54.3100,53.5000,53.8700,1231482,66332637.0000,3
2020-01-14,20200114113000000,sh.688081,53.8700,53.8700,53.2800,53.6600,829677,44456011.0000,3
2020-01-14,20200114140000000,sh.688081,53.6000,54.0000,53.3200,53.6000,484735,25993325.0000,3
2020-01-14,20200114150000000,sh.688081,53.6700,54.4800,53.6300,53.9000,1034576,55995253.0000,3
2020-01-15,20200115103000000,sh.688081,53.8000,54.2000,52.4600,52.5900,1335275,70890200.0000,3
2020-01-15,20200115113000000,sh.688081,52.5700,52.9000,52.2300,52.3600,658784,34578174.0000,3
2020-01-15,20200115140000000,sh.688081,52.3000,52.3600,51.5000,51.8300,723279,37605792.0000,3
2020-01-15,20200115150000000,sh.688081,51.8000,52.1700,51.5400,51.5800,677017,35106665.0000,3
2020-01-16,20200116103000000,sh.688081,51.5800,52.6700,51.5000,52.0700,890966,46484771.0000,3
2020-01-16,20200116113000000,sh.688081,52.0700,52.9800,51.6500,52.7500,689301,36029238.0000,3
2020-01-16,20200116140000000,sh.688081,52.7200,53.4600,52.7200,53.1000,1121642,59606480.0000,3
2020-01-16,20200116150000000,sh.688081,53.1000,53.2300,52.4000,53.1100,946217,50001340.0000,3
2020-01-17,20200117103000000,sh.688081,53.3000,55.5700,53.1300,54.6600,2567876,140062346.0000,3
2020-01-17,20200117113000000,sh.688081,54.6600,56.2100,54.6200,55.3200,1355873,75280356.0000,3
2020-01-17,20200117140000000,sh.688081,55.2000,55.4000,54.5000,54.6100,611570,33515353.0000,3
2020-01-17,20200117150000000,sh.688081,54.6100,56.2600,54.5400,55.0000,1396818,77334633.0000,3
2020-01-20,20200120103000000,sh.688081,54.5300,56.5600,54.3300,55.7700,2077519,115164213.0000,3
2020-01-20,20200120113000000,sh.688081,55.7700,56.9800,55.6600,56.8800,843480,47521196.0000,3
2020-01-20,20200120140000000,sh.688081,56.9700,57.3800,56.2900,56.3700,858355,48782526.0000,3
2020-01-20,20200120150000000,sh.688081,56.3700,56.9500,55.3400,55.6200,1007703,56521505.0000,3
2020-01-21,20200121103000000,sh.688081,55.0000,56.2800,54.5300,55.3200,1170451,64555323.0000,3
2020-01-21,20200121113000000,sh.688081,55.3200,55.4000,54.3600,54.9500,767733,42022763.0000,3
2020-01-21,20200121140000000,sh.688081,54.9500,55.1000,53.7900,53.8900,624475,33908076.0000,3
2020-01-21,20200121150000000,sh.688081,53.8900,54.1700,53.1300,53.4000,628132,33673589.0000,3
2020-01-22,20200122103000000,sh.688081,53.4000,55.4000,52.1200,54.8900,1636685,88614254.0000,3
2020-01-22,20200122113000000,sh.688081,54.8300,56.5000,54.6600,56.4000,1011456,56325367.0000,3
2020-01-22,20200122140000000,sh.688081,56.5000,57.3800,56.3000,57.1100,1094391,62180910.0000,3
2020-01-22,20200122150000000,sh.688081,57.1100,58.3800,56.7100,58.2500,1351323,78061053.0000,3
2020-01-23,20200123103000000,sh.688081,56.5000,57.8900,56.1500,57.8900,1667354,94881840.0000,3
2020-01-23,20200123113000000,sh.688081,57.8900,57.9400,56.1000,56.4300,661596,37459967.0000,3
2020-01-23,20200123140000000,sh.688081,56.4300,56.4300,53.6300,54.3000,928209,50932515.0000,3
2020-01-23,20200123150000000,sh.688081,54.3000,54.8700,53.6800,54.2800,743797,40348386.0000,3
2020-02-03,20200203103000000,sh.688081,43.4200,44.9000,43.4200,43.5000,2121141,92341362.0000,3
2020-02-03,20200203113000000,sh.688081,43.5000,43.5000,43.4200,43.4200,172784,7502545.0000,3
2020-02-03,20200203140000000,sh.688081,43.4200,43.4200,43.4200,43.4200,63145,2741756.0000,3
2020-02-03,20200203150000000,sh.688081,43.4200,43.4200,43.4200,43.4200,16101,699105.0000,3
2020-02-04,20200204103000000,sh.688081,43.4000,46.1800,42.1700,45.9000,1891028,84784158.0000,3
2020-02-04,20200204113000000,sh.688081,45.9800,46.0700,44.8800,46.0000,473776,21501557.0000,3
2020-02-04,20200204140000000,sh.688081,46.1500,48.8200,46.1500,47.4800,749703,35871559.0000,3
2020-02-04,20200204150000000,sh.688081,47.4800,48.3500,46.6500,46.8000,505219,23821792.0000,3
2020-02-05,20200205103000000,sh.688081,46.6500,49.4700,46.6500,49.2900,1601962,76602608.0000,3
2020-02-05,20200205113000000,sh.688081,49.2500,49.7900,48.0300,49.3300,759411,37063277.0000,3
2020-02-05,20200205140000000,sh.688081,50.0000,50.5000,48.5400,48.6300,666674,33077097.0000,3
2020-02-05,20200205150000000,sh.688081,48.6300,48.9900,47.8800,48.8600,725934,35097406.0000,3
2020-02-06,20200206103000000,sh.688081,49.0000,51.6000,48.5100,51.6000,1121357,55908193.0000,3
2020-02-06,20200206113000000,sh.688081,51.6700,51.8000,50.8800,51.1000,667029,34226618.0000,3
2020-02-06,20200206140000000,sh.688081,51.1000,51.5000,50.6000,51.2000,647353,33110935.0000,3
2020-02-06,20200206150000000,sh.688081,51.1100,51.5000,49.3000,50.4000,696914,35068805.0000,3
2020-02-07,20200207103000000,sh.688081,50.1100,52.2800,50.0600,52.0000,1214511,62478568.0000,3
2020-02-07,20200207113000000,sh.688081,52.0000,52.4700,50.6600,50.9000,619410,31948051.0000,3
2020-02-07,20200207140000000,sh.688081,51.0000,53.4800,50.8300,52.8000,551319,28725337.0000,3
2020-02-07,20200207150000000,sh.688081,52.8000,53.5200,52.3300,52.8800,621389,32935278.0000,3
2020-02-10,20200210103000000,sh.688081,52.4900,55.1200,52.4300,53.0100,1354863,72663587.0000,3
2020-02-10,20200210113000000,sh.688081,52.8800,53.2300,50.5100,51.1800,699321,36530582.0000,3
2020-02-10,20200210140000000,sh.688081,50.9600,51.8800,50.8800,51.8800,323646,16654684.0000,3
2020-02-10,20200210150000000,sh.688081,51.8800,52.6100,51.5900,52.2900,397870,20712539.0000,3
2020-02-11,20200211103000000,sh.688081,51.9500,54.5000,51.4600,51.6200,1553129,82565572.0000,3
2020-02-11,20200211113000000,sh.688081,51.5300,51.9900,50.5000,51.1500,394043,20208110.0000,3
2020-02-11,20200211140000000,sh.688081,51.1600,53.0500,51.0000,53.0500,386414,20059595.0000,3
2020-02-11,20200211150000000,sh.688081,53.1100,54.4700,52.8700,53.9500,1256893,67470069.0000,3
2020-02-12,20200212103000000,sh.688081,52.0000,52.6000,51.0000,52.3900,1118193,58084977.0000,3
2020-02-12,20200212113000000,sh.688081,52.3900,52.9400,51.9000,52.9400,400801,20965041.0000,3
2020-02-12,20200212140000000,sh.688081,52.9900,54.1600,52.9900,54.0000,806263,43222631.0000,3
2020-02-12,20200212150000000,sh.688081,54.0000,55.5000,53.9800,54.9000,1137241,62373321.0000,3
2020-02-13,20200213103000000,sh.688081,54.1700,56.7100,53.8800,56.3000,1709644,94697793.0000,3
2020-02-13,20200213113000000,sh.688081,56.3000,57.6000,54.8500,55.1000,1046752,59311095.0000,3
2020-02-13,20200213140000000,sh.688081,55.0000,55.0800,54.2500,54.5200,450787,24682559.0000,3
2020-02-13,20200213150000000,sh.688081,54.5200,55.7800,54.2000,54.6500,565674,31009751.0000,3
2020-02-14,20200214103000000,sh.688081,54.3800,55.2600,53.9000,55.0000,921816,50249453.0000,3
2020-02-14,20200214113000000,sh.688081,55.0000,55.9900,54.3100,54.3100,620919,34259762.0000,3
2020-02-14,20200214140000000,sh.688081,54.0000,54.5800,53.3100,53.5300,545484,29391693.0000,3
2020-02-14,20200214150000000,sh.688081,53.5300,53.8500,52.0100,53.0300,785810,41541680.0000,3
2020-02-17,20200217103000000,sh.688081,54.6000,55.7600,54.2300,55.2500,1335955,73608648.0000,3
2020-02-17,20200217113000000,sh.688081,55.3100,56.5400,55.3100,55.9600,819231,45855636.0000,3
2020-02-17,20200217140000000,sh.688081,55.9600,56.8900,55.7000,56.8900,590041,33254595.0000,3
2020-02-17,20200217150000000,sh.688081,56.8900,57.2200,56.2600,56.8000,894981,50848806.0000,3
2020-02-18,20200218103000000,sh.688081,56.0200,56.9900,55.3700,55.9400,1373693,77074266.0000,3
2020-02-18,20200218113000000,sh.688081,55.9400,55.9500,54.7000,55.2000,1276186,70284223.0000,3
2020-02-18,20200218140000000,sh.688081,55.2000,55.8000,55.0000,55.5000,476426,26350664.0000,3
2020-02-18,20200218150000000,sh.688081,55.5000,56.2900,55.2800,56.2000,628235,35055743.0000,3
2020-02-19,20200219103000000,sh.688081,55.5600,55.9900,54.7000,55.0000,908751,50186889.0000,3
2020-02-19,20200219113000000,sh.688081,54.9900,55.7000,54.8000,55.5700,366572,20189318.0000,3
2020-02-19,20200219140000000,sh.688081,55.8100,55.8500,55.0000,55.0000,321638,17800792.0000,3
2020-02-19,20200219150000000,sh.688081,54.9600,55.0700,54.1100,54.3400,671209,36616771.0000,3
2020-02-20,20200220103000000,sh.688081,54.4500,56.9500,54.4500,55.2500,1810202,101347531.0000,3
2020-02-20,20200220113000000,sh.688081,55.2600,55.6900,54.7500,55.5600,516228,28468354.0000,3
2020-02-20,20200220140000000,sh.688081,55.6000,55.9400,55.4000,55.8300,306900,17077302.0000,3
2020-02-20,20200220150000000,sh.688081,55.8300,55.8300,54.8800,54.9500,587070,32445709.0000,3
2020-02-21,20200221103000000,sh.688081,53.7000,53.9100,52.8600,53.0000,2054608,109353016.0000,3
2020-02-21,20200221113000000,sh.688081,53.0000,53.6500,52.6800,53.6100,697597,37026715.0000,3
2020-02-21,20200221140000000,sh.688081,53.8000,54.4700,53.6700,53.9500,486743,26278730.0000,3
2020-02-21,20200221150000000,sh.688081,53.9700,54.4700,53.8200,54.2000,423348,22928203.0000,3
2020-02-24,20200224103000000,sh.688081,53.4900,53.8000,53.0200,53.3500,756895,40383039.0000,3
2020-02-24,20200224113000000,sh.688081,53.3500,53.9900,53.3500,53.9900,221712,11885312.0000,3
2020-02-24,20200224140000000,sh.688081,54.0800,54.4000,53.7400,53.9000,330304,17848554.0000,3
2020-02-24,20200224150000000,sh.688081,53.9000,54.2900,53.6600,54.1900,463909,25027380.0000,3
2020-02-25,20200225103000000,sh.688081,53.0100,56.4000,52.7900,55.8000,1583308,87318245.0000,3
2020-02-25,20200225113000000,sh.688081,55.8100,55.9900,53.6000,54.1300,676637,36980432.0000,3
2020-02-25,20200225140000000,sh.688081,54.1300,54.9900,54.1000,54.9800,370306,20220737.0000,3
2020-02-25,20200225150000000,sh.688081,55.0000,55.6100,54.8300,55.1900,462264,25563088.0000,3
2020-02-26,20200226103000000,sh.688081,54.1900,54.8800,53.0000,53.7000,961129,51787319.0000,3
2020-02-26,20200226113000000,sh.688081,53.7000,53.7900,52.0300,52.8600,699425,36852943.0000,3
2020-02-26,20200226140000000,sh.688081,52.9600,53.1500,52.2300,52.2500,257330,13548993.0000,3
2020-02-26,20200226150000000,sh.688081,52.2500,52.4300,50.3000,50.5200,815202,41807717.0000,3
2020-02-27,20200227103000000,sh.688081,50.7500,51.3300,49.4000,49.9700,621819,31324572.0000,3
2020-02-27,20200227113000000,sh.688081,49.9800,50.7200,49.6200,50.7200,173249,8683648.0000,3
2020-02-27,20200227140000000,sh.688081,50.8300,50.9800,50.2200,50.3300,248789,12567790.0000,3
2020-02-27,20200227150000000,sh.688081,50.3300,50.4500,49.5200,49.6500,341412,17016468.0000,3
2020-02-28,20200228103000000,sh.688081,47.3800,48.3600,46.2100,46.2600,1065963,50216020.0000,3
2020-02-28,20200228113000000,sh.688081,46.2600,47.0300,45.9800,45.9800,494768,22964105.0000,3
2020-02-28,20200228140000000,sh.688081,45.9800,46.3200,45.7200,46.1000,321507,14797860.0000,3
2020-02-28,20200228150000000,sh.688081,46.0700,46.5700,45.1800,45.3400,502818,23031237.0000,3
2020-03-02,20200302103000000,sh.688081,46.0300,46.5600,45.7000,46.4800,491443,22706938.0000,3
2020-03-02,20200302113000000,sh.688081,46.5000,47.1400,46.5000,47.0900,324140,15201027.0000,3
2020-03-02,20200302140000000,sh.688081,47.1000,47.4000,47.0100,47.3000,279981,13218129.0000,3
2020-03-02,20200302150000000,sh.688081,47.3100,47.7500,47.2200,47.3900,410643,19480893.0000,3
2020-03-03,20200303103000000,sh.688081,48.1000,49.4000,48.0000,49.1000,712535,34673583.0000,3
2020-03-03,20200303113000000,sh.688081,49.1000,49.7700,48.6300,48.6500,381507,18830873.0000,3
2020-03-03,20200303140000000,sh.688081,48.6500,48.8000,47.5900,47.6200,436842,21043116.0000,3
2020-03-03,20200303150000000,sh.688081,47.6200,47.8300,47.3300,47.5400,340863,16206734.0000,3
2020-03-04,20200304103000000,sh.688081,47.0000,49.0500,46.5000,48.7300,699876,33614669.0000,3
2020-03-04,20200304113000000,sh.688081,48.7300,48.7300,47.8200,48.1800,217247,10485567.0000,3
2020-03-04,20200304140000000,sh.688081,48.0500,48.0500,47.0000,47.6600,288197,13716007.0000,3
2020-03-04,20200304150000000,sh.688081,47.6600,48.5000,47.4800,48.4900,226125,10891369.0000,3
2020-03-05,20200305103000000,sh.688081,48.8800,49.4800,48.0200,48.4300,513658,25015174.0000,3
2020-03-05,20200305113000000,sh.688081,48.4300,48.4900,47.8000,48.0200,272977,13135758.0000,3
2020-03-05,20200305140000000,sh.688081,48.4700,48.5800,48.0300,48.2200,240634,11630096.0000,3
2020-03-05,20200305150000000,sh.688081,48.2000,48.5300,48.1900,48.3100,264619,12787507.0000,3
2020-03-06,20200306103000000,sh.688081,47.5000,48.5500,47.0100,48.2800,321778,15515155.0000,3
2020-03-06,20200306113000000,sh.688081,48.2800,48.6500,48.2000,48.5300,256262,12416772.0000,3
2020-03-06,20200306140000000,sh.688081,48.5400,48.7000,48.3000,48.5400,217580,10558506.0000,3
2020-03-06,20200306150000000,sh.688081,48.5400,48.8800,48.2300,48.2300,214070,10374485.0000,3
2020-03-09,20200309103000000,sh.688081,47.0000,48.0000,46.8700,47.4300,330140,15631727.0000,3
2020-03-09,20200309113000000,sh.688081,47.4300,47.4300,46.4000,46.5000,328168,15347264.0000,3
2020-03-09,20200309140000000,sh.688081,46.4800,46.5000,45.7900,46.2700,232300,10708089.0000,3
2020-03-09,20200309150000000,sh.688081,46.2700,46.5300,45.4700,45.5600,309536,14174425.0000,3
2020-03-10,20200310103000000,sh.688081,45.0000,45.9500,44.8800,45.2500,399533,18161770.0000,3
2020-03-10,20200310113000000,sh.688081,45.2500,46.6000,44.7300,46.4200,291474,13305235.0000,3
2020-03-10,20200310140000000,sh.688081,48.1000,53.0400,48.1000,49.0500,1293896,64385880.0000,3
2020-03-10,20200310150000000,sh.688081,49.0500,49.5800,49.0100,49.2300,280099,13814610.0000,3
2020-03-11,20200311103000000,sh.688081,48.9500,52.3000,48.9100,51.7200,1908831,97348175.0000,3
2020-03-11,20200311113000000,sh.688081,51.7200,51.7200,50.1000,50.2100,458195,23258334.0000,3
2020-03-11,20200311140000000,sh.688081,50.2400,50.3200,49.4900,49.5000,231647,11557214.0000,3
2020-03-11,20200311150000000,sh.688081,49.5000,49.8000,48.8400,48.9100,268385,13228695.0000,3
2020-03-12,20200312103000000,sh.688081,47.6300,48.7900,45.8900,46.5400,1083557,50613340.0000,3
2020-03-12,20200312113000000,sh.688081,46.5400,47.0200,46.3000,46.7000,192982,9002119.0000,3
2020-03-12,20200312140000000,sh.688081,46.6200,46.8000,45.9800,46.4900,170533,7893531.0000,3
2020-03-12,20200312150000000,sh.688081,46.4900,46.6400,46.0000,46.4500,261283,12110259.0000,3
2020-03-13,20200313103000000,sh.688081,43.9500,44.8000,43.4500,44.7000,878706,38708513.0000,3
2020-03-13,20200313113000000,sh.688081,44.7000,44.8800,44.2300,44.2600,211727,9454296.0000,3
2020-03-13,20200313140000000,sh.688081,44.3300,46.0900,44.3300,45.2800,279558,12700572.0000,3
2020-03-13,20200313150000000,sh.688081,45.2800,45.5700,45.0800,45.5000,299960,13604895.0000,3
2020-03-16,20200316103000000,sh.688081,46.0200,46.0800,44.8800,45.3000,487652,22280485.0000,3
2020-03-16,20200316113000000,sh.688081,45.3000,45.8100,45.0600,45.3700,208790,9500463.0000,3
2020-03-16,20200316140000000,sh.688081,45.1700,45.2800,43.9100,44.0200,277773,12356188.0000,3
2020-03-16,20200316150000000,sh.688081,44.0200,44.2100,43.0400,43.1000,472237,20585813.0000,3
2020-03-17,20200317103000000,sh.688081,43.8800,44.5000,42.2600,43.0200,408759,17636077.0000,3
2020-03-17,20200317113000000,sh.688081,43.0200,44.1900,42.8900,44.1900,296216,12912533.0000,3
2020-03-17,20200317140000000,sh.688081,44.2000,44.3700,43.0000,43.2700,164287,7182023.0000,3
2020-03-17,20200317150000000,sh.688081,43.2800,43.7500,43.0400,43.7500,198451,8614876.0000,3
2020-03-18,20200318103000000,sh.688081,43.8500,44.5900,43.8500,44.0300,369204,16328591.0000,3
2020-03-18,20200318113000000,sh.688081,44.0300,44.6000,43.9500,44.5200,154329,6837209.0000,3
2020-03-18,20200318140000000,sh.688081,44.5200,44.6400,43.2100,43.7200,259286,11375098.0000,3
2020-03-18,20200318150000000,sh.688081,43.7200,43.7200,42.8700,43.0200,220750,9530825.0000,3
2020-03-19,20200319103000000,sh.688081,43.1000,43.3900,42.4000,43.0900,353931,15161229.0000,3
2020-03-19,20200319113000000,sh.688081,43.0700,43.2100,42.5200,43.1700,172194,7386698.0000,3
2020-03-19,20200319140000000,sh.688081,43.1800,43.8800,42.8700,43.5300,163071,7078659.0000,3
2020-03-19,20200319150000000,sh.688081,43.6000,44.1000,43.4800,43.6600,156947,6863660.0000,3
2020-03-20,20200320103000000,sh.688081,44.0000,44.7900,43.9700,44.1000,361677,16026074.0000,3
2020-03-20,20200320113000000,sh.688081,44.1000,44.1000,43.2300,43.4800,156367,6834833.0000,3
2020-03-20,20200320140000000,sh.688081,43.3600,43.7700,43.1400,43.5600,69965,3043036.0000,3
2020-03-20,20200320150000000,sh.688081,43.5600,43.9800,43.5100,43.8800,148913,6523751.0000,3
2020-03-23,20200323103000000,sh.688081,43.1000,43.1000,41.8900,42.2700,449187,19085228.0000,3
2020-03-23,20200323113000000,sh.688081,42.2700,42.7000,42.1300,42.7000,135414,5726883.0000,3
2020-03-23,20200323140000000,sh.688081,42.7000,42.8000,41.8800,41.9200,121316,5104112.0000,3
2020-03-23,20200323150000000,sh.688081,41.9200,42.2000,41.0100,41.1800,243744,10116522.0000,3
2020-03-24,20200324103000000,sh.688081,42.0000,42.3500,41.6600,41.8300,178957,7522080.0000,3
2020-03-24,20200324113000000,sh.688081,41.8300,41.9700,41.5200,41.9000,72611,3029883.0000,3
2020-03-24,20200324140000000,sh.688081,42.3900,43.1500,41.5000,42.0600,363141,15352779.0000,3
2020-03-24,20200324150000000,sh.688081,42.0600,42.4700,42.0000,42.2700,126532,5343402.0000,3
2020-03-25,20200325103000000,sh.688081,43.0000,43.9600,43.0000,43.2000,407574,17722349.0000,3
2020-03-25,20200325113000000,sh.688081,43.2000,43.2100,43.0000,43.0100,107535,4636754.0000,3
2020-03-25,20200325140000000,sh.688081,43.0000,43.3100,42.7100,43.3100,89628,3851801.0000,3
2020-03-25,20200325150000000,sh.688081,43.3100,43.3100,42.9600,43.1400,102941,4432355.0000,3
2020-03-26,20200326103000000,sh.688081,42.9200,42.9200,41.7800,42.5500,151985,6451751.0000,3
2020-03-26,20200326113000000,sh.688081,42.5500,43.3300,42.3100,42.8300,113814,4873065.0000,3
2020-03-26,20200326140000000,sh.688081,42.8300,42.9800,42.1100,42.1700,68574,2919775.0000,3
2020-03-26,20200326150000000,sh.688081,42.2100,42.4600,41.9900,42.2200,127501,5382608.0000,3
2020-03-27,20200327103000000,sh.688081,42.9900,43.7700,42.5100,43.3800,404826,17482192.0000,3
2020-03-27,20200327113000000,sh.688081,43.4000,43.7600,43.1100,43.5100,158843,6891336.0000,3
2020-03-27,20200327140000000,sh.688081,43.5900,43.7200,43.0400,43.1900,77450,3356861.0000,3
2020-03-27,20200327150000000,sh.688081,43.1100,43.1100,42.3100,42.4100,167901,7160040.0000,3
2020-03-30,20200330103000000,sh.688081,41.7800,41.7800,39.1100,39.5800,606422,24145679.0000,3
2020-03-30,20200330113000000,sh.688081,39.5600,39.7100,39.0800,39.2200,150179,5912489.0000,3
2020-03-30,20200330140000000,sh.688081,39.2200,40.2300,39.2200,40.1400,149312,5941130.0000,3
2020-03-30,20200330150000000,sh.688081,40.1400,40.2400,39.2300,39.6600,197159,7821473.0000,3
2020-03-31,20200331103000000,sh.688081,39.4100,40.4000,39.4100,39.7100,226785,9056960.0000,3
2020-03-31,20200331113000000,sh.688081,39.7100,39.9200,39.4000,39.5900,111528,4420954.0000,3
2020-03-31,20200331140000000,sh.688081,39.2700,39.4300,38.8400,38.9800,177866,6951689.0000,3
2020-03-31,20200331150000000,sh.688081,38.9300,39.1100,38.6600,38.9900,174855,6806992.0000,3
2020-04-01,20200401103000000,sh.688081,38.8500,39.6600,38.6600,39.4300,230539,9058802.0000,3
2020-04-01,20200401113000000,sh.688081,39.4300,39.7500,39.4200,39.5100,85634,3391493.0000,3
2020-04-01,20200401140000000,sh.688081,39.5100,39.6500,38.9500,38.9700,70485,2766873.0000,3
2020-04-01,20200401150000000,sh.688081,38.9700,39.0900,38.7200,38.9500,134232,5222615.0000,3
2020-04-02,20200402103000000,sh.688081,38.6700,39.4600,38.6600,39.1600,154884,6054986.0000,3
2020-04-02,20200402113000000,sh.688081,39.1600,39.5400,39.0500,39.4900,136206,5351490.0000,3
2020-04-02,20200402140000000,sh.688081,39.5000,39.5100,39.2000,39.5100,74858,2947073.0000,3
2020-04-02,20200402150000000,sh.688081,39.5100,40.3500,39.4600,40.0300,235496,9389208.0000,3
2020-04-03,20200403103000000,sh.688081,40.0000,40.4500,39.8100,39.9200,254285,10188624.0000,3
2020-04-03,20200403113000000,sh.688081,39.9200,40.1000,39.6300,39.7900,94287,3760565.0000,3
2020-04-03,20200403140000000,sh.688081,39.7900,39.7900,39.4000,39.4000,69665,2757117.0000,3
2020-04-03,20200403150000000,sh.688081,39.4000,39.4900,39.1200,39.2800,128299,5047175.0000,3
2020-04-07,20200407103000000,sh.688081,40.4800,40.6500,40.0000,40.4000,346635,13990784.0000,3
2020-04-07,20200407113000000,sh.688081,40.4400,40.5300,40.3900,40.5200,86683,3505972.0000,3
2020-04-07,20200407140000000,sh.688081,40.5200,40.9600,40.4500,40.8000,150830,6140037.0000,3
2020-04-07,20200407150000000,sh.688081,40.7800,41.1100,40.7000,40.9700,199214,8157953.0000,3
2020-04-08,20200408103000000,sh.688081,40.7000,41.2000,40.6100,41.1100,227177,9279933.0000,3
2020-04-08,20200408113000000,sh.688081,41.1100,42.0100,40.9200,42.0000,208932,8647692.0000,3
2020-04-08,20200408140000000,sh.688081,42.0000,42.2400,41.3700,41.8000,141972,5952598.0000,3
2020-04-08,20200408150000000,sh.688081,41.8000,41.8000,41.2300,41.2400,121191,5011043.0000,3
2020-04-09,20200409103000000,sh.688081,41.4800,41.8800,41.2100,41.2800,150341,6230244.0000,3
2020-04-09,20200409113000000,sh.688081,41.2800,41.4500,41.1200,41.1500,77957,3215126.0000,3
2020-04-09,20200409140000000,sh.688081,41.1700,41.3000,40.9000,41.0800,99015,4060476.0000,3
2020-04-09,20200409150000000,sh.688081,41.0800,41.2400,40.9500,40.9500,135511,5569184.0000,3
2020-04-10,20200410103000000,sh.688081,41.0800,41.0800,40.2000,40.4200,124567,5046803.0000,3
2020-04-10,20200410113000000,sh.688081,40.4200,40.5500,40.1400,40.2500,166117,6699501.0000,3
2020-04-10,20200410140000000,sh.688081,40.2500,40.3800,39.7000,39.9600,130348,5212771.0000,3
2020-04-10,20200410150000000,sh.688081,39.9600,40.3100,39.7600,40.1100,109910,4400931.0000,3
2020-04-13,20200413103000000,sh.688081,39.9100,40.0000,39.3900,39.8700,92932,3687183.0000,3
2020-04-13,20200413113000000,sh.688081,39.8600,39.9800,39.7000,39.9100,27541,1096881.0000,3
2020-04-13,20200413140000000,sh.688081,39.9100,39.9100,39.2700,39.5100,50935,2016333.0000,3
2020-04-13,20200413150000000,sh.688081,39.5100,39.6500,39.3300,39.5600,86792,3428605.0000,3
2020-04-14,20200414103000000,sh.688081,39.7000,40.1500,39.6900,39.9100,100354,4000733.0000,3
2020-04-14,20200414113000000,sh.688081,39.9100,40.0000,39.8800,39.9100,41287,1648230.0000,3
2020-04-14,20200414140000000,sh.688081,39.9100,40.1800,39.8100,40.1100,54961,2199456.0000,3
2020-04-14,20200414150000000,sh.688081,40.1100,40.1600,39.9100,40.0600,136374,5460191.0000,3
2020-04-15,20200415103000000,sh.688081,40.1900,40.3800,40.0500,40.2800,89645,3601796.0000,3
2020-04-15,20200415113000000,sh.688081,40.2800,40.4100,40.0600,40.3800,94553,3802479.0000,3
2020-04-15,20200415140000000,sh.688081,40.3800,40.4000,40.0700,40.0900,106418,4278422.0000,3
2020-04-15,20200415150000000,sh.688081,40.0900,40.0900,39.9000,40.0000,163702,6540124.0000,3
2020-04-16,20200416103000000,sh.688081,40.2300,40.2300,39.6900,39.9100,87376,3487093.0000,3
2020-04-16,20200416113000000,sh.688081,39.9100,40.0600,39.5500,39.6000,81991,3263091.0000,3
2020-04-16,20200416140000000,sh.688081,39.5500,39.8000,39.4500,39.6600,137791,5457812.0000,3
2020-04-16,20200416150000000,sh.688081,39.6600,39.9100,39.6400,39.7400,112313,4463624.0000,3
2020-04-17,20200417103000000,sh.688081,40.0000,40.4100,39.8900,40.2800,168355,6762862.0000,3
2020-04-17,20200417113000000,sh.688081,40.2800,40.3400,40.0100,40.1500,54864,2204257.0000,3
2020-04-17,20200417140000000,sh.688081,40.1600,40.1700,40.0000,40.0600,102234,4096820.0000,3
2020-04-17,20200417150000000,sh.688081,40.0600,40.1800,39.7700,39.9000,133083,5322549.0000,3
2020-04-20,20200420103000000,sh.688081,40.0000,40.2800,39.8800,40.0900,62861,2513864.0000,3
2020-04-20,20200420113000000,sh.688081,40.0900,40.0900,39.8200,40.0800,67140,2682278.0000,3
2020-04-20,20200420140000000,sh.688081,40.0900,40.1500,39.9000,39.9100,37787,1512141.0000,3
2020-04-20,20200420150000000,sh.688081,39.9100,40.3600,39.9100,40.3600,118539,4761820.0000,3
2020-04-21,20200421103000000,sh.688081,40.2400,40.7600,39.8700,40.6900,247864,9992972.0000,3
2020-04-21,20200421113000000,sh.688081,40.6600,41.3300,40.5200,40.9600,313029,12825851.0000,3
2020-04-21,20200421140000000,sh.688081,40.9500,41.0600,40.1400,40.7400,139593,5679356.0000,3
2020-04-21,20200421150000000,sh.688081,40.7400,40.9000,40.4900,40.7600,101685,4143497.0000,3
2020-04-22,20200422103000000,sh.688081,40.5000,40.8500,40.3100,40.8500,127804,5184352.0000,3
2020-04-22,20200422113000000,sh.688081,40.8200,40.9800,40.7000,40.7000,91804,3747577.0000,3
2020-04-22,20200422140000000,sh.688081,40.7000,41.0800,40.7000,41.0700,77033,3157108.0000,3
2020-04-22,20200422150000000,sh.688081,41.0700,41.2500,40.9000,41.2000,149640,6158300.0000,3
2020-04-23,20200423103000000,sh.688081,41.2000,41.4300,41.0100,41.0300,183194,7546867.0000,3
2020-04-23,20200423113000000,sh.688081,41.0300,42.0000,41.0300,41.6500,203403,8471094.0000,3
2020-04-23,20200423140000000,sh.688081,41.6500,42.0700,41.6500,41.8700,128854,5398760.0000,3
2020-04-23,20200423150000000,sh.688081,41.8700,41.8900,41.3800,41.6400,120540,5019380.0000,3
2020-04-24,20200424103000000,sh.688081,41.2800,41.5400,40.6300,40.7500,201241,8258619.0000,3
2020-04-24,20200424113000000,sh.688081,40.7500,41.8400,40.7500,41.6700,80236,3318091.0000,3
2020-04-24,20200424140000000,sh.688081,41.6700,41.6700,41.0000,41.1000,80571,3318837.0000,3
2020-04-24,20200424150000000,sh.688081,41.1000,41.3300,40.9000,41.2000,183221,7528387.0000,3
2020-04-27,20200427103000000,sh.688081,41.0000,41.5000,40.8100,41.1800,110384,4546628.0000,3
2020-04-27,20200427113000000,sh.688081,41.1800,41.4400,41.0200,41.0500,79495,3271510.0000,3
2020-04-27,20200427140000000,sh.688081,41.0500,41.0900,40.8000,40.8500,94314,3858080.0000,3
2020-04-27,20200427150000000,sh.688081,40.8500,40.9400,40.5800,40.7300,127932,5204911.0000,3
2020-04-28,20200428103000000,sh.688081,39.7300,40.2800,35.0400,36.5900,674030,25283479.0000,3
2020-04-28,20200428113000000,sh.688081,36.5900,37.6100,36.5900,37.5600,196618,7337134.0000,3
2020-04-28,20200428140000000,sh.688081,37.6000,37.6000,36.8800,36.9800,137092,5092248.0000,3
2020-04-28,20200428150000000,sh.688081,36.9800,37.0000,36.4000,36.6700,182539,6698913.0000,3
2020-04-29,20200429103000000,sh.688081,36.4700,36.9000,36.4700,36.7900,241580,8876230.0000,3
2020-04-29,20200429113000000,sh.688081,36.7900,36.7900,35.8300,36.3900,261062,9513490.0000,3
2020-04-29,20200429140000000,sh.688081,36.3900,36.4800,36.2100,36.4800,94892,3449650.0000,3
2020-04-29,20200429150000000,sh.688081,36.4800,36.5000,36.2200,36.3700,68389,2484175.0000,3
2020-04-30,20200430103000000,sh.688081,36.8400,37.7400,36.8400,37.5600,349922,13083496.0000,3
2020-04-30,20200430113000000,sh.688081,37.5600,38.0100,37.5100,37.9600,131222,4963024.0000,3
2020-04-30,20200430140000000,sh.688081,38.0600,38.7800,37.8200,38.6000,149197,5709823.0000,3
2020-04-30,20200430150000000,sh.688081,38.6600,39.2500,38.4700,38.9200,235440,9139557.0000,3
2020-05-06,20200506103000000,sh.688081,37.9000,39.4000,37.9000,39.4000,292879,11311355.0000,3
2020-05-06,20200506113000000,sh.688081,39.4000,40.9200,39.4000,40.9200,288909,11661862.0000,3
2020-05-06,20200506140000000,sh.688081,41.0000,41.0000,40.6900,40.8900,121347,4954955.0000,3
2020-05-06,20200506150000000,sh.688081,40.8900,41.8800,40.8900,41.8300,402043,16684041.0000,3
2020-05-07,20200507103000000,sh.688081,41.7000,42.6500,41.0900,41.8800,466231,19499581.0000,3
2020-05-07,20200507113000000,sh.688081,41.8800,42.1800,41.8500,41.9300,91999,3862290.0000,3
2020-05-07,20200507140000000,sh.688081,41.9200,42.1000,41.1000,41.3200,132054,5475427.0000,3
2020-05-07,20200507150000000,sh.688081,41.3200,41.5700,41.0000,41.1800,196390,8098345.0000,3
2020-05-08,20200508103000000,sh.688081,41.1600,42.6500,41.1300,41.8000,365050,15303814.0000,3
2020-05-08,20200508113000000,sh.688081,41.8000,41.8000,41.2700,41.5000,85017,3520431.0000,3
2020-05-08,20200508140000000,sh.688081,41.5000,41.6000,40.7000,40.8900,187449,7720373.0000,3
2020-05-08,20200508150000000,sh.688081,40.8900,41.0900,40.5900,40.9900,216905,8853066.0000,3
2020-05-11,20200511103000000,sh.688081,41.1700,41.6800,41.0000,41.4600,259232,10723866.0000,3
2020-05-11,20200511113000000,sh.688081,41.4600,42.3800,41.4200,41.4200,182786,7654330.0000,3
2020-05-11,20200511140000000,sh.688081,41.4300,41.4900,41.0800,41.2400,105563,4362057.0000,3
2020-05-11,20200511150000000,sh.688081,41.2400,41.3500,41.0000,41.3100,116999,4816163.0000,3
2020-05-12,20200512103000000,sh.688081,42.1000,42.3100,41.2300,41.3500,269064,11217622.0000,3
2020-05-12,20200512113000000,sh.688081,41.3500,41.4800,40.7400,40.9900,115987,4768851.0000,3
2020-05-12,20200512140000000,sh.688081,40.7600,41.2700,40.5100,41.2500,89436,3655599.0000,3
2020-05-12,20200512150000000,sh.688081,41.2500,41.5600,40.9200,41.5600,142099,5873298.0000,3
2020-05-13,20200513103000000,sh.688081,41.0100,41.5700,40.9800,41.1200,241405,9956666.0000,3
2020-05-13,20200513113000000,sh.688081,41.1200,41.4000,41.0000,41.3000,119183,4910742.0000,3
2020-05-13,20200513140000000,sh.688081,41.3000,41.9700,41.3000,41.5600,180388,7515594.0000,3
2020-05-13,20200513150000000,sh.688081,41.5600,41.8800,41.4600,41.4600,130323,5427682.0000,3
2020-05-14,20200514103000000,sh.688081,41.3100,42.1300,41.3100,41.9000,254935,10658872.0000,3
2020-05-14,20200514113000000,sh.688081,41.9000,41.9000,41.5600,41.8500,129901,5417212.0000,3
2020-05-14,20200514140000000,sh.688081,41.8800,42.9900,41.8000,42.8000,486570,20719278.0000,3
2020-05-14,20200514150000000,sh.688081,42.8000,42.8000,42.0900,42.1000,253387,10744983.0000,3
2020-05-15,20200515103000000,sh.688081,42.5000,42.5700,41.7000,42.1300,240427,10114767.0000,3
2020-05-15,20200515113000000,sh.688081,42.1300,42.6600,41.8200,42.6200,164617,6940359.0000,3
2020-05-15,20200515140000000,sh.688081,42.6200,42.8700,42.2100,42.3300,223825,9518321.0000,3
2020-05-15,20200515150000000,sh.688081,42.3300,42.4700,42.1100,42.2900,190932,8073054.0000,3
2020-05-18,20200518103000000,sh.688081,42.4800,43.5500,41.8700,43.2500,388459,16604679.0000,3
2020-05-18,20200518113000000,sh.688081,43.2500,43.3800,42.7500,42.8300,174044,7481850.0000,3
2020-05-18,20200518140000000,sh.688081,42.8300,43.1800,42.6500,43.1000,157477,6758138.0000,3
2020-05-18,20200518150000000,sh.688081,43.1200,43.2000,42.4300,42.5900,228697,9779228.0000,3
2020-05-19,20200519103000000,sh.688081,43.0000,43.3200,42.2000,42.6100,245304,10430609.0000,3
2020-05-19,20200519113000000,sh.688081,42.6100,42.7400,42.4000,42.4000,64863,2761537.0000,3
2020-05-19,20200519140000000,sh.688081,42.4000,42.7000,42.4000,42.7000,141589,6028128.0000,3
2020-05-19,20200519150000000,sh.688081,42.7000,42.9800,42.6300,42.7400,201512,8621319.0000,3
2020-05-20,20200520103000000,sh.688081,43.0800,43.9000,42.6600,43.7300,407933,17731198.0000,3
2020-05-20,20200520113000000,sh.688081,43.7300,43.7300,42.9200,42.9300,167907,7274576.0000,3
2020-05-20,20200520140000000,sh.688081,42.9400,43.2800,42.9200,42.9500,102907,4433251.0000,3
2020-05-20,20200520150000000,sh.688081,42.9500,42.9500,42.4200,42.9100,208539,8912105.0000,3
2020-05-21,20200521103000000,sh.688081,42.8000,43.4500,42.4200,42.4300,212837,9113639.0000,3
2020-05-21,20200521113000000,sh.688081,42.4400,42.7000,42.0800,42.0900,126532,5352961.0000,3
2020-05-21,20200521140000000,sh.688081,42.0900,42.1800,41.4200,41.6200,189970,7920763.0000,3
2020-05-21,20200521150000000,sh.688081,41.6200,41.6700,41.1400,41.3200,220852,9126131.0000,3
2020-05-22,20200522103000000,sh.688081,41.1500,41.7600,41.0200,41.0400,172213,7134191.0000,3
2020-05-22,20200522113000000,sh.688081,41.0400,41.2200,40.7600,40.7700,119076,4878230.0000,3
2020-05-22,20200522140000000,sh.688081,40.7700,40.9500,39.8100,39.9500,263466,10604292.0000,3
2020-05-22,20200522150000000,sh.688081,39.9500,40.4900,39.9400,40.1200,143307,5749895.0000,3
2020-05-25,20200525103000000,sh.688081,40.5000,41.8100,40.3400,41.0200,472881,19527286.0000,3
2020-05-25,20200525113000000,sh.688081,41.0200,41.0200,40.2300,40.5000,94049,3825154.0000,3
2020-05-25,20200525140000000,sh.688081,40.5000,40.6600,40.2200,40.3100,57694,2333221.0000,3
2020-05-25,20200525150000000,sh.688081,40.3100,40.5300,40.0600,40.2100,97133,3911597.0000,3
2020-05-26,20200526103000000,sh.688081,40.4800,41.6000,40.2500,40.6800,324355,13279115.0000,3
2020-05-26,20200526113000000,sh.688081,40.6800,41.2400,40.5200,40.9000,74123,3023074.0000,3
2020-05-26,20200526140000000,sh.688081,41.1700,41.5400,41.0100,41.5000,127244,5261366.0000,3
2020-05-26,20200526150000000,sh.688081,41.4600,41.7100,41.4200,41.6600,268264,11152848.0000,3
2020-05-27,20200527103000000,sh.688081,41.8800,41.9700,41.3300,41.8600,266254,11092691.0000,3
2020-05-27,20200527113000000,sh.688081,41.8600,41.9200,41.5600,41.5600,75592,3153942.0000,3
2020-05-27,20200527140000000,sh.688081,41.5600,41.6800,41.5400,41.5700,89186,3709836.0000,3
2020-05-27,20200527150000000,sh.688081,41.5700,41.6500,41.0100,41.1800,173925,7178844.0000,3
2020-05-28,20200528103000000,sh.688081,41.3300,41.6900,40.6000,40.8300,201303,8299670.0000,3
2020-05-28,20200528113000000,sh.688081,40.8300,41.0300,40.0900,40.1700,117834,4785464.0000,3
2020-05-28,20200528140000000,sh.688081,40.1800,40.3600,39.9000,39.9600,123392,4946854.0000,3
2020-05-28,20200528150000000,sh.688081,39.9600,40.7000,39.9600,40.4000,140199,5648866.0000,3
2020-05-29,20200529103000000,sh.688081,40.2900,40.8300,40.1300,40.7300,101480,4113672.0000,3
2020-05-29,20200529113000000,sh.688081,40.7300,41.3400,40.6200,41.0300,199791,8205275.0000,3
2020-05-29,20200529140000000,sh.688081,40.9800,41.1200,40.7000,40.9900,106050,4337366.0000,3
2020-05-29,20200529150000000,sh.688081,40.9900,40.9900,40.6600,40.8200,96613,3939333.0000,3
2020-06-01,20200601103000000,sh.688081,40.9500,42.2700,40.9500,42.0100,314076,13141929.0000,3
2020-06-01,20200601113000000,sh.688081,42.0100,42.6100,42.0100,42.5500,145160,6141775.0000,3
2020-06-01,20200601140000000,sh.688081,42.5900,42.9500,42.5500,42.9400,202678,8677335.0000,3
2020-06-01,20200601150000000,sh.688081,42.9500,42.9600,42.5200,42.8100,194668,8319617.0000,3
2020-06-02,20200602103000000,sh.688081,42.7600,43.5800,42.5500,43.1500,314233,13564390.0000,3
2020-06-02,20200602113000000,sh.688081,43.1500,43.8600,43.0000,43.3000,354708,15404632.0000,3
2020-06-02,20200602140000000,sh.688081,43.2100,43.7300,43.2000,43.6600,149563,6511751.0000,3
2020-06-02,20200602150000000,sh.688081,43.6700,43.7500,43.4400,43.6100,213712,9311377.0000,3
2020-06-03,20200603103000000,sh.688081,43.3000,43.7000,42.7200,42.7400,382930,16469308.0000,3
2020-06-03,20200603113000000,sh.688081,42.7500,43.3800,42.7300,43.1800,136563,5869328.0000,3
2020-06-03,20200603140000000,sh.688081,43.1800,43.2900,42.8900,42.9100,176577,7608034.0000,3
2020-06-03,20200603150000000,sh.688081,42.9100,43.1000,42.6000,42.6800,183756,7864518.0000,3
2020-06-04,20200604103000000,sh.688081,42.8800,44.1200,42.6800,43.9300,435598,18891223.0000,3
2020-06-04,20200604113000000,sh.688081,43.9300,44.1000,43.1300,43.2500,172525,7538327.0000,3
2020-06-04,20200604140000000,sh.688081,43.2500,44.4200,43.2100,44.1000,466369,20508735.0000,3
2020-06-04,20200604150000000,sh.688081,44.1200,44.5700,44.1200,44.2600,357784,15888435.0000,3
2020-06-05,20200605103000000,sh.688081,47.0000,50.8000,46.8000,48.9300,2674928,129669727.0000,3
2020-06-05,20200605113000000,sh.688081,48.9300,50.2800,48.9300,50.1600,643148,31892961.0000,3
2020-06-05,20200605140000000,sh.688081,50.1800,52.0000,49.7200,50.6600,1070788,54438358.0000,3
2020-06-05,20200605150000000,sh.688081,50.6600,51.2500,49.4100,50.5600,899690,45171260.0000,3
2020-06-08,20200608103000000,sh.688081,47.8000,48.0000,46.1100,46.9500,1976030,93195270.0000,3
2020-06-08,20200608113000000,sh.688081,46.9500,46.9600,46.1100,46.2300,596721,27755274.0000,3
2020-06-08,20200608140000000,sh.688081,46.2700,46.3000,45.5100,46.0000,413254,19024757.0000,3
2020-06-08,20200608150000000,sh.688081,46.0000,46.4100,45.5300,45.7000,514338,23609576.0000,3
2020-06-09,20200609103000000,sh.688081,45.2000,45.5000,44.0300,44.3200,1084086,48321846.0000,3
2020-06-09,20200609113000000,sh.688081,44.3200,44.4000,44.0100,44.3500,231039,10207578.0000,3
2020-06-09,20200609140000000,sh.688081,44.3500,44.4000,44.1600,44.1600,123827,5484447.0000,3
2020-06-09,20200609150000000,sh.688081,44.1600,44.3200,44.0200,44.2600,268216,11850013.0000,3
2020-06-10,20200610103000000,sh.688081,44.1200,44.8700,43.8500,44.5000,509825,22699558.0000,3
2020-06-10,20200610113000000,sh.688081,44.5800,44.6500,44.3100,44.6100,137735,6130666.0000,3
2020-06-10,20200610140000000,sh.688081,44.6200,44.6200,44.3100,44.4600,92903,4128552.0000,3
2020-06-10,20200610150000000,sh.688081,44.4400,44.6900,44.2600,44.6900,279031,12423402.0000,3
2020-06-11,20200611103000000,sh.688081,44.6900,44.9000,44.0700,44.2400,391073,17314188.0000,3
2020-06-11,20200611113000000,sh.688081,44.2400,44.7800,44.2400,44.6800,165403,7365198.0000,3
2020-06-11,20200611140000000,sh.688081,44.6900,44.7800,43.8700,43.8900,250213,11044635.0000,3
2020-06-11,20200611150000000,sh.688081,43.8900,43.9000,42.9700,43.2500,528994,22923709.0000,3
2020-06-12,20200612103000000,sh.688081,41.8000,42.5500,41.6700,42.2600,531955,22405349.0000,3
2020-06-12,20200612113000000,sh.688081,42.2600,42.6800,42.1800,42.5600,103637,4401018.0000,3
2020-06-12,20200612140000000,sh.688081,42.5900,42.9300,42.3400,42.8800,148992,6361984.0000,3
2020-06-12,20200612150000000,sh.688081,42.8800,43.1300,42.4700,42.5800,235819,10082368.0000,3
2020-06-15,20200615103000000,sh.688081,42.1300,43.3000,42.1300,43.3000,250873,10770833.0000,3
2020-06-15,20200615113000000,sh.688081,43.3000,43.6700,43.2300,43.4100,169390,7364373.0000,3
2020-06-15,20200615140000000,sh.688081,43.4500,43.5200,42.4900,42.4900,158210,6794422.0000,3
2020-06-15,20200615150000000,sh.688081,42.4900,42.8400,42.2500,42.3800,232857,9893706.0000,3
2020-06-16,20200616103000000,sh.688081,42.9600,43.2500,42.7000,42.9000,171280,7358568.0000,3
2020-06-16,20200616113000000,sh.688081,42.9000,43.0500,42.5800,42.6200,199960,8543506.0000,3
2020-06-16,20200616140000000,sh.688081,42.6200,43.5000,42.6000,43.4200,200962,8639087.0000,3
2020-06-16,20200616150000000,sh.688081,43.3700,43.4900,43.2100,43.4800,235002,10198460.0000,3
2020-06-17,20200617103000000,sh.688081,44.1500,45.8000,44.1200,44.3900,926238,41663909.0000,3
2020-06-17,20200617113000000,sh.688081,44.3900,44.9400,44.3200,44.9200,214129,9551863.0000,3
2020-06-17,20200617140000000,sh.688081,44.9400,45.1100,44.7400,44.8300,156658,7039020.0000,3
2020-06-17,20200617150000000,sh.688081,44.8300,45.0000,44.4000,44.6900,257401,11488138.0000,3
2020-06-18,20200618103000000,sh.688081,44.1500,44.1800,43.3600,43.5400,699628,30533140.0000,3
2020-06-18,20200618113000000,sh.688081,43.5400,43.8800,43.4000,43.6200,144703,6300711.0000,3
2020-06-18,20200618140000000,sh.688081,43.6200,43.8700,43.6100,43.7100,155848,6819685.0000,3
2020-06-18,20200618150000000,sh.688081,43.6900,44.1300,43.5800,43.6100,163079,7135070.0000,3
2020-06-19,20200619103000000,sh.688081,43.6300,43.9900,43.4100,43.9900,226203,9869884.0000,3
2020-06-19,20200619113000000,sh.688081,44.0500,44.3700,43.7500,43.9300,232805,10265056.0000,3
2020-06-19,20200619140000000,sh.688081,43.9400,44.1200,43.7700,43.9700,123125,5415086.0000,3
2020-06-19,20200619150000000,sh.688081,43.9700,44.0000,43.7000,43.8700,188614,8265491.0000,3
2020-06-22,20200622103000000,sh.688081,43.6300,44.6600,43.6300,44.5100,493567,21893446.0000,3
2020-06-22,20200622113000000,sh.688081,44.5100,44.5800,44.0700,44.3400,155187,6885405.0000,3
2020-06-22,20200622140000000,sh.688081,44.3900,44.5800,43.8000,43.9400,246244,10879423.0000,3
2020-06-22,20200622150000000,sh.688081,43.9400,44.1800,43.7700,44.1300,271473,11926933.0000,3
2020-06-23,20200623103000000,sh.688081,44.1000,44.1000,43.1900,43.4900,321651,14054100.0000,3
2020-06-23,20200623113000000,sh.688081,43.4600,43.6900,43.3600,43.4100,127674,5545686.0000,3
2020-06-23,20200623140000000,sh.688081,43.4100,43.5300,43.3000,43.4300,125065,5423988.0000,3
2020-06-23,20200623150000000,sh.688081,43.4300,43.8000,43.3800,43.7800,181152,7912778.0000,3
2020-06-24,20200624103000000,sh.688081,43.6500,43.8700,42.9000,43.0500,344291,14891727.0000,3
2020-06-24,20200624113000000,sh.688081,43.0500,43.2600,42.9100,43.0000,164306,7066703.0000,3
2020-06-24,20200624140000000,sh.688081,43.0000,43.1900,43.0000,43.0500,67416,2902833.0000,3
2020-06-24,20200624150000000,sh.688081,43.0500,43.1800,42.9800,43.0800,164699,7099426.0000,3
2020-06-29,20200629103000000,sh.688081,43.0700,43.2400,42.6900,42.8800,186743,8000365.0000,3
2020-06-29,20200629113000000,sh.688081,42.8800,43.0400,42.5600,42.5800,79800,3409237.0000,3
2020-06-29,20200629140000000,sh.688081,42.5800,42.7000,42.5000,42.5300,105451,4489915.0000,3
2020-06-29,20200629150000000,sh.688081,42.5300,42.5900,42.1500,42.2800,177188,7503521.0000,3
2020-06-30,20200630103000000,sh.688081,42.8100,42.8600,42.3000,42.8400,97829,4173354.0000,3
2020-06-30,20200630113000000,sh.688081,42.8400,42.8400,42.6000,42.8300,192775,8238498.0000,3
2020-06-30,20200630140000000,sh.688081,42.8300,42.9500,42.6800,42.6800,96241,4123593.0000,3
2020-06-30,20200630150000000,sh.688081,42.6800,42.9000,42.6300,42.8000,153962,6585908.0000,3
2020-07-01,20200701103000000,sh.688081,43.2800,43.5000,43.0100,43.1700,171867,7426777.0000,3
2020-07-01,20200701113000000,sh.688081,43.1700,43.3000,43.0200,43.1500,188582,8144316.0000,3
2020-07-01,20200701140000000,sh.688081,43.1500,43.2000,42.6200,42.7700,142943,6130919.0000,3
2020-07-01,20200701150000000,sh.688081,42.7700,43.1900,42.6500,43.0700,164691,7062388.0000,3
2020-07-02,20200702103000000,sh.688081,43.1500,43.3800,42.7400,43.2700,227898,9843341.0000,3
2020-07-02,20200702113000000,sh.688081,43.2700,43.3500,43.0400,43.0900,143509,6196026.0000,3
2020-07-02,20200702140000000,sh.688081,43.0700,43.1900,42.9000,42.9900,182964,7864829.0000,3
2020-07-02,20200702150000000,sh.688081,42.9900,43.3900,42.9900,43.2500,217215,9399680.0000,3
2020-07-03,20200703103000000,sh.688081,43.3400,43.5800,42.7800,42.8100,372014,16079988.0000,3
2020-07-03,20200703113000000,sh.688081,42.8100,43.2400,42.8100,43.2400,89905,3872323.0000,3
2020-07-03,20200703140000000,sh.688081,43.3000,43.4600,43.2500,43.4100,145285,6297117.0000,3
2020-07-03,20200703150000000,sh.688081,43.4000,43.5700,43.3300,43.3500,226465,9836555.0000,3
2020-07-06,20200706103000000,sh.688081,43.4000,44.9300,43.3000,44.6300,666072,29443260.0000,3
2020-07-06,20200706113000000,sh.688081,44.6300,45.2600,44.4200,45.1800,322699,14495768.0000,3
2020-07-06,20200706140000000,sh.688081,45.1700,45.4400,44.9800,45.0900,346908,15672879.0000,3
2020-07-06,20200706150000000,sh.688081,45.1000,45.3000,44.9300,45.1400,320594,14452032.0000,3
2020-07-07,20200707103000000,sh.688081,45.5500,46.6500,45.5500,46.5100,809787,37334618.0000,3
2020-07-07,20200707113000000,sh.688081,46.5100,47.3400,46.2200,47.0000,331419,15484411.0000,3
2020-07-07,20200707140000000,sh.688081,47.0000,47.3000,46.8600,47.1700,265056,12481593.0000,3
2020-07-07,20200707150000000,sh.688081,47.1700,47.1700,46.2300,46.4000,364571,17000130.0000,3
2020-07-08,20200708103000000,sh.688081,46.4000,46.9600,45.6500,46.0200,585211,27046662.0000,3
2020-07-08,20200708113000000,sh.688081,46.0200,47.5000,46.0200,47.4100,363524,17047965.0000,3
2020-07-08,20200708140000000,sh.688081,47.4100,47.9400,47.3100,47.5200,476881,22754140.0000,3
2020-07-08,20200708150000000,sh.688081,47.5300,47.9000,47.4500,47.5200,357865,17030258.0000,3
2020-07-09,20200709103000000,sh.688081,47.8100,49.7600,47.8100,48.7100,953865,46860220.0000,3
2020-07-09,20200709113000000,sh.688081,48.7000,49.3800,48.1000,49.3700,364180,17783523.0000,3
2020-07-09,20200709140000000,sh.688081,49.3900,50.2800,49.2100,49.3200,520481,25949702.0000,3
2020-07-09,20200709150000000,sh.688081,49.3000,49.9500,48.6200,49.9500,429389,21146545.0000,3
2020-07-10,20200710103000000,sh.688081,49.3200,49.9500,48.8600,48.8600,737020,36365604.0000,3
2020-07-10,20200710113000000,sh.688081,48.8500,48.8500,47.6800,48.4500,412041,19945883.0000,3
2020-07-10,20200710140000000,sh.688081,48.5000,48.7100,48.2200,48.5000,219165,10622725.0000,3
2020-07-10,20200710150000000,sh.688081,48.5000,48.6700,47.8300,47.8500,428538,20634795.0000,3
2020-07-13,20200713103000000,sh.688081,48.0000,48.5500,47.4100,48.3900,664358,31802704.0000,3
2020-07-13,20200713113000000,sh.688081,48.3900,48.8800,48.1100,48.8800,196926,9546750.0000,3
2020-07-13,20200713140000000,sh.688081,48.9400,49.5600,48.8900,49.1500,463922,22858850.0000,3
2020-07-13,20200713150000000,sh.688081,49.1600,49.3000,48.7300,49.0500,400492,19665193.0000,3
2020-07-14,20200714103000000,sh.688081,48.8000,51.8200,48.6900,50.8000,1139480,57497446.0000,3
2020-07-14,20200714113000000,sh.688081,50.8000,50.9500,49.6400,50.0800,387751,19456943.0000,3
2020-07-14,20200714140000000,sh.688081,50.0500,50.5000,49.1100,49.3300,385294,19141576.0000,3
2020-07-14,20200714150000000,sh.688081,49.3300,50.2000,49.1500,49.8000,402539,20008081.0000,3
2020-07-15,20200715103000000,sh.688081,50.5000,52.1500,48.8000,49.4500,1037217,52576555.0000,3
2020-07-15,20200715113000000,sh.688081,49.4500,49.4500,47.7000,48.0700,414314,20041423.0000,3
2020-07-15,20200715140000000,sh.688081,48.0800,49.2000,47.8600,49.1800,224490,10912967.0000,3
2020-07-15,20200715150000000,sh.688081,49.1800,49.2800,46.8000,46.8000,494891,23647324.0000,3
2020-07-16,20200716103000000,sh.688081,47.1000,47.3000,45.3000,45.5200,520671,24019989.0000,3
2020-07-16,20200716113000000,sh.688081,45.5100,46.2900,45.5100,45.7600,236059,10812925.0000,3
2020-07-16,20200716140000000,sh.688081,45.7600,45.8800,45.0200,45.5800,257096,11680186.0000,3
2020-07-16,20200716150000000,sh.688081,45.5800,45.9100,44.1000,44.2000,332911,14897900.0000,3
2020-07-17,20200717103000000,sh.688081,44.7500,44.9600,44.2000,44.5500,345526,15396181.0000,3
2020-07-17,20200717113000000,sh.688081,44.5500,44.9200,43.8800,43.9300,197002,8775842.0000,3
2020-07-17,20200717140000000,sh.688081,43.9200,44.2500,43.4100,44.0100,157009,6890915.0000,3
2020-07-17,20200717150000000,sh.688081,44.0100,44.4400,43.8100,44.2500,136733,6035168.0000,3
2020-07-20,20200720103000000,sh.688081,44.4100,46.2600,44.3800,45.8000,520868,23632741.0000,3
2020-07-20,20200720113000000,sh.688081,45.8900,46.1400,45.6600,45.9000,88434,4062906.0000,3
2020-07-20,20200720140000000,sh.688081,45.9000,46.1000,45.8300,45.9400,129639,5959666.0000,3
2020-07-20,20200720150000000,sh.688081,45.9400,47.3000,45.8600,47.3000,401057,18722978.0000,3
2020-07-21,20200721103000000,sh.688081,47.1800,47.1800,45.8800,45.9500,538125,24985792.0000,3
2020-07-21,20200721113000000,sh.688081,45.9500,46.0700,45.5000,45.6600,199431,9130492.0000,3
2020-07-21,20200721140000000,sh.688081,45.8700,46.1500,45.6900,45.9600,79462,3645828.0000,3
2020-07-21,20200721150000000,sh.688081,45.9800,46.4700,45.9800,46.4700,197131,9125728.0000,3
2020-07-22,20200722103000000,sh.688081,46.0000,46.7800,45.7900,46.6100,281811,13084758.0000,3
2020-07-22,20200722113000000,sh.688081,46.6100,46.9500,46.5000,46.6000,107103,5001271.0000,3
2020-07-22,20200722140000000,sh.688081,46.6000,46.7100,46.0200,46.1800,122785,5690360.0000,3
2020-07-22,20200722150000000,sh.688081,46.1600,46.4800,46.0100,46.2800,110061,5081245.0000,3
2020-07-23,20200723103000000,sh.688081,46.1700,48.7900,45.6000,47.9000,1000677,47883234.0000,3
2020-07-23,20200723113000000,sh.688081,47.9000,48.0700,46.7600,47.6100,327006,15519711.0000,3
2020-07-23,20200723140000000,sh.688081,47.7100,48.8700,47.7100,48.8000,477645,23118941.0000,3
2020-07-23,20200723150000000,sh.688081,48.8000,49.3800,48.6100,48.8800,420818,20614178.0000,3
2020-07-24,20200724103000000,sh.688081,48.5000,49.0500,47.4100,47.6500,629620,30291608.0000,3
2020-07-24,20200724113000000,sh.688081,47.6500,49.7900,47.5800,49.0000,498111,24300220.0000,3
2020-07-24,20200724140000000,sh.688081,48.5500,49.1000,47.1200,47.1200,344082,16551777.0000,3
2020-07-24,20200724150000000,sh.688081,47.0000,47.0000,44.0100,44.6700,508532,23293641.0000,3
2020-07-27,20200727103000000,sh.688081,45.0200,46.5000,43.1000,45.2100,704039,31688290.0000,3
2020-07-27,20200727113000000,sh.688081,45.2100,45.8000,44.3000,44.9800,100923,4565265.0000,3
2020-07-27,20200727140000000,sh.688081,44.9800,45.2000,44.4100,45.1200,128648,5768472.0000,3
2020-07-27,20200727150000000,sh.688081,45.1200,45.2800,44.6600,45.2800,160216,7210198.0000,3
2020-07-28,20200728103000000,sh.688081,45.2300,45.8500,44.5500,45.4000,325431,14760396.0000,3
2020-07-28,20200728113000000,sh.688081,45.4000,45.6100,44.7600,44.8200,146430,6613015.0000,3
2020-07-28,20200728140000000,sh.688081,44.8200,45.3000,44.8200,45.0000,52227,2348392.0000,3
2020-07-28,20200728150000000,sh.688081,45.0000,45.2700,44.6100,44.9500,157255,7051635.0000,3
2020-07-29,20200729103000000,sh.688081,44.9500,45.2800,44.2900,45.1200,233635,10491752.0000,3
2020-07-29,20200729113000000,sh.688081,45.1200,45.5400,45.0600,45.0900,280226,12694364.0000,3
2020-07-29,20200729140000000,sh.688081,45.0900,45.7400,45.0200,45.5800,163088,7406962.0000,3
2020-07-29,20200729150000000,sh.688081,45.6000,46.4200,45.5800,46.4200,269070,12399656.0000,3
2020-07-30,20200730103000000,sh.688081,46.6400,47.2900,46.1900,46.6400,371268,17356385.0000,3
2020-07-30,20200730113000000,sh.688081,46.6300,46.6300,46.1600,46.5000,187732,8722667.0000,3
2020-07-30,20200730140000000,sh.688081,46.4600,46.5600,46.3000,46.4800,169688,7877270.0000,3
2020-07-30,20200730150000000,sh.688081,46.4800,46.5400,46.3300,46.5400,213885,9935968.0000,3
2020-07-31,20200731103000000,sh.688081,46.2000,46.7800,46.0300,46.4500,238028,11067530.0000,3
2020-07-31,20200731113000000,sh.688081,46.4500,46.5500,45.3000,45.6000,222384,10220166.0000,3
2020-07-31,20200731140000000,sh.688081,45.6000,46.5800,45.5000,46.3500,128594,5911608.0000,3
2020-07-31,20200731150000000,sh.688081,46.3500,46.8800,46.0400,46.8600,221233,10307475.0000,3
2020-08-03,20200803103000000,sh.688081,46.8600,48.8000,46.8600,48.7600,690038,33101090.0000,3
2020-08-03,20200803113000000,sh.688081,48.7600,49.6800,48.5600,49.1800,440909,21744200.0000,3
2020-08-03,20200803140000000,sh.688081,49.1800,49.9700,49.1800,49.3000,402612,19978715.0000,3
2020-08-03,20200803150000000,sh.688081,49.3000,49.9800,49.3000,49.8400,516963,25683933.0000,3
2020-08-04,20200804103000000,sh.688081,49.9900,50.5800,48.7200,49.2600,778325,38604287.0000,3
2020-08-04,20200804113000000,sh.688081,49.2600,49.7000,48.8100,48.8100,302136,14854162.0000,3
2020-08-04,20200804140000000,sh.688081,48.9000,48.9900,48.2000,48.5000,257251,12515451.0000,3
2020-08-04,20200804150000000,sh.688081,48.5000,48.9500,48.2300,48.2600,287488,13929432.0000,3
2020-08-05,20200805103000000,sh.688081,49.0700,49.2500,48.1500,48.7000,266715,12944617.0000,3
2020-08-05,20200805113000000,sh.688081,48.7000,49.3000,48.6000,49.1700,179618,8772923.0000,3
2020-08-05,20200805140000000,sh.688081,49.1500,50.2600,48.6800,50.2500,475666,23564317.0000,3
2020-08-05,20200805150000000,sh.688081,50.1900,50.2400,49.5500,50.0000,311028,15519790.0000,3
2020-08-06,20200806103000000,sh.688081,50.0000,50.9700,48.8600,49.2000,690122,34402111.0000,3
2020-08-06,20200806113000000,sh.688081,49.2000,49.2500,48.0000,49.0800,315357,15333703.0000,3
2020-08-06,20200806140000000,sh.688081,49.1400,49.7600,48.7800,48.8500,177791,8749011.0000,3
2020-08-06,20200806150000000,sh.688081,48.8500,49.4000,48.8500,49.2100,212878,10462444.0000,3
2020-08-07,20200807103000000,sh.688081,49.2900,50.7800,48.8900,49.1200,630602,31444150.0000,3
2020-08-07,20200807113000000,sh.688081,49.1200,51.9600,48.8700,51.3600,626477,31740784.0000,3
2020-08-07,20200807140000000,sh.688081,51.2500,52.2500,50.5100,51.8400,1051139,54143768.0000,3
2020-08-07,20200807150000000,sh.688081,51.8400,52.2900,51.6000,52.2600,698737,36391943.0000,3
2020-08-10,20200810103000000,sh.688081,53.7700,54.4500,50.1800,50.3300,1639920,86064816.0000,3
2020-08-10,20200810113000000,sh.688081,50.3300,50.8600,49.3800,49.5200,524913,26270041.0000,3
2020-08-10,20200810140000000,sh.688081,49.5200,50.1000,49.3800,49.8700,264598,13177736.0000,3
2020-08-10,20200810150000000,sh.688081,49.8700,50.0800,48.3100,48.3100,662749,32565055.0000,3
2020-08-11,20200811103000000,sh.688081,47.7300,48.3100,47.2600,48.1700,717455,34239797.0000,3
2020-08-11,20200811113000000,sh.688081,48.1700,48.5700,47.8200,48.5100,185704,8968098.0000,3
2020-08-11,20200811140000000,sh.688081,48.5000,48.5000,47.7200,47.7800,173586,8331972.0000,3
2020-08-11,20200811150000000,sh.688081,47.7800,47.9700,46.8800,47.0500,477750,22629964.0000,3
2020-08-12,20200812103000000,sh.688081,46.8000,47.4000,45.0300,45.5500,492771,22638711.0000,3
2020-08-12,20200812113000000,sh.688081,45.5500,45.6100,45.1400,45.2500,159497,7238434.0000,3
2020-08-12,20200812140000000,sh.688081,45.2500,45.5600,44.7000,45.3500,200612,9059427.0000,3
2020-08-12,20200812150000000,sh.688081,45.3500,46.1000,45.3500,46.0800,164854,7560950.0000,3
2020-08-13,20200813103000000,sh.688081,46.1700,46.5500,45.6900,46.1600,225593,10370157.0000,3
2020-08-13,20200813113000000,sh.688081,46.1400,47.0000,46.0100,46.4200,162037,7544513.0000,3
2020-08-13,20200813140000000,sh.688081,46.4200,46.7900,46.3400,46.4000,95410,4445149.0000,3
2020-08-13,20200813150000000,sh.688081,46.4000,46.5800,46.1300,46.4100,119523,5539065.0000,3
2020-08-14,20200814103000000,sh.688081,46.1300,47.6800,46.1300,46.9000,372576,17537688.0000,3
2020-08-14,20200814113000000,sh.688081,46.9000,46.9700,46.2000,46.4000,111062,5176060.0000,3
2020-08-14,20200814140000000,sh.688081,46.4000,46.9300,46.4000,46.8800,102519,4779950.0000,3
2020-08-14,20200814150000000,sh.688081,46.8800,47.3600,46.6400,47.2600,212245,10001380.0000,3
2020-08-17,20200817103000000,sh.688081,47.0100,48.8300,46.9800,48.4000,482219,23177889.0000,3
2020-08-17,20200817113000000,sh.688081,48.4000,48.5000,48.0100,48.0500,190786,9214604.0000,3
2020-08-17,20200817140000000,sh.688081,48.3900,48.4000,47.9600,47.9600,125205,6027092.0000,3
2020-08-17,20200817150000000,sh.688081,47.9600,48.1100,47.8100,48.1000,108098,5187588.0000,3
2020-08-18,20200818103000000,sh.688081,47.7800,48.3800,47.5400,48.2000,232640,11134693.0000,3
2020-08-18,20200818113000000,sh.688081,48.2000,48.3000,47.6700,48.2400,127740,6131325.0000,3
2020-08-18,20200818140000000,sh.688081,48.2400,49.5300,48.0000,48.6900,354410,17380525.0000,3
2020-08-18,20200818150000000,sh.688081,48.6900,48.8500,48.2000,48.4800,242434,11748238.0000,3
2020-08-19,20200819103000000,sh.688081,48.4000,48.4600,47.2300,47.3100,208493,9951412.0000,3
2020-08-19,20200819113000000,sh.688081,47.5000,47.9800,47.3000,47.6000,117331,5579016.0000,3
2020-08-19,20200819140000000,sh.688081,47.6200,47.8800,46.7000,46.9200,125216,5925417.0000,3
2020-08-19,20200819150000000,sh.688081,46.9200,46.9300,45.5100,46.3700,578611,26690476.0000,3
2020-08-20,20200820103000000,sh.688081,44.9400,44.9400,42.9300,42.9800,839167,36666657.0000,3
2020-08-20,20200820113000000,sh.688081,42.9800,43.3000,42.6600,42.7700,220291,9477385.0000,3
2020-08-20,20200820140000000,sh.688081,42.7700,43.1500,42.5200,42.6600,182921,7807885.0000,3
2020-08-20,20200820150000000,sh.688081,42.6600,43.2200,42.6500,42.7000,191807,8221766.0000,3
2020-08-21,20200821103000000,sh.688081,42.7000,43.2500,42.5600,42.6400,283149,12153587.0000,3
2020-08-21,20200821113000000,sh.688081,42.6400,42.9300,42.6400,42.6500,65881,2817494.0000,3
2020-08-21,20200821140000000,sh.688081,42.7000,42.8200,42.1000,42.2900,90092,3831012.0000,3
2020-08-21,20200821150000000,sh.688081,42.2900,42.3700,41.7800,42.0000,241613,10156705.0000,3
2020-08-24,20200824103000000,sh.688081,42.1500,42.1500,40.5900,40.7000,340035,13982051.0000,3
2020-08-24,20200824113000000,sh.688081,40.6900,41.0800,40.6100,40.8300,142200,5804396.0000,3
2020-08-24,20200824140000000,sh.688081,40.8100,41.5900,40.8100,41.5900,166011,6833982.0000,3
2020-08-24,20200824150000000,sh.688081,41.5900,41.6200,41.1400,41.1400,104605,4328657.0000,3
2020-08-25,20200825103000000,sh.688081,41.0000,41.9800,41.0000,41.5300,155957,6501357.0000,3
2020-08-25,20200825113000000,sh.688081,41.5200,41.7600,41.2400,41.3000,88489,3665450.0000,3
2020-08-25,20200825140000000,sh.688081,41.3000,41.3900,41.1000,41.1300,95941,3953161.0000,3
2020-08-25,20200825150000000,sh.688081,41.1300,41.4600,40.9700,40.9900,210122,8640459.0000,3
2020-08-26,20200826103000000,sh.688081,41.1100,41.4500,40.9700,41.3400,162437,6683175.0000,3
2020-08-26,20200826113000000,sh.688081,41.3300,41.3300,40.7300,40.7800,61134,2508180.0000,3
2020-08-26,20200826140000000,sh.688081,40.7800,40.8700,40.0000,40.0000,238064,9598401.0000,3
2020-08-26,20200826150000000,sh.688081,40.0000,40.1800,39.8300,40.1000,205345,8212098.0000,3
2020-08-27,20200827103000000,sh.688081,40.5000,40.7800,39.9300,40.0100,108321,4356118.0000,3
2020-08-27,20200827113000000,sh.688081,40.0100,40.6000,40.0000,40.5800,168975,6804283.0000,3
2020-08-27,20200827140000000,sh.688081,40.5800,40.8900,40.2100,40.2100,105435,4277609.0000,3
2020-08-27,20200827150000000,sh.688081,40.3800,40.5000,40.0000,40.4400,372982,15023421.0000,3
2020-08-28,20200828103000000,sh.688081,40.4400,40.7700,40.1800,40.2100,163489,6605680.0000,3
2020-08-28,20200828113000000,sh.688081,40.2000,40.2800,40.0000,40.1500,131738,5287237.0000,3
2020-08-28,20200828140000000,sh.688081,40.2800,40.5500,40.1500,40.4000,119232,4801987.0000,3
2020-08-28,20200828150000000,sh.688081,40.4000,40.7000,40.4000,40.6000,142725,5796036.0000,3
2020-08-31,20200831103000000,sh.688081,40.6800,41.2900,40.4800,41.2200,166297,6805767.0000,3
2020-08-31,20200831113000000,sh.688081,41.2200,41.2400,41.0000,41.0600,74444,3060949.0000,3
2020-08-31,20200831140000000,sh.688081,41.0800,41.3000,40.9300,41.1800,85859,3533954.0000,3
2020-08-31,20200831150000000,sh.688081,41.1800,41.1800,40.8000,40.8900,93954,3853999.0000,3
2020-09-01,20200901103000000,sh.688081,40.9000,41.4400,40.7600,41.0900,171340,7045706.0000,3
2020-09-01,20200901113000000,sh.688081,41.0900,41.5800,40.9300,41.3800,127332,5253566.0000,3
2020-09-01,20200901140000000,sh.688081,41.4400,41.4800,41.0300,41.1000,67426,2778295.0000,3
2020-09-01,20200901150000000,sh.688081,41.1000,41.4100,41.1000,41.2800,108788,4482433.0000,3
2020-09-02,20200902103000000,sh.688081,41.5700,41.5700,40.7600,40.9500,192918,7907657.0000,3
2020-09-02,20200902113000000,sh.688081,40.9500,40.9600,40.3600,40.8000,152638,6192771.0000,3
2020-09-02,20200902140000000,sh.688081,40.7900,40.8800,40.6200,40.7700,84934,3465172.0000,3
2020-09-02,20200902150000000,sh.688081,40.8000,41.0100,40.8000,40.8700,135849,5559224.0000,3
2020-09-03,20200903103000000,sh.688081,41.1900,41.7000,40.6000,40.6400,99969,4083330.0000,3
2020-09-03,20200903113000000,sh.688081,40.6500,40.9700,40.6500,40.8400,48841,1992536.0000,3
2020-09-03,20200903140000000,sh.688081,40.8400,40.9000,40.6400,40.6400,52991,2160900.0000,3
2020-09-03,20200903150000000,sh.688081,40.6000,40.7600,40.5300,40.6200,72560,2947991.0000,3
2020-09-04,20200904103000000,sh.688081,40.5500,40.6200,40.0400,40.3700,69611,2808384.0000,3
2020-09-04,20200904113000000,sh.688081,40.3700,40.4200,40.2500,40.3100,47424,1911829.0000,3
2020-09-04,20200904140000000,sh.688081,40.2500,40.4900,40.1500,40.3300,101425,4081997.0000,3
2020-09-04,20200904150000000,sh.688081,40.3300,40.8500,40.3300,40.8000,91303,3715157.0000,3
2020-09-07,20200907103000000,sh.688081,40.8000,41.2500,40.7000,40.7300,130608,5347363.0000,3
2020-09-07,20200907113000000,sh.688081,40.7300,40.8600,40.5000,40.6000,60720,2470591.0000,3
2020-09-07,20200907140000000,sh.688081,40.6000,40.6800,40.3500,40.4800,69918,2829827.0000,3
2020-09-07,20200907150000000,sh.688081,40.4800,40.4800,39.7100,40.0300,185274,7422877.0000,3
2020-09-08,20200908103000000,sh.688081,40.0000,40.1200,39.6100,39.7700,71181,2832264.0000,3
2020-09-08,20200908113000000,sh.688081,39.7700,39.8700,39.5100,39.5200,73349,2909327.0000,3
2020-09-08,20200908140000000,sh.688081,39.3500,40.3300,39.3500,40.2700,76337,3046234.0000,3
2020-09-08,20200908150000000,sh.688081,40.2700,40.4000,40.0400,40.2400,76415,3071924.0000,3
2020-09-09,20200909103000000,sh.688081,39.8000,40.2200,39.2500,39.2500,172920,6857242.0000,3
2020-09-09,20200909113000000,sh.688081,39.2600,39.4800,38.9000,39.3800,126286,4948145.0000,3
2020-09-09,20200909140000000,sh.688081,39.4300,39.5200,39.2500,39.2500,68201,2685367.0000,3
2020-09-09,20200909150000000,sh.688081,39.2500,39.5300,38.8800,38.8900,83552,3268493.0000,3
2020-09-10,20200910103000000,sh.688081,39.3900,39.5100,38.5300,38.7200,167400,6536977.0000,3
2020-09-10,20200910113000000,sh.688081,38.7200,38.7700,37.8800,38.0200,103826,3986661.0000,3
2020-09-10,20200910140000000,sh.688081,38.0200,38.3300,37.9000,38.2200,69517,2647546.0000,3
2020-09-10,20200910150000000,sh.688081,38.2200,38.2200,37.0500,37.0500,151853,5669189.0000,3
2020-09-11,20200911103000000,sh.688081,37.3600,37.8800,36.6600,37.7100,144196,5375794.0000,3
2020-09-11,20200911113000000,sh.688081,37.6600,37.8600,37.2100,37.5600,47718,1791846.0000,3
2020-09-11,20200911140000000,sh.688081,37.5600,38.7900,37.5600,38.4600,208481,8008974.0000,3
2020-09-11,20200911150000000,sh.688081,38.4600,39.1900,38.4100,38.8400,125779,4887305.0000,3
2020-09-14,20200914103000000,sh.688081,39.2800,39.5400,38.7700,39.2000,131206,5145311.0000,3
2020-09-14,20200914113000000,sh.688081,39.2000,39.3200,39.0500,39.0800,35837,1404170.0000,3
2020-09-14,20200914140000000,sh.688081,39.0800,39.1600,38.7100,38.7900,47064,1832775.0000,3
2020-09-14,20200914150000000,sh.688081,38.7900,39.1300,38.5800,39.0700,49478,1924937.0000,3
2020-09-15,20200915103000000,sh.688081,38.5500,40.3700,38.3400,40.1800,234404,9300283.0000,3
2020-09-15,20200915113000000,sh.688081,40.1800,40.2400,39.9800,40.0800,41024,1643624.0000,3
2020-09-15,20200915140000000,sh.688081,40.1100,40.1100,39.4500,39.4500,30437,1211401.0000,3
2020-09-15,20200915150000000,sh.688081,39.4500,39.6600,39.0000,39.5000,42677,1679832.0000,3
2020-09-16,20200916103000000,sh.688081,39.5000,39.9200,39.3300,39.5700,55047,2177837.0000,3
2020-09-16,20200916113000000,sh.688081,39.5700,39.7000,39.3200,39.3500,39185,1545718.0000,3
2020-09-16,20200916140000000,sh.688081,39.3500,39.5700,39.2800,39.3000,30994,1219399.0000,3
2020-09-16,20200916150000000,sh.688081,39.3000,39.4700,39.0400,39.4700,91606,3597651.0000,3
2020-09-17,20200917103000000,sh.688081,39.7800,39.8700,39.1900,39.4600,56702,2235934.0000,3
2020-09-17,20200917113000000,sh.688081,39.4700,40.7000,39.4700,40.1800,212810,8570145.0000,3
2020-09-17,20200917140000000,sh.688081,40.1800,41.3300,40.1700,40.7200,195418,7959541.0000,3
2020-09-17,20200917150000000,sh.688081,40.7200,41.0500,40.2600,40.4600,138389,5622538.0000,3
2020-09-18,20200918103000000,sh.688081,40.4600,40.7300,39.5200,39.9100,135086,5426788.0000,3
2020-09-18,20200918113000000,sh.688081,39.9100,40.2900,39.8500,40.0000,36124,1444269.0000,3
2020-09-18,20200918140000000,sh.688081,40.0000,40.2400,39.9500,40.1200,79016,3164512.0000,3
2020-09-18,20200918150000000,sh.688081,40.1200,40.3700,39.9800,40.1700,141582,5682164.0000,3
2020-09-21,20200921103000000,sh.688081,40.1500,40.9600,39.9900,40.7500,169814,6889183.0000,3
2020-09-21,20200921113000000,sh.688081,40.7500,40.8300,40.3000,40.3300,131628,5329373.0000,3
2020-09-21,20200921140000000,sh.688081,40.3300,40.6200,40.3300,40.4600,63090,2551824.0000,3
2020-09-21,20200921150000000,sh.688081,40.5600,40.5600,40.2000,40.4700,105381,4254379.0000,3
2020-09-22,20200922103000000,sh.688081,40.0300,40.3900,39.7600,39.9600,107189,4288018.0000,3
2020-09-22,20200922113000000,sh.688081,39.9600,40.2000,39.8300,39.9800,57527,2300611.0000,3
2020-09-22,20200922140000000,sh.688081,39.9800,40.3200,39.9800,40.1900,31475,1264440.0000,3
2020-09-22,20200922150000000,sh.688081,40.1900,40.1900,39.6100,39.8000,106550,4244617.0000,3
2020-09-23,20200923103000000,sh.688081,40.3900,40.5700,40.0000,40.0600,96828,3894511.0000,3
2020-09-23,20200923113000000,sh.688081,40.0600,40.3000,39.6900,40.2900,83233,3321754.0000,3
2020-09-23,20200923140000000,sh.688081,40.3300,40.6700,40.2500,40.5000,68572,2770300.0000,3
2020-09-23,20200923150000000,sh.688081,40.5500,40.5500,39.9500,40.3600,61312,2468939.0000,3
2020-09-24,20200924103000000,sh.688081,39.9200,39.9800,38.8000,38.8000,124197,4881986.0000,3
2020-09-24,20200924113000000,sh.688081,38.8500,39.1000,38.7400,38.9000,73543,2863272.0000,3
2020-09-24,20200924140000000,sh.688081,38.9000,39.2600,38.7000,39.2500,48736,1898199.0000,3
2020-09-24,20200924150000000,sh.688081,39.2500,39.2500,38.0000,38.6600,119476,4609357.0000,3
2020-09-25,20200925103000000,sh.688081,38.9800,39.1400,38.3600,38.7000,88436,3425864.0000,3
2020-09-25,20200925113000000,sh.688081,38.7000,38.8200,38.4700,38.5800,26797,1037253.0000,3
2020-09-25,20200925140000000,sh.688081,38.6800,38.8900,38.3600,38.6600,42474,1639483.0000,3
2020-09-25,20200925150000000,sh.688081,38.6600,38.7600,38.3600,38.6900,67223,2592775.0000,3
2020-09-28,20200928103000000,sh.688081,38.6900,39.0900,38.1400,38.3000,53376,2057287.0000,3
2020-09-28,20200928113000000,sh.688081,38.3000,38.4000,38.1500,38.3600,27808,1063435.0000,3
2020-09-28,20200928140000000,sh.688081,38.2200,38.5700,38.2200,38.3900,14616,561742.0000,3
2020-09-28,20200928150000000,sh.688081,38.3900,38.6000,37.7800,37.8900,170578,6503862.0000,3
2020-09-29,20200929103000000,sh.688081,37.8900,38.6700,37.8900,38.4600,52878,2024342.0000,3
2020-09-29,20200929113000000,sh.688081,38.4600,39.3400,38.3300,38.8600,129042,5033812.0000,3
2020-09-29,20200929140000000,sh.688081,38.8600,38.9700,38.6600,38.9300,33190,1288842.0000,3
2020-09-29,20200929150000000,sh.688081,38.9300,39.1000,38.6300,38.7500,53654,2084368.0000,3
2020-09-30,20200930103000000,sh.688081,38.8700,39.0800,38.7600,39.0600,41604,1615333.0000,3
2020-09-30,20200930113000000,sh.688081,39.0600,39.1600,38.5400,38.7800,48757,1894347.0000,3
2020-09-30,20200930140000000,sh.688081,38.7800,38.8000,38.5600,38.5800,40514,1566486.0000,3
2020-09-30,20200930150000000,sh.688081,38.5800,38.6800,38.0800,38.1000,81482,3124985.0000,3
2020-10-09,20201009103000000,sh.688081,38.1800,39.3600,38.1800,39.0000,99107,3855031.0000,3
2020-10-09,20201009113000000,sh.688081,39.0000,39.1500,38.8800,39.1500,73422,2866936.0000,3
2020-10-09,20201009140000000,sh.688081,39.0700,39.1400,38.9700,38.9700,26202,1023306.0000,3
2020-10-09,20201009150000000,sh.688081,38.9700,39.1000,38.9100,39.0200,92910,3622094.0000,3
2020-10-12,20201012103000000,sh.688081,39.7800,39.7800,38.8800,39.6300,133140,5240413.0000,3
2020-10-12,20201012113000000,sh.688081,39.6300,39.8000,39.6000,39.8000,56799,2254479.0000,3
2020-10-12,20201012140000000,sh.688081,39.8600,40.1000,39.6800,39.8500,94932,3787720.0000,3
2020-10-12,20201012150000000,sh.688081,39.8500,39.9800,39.6900,39.9100,154905,6174792.0000,3
2020-10-13,20201013103000000,sh.688081,40.3800,40.3800,39.5100,39.7000,96646,3836019.0000,3
2020-10-13,20201013113000000,sh.688081,39.7000,39.7800,39.3800,39.5100,94607,3735641.0000,3
2020-10-13,20201013140000000,sh.688081,39.5100,39.7200,39.4000,39.5500,77234,3049151.0000,3
2020-10-13,20201013150000000,sh.688081,39.5500,39.7200,39.4600,39.7000,72926,2886590.0000,3
2020-10-14,20201014103000000,sh.688081,39.6700,39.9500,39.3200,39.4100,93906,3715352.0000,3
2020-10-14,20201014113000000,sh.688081,39.4100,39.6000,39.3800,39.4600,23435,924501.0000,3
2020-10-14,20201014140000000,sh.688081,39.5100,39.5100,39.2100,39.4900,19850,780442.0000,3
2020-10-14,20201014150000000,sh.688081,39.4900,39.5100,39.0000,39.1800,105206,4126222.0000,3
2020-10-15,20201015103000000,sh.688081,38.7800,39.4900,38.7800,39.3300,77300,3022531.0000,3
2020-10-15,20201015113000000,sh.688081,39.2700,39.3000,38.9300,39.0300,53211,2080411.0000,3
2020-10-15,20201015140000000,sh.688081,39.0300,39.2300,38.8600,38.9600,31728,1236538.0000,3
2020-10-15,20201015150000000,sh.688081,38.9600,39.2100,38.7600,38.7600,87217,3394276.0000,3
2020-10-16,20201016103000000,sh.688081,38.7600,38.9400,38.6300,38.8000,55896,2166892.0000,3
2020-10-16,20201016113000000,sh.688081,38.8000,39.1400,38.7100,38.7800,55899,2174198.0000,3
2020-10-16,20201016140000000,sh.688081,38.7800,38.8000,38.4400,38.4900,109687,4227748.0000,3
2020-10-16,20201016150000000,sh.688081,38.4900,38.7400,38.4100,38.5300,64734,2495778.0000,3
2020-10-19,20201019103000000,sh.688081,38.5900,39.2500,38.5900,39.0600,82368,3210692.0000,3
2020-10-19,20201019113000000,sh.688081,39.0600,39.1800,38.9200,39.0000,37847,1479324.0000,3
2020-10-19,20201019140000000,sh.688081,39.0000,39.0900,38.7700,38.8700,43977,1713118.0000,3
2020-10-19,20201019150000000,sh.688081,38.8700,38.8700,38.5000,38.5200,62371,2406737.0000,3
2020-10-20,20201020103000000,sh.688081,38.5200,38.7300,37.9000,38.0000,138050,5264813.0000,3
2020-10-20,20201020113000000,sh.688081,38.0000,38.2800,37.9000,38.2500,42969,1635474.0000,3
2020-10-20,20201020140000000,sh.688081,38.1600,38.6600,38.1300,38.5800,53139,2035021.0000,3
2020-10-20,20201020150000000,sh.688081,38.5800,38.6500,38.3900,38.5500,60341,2324654.0000,3
2020-10-21,20201021103000000,sh.688081,38.7400,38.8800,38.0000,38.1200,85844,3306268.0000,3
2020-10-21,20201021113000000,sh.688081,38.1200,38.3600,38.0300,38.2400,41230,1572951.0000,3
2020-10-21,20201021140000000,sh.688081,38.2400,38.2800,38.1000,38.1800,27423,1048639.0000,3
2020-10-21,20201021150000000,sh.688081,38.2600,38.4200,38.1600,38.2900,48971,1875295.0000,3
2020-10-22,20201022103000000,sh.688081,38.2900,38.5000,38.0200,38.1900,40550,1547811.0000,3
2020-10-22,20201022113000000,sh.688081,38.1000,38.3700,38.0800,38.0800,23123,884281.0000,3
2020-10-22,20201022140000000,sh.688081,38.0800,38.3500,38.0800,38.2000,28068,1073088.0000,3
2020-10-22,20201022150000000,sh.688081,38.2000,38.3100,38.1500,38.1500,37936,1449170.0000,3
2020-10-23,20201023103000000,sh.688081,38.0200,38.3200,38.0100,38.2400,50097,1912171.0000,3
2020-10-23,20201023113000000,sh.688081,38.1500,38.2400,37.9300,38.0700,36672,1395784.0000,3
2020-10-23,20201023140000000,sh.688081,38.0700,38.0800,37.6700,37.8500,90730,3434754.0000,3
2020-10-23,20201023150000000,sh.688081,37.8500,37.9500,37.5000,37.5200,94676,3565788.0000,3
2020-10-26,20201026103000000,sh.688081,37.6000,37.7600,37.0900,37.3500,98969,3686492.0000,3
2020-10-26,20201026113000000,sh.688081,37.3500,37.5000,37.2600,37.3200,72014,2690439.0000,3
2020-10-26,20201026140000000,sh.688081,37.3900,37.3900,36.8800,37.0600,57648,2141935.0000,3
2020-10-26,20201026150000000,sh.688081,37.0600,37.0700,36.5000,36.8600,170603,6266678.0000,3
2020-10-27,20201027103000000,sh.688081,36.8600,37.9800,36.5100,37.5000,181892,6807955.0000,3
2020-10-27,20201027113000000,sh.688081,37.5000,37.5900,37.2700,37.4800,47689,1786994.0000,3
2020-10-27,20201027140000000,sh.688081,37.4800,37.7300,37.4800,37.5700,29852,1121681.0000,3
2020-10-27,20201027150000000,sh.688081,37.5700,37.7000,37.4100,37.7000,103656,3893898.0000,3
2020-10-28,20201028103000000,sh.688081,37.7000,37.7000,37.0000,37.4200,88092,3293092.0000,3
2020-10-28,20201028113000000,sh.688081,37.4200,37.6400,37.1700,37.6400,16769,627177.0000,3
2020-10-28,20201028140000000,sh.688081,37.6400,37.7700,37.5200,37.5200,21987,826931.0000,3
2020-10-28,20201028150000000,sh.688081,37.5200,37.7600,37.4100,37.4300,60710,2279479.0000,3
2020-10-29,20201029103000000,sh.688081,37.0300,37.6200,37.0300,37.4200,64538,2404785.0000,3
2020-10-29,20201029113000000,sh.688081,37.4300,37.8800,37.4300,37.8800,46977,1771776.0000,3
2020-10-29,20201029140000000,sh.688081,37.9300,38.1000,37.7500,37.8200,42203,1598342.0000,3
2020-10-29,20201029150000000,sh.688081,37.8200,38.0300,37.6300,37.9000,82137,3108169.0000,3
2020-10-30,20201030103000000,sh.688081,38.2000,39.6500,38.2000,38.4400,373997,14553264.0000,3
2020-10-30,20201030113000000,sh.688081,38.4400,38.5000,38.1600,38.1600,67027,2566008.0000,3
2020-10-30,20201030140000000,sh.688081,38.1800,38.3300,37.8900,37.8900,59961,2285301.0000,3
2020-10-30,20201030150000000,sh.688081,37.8900,37.9000,36.8800,36.8800,112863,4226674.0000,3
2020-11-02,20201102103000000,sh.688081,37.0000,37.4000,36.3600,36.4500,233027,8555562.0000,3
2020-11-02,20201102113000000,sh.688081,36.4300,36.5700,36.4000,36.4500,47451,1730869.0000,3
2020-11-02,20201102140000000,sh.688081,36.4500,36.6000,36.4000,36.6000,55882,2038806.0000,3
2020-11-02,20201102150000000,sh.688081,36.5900,36.7600,36.4500,36.5100,61790,2259557.0000,3
2020-11-03,20201103103000000,sh.688081,36.7600,36.9500,36.5600,36.9000,80512,2961985.0000,3
2020-11-03,20201103113000000,sh.688081,36.8000,37.8100,36.7900,37.4700,172098,6424758.0000,3
2020-11-03,20201103140000000,sh.688081,37.4300,37.6200,37.4300,37.6000,48454,1820891.0000,3
2020-11-03,20201103150000000,sh.688081,37.6000,37.8700,37.5000,37.7100,103959,3918712.0000,3
2020-11-04,20201104103000000,sh.688081,37.6400,38.3700,37.3600,37.8700,160107,6073379.0000,3
2020-11-04,20201104113000000,sh.688081,37.8700,38.0400,37.6100,38.0000,71495,2701629.0000,3
2020-11-04,20201104140000000,sh.688081,37.8900,38.0100,37.7500,37.8600,59736,2262695.0000,3
2020-11-04,20201104150000000,sh.688081,37.8600,37.9900,37.6300,37.8400,41516,1570760.0000,3
2020-11-05,20201105103000000,sh.688081,38.8700,38.8700,37.8800,38.0200,106381,4074215.0000,3
2020-11-05,20201105113000000,sh.688081,37.9200,38.2100,37.8000,38.1600,46419,1761843.0000,3
2020-11-05,20201105140000000,sh.688081,38.1600,38.3100,38.0800,38.2000,54474,2081961.0000,3
2020-11-05,20201105150000000,sh.688081,38.2000,38.3000,38.0500,38.1000,81740,3118432.0000,3
2020-11-06,20201106103000000,sh.688081,38.2800,38.2800,37.6100,37.6800,117581,4444598.0000,3
2020-11-06,20201106113000000,sh.688081,37.6800,37.7400,37.4500,37.5400,62324,2342204.0000,3
2020-11-06,20201106140000000,sh.688081,37.5400,37.7000,37.5100,37.5300,15156,570059.0000,3
2020-11-06,20201106150000000,sh.688081,37.5300,37.8700,37.4600,37.8700,56618,2133070.0000,3
2020-11-09,20201109103000000,sh.688081,38.0100,38.5500,37.9000,38.4000,128795,4929758.0000,3
2020-11-09,20201109113000000,sh.688081,38.3300,38.7000,38.3000,38.6800,131135,5054750.0000,3
2020-11-09,20201109140000000,sh.688081,38.7200,38.7300,38.5400,38.6500,82633,3194121.0000,3
2020-11-09,20201109150000000,sh.688081,38.6500,38.8200,38.4400,38.8200,119632,4623899.0000,3
2020-11-10,20201110103000000,sh.688081,39.4500,39.4500,38.6300,38.6600,178872,6928427.0000,3
2020-11-10,20201110113000000,sh.688081,38.6600,38.7500,38.3800,38.5400,71334,2751947.0000,3
2020-11-10,20201110140000000,sh.688081,38.5400,38.6100,37.8700,37.8800,90580,3467032.0000,3
2020-11-10,20201110150000000,sh.688081,37.8800,38.1900,37.8800,37.9800,133167,5061656.0000,3
2020-11-11,20201111103000000,sh.688081,38.0000,38.0000,37.1500,37.1500,149595,5602291.0000,3
2020-11-11,20201111113000000,sh.688081,37.1500,37.3400,37.1300,37.2800,50005,1861002.0000,3
2020-11-11,20201111140000000,sh.688081,37.2800,37.3100,37.0200,37.0300,54688,2030147.0000,3
2020-11-11,20201111150000000,sh.688081,37.0300,37.1100,36.8000,36.8800,104007,3843973.0000,3
2020-11-12,20201112103000000,sh.688081,37.2400,37.3000,37.0000,37.0500,55608,2065865.0000,3
2020-11-12,20201112113000000,sh.688081,37.0500,37.2100,36.9400,37.1000,31642,1172172.0000,3
2020-11-12,20201112140000000,sh.688081,37.1900,37.2400,37.0000,37.0500,28522,1058206.0000,3
2020-11-12,20201112150000000,sh.688081,37.0500,37.1400,36.9400,36.9700,54081,2001572.0000,3
2020-11-13,20201113103000000,sh.688081,36.9000,37.3300,36.7100,37.1600,64916,2407298.0000,3
2020-11-13,20201113113000000,sh.688081,37.1600,37.3500,37.0700,37.3500,46775,1741908.0000,3
2020-11-13,20201113140000000,sh.688081,37.3500,37.4000,37.1500,37.1500,27870,1037840.0000,3
2020-11-13,20201113150000000,sh.688081,37.1500,37.3900,37.0700,37.3900,60480,2255008.0000,3
2020-11-16,20201116103000000,sh.688081,37.1000,37.7800,37.0900,37.2700,48556,1816721.0000,3
2020-11-16,20201116113000000,sh.688081,37.2700,37.4700,37.2600,37.4000,9344,348841.0000,3
2020-11-16,20201116140000000,sh.688081,37.4000,37.4900,37.3000,37.3500,49095,1832726.0000,3
2020-11-16,20201116150000000,sh.688081,37.3500,37.5800,37.3000,37.4700,76967,2877900.0000,3
2020-11-17,20201117103000000,sh.688081,37.4900,37.7000,37.1100,37.2600,88433,3311353.0000,3
2020-11-17,20201117113000000,sh.688081,37.2600,37.4000,37.1300,37.1500,43480,1618181.0000,3
2020-11-17,20201117140000000,sh.688081,37.1500,37.2600,36.7100,37.0900,80419,2971641.0000,3
2020-11-17,20201117150000000,sh.688081,37.0900,37.1800,36.9900,37.0500,46188,1711343.0000,3
2020-11-18,20201118103000000,sh.688081,37.0500,37.2800,37.0200,37.2300,43626,1622296.0000,3
2020-11-18,20201118113000000,sh.688081,37.2300,37.5000,37.1000,37.4000,45050,1681010.0000,3
2020-11-18,20201118140000000,sh.688081,37.4000,37.5000,37.3100,37.3100,40617,1519443.0000,3
2020-11-18,20201118150000000,sh.688081,37.3100,37.4600,37.2800,37.3100,32472,1213720.0000,3
2020-11-19,20201119103000000,sh.688081,37.3100,37.7000,37.2000,37.5900,70910,2663053.0000,3
2020-11-19,20201119113000000,sh.688081,37.5900,37.8900,37.5000,37.8000,50873,1919535.0000,3
2020-11-19,20201119140000000,sh.688081,37.8000,38.7600,37.6800,38.5900,255272,9775596.0000,3
2020-11-19,20201119150000000,sh.688081,38.5900,38.5900,38.2800,38.2800,69937,2686240.0000,3
2020-11-20,20201120103000000,sh.688081,38.3300,38.3300,37.8900,37.8900,113138,4312270.0000,3
2020-11-20,20201120113000000,sh.688081,37.8900,38.1000,37.8000,38.0500,43120,1636258.0000,3
2020-11-20,20201120140000000,sh.688081,38.0500,38.2500,37.9000,38.0000,112319,4266593.0000,3
2020-11-20,20201120150000000,sh.688081,38.0000,38.2000,37.8500,38.2000,65557,2490901.0000,3
2020-11-23,20201123103000000,sh.688081,38.2000,38.2900,37.7400,38.1800,95267,3629791.0000,3
2020-11-23,20201123113000000,sh.688081,38.1800,38.2700,38.0700,38.1000,92578,3532879.0000,3
2020-11-23,20201123140000000,sh.688081,38.1000,38.5000,38.1000,38.3900,57506,2204612.0000,3
2020-11-23,20201123150000000,sh.688081,38.3900,38.3900,38.1500,38.1800,53273,2037877.0000,3
2020-11-24,20201124103000000,sh.688081,38.0300,38.5900,38.0300,38.5000,91628,3518931.0000,3
2020-11-24,20201124113000000,sh.688081,38.5000,38.5500,38.3500,38.4200,16040,616597.0000,3
2020-11-24,20201124140000000,sh.688081,38.4200,38.4200,38.1200,38.2600,43457,1663125.0000,3
2020-11-24,20201124150000000,sh.688081,38.2600,38.2600,38.1200,38.2200,28745,1097939.0000,3
2020-11-25,20201125103000000,sh.688081,38.3800,38.3800,37.6300,37.7700,117023,4434122.0000,3
2020-11-25,20201125113000000,sh.688081,37.7700,37.8400,37.6400,37.6800,42370,1598645.0000,3
2020-11-25,20201125140000000,sh.688081,37.6800,37.7700,37.3600,37.5100,54549,2047995.0000,3
2020-11-25,20201125150000000,sh.688081,37.5100,37.7000,37.0100,37.1400,76502,2850992.0000,3
2020-11-26,20201126103000000,sh.688081,37.2000,37.5400,37.0800,37.1100,86294,3214147.0000,3
2020-11-26,20201126113000000,sh.688081,37.1100,37.2900,37.0900,37.2800,30404,1131216.0000,3
2020-11-26,20201126140000000,sh.688081,37.2800,37.9800,37.2800,37.9800,85085,3194237.0000,3
2020-11-26,20201126150000000,sh.688081,37.9800,37.9800,37.4100,37.4700,63993,2407604.0000,3
2020-11-27,20201127103000000,sh.688081,37.6800,37.6800,37.2100,37.4900,58489,2186908.0000,3
2020-11-27,20201127113000000,sh.688081,37.4900,37.5000,37.2200,37.2200,60754,2270090.0000,3
2020-11-27,20201127140000000,sh.688081,37.2200,37.4000,37.1500,37.2200,38487,1433255.0000,3
2020-11-27,20201127150000000,sh.688081,37.2200,37.4600,37.2200,37.3800,48434,1810954.0000,3
2020-11-30,20201130103000000,sh.688081,37.6700,37.7000,37.2300,37.4100,66023,2473597.0000,3
2020-11-30,20201130113000000,sh.688081,37.4100,37.5500,37.2500,37.4000,49532,1851586.0000,3
2020-11-30,20201130140000000,sh.688081,37.4000,37.4600,37.3100,37.4400,8168,305386.0000,3
2020-11-30,20201130150000000,sh.688081,37.4400,37.4400,37.1300,37.2100,39459,1471519.0000,3
2020-12-01,20201201103000000,sh.688081,37.2100,37.3300,37.0600,37.1300,85794,3188513.0000,3
2020-12-01,20201201113000000,sh.688081,37.1300,37.4700,37.0800,37.2300,37319,1389731.0000,3
2020-12-01,20201201140000000,sh.688081,37.2500,37.3800,37.2300,37.3100,32225,1201114.0000,3
2020-12-01,20201201150000000,sh.688081,37.3100,37.4100,37.2200,37.3000,52306,1951388.0000,3
2020-12-02,20201202103000000,sh.688081,37.3000,37.3000,37.0500,37.1700,110123,4087466.0000,3
2020-12-02,20201202113000000,sh.688081,37.1700,37.4200,37.0800,37.3600,46497,1730548.0000,3
2020-12-02,20201202140000000,sh.688081,37.3600,37.4000,37.0000,37.1200,75311,2796952.0000,3
2020-12-02,20201202150000000,sh.688081,37.1200,37.2700,37.1200,37.1600,26366,980431.0000,3
2020-12-03,20201203103000000,sh.688081,37.1600,37.3300,36.7700,36.9700,137933,5091496.0000,3
2020-12-03,20201203113000000,sh.688081,36.9700,37.0900,36.8400,37.0000,57977,2141281.0000,3
2020-12-03,20201203140000000,sh.688081,37.0000,37.2200,36.9200,37.0200,34995,1295622.0000,3
2020-12-03,20201203150000000,sh.688081,37.0200,37.0200,36.8400,36.8400,59368,2190432.0000,3
2020-12-04,20201204103000000,sh.688081,37.1700,37.1700,36.8000,36.9800,52578,1940055.0000,3
2020-12-04,20201204113000000,sh.688081,36.9800,36.9800,36.8000,36.8000,61476,2263324.0000,3
2020-12-04,20201204140000000,sh.688081,36.8400,37.0300,36.7900,36.8800,45834,1692045.0000,3
2020-12-04,20201204150000000,sh.688081,36.8800,37.1000,36.8800,36.9500,66901,2474831.0000,3
2020-12-07,20201207103000000,sh.688081,37.1900,37.1900,36.6400,36.8300,64721,2381535.0000,3
2020-12-07,20201207113000000,sh.688081,36.8300,36.8600,36.6600,36.7700,43588,1600768.0000,3
2020-12-07,20201207140000000,sh.688081,36.7700,36.7800,36.5000,36.5300,55418,2029020.0000,3
2020-12-07,20201207150000000,sh.688081,36.5300,36.6100,36.0500,36.2300,175624,6382916.0000,3
2020-12-08,20201208103000000,sh.688081,36.2300,36.2500,35.2000,35.5300,267444,9531628.0000,3
2020-12-08,20201208113000000,sh.688081,35.5000,35.5300,35.1300,35.2800,184482,6504234.0000,3
2020-12-08,20201208140000000,sh.688081,35.4100,35.4300,35.2700,35.3600,34020,1203191.0000,3
2020-12-08,20201208150000000,sh.688081,35.3600,35.4600,35.1200,35.3000,125066,4410034.0000,3
2020-12-09,20201209103000000,sh.688081,35.3000,35.4500,34.6000,34.7000,173162,6035591.0000,3
2020-12-09,20201209113000000,sh.688081,34.7000,35.2800,34.7000,35.2800,81244,2838055.0000,3
2020-12-09,20201209140000000,sh.688081,35.3500,35.3700,34.7900,34.8200,44599,1565094.0000,3
2020-12-09,20201209150000000,sh.688081,34.8200,34.9700,34.7500,34.8700,71063,2476374.0000,3
2020-12-10,20201210103000000,sh.688081,34.8500,35.8600,34.5100,35.4500,265420,9382194.0000,3
2020-12-10,20201210113000000,sh.688081,35.4500,35.5400,35.1600,35.1800,71528,2525388.0000,3
2020-12-10,20201210140000000,sh.688081,35.1800,35.4600,35.1800,35.4100,24196,854739.0000,3
2020-12-10,20201210150000000,sh.688081,35.4100,35.4100,35.1900,35.3100,52558,1854123.0000,3
2020-12-11,20201211103000000,sh.688081,35.3100,35.3100,34.5600,34.6800,107916,3755146.0000,3
2020-12-11,20201211113000000,sh.688081,34.6800,34.8500,33.8800,33.9500,186634,6398831.0000,3
2020-12-11,20201211140000000,sh.688081,33.8800,33.9700,33.3900,33.5900,123309,4150881.0000,3
2020-12-11,20201211150000000,sh.688081,33.5900,33.8500,33.4000,33.8500,165846,5568280.0000,3
2020-12-14,20201214103000000,sh.688081,33.7000,34.1200,33.5100,33.9600,69291,2343164.0000,3
2020-12-14,20201214113000000,sh.688081,33.9600,34.3300,33.9000,34.0100,37854,1289183.0000,3
2020-12-14,20201214140000000,sh.688081,34.0100,34.0100,33.8000,33.8000,32911,1116763.0000,3
2020-12-14,20201214150000000,sh.688081,33.8000,34.1400,33.7800,34.0500,35100,1190965.0000,3
2020-12-15,20201215103000000,sh.688081,34.1600,34.1600,33.5100,33.9000,93580,3164092.0000,3
2020-12-15,20201215113000000,sh.688081,33.9000,33.9000,33.4400,33.5000,74412,2500200.0000,3
2020-12-15,20201215140000000,sh.688081,33.5000,33.6400,33.4400,33.5600,40707,1363433.0000,3
2020-12-15,20201215150000000,sh.688081,33.5600,33.8300,33.5100,33.7800,49632,1668809.0000,3
2020-12-16,20201216103000000,sh.688081,33.9500,33.9500,32.2300,32.2400,245194,8023161.0000,3
2020-12-16,20201216113000000,sh.688081,32.2400,32.4500,32.0300,32.2200,140094,4509818.0000,3
2020-12-16,20201216140000000,sh.688081,32.2200,32.2900,31.8200,32.0300,167874,5371213.0000,3
2020-12-16,20201216150000000,sh.688081,32.0300,32.1200,31.8300,31.9500,126798,4048364.0000,3
2020-12-17,20201217103000000,sh.688081,31.9500,31.9500,31.1300,31.3600,166480,5230599.0000,3
2020-12-17,20201217113000000,sh.688081,31.3600,31.8800,31.2300,31.7200,99209,3134247.0000,3
2020-12-17,20201217140000000,sh.688081,31.7200,31.9500,31.4800,31.9500,100160,3177526.0000,3
2020-12-17,20201217150000000,sh.688081,31.9500,32.2000,31.7600,31.8500,94596,3019701.0000,3
2020-12-18,20201218103000000,sh.688081,31.9700,32.0900,31.5100,31.6100,89279,2836932.0000,3
2020-12-18,20201218113000000,sh.688081,31.6100,31.6300,31.2400,31.3800,46447,1461385.0000,3
2020-12-18,20201218140000000,sh.688081,31.3800,31.3900,30.7400,30.9100,125079,3880279.0000,3
2020-12-18,20201218150000000,sh.688081,30.9100,31.0500,30.7300,30.8700,87273,2694665.0000,3
2020-12-21,20201221103000000,sh.688081,30.8700,30.8900,30.4400,30.8000,146366,4484305.0000,3
2020-12-21,20201221113000000,sh.688081,30.8400,31.1500,30.8100,31.0000,43154,1335796.0000,3
2020-12-21,20201221140000000,sh.688081,31.0000,31.0900,30.8200,30.8200,70148,2172975.0000,3
2020-12-21,20201221150000000,sh.688081,30.8200,31.0600,30.7500,30.9900,67914,2099569.0000,3
2020-12-22,20201222103000000,sh.688081,30.9600,30.9600,30.1600,30.5000,130319,3957052.0000,3
2020-12-22,20201222113000000,sh.688081,30.5000,30.8900,30.5000,30.8000,46391,1424685.0000,3
2020-12-22,20201222140000000,sh.688081,30.8000,30.8000,30.4100,30.4100,40155,1228303.0000,3
2020-12-22,20201222150000000,sh.688081,30.4100,30.4800,30.0500,30.1900,133613,4032574.0000,3
2020-12-23,20201223103000000,sh.688081,30.2900,30.5800,30.0800,30.2500,89747,2725364.0000,3
2020-12-23,20201223113000000,sh.688081,30.2500,30.4500,30.2200,30.3200,56083,1701011.0000,3
2020-12-23,20201223140000000,sh.688081,30.3200,30.4100,30.1200,30.1200,71570,2164045.0000,3
2020-12-23,20201223150000000,sh.688081,30.1200,30.3100,30.1000,30.2100,57668,1741718.0000,3
2020-12-24,20201224103000000,sh.688081,30.2100,30.6400,30.2000,30.3100,89664,2725420.0000,3
2020-12-24,20201224113000000,sh.688081,30.3100,30.3200,30.1500,30.2600,29371,887864.0000,3
2020-12-24,20201224140000000,sh.688081,30.2600,30.2600,29.6600,29.8300,108427,3255281.0000,3
2020-12-24,20201224150000000,sh.688081,29.8300,29.9200,29.6500,29.7800,57534,1710266.0000,3
2020-12-25,20201225103000000,sh.688081,29.7800,30.2800,29.4100,30.0500,122274,3665789.0000,3
2020-12-25,20201225113000000,sh.688081,30.0500,30.3700,30.0500,30.3500,113364,3430311.0000,3
2020-12-25,20201225140000000,sh.688081,30.3500,30.6200,30.3100,30.4800,94791,2890689.0000,3
2020-12-25,20201225150000000,sh.688081,30.4800,30.5700,30.3100,30.4800,44593,1360252.0000,3
2020-12-28,20201228103000000,sh.688081,30.5300,30.5300,29.4400,29.7000,190652,5662627.0000,3
2020-12-28,20201228113000000,sh.688081,29.7000,30.0000,29.6400,29.7700,119042,3543264.0000,3
2020-12-28,20201228140000000,sh.688081,29.7700,29.7800,29.5800,29.7400,54330,1612048.0000,3
2020-12-28,20201228150000000,sh.688081,29.7400,29.7500,29.6000,29.6500,57699,1712963.0000,3
2020-12-29,20201229103000000,sh.688081,29.6500,29.9000,29.2100,29.5700,119922,3537274.0000,3
2020-12-29,20201229113000000,sh.688081,29.5700,29.7900,29.5300,29.6800,30033,892051.0000,3
2020-12-29,20201229140000000,sh.688081,29.6800,29.6800,29.5200,29.5200,32462,959698.0000,3
2020-12-29,20201229150000000,sh.688081,29.5200,29.6800,29.4800,29.6800,46302,1369300.0000,3
2020-12-30,20201230103000000,sh.688081,29.6800,29.6800,29.2000,29.5100,83167,2443033.0000,3
2020-12-30,20201230113000000,sh.688081,29.5100,29.9200,29.4500,29.8200,31403,932498.0000,3
2020-12-30,20201230140000000,sh.688081,29.7000,29.8400,29.5100,29.6200,84231,2502608.0000,3
2020-12-30,20201230150000000,sh.688081,29.6200,29.7800,29.5700,29.5700,44907,1332043.0000,3
2020-12-31,20201231103000000,sh.688081,29.4800,29.9000,29.4800,29.8000,118876,3535314.0000,3
2020-12-31,20201231113000000,sh.688081,29.8000,30.0100,29.7700,29.8600,52541,1571323.0000,3
2020-12-31,20201231140000000,sh.688081,29.8600,30.3900,29.7500,30.3000,74702,2246689.0000,3
2020-12-31,20201231150000000,sh.688081,30.3000,30.3000,30.0700,30.2900,72031,2176366.0000,3
