date,time,code,open,high,low,close,volume,amount,adjustflag
2020-01-02,20200102103000000,sh.601216,3.1500,3.1900,3.1400,3.1800,22213194,70347625.0000,3
2020-01-02,20200102113000000,sh.601216,3.1800,3.2000,3.1700,3.1800,10918357,34764002.0000,3
2020-01-02,20200102140000000,sh.601216,3.1800,3.1900,3.1500,3.1800,10877331,34454447.0000,3
2020-01-02,20200102150000000,sh.601216,3.1800,3.1900,3.1500,3.1800,18496540,58655791.0000,3
2020-01-03,20200103103000000,sh.601216,3.1700,3.1700,3.1400,3.1600,13004519,41050032.0000,3
2020-01-03,20200103113000000,sh.601216,3.1600,3.1700,3.1400,3.1500,8748272,27601238.0000,3
2020-01-03,20200103140000000,sh.601216,3.1500,3.1600,3.1400,3.1600,6731953,21225231.0000,3
2020-01-03,20200103150000000,sh.601216,3.1600,3.1700,3.1400,3.1500,11489109,36229598.0000,3
2020-01-06,20200106103000000,sh.601216,3.1000,3.1500,3.0800,3.1300,17237937,53723020.0000,3
2020-01-06,20200106113000000,sh.601216,3.1300,3.1700,3.1300,3.1700,12485119,39326605.0000,3
2020-01-06,20200106140000000,sh.601216,3.1600,3.1800,3.1500,3.1500,10116449,31970028.0000,3
2020-01-06,20200106150000000,sh.601216,3.1500,3.1600,3.1100,3.1400,13337340,41750141.0000,3
2020-01-07,20200107103000000,sh.601216,3.1400,3.1600,3.1300,3.1500,7936458,25011091.0000,3
2020-01-07,20200107113000000,sh.601216,3.1400,3.1500,3.1200,3.1500,6548199,20545802.0000,3
2020-01-07,20200107140000000,sh.601216,3.1500,3.2300,3.1300,3.1800,34675381,110460299.0000,3
2020-01-07,20200107150000000,sh.601216,3.1800,3.1900,3.1800,3.1900,9725500,31000401.0000,3
2020-01-08,20200108103000000,sh.601216,3.1600,3.1800,3.1300,3.1700,17630549,55696505.0000,3
2020-01-08,20200108113000000,sh.601216,3.1700,3.1800,3.1600,3.1700,6571957,20835261.0000,3
2020-01-08,20200108140000000,sh.601216,3.1700,3.1700,3.1300,3.1300,9798400,30835607.0000,3
2020-01-08,20200108150000000,sh.601216,3.1300,3.1400,3.1000,3.1200,15821081,49353253.0000,3
2020-01-09,20200109103000000,sh.601216,3.1400,3.1700,3.1300,3.1600,15197865,47884825.0000,3
2020-01-09,20200109113000000,sh.601216,3.1600,3.1600,3.1300,3.1400,4331036,13610436.0000,3
2020-01-09,20200109140000000,sh.601216,3.1400,3.1500,3.1300,3.1400,3371420,10588827.0000,3
2020-01-09,20200109150000000,sh.601216,3.1400,3.1500,3.1300,3.1400,7846770,24644842.0000,3
2020-01-10,20200110103000000,sh.601216,3.1600,3.1600,3.1200,3.1200,8889046,27880446.0000,3
2020-01-10,20200110113000000,sh.601216,3.1200,3.1300,3.1100,3.1300,4949882,15440037.0000,3
2020-01-10,20200110140000000,sh.601216,3.1300,3.1300,3.1000,3.1000,7557458,23498511.0000,3
2020-01-10,20200110150000000,sh.601216,3.1100,3.1300,3.1000,3.1100,6987693,21772262.0000,3
2020-01-13,20200113103000000,sh.601216,3.1000,3.1100,3.0700,3.0800,12384348,38220721.0000,3
2020-01-13,20200113113000000,sh.601216,3.0800,3.1000,3.0800,3.1000,4074200,12594636.0000,3
2020-01-13,20200113140000000,sh.601216,3.1000,3.1100,3.0900,3.0900,7546341,23351165.0000,3
2020-01-13,20200113150000000,sh.601216,3.0900,3.1200,3.0800,3.1100,12625800,39109199.0000,3
2020-01-14,20200114103000000,sh.601216,3.1000,3.1500,3.1000,3.1200,18585472,58069419.0000,3
2020-01-14,20200114113000000,sh.601216,3.1200,3.1400,3.1100,3.1200,7466782,23349232.0000,3
2020-01-14,20200114140000000,sh.601216,3.1200,3.1300,3.1100,3.1200,4441282,13857652.0000,3
2020-01-14,20200114150000000,sh.601216,3.1200,3.1200,3.1000,3.1100,8055456,25066903.0000,3
2020-01-15,20200115103000000,sh.601216,3.1400,3.2200,3.1200,3.1400,40801058,129138590.0000,3
2020-01-15,20200115113000000,sh.601216,3.1400,3.1500,3.1200,3.1400,9688122,30392083.0000,3
2020-01-15,20200115140000000,sh.601216,3.1400,3.1400,3.1100,3.1200,7756640,24227172.0000,3
2020-01-15,20200115150000000,sh.601216,3.1300,3.1400,3.1100,3.1100,9433792,29444296.0000,3
2020-01-16,20200116103000000,sh.601216,3.1000,3.1000,3.0600,3.0700,24255756,74554921.0000,3
2020-01-16,20200116113000000,sh.601216,3.0700,3.0800,3.0400,3.0500,13132200,40149111.0000,3
2020-01-16,20200116140000000,sh.601216,3.0400,3.0600,3.0400,3.0500,7384515,22525501.0000,3
2020-01-16,20200116150000000,sh.601216,3.0500,3.0600,3.0300,3.0500,11473461,34923699.0000,3
2020-01-17,20200117103000000,sh.601216,3.0700,3.0800,3.0300,3.0700,11255726,34446233.0000,3
2020-01-17,20200117113000000,sh.601216,3.0700,3.0700,3.0400,3.0400,5279620,16127645.0000,3
2020-01-17,20200117140000000,sh.601216,3.0400,3.0500,3.0400,3.0500,3576320,10885481.0000,3
2020-01-17,20200117150000000,sh.601216,3.0400,3.0700,3.0400,3.0400,7455957,22767440.0000,3
2020-01-20,20200120103000000,sh.601216,3.0400,3.0500,3.0100,3.0400,9038306,27436479.0000,3
2020-01-20,20200120113000000,sh.601216,3.0400,3.0500,3.0300,3.0400,5811240,17637942.0000,3
2020-01-20,20200120140000000,sh.601216,3.0400,3.0500,3.0400,3.0400,4758200,14473882.0000,3
2020-01-20,20200120150000000,sh.601216,3.0400,3.0500,3.0300,3.0500,5996023,18246797.0000,3
2020-01-21,20200121103000000,sh.601216,3.0400,3.0500,3.0200,3.0300,10374057,31460679.0000,3
2020-01-21,20200121113000000,sh.601216,3.0200,3.0400,3.0200,3.0300,4895753,14814545.0000,3
2020-01-21,20200121140000000,sh.601216,3.0300,3.0400,3.0200,3.0300,4421000,13377970.0000,3
2020-01-21,20200121150000000,sh.601216,3.0300,3.0400,3.0100,3.0100,5920410,17893341.0000,3
2020-01-22,20200122103000000,sh.601216,3.0000,3.0100,2.9600,2.9700,14880800,44310590.0000,3
2020-01-22,20200122113000000,sh.601216,2.9700,3.0100,2.9700,3.0000,4740512,14179461.0000,3
2020-01-22,20200122140000000,sh.601216,3.0100,3.0200,2.9900,3.0200,5435162,16315897.0000,3
2020-01-22,20200122150000000,sh.601216,3.0200,3.0300,3.0000,3.0100,4624173,13959527.0000,3
2020-01-23,20200123103000000,sh.601216,3.0000,3.0000,2.9800,2.9900,8018860,23967825.0000,3
2020-01-23,20200123113000000,sh.601216,2.9900,2.9900,2.9600,2.9600,10137540,30132511.0000,3
2020-01-23,20200123140000000,sh.601216,2.9700,2.9700,2.8900,2.9300,17703700,51908252.0000,3
2020-01-23,20200123150000000,sh.601216,2.9200,2.9400,2.9000,2.9200,11214201,32678798.0000,3
2020-02-03,20200203103000000,sh.601216,2.6300,2.6300,2.6300,2.6300,14347800,37734714.0000,3
2020-02-03,20200203113000000,sh.601216,2.6300,2.6300,2.6300,2.6300,2759400,7257222.0000,3
2020-02-03,20200203140000000,sh.601216,2.6300,2.6300,2.6300,2.6300,1486600,3909758.0000,3
2020-02-03,20200203150000000,sh.601216,2.6300,2.6300,2.6300,2.6300,878300,2309929.0000,3
2020-02-04,20200204103000000,sh.601216,2.3900,2.6000,2.3900,2.5500,34835963,87970193.0000,3
2020-02-04,20200204113000000,sh.601216,2.5500,2.5600,2.4900,2.5200,14238726,35908803.0000,3
2020-02-04,20200204140000000,sh.601216,2.5100,2.5500,2.5100,2.5400,10403588,26283997.0000,3
2020-02-04,20200204150000000,sh.601216,2.5400,2.5500,2.5100,2.5200,12693302,32097900.0000,3
2020-02-05,20200205103000000,sh.601216,2.5400,2.6000,2.5200,2.6000,16678161,42815633.0000,3
2020-02-05,20200205113000000,sh.601216,2.6000,2.6200,2.5600,2.5800,11598145,30025976.0000,3
2020-02-05,20200205140000000,sh.601216,2.5800,2.5900,2.5500,2.5500,6882396,17690893.0000,3
2020-02-05,20200205150000000,sh.601216,2.5600,2.5800,2.5500,2.5800,8576873,21994182.0000,3
2020-02-06,20200206103000000,sh.601216,2.5800,2.5900,2.5500,2.5700,9359706,24039733.0000,3
2020-02-06,20200206113000000,sh.601216,2.5700,2.6100,2.5700,2.6100,9265147,23995167.0000,3
2020-02-06,20200206140000000,sh.601216,2.6100,2.6300,2.6000,2.6200,8748753,22862170.0000,3
2020-02-06,20200206150000000,sh.601216,2.6200,2.6400,2.6000,2.6200,11212706,29313626.0000,3
2020-02-07,20200207103000000,sh.601216,2.6100,2.6300,2.5800,2.6200,13533226,35349724.0000,3
2020-02-07,20200207113000000,sh.601216,2.6200,2.6200,2.5800,2.5800,7149925,18546330.0000,3
2020-02-07,20200207140000000,sh.601216,2.5900,2.6000,2.5800,2.5900,3408640,8811549.0000,3
2020-02-07,20200207150000000,sh.601216,2.5900,2.6200,2.5800,2.6200,8986476,23394838.0000,3
2020-02-10,20200210103000000,sh.601216,2.6000,2.7300,2.5900,2.6900,27279640,73033150.0000,3
2020-02-10,20200210113000000,sh.601216,2.6900,2.7400,2.6800,2.6900,11407800,30915657.0000,3
2020-02-10,20200210140000000,sh.601216,2.6900,2.7200,2.6900,2.7100,6215900,16818855.0000,3
2020-02-10,20200210150000000,sh.601216,2.7000,2.7600,2.7000,2.7500,13325032,36466489.0000,3
2020-02-11,20200211103000000,sh.601216,2.7300,2.7500,2.7100,2.7200,11059900,30194464.0000,3
2020-02-11,20200211113000000,sh.601216,2.7200,2.7300,2.6900,2.7000,8949031,24235255.0000,3
2020-02-11,20200211140000000,sh.601216,2.7000,2.7200,2.7000,2.7100,4349390,11785417.0000,3
2020-02-11,20200211150000000,sh.601216,2.7100,2.7300,2.7000,2.7000,6197958,16809165.0000,3
2020-02-12,20200212103000000,sh.601216,2.7100,2.7600,2.7000,2.7500,9299711,25362131.0000,3
2020-02-12,20200212113000000,sh.601216,2.7500,2.7900,2.7500,2.7800,12551319,34767731.0000,3
2020-02-12,20200212140000000,sh.601216,2.7800,2.7800,2.7500,2.7600,5793727,16037255.0000,3
2020-02-12,20200212150000000,sh.601216,2.7700,2.7900,2.7600,2.7900,10276431,28554908.0000,3
2020-02-13,20200213103000000,sh.601216,2.7800,2.8200,2.7600,2.8000,16437137,45873747.0000,3
2020-02-13,20200213113000000,sh.601216,2.8000,2.8400,2.7900,2.8100,9930439,28031974.0000,3
2020-02-13,20200213140000000,sh.601216,2.8200,2.8200,2.7900,2.7900,8836460,24785220.0000,3
2020-02-13,20200213150000000,sh.601216,2.7900,2.8100,2.7800,2.7900,5179165,14478341.0000,3
2020-02-14,20200214103000000,sh.601216,2.7700,2.8000,2.7500,2.7800,7885958,21899452.0000,3
2020-02-14,20200214113000000,sh.601216,2.7800,2.8200,2.7700,2.8100,7013776,19623926.0000,3
2020-02-14,20200214140000000,sh.601216,2.8100,2.8100,2.7800,2.7800,3101024,8651886.0000,3
2020-02-14,20200214150000000,sh.601216,2.7800,2.7900,2.7600,2.7800,7161039,19890460.0000,3
2020-02-17,20200217103000000,sh.601216,2.7900,2.8700,2.7800,2.8400,14925793,42427946.0000,3
2020-02-17,20200217113000000,sh.601216,2.8400,2.8500,2.8300,2.8400,5162400,14676989.0000,3
2020-02-17,20200217140000000,sh.601216,2.8400,2.8700,2.8400,2.8700,7795085,22278255.0000,3
2020-02-17,20200217150000000,sh.601216,2.8700,2.8800,2.8500,2.8700,12210239,34991901.0000,3
2020-02-18,20200218103000000,sh.601216,3.0200,3.0700,2.9200,2.9300,48363924,144389136.0000,3
2020-02-18,20200218113000000,sh.601216,2.9300,2.9500,2.8800,2.9500,17434509,50690852.0000,3
2020-02-18,20200218140000000,sh.601216,2.9500,2.9500,2.9200,2.9300,7418437,21779885.0000,3
2020-02-18,20200218150000000,sh.601216,2.9300,2.9500,2.9000,2.9200,11867691,34677466.0000,3
2020-02-19,20200219103000000,sh.601216,2.9100,2.9600,2.8800,2.9400,16897234,49296659.0000,3
2020-02-19,20200219113000000,sh.601216,2.9300,2.9400,2.9000,2.9200,5551654,16216112.0000,3
2020-02-19,20200219140000000,sh.601216,2.9300,3.0500,2.9000,2.9900,32260484,96341064.0000,3
2020-02-19,20200219150000000,sh.601216,2.9900,3.0300,2.9600,2.9900,18732733,56074094.0000,3
2020-02-20,20200220103000000,sh.601216,2.9600,3.0000,2.9200,2.9300,19329312,57202830.0000,3
2020-02-20,20200220113000000,sh.601216,2.9300,2.9700,2.9300,2.9500,6713632,19757272.0000,3
2020-02-20,20200220140000000,sh.601216,2.9500,2.9900,2.9400,2.9800,10911448,32374998.0000,3
2020-02-20,20200220150000000,sh.601216,2.9800,3.0100,2.9600,2.9900,18379353,54919064.0000,3
2020-02-21,20200221103000000,sh.601216,2.9900,2.9900,2.9400,2.9600,20453749,60620836.0000,3
2020-02-21,20200221113000000,sh.601216,2.9600,2.9700,2.9500,2.9700,8879961,26249716.0000,3
2020-02-21,20200221140000000,sh.601216,2.9700,2.9900,2.9400,2.9500,12212440,36236785.0000,3
2020-02-21,20200221150000000,sh.601216,2.9500,2.9700,2.9500,2.9600,10146587,30008910.0000,3
2020-02-24,20200224103000000,sh.601216,2.9400,2.9500,2.9000,2.9100,21159711,61811625.0000,3
2020-02-24,20200224113000000,sh.601216,2.9100,2.9300,2.9000,2.9200,9340553,27185603.0000,3
2020-02-24,20200224140000000,sh.601216,2.9300,2.9300,2.9100,2.9200,9251627,26995458.0000,3
2020-02-24,20200224150000000,sh.601216,2.9200,2.9300,2.9000,2.9100,11080136,32309740.0000,3
2020-02-25,20200225103000000,sh.601216,2.8700,2.8700,2.8300,2.8500,19889364,56687630.0000,3
2020-02-25,20200225113000000,sh.601216,2.8500,2.8600,2.7500,2.8000,20534770,57666308.0000,3
2020-02-25,20200225140000000,sh.601216,2.8000,2.8400,2.7900,2.8400,8394282,23621378.0000,3
2020-02-25,20200225150000000,sh.601216,2.8400,2.9000,2.8300,2.8700,14506341,41547367.0000,3
2020-02-26,20200226103000000,sh.601216,2.8200,2.9200,2.8100,2.8800,23606230,67744367.0000,3
2020-02-26,20200226113000000,sh.601216,2.8800,2.9100,2.8500,2.8800,7520843,21661223.0000,3
2020-02-26,20200226140000000,sh.601216,2.8900,2.9200,2.8800,2.8900,10023638,29084407.0000,3
2020-02-26,20200226150000000,sh.601216,2.8900,2.9000,2.8500,2.8600,10808120,31095813.0000,3
2020-02-27,20200227103000000,sh.601216,2.8700,2.8900,2.8300,2.8500,13115484,37500763.0000,3
2020-02-27,20200227113000000,sh.601216,2.8500,2.8700,2.8500,2.8700,5762380,16485886.0000,3
2020-02-27,20200227140000000,sh.601216,2.8700,2.8900,2.8600,2.8700,6908224,19854221.0000,3
2020-02-27,20200227150000000,sh.601216,2.8700,2.8800,2.8600,2.8700,6102100,17494981.0000,3
2020-02-28,20200228103000000,sh.601216,2.7900,2.8200,2.7600,2.7600,20312164,56605955.0000,3
2020-02-28,20200228113000000,sh.601216,2.7600,2.7800,2.7500,2.7600,10502320,28994040.0000,3
2020-02-28,20200228140000000,sh.601216,2.7500,2.7600,2.7200,2.7500,7689095,21100137.0000,3
2020-02-28,20200228150000000,sh.601216,2.7500,2.7700,2.7000,2.7000,12982485,35377370.0000,3
2020-03-02,20200302103000000,sh.601216,2.7200,2.7800,2.7200,2.7700,13204394,36270357.0000,3
2020-03-02,20200302113000000,sh.601216,2.7700,2.7900,2.7600,2.7900,6986243,19430154.0000,3
2020-03-02,20200302140000000,sh.601216,2.7900,2.8300,2.7800,2.8100,10460680,29338564.0000,3
2020-03-02,20200302150000000,sh.601216,2.8200,2.8200,2.8000,2.8000,6067800,17054275.0000,3
2020-03-03,20200303103000000,sh.601216,2.8300,2.8700,2.8100,2.8600,15787321,44776816.0000,3
2020-03-03,20200303113000000,sh.601216,2.8600,2.8700,2.8400,2.8400,7711400,22007414.0000,3
2020-03-03,20200303140000000,sh.601216,2.8400,2.8500,2.8100,2.8200,6636300,18773928.0000,3
2020-03-03,20200303150000000,sh.601216,2.8200,2.8300,2.8000,2.8200,6591180,18558715.0000,3
2020-03-04,20200304103000000,sh.601216,2.8000,2.8500,2.7900,2.8200,13585340,38296743.0000,3
2020-03-04,20200304113000000,sh.601216,2.8200,2.8300,2.8100,2.8200,3132399,8835573.0000,3
2020-03-04,20200304140000000,sh.601216,2.8200,2.8300,2.7700,2.7900,9297843,26012146.0000,3
2020-03-04,20200304150000000,sh.601216,2.7900,2.8300,2.7900,2.8300,7913415,22269269.0000,3
2020-03-05,20200305103000000,sh.601216,2.8700,2.8800,2.8400,2.8700,18228017,52171765.0000,3
2020-03-05,20200305113000000,sh.601216,2.8700,2.9300,2.8700,2.8900,19516875,56563119.0000,3
2020-03-05,20200305140000000,sh.601216,2.9000,2.9300,2.8900,2.8900,12068040,35088988.0000,3
2020-03-05,20200305150000000,sh.601216,2.8900,2.9100,2.8900,2.9100,9595030,27821912.0000,3
2020-03-06,20200306103000000,sh.601216,2.8600,2.8900,2.8500,2.8600,15525600,44528762.0000,3
2020-03-06,20200306113000000,sh.601216,2.8700,2.8800,2.8500,2.8700,7017214,20103602.0000,3
2020-03-06,20200306140000000,sh.601216,2.8700,2.8900,2.8600,2.8800,6888460,19795799.0000,3
2020-03-06,20200306150000000,sh.601216,2.8800,2.8900,2.8600,2.8700,7115200,20451148.0000,3
2020-03-09,20200309103000000,sh.601216,2.8200,2.8300,2.7600,2.7800,30066926,83888356.0000,3
2020-03-09,20200309113000000,sh.601216,2.7800,2.7800,2.7400,2.7500,11739580,32374288.0000,3
2020-03-09,20200309140000000,sh.601216,2.7600,2.7700,2.7400,2.7600,9165996,25226915.0000,3
2020-03-09,20200309150000000,sh.601216,2.7600,2.7800,2.7500,2.7500,10603095,29236213.0000,3
2020-03-10,20200310103000000,sh.601216,2.7000,2.7600,2.6800,2.7000,21227600,57524286.0000,3
2020-03-10,20200310113000000,sh.601216,2.7000,2.7400,2.6600,2.7400,7980780,21464930.0000,3
2020-03-10,20200310140000000,sh.601216,2.7300,2.7800,2.7300,2.7600,8405600,23209340.0000,3
2020-03-10,20200310150000000,sh.601216,2.7600,2.8200,2.7500,2.7800,14934971,41636327.0000,3
2020-03-11,20200311103000000,sh.601216,2.7800,2.8100,2.7600,2.8000,12547072,34919979.0000,3
2020-03-11,20200311113000000,sh.601216,2.7900,2.8000,2.7700,2.7800,6311502,17554069.0000,3
2020-03-11,20200311140000000,sh.601216,2.7900,2.7900,2.7600,2.7600,6268800,17376038.0000,3
2020-03-11,20200311150000000,sh.601216,2.7600,2.7700,2.7400,2.7400,7483700,20620528.0000,3
2020-03-12,20200312103000000,sh.601216,2.7100,2.7400,2.6900,2.7100,15540149,42153920.0000,3
2020-03-12,20200312113000000,sh.601216,2.7000,2.7300,2.7000,2.7100,4606568,12484739.0000,3
2020-03-12,20200312140000000,sh.601216,2.7000,2.7100,2.6600,2.6800,12559730,33661755.0000,3
2020-03-12,20200312150000000,sh.601216,2.6800,2.6900,2.6600,2.6900,9138002,24439752.0000,3
2020-03-13,20200313103000000,sh.601216,2.5800,2.6200,2.5500,2.6100,18971502,49033705.0000,3
2020-03-13,20200313113000000,sh.601216,2.6100,2.6300,2.5800,2.5800,7497600,19547053.0000,3
2020-03-13,20200313140000000,sh.601216,2.5800,2.6800,2.5800,2.6400,10238002,27011955.0000,3
2020-03-13,20200313150000000,sh.601216,2.6400,2.6600,2.6200,2.6500,5440440,14396480.0000,3
2020-03-16,20200316103000000,sh.601216,2.7000,2.7000,2.6400,2.6400,13243000,35231242.0000,3
2020-03-16,20200316113000000,sh.601216,2.6500,2.6700,2.6400,2.6600,3253000,8647482.0000,3
2020-03-16,20200316140000000,sh.601216,2.6600,2.6600,2.6100,2.6200,6439600,16926965.0000,3
2020-03-16,20200316150000000,sh.601216,2.6200,2.6200,2.5700,2.5800,9540600,24709239.0000,3
2020-03-17,20200317103000000,sh.601216,2.6000,2.6400,2.5200,2.5700,15364650,39476713.0000,3
2020-03-17,20200317113000000,sh.601216,2.5700,2.6000,2.5600,2.6000,4666587,12034765.0000,3
2020-03-17,20200317140000000,sh.601216,2.6000,2.6000,2.5500,2.5700,3705200,9550314.0000,3
2020-03-17,20200317150000000,sh.601216,2.5700,2.5800,2.5500,2.5800,4374346,11226891.0000,3
2020-03-18,20200318103000000,sh.601216,2.6000,2.6300,2.5800,2.5900,11123900,28976313.0000,3
2020-03-18,20200318113000000,sh.601216,2.5900,2.6200,2.5800,2.6100,3373995,8780256.0000,3
2020-03-18,20200318140000000,sh.601216,2.6200,2.6200,2.5600,2.5700,4822415,12465515.0000,3
2020-03-18,20200318150000000,sh.601216,2.5700,2.5800,2.5400,2.5500,6491193,16581572.0000,3
2020-03-19,20200319103000000,sh.601216,2.5300,2.5700,2.5200,2.5300,11590562,29465286.0000,3
2020-03-19,20200319113000000,sh.601216,2.5300,2.5400,2.4900,2.5100,10754204,27025359.0000,3
2020-03-19,20200319140000000,sh.601216,2.5100,2.5300,2.5000,2.5300,5466025,13728660.0000,3
2020-03-19,20200319150000000,sh.601216,2.5200,2.5500,2.5200,2.5200,8013942,20285413.0000,3
2020-03-20,20200320103000000,sh.601216,2.5400,2.5500,2.5200,2.5200,8142134,20631323.0000,3
2020-03-20,20200320113000000,sh.601216,2.5200,2.5300,2.5000,2.5100,3387090,8515225.0000,3
2020-03-20,20200320140000000,sh.601216,2.5000,2.5600,2.5000,2.5400,7446809,18864547.0000,3
2020-03-20,20200320150000000,sh.601216,2.5400,2.5600,2.5300,2.5500,5612998,14317870.0000,3
2020-03-23,20200323103000000,sh.601216,2.5000,2.5200,2.4600,2.4800,12973879,32339054.0000,3
2020-03-23,20200323113000000,sh.601216,2.4900,2.5100,2.4800,2.5100,3135400,7810694.0000,3
2020-03-23,20200323140000000,sh.601216,2.5100,2.5100,2.4700,2.4800,3484001,8662741.0000,3
2020-03-23,20200323150000000,sh.601216,2.4800,2.4900,2.4400,2.4500,9278178,22847201.0000,3
2020-03-24,20200324103000000,sh.601216,2.4900,2.5100,2.4600,2.4800,12788302,31744931.0000,3
2020-03-24,20200324113000000,sh.601216,2.4800,2.5500,2.4400,2.5200,31193585,78207830.0000,3
2020-03-24,20200324140000000,sh.601216,2.5200,2.5200,2.4400,2.4800,10462577,25834820.0000,3
2020-03-24,20200324150000000,sh.601216,2.4800,2.5000,2.4600,2.5000,8651396,21511019.0000,3
2020-03-25,20200325103000000,sh.601216,2.5400,2.5400,2.5000,2.5200,28913975,72794701.0000,3
2020-03-25,20200325113000000,sh.601216,2.5200,2.5300,2.5100,2.5300,6292301,15857988.0000,3
2020-03-25,20200325140000000,sh.601216,2.5200,2.5600,2.5100,2.5400,10238020,25931564.0000,3
2020-03-25,20200325150000000,sh.601216,2.5400,2.5500,2.5200,2.5200,7557173,19123935.0000,3
2020-03-26,20200326103000000,sh.601216,2.5100,2.5200,2.4900,2.5100,8007964,20077955.0000,3
2020-03-26,20200326113000000,sh.601216,2.5100,2.5200,2.5000,2.5000,4858200,12186225.0000,3
2020-03-26,20200326140000000,sh.601216,2.5100,2.5200,2.4900,2.5000,4903985,12278804.0000,3
2020-03-26,20200326150000000,sh.601216,2.5000,2.5100,2.4900,2.5000,5533009,13821174.0000,3
2020-03-27,20200327103000000,sh.601216,2.5200,2.5300,2.5000,2.5100,6917738,17394140.0000,3
2020-03-27,20200327113000000,sh.601216,2.5100,2.5400,2.5000,2.5400,6300856,15866723.0000,3
2020-03-27,20200327140000000,sh.601216,2.5300,2.5400,2.5100,2.5300,4030665,10194661.0000,3
2020-03-27,20200327150000000,sh.601216,2.5300,2.5300,2.5000,2.5000,5168383,12974989.0000,3
2020-03-30,20200330103000000,sh.601216,2.4800,2.4900,2.4400,2.4600,10219988,25101475.0000,3
2020-03-30,20200330113000000,sh.601216,2.4700,2.4700,2.4400,2.4500,3437843,8430531.0000,3
2020-03-30,20200330140000000,sh.601216,2.4500,2.4700,2.4400,2.4600,3958346,9735174.0000,3
2020-03-30,20200330150000000,sh.601216,2.4600,2.4700,2.4400,2.4500,6141534,15052380.0000,3
2020-03-31,20200331103000000,sh.601216,2.4700,2.4700,2.4400,2.4500,6197820,15228670.0000,3
2020-03-31,20200331113000000,sh.601216,2.4400,2.4700,2.4400,2.4500,3996965,9809505.0000,3
2020-03-31,20200331140000000,sh.601216,2.4600,2.4700,2.4500,2.4600,3660713,8999223.0000,3
2020-03-31,20200331150000000,sh.601216,2.4500,2.4600,2.4400,2.4600,5531920,13559194.0000,3
2020-04-01,20200401103000000,sh.601216,2.4500,2.4700,2.4400,2.4500,5384067,13226159.0000,3
2020-04-01,20200401113000000,sh.601216,2.4500,2.4700,2.4500,2.4500,3737300,9197112.0000,3
2020-04-01,20200401140000000,sh.601216,2.4500,2.4700,2.4400,2.4400,3396900,8327628.0000,3
2020-04-01,20200401150000000,sh.601216,2.4400,2.4500,2.4300,2.4300,5018260,12227688.0000,3
2020-04-02,20200402103000000,sh.601216,2.4100,2.4400,2.4100,2.4300,4697276,11398812.0000,3
2020-04-02,20200402113000000,sh.601216,2.4300,2.4500,2.4100,2.4500,4145600,10087983.0000,3
2020-04-02,20200402140000000,sh.601216,2.4400,2.4500,2.4300,2.4400,2351100,5736019.0000,3
2020-04-02,20200402150000000,sh.601216,2.4400,2.4800,2.4400,2.4700,9414777,23151016.0000,3
2020-04-03,20200403103000000,sh.601216,2.4600,2.4700,2.4400,2.4600,5518511,13526023.0000,3
2020-04-03,20200403113000000,sh.601216,2.4500,2.4600,2.4300,2.4300,4345900,10620910.0000,3
2020-04-03,20200403140000000,sh.601216,2.4400,2.4500,2.4300,2.4400,2112860,5150353.0000,3
2020-04-03,20200403150000000,sh.601216,2.4500,2.4500,2.4300,2.4400,4076688,9936669.0000,3
2020-04-07,20200407103000000,sh.601216,2.4900,2.5200,2.4600,2.5000,16728240,41669650.0000,3
2020-04-07,20200407113000000,sh.601216,2.4900,2.5100,2.4900,2.5000,4709800,11767132.0000,3
2020-04-07,20200407140000000,sh.601216,2.5000,2.5100,2.4900,2.5000,6187020,15468231.0000,3
2020-04-07,20200407150000000,sh.601216,2.5000,2.5100,2.4900,2.5000,5663800,14176544.0000,3
2020-04-08,20200408103000000,sh.601216,2.4900,2.5200,2.4800,2.5100,7572556,18891036.0000,3
2020-04-08,20200408113000000,sh.601216,2.5100,2.5200,2.4900,2.5000,3828595,9581225.0000,3
2020-04-08,20200408140000000,sh.601216,2.5000,2.5400,2.4900,2.5300,10008960,25236501.0000,3
2020-04-08,20200408150000000,sh.601216,2.5300,2.5300,2.5100,2.5200,5380816,13557819.0000,3
2020-04-09,20200409103000000,sh.601216,2.5300,2.6400,2.5200,2.6300,17931306,46130945.0000,3
2020-04-09,20200409113000000,sh.601216,2.6400,2.7600,2.6100,2.6800,47901139,128750550.0000,3
2020-04-09,20200409140000000,sh.601216,2.6800,2.7200,2.6700,2.6700,9994300,26898917.0000,3
2020-04-09,20200409150000000,sh.601216,2.6800,2.6900,2.6500,2.6700,12156094,32421927.0000,3
2020-04-10,20200410103000000,sh.601216,2.6500,2.6600,2.5900,2.6300,19573835,51213790.0000,3
2020-04-10,20200410113000000,sh.601216,2.6300,2.6300,2.6000,2.6000,5071760,13244941.0000,3
2020-04-10,20200410140000000,sh.601216,2.6000,2.6000,2.5700,2.5800,6525800,16852052.0000,3
2020-04-10,20200410150000000,sh.601216,2.5800,2.5900,2.5700,2.5800,7441522,19161924.0000,3
2020-04-13,20200413103000000,sh.601216,2.5600,2.6500,2.5300,2.6100,11028940,28601289.0000,3
2020-04-13,20200413113000000,sh.601216,2.6100,2.6200,2.5700,2.5900,3967014,10314765.0000,3
2020-04-13,20200413140000000,sh.601216,2.5800,2.5900,2.5700,2.5800,2106660,5426862.0000,3
2020-04-13,20200413150000000,sh.601216,2.5800,2.6000,2.5700,2.5800,3649790,9422396.0000,3
2020-04-14,20200414103000000,sh.601216,2.6000,2.6000,2.5600,2.5700,5852260,15071173.0000,3
2020-04-14,20200414113000000,sh.601216,2.5700,2.5900,2.5700,2.5800,3665654,9465188.0000,3
2020-04-14,20200414140000000,sh.601216,2.5800,2.5900,2.5700,2.5800,3858184,9955681.0000,3
2020-04-14,20200414150000000,sh.601216,2.5800,2.6100,2.5800,2.6000,7870374,20448016.0000,3
2020-04-15,20200415103000000,sh.601216,2.5900,2.6100,2.5700,2.5700,7280924,18884457.0000,3
2020-04-15,20200415113000000,sh.601216,2.5700,2.5900,2.5600,2.5800,4397200,11316215.0000,3
2020-04-15,20200415140000000,sh.601216,2.5800,2.5900,2.5600,2.5600,6339300,16284418.0000,3
2020-04-15,20200415150000000,sh.601216,2.5600,2.5700,2.5400,2.5400,6391878,16323073.0000,3
2020-04-16,20200416103000000,sh.601216,2.5400,2.6000,2.5300,2.5800,12219398,31483390.0000,3
2020-04-16,20200416113000000,sh.601216,2.5700,2.5800,2.5500,2.5600,2908364,7460624.0000,3
2020-04-16,20200416140000000,sh.601216,2.5600,2.5800,2.5600,2.5800,2853209,7339737.0000,3
2020-04-16,20200416150000000,sh.601216,2.5800,2.6000,2.5700,2.5800,7941094,20501491.0000,3
2020-04-17,20200417103000000,sh.601216,2.5900,2.5900,2.5700,2.5800,7515304,19402749.0000,3
2020-04-17,20200417113000000,sh.601216,2.5800,2.5900,2.5500,2.5800,5382566,13820362.0000,3
2020-04-17,20200417140000000,sh.601216,2.5700,2.5800,2.5600,2.5800,2936840,7550261.0000,3
2020-04-17,20200417150000000,sh.601216,2.5700,2.5800,2.5500,2.5700,6099850,15607302.0000,3
2020-04-20,20200420103000000,sh.601216,2.5600,2.5700,2.5400,2.5500,5563400,14178881.0000,3
2020-04-20,20200420113000000,sh.601216,2.5500,2.5600,2.5400,2.5500,3008580,7666781.0000,3
2020-04-20,20200420140000000,sh.601216,2.5500,2.5600,2.5500,2.5600,2506372,6407375.0000,3
2020-04-20,20200420150000000,sh.601216,2.5600,2.5900,2.5600,2.5800,6831764,17598006.0000,3
2020-04-21,20200421103000000,sh.601216,2.5700,2.5800,2.5500,2.5600,5339040,13652815.0000,3
2020-04-21,20200421113000000,sh.601216,2.5600,2.5600,2.5300,2.5400,4067549,10356060.0000,3
2020-04-21,20200421140000000,sh.601216,2.5500,2.5500,2.5300,2.5500,4001024,10171942.0000,3
2020-04-21,20200421150000000,sh.601216,2.5500,2.5700,2.5400,2.5600,2738700,7001114.0000,3
2020-04-22,20200422103000000,sh.601216,2.7200,2.8200,2.7100,2.8200,57530032,160811094.0000,3
2020-04-22,20200422113000000,sh.601216,2.8200,2.8200,2.8200,2.8200,1901650,5362653.0000,3
2020-04-22,20200422140000000,sh.601216,2.8200,2.8200,2.8200,2.8200,1330800,3752856.0000,3
2020-04-22,20200422150000000,sh.601216,2.8200,2.8200,2.8200,2.8200,995097,2806173.0000,3
2020-04-23,20200423103000000,sh.601216,3.0500,3.0500,2.9100,2.9400,155815094,464521824.0000,3
2020-04-23,20200423113000000,sh.601216,2.9300,2.9600,2.9300,2.9400,16752643,49280704.0000,3
2020-04-23,20200423140000000,sh.601216,2.9300,3.0000,2.9300,2.9800,27432976,81306848.0000,3
2020-04-23,20200423150000000,sh.601216,2.9700,2.9800,2.9100,2.9200,26987863,79235712.0000,3
2020-04-24,20200424103000000,sh.601216,2.9000,2.9500,2.8500,2.8600,49795835,143863474.0000,3
2020-04-24,20200424113000000,sh.601216,2.8600,2.8800,2.8500,2.8700,11986464,34337254.0000,3
2020-04-24,20200424140000000,sh.601216,2.8700,2.8700,2.8200,2.8300,16499547,46854240.0000,3
2020-04-24,20200424150000000,sh.601216,2.8300,2.8500,2.8200,2.8300,13110788,37116762.0000,3
2020-04-27,20200427103000000,sh.601216,2.8100,2.8600,2.7500,2.8300,29035185,81321895.0000,3
2020-04-27,20200427113000000,sh.601216,2.8200,2.8300,2.8100,2.8300,3864279,10884024.0000,3
2020-04-27,20200427140000000,sh.601216,2.8300,2.8300,2.8100,2.8200,5655173,15944812.0000,3
2020-04-27,20200427150000000,sh.601216,2.8200,2.8200,2.7900,2.8000,10215078,28619272.0000,3
2020-04-28,20200428103000000,sh.601216,2.7700,2.8000,2.6800,2.7500,26936082,73900165.0000,3
2020-04-28,20200428113000000,sh.601216,2.7500,2.7900,2.7400,2.7900,7538591,20905794.0000,3
2020-04-28,20200428140000000,sh.601216,2.7900,2.7900,2.7600,2.7800,4790923,13287792.0000,3
2020-04-28,20200428150000000,sh.601216,2.7800,2.7800,2.7500,2.7500,8060648,22271549.0000,3
2020-04-29,20200429103000000,sh.601216,2.7700,2.8600,2.7500,2.8100,22619258,63717253.0000,3
2020-04-29,20200429113000000,sh.601216,2.8100,2.8300,2.8100,2.8200,6144900,17322603.0000,3
2020-04-29,20200429140000000,sh.601216,2.8200,2.8200,2.7900,2.7900,4895044,13737734.0000,3
2020-04-29,20200429150000000,sh.601216,2.7900,2.8100,2.7900,2.8100,7146723,20004131.0000,3
2020-04-30,20200430103000000,sh.601216,2.8600,2.8800,2.8300,2.8300,17580400,50154319.0000,3
2020-04-30,20200430113000000,sh.601216,2.8300,2.8500,2.8300,2.8500,5922600,16828094.0000,3
2020-04-30,20200430140000000,sh.601216,2.8400,2.8600,2.8400,2.8600,7711622,21992483.0000,3
2020-04-30,20200430150000000,sh.601216,2.8600,2.8900,2.8500,2.8700,18523314,53181554.0000,3
2020-05-06,20200506103000000,sh.601216,2.8500,2.8800,2.8200,2.8700,16476226,47116892.0000,3
2020-05-06,20200506113000000,sh.601216,2.8600,2.8800,2.8600,2.8800,5655110,16241569.0000,3
2020-05-06,20200506140000000,sh.601216,2.8700,2.8800,2.8700,2.8800,5653700,16250472.0000,3
2020-05-06,20200506150000000,sh.601216,2.8700,2.9100,2.8700,2.8900,13594126,39318592.0000,3
2020-05-07,20200507103000000,sh.601216,2.8900,2.9000,2.8600,2.8800,10806900,31059664.0000,3
2020-05-07,20200507113000000,sh.601216,2.8800,2.8900,2.8700,2.8800,3112800,8951054.0000,3
2020-05-07,20200507140000000,sh.601216,2.8700,2.8800,2.8600,2.8700,8912928,25552955.0000,3
2020-05-07,20200507150000000,sh.601216,2.8700,2.8700,2.8500,2.8600,6929442,19833867.0000,3
2020-05-08,20200508103000000,sh.601216,2.8700,2.9000,2.8600,2.8900,11362579,32735414.0000,3
2020-05-08,20200508113000000,sh.601216,2.8900,2.8900,2.8700,2.8900,5027228,14483689.0000,3
2020-05-08,20200508140000000,sh.601216,2.8800,2.8900,2.8700,2.8700,5261004,15151707.0000,3
2020-05-08,20200508150000000,sh.601216,2.8700,2.8800,2.8600,2.8700,6704976,19257458.0000,3
2020-05-11,20200511103000000,sh.601216,2.8800,2.8900,2.8700,2.8800,9834300,28325289.0000,3
2020-05-11,20200511113000000,sh.601216,2.8800,2.8900,2.8700,2.8800,2889708,8332554.0000,3
2020-05-11,20200511140000000,sh.601216,2.8900,2.8900,2.8700,2.8700,3798246,10924820.0000,3
2020-05-11,20200511150000000,sh.601216,2.8700,2.8800,2.8600,2.8700,6771458,19435451.0000,3
2020-05-12,20200512103000000,sh.601216,2.8700,2.8900,2.8600,2.8800,8479423,24369792.0000,3
2020-05-12,20200512113000000,sh.601216,2.8700,2.8800,2.8600,2.8600,3641897,10453720.0000,3
2020-05-12,20200512140000000,sh.601216,2.8600,2.8800,2.8600,2.8800,4039794,11586129.0000,3
2020-05-12,20200512150000000,sh.601216,2.8800,2.8800,2.8600,2.8700,3726780,10692723.0000,3
2020-05-13,20200513103000000,sh.601216,2.8700,2.8700,2.8500,2.8700,6246840,17873001.0000,3
2020-05-13,20200513113000000,sh.601216,2.8600,2.8700,2.8600,2.8600,2023600,5793216.0000,3
2020-05-13,20200513140000000,sh.601216,2.8700,2.8700,2.8600,2.8700,4413860,12636427.0000,3
2020-05-13,20200513150000000,sh.601216,2.8600,2.8700,2.8500,2.8700,6536466,18697997.0000,3
2020-05-14,20200514103000000,sh.601216,2.8600,2.8700,2.8300,2.8300,7605500,21642782.0000,3
2020-05-14,20200514113000000,sh.601216,2.8400,2.8500,2.8300,2.8500,6630680,18825815.0000,3
2020-05-14,20200514140000000,sh.601216,2.8500,2.8600,2.8400,2.8500,7643122,21745131.0000,3
2020-05-14,20200514150000000,sh.601216,2.8500,2.8500,2.8300,2.8300,5534700,15712367.0000,3
2020-05-15,20200515103000000,sh.601216,2.8400,2.8500,2.8300,2.8400,5431784,15413781.0000,3
2020-05-15,20200515113000000,sh.601216,2.8400,2.8400,2.8300,2.8300,1476200,4182194.0000,3
2020-05-15,20200515140000000,sh.601216,2.8300,2.8400,2.8300,2.8300,2172128,6153306.0000,3
2020-05-15,20200515150000000,sh.601216,2.8300,2.8400,2.8000,2.8100,8632809,24319077.0000,3
2020-05-18,20200518103000000,sh.601216,2.8300,2.8400,2.8100,2.8300,5392984,15213925.0000,3
2020-05-18,20200518113000000,sh.601216,2.8300,2.8700,2.8200,2.8600,11042174,31424794.0000,3
2020-05-18,20200518140000000,sh.601216,2.8500,2.8600,2.8400,2.8500,2955600,8425226.0000,3
2020-05-18,20200518150000000,sh.601216,2.8500,2.8500,2.8300,2.8300,5124618,14532630.0000,3
2020-05-19,20200519103000000,sh.601216,2.8400,2.8600,2.8300,2.8300,5825400,16549948.0000,3
2020-05-19,20200519113000000,sh.601216,2.8300,2.8400,2.8200,2.8200,3599200,10185183.0000,3
2020-05-19,20200519140000000,sh.601216,2.8200,2.8300,2.8200,2.8300,1846986,5218102.0000,3
2020-05-19,20200519150000000,sh.601216,2.8300,2.8400,2.8200,2.8300,4164060,11788077.0000,3
2020-05-20,20200520103000000,sh.601216,2.8800,3.0000,2.8800,2.9700,63351892,187166625.0000,3
2020-05-20,20200520113000000,sh.601216,2.9700,2.9700,2.9500,2.9700,9819374,29099691.0000,3
2020-05-20,20200520140000000,sh.601216,2.9700,2.9800,2.9600,2.9800,7638442,22722037.0000,3
2020-05-20,20200520150000000,sh.601216,2.9800,2.9800,2.9500,2.9600,12424784,36838351.0000,3
2020-05-21,20200521103000000,sh.601216,2.9800,3.0000,2.9500,2.9600,23944391,71215063.0000,3
2020-05-21,20200521113000000,sh.601216,2.9600,2.9700,2.9500,2.9700,7274142,21530204.0000,3
2020-05-21,20200521140000000,sh.601216,2.9700,2.9700,2.9500,2.9500,8187400,24256195.0000,3
2020-05-21,20200521150000000,sh.601216,2.9500,2.9600,2.9400,2.9600,10389821,30681383.0000,3
2020-05-22,20200522103000000,sh.601216,2.9600,2.9700,2.9100,2.9400,16055773,47115938.0000,3
2020-05-22,20200522113000000,sh.601216,2.9300,2.9400,2.9200,2.9200,6441600,18849201.0000,3
2020-05-22,20200522140000000,sh.601216,2.9300,2.9400,2.9100,2.9400,8398359,24581744.0000,3
2020-05-22,20200522150000000,sh.601216,2.9400,2.9600,2.9300,2.9600,15346344,45274020.0000,3
2020-05-25,20200525103000000,sh.601216,2.9900,3.0100,2.9400,2.9600,24440853,72661686.0000,3
2020-05-25,20200525113000000,sh.601216,2.9600,2.9800,2.9500,2.9800,7081800,21006843.0000,3
2020-05-25,20200525140000000,sh.601216,2.9800,2.9800,2.9600,2.9700,8708377,25853230.0000,3
2020-05-25,20200525150000000,sh.601216,2.9700,3.0000,2.9600,2.9900,30907325,92213991.0000,3
2020-05-26,20200526103000000,sh.601216,2.6300,2.6300,2.5100,2.5600,46991874,120542961.0000,3
2020-05-26,20200526113000000,sh.601216,2.5600,2.5600,2.5400,2.5500,8380200,21385898.0000,3
2020-05-26,20200526140000000,sh.601216,2.5500,2.5500,2.5300,2.5400,10708371,27191725.0000,3
2020-05-26,20200526150000000,sh.601216,2.5500,2.5600,2.5300,2.5500,14322020,36455845.0000,3
2020-05-27,20200527103000000,sh.601216,2.5300,2.5400,2.4800,2.4900,21708495,54346541.0000,3
2020-05-27,20200527113000000,sh.601216,2.4800,2.5000,2.4800,2.5000,5414720,13470091.0000,3
2020-05-27,20200527140000000,sh.601216,2.5000,2.5000,2.4900,2.5000,3971600,9896761.0000,3
2020-05-27,20200527150000000,sh.601216,2.4900,2.5000,2.4800,2.4900,6962297,17330275.0000,3
2020-05-28,20200528103000000,sh.601216,2.4700,2.5200,2.4700,2.4900,8795920,22001842.0000,3
2020-05-28,20200528113000000,sh.601216,2.4900,2.5000,2.4800,2.4800,4371000,10863116.0000,3
2020-05-28,20200528140000000,sh.601216,2.4800,2.4900,2.4700,2.4900,3572940,8862205.0000,3
2020-05-28,20200528150000000,sh.601216,2.4900,2.5000,2.4800,2.4900,4524400,11267340.0000,3
2020-05-29,20200529103000000,sh.601216,2.4900,2.4900,2.4700,2.4800,6207700,15406585.0000,3
2020-05-29,20200529113000000,sh.601216,2.4800,2.4800,2.4700,2.4700,3314200,8197103.0000,3
2020-05-29,20200529140000000,sh.601216,2.4800,2.4800,2.4600,2.4700,4454414,11005135.0000,3
2020-05-29,20200529150000000,sh.601216,2.4700,2.4800,2.4600,2.4800,8081047,19959775.0000,3
2020-06-01,20200601103000000,sh.601216,2.4900,2.5300,2.4800,2.5100,11787889,29489260.0000,3
2020-06-01,20200601113000000,sh.601216,2.5100,2.5200,2.5000,2.5200,4740440,11916864.0000,3
2020-06-01,20200601140000000,sh.601216,2.5200,2.5400,2.5100,2.5300,7143061,18034853.0000,3
2020-06-01,20200601150000000,sh.601216,2.5300,2.5300,2.5200,2.5300,4420320,11159848.0000,3
2020-06-02,20200602103000000,sh.601216,2.5500,2.5500,2.5000,2.5200,12133556,30592827.0000,3
2020-06-02,20200602113000000,sh.601216,2.5200,2.5300,2.5200,2.5300,2654306,6699577.0000,3
2020-06-02,20200602140000000,sh.601216,2.5300,2.5400,2.5200,2.5300,3457023,8745803.0000,3
2020-06-02,20200602150000000,sh.601216,2.5400,2.5400,2.5200,2.5300,5578233,14125605.0000,3
2020-06-03,20200603103000000,sh.601216,2.5300,2.5700,2.5300,2.5500,12239894,31218634.0000,3
2020-06-03,20200603113000000,sh.601216,2.5500,2.5500,2.5300,2.5500,3748343,9518781.0000,3
2020-06-03,20200603140000000,sh.601216,2.5500,2.5500,2.5300,2.5400,5308754,13499423.0000,3
2020-06-03,20200603150000000,sh.601216,2.5400,2.5500,2.5300,2.5300,5077110,12890704.0000,3
2020-06-04,20200604103000000,sh.601216,2.5300,2.5400,2.5100,2.5200,6756800,17039228.0000,3
2020-06-04,20200604113000000,sh.601216,2.5200,2.5300,2.5100,2.5200,3035220,7646901.0000,3
2020-06-04,20200604140000000,sh.601216,2.5200,2.5300,2.5100,2.5100,2701300,6803504.0000,3
2020-06-04,20200604150000000,sh.601216,2.5100,2.5200,2.5100,2.5200,5505640,13841828.0000,3
2020-06-05,20200605103000000,sh.601216,2.5300,2.5300,2.5000,2.5200,7938967,19911954.0000,3
2020-06-05,20200605113000000,sh.601216,2.5200,2.5200,2.5000,2.5100,2461210,6175696.0000,3
2020-06-05,20200605140000000,sh.601216,2.5100,2.5100,2.5000,2.5100,2854315,7149626.0000,3
2020-06-05,20200605150000000,sh.601216,2.5100,2.5200,2.5000,2.5200,4381749,11019037.0000,3
2020-06-08,20200608103000000,sh.601216,2.5200,2.5400,2.5100,2.5300,5937460,14988522.0000,3
2020-06-08,20200608113000000,sh.601216,2.5300,2.5400,2.5100,2.5200,6425992,16239562.0000,3
2020-06-08,20200608140000000,sh.601216,2.5300,2.5300,2.5200,2.5200,2449660,6187802.0000,3
2020-06-08,20200608150000000,sh.601216,2.5300,2.5300,2.5100,2.5300,4245440,10703490.0000,3
2020-06-09,20200609103000000,sh.601216,2.5300,2.5400,2.5200,2.5300,6912954,17486282.0000,3
2020-06-09,20200609113000000,sh.601216,2.5300,2.5300,2.5100,2.5100,4220600,10639454.0000,3
2020-06-09,20200609140000000,sh.601216,2.5100,2.5300,2.5100,2.5200,3164473,7982509.0000,3
2020-06-09,20200609150000000,sh.601216,2.5200,2.5300,2.5200,2.5300,2754200,6948794.0000,3
2020-06-10,20200610103000000,sh.601216,2.5300,2.5300,2.5000,2.5200,5318707,13371678.0000,3
2020-06-10,20200610113000000,sh.601216,2.5200,2.5200,2.5000,2.5100,3442946,8643266.0000,3
2020-06-10,20200610140000000,sh.601216,2.5100,2.5200,2.5100,2.5100,1566292,3934106.0000,3
2020-06-10,20200610150000000,sh.601216,2.5100,2.5200,2.5100,2.5100,2716475,6825355.0000,3
2020-06-11,20200611103000000,sh.601216,2.5100,2.5200,2.5000,2.5200,5263043,13200202.0000,3
2020-06-11,20200611113000000,sh.601216,2.5200,2.5200,2.5100,2.5100,2402776,6036746.0000,3
2020-06-11,20200611140000000,sh.601216,2.5100,2.5200,2.5000,2.5000,4164763,10444066.0000,3
2020-06-11,20200611150000000,sh.601216,2.5000,2.5100,2.4900,2.4900,5309473,13251829.0000,3
2020-06-12,20200612103000000,sh.601216,2.4600,2.4800,2.4500,2.4800,8503444,20952200.0000,3
2020-06-12,20200612113000000,sh.601216,2.4700,2.4900,2.4700,2.4700,3474645,8620205.0000,3
2020-06-12,20200612140000000,sh.601216,2.4800,2.4900,2.4700,2.4800,2870500,7124228.0000,3
2020-06-12,20200612150000000,sh.601216,2.4800,2.4900,2.4700,2.4800,5752326,14253206.0000,3
2020-06-15,20200615103000000,sh.601216,2.5200,2.6200,2.5200,2.5500,25477820,65396385.0000,3
2020-06-15,20200615113000000,sh.601216,2.5500,2.5600,2.5300,2.5400,5723200,14555905.0000,3
2020-06-15,20200615140000000,sh.601216,2.5400,2.5500,2.5200,2.5200,7628051,19344706.0000,3
2020-06-15,20200615150000000,sh.601216,2.5200,2.5400,2.5200,2.5300,5375400,13598005.0000,3
2020-06-16,20200616103000000,sh.601216,2.5400,2.5600,2.5200,2.5400,9602920,24430827.0000,3
2020-06-16,20200616113000000,sh.601216,2.5400,2.5500,2.5300,2.5400,2816088,7148235.0000,3
2020-06-16,20200616140000000,sh.601216,2.5400,2.5500,2.5300,2.5400,5101807,12946488.0000,3
2020-06-16,20200616150000000,sh.601216,2.5400,2.5500,2.5400,2.5500,6351519,16155721.0000,3
2020-06-17,20200617103000000,sh.601216,2.5500,2.5500,2.5200,2.5300,8056376,20377091.0000,3
2020-06-17,20200617113000000,sh.601216,2.5300,2.5700,2.5300,2.5500,10564676,26950901.0000,3
2020-06-17,20200617140000000,sh.601216,2.5600,2.5600,2.5400,2.5500,2756436,7028184.0000,3
2020-06-17,20200617150000000,sh.601216,2.5500,2.5500,2.5400,2.5500,4425949,11264466.0000,3
2020-06-18,20200618103000000,sh.601216,2.5500,2.5700,2.5300,2.5600,8295450,21180784.0000,3
2020-06-18,20200618113000000,sh.601216,2.5600,2.5700,2.5500,2.5700,4808377,12308931.0000,3
2020-06-18,20200618140000000,sh.601216,2.5600,2.5700,2.5600,2.5600,3809500,9771390.0000,3
2020-06-18,20200618150000000,sh.601216,2.5600,2.5700,2.5500,2.5700,7726038,19788434.0000,3
2020-06-19,20200619103000000,sh.601216,2.5700,2.5700,2.5500,2.5600,5740080,14697349.0000,3
2020-06-19,20200619113000000,sh.601216,2.5600,2.5600,2.5400,2.5500,4061520,10363766.0000,3
2020-06-19,20200619140000000,sh.601216,2.5500,2.5700,2.5400,2.5700,5924352,15134337.0000,3
2020-06-19,20200619150000000,sh.601216,2.5700,2.5700,2.5500,2.5600,5716421,14649212.0000,3
2020-06-22,20200622103000000,sh.601216,2.5600,2.6200,2.5400,2.5900,22252209,57491177.0000,3
2020-06-22,20200622113000000,sh.601216,2.5900,2.6000,2.5800,2.5900,4508563,11677763.0000,3
2020-06-22,20200622140000000,sh.601216,2.5800,2.6000,2.5800,2.5800,3884364,10060286.0000,3
2020-06-22,20200622150000000,sh.601216,2.5800,2.6100,2.5800,2.6100,17410024,45303995.0000,3
2020-06-23,20200623103000000,sh.601216,2.6500,2.6500,2.6100,2.6200,20798680,54726960.0000,3
2020-06-23,20200623113000000,sh.601216,2.6200,2.6300,2.6100,2.6200,5297364,13858517.0000,3
2020-06-23,20200623140000000,sh.601216,2.6200,2.6200,2.5900,2.6000,5611071,14606819.0000,3
2020-06-23,20200623150000000,sh.601216,2.6000,2.6100,2.5900,2.5900,5659328,14688002.0000,3
2020-06-24,20200624103000000,sh.601216,2.5900,2.6100,2.5700,2.5700,8369919,21655117.0000,3
2020-06-24,20200624113000000,sh.601216,2.5700,2.5900,2.5700,2.5900,2282700,5892727.0000,3
2020-06-24,20200624140000000,sh.601216,2.5800,2.5900,2.5700,2.5900,1726300,4456249.0000,3
2020-06-24,20200624150000000,sh.601216,2.5900,2.5900,2.5700,2.5800,3533300,9117380.0000,3
2020-06-29,20200629103000000,sh.601216,2.5700,2.5700,2.5500,2.5500,8561960,21908814.0000,3
2020-06-29,20200629113000000,sh.601216,2.5600,2.5700,2.5400,2.5500,4514285,11525313.0000,3
2020-06-29,20200629140000000,sh.601216,2.5400,2.5600,2.5400,2.5500,2240984,5708922.0000,3
2020-06-29,20200629150000000,sh.601216,2.5500,2.5500,2.5300,2.5300,7652124,19433555.0000,3
2020-06-30,20200630103000000,sh.601216,2.5400,2.5500,2.5300,2.5400,5010778,12744432.0000,3
2020-06-30,20200630113000000,sh.601216,2.5500,2.5500,2.5300,2.5400,3113400,7897800.0000,3
2020-06-30,20200630140000000,sh.601216,2.5300,2.5500,2.5300,2.5400,5082244,12911888.0000,3
2020-06-30,20200630150000000,sh.601216,2.5400,2.5500,2.5300,2.5400,5598513,14210294.0000,3
2020-07-01,20200701103000000,sh.601216,2.5400,2.5800,2.5400,2.5700,11814925,30350012.0000,3
2020-07-01,20200701113000000,sh.601216,2.5600,2.5700,2.5600,2.5700,3599300,9221981.0000,3
2020-07-01,20200701140000000,sh.601216,2.5700,2.5700,2.5300,2.5400,7297920,18601774.0000,3
2020-07-01,20200701150000000,sh.601216,2.5400,2.5700,2.5400,2.5700,5430386,13877959.0000,3
2020-07-02,20200702103000000,sh.601216,2.5700,2.7000,2.5400,2.6500,42054741,110101115.0000,3
2020-07-02,20200702113000000,sh.601216,2.6500,2.7300,2.6400,2.6700,30385120,81608455.0000,3
2020-07-02,20200702140000000,sh.601216,2.6900,2.6900,2.6700,2.6700,11948042,32027242.0000,3
2020-07-02,20200702150000000,sh.601216,2.6700,2.7000,2.6700,2.6900,16041397,43083926.0000,3
2020-07-03,20200703103000000,sh.601216,2.6800,2.7900,2.6700,2.7600,50380848,137944476.0000,3
2020-07-03,20200703113000000,sh.601216,2.7600,2.7700,2.7200,2.7200,15069734,41258784.0000,3
2020-07-03,20200703140000000,sh.601216,2.7200,2.7400,2.7200,2.7400,10479595,28625861.0000,3
2020-07-03,20200703150000000,sh.601216,2.7400,2.7800,2.7200,2.7700,27573369,76002207.0000,3
2020-07-06,20200706103000000,sh.601216,2.8500,2.8800,2.8000,2.8600,59072491,168173426.0000,3
2020-07-06,20200706113000000,sh.601216,2.8600,2.9400,2.8400,2.9200,31018967,89792642.0000,3
2020-07-06,20200706140000000,sh.601216,2.9300,2.9800,2.9100,2.9300,27643738,81437020.0000,3
2020-07-06,20200706150000000,sh.601216,2.9300,2.9600,2.9200,2.9600,23991997,70515024.0000,3
2020-07-07,20200707103000000,sh.601216,3.0000,3.0600,2.9200,2.9600,68971969,206165094.0000,3
2020-07-07,20200707113000000,sh.601216,2.9700,2.9700,2.9300,2.9700,22671463,66940138.0000,3
2020-07-07,20200707140000000,sh.601216,2.9700,3.0000,2.9500,2.9700,17560035,52246080.0000,3
2020-07-07,20200707150000000,sh.601216,2.9800,2.9800,2.9100,2.9100,24979840,73551536.0000,3
2020-07-08,20200708103000000,sh.601216,2.8900,2.9600,2.8900,2.9200,33572910,98446261.0000,3
2020-07-08,20200708113000000,sh.601216,2.9200,2.9600,2.9200,2.9400,12685480,37330297.0000,3
2020-07-08,20200708140000000,sh.601216,2.9400,2.9600,2.9200,2.9500,14153121,41629745.0000,3
2020-07-08,20200708150000000,sh.601216,2.9600,3.1000,2.9500,3.0600,79321369,241321281.0000,3
2020-07-09,20200709103000000,sh.601216,3.1600,3.2000,3.0600,3.0800,78760878,246888649.0000,3
2020-07-09,20200709113000000,sh.601216,3.0800,3.1200,3.0600,3.1000,17070165,52694823.0000,3
2020-07-09,20200709140000000,sh.601216,3.1000,3.1600,3.0900,3.1300,21922397,68588896.0000,3
2020-07-09,20200709150000000,sh.601216,3.1300,3.1400,3.0900,3.1100,16417714,51126912.0000,3
2020-07-10,20200710103000000,sh.601216,3.0800,3.1500,3.0300,3.0800,53614757,165197046.0000,3
2020-07-10,20200710113000000,sh.601216,3.0900,3.1000,3.0500,3.0900,19957909,61282515.0000,3
2020-07-10,20200710140000000,sh.601216,3.0800,3.1000,3.0600,3.0800,14341120,44115271.0000,3
2020-07-10,20200710150000000,sh.601216,3.0800,3.0900,3.0400,3.0600,19149155,58657872.0000,3
2020-07-13,20200713103000000,sh.601216,3.0600,3.1300,3.0600,3.1300,35538146,110024804.0000,3
2020-07-13,20200713113000000,sh.601216,3.1200,3.1400,3.1000,3.1400,18541562,57901896.0000,3
2020-07-13,20200713140000000,sh.601216,3.1400,3.2000,3.1300,3.1600,36267010,114626820.0000,3
2020-07-13,20200713150000000,sh.601216,3.1600,3.1700,3.1300,3.1600,17615105,55543216.0000,3
2020-07-14,20200714103000000,sh.601216,3.1400,3.1700,3.1000,3.1000,41553131,129908312.0000,3
2020-07-14,20200714113000000,sh.601216,3.1000,3.1100,3.0600,3.0900,21936171,67798336.0000,3
2020-07-14,20200714140000000,sh.601216,3.0900,3.1000,3.0300,3.0600,22396055,68624781.0000,3
2020-07-14,20200714150000000,sh.601216,3.0500,3.0900,3.0500,3.0800,13995651,43058075.0000,3
2020-07-15,20200715103000000,sh.601216,3.1200,3.3900,3.1200,3.3900,212292574,703377392.0000,3
2020-07-15,20200715113000000,sh.601216,3.3900,3.3900,3.3700,3.3900,47974181,162584768.0000,3
2020-07-15,20200715140000000,sh.601216,3.3900,3.3900,3.3900,3.3900,2541623,8616112.0000,3
2020-07-15,20200715150000000,sh.601216,3.3900,3.3900,3.3900,3.3900,10030454,34003216.0000,3
2020-07-16,20200716103000000,sh.601216,3.4700,3.4800,3.3000,3.3800,170801762,581793520.0000,3
2020-07-16,20200716113000000,sh.601216,3.3800,3.4200,3.3200,3.3500,30104718,101590336.0000,3
2020-07-16,20200716140000000,sh.601216,3.3600,3.3900,3.2300,3.2500,44763457,148006304.0000,3
2020-07-16,20200716150000000,sh.601216,3.2500,3.3000,3.0500,3.0900,82359039,259963936.0000,3
2020-07-17,20200717103000000,sh.601216,3.0500,3.2000,3.0100,3.1700,95732897,297598400.0000,3
2020-07-17,20200717113000000,sh.601216,3.1700,3.1800,3.0700,3.0800,27106779,84615104.0000,3
2020-07-17,20200717140000000,sh.601216,3.0700,3.1400,3.0600,3.1100,29083005,89740432.0000,3
2020-07-17,20200717150000000,sh.601216,3.1100,3.1200,3.0800,3.0800,20764292,64288704.0000,3
2020-07-20,20200720103000000,sh.601216,3.1100,3.3200,3.1100,3.2700,85878908,277565584.0000,3
2020-07-20,20200720113000000,sh.601216,3.2700,3.2900,3.2500,3.2800,16264128,53205536.0000,3
2020-07-20,20200720140000000,sh.601216,3.2900,3.3700,3.2800,3.3300,42834383,142937552.0000,3
2020-07-20,20200720150000000,sh.601216,3.3300,3.3500,3.3200,3.3200,24743513,82417520.0000,3
2020-07-21,20200721103000000,sh.601216,3.6500,3.6500,3.6500,3.6500,21413362,78158771.0000,3
2020-07-21,20200721113000000,sh.601216,3.6500,3.6500,3.6500,3.6500,2626160,9585484.0000,3
2020-07-21,20200721140000000,sh.601216,3.6500,3.6500,3.6500,3.6500,1267128,4625018.0000,3
2020-07-21,20200721150000000,sh.601216,3.6500,3.6500,3.6500,3.6500,1253774,4576275.0000,3
2020-07-22,20200722103000000,sh.601216,4.0200,4.0200,4.0200,4.0200,12619843,50731769.0000,3
2020-07-22,20200722113000000,sh.601216,4.0200,4.0200,4.0200,4.0200,485860,1953157.0000,3
2020-07-22,20200722140000000,sh.601216,4.0200,4.0200,4.0200,4.0200,436960,1756579.0000,3
2020-07-22,20200722150000000,sh.601216,4.0200,4.0200,4.0200,4.0200,1232240,4953605.0000,3
2020-07-23,20200723103000000,sh.601216,4.4200,4.4200,4.3500,4.4200,343059920,1515287568.0000,3
2020-07-23,20200723113000000,sh.601216,4.4200,4.4200,4.4200,4.4200,26910704,118945296.0000,3
2020-07-23,20200723140000000,sh.601216,4.4200,4.4200,4.4200,4.4200,3457712,15283104.0000,3
2020-07-23,20200723150000000,sh.601216,4.4200,4.4200,4.4200,4.4200,11607136,51303568.0000,3
2020-07-24,20200724103000000,sh.601216,4.4600,4.8000,4.4200,4.5900,500033632,2300769648.0000,3
2020-07-24,20200724113000000,sh.601216,4.5900,4.6500,4.4800,4.6000,100872368,461579568.0000,3
2020-07-24,20200724140000000,sh.601216,4.6000,4.8500,4.5000,4.7700,154799248,728199328.0000,3
2020-07-24,20200724150000000,sh.601216,4.7700,4.8600,4.6600,4.8600,117897664,566965008.0000,3
2020-07-27,20200727103000000,sh.601216,4.5900,4.7500,4.4100,4.6900,259762051,1189095824.0000,3
2020-07-27,20200727113000000,sh.601216,4.6900,5.0700,4.6500,4.8100,151070605,740786416.0000,3
2020-07-27,20200727140000000,sh.601216,4.8100,5.3200,4.7000,5.2500,148434064,752516480.0000,3
2020-07-27,20200727150000000,sh.601216,5.2400,5.2500,4.9700,5.1000,129873424,663117728.0000,3
2020-07-28,20200728103000000,sh.601216,5.0000,5.6100,4.9500,5.6100,295751120,1611967472.0000,3
2020-07-28,20200728113000000,sh.601216,5.6100,5.6100,5.6100,5.6100,3091424,17342864.0000,3
2020-07-28,20200728140000000,sh.601216,5.6100,5.6100,5.3600,5.5000,297727280,1648267280.0000,3
2020-07-28,20200728150000000,sh.601216,5.4900,5.6100,5.4500,5.6100,143830512,802651824.0000,3
2020-07-29,20200729103000000,sh.601216,5.5000,6.1700,5.3300,6.1300,536530288,3095908832.0000,3
2020-07-29,20200729113000000,sh.601216,6.1300,6.1700,6.1000,6.1700,137133024,844251776.0000,3
2020-07-29,20200729140000000,sh.601216,6.1700,6.1700,6.1700,6.1700,5973664,36857488.0000,3
2020-07-29,20200729150000000,sh.601216,6.1700,6.1700,6.1700,6.1700,3129424,19308576.0000,3
2020-07-30,20200730103000000,sh.601216,6.5000,6.7900,6.3500,6.7900,451386544,3001762880.0000,3
2020-07-30,20200730113000000,sh.601216,6.7900,6.7900,6.7500,6.7900,43526464,295454416.0000,3
2020-07-30,20200730140000000,sh.601216,6.7900,6.7900,6.7900,6.7900,7561024,51339312.0000,3
2020-07-30,20200730150000000,sh.601216,6.7900,6.7900,6.7900,6.7900,3210720,21800784.0000,3
2020-07-31,20200731103000000,sh.601216,7.1000,7.4700,7.0600,7.4700,305543232,2242863856.0000,3
2020-07-31,20200731113000000,sh.601216,7.4700,7.4700,7.2500,7.4700,176842896,1315074560.0000,3
2020-07-31,20200731140000000,sh.601216,7.4700,7.4700,7.4600,7.4700,28351984,211778512.0000,3
2020-07-31,20200731150000000,sh.601216,7.4700,7.4700,7.4700,7.4700,3708320,27701200.0000,3
2020-08-03,20200803103000000,sh.601216,8.2100,8.2200,7.8500,8.2200,245473417,2006442144.0000,3
2020-08-03,20200803113000000,sh.601216,8.2200,8.2200,8.2200,8.2200,1208037,9930064.0000,3
2020-08-03,20200803140000000,sh.601216,8.2200,8.2200,8.2200,8.2200,1151761,9467472.0000,3
2020-08-03,20200803150000000,sh.601216,8.2200,8.2200,8.2200,8.2200,1188470,9769216.0000,3
2020-08-04,20200804103000000,sh.601216,9.0000,9.0400,8.8000,9.0400,151694645,1363661824.0000,3
2020-08-04,20200804113000000,sh.601216,9.0400,9.0400,8.6100,9.0400,163069355,1464194368.0000,3
2020-08-04,20200804140000000,sh.601216,9.0300,9.0400,7.6500,8.2200,455714432,3863183040.0000,3
2020-08-04,20200804150000000,sh.601216,8.2200,8.3100,7.5500,7.8200,346161392,2741597696.0000,3
2020-08-05,20200805103000000,sh.601216,7.3500,8.4700,7.3500,8.3200,562271312,4454143744.0000,3
2020-08-05,20200805113000000,sh.601216,8.3400,8.6000,8.3300,8.6000,170945728,1461705472.0000,3
2020-08-05,20200805140000000,sh.601216,8.6000,8.6000,8.6000,8.6000,7044800,60585216.0000,3
2020-08-05,20200805150000000,sh.601216,8.6000,8.6000,8.6000,8.6000,3384192,29103872.0000,3
2020-08-06,20200806103000000,sh.601216,9.0700,9.4600,8.4200,8.9000,635819824,5771231744.0000,3
2020-08-06,20200806113000000,sh.601216,8.9000,9.1800,8.7500,9.0700,106144784,955950336.0000,3
2020-08-06,20200806140000000,sh.601216,9.0700,9.1400,8.7500,9.0300,92634304,827687424.0000,3
2020-08-06,20200806150000000,sh.601216,9.0300,9.4600,8.9000,9.4600,124512656,1159483392.0000,3
2020-08-07,20200807103000000,sh.601216,9.5900,10.3000,9.0000,10.1800,452765312,4462489856.0000,3
2020-08-07,20200807113000000,sh.601216,10.1800,10.3700,10.0600,10.2000,105159504,1074855936.0000,3
2020-08-07,20200807140000000,sh.601216,10.1800,10.4100,9.9800,10.3300,206140688,2126940416.0000,3
2020-08-07,20200807150000000,sh.601216,10.3500,10.4100,10.3500,10.4100,88165616,917267712.0000,3
2020-08-10,20200810103000000,sh.601216,10.1700,11.3600,10.0000,10.8100,497062560,5377235712.0000,3
2020-08-10,20200810113000000,sh.601216,10.8100,11.0100,10.6800,10.8900,80785008,878878976.0000,3
2020-08-10,20200810140000000,sh.601216,10.9100,11.3600,10.9000,11.2600,77671520,868304640.0000,3
2020-08-10,20200810150000000,sh.601216,11.2600,11.3600,10.2900,10.5800,294100752,3163824384.0000,3
2020-08-11,20200811103000000,sh.601216,10.3600,10.8400,9.8300,10.0400,352209728,3606777872.0000,3
2020-08-11,20200811113000000,sh.601216,10.0400,10.1000,9.7000,9.7200,167734752,1660060144.0000,3
2020-08-11,20200811140000000,sh.601216,9.7200,10.1600,9.5500,9.6400,114799904,1125259008.0000,3
2020-08-11,20200811150000000,sh.601216,9.6300,10.0000,9.5200,9.5900,213411616,2050845696.0000,3
2020-08-12,20200812103000000,sh.601216,9.5300,9.9800,8.9600,9.9000,489298640,4604821760.0000,3
2020-08-12,20200812113000000,sh.601216,9.8900,10.3600,9.8500,10.0500,211033264,2134295552.0000,3
2020-08-12,20200812140000000,sh.601216,10.0400,10.1500,9.9000,10.0800,62201920,623280640.0000,3
2020-08-12,20200812150000000,sh.601216,10.0800,10.5500,9.9700,10.0000,214192688,2214262272.0000,3
2020-08-13,20200813103000000,sh.601216,9.6000,10.2400,9.4500,9.6700,325227696,3190335024.0000,3
2020-08-13,20200813113000000,sh.601216,9.6700,9.9000,9.5000,9.6200,121967440,1177206992.0000,3
2020-08-13,20200813140000000,sh.601216,9.6100,9.9900,9.5400,9.6600,78046688,759829504.0000,3
2020-08-13,20200813150000000,sh.601216,9.6600,9.7000,9.0100,9.1000,300585648,2785771264.0000,3
2020-08-14,20200814103000000,sh.601216,8.9900,9.1000,8.6100,8.7100,271648896,2386413072.0000,3
2020-08-14,20200814113000000,sh.601216,8.7100,8.7100,8.3200,8.4700,182451280,1552340960.0000,3
2020-08-14,20200814140000000,sh.601216,8.5000,8.8000,8.3700,8.4300,91282928,780776208.0000,3
2020-08-14,20200814150000000,sh.601216,8.4200,8.5500,8.3000,8.3700,161511104,1354309120.0000,3
2020-08-17,20200817103000000,sh.601216,8.6800,8.8900,8.4500,8.6600,367368080,3196785664.0000,3
2020-08-17,20200817113000000,sh.601216,8.6600,9.2100,8.6300,9.2100,201555520,1814217728.0000,3
2020-08-17,20200817140000000,sh.601216,9.2100,9.2100,9.2100,9.2100,16888832,155546112.0000,3
2020-08-17,20200817150000000,sh.601216,9.2100,9.2100,9.2100,9.2100,15737664,144943872.0000,3
2020-08-18,20200818103000000,sh.601216,9.8000,10.1300,9.6700,10.1300,342872864,3420663232.0000,3
2020-08-18,20200818113000000,sh.601216,10.1300,10.1300,10.1300,10.1300,3249424,32916624.0000,3
2020-08-18,20200818140000000,sh.601216,10.1300,10.1300,10.1300,10.1300,3483856,35291456.0000,3
2020-08-18,20200818150000000,sh.601216,10.1300,10.1300,9.9300,10.1300,143465648,1450703984.0000,3
2020-08-19,20200819103000000,sh.601216,10.5900,10.9700,10.0200,10.2400,524877632,5558347008.0000,3
2020-08-19,20200819113000000,sh.601216,10.2300,10.7000,10.1400,10.5900,120645040,1259298304.0000,3
2020-08-19,20200819140000000,sh.601216,10.5900,11.1400,10.4800,10.9900,249570016,2744896256.0000,3
2020-08-19,20200819150000000,sh.601216,10.9900,11.1100,10.3300,10.3800,231535904,2466493440.0000,3
2020-08-20,20200820103000000,sh.601216,9.5000,9.7000,9.3400,9.3400,465755760,4407472128.0000,3
2020-08-20,20200820113000000,sh.601216,9.3400,9.3400,9.3400,9.3400,12530688,117036800.0000,3
2020-08-20,20200820140000000,sh.601216,9.3400,9.3400,9.3400,9.3400,6240608,58287104.0000,3
2020-08-20,20200820150000000,sh.601216,9.3400,9.3400,9.3400,9.3400,5789504,54073856.0000,3
2020-08-21,20200821103000000,sh.601216,8.6900,9.6000,8.6900,9.2100,318452992,2901534720.0000,3
2020-08-21,20200821113000000,sh.601216,9.2100,9.4700,9.0100,9.3200,71940848,668975536.0000,3
2020-08-21,20200821140000000,sh.601216,9.3200,9.4900,9.0200,9.1600,64882368,600270208.0000,3
2020-08-21,20200821150000000,sh.601216,9.1700,9.3900,8.8000,9.1300,160269376,1450814928.0000,3
2020-08-24,20200824103000000,sh.601216,9.2800,9.2800,8.2300,8.6200,270440576,2312174112.0000,3
2020-08-24,20200824113000000,sh.601216,8.6300,8.6500,8.4400,8.6000,55709328,475098944.0000,3
2020-08-24,20200824140000000,sh.601216,8.6000,8.6000,8.4000,8.4800,67457664,570857520.0000,3
2020-08-24,20200824150000000,sh.601216,8.4800,8.5000,8.3100,8.4100,140618832,1180158064.0000,3
2020-08-25,20200825103000000,sh.601216,8.1800,8.6300,8.0700,8.2500,226014945,1889381520.0000,3
2020-08-25,20200825113000000,sh.601216,8.2600,8.5500,8.1100,8.4800,104194079,862235104.0000,3
2020-08-25,20200825140000000,sh.601216,8.4800,9.1500,8.4100,8.8500,198322176,1752461200.0000,3
2020-08-25,20200825150000000,sh.601216,8.8500,9.1000,8.8100,8.9100,105914816,947142400.0000,3
2020-08-26,20200826103000000,sh.601216,8.8000,9.8000,8.5000,9.8000,509123072,4738306304.0000,3
2020-08-26,20200826113000000,sh.601216,9.8000,9.8000,9.6200,9.7100,199777968,1950470144.0000,3
2020-08-26,20200826140000000,sh.601216,9.7200,9.8000,9.7000,9.7400,82917424,808659200.0000,3
2020-08-26,20200826150000000,sh.601216,9.7400,9.8000,9.7300,9.8000,51366272,503113472.0000,3
2020-08-27,20200827103000000,sh.601216,10.0500,10.1800,9.3000,9.4200,449229024,4386459136.0000,3
2020-08-27,20200827113000000,sh.601216,9.4300,9.8000,9.3600,9.5500,82356848,785826816.0000,3
2020-08-27,20200827140000000,sh.601216,9.5700,9.9700,9.3500,9.6100,99329280,959605760.0000,3
2020-08-27,20200827150000000,sh.601216,9.6300,9.7000,9.1400,9.3100,145762352,1370054912.0000,3
2020-08-28,20200828103000000,sh.601216,9.0500,9.1200,8.6200,8.6700,260679931,2315849056.0000,3
2020-08-28,20200828113000000,sh.601216,8.6700,8.9900,8.6700,8.9100,79181685,695490032.0000,3
2020-08-28,20200828140000000,sh.601216,8.9000,8.9500,8.7300,8.9000,54698464,482239024.0000,3
2020-08-28,20200828150000000,sh.601216,8.8800,9.4900,8.8100,9.0500,155428672,1418987648.0000,3
2020-08-31,20200831103000000,sh.601216,9.0600,9.8400,8.8100,9.7700,327324880,3109961920.0000,3
2020-08-31,20200831113000000,sh.601216,9.7700,9.7700,9.4000,9.4600,77964144,744420560.0000,3
2020-08-31,20200831140000000,sh.601216,9.4700,9.5700,9.2900,9.4100,63743136,599353456.0000,3
2020-08-31,20200831150000000,sh.601216,9.4000,9.6600,9.3200,9.3600,116091392,1093382912.0000,3
2020-09-01,20200901103000000,sh.601216,9.0900,9.2400,8.8800,8.9600,220479138,1983013648.0000,3
2020-09-01,20200901113000000,sh.601216,8.9600,9.1200,8.9200,9.0900,48995102,442196544.0000,3
2020-09-01,20200901140000000,sh.601216,9.1000,9.1800,8.9700,9.0700,37276176,337335216.0000,3
2020-09-01,20200901150000000,sh.601216,9.0700,9.1200,8.9500,9.1000,95500400,862712016.0000,3
2020-09-02,20200902103000000,sh.601216,8.9700,9.4900,8.8200,9.3200,221605382,2035866928.0000,3
2020-09-02,20200902113000000,sh.601216,9.3100,9.3400,9.1500,9.2700,51350538,475076448.0000,3
2020-09-02,20200902140000000,sh.601216,9.2800,9.3200,9.1000,9.1600,42837072,393979792.0000,3
2020-09-02,20200902150000000,sh.601216,9.1600,9.2300,9.0500,9.0900,86986704,793326720.0000,3
2020-09-03,20200903103000000,sh.601216,9.0000,9.4400,8.9500,9.2300,179486985,1659659616.0000,3
2020-09-03,20200903113000000,sh.601216,9.2300,9.2300,9.0500,9.1500,54835045,501589488.0000,3
2020-09-03,20200903140000000,sh.601216,9.1400,9.5000,8.9400,9.4300,169223074,1566771712.0000,3
2020-09-03,20200903150000000,sh.601216,9.4400,9.4400,9.1900,9.2900,118084576,1096678832.0000,3
2020-09-04,20200904103000000,sh.601216,9.0600,9.1400,8.9500,9.0400,148301080,1335880544.0000,3
2020-09-04,20200904113000000,sh.601216,9.0500,9.0600,8.9800,9.0200,34910529,314540080.0000,3
2020-09-04,20200904140000000,sh.601216,9.0100,9.2500,8.9900,9.0200,46185768,418626160.0000,3
2020-09-04,20200904150000000,sh.601216,9.0300,9.0600,8.9500,9.0200,91357023,823382592.0000,3
2020-09-07,20200907103000000,sh.601216,8.9000,8.9400,8.5800,8.6700,184487147,1612846800.0000,3
2020-09-07,20200907113000000,sh.601216,8.6700,8.7800,8.6500,8.6700,38010273,330455808.0000,3
2020-09-07,20200907140000000,sh.601216,8.6700,8.6900,8.5100,8.5900,67853556,584277600.0000,3
2020-09-07,20200907150000000,sh.601216,8.5900,8.5900,8.2900,8.3700,148297264,1246438144.0000,3
2020-09-08,20200908103000000,sh.601216,8.3000,8.3000,7.8400,7.9300,174589045,1402773696.0000,3
2020-09-08,20200908113000000,sh.601216,7.9300,7.9800,7.7600,7.8400,77915982,613085056.0000,3
2020-09-08,20200908140000000,sh.601216,7.8300,8.4600,7.8000,8.1000,81304669,657816192.0000,3
2020-09-08,20200908150000000,sh.601216,8.1100,8.2400,8.0400,8.0700,60001696,487316848.0000,3
2020-09-09,20200909103000000,sh.601216,7.9100,7.9100,7.5800,7.6200,145463191,1123105296.0000,3
2020-09-09,20200909113000000,sh.601216,7.6200,7.7000,7.5100,7.6800,47735770,362789216.0000,3
2020-09-09,20200909140000000,sh.601216,7.6700,7.6800,7.5300,7.5400,45467979,344971008.0000,3
2020-09-09,20200909150000000,sh.601216,7.5400,7.6500,7.2700,7.3200,134818772,997610512.0000,3
2020-09-10,20200910103000000,sh.601216,7.6700,7.8900,7.4100,7.5700,197725589,1516817184.0000,3
2020-09-10,20200910113000000,sh.601216,7.5700,7.6600,7.5200,7.5700,31006519,235508880.0000,3
2020-09-10,20200910140000000,sh.601216,7.5700,7.5800,7.4500,7.5100,35210881,264219632.0000,3
2020-09-10,20200910150000000,sh.601216,7.5100,7.5100,7.3300,7.3900,70952563,525301520.0000,3
2020-09-11,20200911103000000,sh.601216,7.0900,7.2500,6.9000,7.1500,112449368,799473392.0000,3
2020-09-11,20200911113000000,sh.601216,7.1500,7.1700,6.9700,7.0600,51330684,362670976.0000,3
2020-09-11,20200911140000000,sh.601216,7.0700,7.2000,7.0600,7.1500,37036693,264825904.0000,3
2020-09-11,20200911150000000,sh.601216,7.1600,7.4500,7.1300,7.3200,75784839,551598240.0000,3
2020-09-14,20200914103000000,sh.601216,7.3200,7.4200,7.1600,7.3000,99717519,724353968.0000,3
2020-09-14,20200914113000000,sh.601216,7.3000,7.3000,7.1900,7.2300,24688154,178400816.0000,3
2020-09-14,20200914140000000,sh.601216,7.2300,7.2500,7.1200,7.1600,36932643,264880048.0000,3
2020-09-14,20200914150000000,sh.601216,7.1500,7.2500,7.1100,7.1700,59607514,426645168.0000,3
2020-09-15,20200915103000000,sh.601216,7.1200,7.5000,7.0400,7.2700,164486775,1206246560.0000,3
2020-09-15,20200915113000000,sh.601216,7.2700,7.3500,7.2300,7.3400,30057451,219727856.0000,3
2020-09-15,20200915140000000,sh.601216,7.3400,7.8900,7.3200,7.8900,191020558,1469514848.0000,3
2020-09-15,20200915150000000,sh.601216,7.8900,7.8900,7.8900,7.8900,8561840,67552912.0000,3
2020-09-16,20200916103000000,sh.601216,7.9900,8.0700,7.6000,7.7500,221815451,1721886352.0000,3
2020-09-16,20200916113000000,sh.601216,7.7600,7.7800,7.6800,7.7200,31605122,243873920.0000,3
2020-09-16,20200916140000000,sh.601216,7.7200,7.9900,7.6100,7.8900,85412419,667414080.0000,3
2020-09-16,20200916150000000,sh.601216,7.8900,8.4400,7.8200,8.0100,173197280,1411710528.0000,3
2020-09-17,20200917103000000,sh.601216,7.8000,8.1700,7.7200,8.0200,132282992,1050872576.0000,3
2020-09-17,20200917113000000,sh.601216,8.0200,8.2500,7.9800,8.1500,64369651,521557824.0000,3
2020-09-17,20200917140000000,sh.601216,8.1500,8.3000,8.0900,8.1300,64466002,528658880.0000,3
2020-09-17,20200917150000000,sh.601216,8.1300,8.2100,7.9400,8.0000,87462235,704525104.0000,3
2020-09-18,20200918103000000,sh.601216,7.9500,8.1000,7.8200,7.8600,89594579,710240880.0000,3
2020-09-18,20200918113000000,sh.601216,7.8700,7.9800,7.8200,7.9200,29387771,231778960.0000,3
2020-09-18,20200918140000000,sh.601216,7.9400,8.0900,7.9200,7.9900,51322011,410900016.0000,3
2020-09-18,20200918150000000,sh.601216,7.9900,8.1000,7.9600,8.0400,105678359,847473568.0000,3
2020-09-21,20200921103000000,sh.601216,8.0700,8.1500,7.8200,7.9700,105665864,841961616.0000,3
2020-09-21,20200921113000000,sh.601216,7.9600,8.0700,7.9600,8.0400,22719510,181835552.0000,3
2020-09-21,20200921140000000,sh.601216,8.0600,8.1400,7.9900,8.0400,43473806,350614128.0000,3
2020-09-21,20200921150000000,sh.601216,8.0400,8.0500,7.9300,7.9300,48639311,388326784.0000,3
2020-09-22,20200922103000000,sh.601216,7.7500,7.8600,7.7000,7.7700,74181837,576475920.0000,3
2020-09-22,20200922113000000,sh.601216,7.7800,7.9000,7.7600,7.8200,27213588,212329056.0000,3
2020-09-22,20200922140000000,sh.601216,7.8300,7.8400,7.7200,7.7300,31003266,240552992.0000,3
2020-09-22,20200922150000000,sh.601216,7.7200,7.7300,7.5600,7.5900,96813176,739099040.0000,3
2020-09-23,20200923103000000,sh.601216,7.5800,8.0600,7.5100,7.8700,144699691,1132479632.0000,3
2020-09-23,20200923113000000,sh.601216,7.8700,7.9400,7.8500,7.9200,38343963,302664176.0000,3
2020-09-23,20200923140000000,sh.601216,7.9300,7.9800,7.8800,7.9000,28987185,229662032.0000,3
2020-09-23,20200923150000000,sh.601216,7.9000,7.9100,7.8000,7.8200,50667518,396997600.0000,3
2020-09-24,20200924103000000,sh.601216,7.6700,7.9600,7.6100,7.8300,100826630,786024848.0000,3
2020-09-24,20200924113000000,sh.601216,7.8200,7.8500,7.7300,7.7700,28151753,219673216.0000,3
2020-09-24,20200924140000000,sh.601216,7.7700,8.0300,7.7500,8.0300,63946293,504864688.0000,3
2020-09-24,20200924150000000,sh.601216,8.0200,8.1300,7.9100,7.9500,115060332,921226128.0000,3
2020-09-25,20200925103000000,sh.601216,7.8900,7.9900,7.7600,7.8800,85253825,670327792.0000,3
2020-09-25,20200925113000000,sh.601216,7.8800,7.8900,7.7800,7.8100,31025946,242461280.0000,3
2020-09-25,20200925140000000,sh.601216,7.8100,8.0400,7.7900,7.9500,50966863,405447456.0000,3
2020-09-25,20200925150000000,sh.601216,7.9500,7.9600,7.7800,7.8000,49112112,385312688.0000,3
2020-09-28,20200928103000000,sh.601216,7.7200,7.7300,7.4200,7.4900,97108372,736098544.0000,3
2020-09-28,20200928113000000,sh.601216,7.4900,7.6400,7.4900,7.5700,18801795,141966384.0000,3
2020-09-28,20200928140000000,sh.601216,7.5700,7.5700,7.4800,7.4900,23769431,178761520.0000,3
2020-09-28,20200928150000000,sh.601216,7.4800,7.4900,7.2900,7.3400,86266418,636291680.0000,3
2020-09-29,20200929103000000,sh.601216,7.5200,7.5600,7.3200,7.4300,52442400,388458880.0000,3
2020-09-29,20200929113000000,sh.601216,7.4200,7.4500,7.3800,7.4200,18195777,134711232.0000,3
2020-09-29,20200929140000000,sh.601216,7.4200,7.4300,7.3600,7.3800,16567839,122291568.0000,3
2020-09-29,20200929150000000,sh.601216,7.3800,7.3900,7.2500,7.2700,67691850,494064720.0000,3
2020-09-30,20200930103000000,sh.601216,7.2900,7.3300,7.1000,7.1700,71078265,509835696.0000,3
2020-09-30,20200930113000000,sh.601216,7.1700,7.2800,7.1700,7.2000,16679170,120499280.0000,3
2020-09-30,20200930140000000,sh.601216,7.2100,7.2200,7.1300,7.1600,20212511,144731392.0000,3
2020-09-30,20200930150000000,sh.601216,7.1500,7.2800,7.1400,7.2200,44359969,319760592.0000,3
2020-10-09,20201009103000000,sh.601216,7.3500,7.6000,7.3200,7.5900,102295818,762986176.0000,3
2020-10-09,20201009113000000,sh.601216,7.5900,7.6200,7.5100,7.6200,33821363,255955520.0000,3
2020-10-09,20201009140000000,sh.601216,7.6200,7.6500,7.5600,7.5600,27365382,207878224.0000,3
2020-10-09,20201009150000000,sh.601216,7.5700,7.5800,7.5100,7.5600,42193087,318082752.0000,3
2020-10-12,20201012103000000,sh.601216,7.5500,7.6800,7.4100,7.6500,92211812,693985024.0000,3
2020-10-12,20201012113000000,sh.601216,7.6400,7.8000,7.6000,7.7700,47677965,366287504.0000,3
2020-10-12,20201012140000000,sh.601216,7.7800,7.8800,7.7300,7.7700,48082198,374634128.0000,3
2020-10-12,20201012150000000,sh.601216,7.7700,7.8000,7.7100,7.7700,58314644,452312000.0000,3
2020-10-13,20201013103000000,sh.601216,7.8500,7.8800,7.7000,7.8100,72362717,563488368.0000,3
2020-10-13,20201013113000000,sh.601216,7.8000,8.4000,7.7900,8.2400,148727036,1200550448.0000,3
2020-10-13,20201013140000000,sh.601216,8.2400,8.2800,8.1300,8.1500,51264023,419985392.0000,3
2020-10-13,20201013150000000,sh.601216,8.1500,8.1800,8.0700,8.1100,57515888,467458128.0000,3
2020-10-14,20201014103000000,sh.601216,7.8300,7.9200,7.7500,7.8900,111067570,869430784.0000,3
2020-10-14,20201014113000000,sh.601216,7.8900,7.8900,7.8300,7.8600,22924133,180288464.0000,3
2020-10-14,20201014140000000,sh.601216,7.8600,7.8800,7.7300,7.7700,55408931,430931920.0000,3
2020-10-14,20201014150000000,sh.601216,7.7700,7.8200,7.7500,7.7900,56589757,440357376.0000,3
2020-10-15,20201015103000000,sh.601216,7.7000,7.7100,7.4200,7.5200,90141172,680820000.0000,3
2020-10-15,20201015113000000,sh.601216,7.5200,7.5500,7.5000,7.5400,18839511,141578464.0000,3
2020-10-15,20201015140000000,sh.601216,7.5400,7.5500,7.4800,7.4800,23519340,176338704.0000,3
2020-10-15,20201015150000000,sh.601216,7.4900,7.4900,7.4200,7.4500,53502876,398855216.0000,3
2020-10-16,20201016103000000,sh.601216,7.3600,7.5300,7.3600,7.4400,42862752,319125136.0000,3
2020-10-16,20201016113000000,sh.601216,7.4500,7.4900,7.4000,7.4300,16854137,125407232.0000,3
2020-10-16,20201016140000000,sh.601216,7.4400,7.7600,7.4200,7.6800,62548302,476568432.0000,3
2020-10-16,20201016150000000,sh.601216,7.6700,7.6800,7.6000,7.6400,39588504,302660512.0000,3
2020-10-19,20201019103000000,sh.601216,7.7000,7.9400,7.6300,7.8300,77034231,601374752.0000,3
2020-10-19,20201019113000000,sh.601216,7.8200,7.8300,7.7300,7.7800,24129066,188051648.0000,3
2020-10-19,20201019140000000,sh.601216,7.7900,7.9200,7.7900,7.8300,41277458,323834912.0000,3
2020-10-19,20201019150000000,sh.601216,7.8200,7.8300,7.7100,7.8100,42116314,327350160.0000,3
2020-10-20,20201020103000000,sh.601216,7.7700,7.7700,7.5900,7.6500,48896529,374799856.0000,3
2020-10-20,20201020113000000,sh.601216,7.6400,7.7200,7.5900,7.7100,22224481,169679664.0000,3
2020-10-20,20201020140000000,sh.601216,7.7200,7.7900,7.6700,7.7200,20870062,161228448.0000,3
2020-10-20,20201020150000000,sh.601216,7.7200,7.7500,7.6800,7.7400,33856493,261299168.0000,3
2020-10-21,20201021103000000,sh.601216,7.7700,7.8500,7.6600,7.7000,46066017,356713872.0000,3
2020-10-21,20201021113000000,sh.601216,7.7000,7.7700,7.6600,7.7500,17207732,132845952.0000,3
2020-10-21,20201021140000000,sh.601216,7.7500,7.7600,7.6800,7.6900,12501872,96426832.0000,3
2020-10-21,20201021150000000,sh.601216,7.6800,7.7200,7.6600,7.7000,24507444,188362208.0000,3
2020-10-22,20201022103000000,sh.601216,7.8200,8.3000,7.7900,8.0200,176913453,1423043136.0000,3
2020-10-22,20201022113000000,sh.601216,8.0300,8.1000,8.0100,8.0200,29902004,240613552.0000,3
2020-10-22,20201022140000000,sh.601216,8.0200,8.1000,8.0200,8.0300,30629490,246954800.0000,3
2020-10-22,20201022150000000,sh.601216,8.0300,8.0300,7.8300,7.8800,66031085,523001488.0000,3
2020-10-23,20201023103000000,sh.601216,7.8800,7.9200,7.7000,7.7600,69636912,542619152.0000,3
2020-10-23,20201023113000000,sh.601216,7.7600,7.7800,7.7100,7.7600,22124591,171337952.0000,3
2020-10-23,20201023140000000,sh.601216,7.7500,7.7700,7.7000,7.7200,23702772,182977072.0000,3
2020-10-23,20201023150000000,sh.601216,7.7100,7.7900,7.7000,7.7400,28736253,222152064.0000,3
2020-10-26,20201026103000000,sh.601216,7.8000,7.8300,7.6000,7.6700,45848670,352512480.0000,3
2020-10-26,20201026113000000,sh.601216,7.6700,7.7400,7.6700,7.6700,11160196,86018160.0000,3
2020-10-26,20201026140000000,sh.601216,7.6800,7.7100,7.6200,7.6200,19243319,147351408.0000,3
2020-10-26,20201026150000000,sh.601216,7.6200,7.7000,7.6100,7.6900,21248380,162792224.0000,3
2020-10-27,20201027103000000,sh.601216,7.6000,7.8300,7.5100,7.7400,60307524,465618816.0000,3
2020-10-27,20201027113000000,sh.601216,7.7400,7.7400,7.6500,7.7100,13085221,100725408.0000,3
2020-10-27,20201027140000000,sh.601216,7.7100,7.7200,7.6900,7.7000,10204931,78658736.0000,3
2020-10-27,20201027150000000,sh.601216,7.7000,7.7700,7.6900,7.7100,26424322,204052208.0000,3
2020-10-28,20201028103000000,sh.601216,7.7500,7.7500,7.4600,7.4700,57210555,433355584.0000,3
2020-10-28,20201028113000000,sh.601216,7.4700,7.5300,7.4600,7.5200,24435642,183156544.0000,3
2020-10-28,20201028140000000,sh.601216,7.5300,7.5500,7.4600,7.4600,38195740,286049568.0000,3
2020-10-28,20201028150000000,sh.601216,7.4600,7.6800,7.4500,7.5100,47839909,360726112.0000,3
2020-10-29,20201029103000000,sh.601216,7.3800,7.3800,7.2000,7.2500,73303076,532858640.0000,3
2020-10-29,20201029113000000,sh.601216,7.2500,7.3500,7.2300,7.3000,24594765,179076864.0000,3
2020-10-29,20201029140000000,sh.601216,7.2900,7.3100,7.2500,7.2600,27019610,196498800.0000,3
2020-10-29,20201029150000000,sh.601216,7.2600,7.2700,7.1800,7.2400,69911277,505693824.0000,3
2020-10-30,20201030103000000,sh.601216,7.2400,7.3300,7.1100,7.1200,54965895,394064992.0000,3
2020-10-30,20201030113000000,sh.601216,7.1300,7.1300,7.1000,7.1300,24982103,177653120.0000,3
2020-10-30,20201030140000000,sh.601216,7.1300,7.2200,7.1000,7.1100,17664633,126132832.0000,3
2020-10-30,20201030150000000,sh.601216,7.1100,7.1100,6.9800,7.0300,57983811,407653056.0000,3
2020-11-02,20201102103000000,sh.601216,7.0300,7.0800,6.6100,6.7300,98867577,672855632.0000,3
2020-11-02,20201102113000000,sh.601216,6.7300,6.7400,6.6500,6.7200,25632509,171639568.0000,3
2020-11-02,20201102140000000,sh.601216,6.7100,6.7200,6.6500,6.7000,23493479,156867168.0000,3
2020-11-02,20201102150000000,sh.601216,6.7000,6.7100,6.6700,6.6900,31044477,207483712.0000,3
2020-11-03,20201103103000000,sh.601216,6.5900,6.8000,6.4000,6.6800,93230938,612072736.0000,3
2020-11-03,20201103113000000,sh.601216,6.6800,6.7500,6.6700,6.7100,24743518,166172896.0000,3
2020-11-03,20201103140000000,sh.601216,6.7200,6.8700,6.6600,6.8000,39307906,266022928.0000,3
2020-11-03,20201103150000000,sh.601216,6.8100,6.8300,6.7600,6.7900,28905959,196348640.0000,3
2020-11-04,20201104103000000,sh.601216,6.2100,6.5400,6.2100,6.2300,166049436,1045782624.0000,3
2020-11-04,20201104113000000,sh.601216,6.2400,6.2900,6.1200,6.2700,66663678,412778592.0000,3
2020-11-04,20201104140000000,sh.601216,6.2600,6.2600,6.1800,6.1800,26903123,166631824.0000,3
2020-11-04,20201104150000000,sh.601216,6.1900,6.1900,6.1200,6.1600,76720435,471960032.0000,3
2020-11-05,20201105103000000,sh.601216,6.1600,6.3000,6.0100,6.2400,111029948,686631376.0000,3
2020-11-05,20201105113000000,sh.601216,6.2400,6.2500,6.2100,6.2300,21654462,134901200.0000,3
2020-11-05,20201105140000000,sh.601216,6.2400,6.2400,6.2000,6.2200,23924013,148744496.0000,3
2020-11-05,20201105150000000,sh.601216,6.2300,6.2700,6.2200,6.2600,56674265,353848128.0000,3
2020-11-06,20201106103000000,sh.601216,6.2000,6.2300,6.0100,6.0700,109869123,669979568.0000,3
2020-11-06,20201106113000000,sh.601216,6.0600,6.0700,6.0200,6.0200,32592387,196723552.0000,3
2020-11-06,20201106140000000,sh.601216,6.0200,6.0400,5.9700,5.9800,41630903,250241312.0000,3
2020-11-06,20201106150000000,sh.601216,5.9800,6.0200,5.9100,6.0100,64020969,381726672.0000,3
2020-11-09,20201109103000000,sh.601216,6.0700,6.3500,6.0200,6.3000,140397439,870943072.0000,3
2020-11-09,20201109113000000,sh.601216,6.3000,6.4000,6.2700,6.3700,52288454,331171920.0000,3
2020-11-09,20201109140000000,sh.601216,6.3800,6.4400,6.3500,6.4000,44820980,286864496.0000,3
2020-11-09,20201109150000000,sh.601216,6.4000,6.4100,6.3100,6.3600,52778455,335560416.0000,3
2020-11-10,20201110103000000,sh.601216,6.3600,6.4900,6.1600,6.1900,110722400,696606176.0000,3
2020-11-10,20201110113000000,sh.601216,6.1900,6.2300,6.1800,6.2000,19000581,117768160.0000,3
2020-11-10,20201110140000000,sh.601216,6.2100,6.2100,6.1200,6.1300,38211600,235372816.0000,3
2020-11-10,20201110150000000,sh.601216,6.1200,6.1500,6.1000,6.1400,41005726,251188080.0000,3
2020-11-11,20201111103000000,sh.601216,6.1000,6.1700,6.0100,6.0500,49600388,302130048.0000,3
2020-11-11,20201111113000000,sh.601216,6.0600,6.1200,6.0300,6.1200,20859666,126577856.0000,3
2020-11-11,20201111140000000,sh.601216,6.1200,6.1300,6.0500,6.0700,20463580,124340112.0000,3
2020-11-11,20201111150000000,sh.601216,6.0700,6.0800,6.0300,6.0300,35166932,212444608.0000,3
2020-11-12,20201112103000000,sh.601216,6.0600,6.0900,5.8700,5.8800,74953974,445939968.0000,3
2020-11-12,20201112113000000,sh.601216,5.8800,5.9500,5.8800,5.9300,21041608,124387488.0000,3
2020-11-12,20201112140000000,sh.601216,5.9300,5.9400,5.9000,5.9100,16664494,98574496.0000,3
2020-11-12,20201112150000000,sh.601216,5.9200,5.9600,5.9000,5.9500,30052310,178150704.0000,3
2020-11-13,20201113103000000,sh.601216,5.9500,5.9500,5.7200,5.8100,77803789,451094304.0000,3
2020-11-13,20201113113000000,sh.601216,5.8200,5.9000,5.8100,5.8800,18640864,109035952.0000,3
2020-11-13,20201113140000000,sh.601216,5.8800,5.9200,5.8100,5.8300,18887836,110615632.0000,3
2020-11-13,20201113150000000,sh.601216,5.8400,5.9300,5.8000,5.8900,29665552,174307984.0000,3
2020-11-16,20201116103000000,sh.601216,5.9500,5.9900,5.8400,5.9300,57004117,337982944.0000,3
2020-11-16,20201116113000000,sh.601216,5.9300,6.0400,5.9100,5.9700,32075245,191770560.0000,3
2020-11-16,20201116140000000,sh.601216,5.9700,5.9800,5.9000,5.9000,19832300,117796384.0000,3
2020-11-16,20201116150000000,sh.601216,5.9100,5.9100,5.8700,5.9100,27424842,161649792.0000,3
2020-11-17,20201117103000000,sh.601216,5.9300,5.9300,5.7200,5.7400,61497412,355376592.0000,3
2020-11-17,20201117113000000,sh.601216,5.7300,5.7500,5.7200,5.7300,16755792,96065824.0000,3
2020-11-17,20201117140000000,sh.601216,5.7400,5.7400,5.6400,5.6900,35773272,203576272.0000,3
2020-11-17,20201117150000000,sh.601216,5.7000,5.7300,5.6600,5.7300,34775852,197995728.0000,3
2020-11-18,20201118103000000,sh.601216,5.7200,5.8700,5.6800,5.8400,64963048,376160816.0000,3
2020-11-18,20201118113000000,sh.601216,5.8400,5.8400,5.7800,5.7900,12316495,71423936.0000,3
2020-11-18,20201118140000000,sh.601216,5.7900,5.8000,5.7400,5.7400,16374308,94598816.0000,3
2020-11-18,20201118150000000,sh.601216,5.7400,5.7600,5.7200,5.7300,29041671,166531616.0000,3
2020-11-19,20201119103000000,sh.601216,5.7300,5.7300,5.6000,5.6200,46759106,263753457.0000,3
2020-11-19,20201119113000000,sh.601216,5.6100,5.7500,5.6100,5.7400,26622251,151403647.0000,3
2020-11-19,20201119140000000,sh.601216,5.7300,5.8000,5.7100,5.7400,28344555,163255088.0000,3
2020-11-19,20201119150000000,sh.601216,5.7400,5.7600,5.7100,5.7300,32942292,188929424.0000,3
2020-11-20,20201120103000000,sh.601216,5.7200,5.7900,5.7000,5.7100,30677982,176231658.0000,3
2020-11-20,20201120113000000,sh.601216,5.7100,5.7600,5.7000,5.7300,19692045,112656422.0000,3
2020-11-20,20201120140000000,sh.601216,5.7400,5.7500,5.7100,5.7400,12542838,71838016.0000,3
2020-11-20,20201120150000000,sh.601216,5.7300,5.7400,5.7000,5.7200,30709854,175662208.0000,3
2020-11-23,20201123103000000,sh.601216,5.7600,5.7800,5.6600,5.7300,40298679,230267075.0000,3
2020-11-23,20201123113000000,sh.601216,5.7300,5.7800,5.7200,5.7500,29131527,167480749.0000,3
2020-11-23,20201123140000000,sh.601216,5.7600,5.8300,5.7400,5.7600,51024397,294949376.0000,3
2020-11-23,20201123150000000,sh.601216,5.7600,5.7700,5.7000,5.7200,42185062,241392864.0000,3
2020-11-24,20201124103000000,sh.601216,5.6900,5.7000,5.5800,5.6000,80730627,453784880.0000,3
2020-11-24,20201124113000000,sh.601216,5.6100,5.6600,5.6000,5.6600,14190552,79933776.0000,3
2020-11-24,20201124140000000,sh.601216,5.6500,5.7100,5.6400,5.6500,21816711,123609248.0000,3
2020-11-24,20201124150000000,sh.601216,5.6500,5.6500,5.6100,5.6300,27745885,156113088.0000,3
2020-11-25,20201125103000000,sh.601216,5.6600,5.6700,5.4500,5.4700,73874289,409366880.0000,3
2020-11-25,20201125113000000,sh.601216,5.4800,5.5200,5.4700,5.4900,22675275,124413392.0000,3
2020-11-25,20201125140000000,sh.601216,5.4900,5.4900,5.4300,5.4300,28472689,155448016.0000,3
2020-11-25,20201125150000000,sh.601216,5.4300,5.4500,5.3900,5.4000,47763988,258507984.0000,3
2020-11-26,20201126103000000,sh.601216,5.3800,5.4300,5.2700,5.3400,60777222,325194912.0000,3
2020-11-26,20201126113000000,sh.601216,5.3400,5.3600,5.2900,5.3200,20331959,108130096.0000,3
2020-11-26,20201126140000000,sh.601216,5.3200,5.3400,5.2900,5.3200,15905819,84530400.0000,3
2020-11-26,20201126150000000,sh.601216,5.3100,5.3200,5.2700,5.3100,30042159,159053440.0000,3
2020-11-27,20201127103000000,sh.601216,5.3300,5.3400,5.1700,5.2600,56336116,295896144.0000,3
2020-11-27,20201127113000000,sh.601216,5.2700,5.2900,5.2200,5.2300,14054556,73865344.0000,3
2020-11-27,20201127140000000,sh.601216,5.2300,5.2600,5.2000,5.2300,14809699,77319664.0000,3
2020-11-27,20201127150000000,sh.601216,5.2300,5.2800,5.2200,5.2700,24281045,127629616.0000,3
2020-11-30,20201130103000000,sh.601216,5.2900,5.4800,5.2500,5.3700,82772452,444790224.0000,3
2020-11-30,20201130113000000,sh.601216,5.3700,5.3900,5.3200,5.3300,20366861,108892704.0000,3
2020-11-30,20201130140000000,sh.601216,5.3300,5.3300,5.3000,5.3100,18200220,96724208.0000,3
2020-11-30,20201130150000000,sh.601216,5.3000,5.3300,5.2500,5.2800,41459933,218829040.0000,3
2020-12-01,20201201103000000,sh.601216,5.2500,5.3200,5.2000,5.2900,43757279,230000610.0000,3
2020-12-01,20201201113000000,sh.601216,5.3000,5.3700,5.2700,5.3400,34712524,184685998.0000,3
2020-12-01,20201201140000000,sh.601216,5.3500,5.3700,5.3200,5.3300,17266651,92189920.0000,3
2020-12-01,20201201150000000,sh.601216,5.3300,5.3700,5.3200,5.3500,39562572,211567264.0000,3
2020-12-02,20201202103000000,sh.601216,5.3800,5.4400,5.3300,5.3800,47365565,254822483.0000,3
2020-12-02,20201202113000000,sh.601216,5.3800,5.3900,5.3600,5.3800,14844700,79785309.0000,3
2020-12-02,20201202140000000,sh.601216,5.3800,5.3900,5.3500,5.3600,13187000,70800336.0000,3
2020-12-02,20201202150000000,sh.601216,5.3600,5.3700,5.3400,5.3500,21586423,115607840.0000,3
2020-12-03,20201203103000000,sh.601216,5.3900,5.3900,5.3000,5.3200,31436200,167533241.0000,3
2020-12-03,20201203113000000,sh.601216,5.3300,5.6200,5.3200,5.5200,85758048,470624087.0000,3
2020-12-03,20201203140000000,sh.601216,5.5300,5.5300,5.4500,5.4500,52991356,290499088.0000,3
2020-12-03,20201203150000000,sh.601216,5.4600,5.4800,5.4300,5.4800,36927357,201870064.0000,3
2020-12-04,20201204103000000,sh.601216,5.4200,5.4300,5.2500,5.2800,85071049,452506256.0000,3
2020-12-04,20201204113000000,sh.601216,5.2900,5.3100,5.2600,5.2800,23264051,122762880.0000,3
2020-12-04,20201204140000000,sh.601216,5.2700,5.3200,5.2700,5.3000,15236446,80722304.0000,3
2020-12-04,20201204150000000,sh.601216,5.3000,5.3100,5.2800,5.2900,27188236,143799296.0000,3
2020-12-07,20201207103000000,sh.601216,5.2500,5.2900,5.2100,5.2700,42582983,222982896.0000,3
2020-12-07,20201207113000000,sh.601216,5.2700,5.2700,5.2200,5.2300,8950804,46868032.0000,3
2020-12-07,20201207140000000,sh.601216,5.2300,5.3300,5.2300,5.3100,22776558,120328000.0000,3
2020-12-07,20201207150000000,sh.601216,5.3000,5.3100,5.2600,5.2700,15860666,83737152.0000,3
2020-12-08,20201208103000000,sh.601216,5.2500,5.2700,5.2000,5.2400,28997067,151629321.0000,3
2020-12-08,20201208113000000,sh.601216,5.2400,5.2400,5.1900,5.1900,19267976,100334450.0000,3
2020-12-08,20201208140000000,sh.601216,5.1900,5.2200,5.1900,5.2000,11603811,60361429.0000,3
2020-12-08,20201208150000000,sh.601216,5.2100,5.2100,5.1600,5.1700,26635567,138060432.0000,3
2020-12-09,20201209103000000,sh.601216,5.1600,5.1800,5.0000,5.0700,65389696,330882128.0000,3
2020-12-09,20201209113000000,sh.601216,5.0700,5.1200,5.0500,5.0900,15811099,80408608.0000,3
2020-12-09,20201209140000000,sh.601216,5.0800,5.0900,5.0300,5.0300,12172235,61452640.0000,3
2020-12-09,20201209150000000,sh.601216,5.0400,5.0600,5.0000,5.0100,26523927,133271104.0000,3
2020-12-10,20201210103000000,sh.601216,4.9800,4.9900,4.9000,4.9700,44876761,221784886.0000,3
2020-12-10,20201210113000000,sh.601216,4.9700,5.0800,4.9600,5.0300,28402195,142558890.0000,3
2020-12-10,20201210140000000,sh.601216,5.0300,5.0600,5.0100,5.0100,10775319,54213504.0000,3
2020-12-10,20201210150000000,sh.601216,5.0100,5.0200,4.9800,4.9900,20234665,101154048.0000,3
2020-12-11,20201211103000000,sh.601216,5.0200,5.1200,4.9900,5.0200,53062723,268517776.0000,3
2020-12-11,20201211113000000,sh.601216,5.0200,5.0200,4.9400,4.9500,21891872,109146464.0000,3
2020-12-11,20201211140000000,sh.601216,4.9500,4.9700,4.9000,4.9000,19149080,94470848.0000,3
2020-12-11,20201211150000000,sh.601216,4.9000,4.9300,4.8700,4.9300,27067505,132742576.0000,3
2020-12-14,20201214103000000,sh.601216,4.9200,5.0200,4.8000,5.0100,57165441,280040784.0000,3
2020-12-14,20201214113000000,sh.601216,5.0100,5.0500,4.9600,5.0100,35786286,179402752.0000,3
2020-12-14,20201214140000000,sh.601216,5.0100,5.0300,4.9800,4.9900,14552010,72908688.0000,3
2020-12-14,20201214150000000,sh.601216,4.9900,5.0400,4.9800,5.0300,28277994,141859920.0000,3
2020-12-15,20201215103000000,sh.601216,5.0000,5.0700,4.9800,5.0300,33582626,168655747.0000,3
2020-12-15,20201215113000000,sh.601216,5.0400,5.0500,4.9900,5.0200,12183286,61026515.0000,3
2020-12-15,20201215140000000,sh.601216,5.0100,5.0200,4.9900,5.0100,8085275,40487994.0000,3
2020-12-15,20201215150000000,sh.601216,5.0200,5.0200,4.9900,5.0100,18004375,90118528.0000,3
2020-12-16,20201216103000000,sh.601216,5.0300,5.0300,4.9100,4.9400,27554848,136296221.0000,3
2020-12-16,20201216113000000,sh.601216,4.9400,4.9900,4.9200,4.9700,11370498,56382577.0000,3
2020-12-16,20201216140000000,sh.601216,4.9700,5.0300,4.9500,5.0100,17383168,86782370.0000,3
2020-12-16,20201216150000000,sh.601216,5.0100,5.0200,4.9600,4.9800,14824247,73911024.0000,3
2020-12-17,20201217103000000,sh.601216,4.9600,5.2200,4.9300,5.0300,96722253,493048704.0000,3
2020-12-17,20201217113000000,sh.601216,5.0300,5.0700,5.0300,5.0500,15973708,80631616.0000,3
2020-12-17,20201217140000000,sh.601216,5.0600,5.0800,5.0400,5.0400,16000993,80949056.0000,3
2020-12-17,20201217150000000,sh.601216,5.0400,5.0800,5.0400,5.0800,25800550,130581680.0000,3
2020-12-18,20201218103000000,sh.601216,5.0300,5.0600,4.9800,5.0000,42046872,210571584.0000,3
2020-12-18,20201218113000000,sh.601216,5.0000,5.0200,4.9800,5.0200,15107827,75520944.0000,3
2020-12-18,20201218140000000,sh.601216,5.0100,5.0300,4.9800,4.9900,12842174,64147456.0000,3
2020-12-18,20201218150000000,sh.601216,4.9900,5.0100,4.9700,4.9800,19611171,97834144.0000,3
2020-12-21,20201221103000000,sh.601216,4.9500,4.9800,4.9000,4.9700,28501844,140717967.0000,3
2020-12-21,20201221113000000,sh.601216,4.9700,5.0100,4.9600,4.9700,15169190,75586313.0000,3
2020-12-21,20201221140000000,sh.601216,4.9700,5.0000,4.9600,4.9800,13270863,66049912.0000,3
2020-12-21,20201221150000000,sh.601216,4.9800,4.9800,4.9500,4.9600,18824169,93424752.0000,3
2020-12-22,20201222103000000,sh.601216,4.9500,4.9500,4.8700,4.9200,36256632,177809610.0000,3
2020-12-22,20201222113000000,sh.601216,4.9300,5.0800,4.9000,5.0400,49459439,248004006.0000,3
2020-12-22,20201222140000000,sh.601216,5.0300,5.0400,4.9500,4.9500,16632570,82961344.0000,3
2020-12-22,20201222150000000,sh.601216,4.9500,4.9500,4.8600,4.8600,37102655,181511440.0000,3
2020-12-23,20201223103000000,sh.601216,4.8500,4.8600,4.8000,4.8100,40283094,194121563.0000,3
2020-12-23,20201223113000000,sh.601216,4.8100,4.8200,4.7200,4.8000,41775295,199456325.0000,3
2020-12-23,20201223140000000,sh.601216,4.8000,4.8300,4.7700,4.7900,15918581,76415008.0000,3
2020-12-23,20201223150000000,sh.601216,4.7900,4.8000,4.7600,4.8000,22789458,108891968.0000,3
2020-12-24,20201224103000000,sh.601216,4.7500,4.7900,4.6900,4.7300,34358533,162990391.0000,3
2020-12-24,20201224113000000,sh.601216,4.7400,4.7400,4.6900,4.6900,18862603,88825222.0000,3
2020-12-24,20201224140000000,sh.601216,4.7000,4.7100,4.6000,4.6100,27700323,128900675.0000,3
2020-12-24,20201224150000000,sh.601216,4.6100,4.6400,4.6000,4.6100,29126204,134440368.0000,3
2020-12-25,20201225103000000,sh.601216,4.5800,4.5800,4.4700,4.4900,42923901,193635171.0000,3
2020-12-25,20201225113000000,sh.601216,4.4900,4.5900,4.4900,4.5900,22532174,102296365.0000,3
2020-12-25,20201225140000000,sh.601216,4.6000,4.6500,4.5900,4.6000,24444760,112926624.0000,3
2020-12-25,20201225150000000,sh.601216,4.6100,4.6700,4.6000,4.6500,26965602,125277888.0000,3
2020-12-28,20201228103000000,sh.601216,4.6400,5.1200,4.6200,5.1200,177579348,873202080.0000,3
2020-12-28,20201228113000000,sh.601216,5.1200,5.1200,5.1200,5.1200,9085750,46519040.0000,3
2020-12-28,20201228140000000,sh.601216,5.1200,5.1200,5.1200,5.1200,5219700,26724864.0000,3
2020-12-28,20201228150000000,sh.601216,5.1200,5.1200,5.1200,5.1200,4193100,21468672.0000,3
2020-12-29,20201229103000000,sh.601216,5.3000,5.4700,5.1400,5.2100,307885936,1640485760.0000,3
2020-12-29,20201229113000000,sh.601216,5.2100,5.2700,5.1300,5.1800,46211744,240546240.0000,3
2020-12-29,20201229140000000,sh.601216,5.1800,5.1900,5.0300,5.0400,48914384,248906544.0000,3
2020-12-29,20201229150000000,sh.601216,5.0400,5.2000,4.9900,5.0700,65187584,331285360.0000,3
2020-12-30,20201230103000000,sh.601216,4.9400,4.9700,4.7700,4.9100,138534602,671778544.0000,3
2020-12-30,20201230113000000,sh.601216,4.9100,5.0300,4.8900,4.9400,37941584,187674512.0000,3
2020-12-30,20201230140000000,sh.601216,4.9400,4.9700,4.9000,4.9400,21905408,107959280.0000,3
2020-12-30,20201230150000000,sh.601216,4.9300,4.9500,4.8900,4.9200,42905287,210861632.0000,3
2020-12-31,20201231103000000,sh.601216,4.8700,4.9800,4.8100,4.9400,80653862,394834208.0000,3
2020-12-31,20201231113000000,sh.601216,4.9400,5.0500,4.9300,4.9400,53585626,267150144.0000,3
2020-12-31,20201231140000000,sh.601216,4.9500,4.9600,4.9100,4.9200,18183900,89661168.0000,3
2020-12-31,20201231150000000,sh.601216,4.9200,4.9600,4.9200,4.9500,35955310,177764912.0000,3
