date,time,code,open,high,low,close,volume,amount,adjustflag
2020-01-02,20200102103000000,sz.002849,14.2400,14.4000,14.1500,14.3800,479600,6856135.0000,3
2020-01-02,20200102113000000,sz.002849,14.3800,14.4000,14.3500,14.3800,160600,2308169.0000,3
2020-01-02,20200102140000000,sz.002849,14.3800,14.4200,14.3700,14.4000,238800,3436862.0000,3
2020-01-02,20200102150000000,sz.002849,14.4000,14.4100,14.3800,14.4000,368900,5309676.0000,3
2020-01-03,20200103103000000,sz.002849,14.4000,14.5500,14.3400,14.5100,453800,6571777.0000,3
2020-01-03,20200103113000000,sz.002849,14.5100,14.5200,14.3800,14.4000,203250,2933225.0000,3
2020-01-03,20200103140000000,sz.002849,14.4000,14.4700,14.3600,14.4700,159950,2305356.0000,3
2020-01-03,20200103150000000,sz.002849,14.4700,14.4900,14.4300,14.4300,233500,3374655.0000,3
2020-01-06,20200106103000000,sz.002849,14.3800,14.5500,14.3500,14.5100,379250,5489150.0000,3
2020-01-06,20200106113000000,sz.002849,14.5200,14.5500,14.5000,14.5300,275000,3993374.0000,3
2020-01-06,20200106140000000,sz.002849,14.5300,14.5800,14.5100,14.5500,343400,4996102.0000,3
2020-01-06,20200106150000000,sz.002849,14.5500,14.5500,14.4200,14.5300,315643,4572432.0000,3
2020-01-07,20200107103000000,sz.002849,14.5400,14.6300,14.5100,14.5500,447000,6508626.0000,3
2020-01-07,20200107113000000,sz.002849,14.5500,14.5800,14.5200,14.5800,283550,4127441.0000,3
2020-01-07,20200107140000000,sz.002849,14.5800,14.5900,14.5500,14.5800,240643,3506998.0000,3
2020-01-07,20200107150000000,sz.002849,14.5800,14.6200,14.5500,14.6200,441100,6434435.0000,3
2020-01-08,20200108103000000,sz.002849,14.6200,14.6600,14.5200,14.5400,514200,7505848.0000,3
2020-01-08,20200108113000000,sz.002849,14.5200,14.6000,14.5200,14.5800,185050,2694019.0000,3
2020-01-08,20200108140000000,sz.002849,14.5800,14.5800,14.3600,14.3600,456350,6590383.0000,3
2020-01-08,20200108150000000,sz.002849,14.3600,14.4200,14.3000,14.3300,303250,4354731.0000,3
2020-01-09,20200109103000000,sz.002849,14.4800,14.6100,14.4000,14.5200,423700,6162031.0000,3
2020-01-09,20200109113000000,sz.002849,14.5200,14.5600,14.5100,14.5300,129300,1880264.0000,3
2020-01-09,20200109140000000,sz.002849,14.5300,14.5800,14.4900,14.5600,203700,2961476.0000,3
2020-01-09,20200109150000000,sz.002849,14.5600,14.6500,14.5100,14.6400,640700,9345447.0000,3
2020-01-10,20200110103000000,sz.002849,14.6800,14.6800,14.5300,14.5600,409450,5975656.0000,3
2020-01-10,20200110113000000,sz.002849,14.5600,14.5800,14.4700,14.5400,149600,2170745.0000,3
2020-01-10,20200110140000000,sz.002849,14.5400,14.5400,14.4800,14.5000,135850,1970462.0000,3
2020-01-10,20200110150000000,sz.002849,14.5000,14.5900,14.5000,14.5300,256550,3731407.0000,3
2020-01-13,20200113103000000,sz.002849,14.5500,14.6600,14.4500,14.5000,528706,7689760.0000,3
2020-01-13,20200113113000000,sz.002849,14.5000,14.5300,14.4600,14.5100,129550,1878597.0000,3
2020-01-13,20200113140000000,sz.002849,14.5100,14.6100,14.4800,14.5600,226900,3297803.0000,3
2020-01-13,20200113150000000,sz.002849,14.5600,14.6300,14.5300,14.6000,368850,5378037.0000,3
2020-01-14,20200114103000000,sz.002849,14.6400,14.6600,14.5600,14.6300,552400,8080171.0000,3
2020-01-14,20200114113000000,sz.002849,14.6300,14.7800,14.6300,14.6900,409900,6026584.0000,3
2020-01-14,20200114140000000,sz.002849,14.6900,14.6900,14.6500,14.6600,138800,2035591.0000,3
2020-01-14,20200114150000000,sz.002849,14.6600,14.6600,14.5100,14.5900,473600,6910174.0000,3
2020-01-15,20200115103000000,sz.002849,14.5500,14.5900,14.3500,14.4000,552500,7974337.0000,3
2020-01-15,20200115113000000,sz.002849,14.4000,14.4600,14.3700,14.3900,202100,2910805.0000,3
2020-01-15,20200115140000000,sz.002849,14.3900,14.4000,14.3500,14.3600,210454,3024133.0000,3
2020-01-15,20200115150000000,sz.002849,14.3700,14.4800,14.3400,14.3900,359700,5175476.0000,3
2020-01-16,20200116103000000,sz.002849,14.3800,14.4500,14.2600,14.3000,700148,10022916.0000,3
2020-01-16,20200116113000000,sz.002849,14.2900,14.3000,14.2400,14.3000,208919,2982522.0000,3
2020-01-16,20200116140000000,sz.002849,14.3000,14.3200,14.2000,14.2400,235100,3348835.0000,3
2020-01-16,20200116150000000,sz.002849,14.2400,14.2800,14.1800,14.2600,261600,3725251.0000,3
2020-01-17,20200117103000000,sz.002849,14.3000,14.3300,14.2500,14.2800,244150,3488532.0000,3
2020-01-17,20200117113000000,sz.002849,14.2800,14.3600,14.2600,14.2700,216773,3101283.0000,3
2020-01-17,20200117140000000,sz.002849,14.2700,14.2700,14.2200,14.2400,117900,1678699.0000,3
2020-01-17,20200117150000000,sz.002849,14.2400,14.3600,14.2200,14.3200,288800,4129101.0000,3
2020-01-20,20200120103000000,sz.002849,14.3200,14.3200,14.1200,14.1600,385500,5469747.0000,3
2020-01-20,20200120113000000,sz.002849,14.1600,14.2600,14.1600,14.2500,124194,1765107.0000,3
2020-01-20,20200120140000000,sz.002849,14.2600,14.3400,14.2600,14.2700,141500,2021344.0000,3
2020-01-20,20200120150000000,sz.002849,14.2700,14.4700,14.2600,14.4200,473369,6805476.0000,3
2020-01-21,20200121103000000,sz.002849,14.4200,14.4200,14.2500,14.3600,289850,4150251.0000,3
2020-01-21,20200121113000000,sz.002849,14.3600,14.3600,14.2800,14.3100,77700,1111798.0000,3
2020-01-21,20200121140000000,sz.002849,14.3100,14.3100,14.1800,14.1800,212250,3019420.0000,3
2020-01-21,20200121150000000,sz.002849,14.1800,14.2300,14.1000,14.1100,317800,4497022.0000,3
2020-01-22,20200122103000000,sz.002849,14.1600,14.1600,13.7000,13.8400,581844,8049192.0000,3
2020-01-22,20200122113000000,sz.002849,13.8400,14.0300,13.8200,14.0100,125100,1739993.0000,3
2020-01-22,20200122140000000,sz.002849,14.0100,14.0800,13.9600,14.0600,150950,2118786.0000,3
2020-01-22,20200122150000000,sz.002849,14.0600,14.1600,14.0500,14.1300,262200,3700965.0000,3
2020-01-23,20200123103000000,sz.002849,14.1500,14.2500,14.0200,14.1500,175050,2477105.0000,3
2020-01-23,20200123113000000,sz.002849,14.1500,14.1500,13.9000,13.9300,231900,3244984.0000,3
2020-01-23,20200123140000000,sz.002849,13.9300,13.9300,13.4100,13.5800,426150,5841285.0000,3
2020-01-23,20200123150000000,sz.002849,13.5900,13.6900,13.5000,13.6400,272125,3698368.0000,3
2020-02-03,20200203103000000,sz.002849,12.2800,12.2800,12.2800,12.2800,259800,3190344.0000,3
2020-02-03,20200203113000000,sz.002849,12.2800,12.2800,12.2800,12.2800,9400,115432.0000,3
2020-02-03,20200203140000000,sz.002849,12.2800,12.2800,12.2800,12.2800,17300,212444.0000,3
2020-02-03,20200203150000000,sz.002849,12.2800,12.2800,12.2800,12.2800,4900,60172.0000,3
2020-02-04,20200204103000000,sz.002849,11.1800,11.9600,11.1800,11.8400,879500,10282662.0000,3
2020-02-04,20200204113000000,sz.002849,11.8300,11.8500,11.5300,11.5800,332650,3869383.0000,3
2020-02-04,20200204140000000,sz.002849,11.5900,11.8500,11.5900,11.7600,282600,3311275.0000,3
2020-02-04,20200204150000000,sz.002849,11.7600,11.8300,11.7000,11.7500,331850,3906371.0000,3
2020-02-05,20200205103000000,sz.002849,11.7800,12.0600,11.6800,12.0100,550050,6545831.0000,3
2020-02-05,20200205113000000,sz.002849,12.0100,12.0700,11.8800,11.9300,561300,6714002.0000,3
2020-02-05,20200205140000000,sz.002849,11.9300,12.0000,11.8900,11.9000,244900,2922583.0000,3
2020-02-05,20200205150000000,sz.002849,11.9000,11.9700,11.8900,11.9300,127300,1518858.0000,3
2020-02-06,20200206103000000,sz.002849,11.8600,11.9700,11.8200,11.8900,387150,4607000.0000,3
2020-02-06,20200206113000000,sz.002849,11.8900,12.0400,11.8900,12.0200,291100,3484241.0000,3
2020-02-06,20200206140000000,sz.002849,12.0200,12.2200,12.0200,12.1700,219050,2652751.0000,3
2020-02-06,20200206150000000,sz.002849,12.1700,12.2000,12.0200,12.0900,315250,3811620.0000,3
2020-02-07,20200207103000000,sz.002849,12.0600,12.2300,12.0000,12.1600,304200,3694984.0000,3
2020-02-07,20200207113000000,sz.002849,12.1600,12.2100,11.9300,12.1000,227000,2742824.0000,3
2020-02-07,20200207140000000,sz.002849,12.1000,12.1800,12.0200,12.1400,169981,2055466.0000,3
2020-02-07,20200207150000000,sz.002849,12.1400,12.2900,12.1400,12.2700,259300,3172245.0000,3
2020-02-10,20200210103000000,sz.002849,12.2600,12.4100,12.1600,12.3600,447150,5501034.0000,3
2020-02-10,20200210113000000,sz.002849,12.3600,12.4400,12.2400,12.2400,234300,2895520.0000,3
2020-02-10,20200210140000000,sz.002849,12.2500,12.3400,12.2000,12.3400,117281,1439379.0000,3
2020-02-10,20200210150000000,sz.002849,12.3400,12.4400,12.3000,12.4300,238450,2953294.0000,3
2020-02-11,20200211103000000,sz.002849,12.4400,12.4600,12.3400,12.4300,280454,3474430.0000,3
2020-02-11,20200211113000000,sz.002849,12.3900,12.4300,12.2600,12.3000,171146,2112087.0000,3
2020-02-11,20200211140000000,sz.002849,12.3000,12.4300,12.3000,12.3900,101250,1249793.0000,3
2020-02-11,20200211150000000,sz.002849,12.3900,12.4200,12.2400,12.2400,212450,2615016.0000,3
2020-02-12,20200212103000000,sz.002849,12.2800,12.4300,12.2000,12.3800,242750,2993351.0000,3
2020-02-12,20200212113000000,sz.002849,12.3800,12.3800,12.2600,12.3400,136900,1686793.0000,3
2020-02-12,20200212140000000,sz.002849,12.3400,12.4700,12.3400,12.4300,240750,2994462.0000,3
2020-02-12,20200212150000000,sz.002849,12.4200,12.5700,12.4200,12.4600,375050,4688289.0000,3
2020-02-13,20200213103000000,sz.002849,12.4600,12.5700,12.3600,12.4000,260100,3242851.0000,3
2020-02-13,20200213113000000,sz.002849,12.3900,12.4600,12.3300,12.3400,199600,2474662.0000,3
2020-02-13,20200213140000000,sz.002849,12.3400,12.3400,12.2000,12.2800,174400,2140013.0000,3
2020-02-13,20200213150000000,sz.002849,12.2800,12.3700,12.2200,12.2300,303464,3720688.0000,3
2020-02-14,20200214103000000,sz.002849,12.1200,12.3000,12.1200,12.2300,266450,3255512.0000,3
2020-02-14,20200214113000000,sz.002849,12.2300,12.4000,12.2300,12.3000,155350,1912517.0000,3
2020-02-14,20200214140000000,sz.002849,12.3000,12.3300,12.2100,12.2800,103750,1272097.0000,3
2020-02-14,20200214150000000,sz.002849,12.2800,12.2800,12.1400,12.2500,232450,2836200.0000,3
2020-02-17,20200217103000000,sz.002849,12.2700,12.5600,12.2700,12.5600,467764,5833213.0000,3
2020-02-17,20200217113000000,sz.002849,12.5600,12.7300,12.5600,12.6400,233300,2952020.0000,3
2020-02-17,20200217140000000,sz.002849,12.6400,12.7500,12.6300,12.7100,245914,3119498.0000,3
2020-02-17,20200217150000000,sz.002849,12.7200,12.8300,12.6900,12.7400,397746,5073146.0000,3
2020-02-18,20200218103000000,sz.002849,12.7300,12.9500,12.6000,12.8400,441800,5671131.0000,3
2020-02-18,20200218113000000,sz.002849,12.8400,12.8400,12.7000,12.7600,240400,3069549.0000,3
2020-02-18,20200218140000000,sz.002849,12.7700,12.8900,12.7700,12.8700,206396,2646673.0000,3
2020-02-18,20200218150000000,sz.002849,12.8700,12.9400,12.7900,12.9400,466618,6007346.0000,3
2020-02-19,20200219103000000,sz.002849,12.9500,13.0500,12.7700,13.0400,430000,5550241.0000,3
2020-02-19,20200219113000000,sz.002849,13.0400,13.1000,12.9400,13.0000,462050,6023381.0000,3
2020-02-19,20200219140000000,sz.002849,13.0000,13.0500,12.9800,13.0200,300900,3913275.0000,3
2020-02-19,20200219150000000,sz.002849,13.0400,13.2500,13.0000,13.0000,742800,9712201.0000,3
2020-02-20,20200220103000000,sz.002849,13.0500,13.2100,13.0000,13.0500,464186,6075869.0000,3
2020-02-20,20200220113000000,sz.002849,13.0500,13.2000,13.0300,13.2000,198404,2599419.0000,3
2020-02-20,20200220140000000,sz.002849,13.2000,13.3900,13.2000,13.2700,491350,6526628.0000,3
2020-02-20,20200220150000000,sz.002849,13.2600,13.3400,13.2400,13.3000,424300,5641002.0000,3
2020-02-21,20200221103000000,sz.002849,13.3000,13.5200,13.2600,13.3800,479900,6442590.0000,3
2020-02-21,20200221113000000,sz.002849,13.3800,13.4900,13.3600,13.4500,241900,3245858.0000,3
2020-02-21,20200221140000000,sz.002849,13.4500,13.6300,13.4200,13.4600,797500,10800469.0000,3
2020-02-21,20200221150000000,sz.002849,13.4600,13.5600,13.4600,13.4800,363850,4911970.0000,3
2020-02-24,20200224103000000,sz.002849,13.4000,13.6300,13.3000,13.3500,612550,8218117.0000,3
2020-02-24,20200224113000000,sz.002849,13.3500,13.5400,13.3500,13.5400,220964,2974081.0000,3
2020-02-24,20200224140000000,sz.002849,13.5400,13.8400,13.5400,13.7300,484300,6644224.0000,3
2020-02-24,20200224150000000,sz.002849,13.7300,14.0000,13.7100,13.9500,623700,8679102.0000,3
2020-02-25,20200225103000000,sz.002849,13.5400,13.8800,13.5100,13.7800,883254,12134582.0000,3
2020-02-25,20200225113000000,sz.002849,13.7600,13.7800,13.4500,13.6900,751516,10249540.0000,3
2020-02-25,20200225140000000,sz.002849,13.6900,14.0800,13.6200,14.0800,526950,7288203.0000,3
2020-02-25,20200225150000000,sz.002849,14.0600,14.2800,13.9800,14.1800,1345502,19053202.0000,3
2020-02-26,20200226103000000,sz.002849,14.0000,14.5500,13.8100,14.3700,2198100,31499792.0000,3
2020-02-26,20200226113000000,sz.002849,14.3700,14.6100,14.2900,14.5600,784531,11327332.0000,3
2020-02-26,20200226140000000,sz.002849,14.5600,14.8500,14.5600,14.5600,1117282,16448037.0000,3
2020-02-26,20200226150000000,sz.002849,14.5600,14.5900,14.1300,14.2500,945875,13552977.0000,3
2020-02-27,20200227103000000,sz.002849,14.2100,14.5700,13.9800,14.0800,1103500,15743644.0000,3
2020-02-27,20200227113000000,sz.002849,14.0800,14.2400,14.0800,14.2000,242154,3423780.0000,3
2020-02-27,20200227140000000,sz.002849,14.2000,14.2600,13.9800,14.0500,529596,7460595.0000,3
2020-02-27,20200227150000000,sz.002849,14.0600,14.0700,13.9300,14.0300,508850,7129132.0000,3
2020-02-28,20200228103000000,sz.002849,13.4300,14.0000,13.4300,13.6400,897925,12319689.0000,3
2020-02-28,20200228113000000,sz.002849,13.6400,13.6600,13.4200,13.4200,466525,6327537.0000,3
2020-02-28,20200228140000000,sz.002849,13.4200,13.4400,13.2900,13.3400,377644,5050044.0000,3
2020-02-28,20200228150000000,sz.002849,13.3400,14.0400,13.3400,13.6000,727750,9988873.0000,3
2020-03-02,20200302103000000,sz.002849,13.8700,13.8700,13.6100,13.7900,393350,5408148.0000,3
2020-03-02,20200302113000000,sz.002849,13.7900,13.9900,13.7800,13.9900,406636,5665585.0000,3
2020-03-02,20200302140000000,sz.002849,14.0000,14.0500,13.8800,13.9300,669700,9338218.0000,3
2020-03-02,20200302150000000,sz.002849,13.9300,14.1100,13.9300,13.9600,496600,6949943.0000,3
2020-03-03,20200303103000000,sz.002849,14.4400,14.4400,14.0800,14.3000,584125,8321752.0000,3
2020-03-03,20200303113000000,sz.002849,14.3000,14.3500,14.1300,14.1300,418050,5961774.0000,3
2020-03-03,20200303140000000,sz.002849,14.1300,14.1800,13.8100,13.8500,540693,7555065.0000,3
2020-03-03,20200303150000000,sz.002849,13.8500,13.8900,13.7500,13.8200,321300,4440341.0000,3
2020-03-04,20200304103000000,sz.002849,13.9000,13.9000,13.6900,13.8100,425000,5863475.0000,3
2020-03-04,20200304113000000,sz.002849,13.8100,13.8200,13.7200,13.7400,123125,1695435.0000,3
2020-03-04,20200304140000000,sz.002849,13.7400,13.7500,13.5600,13.6500,258000,3523254.0000,3
2020-03-04,20200304150000000,sz.002849,13.6500,13.8700,13.6200,13.8200,343650,4733855.0000,3
2020-03-05,20200305103000000,sz.002849,13.9700,14.0700,13.8100,13.8600,512303,7121439.0000,3
2020-03-05,20200305113000000,sz.002849,13.8600,13.8700,13.8000,13.8200,353094,4882615.0000,3
2020-03-05,20200305140000000,sz.002849,13.8200,13.9000,13.8200,13.8400,325664,4517099.0000,3
2020-03-05,20200305150000000,sz.002849,13.8500,13.9700,13.8300,13.9600,359850,5001960.0000,3
2020-03-06,20200306103000000,sz.002849,13.5700,13.8700,13.5700,13.8300,425700,5861215.0000,3
2020-03-06,20200306113000000,sz.002849,13.8300,13.8600,13.7600,13.7900,173125,2390650.0000,3
2020-03-06,20200306140000000,sz.002849,13.7900,14.1300,13.7900,14.1100,466744,6535281.0000,3
2020-03-06,20200306150000000,sz.002849,14.1100,14.1800,14.0000,14.0500,409100,5757346.0000,3
2020-03-09,20200309103000000,sz.002849,13.8800,13.9500,13.7100,13.7900,451175,6226526.0000,3
2020-03-09,20200309113000000,sz.002849,13.7700,13.7900,13.6600,13.7300,269150,3698154.0000,3
2020-03-09,20200309140000000,sz.002849,13.7300,13.7600,13.5000,13.6600,265300,3609199.0000,3
2020-03-09,20200309150000000,sz.002849,13.6600,13.6900,13.3900,13.4000,323000,4368529.0000,3
2020-03-10,20200310103000000,sz.002849,13.3900,13.6800,13.3100,13.3100,459556,6152685.0000,3
2020-03-10,20200310113000000,sz.002849,13.3000,13.3900,13.0800,13.3800,265550,3516928.0000,3
2020-03-10,20200310140000000,sz.002849,13.3800,13.7300,13.3800,13.6000,359900,4898644.0000,3
2020-03-10,20200310150000000,sz.002849,13.6000,13.7600,13.6000,13.7600,208900,2857998.0000,3
2020-03-11,20200311103000000,sz.002849,13.7600,13.9800,13.7500,13.9600,511800,7099440.0000,3
2020-03-11,20200311113000000,sz.002849,13.9600,14.0000,13.9000,13.9800,311000,4342741.0000,3
2020-03-11,20200311140000000,sz.002849,13.9800,13.9900,13.8000,13.8000,234594,3260451.0000,3
2020-03-11,20200311150000000,sz.002849,13.8000,13.8500,13.6600,13.6600,288750,3967665.0000,3
2020-03-12,20200312103000000,sz.002849,13.5800,13.5800,13.1900,13.3000,610794,8151092.0000,3
2020-03-12,20200312113000000,sz.002849,13.2000,13.4100,13.2000,13.3000,213550,2837693.0000,3
2020-03-12,20200312140000000,sz.002849,13.3000,13.4200,13.2000,13.2300,224350,2975518.0000,3
2020-03-12,20200312150000000,sz.002849,13.2300,13.3000,13.1200,13.2600,274600,3631013.0000,3
2020-03-13,20200313103000000,sz.002849,12.7900,12.8800,12.5000,12.8700,551906,7003496.0000,3
2020-03-13,20200313113000000,sz.002849,12.8900,12.9900,12.6900,12.6900,215200,2760826.0000,3
2020-03-13,20200313140000000,sz.002849,12.7000,13.2000,12.7000,13.1300,262900,3440670.0000,3
2020-03-13,20200313150000000,sz.002849,13.1300,13.1600,12.9100,13.1500,257750,3362678.0000,3
2020-03-16,20200316103000000,sz.002849,13.3000,13.9800,13.1200,13.1300,639800,8565917.0000,3
2020-03-16,20200316113000000,sz.002849,13.1300,13.2900,13.1300,13.1500,113700,1501198.0000,3
2020-03-16,20200316140000000,sz.002849,13.1500,13.2300,12.9500,12.9600,210600,2752072.0000,3
2020-03-16,20200316150000000,sz.002849,12.9600,12.9600,12.6800,12.7500,279497,3575423.0000,3
2020-03-17,20200317103000000,sz.002849,12.9000,13.0900,12.0900,12.3700,542600,6785334.0000,3
2020-03-17,20200317113000000,sz.002849,12.3700,12.9600,12.3700,12.9600,174700,2196633.0000,3
2020-03-17,20200317140000000,sz.002849,12.9600,12.9600,12.6600,12.6600,110950,1416703.0000,3
2020-03-17,20200317150000000,sz.002849,12.6600,12.7500,12.6400,12.7300,82400,1048085.0000,3
2020-03-18,20200318103000000,sz.002849,12.7300,12.9500,12.7000,12.7700,353650,4544563.0000,3
2020-03-18,20200318113000000,sz.002849,12.7700,12.9000,12.7600,12.8900,175756,2258518.0000,3
2020-03-18,20200318140000000,sz.002849,12.8900,12.9300,12.7100,12.7100,179900,2300028.0000,3
2020-03-18,20200318150000000,sz.002849,12.7100,12.7800,12.5100,12.5600,220650,2785140.0000,3
2020-03-19,20200319103000000,sz.002849,12.5000,12.7400,12.3300,12.6400,273000,3424943.0000,3
2020-03-19,20200319113000000,sz.002849,12.6400,12.7400,12.3400,12.5600,204300,2564166.0000,3
2020-03-19,20200319140000000,sz.002849,12.5600,12.6700,12.4600,12.6300,181947,2292120.0000,3
2020-03-19,20200319150000000,sz.002849,12.6300,12.7800,12.6000,12.7300,302950,3845494.0000,3
2020-03-20,20200320103000000,sz.002849,12.7100,12.8900,12.7100,12.7800,276750,3548297.0000,3
2020-03-20,20200320113000000,sz.002849,12.7800,12.7800,12.6400,12.6600,267100,3393480.0000,3
2020-03-20,20200320140000000,sz.002849,12.6600,12.7700,12.6600,12.7300,106750,1355332.0000,3
2020-03-20,20200320150000000,sz.002849,12.7300,12.9400,12.7100,12.9100,355861,4578852.0000,3
2020-03-23,20200323103000000,sz.002849,12.7300,12.7800,12.4700,12.5700,451650,5685127.0000,3
2020-03-23,20200323113000000,sz.002849,12.5700,12.7000,12.5700,12.7000,101150,1278560.0000,3
2020-03-23,20200323140000000,sz.002849,12.7000,12.7300,12.6300,12.6400,66600,844853.0000,3
2020-03-23,20200323150000000,sz.002849,12.6400,12.6900,12.4900,12.5000,230450,2897431.0000,3
2020-03-24,20200324103000000,sz.002849,12.7500,12.8600,12.6000,12.6800,224000,2842671.0000,3
2020-03-24,20200324113000000,sz.002849,12.6800,12.7300,12.6600,12.6800,109000,1382041.0000,3
2020-03-24,20200324140000000,sz.002849,12.6800,12.6800,12.4800,12.6700,127564,1607077.0000,3
2020-03-24,20200324150000000,sz.002849,12.6000,12.7600,12.5600,12.7300,221486,2815324.0000,3
2020-03-25,20200325103000000,sz.002849,12.8500,13.0100,12.8500,12.9100,332814,4312413.0000,3
2020-03-25,20200325113000000,sz.002849,12.9100,13.0100,12.8800,12.9900,196700,2548867.0000,3
2020-03-25,20200325140000000,sz.002849,12.9900,13.3000,11.4700,13.3000,832997,10892137.0000,3
2020-03-25,20200325150000000,sz.002849,13.3000,13.4500,13.1700,13.3600,561294,7452585.0000,3
2020-03-26,20200326103000000,sz.002849,13.2600,13.7300,13.1200,13.4800,847947,11408234.0000,3
2020-03-26,20200326113000000,sz.002849,13.4800,13.5800,13.4700,13.5800,255950,3463867.0000,3
2020-03-26,20200326140000000,sz.002849,13.5900,13.6900,13.4600,13.4600,226727,3078064.0000,3
2020-03-26,20200326150000000,sz.002849,13.4600,13.5000,13.3700,13.3800,247300,3316191.0000,3
2020-03-27,20200327103000000,sz.002849,13.5400,13.7000,13.3900,13.4200,569200,7701486.0000,3
2020-03-27,20200327113000000,sz.002849,13.4200,13.5100,13.3800,13.5000,132300,1775829.0000,3
2020-03-27,20200327140000000,sz.002849,13.5000,13.5300,13.4400,13.4500,202100,2726855.0000,3
2020-03-27,20200327150000000,sz.002849,13.4500,13.4700,13.3400,13.4100,314344,4216359.0000,3
2020-03-30,20200330103000000,sz.002849,13.1700,13.2200,12.9000,13.0400,532400,6953699.0000,3
2020-03-30,20200330113000000,sz.002849,13.0400,13.0400,12.9000,12.9500,123100,1592056.0000,3
2020-03-30,20200330140000000,sz.002849,12.9500,13.2500,12.9300,13.1900,151880,1993599.0000,3
2020-03-30,20200330150000000,sz.002849,13.1900,13.2800,13.0700,13.1600,170700,2247992.0000,3
2020-03-31,20200331103000000,sz.002849,13.3000,13.4000,13.0700,13.1000,161900,2135541.0000,3
2020-03-31,20200331113000000,sz.002849,13.1000,13.2100,13.0900,13.1700,97150,1277354.0000,3
2020-03-31,20200331140000000,sz.002849,13.1700,13.1800,12.9200,12.9700,222200,2894845.0000,3
2020-03-31,20200331150000000,sz.002849,12.9700,12.9700,12.7600,12.7800,490500,6297640.0000,3
2020-04-01,20200401103000000,sz.002849,12.7700,12.9600,12.6300,12.7200,241300,3095625.0000,3
2020-04-01,20200401113000000,sz.002849,12.7200,12.8800,12.7200,12.8600,110900,1420905.0000,3
2020-04-01,20200401140000000,sz.002849,12.8600,12.8600,12.5900,12.6300,198850,2517888.0000,3
2020-04-01,20200401150000000,sz.002849,12.6300,12.6300,12.4300,12.5400,244700,3070898.0000,3
2020-04-02,20200402103000000,sz.002849,12.5500,12.6600,12.2000,12.4900,258800,3229273.0000,3
2020-04-02,20200402113000000,sz.002849,12.4900,12.5500,12.4500,12.5100,82200,1026414.0000,3
2020-04-02,20200402140000000,sz.002849,12.5100,12.6100,12.4600,12.6100,137950,1731687.0000,3
2020-04-02,20200402150000000,sz.002849,12.6100,12.7200,12.5800,12.7200,287900,3645490.0000,3
2020-04-03,20200403103000000,sz.002849,12.5500,12.9000,12.5500,12.6200,171900,2172475.0000,3
2020-04-03,20200403113000000,sz.002849,12.6200,12.6500,12.5200,12.5600,74300,934720.0000,3
2020-04-03,20200403140000000,sz.002849,12.5600,12.5800,12.5200,12.5200,65900,826534.0000,3
2020-04-03,20200403150000000,sz.002849,12.5200,12.5400,12.3800,12.4100,246850,3076474.0000,3
2020-04-07,20200407103000000,sz.002849,12.6200,12.8500,12.5600,12.6900,272768,3468727.0000,3
2020-04-07,20200407113000000,sz.002849,12.6900,12.7300,12.6300,12.6800,118600,1504753.0000,3
2020-04-07,20200407140000000,sz.002849,12.6800,12.7700,12.6800,12.7600,117650,1497984.0000,3
2020-04-07,20200407150000000,sz.002849,12.7500,12.8000,12.7200,12.7800,221950,2835107.0000,3
2020-04-08,20200408103000000,sz.002849,12.7800,12.8400,12.6400,12.8400,132100,1689650.0000,3
2020-04-08,20200408113000000,sz.002849,12.8400,12.8900,12.8000,12.8800,195850,2514799.0000,3
2020-04-08,20200408140000000,sz.002849,12.8800,12.9800,12.8500,12.9400,194650,2512336.0000,3
2020-04-08,20200408150000000,sz.002849,12.9400,12.9700,12.8400,12.9100,201800,2605025.0000,3
2020-04-09,20200409103000000,sz.002849,12.9400,13.1200,12.9200,12.9800,244050,3170095.0000,3
2020-04-09,20200409113000000,sz.002849,12.9800,13.0000,12.9400,12.9700,92100,1194868.0000,3
2020-04-09,20200409140000000,sz.002849,12.9700,13.0800,12.9700,13.0800,147000,1912263.0000,3
2020-04-09,20200409150000000,sz.002849,13.0800,13.0800,13.0100,13.0600,192600,2513558.0000,3
2020-04-10,20200410103000000,sz.002849,13.0600,13.1300,12.8000,12.9000,205750,2649786.0000,3
2020-04-10,20200410113000000,sz.002849,12.9000,12.9000,12.7200,12.7200,145200,1859532.0000,3
2020-04-10,20200410140000000,sz.002849,12.7200,12.7300,12.6000,12.6700,140450,1780695.0000,3
2020-04-10,20200410150000000,sz.002849,12.6700,12.7300,12.6000,12.7000,139450,1767774.0000,3
2020-04-13,20200413103000000,sz.002849,12.6300,12.6600,12.4100,12.6400,209300,2621142.0000,3
2020-04-13,20200413113000000,sz.002849,12.6400,12.6400,12.5500,12.5600,100450,1262685.0000,3
2020-04-13,20200413140000000,sz.002849,12.5600,12.6000,12.5000,12.5100,48900,613762.0000,3
2020-04-13,20200413150000000,sz.002849,12.5100,12.5700,12.4900,12.5300,74600,933443.0000,3
2020-04-14,20200414103000000,sz.002849,12.5100,12.7300,12.5100,12.6800,87550,1104913.0000,3
2020-04-14,20200414113000000,sz.002849,12.6800,12.7000,12.5800,12.5800,138150,1745639.0000,3
2020-04-14,20200414140000000,sz.002849,12.5800,12.8200,12.5800,12.8000,207194,2631970.0000,3
2020-04-14,20200414150000000,sz.002849,12.8000,12.8600,12.7600,12.8600,272600,3495606.0000,3
2020-04-15,20200415103000000,sz.002849,12.8800,12.8800,12.7500,12.8100,125800,1611856.0000,3
2020-04-15,20200415113000000,sz.002849,12.8300,12.9700,12.7200,12.9400,173200,2224615.0000,3
2020-04-15,20200415140000000,sz.002849,12.9400,12.9700,12.8400,12.9100,134700,1740530.0000,3
2020-04-15,20200415150000000,sz.002849,12.9100,12.9100,12.7600,12.9000,417369,5365061.0000,3
2020-04-16,20200416103000000,sz.002849,12.6600,12.7500,12.4700,12.6300,399669,5037562.0000,3
2020-04-16,20200416113000000,sz.002849,12.6300,12.7300,12.5600,12.5600,259100,3268136.0000,3
2020-04-16,20200416140000000,sz.002849,12.5600,12.7900,12.5600,12.6900,128600,1625375.0000,3
2020-04-16,20200416150000000,sz.002849,12.6900,12.7300,12.6200,12.6700,124900,1583329.0000,3
2020-04-17,20200417103000000,sz.002849,12.6700,12.8300,12.6700,12.7700,213269,2725715.0000,3
2020-04-17,20200417113000000,sz.002849,12.7700,12.8000,12.7000,12.7400,104047,1324957.0000,3
2020-04-17,20200417140000000,sz.002849,12.7400,12.7700,12.7100,12.7400,111950,1425203.0000,3
2020-04-17,20200417150000000,sz.002849,12.7400,12.7400,12.6000,12.6600,217618,2755062.0000,3
2020-04-20,20200420103000000,sz.002849,12.7000,12.7900,12.5800,12.7400,219750,2794780.0000,3
2020-04-20,20200420113000000,sz.002849,12.7400,12.7800,12.7300,12.7400,60100,766510.0000,3
2020-04-20,20200420140000000,sz.002849,12.7400,12.7600,12.7000,12.7200,78750,1002540.0000,3
2020-04-20,20200420150000000,sz.002849,12.7200,12.8000,12.6800,12.7900,286500,3649934.0000,3
2020-04-21,20200421103000000,sz.002849,12.6100,12.7600,12.6000,12.6600,169700,2151632.0000,3
2020-04-21,20200421113000000,sz.002849,12.6600,12.7300,12.6200,12.6200,170700,2164123.0000,3
2020-04-21,20200421140000000,sz.002849,12.6200,12.6800,12.6200,12.6400,37200,470421.0000,3
2020-04-21,20200421150000000,sz.002849,12.6400,12.7400,12.6400,12.7200,120800,1534754.0000,3
2020-04-22,20200422103000000,sz.002849,12.7200,12.7600,12.6300,12.7500,107350,1363970.0000,3
2020-04-22,20200422113000000,sz.002849,12.7500,12.8300,12.7200,12.7900,146450,1871268.0000,3
2020-04-22,20200422140000000,sz.002849,12.7900,12.8700,12.7600,12.8300,136700,1755642.0000,3
2020-04-22,20200422150000000,sz.002849,12.8300,12.9700,12.8300,12.9500,370600,4781828.0000,3
2020-04-23,20200423103000000,sz.002849,12.9500,13.0000,12.7900,12.8200,231500,2984536.0000,3
2020-04-23,20200423113000000,sz.002849,12.8200,12.8900,12.8200,12.8400,66800,857677.0000,3
2020-04-23,20200423140000000,sz.002849,12.8400,12.9300,12.8400,12.9300,105118,1353223.0000,3
2020-04-23,20200423150000000,sz.002849,12.9300,12.9400,12.7900,12.8400,224400,2886284.0000,3
2020-04-24,20200424103000000,sz.002849,12.7500,12.8800,12.6600,12.6600,222900,2840725.0000,3
2020-04-24,20200424113000000,sz.002849,12.6600,12.7700,12.6600,12.7000,106668,1352928.0000,3
2020-04-24,20200424140000000,sz.002849,12.7000,12.7200,12.5600,12.6100,184582,2332767.0000,3
2020-04-24,20200424150000000,sz.002849,12.6100,12.6600,12.5500,12.6100,264268,3328104.0000,3
2020-04-27,20200427103000000,sz.002849,12.6100,12.6600,12.4500,12.5900,162050,2034126.0000,3
2020-04-27,20200427113000000,sz.002849,12.5900,12.6300,12.5800,12.6200,64650,815216.0000,3
2020-04-27,20200427140000000,sz.002849,12.6200,12.6600,12.5800,12.6200,55700,703610.0000,3
2020-04-27,20200427150000000,sz.002849,12.6200,12.6500,12.5400,12.5700,106050,1334311.0000,3
2020-04-28,20200428103000000,sz.002849,12.5700,12.5700,11.8800,12.0800,539750,6551883.0000,3
2020-04-28,20200428113000000,sz.002849,12.0800,12.3400,12.0800,12.3200,106250,1298281.0000,3
2020-04-28,20200428140000000,sz.002849,12.3200,12.3200,12.2000,12.3000,68150,835391.0000,3
2020-04-28,20200428150000000,sz.002849,12.3000,12.3000,12.1800,12.1800,162000,1979803.0000,3
2020-04-29,20200429103000000,sz.002849,12.2700,12.3800,12.1100,12.3000,249700,3068890.0000,3
2020-04-29,20200429113000000,sz.002849,12.3000,12.3000,12.2100,12.2200,81000,994476.0000,3
2020-04-29,20200429140000000,sz.002849,12.2200,12.2600,12.1500,12.1800,118800,1450904.0000,3
2020-04-29,20200429150000000,sz.002849,12.2400,12.2500,12.1800,12.1900,94600,1154664.0000,3
2020-04-30,20200430103000000,sz.002849,12.2000,12.4700,12.1900,12.3900,235650,2905940.0000,3
2020-04-30,20200430113000000,sz.002849,12.3900,12.6100,12.3600,12.5200,223206,2786140.0000,3
2020-04-30,20200430140000000,sz.002849,12.5000,12.6200,12.5000,12.5700,118946,1494130.0000,3
2020-04-30,20200430150000000,sz.002849,12.5700,12.6000,12.5000,12.5000,209000,2623364.0000,3
2020-05-06,20200506103000000,sz.002849,12.3200,12.6300,12.3200,12.5600,237600,2976955.0000,3
2020-05-06,20200506113000000,sz.002849,12.5600,12.6300,12.5300,12.6200,65300,821337.0000,3
2020-05-06,20200506140000000,sz.002849,12.6200,12.6500,12.5700,12.6300,177600,2239106.0000,3
2020-05-06,20200506150000000,sz.002849,12.6300,12.7800,12.6300,12.7300,280750,3572717.0000,3
2020-05-07,20200507103000000,sz.002849,12.6900,12.9800,12.6900,12.7500,368550,4725696.0000,3
2020-05-07,20200507113000000,sz.002849,12.7500,12.8200,12.7500,12.8200,52100,666006.0000,3
2020-05-07,20200507140000000,sz.002849,12.8200,12.8200,12.6800,12.7000,155200,1973478.0000,3
2020-05-07,20200507150000000,sz.002849,12.7000,12.7700,12.6800,12.7400,128800,1639988.0000,3
2020-05-08,20200508103000000,sz.002849,12.8800,13.2600,12.8800,13.1100,979084,12833204.0000,3
2020-05-08,20200508113000000,sz.002849,13.1200,13.3000,13.1200,13.2000,364250,4811820.0000,3
2020-05-08,20200508140000000,sz.002849,13.2000,13.3700,13.1800,13.2500,525600,6987281.0000,3
2020-05-08,20200508150000000,sz.002849,13.2500,13.2700,13.2100,13.2400,311250,4121782.0000,3
2020-05-11,20200511103000000,sz.002849,13.1200,13.3000,13.0600,13.0900,717850,9475499.0000,3
2020-05-11,20200511113000000,sz.002849,13.0900,13.1900,13.0800,13.1500,130500,1715470.0000,3
2020-05-11,20200511140000000,sz.002849,13.1300,13.1500,13.0300,13.0600,368618,4818703.0000,3
2020-05-11,20200511150000000,sz.002849,13.0600,13.0900,12.9700,13.0100,314000,4087268.0000,3
2020-05-12,20200512103000000,sz.002849,13.0300,13.1200,12.9200,12.9800,306800,3996133.0000,3
2020-05-12,20200512113000000,sz.002849,12.9800,12.9900,12.8100,12.8300,285916,3687176.0000,3
2020-05-12,20200512140000000,sz.002849,12.8300,12.9400,12.8200,12.8900,92450,1191233.0000,3
2020-05-12,20200512150000000,sz.002849,12.8900,12.9400,12.8800,12.9100,244450,3154945.0000,3
2020-05-13,20200513103000000,sz.002849,12.9000,13.0500,12.8500,12.9600,278300,3604751.0000,3
2020-05-13,20200513113000000,sz.002849,12.9600,13.0000,12.9400,12.9600,129200,1675362.0000,3
2020-05-13,20200513140000000,sz.002849,12.9600,13.0600,12.9400,13.0000,182500,2372745.0000,3
2020-05-13,20200513150000000,sz.002849,13.0000,13.2300,13.0000,13.1500,541750,7114292.0000,3
2020-05-14,20200514103000000,sz.002849,13.0900,13.0900,12.8800,12.9600,236050,3059926.0000,3
2020-05-14,20200514113000000,sz.002849,12.9600,13.0000,12.9400,13.0000,91900,1191454.0000,3
2020-05-14,20200514140000000,sz.002849,13.0000,13.0000,12.9300,12.9600,119398,1547120.0000,3
2020-05-14,20200514150000000,sz.002849,12.9600,13.0200,12.9300,12.9800,212902,2761855.0000,3
2020-05-15,20200515103000000,sz.002849,13.0000,13.0200,12.8500,12.9000,266550,3442810.0000,3
2020-05-15,20200515113000000,sz.002849,12.9000,12.9900,12.8900,12.9700,93300,1206869.0000,3
2020-05-15,20200515140000000,sz.002849,12.9700,13.0000,12.9300,12.9600,153650,1991906.0000,3
2020-05-15,20200515150000000,sz.002849,12.9600,13.0000,12.9400,12.9600,225300,2921001.0000,3
2020-05-18,20200518103000000,sz.002849,13.0700,13.0700,12.8300,12.9700,258750,3345750.0000,3
2020-05-18,20200518113000000,sz.002849,12.9700,13.0200,12.9400,12.9800,196517,2550045.0000,3
2020-05-18,20200518140000000,sz.002849,12.9800,13.0500,12.9500,12.9500,226450,2941638.0000,3
2020-05-18,20200518150000000,sz.002849,12.9700,12.9700,12.8500,12.8900,229750,2961089.0000,3
2020-05-19,20200519103000000,sz.002849,12.8900,13.0500,12.8900,13.0300,495900,6436057.0000,3
2020-05-19,20200519113000000,sz.002849,13.0300,13.0500,12.9100,12.9500,183950,2389485.0000,3
2020-05-19,20200519140000000,sz.002849,12.9500,13.0600,12.9100,13.0200,237800,3090657.0000,3
2020-05-19,20200519150000000,sz.002849,13.0200,13.0800,13.0000,13.0600,264850,3454739.0000,3
2020-05-20,20200520103000000,sz.002849,13.0500,13.7500,12.9300,12.9700,358906,4735508.0000,3
2020-05-20,20200520113000000,sz.002849,12.9700,13.0900,12.9400,12.9400,156094,2032806.0000,3
2020-05-20,20200520140000000,sz.002849,12.9400,12.9800,12.8800,12.9200,206900,2675087.0000,3
2020-05-20,20200520150000000,sz.002849,12.9300,12.9700,12.8400,12.9700,293750,3788286.0000,3
2020-05-21,20200521103000000,sz.002849,13.1000,13.1000,12.8700,12.9100,214950,2779191.0000,3
2020-05-21,20200521113000000,sz.002849,12.9100,13.0200,12.9000,12.9000,159000,2058489.0000,3
2020-05-21,20200521140000000,sz.002849,12.9000,13.0000,12.9000,12.9400,152850,1982252.0000,3
2020-05-21,20200521150000000,sz.002849,12.9400,12.9600,12.8500,12.8700,183017,2358650.0000,3
2020-05-22,20200522103000000,sz.002849,12.8500,12.8700,12.7000,12.7400,201700,2576423.0000,3
2020-05-22,20200522113000000,sz.002849,12.7400,12.8800,12.7200,12.7800,116200,1484861.0000,3
2020-05-22,20200522140000000,sz.002849,12.7800,12.7800,12.5800,12.6000,255500,3232292.0000,3
2020-05-22,20200522150000000,sz.002849,12.6000,12.6600,12.5000,12.5300,283400,3571398.0000,3
2020-05-25,20200525103000000,sz.002849,12.5200,12.7000,12.4700,12.6600,160950,2032101.0000,3
2020-05-25,20200525113000000,sz.002849,12.6600,12.6800,12.5300,12.5300,70700,892226.0000,3
2020-05-25,20200525140000000,sz.002849,12.5300,12.6200,12.5300,12.5400,44600,561263.0000,3
2020-05-25,20200525150000000,sz.002849,12.5400,12.6200,12.5000,12.6000,117989,1482659.0000,3
2020-05-26,20200526103000000,sz.002849,12.6300,12.8400,12.6200,12.8100,182339,2327661.0000,3
2020-05-26,20200526113000000,sz.002849,12.8100,12.8300,12.7700,12.8300,78350,1003122.0000,3
2020-05-26,20200526140000000,sz.002849,12.8300,12.8500,12.7600,12.8200,160900,2062036.0000,3
2020-05-26,20200526150000000,sz.002849,12.8200,12.8800,12.7800,12.8700,189027,2426185.0000,3
2020-05-27,20200527103000000,sz.002849,12.8600,12.9300,12.7700,12.8200,121400,1558700.0000,3
2020-05-27,20200527113000000,sz.002849,12.8200,12.8500,12.7600,12.8200,80400,1029496.0000,3
2020-05-27,20200527140000000,sz.002849,12.8200,12.8800,12.8000,12.8600,89200,1146853.0000,3
2020-05-27,20200527150000000,sz.002849,12.8600,12.8700,12.7500,12.8500,180750,2314656.0000,3
2020-05-28,20200528103000000,sz.002849,12.9600,12.9600,12.7600,12.7600,142000,1819934.0000,3
2020-05-28,20200528113000000,sz.002849,12.7600,12.8200,12.6000,12.6200,195300,2477214.0000,3
2020-05-28,20200528140000000,sz.002849,12.6200,12.6600,12.5100,12.6300,87200,1096753.0000,3
2020-05-28,20200528150000000,sz.002849,12.6300,12.7100,12.5900,12.6700,89600,1134216.0000,3
2020-05-29,20200529103000000,sz.002849,12.5300,12.8200,12.5200,12.7700,137850,1750655.0000,3
2020-05-29,20200529113000000,sz.002849,12.7900,12.8200,12.7000,12.7300,148900,1903216.0000,3
2020-05-29,20200529140000000,sz.002849,12.7300,12.7800,12.7200,12.7800,31600,403361.0000,3
2020-05-29,20200529150000000,sz.002849,12.7600,12.7600,12.6600,12.6800,128600,1632824.0000,3
2020-06-01,20200601103000000,sz.002849,12.7100,12.8800,12.7100,12.8700,268449,3439258.0000,3
2020-06-01,20200601113000000,sz.002849,12.8700,12.9300,12.8500,12.9300,175901,2268399.0000,3
2020-06-01,20200601140000000,sz.002849,12.9300,12.9700,12.9200,12.9600,240517,3114254.0000,3
2020-06-01,20200601150000000,sz.002849,12.9600,12.9700,12.8900,12.9200,246050,3181042.0000,3
2020-06-02,20200602103000000,sz.002849,12.9600,13.2000,12.7600,13.0900,525719,6853710.0000,3
2020-06-02,20200602113000000,sz.002849,13.0900,13.1300,12.9900,13.0200,242006,3160791.0000,3
2020-06-02,20200602140000000,sz.002849,13.0200,13.2100,13.0200,13.1800,391750,5156052.0000,3
2020-06-02,20200602150000000,sz.002849,13.1800,13.2100,13.1400,13.1600,342927,4518177.0000,3
2020-06-03,20200603103000000,sz.002849,13.1800,13.3500,13.0500,13.1100,395346,5188386.0000,3
2020-06-03,20200603113000000,sz.002849,13.1000,13.1800,13.0700,13.1400,125969,1653645.0000,3
2020-06-03,20200603140000000,sz.002849,13.1400,13.2200,13.1300,13.1600,116950,1539512.0000,3
2020-06-03,20200603150000000,sz.002849,13.1600,13.1800,13.0500,13.0600,218400,2860762.0000,3
2020-06-04,20200604103000000,sz.002849,13.0600,13.1500,13.0400,13.0600,256950,3360287.0000,3
2020-06-04,20200604113000000,sz.002849,13.0600,13.0600,12.9800,13.0400,147950,1926540.0000,3
2020-06-04,20200604140000000,sz.002849,13.0400,13.1000,13.0400,13.0800,131000,1712061.0000,3
2020-06-04,20200604150000000,sz.002849,13.0800,13.1400,13.0800,13.1000,270852,3550185.0000,3
2020-06-05,20200605103000000,sz.002849,13.0100,13.1700,13.0100,13.1500,244750,3206309.0000,3
2020-06-05,20200605113000000,sz.002849,13.1500,13.1800,13.0700,13.1100,91200,1198043.0000,3
2020-06-05,20200605140000000,sz.002849,13.0700,13.3500,13.0500,13.2500,616717,8144147.0000,3
2020-06-05,20200605150000000,sz.002849,13.2500,13.5600,13.2400,13.5000,1121456,15032525.0000,3
2020-06-08,20200608103000000,sz.002849,13.4800,14.3100,13.4300,14.2600,2626398,36271908.0000,3
2020-06-08,20200608113000000,sz.002849,14.2300,14.2300,13.8500,13.9500,1893254,26577166.0000,3
2020-06-08,20200608140000000,sz.002849,13.9500,14.0300,13.8800,14.0300,528300,7377291.0000,3
2020-06-08,20200608150000000,sz.002849,14.0200,14.0200,13.8400,13.8600,682200,9491247.0000,3
2020-06-09,20200609103000000,sz.002849,13.8500,13.8500,13.4500,13.4600,1125500,15308834.0000,3
2020-06-09,20200609113000000,sz.002849,13.4600,13.5000,13.3500,13.4100,498850,6702911.0000,3
2020-06-09,20200609140000000,sz.002849,13.4300,13.4400,13.2500,13.3400,840832,11222715.0000,3
2020-06-09,20200609150000000,sz.002849,13.3400,13.3900,13.2600,13.3000,488300,6497994.0000,3
2020-06-10,20200610103000000,sz.002849,13.3500,13.4100,13.2300,13.3000,550100,7336542.0000,3
2020-06-10,20200610113000000,sz.002849,13.3000,13.3300,13.2500,13.2800,184852,2455330.0000,3
2020-06-10,20200610140000000,sz.002849,13.2800,13.3600,13.2800,13.3500,207250,2760086.0000,3
2020-06-10,20200610150000000,sz.002849,13.3500,13.3500,13.3000,13.3500,195050,2598554.0000,3
2020-06-11,20200611103000000,sz.002849,13.3400,13.4000,13.2300,13.3200,350000,4661438.0000,3
2020-06-11,20200611113000000,sz.002849,13.3200,13.3900,13.2800,13.3800,248150,3309949.0000,3
2020-06-11,20200611140000000,sz.002849,13.3800,13.3900,13.3100,13.3600,222750,2973326.0000,3
2020-06-11,20200611150000000,sz.002849,13.3600,13.8500,13.3300,13.7200,1523646,20790336.0000,3
2020-06-12,20200612103000000,sz.002849,13.3600,13.6500,13.3400,13.6100,555496,7518269.0000,3
2020-06-12,20200612113000000,sz.002849,13.6100,13.7600,13.5800,13.7100,256350,3509417.0000,3
2020-06-12,20200612140000000,sz.002849,13.7100,13.8300,13.7000,13.8000,374400,5156461.0000,3
2020-06-12,20200612150000000,sz.002849,13.8000,13.8500,13.5500,13.6400,429450,5894812.0000,3
2020-06-15,20200615103000000,sz.002849,13.6200,13.6800,13.3100,13.6600,364850,4946188.0000,3
2020-06-15,20200615113000000,sz.002849,13.6600,13.7500,13.5800,13.7000,245392,3350771.0000,3
2020-06-15,20200615140000000,sz.002849,13.7000,13.7000,13.5900,13.6100,181500,2476820.0000,3
2020-06-15,20200615150000000,sz.002849,13.6100,13.6300,13.4300,13.4600,429600,5809426.0000,3
2020-06-16,20200616103000000,sz.002849,13.4200,13.7600,13.4200,13.7000,459150,6277049.0000,3
2020-06-16,20200616113000000,sz.002849,13.7000,13.7100,13.5500,13.5500,152500,2078590.0000,3
2020-06-16,20200616140000000,sz.002849,13.5500,13.6400,13.4600,13.6300,301900,4093524.0000,3
2020-06-16,20200616150000000,sz.002849,13.6300,13.6800,13.5900,13.6100,269592,3674566.0000,3
2020-06-17,20200617103000000,sz.002849,13.6100,13.6100,13.4800,13.5000,277800,3760334.0000,3
2020-06-17,20200617113000000,sz.002849,13.5000,13.5000,13.4000,13.4600,274900,3695923.0000,3
2020-06-17,20200617140000000,sz.002849,13.4600,13.4600,13.3700,13.4400,304650,4089957.0000,3
2020-06-17,20200617150000000,sz.002849,13.4400,13.6400,13.4400,13.6100,240650,3265366.0000,3
2020-06-18,20200618103000000,sz.002849,13.5500,13.6300,13.3500,13.5800,352200,4761974.0000,3
2020-06-18,20200618113000000,sz.002849,13.5800,13.6000,13.5000,13.6000,158050,2140683.0000,3
2020-06-18,20200618140000000,sz.002849,13.6000,13.8400,13.5600,13.6700,399842,5495006.0000,3
2020-06-18,20200618150000000,sz.002849,13.6600,13.8800,13.6100,13.7900,633779,8709381.0000,3
2020-06-19,20200619103000000,sz.002849,13.7500,13.7700,13.5500,13.6300,318414,4345991.0000,3
2020-06-19,20200619113000000,sz.002849,13.6300,13.9200,13.6100,13.7800,1216500,16816074.0000,3
2020-06-19,20200619140000000,sz.002849,13.7800,13.9000,13.7200,13.8700,247650,3424785.0000,3
2020-06-19,20200619150000000,sz.002849,13.8700,13.8900,13.7300,13.7500,456550,6311716.0000,3
2020-06-22,20200622103000000,sz.002849,13.7500,14.0000,13.6800,13.7900,893000,12365796.0000,3
2020-06-22,20200622113000000,sz.002849,13.7900,13.8600,13.7800,13.8400,159350,2201505.0000,3
2020-06-22,20200622140000000,sz.002849,13.8400,13.8600,13.7500,13.7700,299500,4131989.0000,3
2020-06-22,20200622150000000,sz.002849,13.7700,13.7900,13.6200,13.7600,286600,3932086.0000,3
2020-06-23,20200623103000000,sz.002849,13.7400,13.7600,13.5100,13.6200,275950,3756047.0000,3
2020-06-23,20200623113000000,sz.002849,13.6100,13.6700,13.5700,13.6700,313566,4268632.0000,3
2020-06-23,20200623140000000,sz.002849,13.6700,13.6700,13.5200,13.5800,218136,2961815.0000,3
2020-06-23,20200623150000000,sz.002849,13.5800,13.5800,13.5300,13.5400,273343,3702811.0000,3
2020-06-24,20200624103000000,sz.002849,13.6700,13.7200,13.4800,13.5400,210100,2849587.0000,3
2020-06-24,20200624113000000,sz.002849,13.5400,13.5600,13.5100,13.5500,156450,2117434.0000,3
2020-06-24,20200624140000000,sz.002849,13.5500,13.5600,13.4800,13.5000,307850,4157251.0000,3
2020-06-24,20200624150000000,sz.002849,13.5000,13.8700,13.4800,13.8600,976646,13392605.0000,3
2020-06-29,20200629103000000,sz.002849,13.8200,13.8200,13.6700,13.7400,380716,5233030.0000,3
2020-06-29,20200629113000000,sz.002849,13.7400,13.7700,13.7200,13.7300,97700,1342781.0000,3
2020-06-29,20200629140000000,sz.002849,13.7300,13.7300,13.6100,13.6200,165800,2264452.0000,3
2020-06-29,20200629150000000,sz.002849,13.6200,13.6700,13.5800,13.6100,196750,2679470.0000,3
2020-06-30,20200630103000000,sz.002849,13.6500,13.8500,13.5600,13.7700,486000,6670378.0000,3
2020-06-30,20200630113000000,sz.002849,13.7700,13.8000,13.7000,13.8000,229100,3151573.0000,3
2020-06-30,20200630140000000,sz.002849,13.8000,13.8200,13.7600,13.7600,356000,4909950.0000,3
2020-06-30,20200630150000000,sz.002849,13.7600,13.7800,13.6800,13.7100,434050,5949601.0000,3
2020-07-01,20200701103000000,sz.002849,13.7400,13.9100,13.6800,13.7700,599543,8242939.0000,3
2020-07-01,20200701113000000,sz.002849,13.7700,13.7900,13.6800,13.7000,236750,3250448.0000,3
2020-07-01,20200701140000000,sz.002849,13.7000,13.7600,13.6100,13.6400,212900,2913435.0000,3
2020-07-01,20200701150000000,sz.002849,13.6400,13.7500,13.6200,13.7400,241400,3301929.0000,3
2020-07-02,20200702103000000,sz.002849,13.7600,13.8600,13.6800,13.8000,576500,7948910.0000,3
2020-07-02,20200702113000000,sz.002849,13.8000,13.9800,13.7900,13.8900,546952,7588101.0000,3
2020-07-02,20200702140000000,sz.002849,13.8900,13.9000,13.8100,13.8900,238350,3302621.0000,3
2020-07-02,20200702150000000,sz.002849,13.8900,13.9600,13.8700,13.9100,571115,7951036.0000,3
2020-07-03,20200703103000000,sz.002849,13.9100,14.0600,13.8600,13.9200,654600,9119996.0000,3
2020-07-03,20200703113000000,sz.002849,13.9200,13.9600,13.8800,13.9300,355050,4940314.0000,3
2020-07-03,20200703140000000,sz.002849,13.9300,14.0800,13.8900,14.0100,526650,7359201.0000,3
2020-07-03,20200703150000000,sz.002849,14.0100,14.0600,13.9800,14.0300,582395,8166344.0000,3
2020-07-06,20200706103000000,sz.002849,14.0300,14.2800,14.0200,14.2300,1049550,14872439.0000,3
2020-07-06,20200706113000000,sz.002849,14.2300,14.4200,14.2000,14.3500,637700,9115437.0000,3
2020-07-06,20200706140000000,sz.002849,14.3500,14.5200,14.3300,14.3600,818200,11804605.0000,3
2020-07-06,20200706150000000,sz.002849,14.3700,14.4200,14.3600,14.4000,703250,10116706.0000,3
2020-07-07,20200707103000000,sz.002849,14.4300,14.5200,14.1000,14.4100,1554900,22297371.0000,3
2020-07-07,20200707113000000,sz.002849,14.4100,14.4200,14.3300,14.4000,432800,6220456.0000,3
2020-07-07,20200707140000000,sz.002849,14.4000,14.6600,14.4000,14.5800,864814,12601108.0000,3
2020-07-07,20200707150000000,sz.002849,14.5800,14.6500,14.4700,14.4700,686350,9981423.0000,3
2020-07-08,20200708103000000,sz.002849,14.4900,14.7600,14.4100,14.5100,1038522,15140657.0000,3
2020-07-08,20200708113000000,sz.002849,14.5100,14.7300,14.4800,14.7300,678245,9916295.0000,3
2020-07-08,20200708140000000,sz.002849,14.7500,14.8500,14.7000,14.7600,687450,10155693.0000,3
2020-07-08,20200708150000000,sz.002849,14.7700,14.8000,14.6800,14.7200,727146,10720195.0000,3
2020-07-09,20200709103000000,sz.002849,14.7200,14.8400,14.6400,14.7000,1133622,16710075.0000,3
2020-07-09,20200709113000000,sz.002849,14.7000,14.8300,14.6000,14.8200,466800,6864456.0000,3
2020-07-09,20200709140000000,sz.002849,14.8200,14.9800,14.8200,14.9100,857050,12791301.0000,3
2020-07-09,20200709150000000,sz.002849,14.9100,14.9900,14.8300,14.9900,870000,12971504.0000,3
2020-07-10,20200710103000000,sz.002849,14.8800,15.0500,14.8400,14.8700,949350,14183615.0000,3
2020-07-10,20200710113000000,sz.002849,14.8800,14.9800,14.8200,14.9200,618115,9199070.0000,3
2020-07-10,20200710140000000,sz.002849,14.9100,14.9300,14.8400,14.8800,421150,6267818.0000,3
2020-07-10,20200710150000000,sz.002849,14.8800,14.8900,14.6700,14.6700,995225,14693060.0000,3
2020-07-13,20200713103000000,sz.002849,14.6700,14.9300,14.6700,14.8900,1078800,16016358.0000,3
2020-07-13,20200713113000000,sz.002849,14.8900,14.9700,14.8700,14.9600,518550,7735301.0000,3
2020-07-13,20200713140000000,sz.002849,14.9500,15.0500,14.9500,15.0000,683365,10250912.0000,3
2020-07-13,20200713150000000,sz.002849,15.0000,15.1500,14.9700,15.1300,836500,12595280.0000,3
2020-07-14,20200714103000000,sz.002849,15.1400,15.2500,15.0000,15.0100,960750,14506790.0000,3
2020-07-14,20200714113000000,sz.002849,15.0100,15.0400,14.7500,14.9200,614100,9166419.0000,3
2020-07-14,20200714140000000,sz.002849,14.9200,14.9900,14.5800,14.6500,846450,12502174.0000,3
2020-07-14,20200714150000000,sz.002849,14.6500,14.9500,14.6500,14.9100,545450,8084298.0000,3
2020-07-15,20200715103000000,sz.002849,14.9300,15.0700,14.6500,14.7300,824000,12185804.0000,3
2020-07-15,20200715113000000,sz.002849,14.7300,14.7300,14.4400,14.6000,654905,9539804.0000,3
2020-07-15,20200715140000000,sz.002849,14.6000,14.9700,14.5700,14.9500,525600,7784911.0000,3
2020-07-15,20200715150000000,sz.002849,14.9500,14.9500,14.6100,14.6400,540545,8006798.0000,3
2020-07-16,20200716103000000,sz.002849,14.7000,14.7800,14.4600,14.4900,506550,7405787.0000,3
2020-07-16,20200716113000000,sz.002849,14.4900,14.6000,14.4400,14.5000,273450,3967602.0000,3
2020-07-16,20200716140000000,sz.002849,14.4900,14.5000,14.2100,14.2600,455200,6529651.0000,3
2020-07-16,20200716150000000,sz.002849,14.2600,14.3200,14.0300,14.0600,683400,9676440.0000,3
2020-07-17,20200717103000000,sz.002849,14.0800,14.1800,14.0000,14.1600,536050,7568496.0000,3
2020-07-17,20200717113000000,sz.002849,14.1600,14.2400,13.8400,13.8600,433450,6100390.0000,3
2020-07-17,20200717140000000,sz.002849,13.8600,13.9900,13.8000,13.9000,240500,3339985.0000,3
2020-07-17,20200717150000000,sz.002849,13.9000,14.0500,13.9000,13.9900,336950,4705392.0000,3
2020-07-20,20200720103000000,sz.002849,14.0700,14.3500,14.0200,14.2000,738800,10476713.0000,3
2020-07-20,20200720113000000,sz.002849,14.2000,14.3500,14.2000,14.3200,169400,2416686.0000,3
2020-07-20,20200720140000000,sz.002849,14.3200,14.4300,14.3200,14.3600,293916,4224993.0000,3
2020-07-20,20200720150000000,sz.002849,14.3600,14.4300,14.3000,14.4100,284350,4088657.0000,3
2020-07-21,20200721103000000,sz.002849,14.4600,14.5600,14.3200,14.4500,688450,9961679.0000,3
2020-07-21,20200721113000000,sz.002849,14.4500,14.4900,14.3100,14.3800,153900,2215491.0000,3
2020-07-21,20200721140000000,sz.002849,14.3800,14.5600,14.3800,14.4500,207450,3004255.0000,3
2020-07-21,20200721150000000,sz.002849,14.4500,14.5400,14.4200,14.5200,248400,3601505.0000,3
2020-07-22,20200722103000000,sz.002849,14.5800,14.7900,14.4800,14.6000,522550,7621010.0000,3
2020-07-22,20200722113000000,sz.002849,14.5900,14.7900,14.5800,14.6800,493650,7253308.0000,3
2020-07-22,20200722140000000,sz.002849,14.6800,14.7300,14.6100,14.6500,257200,3776954.0000,3
2020-07-22,20200722150000000,sz.002849,14.6500,14.7500,14.6100,14.6500,420750,6175452.0000,3
2020-07-23,20200723103000000,sz.002849,14.6500,14.7200,14.4100,14.4300,755650,11029249.0000,3
2020-07-23,20200723113000000,sz.002849,14.4300,14.4800,14.2000,14.4800,541650,7773056.0000,3
2020-07-23,20200723140000000,sz.002849,14.4700,14.5600,14.4700,14.5500,210100,3051664.0000,3
2020-07-23,20200723150000000,sz.002849,14.5500,14.7800,14.5500,14.7300,595100,8747127.0000,3
2020-07-24,20200724103000000,sz.002849,14.7200,14.9700,14.5700,14.8500,790352,11717462.0000,3
2020-07-24,20200724113000000,sz.002849,14.8500,14.8600,14.6900,14.6900,269650,3985968.0000,3
2020-07-24,20200724140000000,sz.002849,14.6800,14.6800,14.3100,14.3900,469800,6817442.0000,3
2020-07-24,20200724150000000,sz.002849,14.3900,14.4000,14.2000,14.2600,656450,9384291.0000,3
2020-07-27,20200727103000000,sz.002849,14.1700,14.4000,13.9900,14.2900,633502,8982306.0000,3
2020-07-27,20200727113000000,sz.002849,14.2900,14.3000,14.0500,14.0900,319650,4523980.0000,3
2020-07-27,20200727140000000,sz.002849,14.0900,14.2600,14.0400,14.2300,233300,3293555.0000,3
2020-07-27,20200727150000000,sz.002849,14.2300,14.2400,14.0700,14.1600,199048,2816546.0000,3
2020-07-28,20200728103000000,sz.002849,14.2600,14.5500,14.2300,14.3000,627050,9013508.0000,3
2020-07-28,20200728113000000,sz.002849,14.3000,14.5600,14.3000,14.4300,384950,5573247.0000,3
2020-07-28,20200728140000000,sz.002849,14.4400,14.4400,14.3100,14.3600,148500,2132919.0000,3
2020-07-28,20200728150000000,sz.002849,14.3600,14.4200,14.3100,14.4000,174000,2499124.0000,3
2020-07-29,20200729103000000,sz.002849,14.4400,14.6500,14.3200,14.6200,514997,7472763.0000,3
2020-07-29,20200729113000000,sz.002849,14.6200,14.6200,14.5200,14.5900,220550,3215851.0000,3
2020-07-29,20200729140000000,sz.002849,14.5800,14.7500,14.5600,14.7200,522950,7680079.0000,3
2020-07-29,20200729150000000,sz.002849,14.7300,14.7500,14.6500,14.7300,689400,10144537.0000,3
2020-07-30,20200730103000000,sz.002849,14.7500,14.8900,14.6000,14.7200,589250,8674392.0000,3
2020-07-30,20200730113000000,sz.002849,14.7200,14.8600,14.6600,14.7600,339850,5022897.0000,3
2020-07-30,20200730140000000,sz.002849,14.7600,14.8400,14.7100,14.8400,215850,3188136.0000,3
2020-07-30,20200730150000000,sz.002849,14.8200,14.8300,14.7300,14.7600,413100,6096139.0000,3
2020-07-31,20200731103000000,sz.002849,14.6100,15.0900,14.6100,14.9000,1033547,15448392.0000,3
2020-07-31,20200731113000000,sz.002849,14.9000,14.9300,14.6700,14.7900,363800,5378559.0000,3
2020-07-31,20200731140000000,sz.002849,14.7900,14.9400,14.7900,14.8900,367400,5465472.0000,3
2020-07-31,20200731150000000,sz.002849,14.8900,15.0000,14.8000,15.0000,658650,9828829.0000,3
2020-08-03,20200803103000000,sz.002849,15.0900,15.4600,14.9000,15.2500,1533050,23376271.0000,3
2020-08-03,20200803113000000,sz.002849,15.2500,15.3800,15.1600,15.2100,504600,7710530.0000,3
2020-08-03,20200803140000000,sz.002849,15.2100,15.3800,15.2100,15.3800,418349,6402964.0000,3
2020-08-03,20200803150000000,sz.002849,15.3800,15.4300,15.3200,15.3200,637000,9792269.0000,3
2020-08-04,20200804103000000,sz.002849,15.3400,15.4500,15.1000,15.1200,916547,13969884.0000,3
2020-08-04,20200804113000000,sz.002849,15.1400,15.2900,15.1200,15.1800,370200,5625554.0000,3
2020-08-04,20200804140000000,sz.002849,15.1800,15.2500,15.1300,15.2300,268100,4070896.0000,3
2020-08-04,20200804150000000,sz.002849,15.2300,15.2800,15.1200,15.1600,444732,6753928.0000,3
2020-08-05,20200805103000000,sz.002849,15.2500,15.2700,15.0400,15.1500,637750,9659525.0000,3
2020-08-05,20200805113000000,sz.002849,15.1500,15.2900,15.1300,15.2900,344600,5238911.0000,3
2020-08-05,20200805140000000,sz.002849,15.2900,15.3100,15.0500,15.0600,650550,9878985.0000,3
2020-08-05,20200805150000000,sz.002849,15.0900,15.1500,15.0000,15.0800,621150,9366698.0000,3
2020-08-06,20200806103000000,sz.002849,15.1100,15.2400,14.9000,14.9300,581600,8758924.0000,3
2020-08-06,20200806113000000,sz.002849,14.9100,14.9600,14.7800,14.9200,418050,6207916.0000,3
2020-08-06,20200806140000000,sz.002849,14.9000,14.9500,14.8200,14.9000,183200,2727309.0000,3
2020-08-06,20200806150000000,sz.002849,14.8900,14.9900,14.8100,14.9000,696800,10366356.0000,3
2020-08-07,20200807103000000,sz.002849,14.8000,14.9600,14.5600,14.6000,746250,10991738.0000,3
2020-08-07,20200807113000000,sz.002849,14.6000,14.6800,14.5200,14.6300,309448,4518683.0000,3
2020-08-07,20200807140000000,sz.002849,14.6200,14.6200,14.4500,14.5600,445500,6474964.0000,3
2020-08-07,20200807150000000,sz.002849,14.5800,14.6800,14.5500,14.6400,235450,3442651.0000,3
2020-08-10,20200810103000000,sz.002849,14.6300,15.0900,14.5200,14.7100,703900,10425241.0000,3
2020-08-10,20200810113000000,sz.002849,14.7100,14.7400,14.6300,14.6700,183550,2692864.0000,3
2020-08-10,20200810140000000,sz.002849,14.7000,14.7800,14.6800,14.7800,185950,2741045.0000,3
2020-08-10,20200810150000000,sz.002849,14.7800,14.8500,14.6700,14.7100,346150,5102054.0000,3
2020-08-11,20200811103000000,sz.002849,14.7300,14.8800,14.5900,14.6200,506950,7425056.0000,3
2020-08-11,20200811113000000,sz.002849,14.6100,14.6300,14.5000,14.5200,295050,4291729.0000,3
2020-08-11,20200811140000000,sz.002849,14.5200,14.6500,14.5200,14.6000,173497,2529440.0000,3
2020-08-11,20200811150000000,sz.002849,14.6000,14.6100,14.2500,14.3200,613900,8838798.0000,3
2020-08-12,20200812103000000,sz.002849,14.3400,14.3700,14.0200,14.2200,523800,7419576.0000,3
2020-08-12,20200812113000000,sz.002849,14.2200,14.3000,14.1400,14.1600,197450,2805163.0000,3
2020-08-12,20200812140000000,sz.002849,14.1600,14.2200,14.1100,14.2000,138750,1966612.0000,3
2020-08-12,20200812150000000,sz.002849,14.2000,14.4200,14.1800,14.4000,555300,7958663.0000,3
2020-08-13,20200813103000000,sz.002849,14.4100,14.6400,14.3900,14.6200,587500,8539501.0000,3
2020-08-13,20200813113000000,sz.002849,14.5700,14.6500,14.5000,14.5100,217204,3166249.0000,3
2020-08-13,20200813140000000,sz.002849,14.5100,14.6100,14.4900,14.5100,144750,2104050.0000,3
2020-08-13,20200813150000000,sz.002849,14.5200,14.5200,14.4200,14.4200,209900,3037281.0000,3
2020-08-14,20200814103000000,sz.002849,14.4700,14.6300,14.3700,14.5900,368650,5357746.0000,3
2020-08-14,20200814113000000,sz.002849,14.5900,14.6000,14.5100,14.5500,189900,2766667.0000,3
2020-08-14,20200814140000000,sz.002849,14.5500,14.6500,14.5500,14.6400,198400,2899035.0000,3
2020-08-14,20200814150000000,sz.002849,14.6400,14.7100,14.6100,14.6700,255800,3753465.0000,3
2020-08-17,20200817103000000,sz.002849,14.7100,14.8000,14.6300,14.7200,327450,4819015.0000,3
2020-08-17,20200817113000000,sz.002849,14.7200,14.9300,14.7200,14.9300,467900,6946459.0000,3
2020-08-17,20200817140000000,sz.002849,14.9300,14.9400,14.8500,14.8700,185300,2761133.0000,3
2020-08-17,20200817150000000,sz.002849,14.8600,14.9400,14.8200,14.9100,402800,6000423.0000,3
2020-08-18,20200818103000000,sz.002849,14.8500,14.9700,14.8200,14.8900,367950,5474885.0000,3
2020-08-18,20200818113000000,sz.002849,14.8900,14.9100,14.8300,14.8900,122450,1819668.0000,3
2020-08-18,20200818140000000,sz.002849,14.8900,14.9000,14.8400,14.8500,138300,2056602.0000,3
2020-08-18,20200818150000000,sz.002849,14.8400,14.8800,14.7800,14.8600,326650,4845609.0000,3
2020-08-19,20200819103000000,sz.002849,14.9000,14.9000,14.6400,14.7100,421450,6216362.0000,3
2020-08-19,20200819113000000,sz.002849,14.7100,14.7800,14.7000,14.7400,185993,2741882.0000,3
2020-08-19,20200819140000000,sz.002849,14.7400,14.8600,14.7400,14.7600,242850,3593250.0000,3
2020-08-19,20200819150000000,sz.002849,14.7600,14.7800,14.4600,14.5300,814714,11877631.0000,3
2020-08-20,20200820103000000,sz.002849,14.5100,14.6400,14.4100,14.6300,419000,6078041.0000,3
2020-08-20,20200820113000000,sz.002849,14.6400,14.8200,14.5600,14.6900,285750,4204990.0000,3
2020-08-20,20200820140000000,sz.002849,14.6900,14.7400,14.6600,14.7200,104714,1539204.0000,3
2020-08-20,20200820150000000,sz.002849,14.7200,14.7200,14.4600,14.5800,309700,4509681.0000,3
2020-08-21,20200821103000000,sz.002849,14.7000,14.9500,14.5300,14.7200,718696,10636305.0000,3
2020-08-21,20200821113000000,sz.002849,14.7100,14.7500,14.6000,14.7400,218300,3199888.0000,3
2020-08-21,20200821140000000,sz.002849,14.7400,14.7500,14.6500,14.6800,76300,1121562.0000,3
2020-08-21,20200821150000000,sz.002849,14.6800,14.6800,14.5600,14.5600,258500,3775347.0000,3
2020-08-24,20200824103000000,sz.002849,14.6800,14.6800,14.3600,14.5000,435950,6304846.0000,3
2020-08-24,20200824113000000,sz.002849,14.4900,14.5600,14.4300,14.5200,143750,2084132.0000,3
2020-08-24,20200824140000000,sz.002849,14.5200,14.6600,14.5200,14.6500,199800,2918846.0000,3
2020-08-24,20200824150000000,sz.002849,14.6600,14.6600,14.5100,14.5600,194900,2841744.0000,3
2020-08-25,20200825103000000,sz.002849,14.6800,14.9100,14.6600,14.8400,749750,11094974.0000,3
2020-08-25,20200825113000000,sz.002849,14.8500,15.0500,14.8500,15.0000,1098119,16423776.0000,3
2020-08-25,20200825140000000,sz.002849,15.0000,15.0700,14.9100,14.9300,479250,7182220.0000,3
2020-08-25,20200825150000000,sz.002849,14.9300,15.0200,14.8600,14.9900,676550,10118005.0000,3
2020-08-26,20200826103000000,sz.002849,14.8000,14.9300,14.6500,14.7100,1158969,17086715.0000,3
2020-08-26,20200826113000000,sz.002849,14.7100,14.7500,14.4900,14.5200,520600,7612045.0000,3
2020-08-26,20200826140000000,sz.002849,14.5200,14.6200,14.3000,14.3500,555500,8038167.0000,3
2020-08-26,20200826150000000,sz.002849,14.3500,14.3900,14.3100,14.3800,545800,7832151.0000,3
2020-08-27,20200827103000000,sz.002849,14.3600,14.4000,14.2500,14.3100,474054,6779107.0000,3
2020-08-27,20200827113000000,sz.002849,14.3300,14.5900,14.3000,14.5600,366800,5312439.0000,3
2020-08-27,20200827140000000,sz.002849,14.5600,15.0400,14.5300,14.9300,1441635,21425029.0000,3
2020-08-27,20200827150000000,sz.002849,14.9300,15.0800,14.8400,15.0000,1117550,16736393.0000,3
2020-08-28,20200828103000000,sz.002849,14.9400,14.9800,14.7600,14.8000,612408,9098594.0000,3
2020-08-28,20200828113000000,sz.002849,14.7900,14.8900,14.7700,14.8700,295550,4375101.0000,3
2020-08-28,20200828140000000,sz.002849,14.9000,14.9800,14.8100,14.9700,350004,5205499.0000,3
2020-08-28,20200828150000000,sz.002849,14.9700,15.0300,14.9300,14.9800,669943,10034558.0000,3
2020-08-31,20200831103000000,sz.002849,14.9900,15.1700,14.9000,15.1500,765550,11493578.0000,3
2020-08-31,20200831113000000,sz.002849,15.1500,15.1600,14.9800,15.0300,444600,6699752.0000,3
2020-08-31,20200831140000000,sz.002849,15.0300,15.1100,15.0000,15.0600,385900,5806628.0000,3
2020-08-31,20200831150000000,sz.002849,15.0600,15.0700,14.9400,15.0000,539450,8086876.0000,3
2020-09-01,20200901103000000,sz.002849,15.0900,15.0900,14.7900,14.8800,800050,11926698.0000,3
2020-09-01,20200901113000000,sz.002849,14.8800,14.9400,14.8200,14.8600,219600,3265667.0000,3
2020-09-01,20200901140000000,sz.002849,14.8600,14.9500,14.7900,14.8900,457150,6785523.0000,3
2020-09-01,20200901150000000,sz.002849,14.8900,15.1300,14.8700,15.1000,803304,12083066.0000,3
2020-09-02,20200902103000000,sz.002849,15.1300,15.3900,15.0500,15.2900,1266194,19274465.0000,3
2020-09-02,20200902113000000,sz.002849,15.2700,15.3100,15.1200,15.3000,698800,10625108.0000,3
2020-09-02,20200902140000000,sz.002849,15.2800,15.4300,15.2800,15.4000,785150,12065715.0000,3
2020-09-02,20200902150000000,sz.002849,15.4000,15.4000,15.1900,15.3900,769750,11788137.0000,3
2020-09-03,20200903103000000,sz.002849,15.2500,15.2800,15.0000,15.1200,891350,13499169.0000,3
2020-09-03,20200903113000000,sz.002849,15.1200,15.3400,15.0600,15.0800,356600,5396659.0000,3
2020-09-03,20200903140000000,sz.002849,15.0800,15.1700,15.0600,15.1100,214950,3246804.0000,3
2020-09-03,20200903150000000,sz.002849,15.1100,15.1200,14.8500,14.9700,1273950,19084350.0000,3
2020-09-04,20200904103000000,sz.002849,14.8200,15.0600,14.7000,15.0100,675100,10048829.0000,3
2020-09-04,20200904113000000,sz.002849,15.0300,15.0800,14.9000,14.9200,280400,4200075.0000,3
2020-09-04,20200904140000000,sz.002849,14.9900,15.1300,14.9500,15.0600,209950,3158073.0000,3
2020-09-04,20200904150000000,sz.002849,15.0600,15.3900,15.0100,15.1800,925850,14091099.0000,3
2020-09-07,20200907103000000,sz.002849,15.1500,15.5300,15.1000,15.2700,1221450,18775453.0000,3
2020-09-07,20200907113000000,sz.002849,15.2700,15.4200,15.2500,15.3600,355550,5447712.0000,3
2020-09-07,20200907140000000,sz.002849,15.3600,15.3800,15.2300,15.2300,295500,4518254.0000,3
2020-09-07,20200907150000000,sz.002849,15.2200,15.2600,14.9300,14.9900,623450,9399827.0000,3
2020-09-08,20200908103000000,sz.002849,15.1700,15.2200,14.9800,15.1300,427600,6466354.0000,3
2020-09-08,20200908113000000,sz.002849,15.1300,15.3000,15.1100,15.1200,293950,4467600.0000,3
2020-09-08,20200908140000000,sz.002849,15.1100,15.5300,15.1000,15.4600,997850,15351054.0000,3
2020-09-08,20200908150000000,sz.002849,15.4500,15.5300,15.3000,15.5300,1025950,15854502.0000,3
2020-09-09,20200909103000000,sz.002849,15.4300,15.8900,15.2900,15.3700,2716450,42350848.0000,3
2020-09-09,20200909113000000,sz.002849,15.3700,15.4400,15.1500,15.3800,869050,13290642.0000,3
2020-09-09,20200909140000000,sz.002849,15.3900,15.6500,15.3600,15.5600,675450,10505151.0000,3
2020-09-09,20200909150000000,sz.002849,15.5700,15.6900,15.2600,15.3600,1126593,17432060.0000,3
2020-09-10,20200910103000000,sz.002849,15.4100,15.5800,13.9900,14.8800,1733700,26149782.0000,3
2020-09-10,20200910113000000,sz.002849,14.8800,15.2800,14.5100,14.6400,840596,12531080.0000,3
2020-09-10,20200910140000000,sz.002849,14.6400,14.7400,14.4800,14.5000,831412,12130270.0000,3
2020-09-10,20200910150000000,sz.002849,14.5000,14.5500,14.2100,14.2900,1011950,14502291.0000,3
2020-09-11,20200911103000000,sz.002849,14.2600,14.8500,14.1000,14.5700,1385639,20148325.0000,3
2020-09-11,20200911113000000,sz.002849,14.5700,14.6400,14.3900,14.4200,254000,3683822.0000,3
2020-09-11,20200911140000000,sz.002849,14.4200,14.5800,14.3800,14.5100,186500,2698392.0000,3
2020-09-11,20200911150000000,sz.002849,14.5100,14.5700,14.4700,14.4700,287400,4172792.0000,3
2020-09-14,20200914103000000,sz.002849,14.4800,14.8300,14.4600,14.8000,814550,11936925.0000,3
2020-09-14,20200914113000000,sz.002849,14.8100,14.9300,14.7300,14.8000,487400,7231967.0000,3
2020-09-14,20200914140000000,sz.002849,14.8000,14.8500,14.6600,14.6900,204100,3004081.0000,3
2020-09-14,20200914150000000,sz.002849,14.6500,14.8900,14.5700,14.7700,573250,8431420.0000,3
2020-09-15,20200915103000000,sz.002849,14.9500,15.3400,14.7200,15.2900,1376950,20805086.0000,3
2020-09-15,20200915113000000,sz.002849,15.2900,15.6600,15.2100,15.5100,2010550,31141174.0000,3
2020-09-15,20200915140000000,sz.002849,15.5000,15.6800,15.2900,15.3300,1110700,17280810.0000,3
2020-09-15,20200915150000000,sz.002849,15.3600,15.3600,15.2200,15.3000,510700,7816753.0000,3
2020-09-16,20200916103000000,sz.002849,15.3000,15.8800,14.9700,15.0400,1565650,23732244.0000,3
2020-09-16,20200916113000000,sz.002849,15.0400,15.0600,14.7200,14.7500,851400,12651454.0000,3
2020-09-16,20200916140000000,sz.002849,14.7500,15.2000,14.7200,15.1800,725064,10825714.0000,3
2020-09-16,20200916150000000,sz.002849,15.2000,15.2200,14.9700,15.0800,399135,6009447.0000,3
2020-09-17,20200917103000000,sz.002849,15.2900,15.4800,14.9000,15.4200,1310021,20030725.0000,3
2020-09-17,20200917113000000,sz.002849,15.4200,15.4200,15.2000,15.2400,322250,4933301.0000,3
2020-09-17,20200917140000000,sz.002849,15.2700,15.3700,15.2000,15.3300,214065,3273192.0000,3
2020-09-17,20200917150000000,sz.002849,15.3300,15.5200,15.3300,15.3500,1280500,19774883.0000,3
2020-09-18,20200918103000000,sz.002849,15.3200,15.4200,15.1600,15.1800,551550,8415472.0000,3
2020-09-18,20200918113000000,sz.002849,15.1900,15.4000,15.0600,15.3400,449550,6834487.0000,3
2020-09-18,20200918140000000,sz.002849,15.3400,15.4900,15.3400,15.4700,580600,8953082.0000,3
2020-09-18,20200918150000000,sz.002849,15.4700,15.5500,15.4600,15.5400,726893,11271329.0000,3
2020-09-21,20200921103000000,sz.002849,15.3600,15.6900,15.3200,15.6300,910300,14149572.0000,3
2020-09-21,20200921113000000,sz.002849,15.6600,15.7900,15.6200,15.7600,654150,10268907.0000,3
2020-09-21,20200921140000000,sz.002849,15.7600,15.8500,15.6500,15.7500,651265,10257835.0000,3
2020-09-21,20200921150000000,sz.002849,15.7500,15.8000,15.6500,15.7700,707650,11133635.0000,3
2020-09-22,20200922103000000,sz.002849,15.5200,15.7000,15.5000,15.5300,653450,10177007.0000,3
2020-09-22,20200922113000000,sz.002849,15.5000,15.6200,15.4600,15.5300,380700,5912942.0000,3
2020-09-22,20200922140000000,sz.002849,15.5100,15.5600,15.3400,15.3400,470400,7263340.0000,3
2020-09-22,20200922150000000,sz.002849,15.3400,15.4200,15.2000,15.2700,669250,10238817.0000,3
2020-09-23,20200923103000000,sz.002849,15.3800,15.6900,15.1800,15.2400,775700,11913032.0000,3
2020-09-23,20200923113000000,sz.002849,15.2500,15.3000,15.2100,15.2400,274400,4185548.0000,3
2020-09-23,20200923140000000,sz.002849,15.2400,15.3300,15.1700,15.3000,299100,4551927.0000,3
2020-09-23,20200923150000000,sz.002849,15.3000,15.3200,15.1500,15.1600,369850,5625166.0000,3
2020-09-24,20200924103000000,sz.002849,15.1200,15.1700,14.9000,14.9100,564700,8498462.0000,3
2020-09-24,20200924113000000,sz.002849,14.9100,14.9600,14.8000,14.8600,452800,6739210.0000,3
2020-09-24,20200924140000000,sz.002849,14.8600,14.9600,14.8100,14.9200,130200,1937343.0000,3
2020-09-24,20200924150000000,sz.002849,14.9200,14.9900,14.8200,14.8200,248300,3694011.0000,3
2020-09-25,20200925103000000,sz.002849,14.9500,15.0400,14.7000,14.8200,248750,3687356.0000,3
2020-09-25,20200925113000000,sz.002849,14.8100,14.8400,14.5800,14.7300,439800,6444186.0000,3
2020-09-25,20200925140000000,sz.002849,14.7300,14.8000,14.6600,14.7300,104650,1541147.0000,3
2020-09-25,20200925150000000,sz.002849,14.7400,14.8300,14.6500,14.7000,237200,3500915.0000,3
2020-09-28,20200928103000000,sz.002849,14.6500,14.6800,14.3900,14.5200,410800,5965863.0000,3
2020-09-28,20200928113000000,sz.002849,14.5100,14.5100,14.4000,14.4500,239223,3454969.0000,3
2020-09-28,20200928140000000,sz.002849,14.4500,14.5300,14.4100,14.4400,103450,1497753.0000,3
2020-09-28,20200928150000000,sz.002849,14.4400,14.4700,14.2900,14.3400,275577,3955909.0000,3
2020-09-29,20200929103000000,sz.002849,14.3600,14.6600,14.3100,14.5800,301800,4364350.0000,3
2020-09-29,20200929113000000,sz.002849,14.5600,14.5900,14.5100,14.5600,105650,1536442.0000,3
2020-09-29,20200929140000000,sz.002849,14.5600,14.6200,14.5500,14.5600,111900,1630833.0000,3
2020-09-29,20200929150000000,sz.002849,14.5600,14.6200,14.4600,14.5100,229400,3337104.0000,3
2020-09-30,20200930103000000,sz.002849,14.5200,14.6200,14.4000,14.5500,195300,2837879.0000,3
2020-09-30,20200930113000000,sz.002849,14.5500,14.5900,14.5000,14.5300,169800,2469914.0000,3
2020-09-30,20200930140000000,sz.002849,14.5300,14.5400,14.3600,14.3900,178350,2572988.0000,3
2020-09-30,20200930150000000,sz.002849,14.3900,14.4700,14.2800,14.4100,246600,3548160.0000,3
2020-10-09,20201009103000000,sz.002849,14.5900,14.7700,14.5800,14.7700,334600,4914382.0000,3
2020-10-09,20201009113000000,sz.002849,14.7700,14.8500,14.7200,14.8300,184429,2726370.0000,3
2020-10-09,20201009140000000,sz.002849,14.8300,14.8400,14.7300,14.7500,163871,2422003.0000,3
2020-10-09,20201009150000000,sz.002849,14.7500,14.7900,14.7000,14.7900,221950,3268195.0000,3
2020-10-12,20201012103000000,sz.002849,14.7900,14.9700,14.7400,14.9500,396700,5909687.0000,3
2020-10-12,20201012113000000,sz.002849,14.9600,15.0300,14.9400,15.0300,264100,3957410.0000,3
2020-10-12,20201012140000000,sz.002849,15.0300,15.1000,15.0000,15.1000,236100,3554451.0000,3
2020-10-12,20201012150000000,sz.002849,15.1000,15.1800,15.0700,15.1400,518800,7853479.0000,3
2020-10-13,20201013103000000,sz.002849,15.1500,15.2200,15.0200,15.1100,326400,4930947.0000,3
2020-10-13,20201013113000000,sz.002849,15.1100,15.1700,15.0800,15.1400,135200,2043490.0000,3
2020-10-13,20201013140000000,sz.002849,15.1400,15.1700,15.0800,15.1200,209000,3158643.0000,3
2020-10-13,20201013150000000,sz.002849,15.1200,15.1600,15.0900,15.1100,257200,3888507.0000,3
2020-10-14,20201014103000000,sz.002849,15.0100,15.1400,14.8300,14.8600,630650,9438148.0000,3
2020-10-14,20201014113000000,sz.002849,14.8600,14.9400,14.8600,14.9000,225950,3361748.0000,3
2020-10-14,20201014140000000,sz.002849,14.9000,14.9200,14.8500,14.8600,146800,2182485.0000,3
2020-10-14,20201014150000000,sz.002849,14.8600,14.9000,14.8100,14.8300,341700,5071696.0000,3
2020-10-15,20201015103000000,sz.002849,14.9400,14.9400,14.7600,14.8900,318050,4721621.0000,3
2020-10-15,20201015113000000,sz.002849,14.8600,14.9000,14.8100,14.8600,185950,2763756.0000,3
2020-10-15,20201015140000000,sz.002849,14.8600,14.9000,14.8000,14.8400,183200,2717378.0000,3
2020-10-15,20201015150000000,sz.002849,14.8400,14.9400,14.8000,14.8600,325500,4843156.0000,3
2020-10-16,20201016103000000,sz.002849,14.7800,14.9400,14.7800,14.8000,367700,5461780.0000,3
2020-10-16,20201016113000000,sz.002849,14.8000,14.8200,14.6100,14.6500,394500,5800812.0000,3
2020-10-16,20201016140000000,sz.002849,14.6500,14.7600,14.6400,14.7400,160100,2355442.0000,3
2020-10-16,20201016150000000,sz.002849,14.7500,14.7600,14.7000,14.7600,288650,4249308.0000,3
2020-10-19,20201019103000000,sz.002849,14.8100,15.2000,14.7900,15.1300,944215,14219510.0000,3
2020-10-19,20201019113000000,sz.002849,15.1300,15.1400,15.0200,15.0500,179900,2713239.0000,3
2020-10-19,20201019140000000,sz.002849,15.0500,15.0900,14.9500,14.9900,182150,2733516.0000,3
2020-10-19,20201019150000000,sz.002849,14.9900,15.0100,14.8800,14.9500,310450,4632410.0000,3
2020-10-20,20201020103000000,sz.002849,14.8600,14.9700,14.7500,14.8400,483650,7169280.0000,3
2020-10-20,20201020113000000,sz.002849,14.8500,14.9300,14.8000,14.9300,167550,2489741.0000,3
2020-10-20,20201020140000000,sz.002849,14.9200,15.1300,14.9100,15.0600,340850,5127746.0000,3
2020-10-20,20201020150000000,sz.002849,15.0300,15.1900,15.0200,15.1000,421650,6372108.0000,3
2020-10-21,20201021103000000,sz.002849,15.0700,15.1900,14.9500,15.0000,509950,7685055.0000,3
2020-10-21,20201021113000000,sz.002849,15.0100,15.0200,14.8200,14.9400,349740,5211499.0000,3
2020-10-21,20201021140000000,sz.002849,14.9400,14.9400,14.8200,14.8500,400900,5954398.0000,3
2020-10-21,20201021150000000,sz.002849,14.8800,14.9300,14.8100,14.8800,299400,4450245.0000,3
2020-10-22,20201022103000000,sz.002849,14.8800,15.0500,14.6500,14.9800,649100,9652742.0000,3
2020-10-22,20201022113000000,sz.002849,14.9800,15.0300,14.9500,14.9700,188200,2820710.0000,3
2020-10-22,20201022140000000,sz.002849,14.9700,15.2600,14.9400,15.2100,767844,11634783.0000,3
2020-10-22,20201022150000000,sz.002849,15.2000,15.3200,15.1200,15.1800,1301099,19801494.0000,3
2020-10-23,20201023103000000,sz.002849,15.1900,15.2900,14.9700,15.2100,732450,11076277.0000,3
2020-10-23,20201023113000000,sz.002849,15.2000,15.2100,15.0600,15.1300,210300,3182395.0000,3
2020-10-23,20201023140000000,sz.002849,15.1100,15.1600,14.9700,15.0900,398648,6009408.0000,3
2020-10-23,20201023150000000,sz.002849,15.1000,15.2400,15.0700,15.1900,872900,13239158.0000,3
2020-10-26,20201026103000000,sz.002849,15.1000,15.4600,14.9200,15.2700,1254700,19083041.0000,3
2020-10-26,20201026113000000,sz.002849,15.2700,15.3000,15.1400,15.1500,340100,5177847.0000,3
2020-10-26,20201026140000000,sz.002849,15.1500,15.1500,15.0000,15.0000,355700,5353441.0000,3
2020-10-26,20201026150000000,sz.002849,15.0100,15.1700,15.0100,15.1200,283100,4271145.0000,3
2020-10-27,20201027103000000,sz.002849,14.9800,15.1100,14.8000,14.9000,929577,13879516.0000,3
2020-10-27,20201027113000000,sz.002849,14.9000,14.9400,14.6100,14.6500,549300,8111494.0000,3
2020-10-27,20201027140000000,sz.002849,14.6500,14.8400,14.6500,14.7500,233304,3437570.0000,3
2020-10-27,20201027150000000,sz.002849,14.7500,14.8100,14.6000,14.6400,573550,8425750.0000,3
2020-10-28,20201028103000000,sz.002849,14.6800,14.7700,14.3300,14.3900,802200,11605125.0000,3
2020-10-28,20201028113000000,sz.002849,14.3700,14.5600,14.3400,14.5500,232899,3362761.0000,3
2020-10-28,20201028140000000,sz.002849,14.5200,14.6800,14.5200,14.5900,244300,3564274.0000,3
2020-10-28,20201028150000000,sz.002849,14.5900,14.6300,14.5000,14.5000,379850,5527740.0000,3
2020-10-29,20201029103000000,sz.002849,14.3600,14.7200,14.3000,14.6200,489900,7120374.0000,3
2020-10-29,20201029113000000,sz.002849,14.6200,14.7700,14.5900,14.7600,253450,3720925.0000,3
2020-10-29,20201029140000000,sz.002849,14.7500,14.8300,14.7000,14.7500,382500,5645378.0000,3
2020-10-29,20201029150000000,sz.002849,14.7500,14.7600,14.5900,14.6400,453100,6647684.0000,3
2020-10-30,20201030103000000,sz.002849,14.7100,14.7900,14.5000,14.5100,595400,8708441.0000,3
2020-10-30,20201030113000000,sz.002849,14.5100,14.6300,14.4500,14.6000,308300,4482175.0000,3
2020-10-30,20201030140000000,sz.002849,14.6000,14.7200,14.5700,14.6400,281200,4117235.0000,3
2020-10-30,20201030150000000,sz.002849,14.6400,14.6400,14.3000,14.3000,766000,11042389.0000,3
2020-11-02,20201102103000000,sz.002849,14.3500,14.5500,14.3000,14.4200,477800,6877568.0000,3
2020-11-02,20201102113000000,sz.002849,14.4200,14.6000,14.3800,14.5400,169875,2461110.0000,3
2020-11-02,20201102140000000,sz.002849,14.5300,14.6600,14.5200,14.6100,234050,3414133.0000,3
2020-11-02,20201102150000000,sz.002849,14.6100,14.7100,14.5500,14.6400,369900,5414339.0000,3
2020-11-03,20201103103000000,sz.002849,14.7600,14.7600,14.6000,14.6700,327750,4801409.0000,3
2020-11-03,20201103113000000,sz.002849,14.6700,14.7300,14.6100,14.6300,189000,2773408.0000,3
2020-11-03,20201103140000000,sz.002849,14.6300,14.6800,14.5900,14.6200,272200,3979329.0000,3
2020-11-03,20201103150000000,sz.002849,14.6200,14.6900,14.6000,14.6400,326900,4786633.0000,3
2020-11-04,20201104103000000,sz.002849,14.7000,14.7400,14.4400,14.4700,350900,5110362.0000,3
2020-11-04,20201104113000000,sz.002849,14.4900,14.7300,14.4700,14.6500,287400,4196404.0000,3
2020-11-04,20201104140000000,sz.002849,14.6500,14.6800,14.5500,14.6700,128900,1882592.0000,3
2020-11-04,20201104150000000,sz.002849,14.6700,14.7100,14.6100,14.6700,237300,3478666.0000,3
2020-11-05,20201105103000000,sz.002849,14.7000,14.7800,14.5800,14.6100,417800,6124127.0000,3
2020-11-05,20201105113000000,sz.002849,14.6100,14.6900,14.5400,14.6600,245950,3593088.0000,3
2020-11-05,20201105140000000,sz.002849,14.6600,14.7400,14.6300,14.7100,311300,4570758.0000,3
2020-11-05,20201105150000000,sz.002849,14.7300,14.7800,14.7100,14.7200,379700,5598710.0000,3
2020-11-06,20201106103000000,sz.002849,14.7200,14.7900,14.5000,14.5300,512400,7471001.0000,3
2020-11-06,20201106113000000,sz.002849,14.5600,14.5700,14.4500,14.4500,171200,2484288.0000,3
2020-11-06,20201106140000000,sz.002849,14.4500,14.4800,14.3900,14.4200,244700,3529159.0000,3
2020-11-06,20201106150000000,sz.002849,14.4100,14.5900,14.4000,14.5100,323300,4690605.0000,3
2020-11-09,20201109103000000,sz.002849,14.5800,14.7000,14.5200,14.6400,365800,5359334.0000,3
2020-11-09,20201109113000000,sz.002849,14.6500,14.7300,14.6500,14.7100,199250,2929239.0000,3
2020-11-09,20201109140000000,sz.002849,14.7100,14.7600,14.7100,14.7400,277150,4083878.0000,3
2020-11-09,20201109150000000,sz.002849,14.7400,14.7400,14.6400,14.7100,317644,4667825.0000,3
2020-11-10,20201110103000000,sz.002849,14.7200,14.7600,14.4500,14.7400,721500,10541026.0000,3
2020-11-10,20201110113000000,sz.002849,14.7400,14.8400,14.7200,14.8000,321850,4758593.0000,3
2020-11-10,20201110140000000,sz.002849,14.8000,14.8200,14.6800,14.6900,170800,2520546.0000,3
2020-11-10,20201110150000000,sz.002849,14.6800,14.8500,14.6600,14.8300,402900,5955160.0000,3
2020-11-11,20201111103000000,sz.002849,14.7200,14.8100,14.6600,14.6800,271300,3988560.0000,3
2020-11-11,20201111113000000,sz.002849,14.6800,14.7800,14.6500,14.7600,158650,2331463.0000,3
2020-11-11,20201111140000000,sz.002849,14.7600,14.7700,14.5700,14.6100,302900,4439579.0000,3
2020-11-11,20201111150000000,sz.002849,14.6100,14.6500,14.5800,14.6300,182700,2668521.0000,3
2020-11-12,20201112103000000,sz.002849,14.6500,14.7100,14.4700,14.4700,308600,4488137.0000,3
2020-11-12,20201112113000000,sz.002849,14.4700,14.5800,14.4200,14.4600,219800,3183263.0000,3
2020-11-12,20201112140000000,sz.002849,14.4600,14.4800,14.3800,14.4100,205600,2964237.0000,3
2020-11-12,20201112150000000,sz.002849,14.4100,14.4200,14.2500,14.3700,548894,7868623.0000,3
2020-11-13,20201113103000000,sz.002849,14.3200,14.4000,14.0100,14.1400,787550,11133169.0000,3
2020-11-13,20201113113000000,sz.002849,14.1400,14.3200,14.1300,14.2600,152600,2169567.0000,3
2020-11-13,20201113140000000,sz.002849,14.2600,14.2700,14.1300,14.1600,124650,1766904.0000,3
2020-11-13,20201113150000000,sz.002849,14.1600,14.2700,14.1400,14.2000,175894,2497629.0000,3
2020-11-16,20201116103000000,sz.002849,14.2900,14.3200,14.1800,14.2800,262050,3734810.0000,3
2020-11-16,20201116113000000,sz.002849,14.2900,14.4000,14.2600,14.3700,316500,4537523.0000,3
2020-11-16,20201116140000000,sz.002849,14.3700,14.3800,14.3200,14.3300,69500,996646.0000,3
2020-11-16,20201116150000000,sz.002849,14.3300,14.3700,14.2900,14.3700,220944,3165442.0000,3
2020-11-17,20201117103000000,sz.002849,14.3700,14.3700,14.1400,14.1500,395500,5621587.0000,3
2020-11-17,20201117113000000,sz.002849,14.1500,14.2300,14.1100,14.1900,181200,2563725.0000,3
2020-11-17,20201117140000000,sz.002849,14.1900,14.1900,13.9500,14.0000,434700,6099551.0000,3
2020-11-17,20201117150000000,sz.002849,14.0000,14.0900,13.9900,14.0800,183700,2581233.0000,3
2020-11-18,20201118103000000,sz.002849,14.1300,14.2900,14.0300,14.1600,418750,5951125.0000,3
2020-11-18,20201118113000000,sz.002849,14.1600,14.2600,14.1500,14.2400,128600,1825248.0000,3
2020-11-18,20201118140000000,sz.002849,14.2500,14.2700,14.1700,14.1900,120300,1712491.0000,3
2020-11-18,20201118150000000,sz.002849,14.1900,14.2500,14.1800,14.2500,169150,2404314.0000,3
2020-11-19,20201119103000000,sz.002849,14.2500,14.2900,14.0900,14.1000,307900,4364196.0000,3
2020-11-19,20201119113000000,sz.002849,14.1200,14.2300,14.1100,14.1900,111450,1579987.0000,3
2020-11-19,20201119140000000,sz.002849,14.1900,14.2600,14.1900,14.2300,78350,1114565.0000,3
2020-11-19,20201119150000000,sz.002849,14.2100,14.2900,14.1900,14.2700,231600,3297868.0000,3
2020-11-20,20201120103000000,sz.002849,14.2700,14.3300,14.1600,14.2200,164340,2343273.0000,3
2020-11-20,20201120113000000,sz.002849,14.2200,14.2700,14.2000,14.2600,75200,1070141.0000,3
2020-11-20,20201120140000000,sz.002849,14.2100,14.2800,14.2100,14.2600,67100,956905.0000,3
2020-11-20,20201120150000000,sz.002849,14.2600,14.3200,14.2500,14.3100,184400,2635533.0000,3
2020-11-23,20201123103000000,sz.002849,14.3100,14.3400,14.1600,14.1800,289900,4120640.0000,3
2020-11-23,20201123113000000,sz.002849,14.1700,14.1900,14.1300,14.1800,113000,1599312.0000,3
2020-11-23,20201123140000000,sz.002849,14.1800,14.2900,14.1800,14.2900,133200,1898569.0000,3
2020-11-23,20201123150000000,sz.002849,14.2900,14.3000,14.1800,14.2100,231450,3293059.0000,3
2020-11-24,20201124103000000,sz.002849,14.2200,14.3300,14.2000,14.2100,239700,3417177.0000,3
2020-11-24,20201124113000000,sz.002849,14.2100,14.2700,14.2100,14.2500,96937,1380020.0000,3
2020-11-24,20201124140000000,sz.002849,14.2600,14.3100,14.2300,14.2400,114950,1640124.0000,3
2020-11-24,20201124150000000,sz.002849,14.2400,14.2800,14.2100,14.2600,153750,2188453.0000,3
2020-11-25,20201125103000000,sz.002849,14.2500,14.3400,14.2300,14.3300,293400,4192995.0000,3
2020-11-25,20201125113000000,sz.002849,14.3300,14.3500,14.2700,14.3200,241850,3461492.0000,3
2020-11-25,20201125140000000,sz.002849,14.3200,14.4300,14.2800,14.3300,268100,3846035.0000,3
2020-11-25,20201125150000000,sz.002849,14.3300,14.3600,14.2800,14.3000,227300,3254882.0000,3
2020-11-26,20201126103000000,sz.002849,14.3000,14.3400,14.1600,14.2100,217150,3092240.0000,3
2020-11-26,20201126113000000,sz.002849,14.2100,14.2200,14.1300,14.1500,156850,2222872.0000,3
2020-11-26,20201126140000000,sz.002849,14.1500,14.2100,14.1300,14.1600,130750,1851797.0000,3
2020-11-26,20201126150000000,sz.002849,14.1700,14.1700,14.1000,14.1000,302100,4268865.0000,3
2020-11-27,20201127103000000,sz.002849,14.0800,14.2100,14.0400,14.1500,382300,5405098.0000,3
2020-11-27,20201127113000000,sz.002849,14.1500,14.1700,14.0300,14.0500,208200,2934218.0000,3
2020-11-27,20201127140000000,sz.002849,14.0400,14.0600,13.9700,14.0300,227400,3186235.0000,3
2020-11-27,20201127150000000,sz.002849,14.0300,14.0900,14.0100,14.0800,164450,2310410.0000,3
2020-11-30,20201130103000000,sz.002849,14.1500,14.1500,13.9500,14.1200,511700,7201717.0000,3
2020-11-30,20201130113000000,sz.002849,14.1200,14.1900,14.0900,14.1800,145047,2051845.0000,3
2020-11-30,20201130140000000,sz.002849,14.1800,14.1800,14.0900,14.1500,118300,1672921.0000,3
2020-11-30,20201130150000000,sz.002849,14.1500,14.1600,14.0100,14.0400,191900,2699730.0000,3
2020-12-01,20201201103000000,sz.002849,13.9700,14.2600,13.9700,14.2500,341200,4830791.0000,3
2020-12-01,20201201113000000,sz.002849,14.2500,14.3200,14.2000,14.2500,213000,3039667.0000,3
2020-12-01,20201201140000000,sz.002849,14.2500,14.3000,14.2400,14.2800,181250,2587345.0000,3
2020-12-01,20201201150000000,sz.002849,14.2800,14.3000,14.2400,14.2500,190050,2712791.0000,3
2020-12-02,20201202103000000,sz.002849,14.2500,14.4600,14.1200,14.1300,444950,6323668.0000,3
2020-12-02,20201202113000000,sz.002849,14.1300,14.1500,14.0800,14.1200,202665,2859162.0000,3
2020-12-02,20201202140000000,sz.002849,14.1200,14.1300,14.0800,14.0900,144300,2034840.0000,3
2020-12-02,20201202150000000,sz.002849,14.0900,14.1300,14.0700,14.0800,315750,4449970.0000,3
2020-12-03,20201203103000000,sz.002849,14.1500,14.3000,14.0700,14.2900,502202,7124845.0000,3
2020-12-03,20201203113000000,sz.002849,14.2900,14.3000,14.2100,14.2700,215200,3070211.0000,3
2020-12-03,20201203140000000,sz.002849,14.2700,14.3600,14.2500,14.2600,185340,2649737.0000,3
2020-12-03,20201203150000000,sz.002849,14.2600,14.4000,14.2500,14.4000,481300,6909299.0000,3
2020-12-04,20201204103000000,sz.002849,14.3700,14.3800,14.1900,14.2800,470450,6706621.0000,3
2020-12-04,20201204113000000,sz.002849,14.2800,14.2800,14.2200,14.2700,174750,2490814.0000,3
2020-12-04,20201204140000000,sz.002849,14.2700,14.3900,14.2300,14.2700,255950,3658461.0000,3
2020-12-04,20201204150000000,sz.002849,14.2700,14.3300,14.2300,14.2500,203100,2896895.0000,3
2020-12-07,20201207103000000,sz.002849,14.2200,14.3900,14.0800,14.1800,363050,5142541.0000,3
2020-12-07,20201207113000000,sz.002849,14.1800,14.1800,14.1200,14.1400,118350,1672808.0000,3
2020-12-07,20201207140000000,sz.002849,14.1400,14.1400,14.1000,14.1300,144100,2035060.0000,3
2020-12-07,20201207150000000,sz.002849,14.1300,14.1300,13.9800,14.0000,560685,7873951.0000,3
2020-12-08,20201208103000000,sz.002849,14.0800,14.1400,14.0500,14.1200,275000,3876403.0000,3
2020-12-08,20201208113000000,sz.002849,14.1200,14.1400,14.0500,14.0800,227500,3209076.0000,3
2020-12-08,20201208140000000,sz.002849,14.0800,14.2300,14.0800,14.2000,195915,2770651.0000,3
2020-12-08,20201208150000000,sz.002849,14.2000,14.2300,14.0900,14.0900,179100,2535910.0000,3
2020-12-09,20201209103000000,sz.002849,14.1900,14.1900,14.0200,14.0800,248150,3495203.0000,3
2020-12-09,20201209113000000,sz.002849,14.0800,14.1100,14.0500,14.0900,177300,2496078.0000,3
2020-12-09,20201209140000000,sz.002849,14.0900,14.0900,13.9500,13.9700,203800,2852957.0000,3
2020-12-09,20201209150000000,sz.002849,13.9700,14.0400,13.8300,13.8300,382350,5317465.0000,3
2020-12-10,20201210103000000,sz.002849,13.8000,13.8200,13.6600,13.7200,342300,4696635.0000,3
2020-12-10,20201210113000000,sz.002849,13.7200,13.7900,13.6400,13.7100,192500,2638175.0000,3
2020-12-10,20201210140000000,sz.002849,13.7100,13.7500,13.5600,13.5600,217100,2964865.0000,3
2020-12-10,20201210150000000,sz.002849,13.5600,13.5900,12.8900,13.4600,637350,8578581.0000,3
2020-12-11,20201211103000000,sz.002849,13.5300,13.5300,13.2000,13.2800,442900,5908713.0000,3
2020-12-11,20201211113000000,sz.002849,13.2800,13.3000,13.1200,13.2000,190350,2508652.0000,3
2020-12-11,20201211140000000,sz.002849,13.1900,13.2500,13.0700,13.0700,116950,1538675.0000,3
2020-12-11,20201211150000000,sz.002849,13.0600,13.1600,13.0000,13.1400,343400,4484975.0000,3
2020-12-14,20201214103000000,sz.002849,13.1500,13.3600,13.0500,13.2100,275400,3638061.0000,3
2020-12-14,20201214113000000,sz.002849,13.2200,13.2600,13.0800,13.1600,106200,1399160.0000,3
2020-12-14,20201214140000000,sz.002849,13.1700,13.2300,13.1100,13.1200,110400,1454192.0000,3
2020-12-14,20201214150000000,sz.002849,13.1300,13.2700,13.1300,13.2100,148550,1958895.0000,3
2020-12-15,20201215103000000,sz.002849,13.2100,13.3200,13.1500,13.3000,172900,2286681.0000,3
2020-12-15,20201215113000000,sz.002849,13.3000,13.3000,13.1500,13.1800,74900,989679.0000,3
2020-12-15,20201215140000000,sz.002849,13.1800,13.3400,13.1600,13.3200,153950,2043356.0000,3
2020-12-15,20201215150000000,sz.002849,13.3200,13.3300,13.0600,13.2900,227500,3022258.0000,3
2020-12-16,20201216103000000,sz.002849,13.2300,13.2900,12.8600,12.9000,427750,5561765.0000,3
2020-12-16,20201216113000000,sz.002849,12.9000,12.9700,12.8800,12.9400,243700,3149522.0000,3
2020-12-16,20201216140000000,sz.002849,12.9400,12.9800,12.8800,12.9000,197850,2553933.0000,3
2020-12-16,20201216150000000,sz.002849,12.9000,12.9300,12.7300,12.8000,288900,3714189.0000,3
2020-12-17,20201217103000000,sz.002849,12.7500,12.8000,12.4200,12.4900,350600,4409522.0000,3
2020-12-17,20201217113000000,sz.002849,12.4900,12.7800,12.4900,12.7300,272200,3429390.0000,3
2020-12-17,20201217140000000,sz.002849,12.7300,12.8800,12.7000,12.8200,153100,1963408.0000,3
2020-12-17,20201217150000000,sz.002849,12.8300,12.8900,12.8000,12.8000,175300,2249389.0000,3
2020-12-18,20201218103000000,sz.002849,12.8000,12.9200,12.7200,12.7300,226500,2908093.0000,3
2020-12-18,20201218113000000,sz.002849,12.7300,12.8600,12.7100,12.7600,123900,1579856.0000,3
2020-12-18,20201218140000000,sz.002849,12.7500,12.7800,12.6400,12.6800,179300,2275419.0000,3
2020-12-18,20201218150000000,sz.002849,12.6800,12.7300,12.6500,12.6700,209500,2656675.0000,3
2020-12-21,20201221103000000,sz.002849,12.7200,12.8900,12.5600,12.8800,425400,5441797.0000,3
2020-12-21,20201221113000000,sz.002849,12.8800,12.9100,12.8100,12.8800,186900,2407911.0000,3
2020-12-21,20201221140000000,sz.002849,12.8800,12.9100,12.8100,12.8200,65100,836521.0000,3
2020-12-21,20201221150000000,sz.002849,12.8200,12.8800,12.8100,12.8800,185200,2379217.0000,3
2020-12-22,20201222103000000,sz.002849,12.6800,12.8600,12.5800,12.5800,430300,5438293.0000,3
2020-12-22,20201222113000000,sz.002849,12.5900,12.7000,12.5800,12.6100,169600,2140898.0000,3
2020-12-22,20201222140000000,sz.002849,12.6100,12.6300,12.3600,12.3700,496300,6187345.0000,3
2020-12-22,20201222150000000,sz.002849,12.3700,12.4300,12.2600,12.3800,474700,5860275.0000,3
2020-12-23,20201223103000000,sz.002849,12.4400,12.6000,12.3200,12.5600,451700,5649963.0000,3
2020-12-23,20201223113000000,sz.002849,12.5600,12.6500,12.5000,12.5600,195100,2453482.0000,3
2020-12-23,20201223140000000,sz.002849,12.5600,12.5600,12.4300,12.4600,154500,1928710.0000,3
2020-12-23,20201223150000000,sz.002849,12.4600,12.5500,12.4500,12.4800,100750,1258619.0000,3
2020-12-24,20201224103000000,sz.002849,12.4800,12.5200,12.2300,12.3600,212700,2637301.0000,3
2020-12-24,20201224113000000,sz.002849,12.3600,12.3600,12.2500,12.2700,192300,2363040.0000,3
2020-12-24,20201224140000000,sz.002849,12.3400,12.3400,12.1700,12.1800,246000,3008779.0000,3
2020-12-24,20201224150000000,sz.002849,12.2000,12.2000,12.1100,12.1300,342400,4160719.0000,3
2020-12-25,20201225103000000,sz.002849,12.0100,12.3600,12.0000,12.1700,339200,4134254.0000,3
2020-12-25,20201225113000000,sz.002849,12.1700,12.3400,12.1700,12.3300,106650,1306918.0000,3
2020-12-25,20201225140000000,sz.002849,12.3300,12.3500,12.2000,12.2300,178650,2194320.0000,3
2020-12-25,20201225150000000,sz.002849,12.2300,12.4000,12.1900,12.3400,346250,4260630.0000,3
2020-12-28,20201228103000000,sz.002849,12.4100,12.4100,11.9000,12.1100,648200,7826355.0000,3
2020-12-28,20201228113000000,sz.002849,12.1100,12.2800,12.0800,12.2300,191000,2324912.0000,3
2020-12-28,20201228140000000,sz.002849,12.2400,12.2400,12.1300,12.1900,136000,1654630.0000,3
2020-12-28,20201228150000000,sz.002849,12.1900,12.2300,12.0000,12.0200,574900,6971122.0000,3
2020-12-29,20201229103000000,sz.002849,11.9700,12.1900,11.9600,12.1000,213900,2586165.0000,3
2020-12-29,20201229113000000,sz.002849,12.1100,12.2400,12.0800,12.1000,246100,2990561.0000,3
2020-12-29,20201229140000000,sz.002849,12.1000,12.1800,12.0500,12.0500,94900,1145529.0000,3
2020-12-29,20201229150000000,sz.002849,12.0500,12.1300,11.9900,12.0100,181100,2177803.0000,3
2020-12-30,20201230103000000,sz.002849,12.0100,12.0600,11.8300,11.9200,379150,4511877.0000,3
2020-12-30,20201230113000000,sz.002849,11.9200,12.0000,11.8800,11.9900,180500,2154464.0000,3
2020-12-30,20201230140000000,sz.002849,11.9900,11.9900,11.8300,11.8600,226000,2689543.0000,3
2020-12-30,20201230150000000,sz.002849,11.8600,11.9700,11.8400,11.8600,174047,2069603.0000,3
2020-12-31,20201231103000000,sz.002849,11.8200,12.2100,11.8200,12.1600,646050,7809912.0000,3
2020-12-31,20201231113000000,sz.002849,12.1600,12.1600,12.0400,12.0400,118100,1427923.0000,3
2020-12-31,20201231140000000,sz.002849,12.0400,12.1200,12.0300,12.0900,139800,1688245.0000,3
2020-12-31,20201231150000000,sz.002849,12.0900,12.1400,12.0600,12.0800,145150,1755622.0000,3
