date,time,code,open,high,low,close,volume,amount,adjustflag
2020-01-02,20200102103000000,sz.002732,22.0000,22.3800,21.9500,21.9900,958600,21161117.0000,3
2020-01-02,20200102113000000,sz.002732,21.9900,22.0400,21.9000,21.9700,678846,14917656.0000,3
2020-01-02,20200102140000000,sz.002732,21.9700,22.1500,21.9500,22.1000,459600,10145045.0000,3
2020-01-02,20200102150000000,sz.002732,22.1000,22.1800,22.0500,22.1300,772200,17085946.0000,3
2020-01-03,20200103103000000,sz.002732,22.1300,22.2200,21.9800,22.1100,554000,12224586.0000,3
2020-01-03,20200103113000000,sz.002732,22.1100,22.1300,21.8000,21.8200,796800,17488663.0000,3
2020-01-03,20200103140000000,sz.002732,21.8200,21.9500,21.7500,21.9000,558000,12191475.0000,3
2020-01-03,20200103150000000,sz.002732,21.9000,22.1100,21.8800,22.0000,660500,14527261.0000,3
2020-01-06,20200106103000000,sz.002732,21.9300,22.0700,21.7800,21.9600,513500,11263266.0000,3
2020-01-06,20200106113000000,sz.002732,21.9500,22.1000,21.9100,22.0900,426000,9372600.0000,3
2020-01-06,20200106140000000,sz.002732,22.1100,22.1700,21.9900,22.0500,619800,13678861.0000,3
2020-01-06,20200106150000000,sz.002732,22.0500,22.0900,21.8900,22.0300,389800,8566097.0000,3
2020-01-07,20200107103000000,sz.002732,22.0200,22.3600,22.0000,22.2500,1484284,32999606.0000,3
2020-01-07,20200107113000000,sz.002732,22.2500,22.2600,22.0800,22.2000,384500,8523504.0000,3
2020-01-07,20200107140000000,sz.002732,22.2000,22.2900,22.1600,22.2700,312436,6949748.0000,3
2020-01-07,20200107150000000,sz.002732,22.2700,22.3500,22.2600,22.3500,647500,14447290.0000,3
2020-01-08,20200108103000000,sz.002732,22.3300,22.3900,22.1500,22.2500,732864,16310569.0000,3
2020-01-08,20200108113000000,sz.002732,22.2600,22.4100,22.2500,22.3700,344500,7692415.0000,3
2020-01-08,20200108140000000,sz.002732,22.3500,22.3700,22.1500,22.1500,505400,11248466.0000,3
2020-01-08,20200108150000000,sz.002732,22.1500,22.1900,21.9500,22.0600,550400,12145935.0000,3
2020-01-09,20200109103000000,sz.002732,22.2000,22.4600,22.2000,22.3100,794828,17748085.0000,3
2020-01-09,20200109113000000,sz.002732,22.3100,22.3500,22.2100,22.2100,313600,6985426.0000,3
2020-01-09,20200109140000000,sz.002732,22.2600,22.5000,22.2000,22.3900,811600,18131389.0000,3
2020-01-09,20200109150000000,sz.002732,22.3900,22.6600,22.3400,22.6600,927498,20848441.0000,3
2020-01-10,20200110103000000,sz.002732,22.6900,22.8700,22.4000,22.4100,1074600,24290382.0000,3
2020-01-10,20200110113000000,sz.002732,22.4100,22.5800,22.3400,22.5100,413689,9279035.0000,3
2020-01-10,20200110140000000,sz.002732,22.5100,22.5800,22.4300,22.4800,347719,7822665.0000,3
2020-01-10,20200110150000000,sz.002732,22.5100,22.7900,22.5100,22.7800,717300,16274517.0000,3
2020-01-13,20200113103000000,sz.002732,22.7000,23.7700,22.6800,23.4200,2288939,53123082.0000,3
2020-01-13,20200113113000000,sz.002732,23.4200,23.4700,23.1800,23.3000,660000,15381209.0000,3
2020-01-13,20200113140000000,sz.002732,23.3000,23.3400,23.1300,23.1500,583300,13545956.0000,3
2020-01-13,20200113150000000,sz.002732,23.1500,23.2000,23.0400,23.1000,612529,14156765.0000,3
2020-01-14,20200114103000000,sz.002732,23.3600,23.5100,22.9200,23.3100,1313629,30596489.0000,3
2020-01-14,20200114113000000,sz.002732,23.3100,23.3400,23.0700,23.1000,451871,10476262.0000,3
2020-01-14,20200114140000000,sz.002732,23.1200,23.3700,23.1000,23.2100,632000,14694540.0000,3
2020-01-14,20200114150000000,sz.002732,23.2100,23.3600,23.2000,23.3200,631033,14684281.0000,3
2020-01-15,20200115103000000,sz.002732,23.2000,23.6200,23.2000,23.4200,938600,21967826.0000,3
2020-01-15,20200115113000000,sz.002732,23.4200,23.4700,23.3000,23.4500,319600,7477313.0000,3
2020-01-15,20200115140000000,sz.002732,23.4500,23.5800,23.4100,23.5600,486800,11448161.0000,3
2020-01-15,20200115150000000,sz.002732,23.5600,23.7600,23.5200,23.7100,966000,22841522.0000,3
2020-01-16,20200116103000000,sz.002732,24.0000,24.0000,23.3900,23.5400,870500,20529470.0000,3
2020-01-16,20200116113000000,sz.002732,23.5400,23.6000,23.4900,23.6000,192000,4516084.0000,3
2020-01-16,20200116140000000,sz.002732,23.6000,23.7700,23.5800,23.6600,452300,10705472.0000,3
2020-01-16,20200116150000000,sz.002732,23.6600,23.6700,23.3400,23.3800,785846,18417316.0000,3
2020-01-17,20200117103000000,sz.002732,23.3800,23.6800,23.2200,23.3300,914600,21402821.0000,3
2020-01-17,20200117113000000,sz.002732,23.3600,23.4000,22.9500,22.9600,957393,22171856.0000,3
2020-01-17,20200117140000000,sz.002732,22.9000,23.2800,22.9000,23.2400,552329,12781406.0000,3
2020-01-17,20200117150000000,sz.002732,23.2400,23.2600,23.1600,23.2100,433300,10057379.0000,3
2020-01-20,20200120103000000,sz.002732,23.0800,23.2800,22.8400,22.9300,750400,17262041.0000,3
2020-01-20,20200120113000000,sz.002732,22.9300,23.0000,22.8600,22.8900,464600,10643203.0000,3
2020-01-20,20200120140000000,sz.002732,22.8900,23.0900,22.8900,23.0000,515600,11839017.0000,3
2020-01-20,20200120150000000,sz.002732,22.9600,23.0700,22.9200,23.0400,455319,10475423.0000,3
2020-01-21,20200121103000000,sz.002732,23.0400,23.1400,22.5000,22.5300,948100,21577521.0000,3
2020-01-21,20200121113000000,sz.002732,22.5300,22.7400,22.4200,22.6800,530000,11941852.0000,3
2020-01-21,20200121140000000,sz.002732,22.6800,22.6800,22.5200,22.5700,237594,5370960.0000,3
2020-01-21,20200121150000000,sz.002732,22.5700,22.6700,22.4900,22.5000,375700,8472025.0000,3
2020-01-22,20200122103000000,sz.002732,22.4000,22.4000,21.4100,21.7100,1485700,32209354.0000,3
2020-01-22,20200122113000000,sz.002732,21.7000,21.8100,21.5700,21.8100,502500,10911331.0000,3
2020-01-22,20200122140000000,sz.002732,21.8100,22.0000,21.7400,21.9000,459100,10031745.0000,3
2020-01-22,20200122150000000,sz.002732,21.9100,22.0300,21.8300,21.8800,555400,12177354.0000,3
2020-01-23,20200123103000000,sz.002732,21.6100,21.7800,21.2700,21.3400,975800,20980425.0000,3
2020-01-23,20200123113000000,sz.002732,21.3400,21.3500,21.0200,21.1300,1189700,25193772.0000,3
2020-01-23,20200123140000000,sz.002732,21.1300,21.1300,19.8000,20.7600,1098400,22766165.0000,3
2020-01-23,20200123150000000,sz.002732,20.8000,21.0000,20.6100,20.7900,462700,9626643.0000,3
2020-02-03,20200203103000000,sz.002732,18.7100,19.0200,18.7100,18.7100,1184400,22166681.0000,3
2020-02-03,20200203113000000,sz.002732,18.7100,18.7100,18.7100,18.7100,22800,426588.0000,3
2020-02-03,20200203140000000,sz.002732,18.7100,18.7100,18.7100,18.7100,31300,585623.0000,3
2020-02-03,20200203150000000,sz.002732,18.7100,18.7100,18.7100,18.7100,115400,2159134.0000,3
2020-02-04,20200204103000000,sz.002732,17.0100,19.4500,17.0100,18.8000,1938547,35382411.0000,3
2020-02-04,20200204113000000,sz.002732,18.8000,19.0000,18.5300,19.0000,699400,13113626.0000,3
2020-02-04,20200204140000000,sz.002732,18.9900,19.0900,18.8800,18.9500,506615,9621116.0000,3
2020-02-04,20200204150000000,sz.002732,18.9800,19.1600,18.8500,18.9000,436468,8294808.0000,3
2020-02-05,20200205103000000,sz.002732,18.9900,19.3500,18.8400,19.2700,745868,14268967.0000,3
2020-02-05,20200205113000000,sz.002732,19.2700,19.3100,19.0400,19.1100,590900,11329321.0000,3
2020-02-05,20200205140000000,sz.002732,19.1400,19.1400,18.7800,18.7900,698100,13216389.0000,3
2020-02-05,20200205150000000,sz.002732,18.7900,18.9100,18.6000,18.8700,630800,11852492.0000,3
2020-02-06,20200206103000000,sz.002732,18.8700,18.9900,18.6300,18.9700,617300,11605651.0000,3
2020-02-06,20200206113000000,sz.002732,18.9700,19.1800,18.9200,19.0500,539768,10278435.0000,3
2020-02-06,20200206140000000,sz.002732,19.0500,19.2800,19.0200,19.2800,503100,9634847.0000,3
2020-02-06,20200206150000000,sz.002732,19.2800,19.3500,19.1300,19.2300,536700,10321165.0000,3
2020-02-07,20200207103000000,sz.002732,19.3400,19.3400,19.0600,19.2000,567636,10878623.0000,3
2020-02-07,20200207113000000,sz.002732,19.1900,19.2200,18.9900,19.1900,521300,9949944.0000,3
2020-02-07,20200207140000000,sz.002732,19.1900,19.3500,19.1600,19.2700,377000,7263206.0000,3
2020-02-07,20200207150000000,sz.002732,19.2700,19.5100,19.2600,19.4100,472000,9151849.0000,3
2020-02-10,20200210103000000,sz.002732,19.3600,19.4300,19.1600,19.3600,950100,18302606.0000,3
2020-02-10,20200210113000000,sz.002732,19.3700,19.5300,19.3100,19.4500,435800,8459490.0000,3
2020-02-10,20200210140000000,sz.002732,19.4300,19.5200,19.3200,19.5100,467161,9077371.0000,3
2020-02-10,20200210150000000,sz.002732,19.5100,19.7600,19.5100,19.6700,617400,12132854.0000,3
2020-02-11,20200211103000000,sz.002732,19.7600,19.7600,19.4700,19.6000,698461,13698143.0000,3
2020-02-11,20200211113000000,sz.002732,19.6000,19.6300,19.4500,19.4800,435600,8504481.0000,3
2020-02-11,20200211140000000,sz.002732,19.4800,19.6200,19.4700,19.5400,321100,6275044.0000,3
2020-02-11,20200211150000000,sz.002732,19.5400,19.6000,19.4500,19.5000,532700,10401222.0000,3
2020-02-12,20200212103000000,sz.002732,19.4400,19.6500,19.4400,19.6400,369700,7234534.0000,3
2020-02-12,20200212113000000,sz.002732,19.6400,19.6400,19.4400,19.5700,216400,4225554.0000,3
2020-02-12,20200212140000000,sz.002732,19.5700,19.7000,19.5000,19.6600,404100,7922721.0000,3
2020-02-12,20200212150000000,sz.002732,19.6300,19.6900,19.6000,19.6500,286600,5629746.0000,3
2020-02-13,20200213103000000,sz.002732,19.5500,19.6800,19.3700,19.4400,627547,12228792.0000,3
2020-02-13,20200213113000000,sz.002732,19.4300,19.5900,19.4000,19.4900,333200,6493017.0000,3
2020-02-13,20200213140000000,sz.002732,19.4900,19.4900,19.4000,19.4300,310100,6026397.0000,3
2020-02-13,20200213150000000,sz.002732,19.4200,19.4900,19.3600,19.3600,264171,5126525.0000,3
2020-02-14,20200214103000000,sz.002732,19.2600,19.4000,19.2600,19.3100,292800,5660511.0000,3
2020-02-14,20200214113000000,sz.002732,19.3100,19.3900,19.3000,19.3600,229700,4445306.0000,3
2020-02-14,20200214140000000,sz.002732,19.3600,19.3800,19.2400,19.2600,235800,4553583.0000,3
2020-02-14,20200214150000000,sz.002732,19.2600,19.2900,19.1400,19.2800,383100,7360706.0000,3
2020-02-17,20200217103000000,sz.002732,19.4000,19.7500,19.2300,19.7300,952908,18624356.0000,3
2020-02-17,20200217113000000,sz.002732,19.7300,19.8800,19.7200,19.8300,567300,11241795.0000,3
2020-02-17,20200217140000000,sz.002732,19.8300,19.8900,19.7200,19.7700,573610,11346282.0000,3
2020-02-17,20200217150000000,sz.002732,19.7500,19.9000,19.7300,19.9000,556300,11026550.0000,3
2020-02-18,20200218103000000,sz.002732,20.2300,20.4000,20.0500,20.1100,1291700,26067971.0000,3
2020-02-18,20200218113000000,sz.002732,20.1100,20.1100,19.7500,19.8000,660200,13142617.0000,3
2020-02-18,20200218140000000,sz.002732,19.7900,20.1700,19.7900,20.1500,383978,7688010.0000,3
2020-02-18,20200218150000000,sz.002732,20.1500,20.1800,20.0000,20.1200,408700,8207749.0000,3
2020-02-19,20200219103000000,sz.002732,20.2700,20.2700,19.9500,20.0400,535100,10734775.0000,3
2020-02-19,20200219113000000,sz.002732,20.0400,20.0700,19.9900,20.0500,331300,6635057.0000,3
2020-02-19,20200219140000000,sz.002732,20.0400,20.3400,20.0400,20.3200,487800,9847913.0000,3
2020-02-19,20200219150000000,sz.002732,20.3200,20.4500,20.1600,20.3300,937536,19045189.0000,3
2020-02-20,20200220103000000,sz.002732,20.3300,20.8000,20.2600,20.8000,1029830,21121528.0000,3
2020-02-20,20200220113000000,sz.002732,20.7900,20.8400,20.6300,20.6700,446000,9245539.0000,3
2020-02-20,20200220140000000,sz.002732,20.6700,20.7800,20.6700,20.7200,322700,6685306.0000,3
2020-02-20,20200220150000000,sz.002732,20.7200,20.7400,20.5500,20.7200,549300,11355639.0000,3
2020-02-21,20200221103000000,sz.002732,20.8400,20.8400,20.4400,20.5500,888600,18290039.0000,3
2020-02-21,20200221113000000,sz.002732,20.5500,20.6400,20.5300,20.5900,272000,5596331.0000,3
2020-02-21,20200221140000000,sz.002732,20.5900,20.6800,20.5200,20.5600,460300,9480108.0000,3
2020-02-21,20200221150000000,sz.002732,20.5600,20.6200,20.5300,20.5600,387500,7965825.0000,3
2020-02-24,20200224103000000,sz.002732,20.5000,20.5000,20.2300,20.3200,738628,15020324.0000,3
2020-02-24,20200224113000000,sz.002732,20.3200,20.4500,20.3200,20.4000,386930,7883559.0000,3
2020-02-24,20200224140000000,sz.002732,20.4000,20.4800,20.3500,20.4400,321658,6565604.0000,3
2020-02-24,20200224150000000,sz.002732,20.4400,20.6000,20.4300,20.4600,406393,8332901.0000,3
2020-02-25,20200225103000000,sz.002732,20.0100,20.2700,19.8000,20.1200,853800,17110850.0000,3
2020-02-25,20200225113000000,sz.002732,20.0800,20.1400,19.6100,19.8000,764179,15159105.0000,3
2020-02-25,20200225140000000,sz.002732,19.8000,19.9600,19.7600,19.9600,319300,6346835.0000,3
2020-02-25,20200225150000000,sz.002732,19.9600,20.1900,19.9500,20.1700,376900,7571500.0000,3
2020-02-26,20200226103000000,sz.002732,19.9100,20.0700,19.7300,20.0200,836920,16642498.0000,3
2020-02-26,20200226113000000,sz.002732,20.0200,20.2700,19.8800,20.1800,290300,5809763.0000,3
2020-02-26,20200226140000000,sz.002732,20.1800,20.2400,20.0300,20.0400,258300,5207575.0000,3
2020-02-26,20200226150000000,sz.002732,20.0400,20.1100,19.8500,19.9000,534628,10656409.0000,3
2020-02-27,20200227103000000,sz.002732,20.1000,20.3600,19.9500,20.1600,621600,12549818.0000,3
2020-02-27,20200227113000000,sz.002732,20.1600,20.4700,20.1600,20.4700,546300,11096572.0000,3
2020-02-27,20200227140000000,sz.002732,20.4800,20.6000,20.3600,20.4500,523800,10711986.0000,3
2020-02-27,20200227150000000,sz.002732,20.4500,20.4500,20.3000,20.3700,412718,8406325.0000,3
2020-02-28,20200228103000000,sz.002732,20.0000,20.0900,19.5000,19.5000,1364000,27007962.0000,3
2020-02-28,20200228113000000,sz.002732,19.4800,19.5900,19.2500,19.2700,559500,10871473.0000,3
2020-02-28,20200228140000000,sz.002732,19.2700,19.3500,19.0700,19.2500,341900,6572547.0000,3
2020-02-28,20200228150000000,sz.002732,19.2400,19.3100,18.7000,19.0400,694521,13240629.0000,3
2020-03-02,20200302103000000,sz.002732,19.1500,19.5400,19.1500,19.4300,1019130,19741978.0000,3
2020-03-02,20200302113000000,sz.002732,19.4300,19.6000,19.4300,19.6000,295200,5762354.0000,3
2020-03-02,20200302140000000,sz.002732,19.6000,19.6700,19.4500,19.5400,768800,15006041.0000,3
2020-03-02,20200302150000000,sz.002732,19.5400,19.6400,19.5200,19.6000,442428,8662224.0000,3
2020-03-03,20200303103000000,sz.002732,19.7700,19.9500,19.6200,19.8900,942019,18662114.0000,3
2020-03-03,20200303113000000,sz.002732,19.8900,19.9500,19.8800,19.8800,431700,8595082.0000,3
2020-03-03,20200303140000000,sz.002732,19.8800,19.9200,19.6600,19.7000,435000,8610897.0000,3
2020-03-03,20200303150000000,sz.002732,19.6900,19.7600,19.5800,19.7300,359999,7083466.0000,3
2020-03-04,20200304103000000,sz.002732,19.5200,19.7100,19.5200,19.6800,400900,7864311.0000,3
2020-03-04,20200304113000000,sz.002732,19.6800,19.6900,19.5000,19.5900,327100,6404015.0000,3
2020-03-04,20200304140000000,sz.002732,19.6200,19.6400,19.4300,19.5100,308300,6018990.0000,3
2020-03-04,20200304150000000,sz.002732,19.5100,19.8000,19.4800,19.8000,439940,8651317.0000,3
2020-03-05,20200305103000000,sz.002732,19.9800,20.1800,19.9000,20.1500,799000,15969712.0000,3
2020-03-05,20200305113000000,sz.002732,20.1500,20.6200,20.1000,20.4900,1380929,28118747.0000,3
2020-03-05,20200305140000000,sz.002732,20.4900,20.7200,20.3700,20.4600,1278578,26269984.0000,3
2020-03-05,20200305150000000,sz.002732,20.4600,20.5000,20.4100,20.4600,608000,12440831.0000,3
2020-03-06,20200306103000000,sz.002732,20.3200,20.8700,20.1600,20.7400,1959500,40474555.0000,3
2020-03-06,20200306113000000,sz.002732,20.7300,20.7800,20.5800,20.7000,385300,7976168.0000,3
2020-03-06,20200306140000000,sz.002732,20.7000,20.7400,20.5700,20.6900,501400,10364832.0000,3
2020-03-06,20200306150000000,sz.002732,20.6900,20.7100,20.5900,20.7100,587486,12131263.0000,3
2020-03-09,20200309103000000,sz.002732,20.2300,20.6900,20.0200,20.0900,1176700,23793824.0000,3
2020-03-09,20200309113000000,sz.002732,20.0900,20.1300,19.8900,19.9000,715745,14321666.0000,3
2020-03-09,20200309140000000,sz.002732,19.9000,19.9800,19.6600,19.9800,480000,9501816.0000,3
2020-03-09,20200309150000000,sz.002732,19.9800,19.9800,19.6600,19.7100,620000,12245032.0000,3
2020-03-10,20200310103000000,sz.002732,19.7000,19.9800,19.3100,19.5300,873400,17137396.0000,3
2020-03-10,20200310113000000,sz.002732,19.5300,19.8000,19.3100,19.7300,385116,7510038.0000,3
2020-03-10,20200310140000000,sz.002732,19.7300,19.9600,19.7300,19.8500,539217,10718728.0000,3
2020-03-10,20200310150000000,sz.002732,19.8400,20.0900,19.8400,20.0900,474100,9466515.0000,3
2020-03-11,20200311103000000,sz.002732,20.1200,20.1200,19.9000,20.0500,804428,16099637.0000,3
2020-03-11,20200311113000000,sz.002732,20.0500,20.1300,19.9700,20.0800,364893,7312103.0000,3
2020-03-11,20200311140000000,sz.002732,20.0800,20.1000,19.8500,19.8800,368500,7344232.0000,3
2020-03-11,20200311150000000,sz.002732,19.8700,19.9100,19.7300,19.7500,309200,6129770.0000,3
2020-03-12,20200312103000000,sz.002732,19.4100,19.5400,19.2700,19.3100,787344,15253863.0000,3
2020-03-12,20200312113000000,sz.002732,19.3100,19.4400,19.2900,19.3300,213600,4131015.0000,3
2020-03-12,20200312140000000,sz.002732,19.3300,19.3800,19.1400,19.2300,357100,6867996.0000,3
2020-03-12,20200312150000000,sz.002732,19.2300,19.2300,19.0300,19.1800,497719,9520581.0000,3
2020-03-13,20200313103000000,sz.002732,18.2200,18.5000,18.1600,18.4900,924071,16941018.0000,3
2020-03-13,20200313113000000,sz.002732,18.4900,18.6000,18.3700,18.3700,341400,6316383.0000,3
2020-03-13,20200313140000000,sz.002732,18.3600,19.0800,18.3600,18.8200,450700,8487183.0000,3
2020-03-13,20200313150000000,sz.002732,18.8200,18.9600,18.7600,18.9600,256658,4839261.0000,3
2020-03-16,20200316103000000,sz.002732,19.0000,19.0000,18.5100,18.6000,487500,9146143.0000,3
2020-03-16,20200316113000000,sz.002732,18.6000,18.8500,18.5700,18.8000,257500,4821485.0000,3
2020-03-16,20200316140000000,sz.002732,18.8000,18.8100,18.4200,18.4500,357400,6627175.0000,3
2020-03-16,20200316150000000,sz.002732,18.4500,18.5600,18.1500,18.5000,551300,10093774.0000,3
2020-03-17,20200317103000000,sz.002732,18.4500,18.6200,17.9900,18.0900,748500,13635684.0000,3
2020-03-17,20200317113000000,sz.002732,18.0900,18.3200,18.0600,18.3200,214900,3911449.0000,3
2020-03-17,20200317140000000,sz.002732,18.3200,18.4500,18.2000,18.2000,122117,2232934.0000,3
2020-03-17,20200317150000000,sz.002732,18.2000,18.2600,18.1300,18.2500,202971,3694003.0000,3
2020-03-18,20200318103000000,sz.002732,18.4900,18.5500,18.2800,18.3800,431858,7966601.0000,3
2020-03-18,20200318113000000,sz.002732,18.3800,18.6200,18.3700,18.6000,235471,4353733.0000,3
2020-03-18,20200318140000000,sz.002732,18.6000,18.6000,18.2500,18.2700,208129,3832623.0000,3
2020-03-18,20200318150000000,sz.002732,18.2700,18.3300,18.0000,18.0200,299591,5430681.0000,3
2020-03-19,20200319103000000,sz.002732,18.0000,18.3000,17.8200,18.2500,564900,10190547.0000,3
2020-03-19,20200319113000000,sz.002732,18.2500,18.2500,17.8300,18.0800,362822,6551944.0000,3
2020-03-19,20200319140000000,sz.002732,18.0800,18.2500,17.8900,18.2000,214900,3877655.0000,3
2020-03-19,20200319150000000,sz.002732,18.2000,18.2900,18.1400,18.2400,224707,4091513.0000,3
2020-03-20,20200320103000000,sz.002732,18.2700,18.5400,18.2700,18.3700,505300,9270118.0000,3
2020-03-20,20200320113000000,sz.002732,18.3700,18.3800,18.2300,18.2600,252800,4622933.0000,3
2020-03-20,20200320140000000,sz.002732,18.2600,18.3800,18.2200,18.3600,151249,2767599.0000,3
2020-03-20,20200320150000000,sz.002732,18.3600,18.7000,18.3400,18.7000,720600,13360661.0000,3
2020-03-23,20200323103000000,sz.002732,18.1900,18.6300,18.0800,18.4000,622400,11390761.0000,3
2020-03-23,20200323113000000,sz.002732,18.4000,18.6000,18.3500,18.5700,190600,3522652.0000,3
2020-03-23,20200323140000000,sz.002732,18.5400,18.6800,18.3600,18.3700,288800,5354263.0000,3
2020-03-23,20200323150000000,sz.002732,18.3700,18.5000,18.0200,18.1600,325749,5929619.0000,3
2020-03-24,20200324103000000,sz.002732,18.3700,18.6400,18.3700,18.6100,576100,10681882.0000,3
2020-03-24,20200324113000000,sz.002732,18.6100,18.9500,18.5600,18.9100,739800,13890793.0000,3
2020-03-24,20200324140000000,sz.002732,18.9100,18.9100,18.5300,18.7300,487429,9100613.0000,3
2020-03-24,20200324150000000,sz.002732,18.7300,19.0700,18.6800,19.0200,579707,10966626.0000,3
2020-03-25,20200325103000000,sz.002732,19.3300,19.4600,19.1100,19.3500,859535,16610924.0000,3
2020-03-25,20200325113000000,sz.002732,19.3500,19.9600,19.3000,19.7400,866961,17086356.0000,3
2020-03-25,20200325140000000,sz.002732,19.7800,19.8800,19.6800,19.8200,513200,10153529.0000,3
2020-03-25,20200325150000000,sz.002732,19.7800,19.8700,19.7000,19.8400,698058,13819621.0000,3
2020-03-26,20200326103000000,sz.002732,19.5000,20.1000,19.4200,20.0000,727406,14470580.0000,3
2020-03-26,20200326113000000,sz.002732,19.9900,20.0000,19.6600,19.7500,270994,5369658.0000,3
2020-03-26,20200326140000000,sz.002732,19.7500,19.9800,19.7500,19.8000,262706,5222210.0000,3
2020-03-26,20200326150000000,sz.002732,19.8000,19.9600,19.7500,19.7700,554200,11000708.0000,3
2020-03-27,20200327103000000,sz.002732,20.1400,20.1500,19.7900,20.0400,627900,12546275.0000,3
2020-03-27,20200327113000000,sz.002732,20.0600,20.1000,19.8800,19.9200,259002,5176317.0000,3
2020-03-27,20200327140000000,sz.002732,19.9300,20.0300,19.7500,19.7900,386200,7682534.0000,3
2020-03-27,20200327150000000,sz.002732,19.7900,19.8800,19.7000,19.7100,561300,11102050.0000,3
2020-03-30,20200330103000000,sz.002732,19.6000,20.4000,19.5000,20.1800,1568106,31408599.0000,3
2020-03-30,20200330113000000,sz.002732,20.1800,20.1800,19.6500,19.7900,535100,10643328.0000,3
2020-03-30,20200330140000000,sz.002732,19.7900,19.9900,19.7600,19.8400,391600,7777398.0000,3
2020-03-30,20200330150000000,sz.002732,19.8400,19.9000,19.6500,19.7900,414700,8203035.0000,3
2020-03-31,20200331103000000,sz.002732,19.8000,20.6200,19.8000,20.5900,2116219,43078199.0000,3
2020-03-31,20200331113000000,sz.002732,20.5900,20.7500,20.4200,20.6000,990800,20409462.0000,3
2020-03-31,20200331140000000,sz.002732,20.6100,20.8200,20.5000,20.7000,936524,19359360.0000,3
2020-03-31,20200331150000000,sz.002732,20.7200,20.8600,20.5400,20.8600,1436000,29801531.0000,3
2020-04-01,20200401103000000,sz.002732,20.8000,21.2800,20.1600,20.7800,3001535,61982549.0000,3
2020-04-01,20200401113000000,sz.002732,20.7800,20.8500,20.4900,20.6700,657500,13564668.0000,3
2020-04-01,20200401140000000,sz.002732,20.6700,21.2000,20.4200,20.9000,1262700,26373710.0000,3
2020-04-01,20200401150000000,sz.002732,20.8900,20.8900,20.4000,20.6100,899396,18541009.0000,3
2020-04-02,20200402103000000,sz.002732,20.3000,20.9800,20.2000,20.2000,2234800,45992317.0000,3
2020-04-02,20200402113000000,sz.002732,20.2200,20.3400,20.0700,20.1800,683461,13800701.0000,3
2020-04-02,20200402140000000,sz.002732,20.1700,20.3000,20.0700,20.1600,530919,10704989.0000,3
2020-04-02,20200402150000000,sz.002732,20.1600,20.3800,20.0100,20.3800,984500,19826318.0000,3
2020-04-03,20200403103000000,sz.002732,20.1800,20.7400,20.0800,20.6900,1960500,40090736.0000,3
2020-04-03,20200403113000000,sz.002732,20.6900,20.9400,20.5800,20.7000,1328896,27607052.0000,3
2020-04-03,20200403140000000,sz.002732,20.7500,21.2200,20.6600,20.8400,1389116,29126497.0000,3
2020-04-03,20200403150000000,sz.002732,20.8400,20.9000,20.7000,20.7000,843800,17536257.0000,3
2020-04-07,20200407103000000,sz.002732,20.9500,21.7300,20.7300,21.5800,3270924,69679991.0000,3
2020-04-07,20200407113000000,sz.002732,21.6000,22.2100,21.5200,21.8000,1581900,34670491.0000,3
2020-04-07,20200407140000000,sz.002732,21.8000,21.9900,21.5600,21.8000,671133,14609031.0000,3
2020-04-07,20200407150000000,sz.002732,21.8000,21.9700,21.6000,21.8000,904100,19682154.0000,3
2020-04-08,20200408103000000,sz.002732,21.9100,22.2800,21.4500,21.7400,2290800,49958349.0000,3
2020-04-08,20200408113000000,sz.002732,21.7400,21.7800,21.5400,21.6900,525300,11372507.0000,3
2020-04-08,20200408140000000,sz.002732,21.6500,21.7300,21.3700,21.4800,934828,20083460.0000,3
2020-04-08,20200408150000000,sz.002732,21.5000,21.5600,21.2100,21.4900,1014800,21695968.0000,3
2020-04-09,20200409103000000,sz.002732,21.5100,21.5600,21.0300,21.3900,1513200,32155107.0000,3
2020-04-09,20200409113000000,sz.002732,21.4200,21.7600,21.3900,21.6500,1026771,22181346.0000,3
2020-04-09,20200409140000000,sz.002732,21.6700,21.8300,21.5200,21.6000,947200,20504004.0000,3
2020-04-09,20200409150000000,sz.002732,21.6000,21.7000,21.5400,21.7000,847700,18360078.0000,3
2020-04-10,20200410103000000,sz.002732,21.6400,21.9500,21.4300,21.5300,1167203,25323311.0000,3
2020-04-10,20200410113000000,sz.002732,21.5300,21.6900,21.1100,21.1300,776000,16592932.0000,3
2020-04-10,20200410140000000,sz.002732,21.1200,21.2300,20.8500,21.0000,945900,19895537.0000,3
2020-04-10,20200410150000000,sz.002732,21.0500,21.1000,20.8700,20.9900,654278,13718219.0000,3
2020-04-13,20200413103000000,sz.002732,20.8000,20.8800,20.4600,20.6700,759900,15663791.0000,3
2020-04-13,20200413113000000,sz.002732,20.6700,20.6700,20.4200,20.5900,515800,10592658.0000,3
2020-04-13,20200413140000000,sz.002732,20.5900,20.5900,20.3800,20.4100,450900,9233212.0000,3
2020-04-13,20200413150000000,sz.002732,20.4100,20.4700,20.1900,20.3500,901529,18326850.0000,3
2020-04-14,20200414103000000,sz.002732,20.4800,20.7500,20.3500,20.5600,712600,14645513.0000,3
2020-04-14,20200414113000000,sz.002732,20.5600,20.6100,20.5000,20.6100,185100,3801535.0000,3
2020-04-14,20200414140000000,sz.002732,20.6200,20.7500,20.4900,20.6700,613800,12634115.0000,3
2020-04-14,20200414150000000,sz.002732,20.6800,20.7000,20.5700,20.6800,532500,10984882.0000,3
2020-04-15,20200415103000000,sz.002732,19.8000,19.8900,19.0900,19.2300,3538600,68664726.0000,3
2020-04-15,20200415113000000,sz.002732,19.2300,19.3900,19.2000,19.2900,844725,16296681.0000,3
2020-04-15,20200415140000000,sz.002732,19.2900,19.3800,19.2200,19.2900,745085,14370123.0000,3
2020-04-15,20200415150000000,sz.002732,19.2900,19.3900,19.2000,19.2900,929800,17938754.0000,3
2020-04-16,20200416103000000,sz.002732,19.0900,19.1900,18.7400,18.9900,1912019,36172077.0000,3
2020-04-16,20200416113000000,sz.002732,18.9900,19.1300,18.9700,19.0400,405300,7707573.0000,3
2020-04-16,20200416140000000,sz.002732,19.0400,19.0500,18.8800,19.0400,405000,7686018.0000,3
2020-04-16,20200416150000000,sz.002732,19.0400,19.1500,19.0000,19.1000,395500,7550487.0000,3
2020-04-17,20200417103000000,sz.002732,19.1100,19.3200,19.0600,19.2100,1044100,20061903.0000,3
2020-04-17,20200417113000000,sz.002732,19.2100,19.2600,19.1100,19.1800,253200,4856222.0000,3
2020-04-17,20200417140000000,sz.002732,19.1900,19.2000,19.0300,19.1000,555800,10623221.0000,3
2020-04-17,20200417150000000,sz.002732,19.1000,19.1100,18.9000,19.0000,797433,15147155.0000,3
2020-04-20,20200420103000000,sz.002732,18.7300,19.3300,18.7300,19.0200,1150700,22029527.0000,3
2020-04-20,20200420113000000,sz.002732,19.0200,19.0700,18.9300,18.9700,484885,9215827.0000,3
2020-04-20,20200420140000000,sz.002732,18.9800,19.0100,18.9200,18.9500,503700,9547072.0000,3
2020-04-20,20200420150000000,sz.002732,18.9500,19.0000,18.9100,18.9700,719300,13628829.0000,3
2020-04-21,20200421103000000,sz.002732,18.9500,18.9500,18.6900,18.8100,590000,11080499.0000,3
2020-04-21,20200421113000000,sz.002732,18.8000,18.9800,18.7200,18.9500,332519,6269233.0000,3
2020-04-21,20200421140000000,sz.002732,18.9500,18.9700,18.8500,18.9000,287700,5438550.0000,3
2020-04-21,20200421150000000,sz.002732,18.9000,19.1100,18.8900,18.9900,474800,9034146.0000,3
2020-04-22,20200422103000000,sz.002732,18.9000,19.3100,18.8600,19.1900,1004500,19250083.0000,3
2020-04-22,20200422113000000,sz.002732,19.1900,19.2300,19.0500,19.2300,378900,7251889.0000,3
2020-04-22,20200422140000000,sz.002732,19.2300,19.3700,19.2300,19.3200,523644,10108386.0000,3
2020-04-22,20200422150000000,sz.002732,19.3200,19.5000,19.3000,19.4300,729500,14147619.0000,3
2020-04-23,20200423103000000,sz.002732,19.4900,19.6200,19.3300,19.5400,878900,17133685.0000,3
2020-04-23,20200423113000000,sz.002732,19.5300,19.6000,19.4200,19.5300,386900,7549669.0000,3
2020-04-23,20200423140000000,sz.002732,19.5200,20.2000,19.5200,20.0800,1615700,32156285.0000,3
2020-04-23,20200423150000000,sz.002732,20.0900,20.1100,19.8000,19.8500,735625,14678888.0000,3
2020-04-24,20200424103000000,sz.002732,19.7900,19.8600,19.4500,19.4700,809400,15910352.0000,3
2020-04-24,20200424113000000,sz.002732,19.4700,19.5500,19.4000,19.4000,380300,7404938.0000,3
2020-04-24,20200424140000000,sz.002732,19.4200,19.4300,19.1300,19.2300,557000,10735419.0000,3
2020-04-24,20200424150000000,sz.002732,19.2300,19.2800,19.1100,19.2600,443300,8513578.0000,3
2020-04-27,20200427103000000,sz.002732,19.3600,19.3600,18.9200,19.0200,593125,11296870.0000,3
2020-04-27,20200427113000000,sz.002732,19.0200,19.0800,18.9600,19.0600,285800,5438320.0000,3
2020-04-27,20200427140000000,sz.002732,19.0700,19.1500,19.0500,19.0500,210800,4022642.0000,3
2020-04-27,20200427150000000,sz.002732,19.0500,19.0500,18.9100,18.9100,409500,7769299.0000,3
2020-04-28,20200428103000000,sz.002732,18.9000,18.9500,17.9000,18.2500,1249600,22930468.0000,3
2020-04-28,20200428113000000,sz.002732,18.2500,18.6200,18.2200,18.6000,344000,6362194.0000,3
2020-04-28,20200428140000000,sz.002732,18.6000,18.9200,18.5300,18.9200,290700,5434038.0000,3
2020-04-28,20200428150000000,sz.002732,18.9200,18.9400,18.6600,18.6900,361600,6806996.0000,3
2020-04-29,20200429103000000,sz.002732,18.5100,18.7900,18.5000,18.5400,506555,9419289.0000,3
2020-04-29,20200429113000000,sz.002732,18.5400,18.5400,18.3200,18.3900,449100,8267655.0000,3
2020-04-29,20200429140000000,sz.002732,18.4600,18.4600,18.2000,18.2600,417500,7648407.0000,3
2020-04-29,20200429150000000,sz.002732,18.2600,18.2900,17.9800,18.1000,1151600,20878093.0000,3
2020-04-30,20200430103000000,sz.002732,18.1600,18.2600,18.1100,18.1900,573900,10441633.0000,3
2020-04-30,20200430113000000,sz.002732,18.1900,18.2300,18.1600,18.2200,212700,3870040.0000,3
2020-04-30,20200430140000000,sz.002732,18.2200,18.4400,18.2000,18.4200,492400,9029723.0000,3
2020-04-30,20200430150000000,sz.002732,18.4200,18.5000,18.3900,18.4500,473755,8734159.0000,3
2020-05-06,20200506103000000,sz.002732,18.3000,18.7500,18.2300,18.6200,556800,10310299.0000,3
2020-05-06,20200506113000000,sz.002732,18.6200,18.6500,18.5100,18.5300,216700,4023368.0000,3
2020-05-06,20200506140000000,sz.002732,18.5300,18.5500,18.4800,18.5500,511700,9473891.0000,3
2020-05-06,20200506150000000,sz.002732,18.5300,18.6400,18.4900,18.5900,415622,7707131.0000,3
2020-05-07,20200507103000000,sz.002732,18.6000,18.8100,18.5100,18.8100,428000,7999293.0000,3
2020-05-07,20200507113000000,sz.002732,18.8100,18.8600,18.7500,18.7700,287700,5406698.0000,3
2020-05-07,20200507140000000,sz.002732,18.7700,18.8000,18.6300,18.7400,321300,6011545.0000,3
2020-05-07,20200507150000000,sz.002732,18.7400,18.7500,18.6500,18.7200,361418,6759966.0000,3
2020-05-08,20200508103000000,sz.002732,18.7300,18.8300,18.5000,18.8000,758700,14121117.0000,3
2020-05-08,20200508113000000,sz.002732,18.8100,18.8300,18.7400,18.8100,198400,3728952.0000,3
2020-05-08,20200508140000000,sz.002732,18.8100,18.8600,18.7600,18.7800,358200,6734603.0000,3
2020-05-08,20200508150000000,sz.002732,18.7700,18.7800,18.6900,18.7400,303400,5683333.0000,3
2020-05-11,20200511103000000,sz.002732,18.8000,18.9000,18.6100,18.6300,428300,8031268.0000,3
2020-05-11,20200511113000000,sz.002732,18.6300,18.7100,18.6200,18.6300,179000,3337717.0000,3
2020-05-11,20200511140000000,sz.002732,18.6300,18.6400,18.4700,18.5100,293400,5437051.0000,3
2020-05-11,20200511150000000,sz.002732,18.5000,18.5400,18.4400,18.5400,243500,4502726.0000,3
2020-05-12,20200512103000000,sz.002732,18.5600,18.7200,18.4200,18.6800,406280,7541506.0000,3
2020-05-12,20200512113000000,sz.002732,18.6800,18.6800,18.4700,18.4900,129900,2413403.0000,3
2020-05-12,20200512140000000,sz.002732,18.5000,18.6500,18.4500,18.5300,258100,4777564.0000,3
2020-05-12,20200512150000000,sz.002732,18.5300,18.6400,18.4900,18.6200,318300,5903467.0000,3
2020-05-13,20200513103000000,sz.002732,18.4900,18.7700,18.4100,18.7400,478544,8883047.0000,3
2020-05-13,20200513113000000,sz.002732,18.7500,19.0600,18.7000,18.9300,903200,17058643.0000,3
2020-05-13,20200513140000000,sz.002732,18.9200,19.0500,18.8600,18.9300,612100,11610568.0000,3
2020-05-13,20200513150000000,sz.002732,18.9300,19.2800,18.9100,19.2500,885322,16927861.0000,3
2020-05-14,20200514103000000,sz.002732,19.2000,19.2000,18.8700,18.9100,819344,15593859.0000,3
2020-05-14,20200514113000000,sz.002732,18.9500,19.0000,18.8700,18.9300,203600,3854518.0000,3
2020-05-14,20200514140000000,sz.002732,18.9300,18.9300,18.8200,18.8800,295500,5574028.0000,3
2020-05-14,20200514150000000,sz.002732,18.8800,18.8800,18.6800,18.7200,646267,12110877.0000,3
2020-05-15,20200515103000000,sz.002732,18.7500,18.9400,18.6100,18.7000,555000,10405290.0000,3
2020-05-15,20200515113000000,sz.002732,18.7000,18.7300,18.5500,18.6500,365600,6808261.0000,3
2020-05-15,20200515140000000,sz.002732,18.7000,18.7200,18.5800,18.6300,216000,4028178.0000,3
2020-05-15,20200515150000000,sz.002732,18.6400,18.6500,18.5500,18.5700,325700,6054240.0000,3
2020-05-18,20200518103000000,sz.002732,18.5300,18.8400,18.4000,18.7700,640800,11959161.0000,3
2020-05-18,20200518113000000,sz.002732,18.7700,19.1900,18.7500,19.1500,900667,17089808.0000,3
2020-05-18,20200518140000000,sz.002732,19.1500,19.1700,18.9800,19.0800,448036,8541481.0000,3
2020-05-18,20200518150000000,sz.002732,19.0800,19.2000,18.9400,19.0500,814300,15530078.0000,3
2020-05-19,20200519103000000,sz.002732,19.1000,19.3300,18.9500,19.3300,1006908,19208909.0000,3
2020-05-19,20200519113000000,sz.002732,19.3600,19.3600,19.1600,19.3000,593300,11426227.0000,3
2020-05-19,20200519140000000,sz.002732,19.3200,19.4500,19.1700,19.2500,430900,8309468.0000,3
2020-05-19,20200519150000000,sz.002732,19.2500,19.3500,19.1900,19.2900,758371,14607336.0000,3
2020-05-20,20200520103000000,sz.002732,19.2200,19.4800,19.0700,19.3300,894336,17264980.0000,3
2020-05-20,20200520113000000,sz.002732,19.3300,19.3700,19.1900,19.2300,380300,7324365.0000,3
2020-05-20,20200520140000000,sz.002732,19.2300,19.3000,19.1500,19.1900,327900,6310688.0000,3
2020-05-20,20200520150000000,sz.002732,19.1900,19.1900,19.0000,19.0900,515800,9843672.0000,3
2020-05-21,20200521103000000,sz.002732,19.2000,19.4500,19.1100,19.4200,567100,10909779.0000,3
2020-05-21,20200521113000000,sz.002732,19.4200,19.6700,19.4000,19.5200,792900,15508409.0000,3
2020-05-21,20200521140000000,sz.002732,19.5200,19.5500,19.3200,19.3400,287800,5586373.0000,3
2020-05-21,20200521150000000,sz.002732,19.3400,19.5000,19.2500,19.4000,692680,13434657.0000,3
2020-05-22,20200522103000000,sz.002732,19.2800,19.6400,19.2000,19.5300,679100,13160272.0000,3
2020-05-22,20200522113000000,sz.002732,19.5300,19.5900,19.2800,19.2800,389000,7570596.0000,3
2020-05-22,20200522140000000,sz.002732,19.2900,19.3000,19.0300,19.2700,520700,10001042.0000,3
2020-05-22,20200522150000000,sz.002732,19.2800,19.3800,19.2300,19.3800,257259,4963773.0000,3
2020-05-25,20200525103000000,sz.002732,19.3400,20.2900,19.2000,20.2000,2292700,45702142.0000,3
2020-05-25,20200525113000000,sz.002732,20.2000,20.4800,20.1600,20.4600,1296700,26345638.0000,3
2020-05-25,20200525140000000,sz.002732,20.4800,20.9500,20.2500,20.5500,1184900,24443773.0000,3
2020-05-25,20200525150000000,sz.002732,20.5500,20.6200,20.2500,20.3500,839400,17086194.0000,3
2020-05-26,20200526103000000,sz.002732,20.2100,20.9900,19.9100,20.9000,2562700,52130452.0000,3
2020-05-26,20200526113000000,sz.002732,20.8800,21.2900,20.5100,20.5800,1139800,23763124.0000,3
2020-05-26,20200526140000000,sz.002732,20.6000,20.8500,20.5000,20.6300,558600,11550261.0000,3
2020-05-26,20200526150000000,sz.002732,20.6300,20.7000,20.4500,20.5100,726300,14912422.0000,3
2020-05-27,20200527103000000,sz.002732,20.6600,21.3300,20.4900,21.0800,2725222,57153211.0000,3
2020-05-27,20200527113000000,sz.002732,21.0800,21.4000,21.0300,21.2500,1196500,25457779.0000,3
2020-05-27,20200527140000000,sz.002732,21.2400,21.3000,20.8600,20.9300,732100,15420131.0000,3
2020-05-27,20200527150000000,sz.002732,20.9500,21.2500,20.9500,21.1200,842500,17779000.0000,3
2020-05-28,20200528103000000,sz.002732,20.9000,21.1600,20.6100,21.1600,1830280,38213527.0000,3
2020-05-28,20200528113000000,sz.002732,21.1800,21.3000,20.8000,20.8100,952269,20103725.0000,3
2020-05-28,20200528140000000,sz.002732,20.8100,20.8700,20.5800,20.5800,623700,12930873.0000,3
2020-05-28,20200528150000000,sz.002732,20.5800,21.1200,20.5800,20.8500,1069826,22410908.0000,3
2020-05-29,20200529103000000,sz.002732,20.9000,21.6000,20.7700,21.3300,1678606,35773457.0000,3
2020-05-29,20200529113000000,sz.002732,21.3300,21.7500,21.2500,21.7500,1257083,27109654.0000,3
2020-05-29,20200529140000000,sz.002732,21.7600,22.3100,21.7600,22.1300,2052400,45279168.0000,3
2020-05-29,20200529150000000,sz.002732,22.1300,22.7300,22.1300,22.5000,1619826,36306791.0000,3
2020-06-01,20200601103000000,sz.002732,22.7000,23.0000,22.3100,22.5600,2560069,58256640.0000,3
2020-06-01,20200601113000000,sz.002732,22.6500,22.8000,22.3600,22.8000,1045800,23613491.0000,3
2020-06-01,20200601140000000,sz.002732,22.7900,22.8400,22.4500,22.8200,787900,17830824.0000,3
2020-06-01,20200601150000000,sz.002732,22.8500,22.9000,22.4000,22.6500,1021200,23064269.0000,3
2020-06-02,20200602103000000,sz.002732,22.5000,22.8500,22.0700,22.7400,1996900,44819134.0000,3
2020-06-02,20200602113000000,sz.002732,22.7400,22.9700,22.3000,22.5600,1304800,29681039.0000,3
2020-06-02,20200602140000000,sz.002732,22.5700,22.5800,22.1400,22.4500,889802,19893436.0000,3
2020-06-02,20200602150000000,sz.002732,22.4500,22.6400,22.1100,22.3400,951600,21191908.0000,3
2020-06-03,20200603103000000,sz.002732,22.4000,22.6000,22.0100,22.1800,920900,20554171.0000,3
2020-06-03,20200603113000000,sz.002732,22.1800,22.2000,21.7900,21.9100,990039,21794899.0000,3
2020-06-03,20200603140000000,sz.002732,21.9000,22.1600,21.8900,22.0800,662700,14582973.0000,3
2020-06-03,20200603150000000,sz.002732,22.0800,22.1100,21.7800,21.8500,1038827,22738126.0000,3
2020-06-04,20200604103000000,sz.002732,22.0900,22.0900,21.5000,21.8100,1305133,28403414.0000,3
2020-06-04,20200604113000000,sz.002732,21.8100,21.9600,21.6600,21.8400,248900,5440031.0000,3
2020-06-04,20200604140000000,sz.002732,21.8300,21.8400,21.5500,21.5600,468100,10147553.0000,3
2020-06-04,20200604150000000,sz.002732,21.5600,21.7800,21.5600,21.6500,652539,14137846.0000,3
2020-06-05,20200605103000000,sz.002732,21.8000,21.8600,21.4300,21.8500,1091300,23669827.0000,3
2020-06-05,20200605113000000,sz.002732,21.8500,21.9900,21.6700,21.8200,743216,16193442.0000,3
2020-06-05,20200605140000000,sz.002732,21.8200,21.9100,21.7200,21.9100,407400,8894992.0000,3
2020-06-05,20200605150000000,sz.002732,21.9100,21.9500,21.7400,21.7700,763000,16667186.0000,3
2020-06-08,20200608103000000,sz.002732,22.0000,23.1400,21.8700,22.7500,2364301,53305256.0000,3
2020-06-08,20200608113000000,sz.002732,22.7500,22.9500,22.6300,22.8600,520200,11871521.0000,3
2020-06-08,20200608140000000,sz.002732,22.8500,22.9500,22.4700,22.6400,456400,10336443.0000,3
2020-06-08,20200608150000000,sz.002732,22.6200,22.6200,22.4500,22.4800,435500,9801358.0000,3
2020-06-09,20200609103000000,sz.002732,22.4800,22.7400,22.1500,22.2100,689600,15437539.0000,3
2020-06-09,20200609113000000,sz.002732,22.2200,22.4000,22.1600,22.4000,237000,5275082.0000,3
2020-06-09,20200609140000000,sz.002732,22.4000,22.8800,22.2600,22.7100,686500,15563386.0000,3
2020-06-09,20200609150000000,sz.002732,22.7000,22.7300,22.5300,22.6500,429393,9717066.0000,3
2020-06-10,20200610103000000,sz.002732,22.4600,22.6600,22.2000,22.3000,449700,10070603.0000,3
2020-06-10,20200610113000000,sz.002732,22.3000,22.5400,22.2100,22.2200,391200,8732795.0000,3
2020-06-10,20200610140000000,sz.002732,22.2200,22.2600,22.1000,22.2500,317100,7027985.0000,3
2020-06-10,20200610150000000,sz.002732,22.1900,22.5700,22.1400,22.2300,570211,12695490.0000,3
2020-06-11,20200611103000000,sz.002732,22.2600,22.4900,21.9100,22.2500,617400,13655201.0000,3
2020-06-11,20200611113000000,sz.002732,22.2500,22.2500,21.9600,22.0000,359900,7940466.0000,3
2020-06-11,20200611140000000,sz.002732,22.0000,22.0100,21.7200,21.9000,616000,13454905.0000,3
2020-06-11,20200611150000000,sz.002732,21.9000,22.0900,21.8200,21.9500,522093,11462754.0000,3
2020-06-12,20200612103000000,sz.002732,21.4500,22.1800,21.4500,21.9100,663300,14500303.0000,3
2020-06-12,20200612113000000,sz.002732,21.9200,21.9400,21.8200,21.9000,248300,5435772.0000,3
2020-06-12,20200612140000000,sz.002732,21.9100,22.0700,21.8400,22.0700,457320,10042403.0000,3
2020-06-12,20200612150000000,sz.002732,22.0700,22.0800,21.9500,22.0400,384700,8472457.0000,3
2020-06-15,20200615103000000,sz.002732,21.4000,22.0000,21.3800,21.5500,664893,14403932.0000,3
2020-06-15,20200615113000000,sz.002732,21.5500,21.8000,21.5500,21.7500,290600,6307891.0000,3
2020-06-15,20200615140000000,sz.002732,21.7500,22.0900,21.6500,21.6600,468200,10252863.0000,3
2020-06-15,20200615150000000,sz.002732,21.6600,21.6800,21.4800,21.5400,306600,6618755.0000,3
2020-06-16,20200616103000000,sz.002732,21.3600,21.8500,21.3600,21.6900,382927,8284159.0000,3
2020-06-16,20200616113000000,sz.002732,21.6900,21.7000,21.6000,21.7000,122900,2662995.0000,3
2020-06-16,20200616140000000,sz.002732,21.7000,21.8300,21.6600,21.7800,187802,4084432.0000,3
2020-06-16,20200616150000000,sz.002732,21.7900,21.9900,21.7200,21.9200,434600,9513020.0000,3
2020-06-17,20200617103000000,sz.002732,22.3000,22.3000,21.5400,21.9400,415900,9062363.0000,3
2020-06-17,20200617113000000,sz.002732,21.9400,22.3900,21.7700,22.3900,873200,19397486.0000,3
2020-06-17,20200617140000000,sz.002732,22.3900,22.3900,21.9600,22.0400,339200,7514686.0000,3
2020-06-17,20200617150000000,sz.002732,22.0000,22.2900,21.9300,22.1000,437724,9675513.0000,3
2020-06-18,20200618103000000,sz.002732,22.2000,22.3700,21.8500,22.3700,473193,10468602.0000,3
2020-06-18,20200618113000000,sz.002732,22.3700,22.3700,22.0200,22.0400,185200,4098033.0000,3
2020-06-18,20200618140000000,sz.002732,22.0400,22.1000,21.9800,22.0800,106700,2350650.0000,3
2020-06-18,20200618150000000,sz.002732,22.0800,22.2100,22.0200,22.1500,259103,5726420.0000,3
2020-06-19,20200619103000000,sz.002732,22.1100,22.2600,21.9300,22.1000,410993,9081991.0000,3
2020-06-19,20200619113000000,sz.002732,22.1400,22.2100,22.0700,22.1600,176700,3915527.0000,3
2020-06-19,20200619140000000,sz.002732,22.1600,22.5900,22.1600,22.5000,522401,11725098.0000,3
2020-06-19,20200619150000000,sz.002732,22.5000,22.5600,22.4100,22.4300,446600,10051215.0000,3
2020-06-22,20200622103000000,sz.002732,22.4900,22.6700,22.2300,22.5100,573424,12877243.0000,3
2020-06-22,20200622113000000,sz.002732,22.5000,22.6700,22.5000,22.6100,199993,4519830.0000,3
2020-06-22,20200622140000000,sz.002732,22.6100,22.7000,22.5200,22.6100,223000,5043696.0000,3
2020-06-22,20200622150000000,sz.002732,22.6100,22.6900,22.5700,22.6200,243000,5499686.0000,3
2020-06-23,20200623103000000,sz.002732,22.6600,22.9600,22.3200,22.7500,736900,16775952.0000,3
2020-06-23,20200623113000000,sz.002732,22.7500,22.8600,22.2300,22.5900,739100,16639803.0000,3
2020-06-23,20200623140000000,sz.002732,22.5900,22.5900,22.3000,22.5200,724700,16234238.0000,3
2020-06-23,20200623150000000,sz.002732,22.4000,22.5500,21.9000,22.2700,1478408,32765396.0000,3
2020-06-24,20200624103000000,sz.002732,22.2400,22.2500,21.2500,21.5200,1506500,32528788.0000,3
2020-06-24,20200624113000000,sz.002732,21.4700,21.8500,21.4000,21.7700,812500,17572115.0000,3
2020-06-24,20200624140000000,sz.002732,21.7700,22.1800,21.6200,22.0100,656500,14391538.0000,3
2020-06-24,20200624150000000,sz.002732,22.0100,22.0400,21.5000,21.7300,424785,9239572.0000,3
2020-06-29,20200629103000000,sz.002732,21.6400,21.8800,21.2500,21.7200,412900,8957623.0000,3
2020-06-29,20200629113000000,sz.002732,21.7200,21.7400,21.5900,21.7200,197900,4289023.0000,3
2020-06-29,20200629140000000,sz.002732,21.7200,21.7200,21.3000,21.3900,304100,6526327.0000,3
2020-06-29,20200629150000000,sz.002732,21.3900,21.5200,21.3100,21.4700,265800,5679573.0000,3
2020-06-30,20200630103000000,sz.002732,21.6000,21.6700,21.3800,21.5300,282900,6084188.0000,3
2020-06-30,20200630113000000,sz.002732,21.5200,21.5700,21.4300,21.5700,156600,3365742.0000,3
2020-06-30,20200630140000000,sz.002732,21.6000,21.8000,21.5700,21.6500,195400,4238526.0000,3
2020-06-30,20200630150000000,sz.002732,21.6600,21.7100,21.5600,21.6800,196900,4259219.0000,3
2020-07-01,20200701103000000,sz.002732,21.7000,22.1400,21.6200,22.1200,593800,13026462.0000,3
2020-07-01,20200701113000000,sz.002732,22.1200,22.4000,22.1000,22.1100,526400,11704197.0000,3
2020-07-01,20200701140000000,sz.002732,22.1100,22.1100,21.7000,21.7600,292300,6396388.0000,3
2020-07-01,20200701150000000,sz.002732,21.7600,21.9500,21.7300,21.9000,314514,6864993.0000,3
2020-07-02,20200702103000000,sz.002732,21.9000,22.1300,21.5900,22.0400,594800,13006488.0000,3
2020-07-02,20200702113000000,sz.002732,22.0400,22.0700,21.8700,21.9900,245800,5397028.0000,3
2020-07-02,20200702140000000,sz.002732,21.9900,21.9900,21.7600,21.7600,229400,5014984.0000,3
2020-07-02,20200702150000000,sz.002732,21.7600,21.9100,21.6800,21.9100,420200,9165981.0000,3
2020-07-03,20200703103000000,sz.002732,21.8600,21.8700,21.5400,21.5400,435500,9439085.0000,3
2020-07-03,20200703113000000,sz.002732,21.5400,21.5900,21.2200,21.2600,698800,14956450.0000,3
2020-07-03,20200703140000000,sz.002732,21.2500,21.4600,21.2500,21.3700,243400,5204375.0000,3
2020-07-03,20200703150000000,sz.002732,21.3700,21.5200,21.3600,21.5200,253900,5450677.0000,3
2020-07-06,20200706103000000,sz.002732,21.5600,21.8600,21.4100,21.7800,926000,20055197.0000,3
2020-07-06,20200706113000000,sz.002732,21.7800,21.9100,21.7200,21.8800,369599,8058294.0000,3
2020-07-06,20200706140000000,sz.002732,21.8700,22.2400,21.8700,22.1800,710900,15675028.0000,3
2020-07-06,20200706150000000,sz.002732,22.1800,22.4500,22.1300,22.3300,707500,15768427.0000,3
2020-07-07,20200707103000000,sz.002732,22.5300,22.9100,22.4000,22.6000,812537,18392659.0000,3
2020-07-07,20200707113000000,sz.002732,22.6000,22.8600,22.5400,22.7200,340207,7727225.0000,3
2020-07-07,20200707140000000,sz.002732,22.7200,22.8800,22.6400,22.8500,764700,17400643.0000,3
2020-07-07,20200707150000000,sz.002732,22.8500,22.8800,22.6500,22.7100,508601,11578894.0000,3
2020-07-08,20200708103000000,sz.002732,22.7500,23.3000,22.6700,23.2600,1157201,26585492.0000,3
2020-07-08,20200708113000000,sz.002732,23.2500,23.3300,23.1500,23.2000,420000,9756294.0000,3
2020-07-08,20200708140000000,sz.002732,23.2000,23.2500,22.9000,22.9200,384113,8843639.0000,3
2020-07-08,20200708150000000,sz.002732,22.9200,23.0500,22.9000,23.0400,402600,9254288.0000,3
2020-07-09,20200709103000000,sz.002732,23.2500,23.2800,22.8900,23.0700,676016,15638675.0000,3
2020-07-09,20200709113000000,sz.002732,23.0800,23.1600,22.9600,23.1600,369500,8513109.0000,3
2020-07-09,20200709140000000,sz.002732,23.1600,23.5500,23.0800,23.3200,930299,21643582.0000,3
2020-07-09,20200709150000000,sz.002732,23.3300,23.5400,23.2700,23.4500,542500,12718666.0000,3
2020-07-10,20200710103000000,sz.002732,23.3900,23.7200,23.2500,23.4800,455100,10714633.0000,3
2020-07-10,20200710113000000,sz.002732,23.4800,23.5800,23.2400,23.4400,305700,7159907.0000,3
2020-07-10,20200710140000000,sz.002732,23.4400,23.6600,23.4000,23.4200,263700,6205119.0000,3
2020-07-10,20200710150000000,sz.002732,23.4200,23.6100,23.2300,23.2500,368500,8636242.0000,3
2020-07-13,20200713103000000,sz.002732,23.3800,23.7500,23.3500,23.6100,620167,14629212.0000,3
2020-07-13,20200713113000000,sz.002732,23.6500,23.8100,23.6000,23.8000,235700,5585750.0000,3
2020-07-13,20200713140000000,sz.002732,23.8000,23.8500,23.6400,23.7200,273900,6499249.0000,3
2020-07-13,20200713150000000,sz.002732,23.7200,23.7400,23.6200,23.7400,290600,6885814.0000,3
2020-07-14,20200714103000000,sz.002732,23.7400,23.9700,23.5700,23.8000,423400,10081361.0000,3
2020-07-14,20200714113000000,sz.002732,23.8000,23.9000,23.5600,23.7700,350000,8313552.0000,3
2020-07-14,20200714140000000,sz.002732,23.7700,25.4900,23.6900,24.8900,1845368,45633595.0000,3
2020-07-14,20200714150000000,sz.002732,24.8900,24.9200,24.5000,24.6800,576074,14200242.0000,3
2020-07-15,20200715103000000,sz.002732,24.9000,25.1400,24.5100,24.8000,742431,18458179.0000,3
2020-07-15,20200715113000000,sz.002732,24.9000,24.9100,24.2500,24.5500,528132,12996918.0000,3
2020-07-15,20200715140000000,sz.002732,24.5500,25.0100,24.3900,24.9800,351300,8712391.0000,3
2020-07-15,20200715150000000,sz.002732,24.9800,25.1000,24.5200,24.8400,485200,12073608.0000,3
2020-07-16,20200716103000000,sz.002732,24.6800,24.8700,23.7000,23.8900,786300,18896787.0000,3
2020-07-16,20200716113000000,sz.002732,23.8900,24.2500,23.8200,23.9300,228600,5494287.0000,3
2020-07-16,20200716140000000,sz.002732,23.9200,24.0000,23.6800,23.9600,640100,15213618.0000,3
2020-07-16,20200716150000000,sz.002732,23.9600,24.0800,23.2500,23.8000,873577,20648444.0000,3
2020-07-17,20200717103000000,sz.002732,24.2000,24.5900,23.2000,24.5900,747800,17827023.0000,3
2020-07-17,20200717113000000,sz.002732,24.6000,24.6700,24.3000,24.4500,378300,9269673.0000,3
2020-07-17,20200717140000000,sz.002732,24.4500,25.3900,24.2200,25.1800,972100,24293422.0000,3
2020-07-17,20200717150000000,sz.002732,25.1800,26.1800,25.1000,26.0700,1419579,36727565.0000,3
2020-07-20,20200720103000000,sz.002732,25.8800,27.8500,25.7600,27.3700,1911913,51552804.0000,3
2020-07-20,20200720113000000,sz.002732,27.4800,27.5800,27.1300,27.3300,372100,10171470.0000,3
2020-07-20,20200720140000000,sz.002732,27.3300,27.5200,27.1100,27.1300,278118,7601113.0000,3
2020-07-20,20200720150000000,sz.002732,27.1100,27.1100,26.6300,26.7300,423900,11367458.0000,3
2020-07-21,20200721103000000,sz.002732,27.0000,27.0000,26.1800,26.8700,606900,16159320.0000,3
2020-07-21,20200721113000000,sz.002732,26.8700,27.1700,26.6600,26.9800,252599,6799149.0000,3
2020-07-21,20200721140000000,sz.002732,26.9800,27.6800,26.8500,27.0000,370237,10078278.0000,3
2020-07-21,20200721150000000,sz.002732,27.0000,27.3000,26.8800,27.3000,318600,8630091.0000,3
2020-07-22,20200722103000000,sz.002732,27.3500,28.8700,26.5000,28.4500,978200,27441577.0000,3
2020-07-22,20200722113000000,sz.002732,28.4600,28.8600,28.4500,28.5300,311800,8928805.0000,3
2020-07-22,20200722140000000,sz.002732,28.5300,28.5300,27.9300,28.1600,382600,10770517.0000,3
2020-07-22,20200722150000000,sz.002732,28.1000,28.4200,27.9700,28.2200,427800,12062209.0000,3
2020-07-23,20200723103000000,sz.002732,27.8900,28.2200,27.2400,27.3300,777600,21587693.0000,3
2020-07-23,20200723113000000,sz.002732,27.3300,27.7800,26.9100,27.7700,449600,12286299.0000,3
2020-07-23,20200723140000000,sz.002732,27.7700,27.8600,27.6000,27.7900,215600,5985804.0000,3
2020-07-23,20200723150000000,sz.002732,27.7900,28.5400,27.7900,28.0500,520559,14644059.0000,3
2020-07-24,20200724103000000,sz.002732,27.9200,28.2800,27.6700,27.9000,456518,12811885.0000,3
2020-07-24,20200724113000000,sz.002732,27.9000,27.9200,27.2600,27.3100,392833,10836744.0000,3
2020-07-24,20200724140000000,sz.002732,27.2600,27.2700,26.7000,26.7900,693300,18661350.0000,3
2020-07-24,20200724150000000,sz.002732,26.7900,27.3000,26.3100,26.7300,567800,15155485.0000,3
2020-07-27,20200727103000000,sz.002732,26.8100,27.4600,26.5900,26.7900,649052,17582758.0000,3
2020-07-27,20200727113000000,sz.002732,26.7700,27.3700,26.7400,27.3200,239200,6497890.0000,3
2020-07-27,20200727140000000,sz.002732,27.3200,27.3200,26.8600,27.3200,209500,5684226.0000,3
2020-07-27,20200727150000000,sz.002732,27.3100,27.3200,26.9100,27.0200,234100,6338952.0000,3
2020-07-28,20200728103000000,sz.002732,27.2900,28.7000,27.2800,28.5700,1268218,35742319.0000,3
2020-07-28,20200728113000000,sz.002732,28.5700,29.2000,28.5000,28.8800,630785,18186655.0000,3
2020-07-28,20200728140000000,sz.002732,28.9200,28.9800,28.4600,28.7000,306900,8801309.0000,3
2020-07-28,20200728150000000,sz.002732,28.6900,29.1000,28.6700,29.0000,590029,17043374.0000,3
2020-07-29,20200729103000000,sz.002732,28.6000,28.8900,26.4000,27.4500,2999118,80831128.0000,3
2020-07-29,20200729113000000,sz.002732,27.4600,28.2800,27.4300,27.6600,681237,18889880.0000,3
2020-07-29,20200729140000000,sz.002732,27.6700,28.0400,27.5900,27.7100,554100,15427394.0000,3
2020-07-29,20200729150000000,sz.002732,27.7000,28.0000,27.6300,27.9200,822900,22948710.0000,3
2020-07-30,20200730103000000,sz.002732,27.5700,28.1000,27.1300,27.2100,1113759,30701992.0000,3
2020-07-30,20200730113000000,sz.002732,27.2000,27.4800,27.1500,27.3000,284154,7758248.0000,3
2020-07-30,20200730140000000,sz.002732,27.3600,27.4500,27.1700,27.2600,314290,8578762.0000,3
2020-07-30,20200730150000000,sz.002732,27.2600,27.2800,26.7700,27.2500,898229,24257325.0000,3
2020-07-31,20200731103000000,sz.002732,27.0500,27.5100,26.7700,27.2000,721756,19580058.0000,3
2020-07-31,20200731113000000,sz.002732,27.2000,27.3000,26.8800,27.1100,300000,8126914.0000,3
2020-07-31,20200731140000000,sz.002732,27.1100,27.4000,27.1100,27.4000,347400,9473141.0000,3
2020-07-31,20200731150000000,sz.002732,27.4000,27.9000,27.2800,27.8200,754543,20905848.0000,3
2020-08-03,20200803103000000,sz.002732,27.8200,28.4600,27.6000,27.7900,864290,24110071.0000,3
2020-08-03,20200803113000000,sz.002732,27.7900,28.1400,27.6300,27.6400,408300,11378666.0000,3
2020-08-03,20200803140000000,sz.002732,27.6400,28.0200,27.6400,27.7700,327400,9111298.0000,3
2020-08-03,20200803150000000,sz.002732,27.7700,27.9200,27.7100,27.9000,400260,11128345.0000,3
2020-08-04,20200804103000000,sz.002732,27.9000,29.9900,27.6600,29.4900,2221182,64416951.0000,3
2020-08-04,20200804113000000,sz.002732,29.5000,29.8600,29.3700,29.7300,451500,13385413.0000,3
2020-08-04,20200804140000000,sz.002732,29.7300,30.0000,29.4300,29.9200,776500,23164545.0000,3
2020-08-04,20200804150000000,sz.002732,29.9200,30.5900,29.8200,30.0800,1013208,30565277.0000,3
2020-08-05,20200805103000000,sz.002732,29.9300,30.8800,28.8800,29.8400,1765800,52650877.0000,3
2020-08-05,20200805113000000,sz.002732,29.8600,29.9400,29.5700,29.8500,319700,9518868.0000,3
2020-08-05,20200805140000000,sz.002732,29.8500,30.6800,29.7100,30.5000,465092,14003326.0000,3
2020-08-05,20200805150000000,sz.002732,30.5000,30.5000,29.9000,30.1600,516737,15552635.0000,3
2020-08-06,20200806103000000,sz.002732,30.1600,31.8800,29.9100,31.2800,2000822,62327651.0000,3
2020-08-06,20200806113000000,sz.002732,31.2800,31.6700,30.8800,31.5000,626000,19602973.0000,3
2020-08-06,20200806140000000,sz.002732,31.5000,31.7500,31.3900,31.3900,245500,7744752.0000,3
2020-08-06,20200806150000000,sz.002732,31.3900,31.6800,31.2700,31.3300,444437,13987172.0000,3
2020-08-07,20200807103000000,sz.002732,31.0800,31.8900,30.1800,30.3700,1490900,46028578.0000,3
2020-08-07,20200807113000000,sz.002732,30.3800,30.7900,30.2000,30.3100,453840,13811430.0000,3
2020-08-07,20200807140000000,sz.002732,30.3500,30.3500,29.3600,30.0900,927600,27626397.0000,3
2020-08-07,20200807150000000,sz.002732,30.0900,30.7900,30.0400,30.6000,466964,14223560.0000,3
2020-08-10,20200810103000000,sz.002732,30.5000,30.5000,29.3600,29.9600,845200,25145777.0000,3
2020-08-10,20200810113000000,sz.002732,29.9700,30.1800,29.8700,30.0800,217800,6539922.0000,3
2020-08-10,20200810140000000,sz.002732,30.0700,30.9500,30.0100,30.8300,378559,11528641.0000,3
2020-08-10,20200810150000000,sz.002732,30.8300,30.9300,30.5100,30.8900,594800,18308620.0000,3
2020-08-11,20200811103000000,sz.002732,30.7900,31.1500,30.1000,30.5300,700500,21386826.0000,3
2020-08-11,20200811113000000,sz.002732,30.5300,30.8200,30.4900,30.6600,212520,6508240.0000,3
2020-08-11,20200811140000000,sz.002732,30.6900,30.7700,30.5100,30.5400,174900,5356273.0000,3
2020-08-11,20200811150000000,sz.002732,30.5500,30.5800,29.6200,29.8800,636608,19121919.0000,3
2020-08-12,20200812103000000,sz.002732,29.5000,29.9200,28.5100,28.6900,1153100,33534126.0000,3
2020-08-12,20200812113000000,sz.002732,28.6700,29.1000,28.5100,28.5100,338700,9747995.0000,3
2020-08-12,20200812140000000,sz.002732,28.5100,28.7500,28.3600,28.6500,344800,9830641.0000,3
2020-08-12,20200812150000000,sz.002732,28.6500,28.9200,28.5200,28.9000,308300,8872815.0000,3
2020-08-13,20200813103000000,sz.002732,28.9000,29.2800,28.6800,29.0000,532400,15408145.0000,3
2020-08-13,20200813113000000,sz.002732,29.0000,29.0000,28.5000,28.8200,482400,13835203.0000,3
2020-08-13,20200813140000000,sz.002732,28.8200,28.8200,28.5300,28.6200,325445,9317482.0000,3
2020-08-13,20200813150000000,sz.002732,28.6100,28.7800,28.3100,28.7800,598783,17065724.0000,3
2020-08-14,20200814103000000,sz.002732,28.5000,28.6000,27.8500,27.9000,874900,24610734.0000,3
2020-08-14,20200814113000000,sz.002732,27.9300,27.9600,27.6000,27.7000,473508,13151519.0000,3
2020-08-14,20200814140000000,sz.002732,27.7600,27.9500,27.4900,27.8300,388692,10760075.0000,3
2020-08-14,20200814150000000,sz.002732,27.8300,28.1700,27.7200,28.0800,502400,14038307.0000,3
2020-08-17,20200817103000000,sz.002732,28.0400,28.7500,28.0000,28.3600,786490,22362426.0000,3
2020-08-17,20200817113000000,sz.002732,28.3500,28.6100,28.2800,28.6100,298900,8520295.0000,3
2020-08-17,20200817140000000,sz.002732,28.6100,28.7900,28.5000,28.7400,410900,11784523.0000,3
2020-08-17,20200817150000000,sz.002732,28.7400,29.1600,28.6700,28.8500,532943,15386769.0000,3
2020-08-18,20200818103000000,sz.002732,28.8700,29.3900,28.4700,29.1900,717600,20849708.0000,3
2020-08-18,20200818113000000,sz.002732,29.1700,29.4700,29.0200,29.4500,294500,8610326.0000,3
2020-08-18,20200818140000000,sz.002732,29.4400,29.7300,29.2500,29.2700,397500,11718617.0000,3
2020-08-18,20200818150000000,sz.002732,29.2700,29.5000,29.1600,29.3700,316000,9263072.0000,3
2020-08-19,20200819103000000,sz.002732,29.1900,29.8600,29.0000,29.6400,795500,23520238.0000,3
2020-08-19,20200819113000000,sz.002732,29.7100,30.3700,29.5800,29.8400,695400,20860414.0000,3
2020-08-19,20200819140000000,sz.002732,29.8400,29.8400,29.1000,29.1100,438500,12908394.0000,3
2020-08-19,20200819150000000,sz.002732,29.1700,29.2900,28.9100,28.9500,372200,10810840.0000,3
2020-08-20,20200820103000000,sz.002732,28.6900,29.1300,28.2100,28.4300,549300,15720957.0000,3
2020-08-20,20200820113000000,sz.002732,28.4300,28.7100,28.4000,28.4100,231105,6603965.0000,3
2020-08-20,20200820140000000,sz.002732,28.4200,28.5000,28.1000,28.2400,304400,8613244.0000,3
2020-08-20,20200820150000000,sz.002732,28.2400,28.2400,27.7200,27.9800,776900,21686205.0000,3
2020-08-21,20200821103000000,sz.002732,28.1700,29.7800,28.1300,29.4600,1339900,39062060.0000,3
2020-08-21,20200821113000000,sz.002732,29.4600,29.7400,29.2500,29.5900,499000,14724340.0000,3
2020-08-21,20200821140000000,sz.002732,29.5800,29.8700,29.4800,29.5900,552100,16377173.0000,3
2020-08-21,20200821150000000,sz.002732,29.5900,29.6900,29.1800,29.5900,452000,13300894.0000,3
2020-08-24,20200824103000000,sz.002732,29.5100,30.6800,29.1000,30.5200,1682200,50354446.0000,3
2020-08-24,20200824113000000,sz.002732,30.5300,31.1200,30.3800,31.0100,1006100,31040309.0000,3
2020-08-24,20200824140000000,sz.002732,31.0000,31.0200,30.3100,30.3800,575823,17669853.0000,3
2020-08-24,20200824150000000,sz.002732,30.3500,30.9700,30.3500,30.8000,371520,11374932.0000,3
2020-08-25,20200825103000000,sz.002732,30.4000,30.7400,29.8000,29.9500,1130200,33982666.0000,3
2020-08-25,20200825113000000,sz.002732,29.9000,30.0000,29.6000,29.7300,395700,11801180.0000,3
2020-08-25,20200825140000000,sz.002732,29.7300,29.9100,29.5100,29.5600,367700,10925185.0000,3
2020-08-25,20200825150000000,sz.002732,29.5600,29.8800,29.4200,29.8700,372400,11032616.0000,3
2020-08-26,20200826103000000,sz.002732,29.8500,30.3100,29.3000,29.4000,641000,19108775.0000,3
2020-08-26,20200826113000000,sz.002732,29.4000,29.6600,28.8000,28.8700,454200,13244914.0000,3
2020-08-26,20200826140000000,sz.002732,28.8800,29.2900,28.8000,28.9500,267400,7758783.0000,3
2020-08-26,20200826150000000,sz.002732,28.9500,29.0700,28.8000,28.8900,357300,10318208.0000,3
2020-08-27,20200827103000000,sz.002732,28.8700,29.3500,28.6700,28.9900,441700,12842276.0000,3
2020-08-27,20200827113000000,sz.002732,28.9900,29.3500,28.8800,29.3000,198900,5798359.0000,3
2020-08-27,20200827140000000,sz.002732,29.3000,29.3000,28.9600,29.1500,269400,7840118.0000,3
2020-08-27,20200827150000000,sz.002732,29.1500,29.2300,28.9700,29.2200,208700,6074862.0000,3
2020-08-28,20200828103000000,sz.002732,29.4000,31.4600,29.4000,30.6400,1981900,60493846.0000,3
2020-08-28,20200828113000000,sz.002732,30.6400,30.8400,30.4500,30.8000,374505,11497763.0000,3
2020-08-28,20200828140000000,sz.002732,30.7900,30.9800,30.7200,30.8000,423433,13056338.0000,3
2020-08-28,20200828150000000,sz.002732,30.8600,31.1100,30.7300,30.9500,703900,21754666.0000,3
2020-08-31,20200831103000000,sz.002732,30.9200,31.7800,30.5000,31.6300,1365105,42361742.0000,3
2020-08-31,20200831113000000,sz.002732,31.6500,31.6500,31.1100,31.1800,471800,14763097.0000,3
2020-08-31,20200831140000000,sz.002732,31.1800,31.3000,31.0500,31.1300,292495,9118852.0000,3
2020-08-31,20200831150000000,sz.002732,31.1300,31.2200,30.8800,31.1700,588501,18287698.0000,3
2020-09-01,20200901103000000,sz.002732,30.9800,31.4200,30.0100,30.0100,999600,30427813.0000,3
2020-09-01,20200901113000000,sz.002732,30.0100,30.3000,29.8100,30.1300,400700,12036674.0000,3
2020-09-01,20200901140000000,sz.002732,30.1300,30.3200,30.0400,30.2600,295800,8926021.0000,3
2020-09-01,20200901150000000,sz.002732,30.2600,30.4800,30.2300,30.4000,248700,7551034.0000,3
2020-09-02,20200902103000000,sz.002732,30.4000,31.2000,30.3000,30.8100,897300,27688561.0000,3
2020-09-02,20200902113000000,sz.002732,30.8800,30.9200,30.3300,30.6000,365600,11179889.0000,3
2020-09-02,20200902140000000,sz.002732,30.6000,30.7000,30.3500,30.4100,191000,5824894.0000,3
2020-09-02,20200902150000000,sz.002732,30.4100,30.6600,30.2000,30.6600,357100,10858155.0000,3
2020-09-03,20200903103000000,sz.002732,30.4800,30.6000,29.5000,30.2000,743500,22404720.0000,3
2020-09-03,20200903113000000,sz.002732,30.2000,30.3000,29.9700,30.1900,421600,12720949.0000,3
2020-09-03,20200903140000000,sz.002732,30.1900,30.2600,29.6900,29.9000,335100,10033619.0000,3
2020-09-03,20200903150000000,sz.002732,29.9000,29.9000,29.4500,29.5800,608600,18007579.0000,3
2020-09-04,20200904103000000,sz.002732,29.0000,29.0100,28.1200,28.4600,1333500,37860997.0000,3
2020-09-04,20200904113000000,sz.002732,28.4700,28.5900,28.2000,28.3300,240700,6831505.0000,3
2020-09-04,20200904140000000,sz.002732,28.3300,28.4000,28.0200,28.1900,415200,11687949.0000,3
2020-09-04,20200904150000000,sz.002732,28.1900,28.4500,28.1200,28.3500,350500,9905201.0000,3
2020-09-07,20200907103000000,sz.002732,28.3600,28.6100,27.5800,27.6400,705000,19721163.0000,3
2020-09-07,20200907113000000,sz.002732,27.6400,27.8200,27.3800,27.7900,309600,8526266.0000,3
2020-09-07,20200907140000000,sz.002732,27.7800,27.9000,27.6500,27.6500,158700,4397054.0000,3
2020-09-07,20200907150000000,sz.002732,27.6600,27.7000,27.1000,27.2000,712200,19452086.0000,3
2020-09-08,20200908103000000,sz.002732,27.1700,27.4800,26.3600,26.5000,1064100,28414184.0000,3
2020-09-08,20200908113000000,sz.002732,26.5000,26.5000,26.1900,26.2100,391500,10300018.0000,3
2020-09-08,20200908140000000,sz.002732,26.2100,26.8800,26.0700,26.7400,436584,11572739.0000,3
2020-09-08,20200908150000000,sz.002732,26.7400,26.9000,26.4500,26.6800,491200,13100125.0000,3
2020-09-09,20200909103000000,sz.002732,26.3000,26.6800,26.0600,26.1300,689793,18173239.0000,3
2020-09-09,20200909113000000,sz.002732,26.1300,26.1300,25.7000,25.7600,556300,14378296.0000,3
2020-09-09,20200909140000000,sz.002732,25.7600,25.8800,25.3500,25.3500,631900,16177625.0000,3
2020-09-09,20200909150000000,sz.002732,25.3300,25.4900,24.9600,25.0300,788670,19862314.0000,3
2020-09-10,20200910103000000,sz.002732,25.4000,26.6700,25.4000,26.3800,1490388,39062102.0000,3
2020-09-10,20200910113000000,sz.002732,26.3600,26.4900,26.0800,26.2400,342000,9005681.0000,3
2020-09-10,20200910140000000,sz.002732,26.2400,26.8600,25.8500,26.7000,797870,21157775.0000,3
2020-09-10,20200910150000000,sz.002732,26.7000,26.7000,26.0700,26.0700,400100,10502525.0000,3
2020-09-11,20200911103000000,sz.002732,26.0000,26.7300,25.7200,26.6900,600300,15777712.0000,3
2020-09-11,20200911113000000,sz.002732,26.6600,26.8800,26.4000,26.5700,222200,5916770.0000,3
2020-09-11,20200911140000000,sz.002732,26.5300,26.8000,26.5300,26.7200,203700,5443262.0000,3
2020-09-11,20200911150000000,sz.002732,26.7200,26.9100,26.6500,26.8900,416400,11167252.0000,3
2020-09-14,20200914103000000,sz.002732,26.9900,26.9900,26.2700,26.4300,516600,13702870.0000,3
2020-09-14,20200914113000000,sz.002732,26.4300,26.4900,26.0000,26.2000,390900,10251977.0000,3
2020-09-14,20200914140000000,sz.002732,26.2000,26.2500,25.7200,25.9100,416000,10791450.0000,3
2020-09-14,20200914150000000,sz.002732,25.9100,26.2000,25.8500,26.1900,290101,7529961.0000,3
2020-09-15,20200915103000000,sz.002732,26.4000,26.9600,25.7300,26.7800,727649,19346168.0000,3
2020-09-15,20200915113000000,sz.002732,26.7800,27.1100,26.7700,26.8400,255688,6871596.0000,3
2020-09-15,20200915140000000,sz.002732,26.8500,26.8800,26.6500,26.6700,249639,6678090.0000,3
2020-09-15,20200915150000000,sz.002732,26.6500,26.7500,26.5000,26.6500,207700,5537372.0000,3
2020-09-16,20200916103000000,sz.002732,26.8600,27.2000,26.2600,26.4600,401143,10679573.0000,3
2020-09-16,20200916113000000,sz.002732,26.4400,26.4800,26.1800,26.2100,179100,4709598.0000,3
2020-09-16,20200916140000000,sz.002732,26.2000,26.5600,26.2000,26.3600,177300,4686498.0000,3
2020-09-16,20200916150000000,sz.002732,26.3700,26.5300,26.2200,26.4800,142403,3755580.0000,3
2020-09-17,20200917103000000,sz.002732,26.4700,26.4700,25.8000,25.8900,340300,8867645.0000,3
2020-09-17,20200917113000000,sz.002732,25.8900,26.2000,25.8500,26.1900,188300,4891097.0000,3
2020-09-17,20200917140000000,sz.002732,26.1900,26.7600,26.0700,26.4800,307300,8152217.0000,3
2020-09-17,20200917150000000,sz.002732,26.4900,26.8600,26.3400,26.4700,245300,6540324.0000,3
2020-09-18,20200918103000000,sz.002732,26.3300,26.7700,26.2500,26.3000,195500,5171461.0000,3
2020-09-18,20200918113000000,sz.002732,26.3000,26.4500,26.2300,26.4500,87000,2292462.0000,3
2020-09-18,20200918140000000,sz.002732,26.4300,26.5700,26.4000,26.4700,124700,3302336.0000,3
2020-09-18,20200918150000000,sz.002732,26.4700,26.6200,26.4700,26.5900,247100,6562933.0000,3
2020-09-21,20200921103000000,sz.002732,26.5600,26.6900,26.0500,26.2600,197100,5179034.0000,3
2020-09-21,20200921113000000,sz.002732,26.2600,26.2700,26.0500,26.0500,178200,4656344.0000,3
2020-09-21,20200921140000000,sz.002732,26.0800,26.1900,26.0100,26.0800,140099,3653029.0000,3
2020-09-21,20200921150000000,sz.002732,26.1000,26.2200,26.0200,26.2100,146100,3814130.0000,3
2020-09-22,20200922103000000,sz.002732,26.0100,26.1500,25.7600,25.9100,233253,6049903.0000,3
2020-09-22,20200922113000000,sz.002732,25.9100,26.3100,25.9000,26.1900,115300,3013569.0000,3
2020-09-22,20200922140000000,sz.002732,26.1900,26.2000,26.0000,26.0500,78500,2046329.0000,3
2020-09-22,20200922150000000,sz.002732,26.0400,26.0400,25.7600,25.8300,184100,4767300.0000,3
2020-09-23,20200923103000000,sz.002732,26.0000,26.3000,25.6000,25.7500,225600,5856523.0000,3
2020-09-23,20200923113000000,sz.002732,25.7200,25.9400,25.6300,25.8300,88100,2272177.0000,3
2020-09-23,20200923140000000,sz.002732,25.8500,26.0600,25.8100,26.0300,88700,2299992.0000,3
2020-09-23,20200923150000000,sz.002732,26.0300,26.0500,25.6800,26.0000,295900,7636847.0000,3
2020-09-24,20200924103000000,sz.002732,25.7600,25.7800,25.3100,25.3500,307200,7832047.0000,3
2020-09-24,20200924113000000,sz.002732,25.3500,25.3700,25.0300,25.2200,236200,5955100.0000,3
2020-09-24,20200924140000000,sz.002732,25.2200,25.3900,25.1600,25.3500,115663,2921096.0000,3
2020-09-24,20200924150000000,sz.002732,25.3600,25.4500,25.1600,25.2000,128700,3251871.0000,3
2020-09-25,20200925103000000,sz.002732,25.1700,25.5900,25.1500,25.4700,151940,3855692.0000,3
2020-09-25,20200925113000000,sz.002732,25.4700,25.5000,25.0700,25.1600,145500,3671751.0000,3
2020-09-25,20200925140000000,sz.002732,25.1600,25.3600,25.0000,25.0600,165400,4151958.0000,3
2020-09-25,20200925150000000,sz.002732,25.0700,25.3200,25.0100,25.2500,97000,2442189.0000,3
2020-09-28,20200928103000000,sz.002732,25.3300,25.4700,24.8000,24.9300,230100,5800539.0000,3
2020-09-28,20200928113000000,sz.002732,24.9300,24.9500,24.7200,24.7400,108300,2690597.0000,3
2020-09-28,20200928140000000,sz.002732,24.7400,25.0000,24.7400,24.8000,63300,1574403.0000,3
2020-09-28,20200928150000000,sz.002732,24.8000,24.8200,24.6100,24.6100,152800,3771515.0000,3
2020-09-29,20200929103000000,sz.002732,24.5700,25.1700,24.5700,25.0300,360836,9003485.0000,3
2020-09-29,20200929113000000,sz.002732,25.0300,25.0800,24.8100,24.8100,109957,2740565.0000,3
2020-09-29,20200929140000000,sz.002732,24.8800,24.9400,24.6100,24.7000,184900,4569155.0000,3
2020-09-29,20200929150000000,sz.002732,24.7000,24.9000,24.6500,24.9000,220700,5469914.0000,3
2020-09-30,20200930103000000,sz.002732,24.9100,25.4000,24.7600,25.2000,279254,7035541.0000,3
2020-09-30,20200930113000000,sz.002732,25.2500,25.8000,25.1200,25.6500,203200,5169395.0000,3
2020-09-30,20200930140000000,sz.002732,25.6500,25.7000,25.1500,25.2300,134100,3397033.0000,3
2020-09-30,20200930150000000,sz.002732,25.2300,25.4400,25.1300,25.4400,185200,4685268.0000,3
2020-10-09,20201009103000000,sz.002732,25.4800,26.5000,25.4800,26.3500,655888,17129301.0000,3
2020-10-09,20201009113000000,sz.002732,26.3500,26.4200,26.2100,26.3900,104763,2758873.0000,3
2020-10-09,20201009140000000,sz.002732,26.3900,26.3900,26.1500,26.3000,157137,4120704.0000,3
2020-10-09,20201009150000000,sz.002732,26.2500,26.3700,26.2400,26.3200,161000,4232444.0000,3
2020-10-12,20201012103000000,sz.002732,26.6000,26.8500,26.0400,26.8000,408488,10850370.0000,3
2020-10-12,20201012113000000,sz.002732,26.8300,26.9500,26.6800,26.7400,146400,3923882.0000,3
2020-10-12,20201012140000000,sz.002732,26.7000,26.8600,26.5200,26.6300,286200,7637068.0000,3
2020-10-12,20201012150000000,sz.002732,26.6300,26.7000,26.5200,26.6600,224500,5977991.0000,3
2020-10-13,20201013103000000,sz.002732,26.6700,26.7700,26.2100,26.4000,266600,7052225.0000,3
2020-10-13,20201013113000000,sz.002732,26.4000,26.5400,26.2800,26.4400,125703,3312197.0000,3
2020-10-13,20201013140000000,sz.002732,26.4400,26.4800,26.3300,26.3900,90600,2391051.0000,3
2020-10-13,20201013150000000,sz.002732,26.3900,26.4800,26.3400,26.4500,141200,3730536.0000,3
2020-10-14,20201014103000000,sz.002732,26.4100,26.7600,26.2600,26.5700,251500,6685579.0000,3
2020-10-14,20201014113000000,sz.002732,26.5700,26.6000,26.3800,26.4300,76340,2020033.0000,3
2020-10-14,20201014140000000,sz.002732,26.4300,26.4700,26.3200,26.4300,65100,1716481.0000,3
2020-10-14,20201014150000000,sz.002732,26.4400,26.4900,26.3800,26.4600,85400,2258544.0000,3
2020-10-15,20201015103000000,sz.002732,26.4600,26.7400,26.1000,26.5600,312374,8246016.0000,3
2020-10-15,20201015113000000,sz.002732,26.5600,26.7800,26.4900,26.7000,162000,4321098.0000,3
2020-10-15,20201015140000000,sz.002732,26.7100,26.7400,26.5700,26.5700,87100,2321208.0000,3
2020-10-15,20201015150000000,sz.002732,26.5700,26.6600,26.5100,26.6000,150000,3986509.0000,3
2020-10-16,20201016103000000,sz.002732,26.6600,26.7300,26.3600,26.4200,193400,5132127.0000,3
2020-10-16,20201016113000000,sz.002732,26.4300,26.4700,26.2300,26.2600,233900,6161023.0000,3
2020-10-16,20201016140000000,sz.002732,26.2500,26.3500,26.2500,26.2500,182400,4794363.0000,3
2020-10-16,20201016150000000,sz.002732,26.2700,26.6200,26.1000,26.6200,411628,10802007.0000,3
2020-10-19,20201019103000000,sz.002732,26.5900,26.7100,26.3500,26.5700,246600,6554632.0000,3
2020-10-19,20201019113000000,sz.002732,26.5700,26.5700,26.2500,26.2600,176300,4658981.0000,3
2020-10-19,20201019140000000,sz.002732,26.2600,26.3500,26.0700,26.1800,263700,6910484.0000,3
2020-10-19,20201019150000000,sz.002732,26.1500,26.2500,25.9700,26.0000,424300,11051648.0000,3
2020-10-20,20201020103000000,sz.002732,26.0000,26.2400,25.8300,26.0900,120240,3126859.0000,3
2020-10-20,20201020113000000,sz.002732,26.0900,26.1700,25.9200,26.1600,78400,2043569.0000,3
2020-10-20,20201020140000000,sz.002732,26.1700,26.3700,26.1200,26.3100,144700,3799988.0000,3
2020-10-20,20201020150000000,sz.002732,26.3100,26.3500,26.2400,26.3400,125200,3292191.0000,3
2020-10-21,20201021103000000,sz.002732,26.2900,26.4300,25.9300,25.9600,244763,6400899.0000,3
2020-10-21,20201021113000000,sz.002732,25.9500,26.0200,25.8200,25.9100,122600,3175391.0000,3
2020-10-21,20201021140000000,sz.002732,25.8600,26.0300,25.8300,25.8400,86720,2247820.0000,3
2020-10-21,20201021150000000,sz.002732,25.8400,26.0000,25.8100,25.9100,186600,4825901.0000,3
2020-10-22,20201022103000000,sz.002732,25.7700,26.1400,25.4000,25.4700,264500,6778237.0000,3
2020-10-22,20201022113000000,sz.002732,25.4700,25.7600,25.3600,25.5400,126600,3229913.0000,3
2020-10-22,20201022140000000,sz.002732,25.5500,25.7800,25.5000,25.6500,88500,2270663.0000,3
2020-10-22,20201022150000000,sz.002732,25.6500,25.9500,25.6500,25.9500,127300,3284324.0000,3
2020-10-23,20201023103000000,sz.002732,25.8000,26.0500,25.5600,25.8800,129600,3348533.0000,3
2020-10-23,20201023113000000,sz.002732,25.8800,25.9900,25.8200,25.9100,61400,1590974.0000,3
2020-10-23,20201023140000000,sz.002732,25.8700,25.9100,25.5100,25.5100,165500,4248162.0000,3
2020-10-23,20201023150000000,sz.002732,25.5100,25.6800,25.4000,25.5700,227000,5791868.0000,3
2020-10-26,20201026103000000,sz.002732,25.4000,25.5400,24.8700,25.2600,281400,7087189.0000,3
2020-10-26,20201026113000000,sz.002732,25.2400,25.3900,25.0500,25.2100,135500,3418063.0000,3
2020-10-26,20201026140000000,sz.002732,25.1400,25.3300,24.9600,24.9800,157500,3959754.0000,3
2020-10-26,20201026150000000,sz.002732,24.9700,25.2000,24.8500,25.1200,315300,7886081.0000,3
2020-10-27,20201027103000000,sz.002732,25.0000,25.3000,24.8000,25.0000,157400,3948502.0000,3
2020-10-27,20201027113000000,sz.002732,25.0000,25.0300,24.8000,24.8200,291100,7257850.0000,3
2020-10-27,20201027140000000,sz.002732,24.9300,24.9900,24.7600,24.8800,213900,5323903.0000,3
2020-10-27,20201027150000000,sz.002732,24.8800,25.0000,24.7500,25.0000,336600,8373327.0000,3
2020-10-28,20201028103000000,sz.002732,24.7500,25.3600,24.6200,24.9600,380700,9533744.0000,3
2020-10-28,20201028113000000,sz.002732,25.0000,25.0800,24.8000,24.9200,155000,3861821.0000,3
2020-10-28,20201028140000000,sz.002732,24.9500,25.0800,24.9000,25.0000,114500,2866354.0000,3
2020-10-28,20201028150000000,sz.002732,25.0000,25.3600,25.0000,25.3300,232463,5860301.0000,3
2020-10-29,20201029103000000,sz.002732,24.8500,25.3200,24.6000,24.8300,324000,8050442.0000,3
2020-10-29,20201029113000000,sz.002732,24.8300,25.1600,24.8200,24.9400,201359,5030319.0000,3
2020-10-29,20201029140000000,sz.002732,24.9400,25.0200,24.4400,24.5700,375000,9257713.0000,3
2020-10-29,20201029150000000,sz.002732,24.5600,24.6900,24.4700,24.5500,499656,12259661.0000,3
2020-10-30,20201030103000000,sz.002732,24.3600,24.3700,22.8000,22.9200,2017019,46888743.0000,3
2020-10-30,20201030113000000,sz.002732,22.9200,22.9400,22.4800,22.8000,744981,16936992.0000,3
2020-10-30,20201030140000000,sz.002732,22.8000,22.8300,22.3200,22.4200,467600,10542336.0000,3
2020-10-30,20201030150000000,sz.002732,22.4200,22.4600,22.2300,22.2500,620100,13847679.0000,3
2020-11-02,20201102103000000,sz.002732,22.2800,22.3900,21.5100,21.8100,1135423,24858590.0000,3
2020-11-02,20201102113000000,sz.002732,21.8100,21.9100,21.6300,21.6600,555000,12060008.0000,3
2020-11-02,20201102140000000,sz.002732,21.6600,21.8000,21.6000,21.6900,322600,7003402.0000,3
2020-11-02,20201102150000000,sz.002732,21.7000,21.8600,21.6100,21.8400,220800,4801220.0000,3
2020-11-03,20201103103000000,sz.002732,22.2000,23.1100,22.0000,22.6100,1175900,26665415.0000,3
2020-11-03,20201103113000000,sz.002732,22.6100,22.7800,22.4500,22.5500,215400,4867447.0000,3
2020-11-03,20201103140000000,sz.002732,22.5400,22.6000,22.4100,22.4500,181204,4075112.0000,3
2020-11-03,20201103150000000,sz.002732,22.4500,22.6400,22.4200,22.5500,213918,4824193.0000,3
2020-11-04,20201104103000000,sz.002732,23.0000,23.0000,22.2000,22.2200,687318,15483249.0000,3
2020-11-04,20201104113000000,sz.002732,22.2500,22.4500,22.0300,22.3400,283700,6293002.0000,3
2020-11-04,20201104140000000,sz.002732,22.3800,22.5200,22.2800,22.5100,126200,2826467.0000,3
2020-11-04,20201104150000000,sz.002732,22.5100,22.6500,22.4400,22.6000,258600,5825556.0000,3
2020-11-05,20201105103000000,sz.002732,22.6300,22.9800,22.6200,22.7300,465600,10627026.0000,3
2020-11-05,20201105113000000,sz.002732,22.7300,22.7600,22.6200,22.7500,109300,2479503.0000,3
2020-11-05,20201105140000000,sz.002732,22.7800,23.2500,22.7800,23.0100,375800,8649930.0000,3
2020-11-05,20201105150000000,sz.002732,23.0200,23.1200,22.9800,23.0900,257400,5934071.0000,3
2020-11-06,20201106103000000,sz.002732,22.9800,23.2800,22.8100,22.8400,399000,9155919.0000,3
2020-11-06,20201106113000000,sz.002732,22.8400,22.9500,22.7500,22.9200,170900,3906808.0000,3
2020-11-06,20201106140000000,sz.002732,22.9500,23.2700,22.9000,23.0000,222400,5135329.0000,3
2020-11-06,20201106150000000,sz.002732,22.9800,23.1500,22.9000,23.1300,229300,5278500.0000,3
2020-11-09,20201109103000000,sz.002732,23.2000,23.8400,23.0000,23.5200,614200,14428980.0000,3
2020-11-09,20201109113000000,sz.002732,23.5200,23.7000,23.4500,23.5400,213700,5029192.0000,3
2020-11-09,20201109140000000,sz.002732,23.5400,23.7700,23.5400,23.7400,240600,5702764.0000,3
2020-11-09,20201109150000000,sz.002732,23.7400,23.7800,23.6700,23.7100,257200,6097255.0000,3
2020-11-10,20201110103000000,sz.002732,23.8500,24.0000,23.3800,23.7800,543356,12866290.0000,3
2020-11-10,20201110113000000,sz.002732,23.7800,24.0100,23.7500,23.8200,271900,6496178.0000,3
2020-11-10,20201110140000000,sz.002732,23.8300,23.8400,23.5800,23.5900,186200,4420009.0000,3
2020-11-10,20201110150000000,sz.002732,23.5900,23.8000,23.5800,23.7800,215400,5102304.0000,3
2020-11-11,20201111103000000,sz.002732,23.7200,24.1800,23.6600,23.8100,438700,10528385.0000,3
2020-11-11,20201111113000000,sz.002732,23.8100,23.9300,23.7100,23.8300,136700,3251633.0000,3
2020-11-11,20201111140000000,sz.002732,23.8300,23.8600,23.6000,23.6900,194800,4618520.0000,3
2020-11-11,20201111150000000,sz.002732,23.6900,23.7200,23.5800,23.6200,174100,4115100.0000,3
2020-11-12,20201112103000000,sz.002732,23.5100,24.1400,23.5100,23.7500,397300,9503131.0000,3
2020-11-12,20201112113000000,sz.002732,23.7500,23.8500,23.6900,23.7600,144900,3441682.0000,3
2020-11-12,20201112140000000,sz.002732,23.7600,23.8200,23.6900,23.7100,133500,3166722.0000,3
2020-11-12,20201112150000000,sz.002732,23.7100,23.8800,23.7100,23.8700,141100,3355420.0000,3
2020-11-13,20201113103000000,sz.002732,23.8000,23.8000,23.2100,23.3100,549300,12872909.0000,3
2020-11-13,20201113113000000,sz.002732,23.3100,23.4500,23.2100,23.3500,144300,3362417.0000,3
2020-11-13,20201113140000000,sz.002732,23.3500,23.3900,23.1200,23.2300,158501,3680868.0000,3
2020-11-13,20201113150000000,sz.002732,23.1900,23.4100,23.1700,23.3600,110900,2587050.0000,3
2020-11-16,20201116103000000,sz.002732,23.3600,23.5800,23.0900,23.2700,427800,9970405.0000,3
2020-11-16,20201116113000000,sz.002732,23.2700,23.3700,23.2000,23.3300,96600,2248345.0000,3
2020-11-16,20201116140000000,sz.002732,23.3500,23.5200,23.3500,23.4500,125700,2946936.0000,3
2020-11-16,20201116150000000,sz.002732,23.4100,23.4900,23.3600,23.4500,146501,3429584.0000,3
2020-11-17,20201117103000000,sz.002732,23.3500,23.8600,22.9800,23.8200,592539,13896309.0000,3
2020-11-17,20201117113000000,sz.002732,23.7400,23.8000,23.5300,23.6200,112500,2662408.0000,3
2020-11-17,20201117140000000,sz.002732,23.6200,23.6300,23.4400,23.5900,85600,2013109.0000,3
2020-11-17,20201117150000000,sz.002732,23.5900,23.7000,23.4200,23.7000,168500,3965466.0000,3
2020-11-18,20201118103000000,sz.002732,23.5100,24.1500,23.5100,23.8400,294300,7032173.0000,3
2020-11-18,20201118113000000,sz.002732,23.8400,23.8400,23.6600,23.8100,94700,2247815.0000,3
2020-11-18,20201118140000000,sz.002732,23.7400,23.8100,23.5700,23.6800,112200,2653858.0000,3
2020-11-18,20201118150000000,sz.002732,23.6800,23.7100,23.5300,23.6800,148600,3511808.0000,3
2020-11-19,20201119103000000,sz.002732,23.8800,23.8800,23.4300,23.6600,136200,3222492.0000,3
2020-11-19,20201119113000000,sz.002732,23.6600,23.8000,23.6100,23.6200,97000,2299573.0000,3
2020-11-19,20201119140000000,sz.002732,23.6200,23.7300,23.4700,23.5800,225700,5319774.0000,3
2020-11-19,20201119150000000,sz.002732,23.5800,23.6000,23.4400,23.5500,163400,3844673.0000,3
2020-11-20,20201120103000000,sz.002732,23.5500,23.6300,23.4000,23.4900,240000,5639494.0000,3
2020-11-20,20201120113000000,sz.002732,23.4600,23.5000,23.4000,23.4700,123200,2887556.0000,3
2020-11-20,20201120140000000,sz.002732,23.5000,23.5500,23.4100,23.4800,106400,2496204.0000,3
2020-11-20,20201120150000000,sz.002732,23.5300,23.7300,23.4500,23.6300,397200,9377660.0000,3
2020-11-23,20201123103000000,sz.002732,23.5500,23.8200,23.4000,23.7200,306600,7231861.0000,3
2020-11-23,20201123113000000,sz.002732,23.7200,23.7200,23.5400,23.6200,161300,3810019.0000,3
2020-11-23,20201123140000000,sz.002732,23.6200,23.9400,23.6200,23.8500,277700,6607477.0000,3
2020-11-23,20201123150000000,sz.002732,23.8500,23.9000,23.6800,23.8800,232800,5543235.0000,3
2020-11-24,20201124103000000,sz.002732,23.8800,23.8800,23.6000,23.6200,294000,6964462.0000,3
2020-11-24,20201124113000000,sz.002732,23.6200,23.7000,23.5200,23.6000,152900,3608235.0000,3
2020-11-24,20201124140000000,sz.002732,23.6000,23.6100,23.5000,23.5200,181479,4272809.0000,3
2020-11-24,20201124150000000,sz.002732,23.5200,23.5900,23.4600,23.5100,118421,2785451.0000,3
2020-11-25,20201125103000000,sz.002732,23.5200,23.5200,22.9300,22.9800,351200,8137390.0000,3
2020-11-25,20201125113000000,sz.002732,22.9800,23.0800,22.9200,23.0400,226000,5196789.0000,3
2020-11-25,20201125140000000,sz.002732,23.0400,23.0500,22.9000,22.9300,153800,3528735.0000,3
2020-11-25,20201125150000000,sz.002732,22.9300,23.0100,22.8700,22.9400,285000,6535946.0000,3
2020-11-26,20201126103000000,sz.002732,22.8700,23.1000,22.7400,22.7900,211300,4843020.0000,3
2020-11-26,20201126113000000,sz.002732,22.7900,22.8500,22.7300,22.8000,108400,2468596.0000,3
2020-11-26,20201126140000000,sz.002732,22.8000,22.8400,22.6800,22.7100,93701,2132264.0000,3
2020-11-26,20201126150000000,sz.002732,22.7100,22.7600,22.6600,22.7400,148638,3372555.0000,3
2020-11-27,20201127103000000,sz.002732,22.6700,22.8100,22.4200,22.6100,143139,3238878.0000,3
2020-11-27,20201127113000000,sz.002732,22.6100,22.7300,22.5300,22.5300,106500,2410501.0000,3
2020-11-27,20201127140000000,sz.002732,22.5300,22.7300,22.5300,22.7000,106400,2404635.0000,3
2020-11-27,20201127150000000,sz.002732,22.7000,23.0600,22.6700,22.9500,261660,5993822.0000,3
2020-11-30,20201130103000000,sz.002732,22.8800,23.2000,22.6100,22.9700,297100,6804724.0000,3
2020-11-30,20201130113000000,sz.002732,22.9900,23.0500,22.8700,23.0500,97100,2229540.0000,3
2020-11-30,20201130140000000,sz.002732,22.9800,23.0300,22.8200,22.9000,103639,2373386.0000,3
2020-11-30,20201130150000000,sz.002732,22.9000,22.9500,22.7800,22.8700,155700,3557161.0000,3
2020-12-01,20201201103000000,sz.002732,22.7200,23.1900,22.6800,23.1700,373800,8576167.0000,3
2020-12-01,20201201113000000,sz.002732,23.1700,23.3900,23.1700,23.3400,232023,5398166.0000,3
2020-12-01,20201201140000000,sz.002732,23.3400,23.7700,23.3000,23.5100,319200,7501797.0000,3
2020-12-01,20201201150000000,sz.002732,23.5400,23.6000,23.4000,23.4900,265800,6247792.0000,3
2020-12-02,20201202103000000,sz.002732,23.5700,23.9300,23.4900,23.9000,457800,10864037.0000,3
2020-12-02,20201202113000000,sz.002732,23.9000,23.9000,23.7300,23.7800,103800,2470428.0000,3
2020-12-02,20201202140000000,sz.002732,23.7800,23.9300,23.7300,23.8600,263900,6296142.0000,3
2020-12-02,20201202150000000,sz.002732,23.8600,23.9500,23.8400,23.9100,247556,5916857.0000,3
2020-12-03,20201203103000000,sz.002732,23.8900,23.9000,23.5600,23.8600,163000,3869525.0000,3
2020-12-03,20201203113000000,sz.002732,23.8600,23.9000,23.7600,23.8200,99700,2373982.0000,3
2020-12-03,20201203140000000,sz.002732,23.8200,24.4700,23.7800,24.4000,641000,15502471.0000,3
2020-12-03,20201203150000000,sz.002732,24.4000,24.4000,23.9900,23.9900,467600,11314290.0000,3
2020-12-04,20201204103000000,sz.002732,23.9900,24.5300,23.8500,24.2000,645754,15662570.0000,3
2020-12-04,20201204113000000,sz.002732,24.2300,24.2400,24.0600,24.1500,153012,3693422.0000,3
2020-12-04,20201204140000000,sz.002732,24.1800,24.4400,24.1800,24.3200,302723,7369830.0000,3
2020-12-04,20201204150000000,sz.002732,24.3200,24.6300,24.2000,24.4400,745300,18217660.0000,3
2020-12-07,20201207103000000,sz.002732,24.5000,25.3200,24.5000,24.9100,1104331,27500861.0000,3
2020-12-07,20201207113000000,sz.002732,24.9100,24.9700,24.6000,24.6600,321600,7966016.0000,3
2020-12-07,20201207140000000,sz.002732,24.6600,24.7500,24.5400,24.5600,226200,5574299.0000,3
2020-12-07,20201207150000000,sz.002732,24.5600,24.6400,24.3000,24.4200,297504,7281322.0000,3
2020-12-08,20201208103000000,sz.002732,24.4200,24.6700,23.9700,24.1300,516400,12517917.0000,3
2020-12-08,20201208113000000,sz.002732,24.1400,24.4100,24.1400,24.3600,180300,4374653.0000,3
2020-12-08,20201208140000000,sz.002732,24.3700,24.6300,24.3200,24.4800,238951,5853195.0000,3
2020-12-08,20201208150000000,sz.002732,24.4800,24.5900,24.0500,24.4400,279800,6815175.0000,3
2020-12-09,20201209103000000,sz.002732,24.4800,25.0100,24.2000,24.2500,453228,11112659.0000,3
2020-12-09,20201209113000000,sz.002732,24.2500,24.3500,24.1000,24.1700,124500,3013825.0000,3
2020-12-09,20201209140000000,sz.002732,24.2200,24.2200,23.9400,24.0000,154100,3704865.0000,3
2020-12-09,20201209150000000,sz.002732,24.0000,24.1100,23.7500,23.8300,241600,5769112.0000,3
2020-12-10,20201210103000000,sz.002732,23.9300,24.1100,23.6000,24.0400,232800,5549618.0000,3
2020-12-10,20201210113000000,sz.002732,24.0600,24.0600,23.8700,24.0000,92900,2224617.0000,3
2020-12-10,20201210140000000,sz.002732,24.0000,24.1000,23.9400,23.9800,132400,3181757.0000,3
2020-12-10,20201210150000000,sz.002732,23.9800,23.9800,23.8000,23.8800,115200,2750273.0000,3
2020-12-11,20201211103000000,sz.002732,23.7200,23.9600,23.2700,23.5700,329000,7743715.0000,3
2020-12-11,20201211113000000,sz.002732,23.5500,23.5600,23.3000,23.3000,149700,3506201.0000,3
2020-12-11,20201211140000000,sz.002732,23.3000,23.5700,23.1200,23.1200,248013,5762812.0000,3
2020-12-11,20201211150000000,sz.002732,23.1200,23.3800,23.0500,23.2200,222200,5151495.0000,3
2020-12-14,20201214103000000,sz.002732,23.4800,24.2000,23.4100,24.1500,709200,16895031.0000,3
2020-12-14,20201214113000000,sz.002732,24.1400,24.6800,24.1100,24.5600,683700,16676519.0000,3
2020-12-14,20201214140000000,sz.002732,24.6000,24.6800,24.4600,24.5000,442549,10886111.0000,3
2020-12-14,20201214150000000,sz.002732,24.5700,24.9900,24.3800,24.9900,963678,23896141.0000,3
2020-12-15,20201215103000000,sz.002732,24.9600,25.6200,24.5500,24.9000,2022400,50701384.0000,3
2020-12-15,20201215113000000,sz.002732,24.9000,24.9000,24.5800,24.7900,399900,9892478.0000,3
2020-12-15,20201215140000000,sz.002732,24.7900,24.8800,24.6500,24.7700,222760,5512374.0000,3
2020-12-15,20201215150000000,sz.002732,24.7700,24.8800,24.6900,24.8100,459218,11383375.0000,3
2020-12-16,20201216103000000,sz.002732,24.6200,26.0100,24.4800,25.8400,2226660,56924311.0000,3
2020-12-16,20201216113000000,sz.002732,25.8400,25.8800,25.4100,25.8100,419800,10788985.0000,3
2020-12-16,20201216140000000,sz.002732,25.8100,26.3800,25.7200,26.1600,895500,23316987.0000,3
2020-12-16,20201216150000000,sz.002732,26.1600,26.2000,25.8900,26.0500,1053989,27416219.0000,3
2020-12-17,20201217103000000,sz.002732,25.6000,26.2500,25.4100,25.8300,1544668,39903071.0000,3
2020-12-17,20201217113000000,sz.002732,25.8300,25.8700,25.6600,25.8200,415573,10704714.0000,3
2020-12-17,20201217140000000,sz.002732,25.8200,26.0000,25.8000,25.8400,408800,10578394.0000,3
2020-12-17,20201217150000000,sz.002732,25.8300,25.9400,25.7500,25.9400,438500,11339976.0000,3
2020-12-18,20201218103000000,sz.002732,25.6100,25.7600,25.2400,25.5000,946500,24085255.0000,3
2020-12-18,20201218113000000,sz.002732,25.4800,25.6500,25.3300,25.4500,359036,9147185.0000,3
2020-12-18,20201218140000000,sz.002732,25.4500,25.5000,25.2600,25.2900,357900,9066433.0000,3
2020-12-18,20201218150000000,sz.002732,25.2900,25.5500,25.2600,25.5500,475109,12059959.0000,3
2020-12-21,20201221103000000,sz.002732,25.2000,25.4800,25.0200,25.4300,699000,17656813.0000,3
2020-12-21,20201221113000000,sz.002732,25.4300,25.5000,25.1900,25.2500,415900,10551893.0000,3
2020-12-21,20201221140000000,sz.002732,25.3000,25.4200,25.1300,25.3300,340303,8598907.0000,3
2020-12-21,20201221150000000,sz.002732,25.3300,25.4700,25.2700,25.4700,365267,9269583.0000,3
2020-12-22,20201222103000000,sz.002732,25.2000,25.4600,24.9000,24.9600,708542,17766918.0000,3
2020-12-22,20201222113000000,sz.002732,24.9600,25.8800,24.9000,25.6700,1049064,26818813.0000,3
2020-12-22,20201222140000000,sz.002732,25.6700,25.7300,25.2600,25.6400,517445,13206074.0000,3
2020-12-22,20201222150000000,sz.002732,25.6400,25.6400,25.0000,25.3000,528200,13370306.0000,3
2020-12-23,20201223103000000,sz.002732,25.0000,25.1500,24.5000,24.6900,1025736,25441882.0000,3
2020-12-23,20201223113000000,sz.002732,24.6900,25.5300,24.6600,25.1600,813456,20489790.0000,3
2020-12-23,20201223140000000,sz.002732,25.1500,25.2400,24.5000,24.5500,700500,17403359.0000,3
2020-12-23,20201223150000000,sz.002732,24.5500,24.7500,24.4400,24.7000,622056,15298096.0000,3
2020-12-24,20201224103000000,sz.002732,24.3700,24.6800,23.6300,23.8900,1376968,32944089.0000,3
2020-12-24,20201224113000000,sz.002732,23.8900,24.1200,23.6700,23.7500,394800,9403147.0000,3
2020-12-24,20201224140000000,sz.002732,23.7700,23.7700,23.2200,23.3500,589000,13837964.0000,3
2020-12-24,20201224150000000,sz.002732,23.3500,23.5200,23.0000,23.0500,1169041,27105134.0000,3
2020-12-25,20201225103000000,sz.002732,23.0000,23.0000,21.9800,22.0200,1664242,37132900.0000,3
2020-12-25,20201225113000000,sz.002732,22.0200,22.3500,22.0200,22.3000,391800,8702438.0000,3
2020-12-25,20201225140000000,sz.002732,22.3000,22.6100,22.3000,22.3800,409243,9193759.0000,3
2020-12-25,20201225150000000,sz.002732,22.3800,22.4900,22.2200,22.2900,454600,10145102.0000,3
2020-12-28,20201228103000000,sz.002732,22.0000,22.4800,21.6100,22.3700,1164400,25590075.0000,3
2020-12-28,20201228113000000,sz.002732,22.3800,22.4500,22.2300,22.3900,305200,6832968.0000,3
2020-12-28,20201228140000000,sz.002732,22.4000,22.5800,22.4000,22.4800,304649,6854466.0000,3
2020-12-28,20201228150000000,sz.002732,22.4800,22.4800,22.2900,22.3100,402000,8994710.0000,3
2020-12-29,20201229103000000,sz.002732,22.2700,22.3200,21.8600,22.0100,615310,13541556.0000,3
2020-12-29,20201229113000000,sz.002732,22.0000,22.0700,21.9100,21.9400,175700,3864011.0000,3
2020-12-29,20201229140000000,sz.002732,21.9400,22.2700,21.9200,22.1800,215900,4769166.0000,3
2020-12-29,20201229150000000,sz.002732,22.1800,22.2200,22.0000,22.0500,303000,6691037.0000,3
2020-12-30,20201230103000000,sz.002732,22.0500,22.1100,21.8800,22.0200,454959,9999635.0000,3
2020-12-30,20201230113000000,sz.002732,22.0200,22.1600,22.0000,22.1600,278600,6147433.0000,3
2020-12-30,20201230140000000,sz.002732,22.1500,22.1700,22.0200,22.0600,304936,6732507.0000,3
2020-12-30,20201230150000000,sz.002732,22.0600,22.2200,22.0500,22.1900,408570,9048142.0000,3
2020-12-31,20201231103000000,sz.002732,22.2500,22.4800,22.0500,22.4000,639887,14281333.0000,3
2020-12-31,20201231113000000,sz.002732,22.4000,22.4000,22.2500,22.2800,184100,4112677.0000,3
2020-12-31,20201231140000000,sz.002732,22.3000,22.3800,22.2800,22.3000,158900,3545853.0000,3
2020-12-31,20201231150000000,sz.002732,22.3000,22.3800,22.2500,22.3600,319951,7137683.0000,3
