date,time,code,open,high,low,close,volume,amount,adjustflag
2020-01-02,20200102103000000,sz.002375,5.8300,5.8900,5.7800,5.8800,2687103,15717221.0000,3
2020-01-02,20200102113000000,sz.002375,5.8800,5.9200,5.8700,5.9000,1563600,9220277.0000,3
2020-01-02,20200102140000000,sz.002375,5.9000,5.9700,5.9000,5.9200,1700300,10082381.0000,3
2020-01-02,20200102150000000,sz.002375,5.9200,5.9400,5.9100,5.9300,1284800,7613000.0000,3
2020-01-03,20200103103000000,sz.002375,5.9300,5.9600,5.8900,5.9200,3083200,18229126.0000,3
2020-01-03,20200103113000000,sz.002375,5.9200,5.9600,5.9100,5.9400,1392073,8251626.0000,3
2020-01-03,20200103140000000,sz.002375,5.9400,5.9400,5.9100,5.9200,893850,5293237.0000,3
2020-01-03,20200103150000000,sz.002375,5.9200,5.9300,5.9000,5.9000,1164900,6888165.0000,3
2020-01-06,20200106103000000,sz.002375,5.8900,5.9200,5.8300,5.9000,1385050,8130521.0000,3
2020-01-06,20200106113000000,sz.002375,5.9000,5.9000,5.8400,5.8600,1231460,7223403.0000,3
2020-01-06,20200106140000000,sz.002375,5.8600,5.9100,5.8400,5.8500,1212562,7124341.0000,3
2020-01-06,20200106150000000,sz.002375,5.8500,5.8800,5.7900,5.8700,2708961,15806215.0000,3
2020-01-07,20200107103000000,sz.002375,5.8700,5.9500,5.8400,5.9100,1731709,10243513.0000,3
2020-01-07,20200107113000000,sz.002375,5.9100,5.9200,5.8700,5.9000,700800,4128125.0000,3
2020-01-07,20200107140000000,sz.002375,5.9000,5.9300,5.8800,5.9100,1220600,7203391.0000,3
2020-01-07,20200107150000000,sz.002375,5.9100,5.9500,5.9100,5.9500,1355500,8041744.0000,3
2020-01-08,20200108103000000,sz.002375,5.9100,5.9200,5.8500,5.8600,1296400,7619785.0000,3
2020-01-08,20200108113000000,sz.002375,5.8600,5.8900,5.8500,5.8900,542299,3184751.0000,3
2020-01-08,20200108140000000,sz.002375,5.8800,5.8800,5.7700,5.7800,1552800,9032317.0000,3
2020-01-08,20200108150000000,sz.002375,5.7800,5.8100,5.7600,5.7700,1769144,10225785.0000,3
2020-01-09,20200109103000000,sz.002375,5.8200,5.8600,5.8000,5.8200,1453102,8469425.0000,3
2020-01-09,20200109113000000,sz.002375,5.8200,5.8200,5.7700,5.7800,736028,4268660.0000,3
2020-01-09,20200109140000000,sz.002375,5.7800,5.8200,5.7800,5.7900,587200,3404585.0000,3
2020-01-09,20200109150000000,sz.002375,5.7900,5.8100,5.7600,5.8000,1683900,9741407.0000,3
2020-01-10,20200110103000000,sz.002375,5.8300,5.8500,5.7900,5.8000,1250407,7272835.0000,3
2020-01-10,20200110113000000,sz.002375,5.8000,5.8000,5.7600,5.7800,672016,3880271.0000,3
2020-01-10,20200110140000000,sz.002375,5.7800,5.7800,5.7400,5.7800,708271,4080172.0000,3
2020-01-10,20200110150000000,sz.002375,5.7800,5.7900,5.7500,5.7600,969472,5591805.0000,3
2020-01-13,20200113103000000,sz.002375,5.7800,5.8000,5.7200,5.7700,1202325,6907467.0000,3
2020-01-13,20200113113000000,sz.002375,5.7600,5.8100,5.7500,5.8000,494607,2862890.0000,3
2020-01-13,20200113140000000,sz.002375,5.8000,5.8300,5.7800,5.8300,765200,4441022.0000,3
2020-01-13,20200113150000000,sz.002375,5.8300,5.9000,5.8100,5.8900,1926700,11288866.0000,3
2020-01-14,20200114103000000,sz.002375,5.8700,5.9200,5.8600,5.8900,1646715,9699521.0000,3
2020-01-14,20200114113000000,sz.002375,5.8900,5.9000,5.8600,5.8600,675200,3970784.0000,3
2020-01-14,20200114140000000,sz.002375,5.8600,5.8900,5.8500,5.8800,607537,3568350.0000,3
2020-01-14,20200114150000000,sz.002375,5.8800,5.9000,5.8500,5.8500,1328750,7802703.0000,3
2020-01-15,20200115103000000,sz.002375,5.8700,5.8700,5.7400,5.7700,1390500,8055380.0000,3
2020-01-15,20200115113000000,sz.002375,5.7700,5.7800,5.7200,5.7400,866300,4979670.0000,3
2020-01-15,20200115140000000,sz.002375,5.7400,5.7500,5.7300,5.7500,528200,3030356.0000,3
2020-01-15,20200115150000000,sz.002375,5.7400,5.7700,5.7300,5.7500,1267983,7290376.0000,3
2020-01-16,20200116103000000,sz.002375,5.7500,5.7800,5.6700,5.7700,1587900,9114300.0000,3
2020-01-16,20200116113000000,sz.002375,5.7500,5.7700,5.7000,5.7300,540300,3097272.0000,3
2020-01-16,20200116140000000,sz.002375,5.7300,5.7400,5.7000,5.7300,750534,4291654.0000,3
2020-01-16,20200116150000000,sz.002375,5.7300,5.7300,5.6900,5.7300,816127,4662137.0000,3
2020-01-17,20200117103000000,sz.002375,5.7100,5.7600,5.7000,5.7200,809104,4631295.0000,3
2020-01-17,20200117113000000,sz.002375,5.7200,5.7500,5.6600,5.6600,896327,5117059.0000,3
2020-01-17,20200117140000000,sz.002375,5.6600,5.6900,5.6500,5.6800,535336,3032453.0000,3
2020-01-17,20200117150000000,sz.002375,5.6800,5.6900,5.6100,5.6700,1042758,5891084.0000,3
2020-01-20,20200120103000000,sz.002375,5.6700,5.6900,5.6000,5.6500,1622300,9137470.0000,3
2020-01-20,20200120113000000,sz.002375,5.6500,5.7000,5.6300,5.6800,768023,4351952.0000,3
2020-01-20,20200120140000000,sz.002375,5.6800,5.7000,5.6700,5.6800,441600,2510727.0000,3
2020-01-20,20200120150000000,sz.002375,5.6800,5.7100,5.6700,5.7000,622400,3543347.0000,3
2020-01-21,20200121103000000,sz.002375,5.7100,5.7100,5.6100,5.6100,1618426,9127513.0000,3
2020-01-21,20200121113000000,sz.002375,5.6100,5.6300,5.5700,5.6100,1496500,8370943.0000,3
2020-01-21,20200121140000000,sz.002375,5.6100,5.6200,5.5800,5.5900,717350,4015212.0000,3
2020-01-21,20200121150000000,sz.002375,5.5900,5.6200,5.5700,5.5800,645592,3613050.0000,3
2020-01-22,20200122103000000,sz.002375,5.5800,5.5900,5.5200,5.5500,1403460,7786113.0000,3
2020-01-22,20200122113000000,sz.002375,5.5500,5.6200,5.5500,5.6200,677823,3783173.0000,3
2020-01-22,20200122140000000,sz.002375,5.6200,5.6600,5.6100,5.6500,726400,4097051.0000,3
2020-01-22,20200122150000000,sz.002375,5.6500,5.6600,5.6300,5.6500,988500,5582639.0000,3
2020-01-23,20200123103000000,sz.002375,5.6200,5.6400,5.5800,5.5900,1228250,6887710.0000,3
2020-01-23,20200123113000000,sz.002375,5.5900,5.5900,5.4400,5.4900,2353528,12983009.0000,3
2020-01-23,20200123140000000,sz.002375,5.4900,5.5000,5.3200,5.3700,1759100,9520241.0000,3
2020-01-23,20200123150000000,sz.002375,5.3700,5.4200,5.2900,5.3800,2031715,10869679.0000,3
2020-02-03,20200203103000000,sz.002375,4.8400,4.8600,4.8400,4.8400,4609300,22311344.0000,3
2020-02-03,20200203113000000,sz.002375,4.8400,4.8400,4.8400,4.8400,335200,1622368.0000,3
2020-02-03,20200203140000000,sz.002375,4.8400,4.8400,4.8400,4.8400,257600,1246784.0000,3
2020-02-03,20200203150000000,sz.002375,4.8400,4.8400,4.8400,4.8400,119800,579832.0000,3
2020-02-04,20200204103000000,sz.002375,4.7000,4.9000,4.7000,4.8500,4297873,20740746.0000,3
2020-02-04,20200204113000000,sz.002375,4.8500,4.8500,4.7500,4.7900,1464000,7014641.0000,3
2020-02-04,20200204140000000,sz.002375,4.7900,4.8500,4.7700,4.8300,1456850,7016052.0000,3
2020-02-04,20200204150000000,sz.002375,4.8300,4.8400,4.8000,4.8200,1477100,7124997.0000,3
2020-02-05,20200205103000000,sz.002375,4.8400,4.9400,4.8100,4.9400,2819914,13749945.0000,3
2020-02-05,20200205113000000,sz.002375,4.9400,4.9500,4.9000,4.9100,1350904,6651477.0000,3
2020-02-05,20200205140000000,sz.002375,4.9200,4.9500,4.8700,4.8800,1668677,8179782.0000,3
2020-02-05,20200205150000000,sz.002375,4.8800,4.9200,4.8800,4.9200,1097560,5376589.0000,3
2020-02-06,20200206103000000,sz.002375,4.9300,4.9900,4.8300,4.9400,3840963,18838244.0000,3
2020-02-06,20200206113000000,sz.002375,4.9400,4.9800,4.9200,4.9600,1852000,9176984.0000,3
2020-02-06,20200206140000000,sz.002375,4.9600,5.0400,4.9500,5.0300,2378694,11893333.0000,3
2020-02-06,20200206150000000,sz.002375,5.0200,5.0500,5.0000,5.0300,1930100,9694973.0000,3
2020-02-07,20200207103000000,sz.002375,5.2300,5.2300,5.0000,5.0700,5247451,26739583.0000,3
2020-02-07,20200207113000000,sz.002375,5.0700,5.0800,4.9900,5.0000,1467537,7370627.0000,3
2020-02-07,20200207140000000,sz.002375,5.0000,5.0200,4.9700,5.0000,1435653,7163499.0000,3
2020-02-07,20200207150000000,sz.002375,5.0000,5.0500,4.9900,5.0300,1566918,7865983.0000,3
2020-02-10,20200210103000000,sz.002375,5.0000,5.1000,4.9700,5.0600,3206327,16146115.0000,3
2020-02-10,20200210113000000,sz.002375,5.0600,5.0800,5.0300,5.0400,1322140,6684957.0000,3
2020-02-10,20200210140000000,sz.002375,5.0400,5.0600,5.0300,5.0500,1023350,5160379.0000,3
2020-02-10,20200210150000000,sz.002375,5.0500,5.1000,5.0500,5.0800,1597611,8103781.0000,3
2020-02-11,20200211103000000,sz.002375,5.0800,5.1100,5.0500,5.0500,2191200,11117089.0000,3
2020-02-11,20200211113000000,sz.002375,5.0500,5.0700,5.0200,5.0500,1159579,5848329.0000,3
2020-02-11,20200211140000000,sz.002375,5.0500,5.0600,5.0300,5.0500,798305,4027651.0000,3
2020-02-11,20200211150000000,sz.002375,5.0500,5.0700,5.0300,5.0400,1856249,9370144.0000,3
2020-02-12,20200212103000000,sz.002375,5.0500,5.1100,5.0400,5.0600,2214062,11254467.0000,3
2020-02-12,20200212113000000,sz.002375,5.0600,5.0800,5.0300,5.0500,1578299,7969704.0000,3
2020-02-12,20200212140000000,sz.002375,5.0600,5.0800,5.0500,5.0600,1015500,5140060.0000,3
2020-02-12,20200212150000000,sz.002375,5.0600,5.1900,5.0600,5.1600,4783833,24507216.0000,3
2020-02-13,20200213103000000,sz.002375,5.1700,5.2000,5.0700,5.0900,3640400,18678008.0000,3
2020-02-13,20200213113000000,sz.002375,5.0900,5.1100,5.0400,5.0600,2171000,11002438.0000,3
2020-02-13,20200213140000000,sz.002375,5.0600,5.0700,5.0200,5.0400,1083179,5467925.0000,3
2020-02-13,20200213150000000,sz.002375,5.0400,5.0700,5.0400,5.0500,964162,4873676.0000,3
2020-02-14,20200214103000000,sz.002375,5.0400,5.0500,5.0000,5.0400,1394345,7018717.0000,3
2020-02-14,20200214113000000,sz.002375,5.0400,5.0600,5.0300,5.0400,973150,4913138.0000,3
2020-02-14,20200214140000000,sz.002375,5.0400,5.0500,5.0200,5.0300,905400,4558706.0000,3
2020-02-14,20200214150000000,sz.002375,5.0300,5.0400,5.0000,5.0200,1567959,7860338.0000,3
2020-02-17,20200217103000000,sz.002375,5.0600,5.1300,5.0300,5.1300,3830412,19546215.0000,3
2020-02-17,20200217113000000,sz.002375,5.1300,5.1800,5.1100,5.1500,2041673,10521563.0000,3
2020-02-17,20200217140000000,sz.002375,5.1500,5.1800,5.1500,5.1700,1354800,6998247.0000,3
2020-02-17,20200217150000000,sz.002375,5.1700,5.2000,5.1600,5.1800,2267800,11745838.0000,3
2020-02-18,20200218103000000,sz.002375,5.1900,5.2300,5.1600,5.1800,3505463,18207170.0000,3
2020-02-18,20200218113000000,sz.002375,5.1800,5.1900,5.1400,5.1500,1725350,8902130.0000,3
2020-02-18,20200218140000000,sz.002375,5.1500,5.1800,5.1500,5.1800,1365400,7046487.0000,3
2020-02-18,20200218150000000,sz.002375,5.1700,5.2000,5.1600,5.2000,1454700,7532336.0000,3
2020-02-19,20200219103000000,sz.002375,5.1800,5.2100,5.1500,5.1800,1679600,8701107.0000,3
2020-02-19,20200219113000000,sz.002375,5.1800,5.2000,5.1700,5.1900,780452,4044544.0000,3
2020-02-19,20200219140000000,sz.002375,5.1900,5.1900,5.1600,5.1600,1003036,5189199.0000,3
2020-02-19,20200219150000000,sz.002375,5.1600,5.1700,5.1300,5.1300,2766141,14232314.0000,3
2020-02-20,20200220103000000,sz.002375,5.1400,5.2000,5.1300,5.1500,2163700,11162050.0000,3
2020-02-20,20200220113000000,sz.002375,5.1300,5.1800,5.1300,5.1800,916181,4725186.0000,3
2020-02-20,20200220140000000,sz.002375,5.1700,5.2100,5.1700,5.2000,1811519,9395265.0000,3
2020-02-20,20200220150000000,sz.002375,5.2000,5.2300,5.1900,5.2200,1887936,9845786.0000,3
2020-02-21,20200221103000000,sz.002375,5.2100,5.2500,5.2000,5.2100,2587981,13493285.0000,3
2020-02-21,20200221113000000,sz.002375,5.2000,5.2100,5.1800,5.2000,1914889,9950219.0000,3
2020-02-21,20200221140000000,sz.002375,5.2100,5.2600,5.2000,5.2100,2709881,14174037.0000,3
2020-02-21,20200221150000000,sz.002375,5.2100,5.2400,5.2100,5.2300,1598400,8350686.0000,3
2020-02-24,20200224103000000,sz.002375,5.2200,5.2300,5.1200,5.1400,4380300,22652958.0000,3
2020-02-24,20200224113000000,sz.002375,5.1400,5.1800,5.1200,5.1800,1816001,9334207.0000,3
2020-02-24,20200224140000000,sz.002375,5.1700,5.1800,5.1400,5.1600,1959250,10095334.0000,3
2020-02-24,20200224150000000,sz.002375,5.1600,5.1800,5.1200,5.1500,3251794,16740983.0000,3
2020-02-25,20200225103000000,sz.002375,5.0500,5.2700,5.0300,5.2200,8908453,46123856.0000,3
2020-02-25,20200225113000000,sz.002375,5.2200,5.2400,5.1100,5.1300,4366804,22550483.0000,3
2020-02-25,20200225140000000,sz.002375,5.1400,5.1800,5.1200,5.1700,3115400,16042717.0000,3
2020-02-25,20200225150000000,sz.002375,5.1700,5.2500,5.1600,5.2400,3988947,20791085.0000,3
2020-02-26,20200226103000000,sz.002375,5.1500,5.3900,5.1400,5.3500,9181262,48336830.0000,3
2020-02-26,20200226113000000,sz.002375,5.3500,5.4000,5.3000,5.3700,2625400,14034791.0000,3
2020-02-26,20200226140000000,sz.002375,5.3700,5.4100,5.3400,5.3500,2471200,13278396.0000,3
2020-02-26,20200226150000000,sz.002375,5.3500,5.3900,5.2700,5.2800,3417151,18201544.0000,3
2020-02-27,20200227103000000,sz.002375,5.3100,5.4700,5.3100,5.4000,6937993,37473798.0000,3
2020-02-27,20200227113000000,sz.002375,5.4000,5.4400,5.4000,5.4400,1766441,9555033.0000,3
2020-02-27,20200227140000000,sz.002375,5.4400,5.4400,5.3700,5.3700,2533459,13672401.0000,3
2020-02-27,20200227150000000,sz.002375,5.3700,5.3800,5.3000,5.3300,2479748,13223447.0000,3
2020-02-28,20200228103000000,sz.002375,5.1700,5.2900,5.1500,5.1800,4856100,25329634.0000,3
2020-02-28,20200228113000000,sz.002375,5.1600,5.1800,5.1300,5.1400,2059500,10616362.0000,3
2020-02-28,20200228140000000,sz.002375,5.1200,5.1500,5.0900,5.1400,2468006,12626146.0000,3
2020-02-28,20200228150000000,sz.002375,5.1400,5.1500,5.0400,5.0400,4443000,22525067.0000,3
2020-03-02,20200302103000000,sz.002375,5.1100,5.3900,5.1100,5.3400,7354103,38606978.0000,3
2020-03-02,20200302113000000,sz.002375,5.3400,5.4400,5.3400,5.4100,3920040,21179097.0000,3
2020-03-02,20200302140000000,sz.002375,5.4100,5.4300,5.3500,5.3800,2347021,12658822.0000,3
2020-03-02,20200302150000000,sz.002375,5.3700,5.4100,5.3600,5.4000,2391800,12896416.0000,3
2020-03-03,20200303103000000,sz.002375,5.4600,5.6200,5.4200,5.4600,9625300,52976489.0000,3
2020-03-03,20200303113000000,sz.002375,5.4500,5.4500,5.3800,5.3800,5219595,28285104.0000,3
2020-03-03,20200303140000000,sz.002375,5.3900,5.4100,5.3200,5.3300,3671912,19706390.0000,3
2020-03-03,20200303150000000,sz.002375,5.3400,5.4300,5.3200,5.3600,3205219,17237993.0000,3
2020-03-04,20200304103000000,sz.002375,5.3700,5.5200,5.3300,5.4900,7302161,39849564.0000,3
2020-03-04,20200304113000000,sz.002375,5.4900,5.5400,5.4400,5.5200,3167571,17394780.0000,3
2020-03-04,20200304140000000,sz.002375,5.5200,5.5400,5.4800,5.5100,2620423,14431060.0000,3
2020-03-04,20200304150000000,sz.002375,5.5100,5.5800,5.4900,5.5700,3947939,21906853.0000,3
2020-03-05,20200305103000000,sz.002375,5.6000,5.6800,5.5400,5.5900,6336963,35523959.0000,3
2020-03-05,20200305113000000,sz.002375,5.5900,5.6400,5.5700,5.6200,2159733,12103307.0000,3
2020-03-05,20200305140000000,sz.002375,5.6200,5.6600,5.6100,5.6300,2585847,14588643.0000,3
2020-03-05,20200305150000000,sz.002375,5.6400,5.6600,5.6000,5.6300,3030900,17088541.0000,3
2020-03-06,20200306103000000,sz.002375,5.5600,5.6500,5.5000,5.5400,4289150,23867814.0000,3
2020-03-06,20200306113000000,sz.002375,5.5400,5.5700,5.5300,5.5600,1393100,7726773.0000,3
2020-03-06,20200306140000000,sz.002375,5.5600,5.6200,5.5500,5.6100,1463200,8185728.0000,3
2020-03-06,20200306150000000,sz.002375,5.6100,5.6300,5.5700,5.5700,1830300,10245326.0000,3
2020-03-09,20200309103000000,sz.002375,5.5000,5.5800,5.4800,5.5000,4288270,23658392.0000,3
2020-03-09,20200309113000000,sz.002375,5.5000,5.5000,5.4300,5.4600,2267600,12387144.0000,3
2020-03-09,20200309140000000,sz.002375,5.4600,5.4800,5.3900,5.4700,2255600,12256079.0000,3
2020-03-09,20200309150000000,sz.002375,5.4600,5.4900,5.4000,5.4200,3069950,16729646.0000,3
2020-03-10,20200310103000000,sz.002375,5.4000,5.7100,5.3800,5.6800,9824777,54853957.0000,3
2020-03-10,20200310113000000,sz.002375,5.6600,5.8700,5.6300,5.8600,7996696,45884206.0000,3
2020-03-10,20200310140000000,sz.002375,5.8500,5.8900,5.7600,5.7800,2825210,16432307.0000,3
2020-03-10,20200310150000000,sz.002375,5.7800,5.8600,5.7800,5.8200,2515550,14634240.0000,3
2020-03-11,20200311103000000,sz.002375,5.7500,5.8500,5.7200,5.7400,5522659,31818428.0000,3
2020-03-11,20200311113000000,sz.002375,5.7400,5.7500,5.6800,5.7100,2379321,13601635.0000,3
2020-03-11,20200311140000000,sz.002375,5.7100,5.7300,5.6700,5.7100,1743972,9941280.0000,3
2020-03-11,20200311150000000,sz.002375,5.7100,5.7900,5.6700,5.7100,3206836,18406309.0000,3
2020-03-12,20200312103000000,sz.002375,5.6500,6.2800,5.6400,6.2800,26045338,158747288.0000,3
2020-03-12,20200312113000000,sz.002375,6.2800,6.2800,6.2800,6.2800,1202395,7551040.0000,3
2020-03-12,20200312140000000,sz.002375,6.2800,6.2800,6.2800,6.2800,1047225,6576573.0000,3
2020-03-12,20200312150000000,sz.002375,6.2800,6.2800,6.2500,6.2800,8889671,55817506.0000,3
2020-03-13,20200313103000000,sz.002375,6.0900,6.5800,6.0200,6.5100,27031711,170235085.0000,3
2020-03-13,20200313113000000,sz.002375,6.5100,6.5400,6.3500,6.3700,6001407,38696774.0000,3
2020-03-13,20200313140000000,sz.002375,6.3600,6.7600,6.3600,6.5900,8639180,56944319.0000,3
2020-03-13,20200313150000000,sz.002375,6.5900,6.6000,6.4500,6.5500,5156368,33663278.0000,3
2020-03-16,20200316103000000,sz.002375,6.4900,6.4900,6.2300,6.2400,14521206,92283828.0000,3
2020-03-16,20200316113000000,sz.002375,6.2500,6.3300,6.2100,6.2400,3335400,20901523.0000,3
2020-03-16,20200316140000000,sz.002375,6.2400,6.3400,6.2000,6.2300,3918773,24516593.0000,3
2020-03-16,20200316150000000,sz.002375,6.2300,6.2500,5.9700,6.1200,6658559,40791917.0000,3
2020-03-17,20200317103000000,sz.002375,6.1600,6.3400,6.1000,6.2200,11134218,69411598.0000,3
2020-03-17,20200317113000000,sz.002375,6.2200,6.3300,6.1500,6.3300,4294463,26822991.0000,3
2020-03-17,20200317140000000,sz.002375,6.3400,6.5100,6.3200,6.4200,6119367,39204778.0000,3
2020-03-17,20200317150000000,sz.002375,6.4200,6.4900,6.3500,6.4900,5556818,35806468.0000,3
2020-03-18,20200318103000000,sz.002375,6.4600,6.6800,6.4100,6.4200,10410736,67839581.0000,3
2020-03-18,20200318113000000,sz.002375,6.4200,6.5800,6.4100,6.5400,3020767,19570264.0000,3
2020-03-18,20200318140000000,sz.002375,6.5500,6.5500,6.2500,6.2900,4664573,29813300.0000,3
2020-03-18,20200318150000000,sz.002375,6.2800,6.3100,6.1100,6.1100,5001914,30894400.0000,3
2020-03-19,20200319103000000,sz.002375,6.0500,6.2400,6.0500,6.1300,6167481,37953045.0000,3
2020-03-19,20200319113000000,sz.002375,6.1300,6.1700,6.0200,6.1000,3004050,18299182.0000,3
2020-03-19,20200319140000000,sz.002375,6.1000,6.1400,6.0400,6.0700,2762100,16806857.0000,3
2020-03-19,20200319150000000,sz.002375,6.0700,6.1100,5.9900,6.0500,4616031,27880466.0000,3
2020-03-20,20200320103000000,sz.002375,6.1000,6.4700,6.0600,6.3600,9025973,56883894.0000,3
2020-03-20,20200320113000000,sz.002375,6.3400,6.4400,6.3200,6.3900,2787000,17748989.0000,3
2020-03-20,20200320140000000,sz.002375,6.4300,6.4600,6.2300,6.2700,4260050,26995753.0000,3
2020-03-20,20200320150000000,sz.002375,6.2700,6.4200,6.2400,6.3800,3591701,22730346.0000,3
2020-03-23,20200323103000000,sz.002375,6.2500,6.2800,6.1000,6.2600,7190187,44371040.0000,3
2020-03-23,20200323113000000,sz.002375,6.2500,6.4600,6.2300,6.4500,4118408,26254841.0000,3
2020-03-23,20200323140000000,sz.002375,6.4400,6.5800,6.4000,6.5800,4038793,26239344.0000,3
2020-03-23,20200323150000000,sz.002375,6.5800,6.6000,6.3800,6.4200,4646900,30066867.0000,3
2020-03-24,20200324103000000,sz.002375,6.5000,6.6400,6.3800,6.4400,5713304,37122895.0000,3
2020-03-24,20200324113000000,sz.002375,6.4400,6.4500,6.3300,6.3600,1794368,11463971.0000,3
2020-03-24,20200324140000000,sz.002375,6.3700,6.3900,6.2700,6.3900,1985400,12549478.0000,3
2020-03-24,20200324150000000,sz.002375,6.3600,6.5400,6.3300,6.5100,3169500,20440276.0000,3
2020-03-25,20200325103000000,sz.002375,6.5400,6.5800,6.3400,6.3800,5701350,36662849.0000,3
2020-03-25,20200325113000000,sz.002375,6.3800,6.4100,6.3300,6.3700,2344700,14924153.0000,3
2020-03-25,20200325140000000,sz.002375,6.3800,6.4900,6.3300,6.4800,3375500,21639455.0000,3
2020-03-25,20200325150000000,sz.002375,6.4800,6.4800,6.4000,6.4400,3248700,20935968.0000,3
2020-03-26,20200326103000000,sz.002375,6.4400,6.4500,6.2100,6.2900,5442300,34107920.0000,3
2020-03-26,20200326113000000,sz.002375,6.2900,6.3400,6.2500,6.3200,2022600,12732070.0000,3
2020-03-26,20200326140000000,sz.002375,6.3200,6.4000,6.3000,6.3600,1322600,8413987.0000,3
2020-03-26,20200326150000000,sz.002375,6.3600,6.4700,6.3500,6.3700,3313267,21212444.0000,3
2020-03-27,20200327103000000,sz.002375,6.3700,6.6600,6.3500,6.6500,5654050,36782124.0000,3
2020-03-27,20200327113000000,sz.002375,6.6500,6.8500,6.5500,6.8100,9105006,60983385.0000,3
2020-03-27,20200327140000000,sz.002375,6.8000,6.9400,6.7700,6.8100,4602669,31493902.0000,3
2020-03-27,20200327150000000,sz.002375,6.8100,6.9000,6.7500,6.8100,6296001,43034851.0000,3
2020-03-30,20200330103000000,sz.002375,6.7100,6.9200,6.6200,6.8700,9017258,61184745.0000,3
2020-03-30,20200330113000000,sz.002375,6.8700,6.9800,6.8300,6.9000,3646850,25206210.0000,3
2020-03-30,20200330140000000,sz.002375,6.9100,6.9200,6.7200,6.8900,3171900,21641195.0000,3
2020-03-30,20200330150000000,sz.002375,6.8900,7.1000,6.8500,7.0300,8208358,57467190.0000,3
2020-03-31,20200331103000000,sz.002375,7.1000,7.1100,6.8100,6.9300,5250540,36403289.0000,3
2020-03-31,20200331113000000,sz.002375,6.9300,7.0600,6.9000,7.0100,2459400,17212939.0000,3
2020-03-31,20200331140000000,sz.002375,7.0200,7.0200,6.8900,6.9100,2113817,14663181.0000,3
2020-03-31,20200331150000000,sz.002375,6.9100,6.9400,6.8500,6.9300,2782717,19178376.0000,3
2020-04-01,20200401103000000,sz.002375,6.8200,6.9400,6.7000,6.7600,5084200,34618929.0000,3
2020-04-01,20200401113000000,sz.002375,6.7600,6.8500,6.7600,6.7900,1626283,11077275.0000,3
2020-04-01,20200401140000000,sz.002375,6.7900,6.8400,6.7400,6.7900,1358600,9211329.0000,3
2020-04-01,20200401150000000,sz.002375,6.7900,6.8200,6.6800,6.6900,2360050,15902348.0000,3
2020-04-02,20200402103000000,sz.002375,6.6600,6.8800,6.6600,6.7700,3485027,23643910.0000,3
2020-04-02,20200402113000000,sz.002375,6.7700,6.7700,6.6800,6.7000,1893027,12708291.0000,3
2020-04-02,20200402140000000,sz.002375,6.7000,6.7300,6.6300,6.7000,1459733,9748545.0000,3
2020-04-02,20200402150000000,sz.002375,6.7000,6.7900,6.6900,6.7800,2208181,14886621.0000,3
2020-04-03,20200403103000000,sz.002375,6.7400,6.8300,6.5800,6.6400,3923850,26171303.0000,3
2020-04-03,20200403113000000,sz.002375,6.6400,6.7000,6.5900,6.6200,1906300,12684070.0000,3
2020-04-03,20200403140000000,sz.002375,6.6200,6.6500,6.6100,6.6300,724100,4798903.0000,3
2020-04-03,20200403150000000,sz.002375,6.6300,6.6500,6.5900,6.6000,2423119,16014157.0000,3
2020-04-07,20200407103000000,sz.002375,6.6700,6.8200,6.5600,6.7900,5788816,38822700.0000,3
2020-04-07,20200407113000000,sz.002375,6.7900,6.9700,6.7900,6.9100,3069722,21148921.0000,3
2020-04-07,20200407140000000,sz.002375,6.9100,6.9200,6.8400,6.9100,1299484,8944205.0000,3
2020-04-07,20200407150000000,sz.002375,6.9000,6.9200,6.8500,6.8800,1785150,12284670.0000,3
2020-04-08,20200408103000000,sz.002375,6.8200,6.8800,6.7600,6.8500,3140561,21417524.0000,3
2020-04-08,20200408113000000,sz.002375,6.8500,6.8500,6.7800,6.7900,741470,5042525.0000,3
2020-04-08,20200408140000000,sz.002375,6.7800,6.8400,6.7800,6.8400,1081499,7363801.0000,3
2020-04-08,20200408150000000,sz.002375,6.8300,6.8400,6.7900,6.8000,1440993,9807731.0000,3
2020-04-09,20200409103000000,sz.002375,6.8200,6.9200,6.7600,6.8000,1608870,10978603.0000,3
2020-04-09,20200409113000000,sz.002375,6.8000,6.9000,6.8000,6.9000,1492793,10214017.0000,3
2020-04-09,20200409140000000,sz.002375,6.9100,7.0300,6.9000,6.9400,2853470,19836451.0000,3
2020-04-09,20200409150000000,sz.002375,6.9400,6.9500,6.8300,6.8400,1828787,12587789.0000,3
2020-04-10,20200410103000000,sz.002375,6.8400,6.9000,6.7700,6.8000,1446500,9854729.0000,3
2020-04-10,20200410113000000,sz.002375,6.8000,6.8100,6.7100,6.7200,1688046,11402371.0000,3
2020-04-10,20200410140000000,sz.002375,6.7200,6.7400,6.6400,6.6700,1643000,10981858.0000,3
2020-04-10,20200410150000000,sz.002375,6.6700,6.7400,6.6200,6.6800,2119325,14151332.0000,3
2020-04-13,20200413103000000,sz.002375,6.6300,6.6600,6.4500,6.6500,3277115,21423209.0000,3
2020-04-13,20200413113000000,sz.002375,6.6500,6.7700,6.6100,6.7500,1392500,9354138.0000,3
2020-04-13,20200413140000000,sz.002375,6.7300,6.8400,6.7100,6.8200,1718500,11682472.0000,3
2020-04-13,20200413150000000,sz.002375,6.8200,7.0400,6.8200,7.0200,5109861,35615231.0000,3
2020-04-14,20200414103000000,sz.002375,7.0100,7.1900,6.9600,7.1200,5309955,37650352.0000,3
2020-04-14,20200414113000000,sz.002375,7.1200,7.3100,7.1100,7.2100,3536615,25482352.0000,3
2020-04-14,20200414140000000,sz.002375,7.2100,7.2200,7.1200,7.2000,2319000,16624047.0000,3
2020-04-14,20200414150000000,sz.002375,7.2000,7.2200,7.0900,7.1300,3304074,23578832.0000,3
2020-04-15,20200415103000000,sz.002375,7.1600,7.1900,7.0600,7.0800,3197389,22738642.0000,3
2020-04-15,20200415113000000,sz.002375,7.0800,7.2800,7.0800,7.1900,3923281,28262496.0000,3
2020-04-15,20200415140000000,sz.002375,7.1900,7.2100,7.0800,7.1400,1564300,11148397.0000,3
2020-04-15,20200415150000000,sz.002375,7.1400,7.1400,7.0600,7.1100,2764301,19605196.0000,3
2020-04-16,20200416103000000,sz.002375,7.0500,7.1300,7.0300,7.0700,2177400,15377196.0000,3
2020-04-16,20200416113000000,sz.002375,7.0700,7.1000,7.0300,7.0700,942800,6656200.0000,3
2020-04-16,20200416140000000,sz.002375,7.0700,7.1800,7.0400,7.1600,2548700,18133594.0000,3
2020-04-16,20200416150000000,sz.002375,7.1600,7.2400,7.1100,7.2300,2870250,20670840.0000,3
2020-04-17,20200417103000000,sz.002375,7.2100,7.6800,7.2000,7.4900,8849634,66042926.0000,3
2020-04-17,20200417113000000,sz.002375,7.4900,7.5300,7.4300,7.4800,1209850,9037272.0000,3
2020-04-17,20200417140000000,sz.002375,7.5000,7.9000,7.5000,7.7900,7662386,59100060.0000,3
2020-04-17,20200417150000000,sz.002375,7.7900,7.8400,7.7300,7.8000,4358272,33939842.0000,3
2020-04-20,20200420103000000,sz.002375,7.8800,8.1800,7.7500,7.7800,10953472,86940761.0000,3
2020-04-20,20200420113000000,sz.002375,7.7800,7.8100,7.7100,7.7100,2030223,15738281.0000,3
2020-04-20,20200420140000000,sz.002375,7.6900,7.9800,7.6300,7.9800,4948500,38452085.0000,3
2020-04-20,20200420150000000,sz.002375,7.9700,8.0500,7.8600,8.0000,5150405,40974475.0000,3
2020-04-21,20200421103000000,sz.002375,7.9800,8.8000,7.8600,8.8000,25514852,218512458.0000,3
2020-04-21,20200421113000000,sz.002375,8.8000,8.8000,8.8000,8.8000,1043600,9183680.0000,3
2020-04-21,20200421140000000,sz.002375,8.8000,8.8000,8.8000,8.8000,459536,4043916.0000,3
2020-04-21,20200421150000000,sz.002375,8.8000,8.8000,8.8000,8.8000,241901,2128729.0000,3
2020-04-22,20200422103000000,sz.002375,8.8800,9.6600,8.7300,9.1700,25040365,229645753.0000,3
2020-04-22,20200422113000000,sz.002375,9.1700,9.2400,8.8700,9.0100,7027650,63400471.0000,3
2020-04-22,20200422140000000,sz.002375,9.0100,9.2000,8.7800,8.8400,7065213,63435808.0000,3
2020-04-22,20200422150000000,sz.002375,8.8400,9.0200,8.6800,9.0000,8675677,76884336.0000,3
2020-04-23,20200423103000000,sz.002375,8.8400,9.4400,8.8400,9.3300,19269262,176948474.0000,3
2020-04-23,20200423113000000,sz.002375,9.3300,9.3700,9.0700,9.2500,3511673,32407475.0000,3
2020-04-23,20200423140000000,sz.002375,9.2500,9.2800,9.1200,9.1500,2431800,22370436.0000,3
2020-04-23,20200423150000000,sz.002375,9.1500,9.2000,9.0200,9.1600,5233763,47682591.0000,3
2020-04-24,20200424103000000,sz.002375,9.0200,9.2500,8.8200,9.0300,9851790,88726731.0000,3
2020-04-24,20200424113000000,sz.002375,9.0200,9.1100,8.9100,8.9600,3072200,27675159.0000,3
2020-04-24,20200424140000000,sz.002375,8.9500,9.0800,8.7500,8.8000,6792019,60456185.0000,3
2020-04-24,20200424150000000,sz.002375,8.8000,8.9800,8.7500,8.7500,6825308,60349705.0000,3
2020-04-27,20200427103000000,sz.002375,8.7300,9.0000,8.7000,8.7700,8806176,77698339.0000,3
2020-04-27,20200427113000000,sz.002375,8.7600,8.8600,8.6900,8.8000,2649549,23228674.0000,3
2020-04-27,20200427140000000,sz.002375,8.7900,8.8300,8.6900,8.7600,3027800,26453905.0000,3
2020-04-27,20200427150000000,sz.002375,8.7600,8.8300,8.7200,8.7800,3030050,26561868.0000,3
2020-04-28,20200428103000000,sz.002375,8.8500,8.8600,8.4600,8.7400,7325472,63171163.0000,3
2020-04-28,20200428113000000,sz.002375,8.7500,8.9200,8.7400,8.9000,3413538,30203353.0000,3
2020-04-28,20200428140000000,sz.002375,8.8900,8.9200,8.7800,8.8700,1740131,15377699.0000,3
2020-04-28,20200428150000000,sz.002375,8.8700,8.8700,8.6900,8.6900,3561765,31210748.0000,3
2020-04-29,20200429103000000,sz.002375,8.8600,8.8700,8.6100,8.7600,4191414,36647465.0000,3
2020-04-29,20200429113000000,sz.002375,8.7600,8.8000,8.6200,8.7000,2069200,17991407.0000,3
2020-04-29,20200429140000000,sz.002375,8.7000,8.9300,8.6700,8.8200,2818200,24854262.0000,3
2020-04-29,20200429150000000,sz.002375,8.8200,8.8200,8.6500,8.7200,2986780,26058073.0000,3
2020-04-30,20200430103000000,sz.002375,8.7000,8.8400,8.7000,8.7100,3040561,26665038.0000,3
2020-04-30,20200430113000000,sz.002375,8.7000,8.7500,8.6600,8.7200,1992609,17330133.0000,3
2020-04-30,20200430140000000,sz.002375,8.7400,8.7500,8.6900,8.7300,1429121,12472647.0000,3
2020-04-30,20200430150000000,sz.002375,8.7400,8.7500,8.6400,8.6400,2925100,25399290.0000,3
2020-05-06,20200506103000000,sz.002375,8.6400,8.8000,8.5300,8.7600,4471067,38651434.0000,3
2020-05-06,20200506113000000,sz.002375,8.7500,8.7800,8.6600,8.6700,1769800,15416397.0000,3
2020-05-06,20200506140000000,sz.002375,8.6700,8.7200,8.5800,8.6700,2488474,21485519.0000,3
2020-05-06,20200506150000000,sz.002375,8.6700,8.7200,8.6400,8.7000,2340400,20321391.0000,3
2020-05-07,20200507103000000,sz.002375,8.6400,9.5000,8.6300,9.0100,12706614,115702303.0000,3
2020-05-07,20200507113000000,sz.002375,9.0100,9.1600,8.9700,8.9900,2871645,26033093.0000,3
2020-05-07,20200507140000000,sz.002375,8.9900,9.0200,8.8500,8.9000,2957066,26364715.0000,3
2020-05-07,20200507150000000,sz.002375,8.9000,9.0700,8.8900,9.0600,4943654,44365061.0000,3
2020-05-08,20200508103000000,sz.002375,9.0100,9.6900,8.7800,9.5700,13312851,124363343.0000,3
2020-05-08,20200508113000000,sz.002375,9.5500,9.9000,9.5300,9.6900,4578678,44614699.0000,3
2020-05-08,20200508140000000,sz.002375,9.6900,9.7900,9.6200,9.7900,2198206,21342688.0000,3
2020-05-08,20200508150000000,sz.002375,9.8000,9.9700,9.7300,9.9700,7813116,77172505.0000,3
2020-05-11,20200511103000000,sz.002375,10.0000,10.1400,9.5700,9.7600,9465841,93407501.0000,3
2020-05-11,20200511113000000,sz.002375,9.7500,9.8000,9.6500,9.6700,2367870,23015099.0000,3
2020-05-11,20200511140000000,sz.002375,9.6800,9.7300,9.6000,9.6200,1652562,15961584.0000,3
2020-05-11,20200511150000000,sz.002375,9.6200,9.6500,9.4200,9.5200,5213182,49578278.0000,3
2020-05-12,20200512103000000,sz.002375,9.6600,9.6600,9.2700,9.4500,7996112,75683787.0000,3
2020-05-12,20200512113000000,sz.002375,9.4300,9.4500,9.3000,9.3100,2387220,22387585.0000,3
2020-05-12,20200512140000000,sz.002375,9.3000,9.7100,9.3000,9.6700,3473278,33096257.0000,3
2020-05-12,20200512150000000,sz.002375,9.6800,9.6800,9.5400,9.5600,3407900,32683519.0000,3
2020-05-13,20200513103000000,sz.002375,9.3400,9.9400,9.3300,9.8500,7239040,70190154.0000,3
2020-05-13,20200513113000000,sz.002375,9.8500,9.8700,9.8200,9.8300,1442519,14207167.0000,3
2020-05-13,20200513140000000,sz.002375,9.8400,10.2300,9.8300,10.1800,5223135,52371224.0000,3
2020-05-13,20200513150000000,sz.002375,10.2100,10.2400,10.0300,10.0500,4889355,49514006.0000,3
2020-05-14,20200514103000000,sz.002375,9.9900,10.3100,9.8600,9.9300,9839815,98863333.0000,3
2020-05-14,20200514113000000,sz.002375,9.9300,10.0300,9.8800,10.0300,2808600,27922119.0000,3
2020-05-14,20200514140000000,sz.002375,10.0100,10.0100,9.8700,9.9000,2075493,20598315.0000,3
2020-05-14,20200514150000000,sz.002375,9.8900,9.9300,9.8100,9.8300,3504639,34569999.0000,3
2020-05-15,20200515103000000,sz.002375,9.9800,9.9900,9.7000,9.8400,2674830,26275728.0000,3
2020-05-15,20200515113000000,sz.002375,9.8400,10.0800,9.8400,10.0300,3014393,30052104.0000,3
2020-05-15,20200515140000000,sz.002375,10.0300,10.0300,9.9000,9.9100,1136700,11297846.0000,3
2020-05-15,20200515150000000,sz.002375,9.9100,9.9700,9.8300,9.9300,2554294,25292967.0000,3
2020-05-18,20200518103000000,sz.002375,9.8500,10.1600,9.7800,10.0800,3688666,36804876.0000,3
2020-05-18,20200518113000000,sz.002375,10.0700,10.1600,10.0300,10.1600,1782226,18018410.0000,3
2020-05-18,20200518140000000,sz.002375,10.1600,10.1600,10.0000,10.1000,1667300,16847924.0000,3
2020-05-18,20200518150000000,sz.002375,10.0800,10.1600,10.0600,10.1300,2331208,23579391.0000,3
2020-05-19,20200519103000000,sz.002375,10.1000,10.7400,10.0600,10.7000,7607879,79989058.0000,3
2020-05-19,20200519113000000,sz.002375,10.7000,10.7500,10.4800,10.7000,2459707,26146898.0000,3
2020-05-19,20200519140000000,sz.002375,10.7000,10.7000,10.4000,10.5500,2717126,28607679.0000,3
2020-05-19,20200519150000000,sz.002375,10.5300,10.6500,10.5000,10.5500,2116034,22334159.0000,3
2020-05-20,20200520103000000,sz.002375,10.4800,10.5900,9.9200,10.1300,10834318,110566836.0000,3
2020-05-20,20200520113000000,sz.002375,10.1300,10.1600,9.6000,9.8100,8282123,81794094.0000,3
2020-05-20,20200520140000000,sz.002375,9.8100,9.9400,9.5000,9.5000,7639950,73762030.0000,3
2020-05-20,20200520150000000,sz.002375,9.5000,9.5000,9.5000,9.5000,391300,3717344.0000,3
2020-05-21,20200521103000000,sz.002375,9.4800,9.7200,8.9800,9.1500,13993131,129570160.0000,3
2020-05-21,20200521113000000,sz.002375,9.1800,9.3200,9.0700,9.0700,2448278,22471306.0000,3
2020-05-21,20200521140000000,sz.002375,9.0700,9.1200,8.9900,9.0100,3535173,31967732.0000,3
2020-05-21,20200521150000000,sz.002375,9.0200,9.0800,8.9100,9.0500,3145555,28334488.0000,3
2020-05-22,20200522103000000,sz.002375,9.0200,9.0200,8.7400,8.9200,4849935,42967910.0000,3
2020-05-22,20200522113000000,sz.002375,8.8900,8.9800,8.8300,8.8700,1900900,16906358.0000,3
2020-05-22,20200522140000000,sz.002375,8.8700,9.0300,8.8200,8.8400,3226810,28726467.0000,3
2020-05-22,20200522150000000,sz.002375,8.8400,8.9300,8.8300,8.8500,2210641,19638893.0000,3
2020-05-25,20200525103000000,sz.002375,8.8900,9.1500,8.6800,9.1000,4804228,42680488.0000,3
2020-05-25,20200525113000000,sz.002375,9.1000,9.1000,8.9100,8.9400,1185800,10638828.0000,3
2020-05-25,20200525140000000,sz.002375,8.9300,8.9700,8.8600,8.8700,794545,7087577.0000,3
2020-05-25,20200525150000000,sz.002375,8.8800,8.9200,8.8200,8.9100,1797400,15938111.0000,3
2020-05-26,20200526103000000,sz.002375,8.9000,9.5500,8.9000,9.4800,8478051,78607589.0000,3
2020-05-26,20200526113000000,sz.002375,9.4800,9.5000,9.3300,9.3300,2037100,19151560.0000,3
2020-05-26,20200526140000000,sz.002375,9.3200,9.4300,9.3100,9.3700,1249863,11703280.0000,3
2020-05-26,20200526150000000,sz.002375,9.3800,9.3800,9.2700,9.3600,1942448,18101010.0000,3
2020-05-27,20200527103000000,sz.002375,9.4600,9.5500,9.2600,9.4000,3433100,32250772.0000,3
2020-05-27,20200527113000000,sz.002375,9.3500,9.5000,9.2800,9.4900,1693967,15862783.0000,3
2020-05-27,20200527140000000,sz.002375,9.4900,9.5000,9.3700,9.4500,1024598,9684949.0000,3
2020-05-27,20200527150000000,sz.002375,9.4500,9.4500,9.3400,9.4100,1341900,12612665.0000,3
2020-05-28,20200528103000000,sz.002375,9.6200,10.0000,9.4700,9.8300,7228278,70279337.0000,3
2020-05-28,20200528113000000,sz.002375,9.8300,9.8300,9.4800,9.5300,2655550,25568530.0000,3
2020-05-28,20200528140000000,sz.002375,9.5300,9.5300,9.4100,9.4800,1407200,13334450.0000,3
2020-05-28,20200528150000000,sz.002375,9.4700,9.5600,9.4300,9.5000,2271115,21526765.0000,3
2020-05-29,20200529103000000,sz.002375,9.4500,9.7500,9.3100,9.6900,3599600,34415890.0000,3
2020-05-29,20200529113000000,sz.002375,9.6800,9.7000,9.4700,9.5400,1428000,13668000.0000,3
2020-05-29,20200529140000000,sz.002375,9.5400,9.7400,9.5400,9.6900,2181000,21102795.0000,3
2020-05-29,20200529150000000,sz.002375,9.6800,9.7200,9.6200,9.6700,1776693,17186530.0000,3
2020-06-01,20200601103000000,sz.002375,9.6700,10.3900,9.6700,10.1000,7828770,79396598.0000,3
2020-06-01,20200601113000000,sz.002375,10.1000,10.1200,9.9300,10.0500,2183900,21885288.0000,3
2020-06-01,20200601140000000,sz.002375,10.0500,10.1300,9.9700,10.1100,1567436,15764950.0000,3
2020-06-01,20200601150000000,sz.002375,10.1200,10.2300,10.0800,10.1700,1994200,20259245.0000,3
2020-06-02,20200602103000000,sz.002375,10.1700,10.3400,10.0200,10.0900,3605600,36591464.0000,3
2020-06-02,20200602113000000,sz.002375,10.0800,10.2000,10.0800,10.1300,1172118,11909994.0000,3
2020-06-02,20200602140000000,sz.002375,10.1300,10.2600,10.1300,10.2600,1442208,14695489.0000,3
2020-06-02,20200602150000000,sz.002375,10.2600,10.2600,10.0700,10.1200,2351331,23861611.0000,3
2020-06-03,20200603103000000,sz.002375,10.1100,10.1600,9.4500,9.7600,7718667,75681315.0000,3
2020-06-03,20200603113000000,sz.002375,9.7600,9.8600,9.6600,9.8200,1981700,19372005.0000,3
2020-06-03,20200603140000000,sz.002375,9.8200,9.9600,9.8100,9.8800,1770758,17473522.0000,3
2020-06-03,20200603150000000,sz.002375,9.8900,9.9400,9.5900,9.8000,4024800,39282574.0000,3
2020-06-04,20200604103000000,sz.002375,9.7300,9.8600,9.4100,9.4200,4563800,43727813.0000,3
2020-06-04,20200604113000000,sz.002375,9.4100,9.5200,9.2000,9.2500,4794384,44859594.0000,3
2020-06-04,20200604140000000,sz.002375,9.2500,9.4000,9.2500,9.3000,2452900,22907782.0000,3
2020-06-04,20200604150000000,sz.002375,9.3000,9.4300,9.2600,9.3800,3608765,33688340.0000,3
2020-06-05,20200605103000000,sz.002375,9.2800,9.4200,9.0900,9.2700,4471997,41337599.0000,3
2020-06-05,20200605113000000,sz.002375,9.2700,9.3200,9.2400,9.2900,2126200,19729607.0000,3
2020-06-05,20200605140000000,sz.002375,9.3000,9.3000,9.1100,9.1100,1959950,17996520.0000,3
2020-06-05,20200605150000000,sz.002375,9.1200,9.3700,9.1200,9.3300,3018558,28003343.0000,3
2020-06-08,20200608103000000,sz.002375,9.2400,9.5200,8.8400,8.9300,9553967,86950769.0000,3
2020-06-08,20200608113000000,sz.002375,8.9300,9.1900,8.9200,8.9600,3735547,33740552.0000,3
2020-06-08,20200608140000000,sz.002375,8.9600,8.9900,8.8800,8.9000,1949044,17395158.0000,3
2020-06-08,20200608150000000,sz.002375,8.9000,9.0200,8.8900,8.9900,2562918,22943408.0000,3
2020-06-09,20200609103000000,sz.002375,8.9900,9.2800,8.8900,9.1900,4063900,36891555.0000,3
2020-06-09,20200609113000000,sz.002375,9.1800,9.2500,9.0800,9.1900,1831900,16780804.0000,3
2020-06-09,20200609140000000,sz.002375,9.1900,9.3000,9.1600,9.2700,2142191,19797965.0000,3
2020-06-09,20200609150000000,sz.002375,9.2700,9.3200,9.1700,9.2700,2250745,20823788.0000,3
2020-06-10,20200610103000000,sz.002375,9.3600,9.5000,8.9800,9.1100,4197190,38390298.0000,3
2020-06-10,20200610113000000,sz.002375,9.1100,9.1100,9.0000,9.0600,1735001,15684523.0000,3
2020-06-10,20200610140000000,sz.002375,9.0600,9.1800,9.0400,9.0700,2033300,18515627.0000,3
2020-06-10,20200610150000000,sz.002375,9.0700,9.2000,9.0500,9.1200,2299974,20989775.0000,3
2020-06-11,20200611103000000,sz.002375,9.2300,9.3300,9.0400,9.2200,3325136,30676478.0000,3
2020-06-11,20200611113000000,sz.002375,9.2100,9.3000,9.1400,9.2700,1576093,14533243.0000,3
2020-06-11,20200611140000000,sz.002375,9.2700,9.2700,9.0800,9.1200,1110030,10145518.0000,3
2020-06-11,20200611150000000,sz.002375,9.1200,9.1400,9.0000,9.0800,2070237,18741838.0000,3
2020-06-12,20200612103000000,sz.002375,8.8500,9.0200,8.8000,8.9600,2561100,22817355.0000,3
2020-06-12,20200612113000000,sz.002375,8.9600,9.0800,8.9500,9.0300,1601800,14422068.0000,3
2020-06-12,20200612140000000,sz.002375,9.0300,9.0700,8.9500,9.0200,2493900,22405715.0000,3
2020-06-12,20200612150000000,sz.002375,9.0100,9.1400,9.0000,9.0600,3219587,29226910.0000,3
2020-06-15,20200615103000000,sz.002375,9.0500,9.1600,8.8800,9.0600,3795400,34166018.0000,3
2020-06-15,20200615113000000,sz.002375,9.0500,9.0600,8.9600,9.0000,798800,7186806.0000,3
2020-06-15,20200615140000000,sz.002375,9.0100,9.1500,8.9600,9.1300,2680893,24278122.0000,3
2020-06-15,20200615150000000,sz.002375,9.1300,9.2200,9.0900,9.1300,3958890,36250285.0000,3
2020-06-16,20200616103000000,sz.002375,9.2100,9.6600,9.1300,9.6200,5826184,54812847.0000,3
2020-06-16,20200616113000000,sz.002375,9.6200,9.8000,9.5700,9.6800,3039775,29423248.0000,3
2020-06-16,20200616140000000,sz.002375,9.6800,9.8500,9.6300,9.7200,3871626,37667432.0000,3
2020-06-16,20200616150000000,sz.002375,9.7200,9.8000,9.7100,9.7500,2563800,24997570.0000,3
2020-06-17,20200617103000000,sz.002375,9.8000,9.8200,9.6100,9.6300,2275995,22039550.0000,3
2020-06-17,20200617113000000,sz.002375,9.6300,9.7200,9.5900,9.6900,1153281,11126792.0000,3
2020-06-17,20200617140000000,sz.002375,9.6900,9.9700,9.6600,9.8400,3020702,29643423.0000,3
2020-06-17,20200617150000000,sz.002375,9.8400,9.8500,9.7400,9.8500,1955500,19167069.0000,3
2020-06-18,20200618103000000,sz.002375,9.9500,9.9600,9.5800,9.7400,3320700,32230175.0000,3
2020-06-18,20200618113000000,sz.002375,9.7300,9.9300,9.6500,9.9000,2472945,24322297.0000,3
2020-06-18,20200618140000000,sz.002375,9.9000,10.0600,9.8200,10.0200,2993496,29752284.0000,3
2020-06-18,20200618150000000,sz.002375,10.0200,10.0200,9.7500,9.7900,2868251,28309915.0000,3
2020-06-19,20200619103000000,sz.002375,9.8400,10.0900,9.7000,10.0600,3351546,33224416.0000,3
2020-06-19,20200619113000000,sz.002375,10.0600,10.4500,10.0100,10.3900,5680142,58380214.0000,3
2020-06-19,20200619140000000,sz.002375,10.3800,10.4200,10.2400,10.3800,3202366,33068982.0000,3
2020-06-19,20200619150000000,sz.002375,10.3800,10.4000,10.1100,10.1600,5898258,60430743.0000,3
2020-06-22,20200622103000000,sz.002375,10.3000,10.6900,10.1200,10.4100,7803326,80956429.0000,3
2020-06-22,20200622113000000,sz.002375,10.4500,10.6400,10.3600,10.6300,2910101,30571963.0000,3
2020-06-22,20200622140000000,sz.002375,10.5900,10.6800,10.4700,10.5400,3135960,33173677.0000,3
2020-06-22,20200622150000000,sz.002375,10.5500,10.6000,10.4300,10.5100,2895100,30464810.0000,3
2020-06-23,20200623103000000,sz.002375,10.4600,10.6200,10.3200,10.5500,3508007,36740718.0000,3
2020-06-23,20200623113000000,sz.002375,10.5500,10.6300,10.5300,10.5900,1438200,15247125.0000,3
2020-06-23,20200623140000000,sz.002375,10.5900,10.6000,10.4500,10.5400,2449022,25802306.0000,3
2020-06-23,20200623150000000,sz.002375,10.5400,10.6600,10.5100,10.5700,2860700,30260999.0000,3
2020-06-24,20200624103000000,sz.002375,10.5500,10.6800,10.3700,10.5300,3081252,32438520.0000,3
2020-06-24,20200624113000000,sz.002375,10.5200,10.6000,10.4900,10.5200,1397074,14723155.0000,3
2020-06-24,20200624140000000,sz.002375,10.4800,10.5000,10.3300,10.4600,2138437,22245398.0000,3
2020-06-24,20200624150000000,sz.002375,10.4400,10.5400,10.3500,10.4300,2740261,28605865.0000,3
2020-06-29,20200629103000000,sz.002375,10.4300,10.4400,10.2300,10.3000,2264500,23346070.0000,3
2020-06-29,20200629113000000,sz.002375,10.3100,10.4100,10.2200,10.2700,1820650,18736053.0000,3
2020-06-29,20200629140000000,sz.002375,10.2700,10.3400,10.2200,10.2900,1050504,10804797.0000,3
2020-06-29,20200629150000000,sz.002375,10.2900,10.3100,10.2200,10.2800,1346901,13821620.0000,3
2020-06-30,20200630103000000,sz.002375,10.3000,10.5700,10.0800,10.2300,3899468,40049612.0000,3
2020-06-30,20200630113000000,sz.002375,10.2300,10.3600,10.2000,10.3400,1310300,13492505.0000,3
2020-06-30,20200630140000000,sz.002375,10.3400,10.3900,10.1800,10.3600,1478759,15204179.0000,3
2020-06-30,20200630150000000,sz.002375,10.3600,10.3800,10.1700,10.2200,2740700,28126490.0000,3
2020-07-01,20200701103000000,sz.002375,10.2300,10.3100,10.1000,10.2300,2481425,25259184.0000,3
2020-07-01,20200701113000000,sz.002375,10.2300,10.5000,10.1900,10.3600,2454342,25460407.0000,3
2020-07-01,20200701140000000,sz.002375,10.3600,10.4000,10.2000,10.3200,1558880,16020309.0000,3
2020-07-01,20200701150000000,sz.002375,10.3200,10.4100,10.2800,10.3600,1863634,19282548.0000,3
2020-07-02,20200702103000000,sz.002375,10.3500,10.4600,10.3200,10.3600,2175800,22595342.0000,3
2020-07-02,20200702113000000,sz.002375,10.3600,10.3900,10.2700,10.3500,1562431,16112770.0000,3
2020-07-02,20200702140000000,sz.002375,10.3500,10.4000,10.0000,10.0000,5015355,50945241.0000,3
2020-07-02,20200702150000000,sz.002375,10.0100,10.1200,9.9000,10.0100,6124389,61341166.0000,3
2020-07-03,20200703103000000,sz.002375,10.0800,10.1900,9.8400,10.1000,5944045,59322259.0000,3
2020-07-03,20200703113000000,sz.002375,10.1000,10.1000,9.9300,9.9500,1972783,19723561.0000,3
2020-07-03,20200703140000000,sz.002375,9.9500,9.9600,9.8000,9.8100,2113619,20854657.0000,3
2020-07-03,20200703150000000,sz.002375,9.8100,9.9900,9.7600,9.9100,2736131,27042360.0000,3
2020-07-06,20200706103000000,sz.002375,10.0000,10.8400,9.9400,10.6000,10031868,105634357.0000,3
2020-07-06,20200706113000000,sz.002375,10.6000,10.7000,10.5700,10.6900,2278929,24252925.0000,3
2020-07-06,20200706140000000,sz.002375,10.6900,10.7800,10.6000,10.6500,3497314,37339231.0000,3
2020-07-06,20200706150000000,sz.002375,10.6500,10.7500,10.6400,10.7200,3303981,35322478.0000,3
2020-07-07,20200707103000000,sz.002375,10.9500,11.3700,10.7200,11.3100,9604419,105742428.0000,3
2020-07-07,20200707113000000,sz.002375,11.3100,11.3800,11.1300,11.1500,3553427,39968834.0000,3
2020-07-07,20200707140000000,sz.002375,11.1500,11.2500,11.1100,11.2300,2748873,30725014.0000,3
2020-07-07,20200707150000000,sz.002375,11.2300,11.3000,11.0300,11.0900,4308677,48252895.0000,3
2020-07-08,20200708103000000,sz.002375,11.1000,12.0600,11.0500,11.9200,11490713,134334639.0000,3
2020-07-08,20200708113000000,sz.002375,11.9200,11.9900,11.8100,11.8600,1496740,17801035.0000,3
2020-07-08,20200708140000000,sz.002375,11.8600,11.8900,11.6100,11.8800,3933131,46203803.0000,3
2020-07-08,20200708150000000,sz.002375,11.8800,11.9100,11.7500,11.8500,3080302,36456448.0000,3
2020-07-09,20200709103000000,sz.002375,11.8800,12.0000,11.4400,11.4700,6377300,73746580.0000,3
2020-07-09,20200709113000000,sz.002375,11.4700,11.6000,11.3900,11.6000,1982150,22730568.0000,3
2020-07-09,20200709140000000,sz.002375,11.6000,11.7600,11.5400,11.7400,3589700,41906698.0000,3
2020-07-09,20200709150000000,sz.002375,11.7300,11.7500,11.6200,11.7300,3276819,38326911.0000,3
2020-07-10,20200710103000000,sz.002375,11.5200,11.7800,11.4400,11.4600,3923739,45312131.0000,3
2020-07-10,20200710113000000,sz.002375,11.4400,11.6600,11.4200,11.6200,1693299,19543314.0000,3
2020-07-10,20200710140000000,sz.002375,11.6200,11.7700,11.5700,11.7600,2120774,24729369.0000,3
2020-07-10,20200710150000000,sz.002375,11.7600,11.9000,11.6700,11.8100,3099685,36532148.0000,3
2020-07-13,20200713103000000,sz.002375,11.7000,11.9000,11.5200,11.5600,2928352,34068872.0000,3
2020-07-13,20200713113000000,sz.002375,11.5600,11.6900,11.5500,11.6700,1185600,13760447.0000,3
2020-07-13,20200713140000000,sz.002375,11.6500,11.9500,11.6300,11.9100,3574501,42275760.0000,3
2020-07-13,20200713150000000,sz.002375,11.9400,11.9900,11.7500,11.8200,3315884,39336723.0000,3
2020-07-14,20200714103000000,sz.002375,11.9400,12.6800,11.6900,12.5600,8234412,101624530.0000,3
2020-07-14,20200714113000000,sz.002375,12.5600,12.8000,12.3900,12.7100,4605185,58106683.0000,3
2020-07-14,20200714140000000,sz.002375,12.7300,12.7300,12.3200,12.4000,2224372,27814517.0000,3
2020-07-14,20200714150000000,sz.002375,12.4000,12.7100,12.3600,12.6800,2016226,25377984.0000,3
2020-07-15,20200715103000000,sz.002375,12.5600,12.8100,12.2200,12.2200,4809101,59912821.0000,3
2020-07-15,20200715113000000,sz.002375,12.2200,12.2500,12.0000,12.2000,2781477,33688962.0000,3
2020-07-15,20200715140000000,sz.002375,12.2000,12.6100,12.1100,12.5800,2360933,29160753.0000,3
2020-07-15,20200715150000000,sz.002375,12.5800,12.9400,12.4500,12.5700,5105734,64704412.0000,3
2020-07-16,20200716103000000,sz.002375,12.4600,13.1900,12.4200,12.9300,5440825,69784905.0000,3
2020-07-16,20200716113000000,sz.002375,12.9300,13.0100,12.8000,12.9000,994300,12841929.0000,3
2020-07-16,20200716140000000,sz.002375,12.9000,12.9000,12.3300,12.6400,2687603,34099162.0000,3
2020-07-16,20200716150000000,sz.002375,12.6400,12.7400,12.2000,12.3800,3256200,40480745.0000,3
2020-07-17,20200717103000000,sz.002375,12.3700,12.7000,12.0000,12.6400,5477248,67340503.0000,3
2020-07-17,20200717113000000,sz.002375,12.6500,12.8000,12.4800,12.5400,2788024,35307262.0000,3
2020-07-17,20200717140000000,sz.002375,12.5400,12.7800,12.3800,12.7000,2417536,30521767.0000,3
2020-07-17,20200717150000000,sz.002375,12.7100,12.9100,12.6400,12.7900,3847535,49359563.0000,3
2020-07-20,20200720103000000,sz.002375,13.0000,13.5700,12.6600,12.6600,7668546,100112988.0000,3
2020-07-20,20200720113000000,sz.002375,12.6600,13.0700,12.5100,12.9300,2466056,31668253.0000,3
2020-07-20,20200720140000000,sz.002375,12.9000,13.2800,12.8800,13.2700,3046673,40054507.0000,3
2020-07-20,20200720150000000,sz.002375,13.2700,13.3400,13.1500,13.2500,2702475,35859074.0000,3
2020-07-21,20200721103000000,sz.002375,13.1900,13.7800,13.1500,13.4100,4702689,63231380.0000,3
2020-07-21,20200721113000000,sz.002375,13.4000,13.5200,13.3000,13.4200,1250747,16752035.0000,3
2020-07-21,20200721140000000,sz.002375,13.4200,13.6600,13.3500,13.3600,2002152,26991678.0000,3
2020-07-21,20200721150000000,sz.002375,13.3600,13.7500,13.2700,13.7500,3738924,50589024.0000,3
2020-07-22,20200722103000000,sz.002375,13.5300,14.1000,13.5300,13.9200,5388411,74441593.0000,3
2020-07-22,20200722113000000,sz.002375,13.9200,14.5600,13.8500,14.4400,4250794,60820383.0000,3
2020-07-22,20200722140000000,sz.002375,14.5400,14.5400,14.1100,14.2400,1771994,25247772.0000,3
2020-07-22,20200722150000000,sz.002375,14.2400,14.5000,14.1800,14.5000,2726948,38987968.0000,3
2020-07-23,20200723103000000,sz.002375,14.3800,14.8000,14.1100,14.2600,5208181,75439900.0000,3
2020-07-23,20200723113000000,sz.002375,14.2700,14.7500,14.0000,14.6700,3150772,45427498.0000,3
2020-07-23,20200723140000000,sz.002375,14.6700,14.9800,14.4700,14.8900,2691512,39858526.0000,3
2020-07-23,20200723150000000,sz.002375,14.9000,15.2300,14.8700,15.1600,5644201,85141811.0000,3
2020-07-24,20200724103000000,sz.002375,15.0000,15.4600,14.6200,14.7000,5706286,85463809.0000,3
2020-07-24,20200724113000000,sz.002375,14.6900,14.8400,14.4100,14.4200,2722122,39786658.0000,3
2020-07-24,20200724140000000,sz.002375,14.4000,14.4000,13.6400,13.6400,7213410,100074053.0000,3
2020-07-24,20200724150000000,sz.002375,13.6400,13.6700,13.6400,13.6400,1802000,24579814.0000,3
2020-07-27,20200727103000000,sz.002375,13.6400,13.6800,12.6600,13.5100,7594292,99869290.0000,3
2020-07-27,20200727113000000,sz.002375,13.5100,13.6100,13.2600,13.4700,2263431,30434139.0000,3
2020-07-27,20200727140000000,sz.002375,13.4700,13.5000,13.1300,13.2000,2621501,34787945.0000,3
2020-07-27,20200727150000000,sz.002375,13.2000,13.6400,13.1400,13.5200,3847466,51424358.0000,3
2020-07-28,20200728103000000,sz.002375,13.5700,13.8100,13.3800,13.5900,3960228,53890496.0000,3
2020-07-28,20200728113000000,sz.002375,13.6000,13.9700,13.5700,13.8100,2205693,30495610.0000,3
2020-07-28,20200728140000000,sz.002375,13.8100,13.8800,13.6800,13.8000,847319,11674313.0000,3
2020-07-28,20200728150000000,sz.002375,13.8000,14.0000,13.7300,14.0000,2138671,29688284.0000,3
2020-07-29,20200729103000000,sz.002375,14.1500,15.0600,13.8300,14.8500,6896076,100354457.0000,3
2020-07-29,20200729113000000,sz.002375,14.8500,14.8500,14.4100,14.5700,3672074,53733353.0000,3
2020-07-29,20200729140000000,sz.002375,14.5200,14.6500,14.4900,14.5000,1511098,21991944.0000,3
2020-07-29,20200729150000000,sz.002375,14.5100,14.7400,14.4700,14.6000,2087274,30452901.0000,3
2020-07-30,20200730103000000,sz.002375,14.7000,14.7800,14.2000,14.3500,4616736,66777759.0000,3
2020-07-30,20200730113000000,sz.002375,14.3500,14.3500,14.0200,14.1300,2056738,29147297.0000,3
2020-07-30,20200730140000000,sz.002375,14.1300,14.3600,14.1200,14.3300,1465196,20922601.0000,3
2020-07-30,20200730150000000,sz.002375,14.3300,14.4900,14.1400,14.4100,1528513,21797439.0000,3
2020-07-31,20200731103000000,sz.002375,14.3800,14.9200,14.1800,14.8800,6097906,88753185.0000,3
2020-07-31,20200731113000000,sz.002375,14.8900,14.8900,14.2700,14.6300,4044070,59122416.0000,3
2020-07-31,20200731140000000,sz.002375,14.6300,15.6000,14.6300,15.4700,8870171,134053087.0000,3
2020-07-31,20200731150000000,sz.002375,15.4800,15.5100,15.2400,15.3500,3389348,52097248.0000,3
2020-08-03,20200803103000000,sz.002375,15.6000,15.8800,15.2100,15.4600,7200760,112427116.0000,3
2020-08-03,20200803113000000,sz.002375,15.4200,15.6600,15.3900,15.5300,2071046,32137763.0000,3
2020-08-03,20200803140000000,sz.002375,15.5300,15.6500,15.3000,15.3700,2263342,34939128.0000,3
2020-08-03,20200803150000000,sz.002375,15.3700,15.3800,15.1600,15.3300,3428090,52244347.0000,3
2020-08-04,20200804103000000,sz.002375,15.4700,15.5500,14.9000,15.5100,4795355,73357579.0000,3
2020-08-04,20200804113000000,sz.002375,15.5300,15.8800,15.4300,15.5300,3520944,55103926.0000,3
2020-08-04,20200804140000000,sz.002375,15.5300,15.7200,15.5100,15.6800,1718875,26872623.0000,3
2020-08-04,20200804150000000,sz.002375,15.6800,15.6900,15.4900,15.6300,2049210,31963668.0000,3
2020-08-05,20200805103000000,sz.002375,15.5100,16.3400,15.5100,15.7000,9532077,152000306.0000,3
2020-08-05,20200805113000000,sz.002375,15.7000,15.8600,15.4200,15.7800,3176335,49589944.0000,3
2020-08-05,20200805140000000,sz.002375,15.7800,15.9600,15.5500,15.9300,2912422,45937462.0000,3
2020-08-05,20200805150000000,sz.002375,15.9500,16.1000,15.8700,15.9800,3613512,57824208.0000,3
2020-08-06,20200806103000000,sz.002375,16.0000,16.1000,15.6300,15.7300,3996319,63295783.0000,3
2020-08-06,20200806113000000,sz.002375,15.7100,16.1300,15.2900,15.9800,5015119,78682917.0000,3
2020-08-06,20200806140000000,sz.002375,15.9000,16.2400,15.7000,16.0500,3794581,60686015.0000,3
2020-08-06,20200806150000000,sz.002375,16.0500,16.2200,15.7800,15.9100,2409943,38611046.0000,3
2020-08-07,20200807103000000,sz.002375,15.5200,16.0800,15.4600,15.6500,4970228,78104029.0000,3
2020-08-07,20200807113000000,sz.002375,15.7000,15.7800,15.4000,15.6400,2511392,39152781.0000,3
2020-08-07,20200807140000000,sz.002375,15.6000,15.6000,15.1000,15.3200,5266633,80641349.0000,3
2020-08-07,20200807150000000,sz.002375,15.3400,15.6800,15.2900,15.3800,3710139,57296913.0000,3
2020-08-10,20200810103000000,sz.002375,15.0600,15.7800,15.0300,15.6900,5655279,87509454.0000,3
2020-08-10,20200810113000000,sz.002375,15.6500,15.7300,15.3700,15.4700,3536335,54970535.0000,3
2020-08-10,20200810140000000,sz.002375,15.4400,15.5400,15.1800,15.1800,2588116,39669094.0000,3
2020-08-10,20200810150000000,sz.002375,15.1900,15.3400,14.8200,14.9500,7730536,116428165.0000,3
2020-08-11,20200811103000000,sz.002375,15.0000,15.6000,15.0000,15.5200,8086847,124038196.0000,3
2020-08-11,20200811113000000,sz.002375,15.5300,15.5600,15.1600,15.2500,3289683,50354240.0000,3
2020-08-11,20200811140000000,sz.002375,15.2500,15.4300,15.2000,15.3300,1604014,24603540.0000,3
2020-08-11,20200811150000000,sz.002375,15.3300,15.3500,14.8400,14.9400,4047951,60840988.0000,3
2020-08-12,20200812103000000,sz.002375,14.9900,15.0900,14.0000,14.1300,6868656,99967778.0000,3
2020-08-12,20200812113000000,sz.002375,14.1300,14.3300,13.5100,13.7500,6937006,96984881.0000,3
2020-08-12,20200812140000000,sz.002375,13.7500,14.1500,13.6500,13.7400,4363242,60738338.0000,3
2020-08-12,20200812150000000,sz.002375,13.7400,14.3900,13.7200,14.1200,4926035,69321707.0000,3
2020-08-13,20200813103000000,sz.002375,14.1300,14.3200,13.7500,14.1200,6120354,85796259.0000,3
2020-08-13,20200813113000000,sz.002375,14.1200,14.3200,14.0000,14.0100,2954076,41903450.0000,3
2020-08-13,20200813140000000,sz.002375,14.0100,14.2800,13.9300,14.1900,1551466,21951504.0000,3
2020-08-13,20200813150000000,sz.002375,14.1800,14.2200,13.9300,13.9700,2636000,36971490.0000,3
2020-08-14,20200814103000000,sz.002375,14.0800,14.2600,13.9200,14.1300,2445002,34511622.0000,3
2020-08-14,20200814113000000,sz.002375,14.1300,14.1500,13.8500,14.0100,1155507,16159578.0000,3
2020-08-14,20200814140000000,sz.002375,14.0100,14.5000,13.9700,14.3300,2764211,39507529.0000,3
2020-08-14,20200814150000000,sz.002375,14.3300,14.5400,14.2000,14.4700,2953522,42549041.0000,3
2020-08-17,20200817103000000,sz.002375,14.5900,14.9700,14.5000,14.8300,5586934,82423851.0000,3
2020-08-17,20200817113000000,sz.002375,14.8300,15.6500,14.7600,15.2400,7082715,107025169.0000,3
2020-08-17,20200817140000000,sz.002375,15.2400,15.5100,14.9900,15.2000,3863786,59080694.0000,3
2020-08-17,20200817150000000,sz.002375,15.2000,15.2900,15.0900,15.1800,2040077,30917262.0000,3
2020-08-18,20200818103000000,sz.002375,15.2000,15.7000,15.1000,15.5300,4764240,73454249.0000,3
2020-08-18,20200818113000000,sz.002375,15.5300,16.1200,15.4900,16.0800,4859631,77349904.0000,3
2020-08-18,20200818140000000,sz.002375,16.0300,16.3000,15.9100,16.1400,3760143,60703340.0000,3
2020-08-18,20200818150000000,sz.002375,16.1400,16.1400,15.9100,16.0400,2216387,35520025.0000,3
2020-08-19,20200819103000000,sz.002375,15.9900,16.6800,15.9000,15.9800,6039117,97799052.0000,3
2020-08-19,20200819113000000,sz.002375,15.9500,16.0600,15.7000,16.0100,2764412,43931387.0000,3
2020-08-19,20200819140000000,sz.002375,16.0000,16.1000,15.6600,15.7800,1950859,30948095.0000,3
2020-08-19,20200819150000000,sz.002375,15.7800,15.8100,15.5400,15.6500,3064811,48070625.0000,3
2020-08-20,20200820103000000,sz.002375,15.6500,16.1000,15.3600,15.6400,4345911,68524731.0000,3
2020-08-20,20200820113000000,sz.002375,15.6900,15.9600,15.5500,15.9500,3494133,55088669.0000,3
2020-08-20,20200820140000000,sz.002375,15.9600,15.9700,15.5400,15.6200,2500721,39392990.0000,3
2020-08-20,20200820150000000,sz.002375,15.6600,15.6600,15.3000,15.4800,2938280,45478574.0000,3
2020-08-21,20200821103000000,sz.002375,15.4500,16.6600,15.4500,16.0300,10129523,165755995.0000,3
2020-08-21,20200821113000000,sz.002375,16.0500,16.3800,15.9100,16.3800,3925040,63084493.0000,3
2020-08-21,20200821140000000,sz.002375,16.3800,16.5200,16.1000,16.3700,2780678,45487592.0000,3
2020-08-21,20200821150000000,sz.002375,16.3100,16.4000,16.0100,16.1500,2607669,42059552.0000,3
2020-08-24,20200824103000000,sz.002375,16.1800,16.5300,15.8500,16.4000,6961660,112826532.0000,3
2020-08-24,20200824113000000,sz.002375,16.4000,16.6300,16.2100,16.4900,2989736,49284807.0000,3
2020-08-24,20200824140000000,sz.002375,16.5200,16.5200,16.2000,16.4000,1448800,23668984.0000,3
2020-08-24,20200824150000000,sz.002375,16.4000,16.4000,15.9500,16.1200,6060250,97914925.0000,3
2020-08-25,20200825103000000,sz.002375,16.1200,16.1800,15.7400,16.0100,3078729,49129485.0000,3
2020-08-25,20200825113000000,sz.002375,16.0100,16.2500,15.9500,16.0300,2207572,35515271.0000,3
2020-08-25,20200825140000000,sz.002375,16.0800,16.1100,15.8700,15.9500,1538600,24618741.0000,3
2020-08-25,20200825150000000,sz.002375,15.9500,15.9800,15.6500,15.7700,3585201,56564282.0000,3
2020-08-26,20200826103000000,sz.002375,15.9400,15.9400,14.8800,14.8800,5979424,91003017.0000,3
2020-08-26,20200826113000000,sz.002375,14.8800,15.0500,14.6000,14.7000,3483379,51615842.0000,3
2020-08-26,20200826140000000,sz.002375,14.7200,14.8900,14.5500,14.6000,2935099,43218552.0000,3
2020-08-26,20200826150000000,sz.002375,14.5600,14.7900,14.3700,14.4900,5002431,72856817.0000,3
2020-08-27,20200827103000000,sz.002375,14.4200,14.7400,13.9200,14.0300,6857556,97635221.0000,3
2020-08-27,20200827113000000,sz.002375,14.0500,14.1500,13.9500,14.0000,3337556,46861421.0000,3
2020-08-27,20200827140000000,sz.002375,14.0100,14.2800,14.0100,14.2400,1491354,21119775.0000,3
2020-08-27,20200827150000000,sz.002375,14.2400,14.3600,13.9800,14.2800,3446474,48777881.0000,3
2020-08-28,20200828103000000,sz.002375,14.1700,14.7500,14.0700,14.4400,3602401,52030558.0000,3
2020-08-28,20200828113000000,sz.002375,14.4400,14.5700,14.3100,14.4800,1172460,16927638.0000,3
2020-08-28,20200828140000000,sz.002375,14.4800,14.7800,14.4000,14.6900,2362507,34623462.0000,3
2020-08-28,20200828150000000,sz.002375,14.6900,14.7800,14.5600,14.6500,5541717,81139908.0000,3
2020-08-31,20200831103000000,sz.002375,14.3000,14.8200,13.9500,14.2600,8146630,116010281.0000,3
2020-08-31,20200831113000000,sz.002375,14.2100,14.2700,14.0000,14.2400,4297178,60712975.0000,3
2020-08-31,20200831140000000,sz.002375,14.2200,14.4400,14.1000,14.3300,3945262,56146994.0000,3
2020-08-31,20200831150000000,sz.002375,14.3300,14.3400,14.0900,14.0900,4024137,57258390.0000,3
2020-09-01,20200901103000000,sz.002375,14.0900,14.5400,14.0900,14.2800,4058197,58143440.0000,3
2020-09-01,20200901113000000,sz.002375,14.2800,14.5600,14.1900,14.5500,2058000,29603029.0000,3
2020-09-01,20200901140000000,sz.002375,14.5300,14.6500,14.3800,14.4800,1002860,14545534.0000,3
2020-09-01,20200901150000000,sz.002375,14.4800,14.5500,14.4000,14.5100,1334840,19328767.0000,3
2020-09-02,20200902103000000,sz.002375,14.5000,14.7000,14.3200,14.6400,2738439,39661105.0000,3
2020-09-02,20200902113000000,sz.002375,14.6700,14.7800,14.3700,14.4500,1956848,28497504.0000,3
2020-09-02,20200902140000000,sz.002375,14.4500,14.6300,14.4000,14.5700,965373,14009554.0000,3
2020-09-02,20200902150000000,sz.002375,14.5700,14.7400,14.5200,14.5700,2426408,35518426.0000,3
2020-09-03,20200903103000000,sz.002375,14.4000,14.7500,14.3400,14.4900,2368523,34410354.0000,3
2020-09-03,20200903113000000,sz.002375,14.4900,14.6200,14.3500,14.3700,983415,14211958.0000,3
2020-09-03,20200903140000000,sz.002375,14.3900,14.3900,14.2400,14.3700,1425153,20413659.0000,3
2020-09-03,20200903150000000,sz.002375,14.3700,14.4500,14.2600,14.4400,1590721,22824496.0000,3
2020-09-04,20200904103000000,sz.002375,14.0300,14.4800,14.0300,14.4000,2797428,39960420.0000,3
2020-09-04,20200904113000000,sz.002375,14.4000,14.5300,14.2400,14.2700,940146,13477282.0000,3
2020-09-04,20200904140000000,sz.002375,14.2700,14.3200,14.1900,14.2700,998974,14239345.0000,3
2020-09-04,20200904150000000,sz.002375,14.2700,14.3800,14.2100,14.2900,1191928,17041843.0000,3
2020-09-07,20200907103000000,sz.002375,14.3000,14.4200,13.8200,13.8700,2396181,33649422.0000,3
2020-09-07,20200907113000000,sz.002375,13.8700,13.9300,13.6200,13.7200,4639578,63957558.0000,3
2020-09-07,20200907140000000,sz.002375,13.7200,13.7700,13.5400,13.6200,3108108,42429463.0000,3
2020-09-07,20200907150000000,sz.002375,13.6300,13.7000,13.3000,13.4000,4034921,54345521.0000,3
2020-09-08,20200908103000000,sz.002375,13.5600,13.5800,12.9900,13.0000,3342600,44182249.0000,3
2020-09-08,20200908113000000,sz.002375,13.0100,13.1400,12.7400,12.8000,3689822,47598653.0000,3
2020-09-08,20200908140000000,sz.002375,12.8500,13.2300,12.7000,13.2300,5149619,66723374.0000,3
2020-09-08,20200908150000000,sz.002375,13.2200,13.3000,13.1100,13.2800,1561006,20595636.0000,3
2020-09-09,20200909103000000,sz.002375,13.3500,13.3500,12.2600,12.3000,6651177,83762057.0000,3
2020-09-09,20200909113000000,sz.002375,12.3000,12.4500,12.1900,12.3300,3617788,44552320.0000,3
2020-09-09,20200909140000000,sz.002375,12.3500,12.4500,12.1500,12.1500,2515945,30963562.0000,3
2020-09-09,20200909150000000,sz.002375,12.1500,12.2600,11.9800,12.2300,3806259,46169608.0000,3
2020-09-10,20200910103000000,sz.002375,12.2700,12.2700,12.0000,12.2200,3466190,42006894.0000,3
2020-09-10,20200910113000000,sz.002375,12.2100,12.3000,11.8600,11.9200,2586819,31152668.0000,3
2020-09-10,20200910140000000,sz.002375,11.9200,12.3000,11.7800,11.9100,3523200,42291892.0000,3
2020-09-10,20200910150000000,sz.002375,11.9000,11.9200,11.6500,11.7700,4165751,49146920.0000,3
2020-09-11,20200911103000000,sz.002375,11.5900,12.2900,11.5400,11.9400,7037122,84387145.0000,3
2020-09-11,20200911113000000,sz.002375,11.9200,12.0300,11.6000,11.7600,3003600,35318654.0000,3
2020-09-11,20200911140000000,sz.002375,11.7600,12.0400,11.7500,11.9500,1410736,16820589.0000,3
2020-09-11,20200911150000000,sz.002375,11.9400,12.2000,11.8700,12.1200,2190121,26486729.0000,3
2020-09-14,20200914103000000,sz.002375,12.2400,12.3800,12.0500,12.1400,4507272,55002886.0000,3
2020-09-14,20200914113000000,sz.002375,12.1400,12.2000,12.0000,12.1100,1523512,18473170.0000,3
2020-09-14,20200914140000000,sz.002375,12.1100,12.1200,11.8600,11.8800,2214673,26495161.0000,3
2020-09-14,20200914150000000,sz.002375,11.8800,12.1000,11.8000,12.0700,3068309,36570252.0000,3
2020-09-15,20200915103000000,sz.002375,12.1000,12.1600,11.8000,11.8500,2399124,28749066.0000,3
2020-09-15,20200915113000000,sz.002375,11.8500,12.0100,11.7900,11.8300,2021312,23970733.0000,3
2020-09-15,20200915140000000,sz.002375,11.8600,12.1100,11.8500,12.0100,2052177,24678636.0000,3
2020-09-15,20200915150000000,sz.002375,12.0100,12.2300,11.9700,12.1300,2440028,29574375.0000,3
2020-09-16,20200916103000000,sz.002375,12.2000,12.3400,12.0100,12.0900,3418151,41584176.0000,3
2020-09-16,20200916113000000,sz.002375,12.0400,12.1300,11.8800,12.0100,2406500,28819396.0000,3
2020-09-16,20200916140000000,sz.002375,12.0100,12.0500,11.8700,12.0100,2222171,26567499.0000,3
2020-09-16,20200916150000000,sz.002375,11.9600,12.0900,11.9200,12.0800,1830632,21971594.0000,3
2020-09-17,20200917103000000,sz.002375,11.9000,12.1900,11.9000,12.0400,2007251,24156777.0000,3
2020-09-17,20200917113000000,sz.002375,12.0300,12.0800,11.8500,11.8500,1400100,16739336.0000,3
2020-09-17,20200917140000000,sz.002375,11.8500,12.3300,11.8500,12.3300,3213271,39187816.0000,3
2020-09-17,20200917150000000,sz.002375,12.3100,12.5300,12.2000,12.3300,3303237,40884133.0000,3
2020-09-18,20200918103000000,sz.002375,12.3100,12.4100,12.0700,12.1200,2224332,27182278.0000,3
2020-09-18,20200918113000000,sz.002375,12.1200,12.2200,12.1000,12.1300,995562,12088578.0000,3
2020-09-18,20200918140000000,sz.002375,12.1300,12.2700,12.1200,12.2000,1142605,13941454.0000,3
2020-09-18,20200918150000000,sz.002375,12.2000,12.3800,12.1800,12.3800,2288458,28153720.0000,3
2020-09-21,20200921103000000,sz.002375,12.2400,12.6000,12.1600,12.5800,2998978,37030775.0000,3
2020-09-21,20200921113000000,sz.002375,12.5800,12.6900,12.5000,12.6600,2331266,29373801.0000,3
2020-09-21,20200921140000000,sz.002375,12.6600,12.7500,12.5000,12.5100,2302800,29073361.0000,3
2020-09-21,20200921150000000,sz.002375,12.5100,12.5800,12.4200,12.5000,2514154,31406525.0000,3
2020-09-22,20200922103000000,sz.002375,12.5200,12.5200,12.1200,12.1600,2037108,24939189.0000,3
2020-09-22,20200922113000000,sz.002375,12.1700,12.2300,12.1100,12.1700,912909,11100738.0000,3
2020-09-22,20200922140000000,sz.002375,12.2200,12.2200,11.9600,12.0300,2866424,34552362.0000,3
2020-09-22,20200922150000000,sz.002375,12.0300,12.0800,11.8900,11.9200,2654796,31799125.0000,3
2020-09-23,20200923103000000,sz.002375,12.1000,12.1000,11.8000,11.9100,1901761,22686415.0000,3
2020-09-23,20200923113000000,sz.002375,11.9200,12.0300,11.8700,11.9400,1627863,19447813.0000,3
2020-09-23,20200923140000000,sz.002375,11.9400,12.0400,11.9000,11.9600,1628650,19526626.0000,3
2020-09-23,20200923150000000,sz.002375,11.9300,11.9800,11.7400,11.8400,2874468,34117234.0000,3
2020-09-24,20200924103000000,sz.002375,11.8400,11.8400,11.4800,11.5400,3183089,37050655.0000,3
2020-09-24,20200924113000000,sz.002375,11.5400,11.5900,11.2500,11.2900,3168662,36037736.0000,3
2020-09-24,20200924140000000,sz.002375,11.2900,11.4200,11.2000,11.2500,4238500,47795077.0000,3
2020-09-24,20200924150000000,sz.002375,11.2400,11.3000,11.0600,11.2000,6476195,72481917.0000,3
2020-09-25,20200925103000000,sz.002375,10.9900,11.0400,10.0800,10.0800,18194837,188846516.0000,3
2020-09-25,20200925113000000,sz.002375,10.0900,10.2100,10.0800,10.0800,4412957,44632302.0000,3
2020-09-25,20200925140000000,sz.002375,10.0900,10.1400,10.0800,10.1100,2673000,26969329.0000,3
2020-09-25,20200925150000000,sz.002375,10.0900,10.1000,10.0800,10.0800,588600,5933472.0000,3
2020-09-28,20200928103000000,sz.002375,10.3000,11.0900,10.0600,10.2300,15775374,164665364.0000,3
2020-09-28,20200928113000000,sz.002375,10.2300,10.2600,10.0300,10.0800,3601400,36487088.0000,3
2020-09-28,20200928140000000,sz.002375,10.0800,10.2000,10.0000,10.0500,3315667,33445361.0000,3
2020-09-28,20200928150000000,sz.002375,10.0400,10.0900,9.9400,10.0500,3476753,34752715.0000,3
2020-09-29,20200929103000000,sz.002375,9.9600,10.2600,9.8700,10.1100,7329492,73559882.0000,3
2020-09-29,20200929113000000,sz.002375,10.1100,10.1300,9.9900,10.0100,1719932,17265010.0000,3
2020-09-29,20200929140000000,sz.002375,10.0400,10.1300,9.9800,10.0300,1713573,17194923.0000,3
2020-09-29,20200929150000000,sz.002375,10.0200,10.0900,9.9700,10.0500,4057228,40661968.0000,3
2020-09-30,20200930103000000,sz.002375,10.0500,10.1700,9.9900,10.0900,2112000,21305007.0000,3
2020-09-30,20200930113000000,sz.002375,10.1000,10.3800,10.1000,10.2200,3015200,30953388.0000,3
2020-09-30,20200930140000000,sz.002375,10.2100,10.2100,9.8600,9.8800,3054917,30506948.0000,3
2020-09-30,20200930150000000,sz.002375,9.8800,9.9900,9.8300,9.9400,2859965,28342002.0000,3
2020-10-09,20201009103000000,sz.002375,10.1300,10.4600,9.9000,10.4000,6947130,71010520.0000,3
2020-10-09,20201009113000000,sz.002375,10.4100,10.6900,10.3300,10.6500,2630541,27700170.0000,3
2020-10-09,20201009140000000,sz.002375,10.6500,10.7300,10.5100,10.6400,3076101,32654575.0000,3
2020-10-09,20201009150000000,sz.002375,10.6400,10.6600,10.4600,10.6100,4553960,48168406.0000,3
2020-10-12,20201012103000000,sz.002375,10.6500,10.9100,10.5300,10.6700,5385837,57857674.0000,3
2020-10-12,20201012113000000,sz.002375,10.6700,10.8700,10.6400,10.8300,2513932,27027080.0000,3
2020-10-12,20201012140000000,sz.002375,10.8200,10.8200,10.6700,10.7300,1878000,20166693.0000,3
2020-10-12,20201012150000000,sz.002375,10.7400,10.7500,10.6200,10.7000,3036587,32422861.0000,3
2020-10-13,20201013103000000,sz.002375,10.7500,10.7600,10.5600,10.7200,2166156,23016338.0000,3
2020-10-13,20201013113000000,sz.002375,10.7400,10.7400,10.5600,10.6000,1014969,10784432.0000,3
2020-10-13,20201013140000000,sz.002375,10.6000,10.6600,10.5800,10.6400,580300,6163208.0000,3
2020-10-13,20201013150000000,sz.002375,10.6200,10.6300,10.4700,10.5600,4548000,47912578.0000,3
2020-10-14,20201014103000000,sz.002375,10.5600,10.6500,10.2500,10.2700,5045800,52590540.0000,3
2020-10-14,20201014113000000,sz.002375,10.2800,10.5000,10.2800,10.3900,3302600,34234588.0000,3
2020-10-14,20201014140000000,sz.002375,10.3900,10.3900,10.2100,10.2900,2083100,21467980.0000,3
2020-10-14,20201014150000000,sz.002375,10.2900,10.3000,10.1800,10.2700,3380544,34589581.0000,3
2020-10-15,20201015103000000,sz.002375,10.3300,10.4300,10.1800,10.1900,2503500,25724329.0000,3
2020-10-15,20201015113000000,sz.002375,10.1900,10.2700,10.1300,10.2100,1256400,12805326.0000,3
2020-10-15,20201015140000000,sz.002375,10.2100,10.3400,10.2100,10.3200,1442600,14842117.0000,3
2020-10-15,20201015150000000,sz.002375,10.3200,10.3200,10.2300,10.2400,2310300,23717600.0000,3
2020-10-16,20201016103000000,sz.002375,10.2500,10.4400,10.1600,10.1900,3696350,38026549.0000,3
2020-10-16,20201016113000000,sz.002375,10.1900,10.3000,10.0700,10.0700,1845163,18745061.0000,3
2020-10-16,20201016140000000,sz.002375,10.0700,10.1700,10.0600,10.1300,1757302,17767026.0000,3
2020-10-16,20201016150000000,sz.002375,10.1300,10.2000,10.0700,10.1700,2700617,27353431.0000,3
2020-10-19,20201019103000000,sz.002375,10.2700,10.2900,10.0800,10.1000,3413958,34728124.0000,3
2020-10-19,20201019113000000,sz.002375,10.1000,10.1000,9.9800,9.9800,1710163,17151749.0000,3
2020-10-19,20201019140000000,sz.002375,9.9900,10.0300,9.8700,9.9300,1741300,17301431.0000,3
2020-10-19,20201019150000000,sz.002375,9.9300,10.0000,9.8800,9.9800,1678335,16675647.0000,3
2020-10-20,20201020103000000,sz.002375,10.1000,10.1000,9.7100,9.8200,3730828,36712733.0000,3
2020-10-20,20201020113000000,sz.002375,9.8100,9.8700,9.7700,9.8500,1684100,16518513.0000,3
2020-10-20,20201020140000000,sz.002375,9.8500,10.0100,9.8500,9.9600,1893950,18760631.0000,3
2020-10-20,20201020150000000,sz.002375,9.9600,10.0600,9.9300,10.0300,1428891,14272853.0000,3
2020-10-21,20201021103000000,sz.002375,10.0700,10.1900,9.7300,9.7500,3191200,31585061.0000,3
2020-10-21,20201021113000000,sz.002375,9.7500,9.7800,9.6600,9.6600,2266300,22001631.0000,3
2020-10-21,20201021140000000,sz.002375,9.6700,9.7600,9.5000,9.5400,3621800,34771955.0000,3
2020-10-21,20201021150000000,sz.002375,9.5400,9.6600,9.5400,9.6100,3312906,31788953.0000,3
2020-10-22,20201022103000000,sz.002375,9.6600,9.6800,9.2400,9.3000,4930300,46214427.0000,3
2020-10-22,20201022113000000,sz.002375,9.3000,9.4400,9.2400,9.3200,2475623,23083475.0000,3
2020-10-22,20201022140000000,sz.002375,9.3300,9.4100,9.2700,9.3200,3170630,29612004.0000,3
2020-10-22,20201022150000000,sz.002375,9.3200,9.4000,9.2500,9.3900,4942648,46037910.0000,3
2020-10-23,20201023103000000,sz.002375,9.3800,9.6600,9.2200,9.2300,4709607,44330444.0000,3
2020-10-23,20201023113000000,sz.002375,9.2400,9.2800,9.1700,9.2400,2328299,21450611.0000,3
2020-10-23,20201023140000000,sz.002375,9.2600,9.2800,9.0600,9.0800,2099800,19210083.0000,3
2020-10-23,20201023150000000,sz.002375,9.0700,9.1200,8.9900,9.0500,3074223,27829393.0000,3
2020-10-26,20201026103000000,sz.002375,9.0500,9.3200,8.7300,9.3000,6087554,54911242.0000,3
2020-10-26,20201026113000000,sz.002375,9.2900,9.5700,9.2500,9.3700,3997500,37680179.0000,3
2020-10-26,20201026140000000,sz.002375,9.3700,9.4000,9.2000,9.2300,2017066,18722255.0000,3
2020-10-26,20201026150000000,sz.002375,9.2300,9.3000,9.1800,9.2500,2271197,21002432.0000,3
2020-10-27,20201027103000000,sz.002375,9.2800,9.3400,9.0600,9.1200,4165126,38269511.0000,3
2020-10-27,20201027113000000,sz.002375,9.1200,9.2000,9.0800,9.1700,1070694,9794228.0000,3
2020-10-27,20201027140000000,sz.002375,9.1900,9.3200,9.1900,9.2700,1992600,18436642.0000,3
2020-10-27,20201027150000000,sz.002375,9.2700,9.3200,9.2400,9.3000,1911789,17751470.0000,3
2020-10-28,20201028103000000,sz.002375,9.2900,9.3600,9.0800,9.0900,2483600,22939831.0000,3
2020-10-28,20201028113000000,sz.002375,9.0900,9.1500,9.0000,9.1400,2034100,18439769.0000,3
2020-10-28,20201028140000000,sz.002375,9.1400,9.2000,9.0500,9.1300,1796300,16396363.0000,3
2020-10-28,20201028150000000,sz.002375,9.1300,9.1400,9.0400,9.1200,2975433,27016181.0000,3
2020-10-29,20201029103000000,sz.002375,8.9400,9.1800,8.9100,9.0500,2581460,23365809.0000,3
2020-10-29,20201029113000000,sz.002375,9.0500,9.3800,9.0300,9.3500,3320296,30743054.0000,3
2020-10-29,20201029140000000,sz.002375,9.3500,9.3800,9.1700,9.2500,2652100,24571493.0000,3
2020-10-29,20201029150000000,sz.002375,9.2600,9.2600,9.1900,9.2100,1738900,16036651.0000,3
2020-10-30,20201030103000000,sz.002375,9.2900,9.2900,9.0500,9.0700,1856563,16933829.0000,3
2020-10-30,20201030113000000,sz.002375,9.0800,9.1900,9.0600,9.1500,1084819,9901622.0000,3
2020-10-30,20201030140000000,sz.002375,9.1500,9.2800,9.0800,9.0800,1167100,10707891.0000,3
2020-10-30,20201030150000000,sz.002375,9.0800,9.0900,8.9400,8.9700,2761690,24889219.0000,3
2020-11-02,20201102103000000,sz.002375,8.9100,9.4400,8.9100,9.2900,7000513,64532020.0000,3
2020-11-02,20201102113000000,sz.002375,9.2900,9.5900,9.2400,9.5400,6512988,61415799.0000,3
2020-11-02,20201102140000000,sz.002375,9.5400,9.5400,9.1600,9.2000,4491723,41694343.0000,3
2020-11-02,20201102150000000,sz.002375,9.2000,9.2300,9.1100,9.1400,3191964,29196898.0000,3
2020-11-03,20201103103000000,sz.002375,9.3600,9.4600,8.9600,9.0300,5088264,46069069.0000,3
2020-11-03,20201103113000000,sz.002375,9.0300,9.1700,9.0200,9.1000,1660010,15113818.0000,3
2020-11-03,20201103140000000,sz.002375,9.1000,9.1100,8.9600,9.0300,3055848,27508053.0000,3
2020-11-03,20201103150000000,sz.002375,9.0300,9.0600,8.9600,9.0300,3166277,28513316.0000,3
2020-11-04,20201104103000000,sz.002375,9.0000,9.0600,8.7400,8.7800,5775315,51251218.0000,3
2020-11-04,20201104113000000,sz.002375,8.7800,8.9300,8.7100,8.8900,3307497,29118704.0000,3
2020-11-04,20201104140000000,sz.002375,8.9000,9.1800,8.8500,9.1400,4184912,37756437.0000,3
2020-11-04,20201104150000000,sz.002375,9.1400,9.2200,9.1200,9.1600,2956232,27112619.0000,3
2020-11-05,20201105103000000,sz.002375,9.2500,9.5400,9.0800,9.4200,7317200,68086162.0000,3
2020-11-05,20201105113000000,sz.002375,9.4200,9.4500,9.2500,9.3000,2387400,22281272.0000,3
2020-11-05,20201105140000000,sz.002375,9.2900,9.3200,9.1800,9.2700,2055900,18996780.0000,3
2020-11-05,20201105150000000,sz.002375,9.2700,9.4200,9.2700,9.3800,3646869,34154083.0000,3
2020-11-06,20201106103000000,sz.002375,9.4400,9.4800,9.2300,9.3300,4410467,41239101.0000,3
2020-11-06,20201106113000000,sz.002375,9.3300,9.3400,9.1100,9.1100,2351675,21687801.0000,3
2020-11-06,20201106140000000,sz.002375,9.1100,9.2200,9.1100,9.1500,1840032,16878427.0000,3
2020-11-06,20201106150000000,sz.002375,9.1400,9.2900,9.1300,9.2800,2430447,22382749.0000,3
2020-11-09,20201109103000000,sz.002375,9.3000,9.5200,9.2000,9.3700,5092376,47867739.0000,3
2020-11-09,20201109113000000,sz.002375,9.3800,9.4700,9.3400,9.3900,2654500,24979443.0000,3
2020-11-09,20201109140000000,sz.002375,9.4100,9.4500,9.3500,9.3700,2152000,20212998.0000,3
2020-11-09,20201109150000000,sz.002375,9.3600,9.3800,9.2700,9.3500,2708506,25278686.0000,3
2020-11-10,20201110103000000,sz.002375,9.3500,9.4500,9.0900,9.1200,5135000,47255552.0000,3
2020-11-10,20201110113000000,sz.002375,9.1200,9.1800,9.0400,9.1000,2756100,25107428.0000,3
2020-11-10,20201110140000000,sz.002375,9.1100,9.2000,9.0800,9.0800,2359900,21499716.0000,3
2020-11-10,20201110150000000,sz.002375,9.0800,9.1700,9.0400,9.1400,3060600,27876560.0000,3
2020-11-11,20201111103000000,sz.002375,9.2200,9.2800,9.0400,9.1600,4303100,39458162.0000,3
2020-11-11,20201111113000000,sz.002375,9.1600,9.3400,9.1500,9.1900,2972806,27462677.0000,3
2020-11-11,20201111140000000,sz.002375,9.1900,9.2100,9.1100,9.1300,2000800,18323147.0000,3
2020-11-11,20201111150000000,sz.002375,9.1300,9.1700,9.0500,9.1000,3157600,28687473.0000,3
2020-11-12,20201112103000000,sz.002375,9.1800,9.2600,9.0600,9.1200,2769892,25364040.0000,3
2020-11-12,20201112113000000,sz.002375,9.1200,9.1700,9.0100,9.0400,2995017,27203827.0000,3
2020-11-12,20201112140000000,sz.002375,9.0400,9.0600,8.9600,8.9900,2490200,22421445.0000,3
2020-11-12,20201112150000000,sz.002375,8.9900,9.0400,8.9400,9.0400,1876312,16865716.0000,3
2020-11-13,20201113103000000,sz.002375,9.0000,9.0600,8.8000,8.9200,3939200,34951276.0000,3
2020-11-13,20201113113000000,sz.002375,8.9200,9.0200,8.8800,8.9400,2140505,19171635.0000,3
2020-11-13,20201113140000000,sz.002375,8.9600,8.9600,8.8200,8.8700,1315606,11670793.0000,3
2020-11-13,20201113150000000,sz.002375,8.8700,8.9500,8.8300,8.9000,1321041,11756662.0000,3
2020-11-16,20201116103000000,sz.002375,8.9400,9.3400,8.9300,9.1000,9035087,82542805.0000,3
2020-11-16,20201116113000000,sz.002375,9.1000,9.5400,9.0800,9.4300,7600206,71219561.0000,3
2020-11-16,20201116140000000,sz.002375,9.4300,9.4800,9.3500,9.4800,2558712,24084816.0000,3
2020-11-16,20201116150000000,sz.002375,9.4800,9.4800,9.3200,9.3600,3681926,34558335.0000,3
2020-11-17,20201117103000000,sz.002375,9.4400,9.7000,9.4100,9.5600,8536150,81983101.0000,3
2020-11-17,20201117113000000,sz.002375,9.5600,9.6200,9.4800,9.5600,2512765,23972595.0000,3
2020-11-17,20201117140000000,sz.002375,9.5600,9.5600,9.4100,9.4100,2203000,20877504.0000,3
2020-11-17,20201117150000000,sz.002375,9.4200,9.4500,9.3600,9.4200,2716762,25547336.0000,3
2020-11-18,20201118103000000,sz.002375,9.4600,9.5100,9.2800,9.2800,3577200,33544837.0000,3
2020-11-18,20201118113000000,sz.002375,9.2800,9.3300,9.2300,9.3200,1692287,15690988.0000,3
2020-11-18,20201118140000000,sz.002375,9.3200,9.3700,9.2600,9.2700,1937327,18061959.0000,3
2020-11-18,20201118150000000,sz.002375,9.2800,9.3000,9.2500,9.2600,2827101,26216732.0000,3
2020-11-19,20201119103000000,sz.002375,9.3000,9.3000,9.0800,9.1900,2716200,24986654.0000,3
2020-11-19,20201119113000000,sz.002375,9.1800,9.3600,9.1800,9.3100,1178300,10943099.0000,3
2020-11-19,20201119140000000,sz.002375,9.3100,9.3500,9.2600,9.3300,1071205,9977626.0000,3
2020-11-19,20201119150000000,sz.002375,9.3100,9.4800,9.3000,9.4200,2813073,26444124.0000,3
2020-11-20,20201120103000000,sz.002375,9.5300,9.5300,9.2600,9.2900,2750200,25840040.0000,3
2020-11-20,20201120113000000,sz.002375,9.2900,9.3200,9.2100,9.2400,1361600,12615774.0000,3
2020-11-20,20201120140000000,sz.002375,9.2400,9.3400,9.2300,9.3300,1169500,10866962.0000,3
2020-11-20,20201120150000000,sz.002375,9.3300,9.3600,9.3100,9.3200,1532687,14298155.0000,3
2020-11-23,20201123103000000,sz.002375,9.3100,9.3100,9.0500,9.0600,4516500,41302102.0000,3
2020-11-23,20201123113000000,sz.002375,9.0600,9.1000,9.0300,9.0700,1794400,16260431.0000,3
2020-11-23,20201123140000000,sz.002375,9.1000,9.2100,9.0600,9.1700,1920000,17549403.0000,3
2020-11-23,20201123150000000,sz.002375,9.1700,9.1700,9.0000,9.1100,3872929,35154383.0000,3
2020-11-24,20201124103000000,sz.002375,9.0900,9.1100,9.0100,9.0400,2268341,20519743.0000,3
2020-11-24,20201124113000000,sz.002375,9.0400,9.0500,9.0000,9.0400,1121300,10116252.0000,3
2020-11-24,20201124140000000,sz.002375,9.0400,9.2200,9.0300,9.1100,2903266,26504921.0000,3
2020-11-24,20201124150000000,sz.002375,9.1100,9.1600,9.0900,9.1100,1269505,11576170.0000,3
2020-11-25,20201125103000000,sz.002375,9.1400,9.1500,9.0200,9.0500,2153001,19520998.0000,3
2020-11-25,20201125113000000,sz.002375,9.0500,9.0700,9.0000,9.0100,1519699,13723459.0000,3
2020-11-25,20201125140000000,sz.002375,9.0100,9.0300,8.9300,8.9400,1886654,16946546.0000,3
2020-11-25,20201125150000000,sz.002375,8.9400,8.9600,8.8300,8.8400,2179652,19378978.0000,3
2020-11-26,20201126103000000,sz.002375,8.8900,8.9000,8.6400,8.6900,3036860,26647360.0000,3
2020-11-26,20201126113000000,sz.002375,8.6900,8.7300,8.6000,8.6200,2212438,19133726.0000,3
2020-11-26,20201126140000000,sz.002375,8.6200,8.6700,8.5800,8.6100,1693237,14586328.0000,3
2020-11-26,20201126150000000,sz.002375,8.6100,8.6700,8.5400,8.6200,2147100,18438324.0000,3
2020-11-27,20201127103000000,sz.002375,8.5700,8.9100,8.5500,8.5700,6710930,58497646.0000,3
2020-11-27,20201127113000000,sz.002375,8.5700,8.5900,8.4400,8.4500,1911009,16260081.0000,3
2020-11-27,20201127140000000,sz.002375,8.4500,8.5800,8.4500,8.5300,1300766,11092749.0000,3
2020-11-27,20201127150000000,sz.002375,8.5400,8.5900,8.4600,8.5900,1906513,16253345.0000,3
2020-11-30,20201130103000000,sz.002375,8.6100,8.6400,8.3700,8.5300,3636215,31042045.0000,3
2020-11-30,20201130113000000,sz.002375,8.5300,8.5800,8.4600,8.5500,1728785,14722383.0000,3
2020-11-30,20201130140000000,sz.002375,8.5500,8.5600,8.4600,8.4800,1158411,9836161.0000,3
2020-11-30,20201130150000000,sz.002375,8.4900,8.5300,8.4000,8.4200,1694626,14301396.0000,3
2020-12-01,20201201103000000,sz.002375,8.4000,8.6200,8.3200,8.6200,4212700,35548663.0000,3
2020-12-01,20201201113000000,sz.002375,8.6200,8.6600,8.5200,8.5900,2219173,19074480.0000,3
2020-12-01,20201201140000000,sz.002375,8.5900,8.6200,8.5200,8.6100,929615,7969003.0000,3
2020-12-01,20201201150000000,sz.002375,8.6200,8.6800,8.6100,8.6500,2258458,19526972.0000,3
2020-12-02,20201202103000000,sz.002375,8.6500,8.6900,8.4700,8.4900,4270809,36479442.0000,3
2020-12-02,20201202113000000,sz.002375,8.4900,8.5200,8.4300,8.4800,2663591,22584980.0000,3
2020-12-02,20201202140000000,sz.002375,8.4800,8.6000,8.4600,8.5700,1596576,13631461.0000,3
2020-12-02,20201202150000000,sz.002375,8.5700,8.6500,8.5600,8.6000,1865025,16062000.0000,3
2020-12-03,20201203103000000,sz.002375,8.5900,8.6500,8.4900,8.5900,3302925,28271243.0000,3
2020-12-03,20201203113000000,sz.002375,8.5900,8.7200,8.5800,8.6600,1823100,15790775.0000,3
2020-12-03,20201203140000000,sz.002375,8.6600,8.7000,8.6000,8.6700,1187406,10265637.0000,3
2020-12-03,20201203150000000,sz.002375,8.6700,8.7300,8.6200,8.6800,1942574,16883066.0000,3
2020-12-04,20201204103000000,sz.002375,8.6300,8.8100,8.6300,8.7500,3304267,28884832.0000,3
2020-12-04,20201204113000000,sz.002375,8.7500,8.7500,8.6900,8.6900,874263,7619828.0000,3
2020-12-04,20201204140000000,sz.002375,8.7000,8.7000,8.5800,8.6200,1432309,12352564.0000,3
2020-12-04,20201204150000000,sz.002375,8.6100,8.6400,8.5500,8.6400,1898495,16304147.0000,3
2020-12-07,20201207103000000,sz.002375,8.5600,8.8800,8.4500,8.8200,5103806,44293550.0000,3
2020-12-07,20201207113000000,sz.002375,8.8200,8.8300,8.6400,8.6700,2002359,17491916.0000,3
2020-12-07,20201207140000000,sz.002375,8.6700,8.7000,8.6200,8.6500,1393349,12061487.0000,3
2020-12-07,20201207150000000,sz.002375,8.6500,8.6600,8.5300,8.5500,1694541,14522507.0000,3
2020-12-08,20201208103000000,sz.002375,8.6400,8.6400,8.5000,8.5800,1783004,15251236.0000,3
2020-12-08,20201208113000000,sz.002375,8.5800,8.6100,8.4600,8.5000,1231700,10495514.0000,3
2020-12-08,20201208140000000,sz.002375,8.5000,8.5900,8.5000,8.5700,876350,7489330.0000,3
2020-12-08,20201208150000000,sz.002375,8.5700,8.6000,8.5300,8.5300,1376900,11794398.0000,3
2020-12-09,20201209103000000,sz.002375,8.5000,8.5300,8.3800,8.4700,2082907,17593026.0000,3
2020-12-09,20201209113000000,sz.002375,8.4700,8.5500,8.4600,8.5100,851302,7234893.0000,3
2020-12-09,20201209140000000,sz.002375,8.5100,8.5200,8.4400,8.4600,825900,6999567.0000,3
2020-12-09,20201209150000000,sz.002375,8.4600,8.4700,8.3000,8.3000,2158114,18073717.0000,3
2020-12-10,20201210103000000,sz.002375,8.3100,8.3600,8.2000,8.3100,1742948,14398918.0000,3
2020-12-10,20201210113000000,sz.002375,8.3200,8.3400,8.2400,8.3100,636614,5281594.0000,3
2020-12-10,20201210140000000,sz.002375,8.3100,8.3600,8.2700,8.3200,907200,7556313.0000,3
2020-12-10,20201210150000000,sz.002375,8.3100,8.3200,8.2400,8.2900,1602750,13274911.0000,3
2020-12-11,20201211103000000,sz.002375,8.3000,8.3000,8.1100,8.1400,2406588,19668012.0000,3
2020-12-11,20201211113000000,sz.002375,8.1400,8.2000,8.0600,8.0800,1657200,13450394.0000,3
2020-12-11,20201211140000000,sz.002375,8.0800,8.1200,7.9800,7.9800,1586100,12740593.0000,3
2020-12-11,20201211150000000,sz.002375,7.9800,8.0700,7.9300,8.0700,2144714,17169615.0000,3
2020-12-14,20201214103000000,sz.002375,8.0400,8.0700,7.9000,8.0100,2062513,16454373.0000,3
2020-12-14,20201214113000000,sz.002375,8.0100,8.1300,7.9800,8.0500,1243034,10011264.0000,3
2020-12-14,20201214140000000,sz.002375,8.0500,8.0600,7.9300,7.9300,1621900,12927672.0000,3
2020-12-14,20201214150000000,sz.002375,7.9500,8.0000,7.9000,8.0000,2384018,18951553.0000,3
2020-12-15,20201215103000000,sz.002375,7.9600,8.1400,7.8600,8.0600,2682867,21395451.0000,3
2020-12-15,20201215113000000,sz.002375,8.0500,8.1200,7.9800,8.1100,1489313,11972786.0000,3
2020-12-15,20201215140000000,sz.002375,8.1000,8.1900,8.0800,8.1000,1583118,12861880.0000,3
2020-12-15,20201215150000000,sz.002375,8.1100,8.1800,8.0900,8.1500,2301110,18744038.0000,3
2020-12-16,20201216103000000,sz.002375,8.1500,8.1500,8.0100,8.0400,1472200,11876506.0000,3
2020-12-16,20201216113000000,sz.002375,8.0400,8.0700,8.0200,8.0500,505800,4066821.0000,3
2020-12-16,20201216140000000,sz.002375,8.0500,8.0500,8.0000,8.0100,761300,6106424.0000,3
2020-12-16,20201216150000000,sz.002375,8.0100,8.0400,7.9600,7.9800,1526000,12188518.0000,3
2020-12-17,20201217103000000,sz.002375,7.9200,7.9600,7.8400,7.8900,1594100,12583885.0000,3
2020-12-17,20201217113000000,sz.002375,7.8700,8.0800,7.8700,8.0400,1947200,15599807.0000,3
2020-12-17,20201217140000000,sz.002375,8.0300,8.1000,7.9800,8.0300,1211600,9730495.0000,3
2020-12-17,20201217150000000,sz.002375,8.0300,8.0800,8.0000,8.0800,1212700,9760776.0000,3
2020-12-18,20201218103000000,sz.002375,8.0800,8.0800,7.8100,7.9000,3127937,24707145.0000,3
2020-12-18,20201218113000000,sz.002375,7.9000,7.9100,7.7800,7.8500,2238923,17542199.0000,3
2020-12-18,20201218140000000,sz.002375,7.8600,7.8700,7.7500,7.8000,2381164,18563145.0000,3
2020-12-18,20201218150000000,sz.002375,7.8000,7.8400,7.7300,7.7800,3585159,27877987.0000,3
2020-12-21,20201221103000000,sz.002375,7.7400,7.8400,7.6600,7.8100,2978250,23094312.0000,3
2020-12-21,20201221113000000,sz.002375,7.7900,7.9000,7.7800,7.8700,1918750,15049343.0000,3
2020-12-21,20201221140000000,sz.002375,7.8500,7.9500,7.8500,7.9000,1447900,11449479.0000,3
2020-12-21,20201221150000000,sz.002375,7.9000,7.9200,7.8400,7.8900,1484661,11699977.0000,3
2020-12-22,20201222103000000,sz.002375,7.9100,7.9200,7.7500,7.7900,1549901,12135741.0000,3
2020-12-22,20201222113000000,sz.002375,7.8000,7.8200,7.7500,7.7800,975400,7591183.0000,3
2020-12-22,20201222140000000,sz.002375,7.7800,7.8000,7.6200,7.6500,2402560,18467690.0000,3
2020-12-22,20201222150000000,sz.002375,7.6500,7.6500,7.5400,7.5600,2834783,21502019.0000,3
2020-12-23,20201223103000000,sz.002375,7.5900,7.7100,7.5000,7.5700,2328484,17705341.0000,3
2020-12-23,20201223113000000,sz.002375,7.5700,7.6300,7.5200,7.5800,1519305,11513405.0000,3
2020-12-23,20201223140000000,sz.002375,7.5800,7.5800,7.4400,7.5200,2690200,20209494.0000,3
2020-12-23,20201223150000000,sz.002375,7.5200,7.6100,7.4500,7.5800,2492274,18766482.0000,3
2020-12-24,20201224103000000,sz.002375,7.5800,7.5900,7.3400,7.3600,2898715,21469352.0000,3
2020-12-24,20201224113000000,sz.002375,7.3600,7.3800,7.2500,7.2900,1885690,13794161.0000,3
2020-12-24,20201224140000000,sz.002375,7.2900,7.3500,7.2600,7.2800,1173600,8554129.0000,3
2020-12-24,20201224150000000,sz.002375,7.2800,7.2900,7.2100,7.2500,1782550,12932060.0000,3
2020-12-25,20201225103000000,sz.002375,7.2900,7.3100,7.2100,7.2500,2071187,15034232.0000,3
2020-12-25,20201225113000000,sz.002375,7.2500,7.3600,7.2300,7.3400,1467350,10724442.0000,3
2020-12-25,20201225140000000,sz.002375,7.3400,7.3500,7.2600,7.2800,1684000,12309125.0000,3
2020-12-25,20201225150000000,sz.002375,7.2900,7.3300,7.2700,7.2700,1749134,12751561.0000,3
2020-12-28,20201228103000000,sz.002375,7.2800,7.3400,7.1500,7.2900,2901605,20978198.0000,3
2020-12-28,20201228113000000,sz.002375,7.3000,7.5400,7.3000,7.3700,4551989,33760558.0000,3
2020-12-28,20201228140000000,sz.002375,7.3700,7.4000,7.2700,7.3400,2377071,17454944.0000,3
2020-12-28,20201228150000000,sz.002375,7.3400,7.3700,7.2400,7.3000,2570700,18739231.0000,3
2020-12-29,20201229103000000,sz.002375,7.3500,7.4500,7.2500,7.3000,2419600,17809021.0000,3
2020-12-29,20201229113000000,sz.002375,7.3000,7.3200,7.2200,7.2300,1660100,12071063.0000,3
2020-12-29,20201229140000000,sz.002375,7.2300,7.3200,7.2100,7.2900,1553000,11297750.0000,3
2020-12-29,20201229150000000,sz.002375,7.2900,7.3300,7.2600,7.2800,1815405,13235315.0000,3
2020-12-30,20201230103000000,sz.002375,7.2200,7.3800,7.1800,7.3600,1855300,13496713.0000,3
2020-12-30,20201230113000000,sz.002375,7.3600,7.4000,7.2500,7.2700,1478800,10834519.0000,3
2020-12-30,20201230140000000,sz.002375,7.2700,7.3300,7.2400,7.2700,1134770,8255888.0000,3
2020-12-30,20201230150000000,sz.002375,7.2800,7.3500,7.2400,7.3000,2245088,16398001.0000,3
2020-12-31,20201231103000000,sz.002375,7.2600,7.4900,7.2200,7.4500,3829318,28254745.0000,3
2020-12-31,20201231113000000,sz.002375,7.4500,7.5100,7.3500,7.3900,2331324,17270664.0000,3
2020-12-31,20201231140000000,sz.002375,7.3900,7.4400,7.3500,7.3900,1944900,14379598.0000,3
2020-12-31,20201231150000000,sz.002375,7.3900,7.4700,7.3800,7.4400,4363900,32364809.0000,3
