date,time,code,open,high,low,close,volume,amount,adjustflag
2020-01-02,20200102103000000,sz.000980,2.9500,3.0000,2.9200,2.9900,17083847,50661699.0000,3
2020-01-02,20200102113000000,sz.000980,2.9900,2.9900,2.9700,2.9800,5786385,17225650.0000,3
2020-01-02,20200102140000000,sz.000980,2.9800,3.0200,2.9600,3.0100,15126615,45156292.0000,3
2020-01-02,20200102150000000,sz.000980,3.0100,3.0100,2.9900,3.0000,10100100,30292515.0000,3
2020-01-03,20200103103000000,sz.000980,3.0100,3.0400,2.9800,3.0200,12457670,37457926.0000,3
2020-01-03,20200103113000000,sz.000980,3.0100,3.0200,2.9700,2.9800,6430704,19270471.0000,3
2020-01-03,20200103140000000,sz.000980,2.9800,3.0000,2.9700,2.9900,3769900,11254731.0000,3
2020-01-03,20200103150000000,sz.000980,2.9900,3.0200,2.9900,3.0200,9836800,29583844.0000,3
2020-01-06,20200106103000000,sz.000980,3.0000,3.0400,2.9800,3.0300,11187500,33678940.0000,3
2020-01-06,20200106113000000,sz.000980,3.0300,3.0600,3.0200,3.0400,6506749,19770541.0000,3
2020-01-06,20200106140000000,sz.000980,3.0400,3.0900,3.0400,3.0600,12553800,38409585.0000,3
2020-01-06,20200106150000000,sz.000980,3.0600,3.0700,3.0200,3.0500,10827157,32951937.0000,3
2020-01-07,20200107103000000,sz.000980,3.0500,3.1600,3.0400,3.0700,22066699,68265657.0000,3
2020-01-07,20200107113000000,sz.000980,3.0700,3.0800,3.0500,3.0600,6467700,19817348.0000,3
2020-01-07,20200107140000000,sz.000980,3.0600,3.1000,3.0600,3.0700,4904200,15100055.0000,3
2020-01-07,20200107150000000,sz.000980,3.0800,3.1000,3.0600,3.0900,7050713,21695458.0000,3
2020-01-08,20200108103000000,sz.000980,3.0600,3.1100,3.0400,3.0600,14255200,43675646.0000,3
2020-01-08,20200108113000000,sz.000980,3.0700,3.1300,3.0600,3.1200,9751274,30194876.0000,3
2020-01-08,20200108140000000,sz.000980,3.1200,3.1300,3.0500,3.0600,8881626,27402413.0000,3
2020-01-08,20200108150000000,sz.000980,3.0600,3.0700,3.0300,3.0300,7736900,23586023.0000,3
2020-01-09,20200109103000000,sz.000980,3.0600,3.1000,3.0500,3.0600,11608890,35678943.0000,3
2020-01-09,20200109113000000,sz.000980,3.0600,3.0700,3.0300,3.0300,5757700,17531244.0000,3
2020-01-09,20200109140000000,sz.000980,3.0300,3.0600,3.0300,3.0400,3443627,10473741.0000,3
2020-01-09,20200109150000000,sz.000980,3.0400,3.0700,3.0400,3.0600,7736850,23685991.0000,3
2020-01-10,20200110103000000,sz.000980,3.0800,3.0800,2.9900,2.9900,13111814,39675508.0000,3
2020-01-10,20200110113000000,sz.000980,3.0000,3.0100,2.9700,2.9900,8931691,26692605.0000,3
2020-01-10,20200110140000000,sz.000980,2.9900,3.0000,2.9700,2.9900,2963313,8848722.0000,3
2020-01-10,20200110150000000,sz.000980,2.9900,3.0100,2.9800,2.9900,5065316,15166591.0000,3
2020-01-13,20200113103000000,sz.000980,3.0200,3.0900,3.0200,3.0400,18311400,55903259.0000,3
2020-01-13,20200113113000000,sz.000980,3.0400,3.0500,3.0300,3.0300,2967299,9023874.0000,3
2020-01-13,20200113140000000,sz.000980,3.0300,3.0500,3.0200,3.0400,3070824,9322409.0000,3
2020-01-13,20200113150000000,sz.000980,3.0400,3.0500,3.0200,3.0500,4815819,14642502.0000,3
2020-01-14,20200114103000000,sz.000980,3.0300,3.0600,3.0100,3.0400,12967901,39371429.0000,3
2020-01-14,20200114113000000,sz.000980,3.0300,3.0500,3.0100,3.0200,5649600,17106593.0000,3
2020-01-14,20200114140000000,sz.000980,3.0200,3.0300,3.0100,3.0200,2945735,8897658.0000,3
2020-01-14,20200114150000000,sz.000980,3.0200,3.0300,3.0000,3.0100,6045116,18196689.0000,3
2020-01-15,20200115103000000,sz.000980,3.0200,3.0200,2.9000,2.9400,15246443,44966990.0000,3
2020-01-15,20200115113000000,sz.000980,2.9400,2.9500,2.9200,2.9300,3371266,9895692.0000,3
2020-01-15,20200115140000000,sz.000980,2.9300,2.9400,2.9200,2.9300,2165490,6348354.0000,3
2020-01-15,20200115150000000,sz.000980,2.9300,2.9500,2.9200,2.9200,3985667,11696083.0000,3
2020-01-16,20200116103000000,sz.000980,2.9200,2.9600,2.9100,2.9400,6767500,19862337.0000,3
2020-01-16,20200116113000000,sz.000980,2.9400,2.9400,2.9200,2.9400,3738675,10942451.0000,3
2020-01-16,20200116140000000,sz.000980,2.9400,2.9400,2.8900,2.9000,4751925,13818043.0000,3
2020-01-16,20200116150000000,sz.000980,2.9000,2.9000,2.8700,2.8700,7707481,22249496.0000,3
2020-01-17,20200117103000000,sz.000980,2.8800,2.9100,2.8800,2.9000,4295265,12426406.0000,3
2020-01-17,20200117113000000,sz.000980,2.9000,2.9000,2.8700,2.8800,3556316,10263836.0000,3
2020-01-17,20200117140000000,sz.000980,2.8800,2.8900,2.8600,2.8700,3053771,8772894.0000,3
2020-01-17,20200117150000000,sz.000980,2.8700,2.8900,2.8600,2.8700,3940800,11319194.0000,3
2020-01-20,20200120103000000,sz.000980,2.8600,2.8700,2.8100,2.8300,7993843,22670358.0000,3
2020-01-20,20200120113000000,sz.000980,2.8300,2.8700,2.8200,2.8700,4193000,11922567.0000,3
2020-01-20,20200120140000000,sz.000980,2.8700,2.8900,2.8600,2.8700,2729000,7844211.0000,3
2020-01-20,20200120150000000,sz.000980,2.8700,2.8900,2.8600,2.8800,4625123,13287525.0000,3
2020-01-21,20200121103000000,sz.000980,2.6500,2.7000,2.5900,2.6300,39914692,105346726.0000,3
2020-01-21,20200121113000000,sz.000980,2.6300,2.6800,2.6200,2.6800,11319115,29923780.0000,3
2020-01-21,20200121140000000,sz.000980,2.6700,2.6900,2.6600,2.6800,4318518,11539067.0000,3
2020-01-21,20200121150000000,sz.000980,2.6800,2.7000,2.6600,2.6800,6718554,17993751.0000,3
2020-01-22,20200122103000000,sz.000980,2.6400,2.6600,2.5700,2.6000,15356247,39935175.0000,3
2020-01-22,20200122113000000,sz.000980,2.6000,2.6400,2.6000,2.6400,4609800,12089540.0000,3
2020-01-22,20200122140000000,sz.000980,2.6300,2.6700,2.6300,2.6600,4641027,12321146.0000,3
2020-01-22,20200122150000000,sz.000980,2.6600,2.6800,2.6300,2.6300,8062900,21426577.0000,3
2020-01-23,20200123103000000,sz.000980,2.6100,2.6500,2.5800,2.6100,9892821,25938819.0000,3
2020-01-23,20200123113000000,sz.000980,2.6100,2.6100,2.5700,2.6000,5300983,13732488.0000,3
2020-01-23,20200123140000000,sz.000980,2.6000,2.6000,2.5100,2.5400,8420700,21486667.0000,3
2020-01-23,20200123150000000,sz.000980,2.5400,2.5800,2.5300,2.5600,5303849,13534131.0000,3
2020-02-03,20200203103000000,sz.000980,2.3000,2.3000,2.3000,2.3000,3243200,7459360.0000,3
2020-02-03,20200203113000000,sz.000980,2.3000,2.3000,2.3000,2.3000,284200,653660.0000,3
2020-02-03,20200203140000000,sz.000980,2.3000,2.3000,2.3000,2.3000,171300,393990.0000,3
2020-02-03,20200203150000000,sz.000980,2.3000,2.3000,2.3000,2.3000,189600,436080.0000,3
2020-02-04,20200204103000000,sz.000980,2.1000,2.2500,2.1000,2.2200,20079232,43942752.0000,3
2020-02-04,20200204113000000,sz.000980,2.2200,2.2300,2.1700,2.1900,5585064,12273736.0000,3
2020-02-04,20200204140000000,sz.000980,2.2000,2.2300,2.1900,2.2100,5422004,11981889.0000,3
2020-02-04,20200204150000000,sz.000980,2.2100,2.2200,2.2000,2.2200,5849916,12932297.0000,3
2020-02-05,20200205103000000,sz.000980,2.2300,2.3100,2.2100,2.2900,12479600,28235725.0000,3
2020-02-05,20200205113000000,sz.000980,2.2900,2.3300,2.2800,2.2900,7501200,17266105.0000,3
2020-02-05,20200205140000000,sz.000980,2.2900,2.3100,2.2800,2.2800,3243900,7438256.0000,3
2020-02-05,20200205150000000,sz.000980,2.2800,2.2900,2.2600,2.2800,6219403,14163444.0000,3
2020-02-06,20200206103000000,sz.000980,2.2800,2.3100,2.2500,2.2900,7765256,17761090.0000,3
2020-02-06,20200206113000000,sz.000980,2.2800,2.3100,2.2800,2.3100,3744545,8593735.0000,3
2020-02-06,20200206140000000,sz.000980,2.3000,2.3200,2.2900,2.3000,4780400,11020963.0000,3
2020-02-06,20200206150000000,sz.000980,2.3100,2.3200,2.2800,2.2900,7141343,16398929.0000,3
2020-02-07,20200207103000000,sz.000980,2.3000,2.3700,2.2800,2.3400,10195527,23779451.0000,3
2020-02-07,20200207113000000,sz.000980,2.3500,2.3500,2.3000,2.3200,5912866,13751920.0000,3
2020-02-07,20200207140000000,sz.000980,2.3200,2.3300,2.2900,2.3100,3579900,8263055.0000,3
2020-02-07,20200207150000000,sz.000980,2.3100,2.3600,2.3000,2.3500,7254034,16958611.0000,3
2020-02-10,20200210103000000,sz.000980,2.3300,2.4000,2.3100,2.3800,13129393,30929330.0000,3
2020-02-10,20200210113000000,sz.000980,2.3800,2.3900,2.3500,2.3600,5334000,12667972.0000,3
2020-02-10,20200210140000000,sz.000980,2.3600,2.3900,2.3500,2.3800,4080312,9677383.0000,3
2020-02-10,20200210150000000,sz.000980,2.3800,2.4000,2.3700,2.3900,4711732,11235736.0000,3
2020-02-11,20200211103000000,sz.000980,2.3900,2.4500,2.3900,2.4300,10686752,25872900.0000,3
2020-02-11,20200211113000000,sz.000980,2.4300,2.4400,2.4000,2.4200,3099200,7493338.0000,3
2020-02-11,20200211140000000,sz.000980,2.4100,2.4300,2.4100,2.4300,1977900,4784792.0000,3
2020-02-11,20200211150000000,sz.000980,2.4300,2.4300,2.3800,2.3900,6494489,15617178.0000,3
2020-02-12,20200212103000000,sz.000980,2.3900,2.4300,2.3800,2.4200,6970123,16793893.0000,3
2020-02-12,20200212113000000,sz.000980,2.4300,2.4300,2.3900,2.4100,3745400,9003555.0000,3
2020-02-12,20200212140000000,sz.000980,2.4100,2.4300,2.4000,2.4200,4467093,10791219.0000,3
2020-02-12,20200212150000000,sz.000980,2.4200,2.4600,2.4200,2.4500,7575300,18490546.0000,3
2020-02-13,20200213103000000,sz.000980,2.4400,2.4800,2.4200,2.4300,7391300,18080127.0000,3
2020-02-13,20200213113000000,sz.000980,2.4300,2.4500,2.4000,2.4000,5799932,14048966.0000,3
2020-02-13,20200213140000000,sz.000980,2.4000,2.4200,2.3900,2.4000,4432121,10658040.0000,3
2020-02-13,20200213150000000,sz.000980,2.4100,2.4200,2.3800,2.3900,4600500,11031812.0000,3
2020-02-14,20200214103000000,sz.000980,2.3800,2.4200,2.3700,2.4000,5115482,12243866.0000,3
2020-02-14,20200214113000000,sz.000980,2.4000,2.4200,2.3900,2.4100,1985074,4772054.0000,3
2020-02-14,20200214140000000,sz.000980,2.4100,2.4100,2.3800,2.3900,4036150,9677618.0000,3
2020-02-14,20200214150000000,sz.000980,2.3900,2.4000,2.3700,2.3800,5278575,12576224.0000,3
2020-02-17,20200217103000000,sz.000980,2.3800,2.5000,2.3800,2.4800,14227047,34967712.0000,3
2020-02-17,20200217113000000,sz.000980,2.4800,2.5000,2.4700,2.4900,6954600,17304814.0000,3
2020-02-17,20200217140000000,sz.000980,2.4900,2.5100,2.4800,2.5100,4806826,12012728.0000,3
2020-02-17,20200217150000000,sz.000980,2.5100,2.5400,2.5000,2.5300,10266701,25886639.0000,3
2020-02-18,20200218103000000,sz.000980,2.5400,2.6300,2.5200,2.5600,16152900,41529910.0000,3
2020-02-18,20200218113000000,sz.000980,2.5600,2.5700,2.5200,2.5400,7413200,18832454.0000,3
2020-02-18,20200218140000000,sz.000980,2.5400,2.5600,2.5300,2.5500,4177050,10642416.0000,3
2020-02-18,20200218150000000,sz.000980,2.5600,2.5700,2.5400,2.5700,5075900,12986908.0000,3
2020-02-19,20200219103000000,sz.000980,2.5600,2.6100,2.5500,2.5600,9053764,23327744.0000,3
2020-02-19,20200219113000000,sz.000980,2.5600,2.5700,2.5500,2.5700,2317300,5933382.0000,3
2020-02-19,20200219140000000,sz.000980,2.5700,2.5900,2.5600,2.5600,4214600,10846826.0000,3
2020-02-19,20200219150000000,sz.000980,2.5600,2.5600,2.5300,2.5300,7148100,18170555.0000,3
2020-02-20,20200220103000000,sz.000980,2.5200,2.5600,2.5200,2.5300,7782790,19781332.0000,3
2020-02-20,20200220113000000,sz.000980,2.5300,2.5700,2.5300,2.5600,4595117,11720038.0000,3
2020-02-20,20200220140000000,sz.000980,2.5700,2.5900,2.5600,2.5800,6200732,15970692.0000,3
2020-02-20,20200220150000000,sz.000980,2.5800,2.6000,2.5700,2.5900,6084386,15736958.0000,3
2020-02-21,20200221103000000,sz.000980,2.5900,2.6500,2.5800,2.6200,11327096,29684341.0000,3
2020-02-21,20200221113000000,sz.000980,2.6200,2.6300,2.6000,2.6200,3700100,9663267.0000,3
2020-02-21,20200221140000000,sz.000980,2.6200,2.6700,2.6200,2.6300,9460500,25038394.0000,3
2020-02-21,20200221150000000,sz.000980,2.6400,2.6800,2.6200,2.6600,12757068,33893703.0000,3
2020-02-24,20200224103000000,sz.000980,2.6400,2.6700,2.6000,2.6100,11937349,31398852.0000,3
2020-02-24,20200224113000000,sz.000980,2.6100,2.6600,2.6100,2.6500,5372300,14159414.0000,3
2020-02-24,20200224140000000,sz.000980,2.6500,2.6800,2.6400,2.6600,7794018,20718554.0000,3
2020-02-24,20200224150000000,sz.000980,2.6600,2.6900,2.6500,2.6600,6895300,18419822.0000,3
2020-02-25,20200225103000000,sz.000980,2.6000,2.6600,2.5800,2.6200,9632800,25274379.0000,3
2020-02-25,20200225113000000,sz.000980,2.6200,2.6400,2.5200,2.5700,11204022,28816347.0000,3
2020-02-25,20200225140000000,sz.000980,2.5700,2.9300,2.5700,2.9300,57684542,163175015.0000,3
2020-02-25,20200225150000000,sz.000980,2.9300,2.9300,2.9200,2.9300,6820288,19979528.0000,3
2020-02-26,20200226103000000,sz.000980,2.9700,3.1000,2.9300,2.9600,73200332,219795675.0000,3
2020-02-26,20200226113000000,sz.000980,2.9600,2.9600,2.8500,2.9200,20637306,59793413.0000,3
2020-02-26,20200226140000000,sz.000980,2.9100,2.9200,2.8500,2.8600,11985900,34588000.0000,3
2020-02-26,20200226150000000,sz.000980,2.8600,2.8600,2.7900,2.7900,19406196,54721120.0000,3
2020-02-27,20200227103000000,sz.000980,2.7500,2.7800,2.6600,2.7100,34263185,93214524.0000,3
2020-02-27,20200227113000000,sz.000980,2.7000,2.9300,2.7000,2.8600,30012643,85447116.0000,3
2020-02-27,20200227140000000,sz.000980,2.8600,2.8700,2.7900,2.8200,6548400,18496310.0000,3
2020-02-27,20200227150000000,sz.000980,2.8200,2.8300,2.7600,2.7600,8410783,23441559.0000,3
2020-02-28,20200228103000000,sz.000980,2.6100,2.6800,2.5900,2.6100,23984965,63190415.0000,3
2020-02-28,20200228113000000,sz.000980,2.6000,2.6500,2.5600,2.5800,10068322,26188338.0000,3
2020-02-28,20200228140000000,sz.000980,2.5800,2.6100,2.5500,2.5800,7412622,19141575.0000,3
2020-02-28,20200228150000000,sz.000980,2.5900,2.6100,2.5200,2.5300,12199800,31217472.0000,3
2020-03-02,20200302103000000,sz.000980,2.5400,2.6400,2.5400,2.6300,16036966,41507035.0000,3
2020-03-02,20200302113000000,sz.000980,2.6200,2.6400,2.5900,2.6100,6222800,16272298.0000,3
2020-03-02,20200302140000000,sz.000980,2.6100,2.6300,2.6000,2.6200,5187800,13550585.0000,3
2020-03-02,20200302150000000,sz.000980,2.6200,2.6300,2.6100,2.6100,6955775,18217299.0000,3
2020-03-03,20200303103000000,sz.000980,2.6500,2.7600,2.6300,2.7200,21793285,58458636.0000,3
2020-03-03,20200303113000000,sz.000980,2.7200,2.7200,2.6500,2.6700,6292200,16911943.0000,3
2020-03-03,20200303140000000,sz.000980,2.6700,2.6700,2.6300,2.6300,7436425,19686868.0000,3
2020-03-03,20200303150000000,sz.000980,2.6400,2.6500,2.6100,2.6300,7546497,19850032.0000,3
2020-03-04,20200304103000000,sz.000980,2.6100,2.6300,2.5700,2.6000,12453634,32427538.0000,3
2020-03-04,20200304113000000,sz.000980,2.6100,2.6200,2.5800,2.6000,6215769,16156390.0000,3
2020-03-04,20200304140000000,sz.000980,2.6000,2.6200,2.5800,2.6000,5511500,14329233.0000,3
2020-03-04,20200304150000000,sz.000980,2.6000,2.6700,2.6000,2.6600,9746741,25724080.0000,3
2020-03-05,20200305103000000,sz.000980,2.6900,2.6900,2.6500,2.6900,12324844,32940595.0000,3
2020-03-05,20200305113000000,sz.000980,2.6800,2.7200,2.6700,2.7000,7673400,20693962.0000,3
2020-03-05,20200305140000000,sz.000980,2.7000,2.7300,2.7000,2.7100,10513752,28564573.0000,3
2020-03-05,20200305150000000,sz.000980,2.7100,2.7400,2.7000,2.7200,7560269,20514702.0000,3
2020-03-06,20200306103000000,sz.000980,2.6900,2.7200,2.6600,2.6900,9793065,26326502.0000,3
2020-03-06,20200306113000000,sz.000980,2.6900,2.7100,2.6700,2.7000,6947400,18715132.0000,3
2020-03-06,20200306140000000,sz.000980,2.7000,2.7400,2.6900,2.7300,5589234,15190385.0000,3
2020-03-06,20200306150000000,sz.000980,2.7300,2.7400,2.6900,2.6900,6390466,17305665.0000,3
2020-03-09,20200309103000000,sz.000980,2.6500,2.6900,2.6300,2.6500,10462034,27738333.0000,3
2020-03-09,20200309113000000,sz.000980,2.6500,2.6500,2.5900,2.6100,7139091,18685064.0000,3
2020-03-09,20200309140000000,sz.000980,2.6100,2.6200,2.5700,2.5800,6101500,15766842.0000,3
2020-03-09,20200309150000000,sz.000980,2.5800,2.6100,2.5600,2.5600,6793400,17498553.0000,3
2020-03-10,20200310103000000,sz.000980,2.5000,2.5700,2.4900,2.5100,12779042,32245065.0000,3
2020-03-10,20200310113000000,sz.000980,2.5100,2.5400,2.4500,2.5400,7270582,18109900.0000,3
2020-03-10,20200310140000000,sz.000980,2.5400,2.6000,2.5400,2.5800,6164103,15899732.0000,3
2020-03-10,20200310150000000,sz.000980,2.5800,2.6200,2.5700,2.6100,5325500,13842142.0000,3
2020-03-11,20200311103000000,sz.000980,2.6100,2.6700,2.6000,2.6400,12260422,32298167.0000,3
2020-03-11,20200311113000000,sz.000980,2.6400,2.7000,2.6300,2.6800,9374600,24926787.0000,3
2020-03-11,20200311140000000,sz.000980,2.6800,2.6900,2.6300,2.6400,5468400,14517931.0000,3
2020-03-11,20200311150000000,sz.000980,2.6400,2.6600,2.6200,2.6200,5606396,14779615.0000,3
2020-03-12,20200312103000000,sz.000980,2.6100,2.6100,2.5300,2.5500,9014700,23147921.0000,3
2020-03-12,20200312113000000,sz.000980,2.5500,2.5800,2.5400,2.5600,2704300,6927685.0000,3
2020-03-12,20200312140000000,sz.000980,2.5600,2.5700,2.5300,2.5500,4030400,10250920.0000,3
2020-03-12,20200312150000000,sz.000980,2.5500,2.6600,2.5100,2.6100,16987927,43896427.0000,3
2020-03-13,20200313103000000,sz.000980,2.4700,2.5300,2.4500,2.5100,13625340,33942009.0000,3
2020-03-13,20200313113000000,sz.000980,2.5200,2.5300,2.4700,2.4900,5663377,14159816.0000,3
2020-03-13,20200313140000000,sz.000980,2.4900,2.5700,2.4900,2.5400,6178900,15712316.0000,3
2020-03-13,20200313150000000,sz.000980,2.5400,2.5800,2.5300,2.5400,5575600,14221112.0000,3
2020-03-16,20200316103000000,sz.000980,2.5400,2.5700,2.5300,2.5300,9956836,25357487.0000,3
2020-03-16,20200316113000000,sz.000980,2.5300,2.5400,2.5100,2.5200,5119364,12911265.0000,3
2020-03-16,20200316140000000,sz.000980,2.5200,2.5300,2.4600,2.4700,5328204,13247163.0000,3
2020-03-16,20200316150000000,sz.000980,2.4600,2.4700,2.3700,2.4100,9672193,23410784.0000,3
2020-03-17,20200317103000000,sz.000980,2.4100,2.4500,2.2800,2.3300,15498123,36451492.0000,3
2020-03-17,20200317113000000,sz.000980,2.3300,2.3800,2.3200,2.3700,3516800,8269521.0000,3
2020-03-17,20200317140000000,sz.000980,2.3800,2.4000,2.3200,2.3400,3020800,7119517.0000,3
2020-03-17,20200317150000000,sz.000980,2.3400,2.3700,2.3100,2.3500,3802400,8929700.0000,3
2020-03-18,20200318103000000,sz.000980,2.3600,2.4200,2.3400,2.3600,9127705,21675525.0000,3
2020-03-18,20200318113000000,sz.000980,2.3600,2.3900,2.3600,2.3800,2558270,6069426.0000,3
2020-03-18,20200318140000000,sz.000980,2.3800,2.3800,2.3200,2.3400,4010300,9440491.0000,3
2020-03-18,20200318150000000,sz.000980,2.3300,2.3400,2.2800,2.2900,4916878,11351525.0000,3
2020-03-19,20200319103000000,sz.000980,2.2600,2.3100,2.2300,2.2600,8932900,20237577.0000,3
2020-03-19,20200319113000000,sz.000980,2.2600,2.2700,2.2200,2.2600,5780079,12986453.0000,3
2020-03-19,20200319140000000,sz.000980,2.2600,2.2800,2.2400,2.2700,3540921,8000952.0000,3
2020-03-19,20200319150000000,sz.000980,2.2600,2.3000,2.2600,2.2800,3383022,7726421.0000,3
2020-03-20,20200320103000000,sz.000980,2.3100,2.3500,2.3000,2.3200,8347100,19409174.0000,3
2020-03-20,20200320113000000,sz.000980,2.3200,2.3300,2.3100,2.3100,3707500,8592547.0000,3
2020-03-20,20200320140000000,sz.000980,2.3200,2.3400,2.3000,2.3200,3017118,6987792.0000,3
2020-03-20,20200320150000000,sz.000980,2.3200,2.3500,2.3100,2.3500,4622400,10789608.0000,3
2020-03-23,20200323103000000,sz.000980,2.3000,2.3100,2.2500,2.2600,8030400,18305358.0000,3
2020-03-23,20200323113000000,sz.000980,2.2600,2.3200,2.2500,2.3200,3207700,7339921.0000,3
2020-03-23,20200323140000000,sz.000980,2.3100,2.3200,2.2800,2.2800,2282400,5233396.0000,3
2020-03-23,20200323150000000,sz.000980,2.2800,2.3000,2.2300,2.2600,4390597,9943567.0000,3
2020-03-24,20200324103000000,sz.000980,2.3000,2.3100,2.2800,2.3000,5749422,13208408.0000,3
2020-03-24,20200324113000000,sz.000980,2.2900,2.3100,2.2700,2.2800,3742200,8560190.0000,3
2020-03-24,20200324140000000,sz.000980,2.2800,2.3000,2.2600,2.2700,3637993,8271414.0000,3
2020-03-24,20200324150000000,sz.000980,2.2700,2.3500,2.2700,2.3400,8966942,20830234.0000,3
2020-03-25,20200325103000000,sz.000980,2.3700,2.5700,2.3400,2.5700,35929977,90708846.0000,3
2020-03-25,20200325113000000,sz.000980,2.5700,2.5700,2.5400,2.5700,25378300,65180603.0000,3
2020-03-25,20200325140000000,sz.000980,2.5700,2.5700,2.5700,2.5700,4362500,11210829.0000,3
2020-03-25,20200325150000000,sz.000980,2.5700,2.5700,2.5700,2.5700,640400,1645828.0000,3
2020-03-26,20200326103000000,sz.000980,2.4700,2.5500,2.4600,2.5300,33467596,83975908.0000,3
2020-03-26,20200326113000000,sz.000980,2.5400,2.5400,2.4800,2.5100,9284090,23288096.0000,3
2020-03-26,20200326140000000,sz.000980,2.5100,2.5200,2.4900,2.4900,6086771,15198688.0000,3
2020-03-26,20200326150000000,sz.000980,2.4900,2.5100,2.4300,2.5100,16451800,40643592.0000,3
2020-03-27,20200327103000000,sz.000980,2.5100,2.5500,2.4500,2.4600,15134100,37722745.0000,3
2020-03-27,20200327113000000,sz.000980,2.4600,2.5000,2.4400,2.4800,5848800,14418973.0000,3
2020-03-27,20200327140000000,sz.000980,2.4800,2.4900,2.4400,2.4500,5310100,13054519.0000,3
2020-03-27,20200327150000000,sz.000980,2.4400,2.4600,2.4100,2.4300,8370300,20338187.0000,3
2020-03-30,20200330103000000,sz.000980,2.3800,2.3900,2.3200,2.3600,11541400,27189909.0000,3
2020-03-30,20200330113000000,sz.000980,2.3700,2.4800,2.3600,2.4300,12240320,29792254.0000,3
2020-03-30,20200330140000000,sz.000980,2.4400,2.4500,2.4200,2.4400,3836000,9350062.0000,3
2020-03-30,20200330150000000,sz.000980,2.4300,2.4400,2.3900,2.4000,4577500,11030400.0000,3
2020-03-31,20200331103000000,sz.000980,2.4200,2.4600,2.3900,2.4100,11797081,28584192.0000,3
2020-03-31,20200331113000000,sz.000980,2.4100,2.5700,2.3800,2.5200,23088294,57354021.0000,3
2020-03-31,20200331140000000,sz.000980,2.5200,2.5300,2.4700,2.4900,6822200,17042472.0000,3
2020-03-31,20200331150000000,sz.000980,2.4900,2.5300,2.4700,2.5200,10306424,25756611.0000,3
2020-04-01,20200401103000000,sz.000980,2.5500,2.6900,2.5200,2.5500,44439011,115418265.0000,3
2020-04-01,20200401113000000,sz.000980,2.5400,2.5700,2.5300,2.5400,5375757,13696051.0000,3
2020-04-01,20200401140000000,sz.000980,2.5400,2.5500,2.4900,2.4900,5287943,13328088.0000,3
2020-04-01,20200401150000000,sz.000980,2.4900,2.5100,2.4500,2.4700,6194500,15345442.0000,3
2020-04-02,20200402103000000,sz.000980,2.4300,2.5400,2.4300,2.4400,21235294,52524369.0000,3
2020-04-02,20200402113000000,sz.000980,2.4400,2.4500,2.4200,2.4400,4977786,12108657.0000,3
2020-04-02,20200402140000000,sz.000980,2.4300,2.4500,2.4100,2.4400,4637364,11256635.0000,3
2020-04-02,20200402150000000,sz.000980,2.4400,2.4900,2.4200,2.4600,8784413,21511690.0000,3
2020-04-03,20200403103000000,sz.000980,2.4400,2.4500,2.3800,2.4000,13077300,31541919.0000,3
2020-04-03,20200403113000000,sz.000980,2.4000,2.4000,2.3600,2.3700,7327900,17435932.0000,3
2020-04-03,20200403140000000,sz.000980,2.3700,2.3800,2.3600,2.3700,5704101,13515587.0000,3
2020-04-03,20200403150000000,sz.000980,2.3700,2.3900,2.3500,2.3500,8039190,18984962.0000,3
2020-04-07,20200407103000000,sz.000980,2.3900,2.4200,2.3700,2.3900,10796201,25827737.0000,3
2020-04-07,20200407113000000,sz.000980,2.3900,2.4300,2.3900,2.4100,5670841,13687997.0000,3
2020-04-07,20200407140000000,sz.000980,2.4200,2.4500,2.4100,2.4400,6162860,14986575.0000,3
2020-04-07,20200407150000000,sz.000980,2.4400,2.4800,2.4300,2.4700,14400000,35487042.0000,3
2020-04-08,20200408103000000,sz.000980,2.4500,2.5100,2.4300,2.4900,16668241,41352111.0000,3
2020-04-08,20200408113000000,sz.000980,2.4900,2.5000,2.4700,2.4800,4713600,11717184.0000,3
2020-04-08,20200408140000000,sz.000980,2.4800,2.5000,2.4800,2.4900,3254194,8102494.0000,3
2020-04-08,20200408150000000,sz.000980,2.4900,2.5000,2.4700,2.4900,6065812,15064848.0000,3
2020-04-09,20200409103000000,sz.000980,2.4900,2.5500,2.4600,2.5100,9779000,24541395.0000,3
2020-04-09,20200409113000000,sz.000980,2.5200,2.5300,2.4900,2.5100,3923364,9842336.0000,3
2020-04-09,20200409140000000,sz.000980,2.5200,2.5900,2.5100,2.5700,14965300,38287854.0000,3
2020-04-09,20200409150000000,sz.000980,2.5700,2.5800,2.5300,2.5500,8828502,22541808.0000,3
2020-04-10,20200410103000000,sz.000980,2.5600,2.5600,2.4600,2.4900,13375499,33506088.0000,3
2020-04-10,20200410113000000,sz.000980,2.4900,2.5000,2.4500,2.4600,6411901,15871092.0000,3
2020-04-10,20200410140000000,sz.000980,2.4600,2.4600,2.4200,2.4400,4878200,11900029.0000,3
2020-04-10,20200410150000000,sz.000980,2.4400,2.4500,2.4000,2.4200,7180700,17391424.0000,3
2020-04-13,20200413103000000,sz.000980,2.4000,2.4300,2.3500,2.3900,7428264,17719073.0000,3
2020-04-13,20200413113000000,sz.000980,2.3900,2.4000,2.3700,2.3900,2045336,4875141.0000,3
2020-04-13,20200413140000000,sz.000980,2.3900,2.3900,2.3600,2.3800,3481400,8251746.0000,3
2020-04-13,20200413150000000,sz.000980,2.3800,2.3800,2.3500,2.3600,4684200,11066723.0000,3
2020-04-14,20200414103000000,sz.000980,2.3800,2.4300,2.3600,2.3900,10646669,25486001.0000,3
2020-04-14,20200414113000000,sz.000980,2.3900,2.4100,2.3800,2.3900,3210700,7685216.0000,3
2020-04-14,20200414140000000,sz.000980,2.4000,2.4000,2.3800,2.3900,3931200,9385834.0000,3
2020-04-14,20200414150000000,sz.000980,2.3900,2.4000,2.3800,2.3900,4327800,10345441.0000,3
2020-04-15,20200415103000000,sz.000980,2.4000,2.4000,2.3700,2.3800,5262291,12550041.0000,3
2020-04-15,20200415113000000,sz.000980,2.3800,2.3900,2.3500,2.3900,5727234,13561751.0000,3
2020-04-15,20200415140000000,sz.000980,2.3900,2.4000,2.3600,2.3700,3180898,7560257.0000,3
2020-04-15,20200415150000000,sz.000980,2.3700,2.3700,2.3400,2.3500,7387944,17383215.0000,3
2020-04-16,20200416103000000,sz.000980,2.3000,2.3400,2.3000,2.3300,5870800,13593118.0000,3
2020-04-16,20200416113000000,sz.000980,2.3300,2.3500,2.3200,2.3200,3261098,7605864.0000,3
2020-04-16,20200416140000000,sz.000980,2.3200,2.3300,2.3100,2.3300,3301400,7655411.0000,3
2020-04-16,20200416150000000,sz.000980,2.3300,2.3300,2.3100,2.3200,4111700,9523425.0000,3
2020-04-17,20200417103000000,sz.000980,2.3300,2.3500,2.3000,2.3300,4969200,11532775.0000,3
2020-04-17,20200417113000000,sz.000980,2.3300,2.3300,2.3100,2.3200,2081600,4823341.0000,3
2020-04-17,20200417140000000,sz.000980,2.3200,2.3200,2.3000,2.3100,4438100,10263944.0000,3
2020-04-17,20200417150000000,sz.000980,2.3100,2.3200,2.2800,2.2900,6619500,15188017.0000,3
2020-04-20,20200420103000000,sz.000980,2.3000,2.3000,2.2800,2.2900,4122825,9435534.0000,3
2020-04-20,20200420113000000,sz.000980,2.2900,2.3200,2.2900,2.3000,3474600,8012314.0000,3
2020-04-20,20200420140000000,sz.000980,2.3000,2.3400,2.3000,2.3200,4981706,11559662.0000,3
2020-04-20,20200420150000000,sz.000980,2.3200,2.3600,2.3200,2.3500,5306141,12391583.0000,3
2020-04-21,20200421103000000,sz.000980,2.3300,2.3300,2.3100,2.3200,2852500,6617426.0000,3
2020-04-21,20200421113000000,sz.000980,2.3200,2.3200,2.3000,2.3000,1819800,4202072.0000,3
2020-04-21,20200421140000000,sz.000980,2.3000,2.3200,2.2900,2.3000,3164600,7292947.0000,3
2020-04-21,20200421150000000,sz.000980,2.3000,2.3200,2.3000,2.3100,2456300,5669140.0000,3
2020-04-22,20200422103000000,sz.000980,2.3000,2.3500,2.2700,2.3200,6405800,14869317.0000,3
2020-04-22,20200422113000000,sz.000980,2.3200,2.3200,2.2900,2.2900,2089800,4814393.0000,3
2020-04-22,20200422140000000,sz.000980,2.2900,2.3300,2.2900,2.3200,1847900,4267017.0000,3
2020-04-22,20200422150000000,sz.000980,2.3200,2.3300,2.3000,2.3200,3990100,9229597.0000,3
2020-04-23,20200423103000000,sz.000980,2.3300,2.3400,2.2900,2.3100,5243220,12092935.0000,3
2020-04-23,20200423113000000,sz.000980,2.3000,2.3100,2.2800,2.2900,3657941,8401918.0000,3
2020-04-23,20200423140000000,sz.000980,2.3000,2.3000,2.2800,2.2900,4836400,11068469.0000,3
2020-04-23,20200423150000000,sz.000980,2.2900,2.3000,2.2800,2.2800,5035726,11528200.0000,3
2020-04-24,20200424103000000,sz.000980,2.2900,2.3100,2.2400,2.2500,7734100,17664631.0000,3
2020-04-24,20200424113000000,sz.000980,2.2500,2.2600,2.2400,2.2400,2036500,4581578.0000,3
2020-04-24,20200424140000000,sz.000980,2.2500,2.2500,2.2000,2.2200,4163000,9279594.0000,3
2020-04-24,20200424150000000,sz.000980,2.2200,2.2200,2.1900,2.2000,5449100,12032129.0000,3
2020-04-27,20200427103000000,sz.000980,2.1500,2.2000,2.1300,2.1600,9548600,20620921.0000,3
2020-04-27,20200427113000000,sz.000980,2.1600,2.1800,2.1500,2.1800,2954800,6405732.0000,3
2020-04-27,20200427140000000,sz.000980,2.1800,2.1800,2.1600,2.1700,2488500,5399886.0000,3
2020-04-27,20200427150000000,sz.000980,2.1700,2.1800,2.1300,2.1400,4358308,9358678.0000,3
2020-04-28,20200428103000000,sz.000980,2.1500,2.1600,2.0100,2.0500,11595000,23889829.0000,3
2020-04-28,20200428113000000,sz.000980,2.0500,2.0900,2.0400,2.0700,2570192,5309461.0000,3
2020-04-28,20200428140000000,sz.000980,2.0700,2.0800,2.0400,2.0600,2596300,5340766.0000,3
2020-04-28,20200428150000000,sz.000980,2.0600,2.0600,2.0300,2.0300,3933326,8031380.0000,3
2020-04-29,20200429103000000,sz.000980,2.0200,2.0600,2.0000,2.0400,5419400,11048799.0000,3
2020-04-29,20200429113000000,sz.000980,2.0400,2.0500,2.0100,2.0200,3493400,7076433.0000,3
2020-04-29,20200429140000000,sz.000980,2.0200,2.0300,2.0100,2.0200,1578500,3190491.0000,3
2020-04-29,20200429150000000,sz.000980,2.0200,2.0300,2.0000,2.0100,4272100,8599684.0000,3
2020-04-30,20200430103000000,sz.000980,2.0100,2.0500,2.0000,2.0100,8918599,18077266.0000,3
2020-04-30,20200430113000000,sz.000980,2.0200,2.0300,2.0000,2.0200,7331700,14752179.0000,3
2020-04-30,20200430140000000,sz.000980,2.0200,2.0300,2.0100,2.0200,5746244,11588285.0000,3
2020-04-30,20200430150000000,sz.000980,2.0200,2.0400,2.0100,2.0400,4887543,9924536.0000,3
2020-05-06,20200506103000000,sz.000980,2.0100,2.0700,2.0000,2.0400,11099398,22612320.0000,3
2020-05-06,20200506113000000,sz.000980,2.0400,2.0500,2.0200,2.0300,3855608,7848255.0000,3
2020-05-06,20200506140000000,sz.000980,2.0300,2.0400,2.0200,2.0400,3263500,6630575.0000,3
2020-05-06,20200506150000000,sz.000980,2.0400,2.0500,2.0300,2.0500,4534099,9261986.0000,3
2020-05-07,20200507103000000,sz.000980,2.0500,2.0600,2.0200,2.0200,6901472,14026657.0000,3
2020-05-07,20200507113000000,sz.000980,2.0200,2.0300,2.0100,2.0200,5359494,10815823.0000,3
2020-05-07,20200507140000000,sz.000980,2.0200,2.0200,2.0000,2.0100,5315300,10675590.0000,3
2020-05-07,20200507150000000,sz.000980,2.0100,2.0200,2.0100,2.0200,2840600,5721557.0000,3
2020-05-08,20200508103000000,sz.000980,2.0200,2.0300,2.0000,2.0200,6692606,13484560.0000,3
2020-05-08,20200508113000000,sz.000980,2.0200,2.0400,2.0100,2.0400,3024516,6119805.0000,3
2020-05-08,20200508140000000,sz.000980,2.0400,2.0400,2.0200,2.0300,3445100,6999814.0000,3
2020-05-08,20200508150000000,sz.000980,2.0300,2.0300,2.0200,2.0200,2699610,5463906.0000,3
2020-05-11,20200511103000000,sz.000980,2.0300,2.0500,2.0100,2.0100,8229600,16704251.0000,3
2020-05-11,20200511113000000,sz.000980,2.0100,2.0300,2.0100,2.0100,3399900,6851656.0000,3
2020-05-11,20200511140000000,sz.000980,2.0100,2.0200,2.0000,2.0100,2411400,4842233.0000,3
2020-05-11,20200511150000000,sz.000980,2.0100,2.0200,2.0100,2.0100,2039700,4105034.0000,3
2020-05-12,20200512103000000,sz.000980,2.0000,2.0100,1.8900,1.9200,17278992,33510639.0000,3
2020-05-12,20200512113000000,sz.000980,1.9200,1.9300,1.8900,1.9000,7909926,15088324.0000,3
2020-05-12,20200512140000000,sz.000980,1.9000,1.9200,1.8800,1.9200,4805915,9124730.0000,3
2020-05-12,20200512150000000,sz.000980,1.9100,1.9200,1.9000,1.9100,5812150,11098850.0000,3
2020-05-13,20200513103000000,sz.000980,1.8900,1.9200,1.8800,1.8900,7602795,14440690.0000,3
2020-05-13,20200513113000000,sz.000980,1.8900,1.9100,1.8900,1.8900,2675100,5075451.0000,3
2020-05-13,20200513140000000,sz.000980,1.8900,1.9200,1.8900,1.9200,3473396,6619108.0000,3
2020-05-13,20200513150000000,sz.000980,1.9200,1.9500,1.9100,1.9400,6846293,13226858.0000,3
2020-05-14,20200514103000000,sz.000980,1.9200,1.9300,1.9000,1.9000,5722500,10925505.0000,3
2020-05-14,20200514113000000,sz.000980,1.9100,1.9300,1.9000,1.9300,2196900,4204056.0000,3
2020-05-14,20200514140000000,sz.000980,1.9200,1.9300,1.9100,1.9100,1366300,2616799.0000,3
2020-05-14,20200514150000000,sz.000980,1.9100,1.9200,1.8900,1.9000,4564367,8686933.0000,3
2020-05-15,20200515103000000,sz.000980,1.9000,1.9100,1.8600,1.8700,7567200,14280599.0000,3
2020-05-15,20200515113000000,sz.000980,1.8700,1.8900,1.8600,1.8900,3609607,6770449.0000,3
2020-05-15,20200515140000000,sz.000980,1.8900,1.8900,1.8700,1.8700,1782650,3351615.0000,3
2020-05-15,20200515150000000,sz.000980,1.8700,1.8800,1.8600,1.8600,4214350,7868440.0000,3
2020-05-18,20200518103000000,sz.000980,1.8700,1.8800,1.8300,1.8400,7732406,14281638.0000,3
2020-05-18,20200518113000000,sz.000980,1.8400,1.8500,1.8300,1.8400,2710600,4978246.0000,3
2020-05-18,20200518140000000,sz.000980,1.8400,1.8400,1.8300,1.8300,2449700,4486957.0000,3
2020-05-18,20200518150000000,sz.000980,1.8300,1.8400,1.8000,1.8200,6707212,12193538.0000,3
2020-05-19,20200519103000000,sz.000980,1.8200,1.8300,1.7600,1.7800,13060800,23465652.0000,3
2020-05-19,20200519113000000,sz.000980,1.7800,1.7800,1.7500,1.7800,8229259,14542429.0000,3
2020-05-19,20200519140000000,sz.000980,1.7800,1.7900,1.7700,1.7800,3754932,6684519.0000,3
2020-05-19,20200519150000000,sz.000980,1.7800,1.7900,1.7700,1.7800,5106500,9095746.0000,3
2020-05-20,20200520103000000,sz.000980,1.7700,1.9100,1.7500,1.8800,34284512,63397086.0000,3
2020-05-20,20200520113000000,sz.000980,1.8800,1.9600,1.8700,1.9600,18518114,35760240.0000,3
2020-05-20,20200520140000000,sz.000980,1.9600,1.9600,1.9600,1.9600,1611000,3157560.0000,3
2020-05-20,20200520150000000,sz.000980,1.9600,1.9600,1.9600,1.9600,3102382,6080669.0000,3
2020-05-21,20200521103000000,sz.000980,2.0400,2.0900,1.9700,2.0600,60216393,122322713.0000,3
2020-05-21,20200521113000000,sz.000980,2.0600,2.0600,2.0100,2.0200,10912970,22159429.0000,3
2020-05-21,20200521140000000,sz.000980,2.0200,2.0300,2.0000,2.0100,5688750,11429854.0000,3
2020-05-21,20200521150000000,sz.000980,2.0100,2.0100,1.9700,1.9900,9873700,19621540.0000,3
2020-05-22,20200522103000000,sz.000980,1.9500,2.0200,1.9400,1.9800,24495976,48286606.0000,3
2020-05-22,20200522113000000,sz.000980,1.9800,1.9900,1.9500,1.9600,5842345,11519665.0000,3
2020-05-22,20200522140000000,sz.000980,1.9500,1.9700,1.9300,1.9400,6178100,11989020.0000,3
2020-05-22,20200522150000000,sz.000980,1.9500,1.9500,1.9000,1.9100,10328450,19873339.0000,3
2020-05-25,20200525103000000,sz.000980,1.9200,1.9800,1.8600,1.9400,16893702,32813682.0000,3
2020-05-25,20200525113000000,sz.000980,1.9400,1.9500,1.9100,1.9200,3820750,7358997.0000,3
2020-05-25,20200525140000000,sz.000980,1.9300,1.9300,1.8900,1.9100,3577350,6823252.0000,3
2020-05-25,20200525150000000,sz.000980,1.9000,1.9100,1.8800,1.8800,7925100,14967077.0000,3
2020-05-26,20200526103000000,sz.000980,1.8800,1.9300,1.8700,1.8900,11062700,21034546.0000,3
2020-05-26,20200526113000000,sz.000980,1.9000,1.9100,1.8900,1.8900,4018600,7621679.0000,3
2020-05-26,20200526140000000,sz.000980,1.9000,1.9100,1.8800,1.8900,5604700,10620736.0000,3
2020-05-26,20200526150000000,sz.000980,1.8900,1.9000,1.8800,1.9000,8141200,15384397.0000,3
2020-05-27,20200527103000000,sz.000980,1.8900,1.8900,1.8500,1.8600,11201075,20885172.0000,3
2020-05-27,20200527113000000,sz.000980,1.8600,1.8700,1.8500,1.8600,3451725,6418417.0000,3
2020-05-27,20200527140000000,sz.000980,1.8800,1.9500,1.8800,1.9200,13446171,25765909.0000,3
2020-05-27,20200527150000000,sz.000980,1.9200,1.9200,1.8900,1.9100,5183089,9885714.0000,3
2020-05-28,20200528103000000,sz.000980,1.9000,1.9600,1.8600,1.9100,18021800,34560095.0000,3
2020-05-28,20200528113000000,sz.000980,1.9100,1.9100,1.8700,1.8800,4427160,8384489.0000,3
2020-05-28,20200528140000000,sz.000980,1.8800,1.8900,1.8600,1.8700,3083900,5780084.0000,3
2020-05-28,20200528150000000,sz.000980,1.8700,1.8900,1.8600,1.8800,4523281,8494259.0000,3
2020-05-29,20200529103000000,sz.000980,1.8900,1.9700,1.8600,1.9300,20683557,39478620.0000,3
2020-05-29,20200529113000000,sz.000980,1.9300,1.9400,1.9100,1.9200,4780100,9196404.0000,3
2020-05-29,20200529140000000,sz.000980,1.9200,1.9400,1.9100,1.9300,5269455,10128309.0000,3
2020-05-29,20200529150000000,sz.000980,1.9300,1.9400,1.9200,1.9300,4035901,7784763.0000,3
2020-06-01,20200601103000000,sz.000980,1.9200,2.0400,1.9100,2.0000,20940655,41065083.0000,3
2020-06-01,20200601113000000,sz.000980,2.0000,2.0000,1.9700,1.9700,4960745,9849379.0000,3
2020-06-01,20200601140000000,sz.000980,1.9800,2.0000,1.9700,1.9800,5808500,11530174.0000,3
2020-06-01,20200601150000000,sz.000980,1.9800,2.0100,1.9800,2.0100,8375601,16666590.0000,3
2020-06-02,20200602103000000,sz.000980,1.9900,2.0500,1.9800,2.0500,20619263,41778030.0000,3
2020-06-02,20200602113000000,sz.000980,2.0500,2.0500,2.0300,2.0300,6398300,13072956.0000,3
2020-06-02,20200602140000000,sz.000980,2.0300,2.0500,2.0300,2.0500,6546200,13363596.0000,3
2020-06-02,20200602150000000,sz.000980,2.0500,2.0500,2.0300,2.0500,7442301,15195203.0000,3
2020-06-03,20200603103000000,sz.000980,2.0600,2.1000,2.0300,2.0500,13943683,28777622.0000,3
2020-06-03,20200603113000000,sz.000980,2.0500,2.0700,2.0500,2.0700,3777400,7789565.0000,3
2020-06-03,20200603140000000,sz.000980,2.0700,2.0800,2.0500,2.0800,5421000,11208072.0000,3
2020-06-03,20200603150000000,sz.000980,2.0800,2.2200,2.0400,2.1600,21264408,45147948.0000,3
2020-06-04,20200604103000000,sz.000980,2.1000,2.1500,2.0700,2.1000,18298325,38451547.0000,3
2020-06-04,20200604113000000,sz.000980,2.1000,2.1000,2.0600,2.1000,9423800,19593318.0000,3
2020-06-04,20200604140000000,sz.000980,2.1000,2.1000,2.0600,2.0600,7350600,15252275.0000,3
2020-06-04,20200604150000000,sz.000980,2.0600,2.0800,2.0400,2.0400,10631896,21906949.0000,3
2020-06-05,20200605103000000,sz.000980,2.0400,2.0700,2.0200,2.0500,12044296,24725732.0000,3
2020-06-05,20200605113000000,sz.000980,2.0500,2.0800,2.0500,2.0600,8044035,16617169.0000,3
2020-06-05,20200605140000000,sz.000980,2.0600,2.0700,2.0200,2.0300,5760904,11744137.0000,3
2020-06-05,20200605150000000,sz.000980,2.0300,2.0600,2.0300,2.0500,5244696,10725584.0000,3
2020-06-08,20200608103000000,sz.000980,2.0600,2.0700,2.0100,2.0200,11210500,22733255.0000,3
2020-06-08,20200608113000000,sz.000980,2.0200,2.0300,2.0100,2.0200,2832200,5719431.0000,3
2020-06-08,20200608140000000,sz.000980,2.0200,2.0200,2.0000,2.0000,5020600,10084679.0000,3
2020-06-08,20200608150000000,sz.000980,2.0000,2.0100,1.9800,1.9900,6716700,13405736.0000,3
2020-06-09,20200609103000000,sz.000980,1.9900,2.0100,1.9700,1.9800,10340900,20496655.0000,3
2020-06-09,20200609113000000,sz.000980,1.9800,2.0100,1.9700,1.9900,4801205,9582169.0000,3
2020-06-09,20200609140000000,sz.000980,2.0000,2.0200,1.9800,2.0200,6408200,12824388.0000,3
2020-06-09,20200609150000000,sz.000980,2.0200,2.0200,1.9900,2.0000,6465300,12971891.0000,3
2020-06-10,20200610103000000,sz.000980,2.0000,2.0000,1.9500,1.9700,9397900,18489963.0000,3
2020-06-10,20200610113000000,sz.000980,1.9700,1.9700,1.9600,1.9700,2304800,4522991.0000,3
2020-06-10,20200610140000000,sz.000980,1.9700,1.9700,1.9500,1.9700,3802300,7460976.0000,3
2020-06-10,20200610150000000,sz.000980,1.9700,1.9700,1.9500,1.9600,6279300,12297188.0000,3
2020-06-11,20200611103000000,sz.000980,1.9600,2.1100,1.9400,2.0700,20545389,41422600.0000,3
2020-06-11,20200611113000000,sz.000980,2.0600,2.1200,2.0400,2.0700,19012700,39392104.0000,3
2020-06-11,20200611140000000,sz.000980,2.0700,2.0700,2.0200,2.0300,6936400,14154727.0000,3
2020-06-11,20200611150000000,sz.000980,2.0300,2.0300,2.0000,2.0100,7885800,15892268.0000,3
2020-06-12,20200612103000000,sz.000980,1.9400,1.9800,1.9100,1.9400,19691185,38349154.0000,3
2020-06-12,20200612113000000,sz.000980,1.9400,1.9700,1.9300,1.9600,7487803,14621684.0000,3
2020-06-12,20200612140000000,sz.000980,1.9600,2.0200,1.9400,1.9900,10254416,20301382.0000,3
2020-06-12,20200612150000000,sz.000980,1.9900,2.0000,1.9500,1.9700,10148199,19973675.0000,3
2020-06-15,20200615103000000,sz.000980,1.9500,1.9700,1.9300,1.9400,11629371,22578834.0000,3
2020-06-15,20200615113000000,sz.000980,1.9400,1.9500,1.9100,1.9300,7646125,14726389.0000,3
2020-06-15,20200615140000000,sz.000980,1.9300,1.9400,1.9000,1.9100,6661385,12741660.0000,3
2020-06-15,20200615150000000,sz.000980,1.9100,1.9200,1.8900,1.8900,8112435,15422845.0000,3
2020-06-16,20200616103000000,sz.000980,1.9000,1.9400,1.8800,1.9200,10287545,19619918.0000,3
2020-06-16,20200616113000000,sz.000980,1.9200,1.9200,1.9000,1.9000,2417913,4613677.0000,3
2020-06-16,20200616140000000,sz.000980,1.9000,1.9200,1.8900,1.9100,4084900,7787381.0000,3
2020-06-16,20200616150000000,sz.000980,1.9100,1.9100,1.8900,1.9000,7627050,14495262.0000,3
2020-06-17,20200617103000000,sz.000980,1.9000,1.9100,1.8600,1.8700,11877974,22315949.0000,3
2020-06-17,20200617113000000,sz.000980,1.8700,1.8700,1.8300,1.8500,7441195,13747578.0000,3
2020-06-17,20200617140000000,sz.000980,1.8500,1.8800,1.8400,1.8700,3785029,7032842.0000,3
2020-06-17,20200617150000000,sz.000980,1.8700,1.8900,1.8700,1.8700,4265600,8009167.0000,3
2020-06-18,20200618103000000,sz.000980,1.8600,1.8900,1.8500,1.8700,7263274,13565921.0000,3
2020-06-18,20200618113000000,sz.000980,1.8700,1.8800,1.8600,1.8800,1929267,3611391.0000,3
2020-06-18,20200618140000000,sz.000980,1.8800,1.9100,1.8700,1.9000,6873815,12995580.0000,3
2020-06-18,20200618150000000,sz.000980,1.9000,1.9000,1.8800,1.8800,4713546,8879868.0000,3
2020-06-19,20200619103000000,sz.000980,1.8000,1.8200,1.7600,1.8000,24600378,44055225.0000,3
2020-06-19,20200619113000000,sz.000980,1.8000,1.8200,1.8000,1.8200,4772781,8649316.0000,3
2020-06-19,20200619140000000,sz.000980,1.8100,1.8200,1.8000,1.8100,3307270,5982922.0000,3
2020-06-19,20200619150000000,sz.000980,1.8100,1.8700,1.8000,1.8300,11467706,21048449.0000,3
2020-06-22,20200622103000000,sz.000980,1.8000,1.8200,1.7800,1.8000,13610359,24447855.0000,3
2020-06-22,20200622113000000,sz.000980,1.8000,1.8000,1.7800,1.8000,3257800,5832813.0000,3
2020-06-22,20200622140000000,sz.000980,1.8000,1.8000,1.7800,1.7900,4033681,7214581.0000,3
2020-06-22,20200622150000000,sz.000980,1.7900,1.7900,1.7700,1.7800,8690465,15464262.0000,3
2020-06-24,20200624103000000,sz.000980,1.6900,1.6900,1.6900,1.6900,695700,1175733.0000,3
2020-06-24,20200624113000000,sz.000980,1.6900,1.6900,1.6900,1.6900,107900,182351.0000,3
2020-06-24,20200624140000000,sz.000980,1.6900,1.6900,1.6900,1.6900,135200,228488.0000,3
2020-06-24,20200624150000000,sz.000980,1.6900,1.6900,1.6900,1.6900,63600,107484.0000,3
2020-06-29,20200629103000000,sz.000980,1.6100,1.6100,1.6100,1.6100,1028000,1655080.0000,3
2020-06-29,20200629113000000,sz.000980,1.6100,1.6100,1.6100,1.6100,89600,144256.0000,3
2020-06-29,20200629140000000,sz.000980,1.6100,1.6100,1.6100,1.6100,39700,63917.0000,3
2020-06-29,20200629150000000,sz.000980,1.6100,1.6100,1.6100,1.6100,141300,227493.0000,3
2020-06-30,20200630103000000,sz.000980,1.5300,1.5300,1.5300,1.5300,1746200,2671686.0000,3
2020-06-30,20200630113000000,sz.000980,1.5300,1.5300,1.5300,1.5300,43200,66096.0000,3
2020-06-30,20200630140000000,sz.000980,1.5300,1.5300,1.5300,1.5300,67700,103581.0000,3
2020-06-30,20200630150000000,sz.000980,1.5300,1.5300,1.5300,1.5300,51900,79407.0000,3
2020-07-01,20200701103000000,sz.000980,1.4500,1.4500,1.4500,1.4500,678100,983245.0000,3
2020-07-01,20200701113000000,sz.000980,1.4500,1.4500,1.4500,1.4500,54500,79025.0000,3
2020-07-01,20200701140000000,sz.000980,1.4500,1.4500,1.4500,1.4500,79300,114985.0000,3
2020-07-01,20200701150000000,sz.000980,1.4500,1.4500,1.4500,1.4500,163600,237220.0000,3
2020-07-02,20200702103000000,sz.000980,1.3800,1.3800,1.3800,1.3800,921800,1272084.0000,3
2020-07-02,20200702113000000,sz.000980,1.3800,1.3800,1.3800,1.3800,804700,1110486.0000,3
2020-07-02,20200702140000000,sz.000980,1.3800,1.3800,1.3800,1.3800,169500,233910.0000,3
2020-07-02,20200702150000000,sz.000980,1.3800,1.3800,1.3800,1.3800,556000,767280.0000,3
2020-07-03,20200703103000000,sz.000980,1.3100,1.3500,1.3100,1.3200,87281722,114657972.0000,3
2020-07-03,20200703113000000,sz.000980,1.3100,1.3200,1.3100,1.3100,8728978,11446265.0000,3
2020-07-03,20200703140000000,sz.000980,1.3100,1.3100,1.3100,1.3100,2862100,3749351.0000,3
2020-07-03,20200703150000000,sz.000980,1.3100,1.3100,1.3100,1.3100,2158500,2827635.0000,3
2020-07-06,20200706103000000,sz.000980,1.2600,1.3000,1.2500,1.2800,46327969,58733135.0000,3
2020-07-06,20200706113000000,sz.000980,1.2700,1.3000,1.2700,1.3000,12006725,15387162.0000,3
2020-07-06,20200706140000000,sz.000980,1.3000,1.3200,1.2900,1.3000,11307529,14762475.0000,3
2020-07-06,20200706150000000,sz.000980,1.3100,1.3200,1.3000,1.3100,15289933,20066092.0000,3
2020-07-07,20200707103000000,sz.000980,1.2900,1.3100,1.2600,1.3000,28520826,36792574.0000,3
2020-07-07,20200707113000000,sz.000980,1.3000,1.3000,1.2800,1.3000,8029326,10367662.0000,3
2020-07-07,20200707140000000,sz.000980,1.3000,1.3000,1.2800,1.2900,7729993,9951801.0000,3
2020-07-07,20200707150000000,sz.000980,1.2800,1.3000,1.2800,1.2900,10415000,13436765.0000,3
2020-07-08,20200708103000000,sz.000980,1.2700,1.2900,1.2600,1.2600,14961700,19060524.0000,3
2020-07-08,20200708113000000,sz.000980,1.2600,1.2800,1.2600,1.2700,8542311,10862109.0000,3
2020-07-08,20200708140000000,sz.000980,1.2700,1.2900,1.2700,1.2800,5031300,6443444.0000,3
2020-07-08,20200708150000000,sz.000980,1.2800,1.2900,1.2600,1.2800,16185114,20624970.0000,3
2020-07-09,20200709103000000,sz.000980,1.2900,1.3400,1.2800,1.3200,27859100,36815171.0000,3
2020-07-09,20200709113000000,sz.000980,1.3100,1.3400,1.3100,1.3400,25783275,34400213.0000,3
2020-07-09,20200709140000000,sz.000980,1.3400,1.3400,1.3300,1.3400,8301439,11121669.0000,3
2020-07-09,20200709150000000,sz.000980,1.3400,1.3400,1.3300,1.3400,6841400,9167317.0000,3
2020-07-10,20200710103000000,sz.000980,1.3400,1.4100,1.3300,1.3900,40287053,55201095.0000,3
2020-07-10,20200710113000000,sz.000980,1.3900,1.4100,1.3800,1.4100,15768377,22100345.0000,3
2020-07-10,20200710140000000,sz.000980,1.4100,1.4100,1.4000,1.4100,7202523,10151495.0000,3
2020-07-10,20200710150000000,sz.000980,1.4100,1.4100,1.4000,1.4100,5755300,8113817.0000,3
2020-07-13,20200713103000000,sz.000980,1.4100,1.4200,1.3400,1.3600,37020229,50340960.0000,3
2020-07-13,20200713113000000,sz.000980,1.3600,1.3900,1.3600,1.3900,7231850,9938255.0000,3
2020-07-13,20200713140000000,sz.000980,1.3800,1.3900,1.3700,1.3800,7150942,9842535.0000,3
2020-07-13,20200713150000000,sz.000980,1.3900,1.3900,1.3600,1.3800,10302398,14175130.0000,3
2020-07-14,20200714103000000,sz.000980,1.3700,1.3800,1.3400,1.3500,19567172,26539826.0000,3
2020-07-14,20200714113000000,sz.000980,1.3500,1.3600,1.3400,1.3500,4262789,5760599.0000,3
2020-07-14,20200714140000000,sz.000980,1.3600,1.3600,1.3300,1.3300,6975011,9379490.0000,3
2020-07-14,20200714150000000,sz.000980,1.3300,1.3400,1.3100,1.3400,12428516,16503133.0000,3
2020-07-15,20200715103000000,sz.000980,1.3300,1.3400,1.3000,1.3200,16081402,21165367.0000,3
2020-07-15,20200715113000000,sz.000980,1.3200,1.3200,1.3000,1.3000,6811300,8923033.0000,3
2020-07-15,20200715140000000,sz.000980,1.3000,1.3200,1.3000,1.3200,4533260,5916228.0000,3
2020-07-15,20200715150000000,sz.000980,1.3200,1.3200,1.3000,1.3000,6291140,8232317.0000,3
2020-07-16,20200716103000000,sz.000980,1.3000,1.3400,1.2900,1.3100,13971500,18464337.0000,3
2020-07-16,20200716113000000,sz.000980,1.3200,1.3300,1.3100,1.3200,4573700,6049237.0000,3
2020-07-16,20200716140000000,sz.000980,1.3200,1.3300,1.3100,1.3100,5390681,7088180.0000,3
2020-07-16,20200716150000000,sz.000980,1.3100,1.3200,1.2900,1.3000,9049672,11790875.0000,3
2020-07-17,20200717103000000,sz.000980,1.2900,1.3000,1.2700,1.2900,10969200,14146078.0000,3
2020-07-17,20200717113000000,sz.000980,1.2900,1.3000,1.2500,1.2600,7757528,9896535.0000,3
2020-07-17,20200717140000000,sz.000980,1.2600,1.2700,1.2400,1.2400,19623691,24410906.0000,3
2020-07-17,20200717150000000,sz.000980,1.2500,1.2500,1.2400,1.2500,10922287,13570786.0000,3
2020-07-20,20200720103000000,sz.000980,1.2600,1.2600,1.2000,1.2300,16157643,19763952.0000,3
2020-07-20,20200720113000000,sz.000980,1.2300,1.2600,1.2200,1.2600,6550100,8133149.0000,3
2020-07-20,20200720140000000,sz.000980,1.2600,1.2600,1.2400,1.2600,4236725,5309040.0000,3
2020-07-20,20200720150000000,sz.000980,1.2500,1.2700,1.2500,1.2600,5351130,6742489.0000,3
2020-07-21,20200721103000000,sz.000980,1.3200,1.3200,1.3200,1.3200,5931867,7830064.0000,3
2020-07-21,20200721113000000,sz.000980,1.3200,1.3200,1.3200,1.3200,1011400,1335048.0000,3
2020-07-21,20200721140000000,sz.000980,1.3200,1.3200,1.3200,1.3200,384000,506880.0000,3
2020-07-21,20200721150000000,sz.000980,1.3200,1.3200,1.3200,1.3200,237400,313368.0000,3
2020-07-22,20200722103000000,sz.000980,1.3400,1.3400,1.2500,1.3100,22426352,29190651.0000,3
2020-07-22,20200722113000000,sz.000980,1.3100,1.3100,1.2900,1.3000,3945728,5124786.0000,3
2020-07-22,20200722140000000,sz.000980,1.3000,1.3100,1.2900,1.3000,2299210,2995573.0000,3
2020-07-22,20200722150000000,sz.000980,1.3000,1.3100,1.2800,1.3000,6822090,8814237.0000,3
2020-07-23,20200723103000000,sz.000980,1.2800,1.3100,1.2700,1.2800,11186900,14400207.0000,3
2020-07-23,20200723113000000,sz.000980,1.2800,1.2900,1.2600,1.2800,4755791,6050628.0000,3
2020-07-23,20200723140000000,sz.000980,1.2800,1.2900,1.2700,1.2900,2322700,2971906.0000,3
2020-07-23,20200723150000000,sz.000980,1.2900,1.2900,1.2800,1.2900,3240500,4165953.0000,3
2020-07-24,20200724103000000,sz.000980,1.2800,1.3100,1.2700,1.2900,13708510,17699263.0000,3
2020-07-24,20200724113000000,sz.000980,1.2900,1.3000,1.2800,1.2900,4016300,5183960.0000,3
2020-07-24,20200724140000000,sz.000980,1.2900,1.2900,1.2700,1.2700,4494620,5753356.0000,3
2020-07-24,20200724150000000,sz.000980,1.2700,1.2800,1.2600,1.2800,5006171,6368593.0000,3
2020-07-27,20200727103000000,sz.000980,1.2800,1.2800,1.2300,1.2500,10435435,13077984.0000,3
2020-07-27,20200727113000000,sz.000980,1.2500,1.2600,1.2500,1.2600,1915487,2402322.0000,3
2020-07-27,20200727140000000,sz.000980,1.2500,1.2600,1.2400,1.2500,4192103,5229739.0000,3
2020-07-27,20200727150000000,sz.000980,1.2500,1.2600,1.2400,1.2600,3165897,3960239.0000,3
2020-07-28,20200728103000000,sz.000980,1.2600,1.3000,1.2500,1.2900,11086240,14177264.0000,3
2020-07-28,20200728113000000,sz.000980,1.2900,1.3200,1.2800,1.3000,12435599,16091862.0000,3
2020-07-28,20200728140000000,sz.000980,1.3000,1.3200,1.3000,1.3200,22090644,29119566.0000,3
2020-07-28,20200728150000000,sz.000980,1.3200,1.3200,1.3100,1.3200,4196657,5538371.0000,3
2020-07-29,20200729103000000,sz.000980,1.2900,1.3300,1.2900,1.3100,14919535,19430293.0000,3
2020-07-29,20200729113000000,sz.000980,1.3100,1.3100,1.3000,1.3000,5245000,6825224.0000,3
2020-07-29,20200729140000000,sz.000980,1.3000,1.3100,1.2900,1.3000,3938400,5114307.0000,3
2020-07-29,20200729150000000,sz.000980,1.3000,1.3100,1.2900,1.3100,9851900,12808858.0000,3
2020-07-30,20200730103000000,sz.000980,1.3100,1.3100,1.2800,1.2900,9293820,12041912.0000,3
2020-07-30,20200730113000000,sz.000980,1.2900,1.3000,1.2800,1.3000,3683800,4749491.0000,3
2020-07-30,20200730140000000,sz.000980,1.3000,1.3000,1.2800,1.3000,2440099,3146560.0000,3
2020-07-30,20200730150000000,sz.000980,1.2900,1.3000,1.2800,1.2900,5391200,6946093.0000,3
2020-07-31,20200731103000000,sz.000980,1.2800,1.3000,1.2700,1.2900,6107300,7868104.0000,3
2020-07-31,20200731113000000,sz.000980,1.2900,1.2900,1.2700,1.2800,3709000,4745521.0000,3
2020-07-31,20200731140000000,sz.000980,1.2800,1.2900,1.2700,1.2800,3927300,5026220.0000,3
2020-07-31,20200731150000000,sz.000980,1.2800,1.2900,1.2700,1.2800,5360461,6858895.0000,3
2020-08-03,20200803103000000,sz.000980,1.2800,1.3000,1.2700,1.2900,9113180,11719028.0000,3
2020-08-03,20200803113000000,sz.000980,1.3000,1.3000,1.2800,1.2900,5978680,7704668.0000,3
2020-08-03,20200803140000000,sz.000980,1.2900,1.3000,1.2800,1.2900,3495103,4509177.0000,3
2020-08-03,20200803150000000,sz.000980,1.2900,1.3000,1.2900,1.2900,3173500,4099236.0000,3
2020-08-04,20200804103000000,sz.000980,1.2900,1.3000,1.2800,1.2900,9491600,12249694.0000,3
2020-08-04,20200804113000000,sz.000980,1.2800,1.3000,1.2800,1.2900,3726601,4808311.0000,3
2020-08-04,20200804140000000,sz.000980,1.2900,1.3400,1.2800,1.3400,13084390,17094709.0000,3
2020-08-04,20200804150000000,sz.000980,1.3400,1.3400,1.3100,1.3300,14731884,19587749.0000,3
2020-08-05,20200805103000000,sz.000980,1.3200,1.3400,1.3000,1.3400,17023501,22398183.0000,3
2020-08-05,20200805113000000,sz.000980,1.3400,1.3500,1.3200,1.3400,9161899,12222814.0000,3
2020-08-05,20200805140000000,sz.000980,1.3500,1.3600,1.3200,1.3300,13927700,18655516.0000,3
2020-08-05,20200805150000000,sz.000980,1.3300,1.3500,1.3200,1.3400,10207475,13611550.0000,3
2020-08-06,20200806103000000,sz.000980,1.3400,1.3500,1.3100,1.3200,13562200,18024829.0000,3
2020-08-06,20200806113000000,sz.000980,1.3200,1.3300,1.3100,1.3200,6909100,9124918.0000,3
2020-08-06,20200806140000000,sz.000980,1.3200,1.3400,1.3200,1.3300,3849900,5114270.0000,3
2020-08-06,20200806150000000,sz.000980,1.3300,1.3400,1.3200,1.3300,5944659,7928315.0000,3
2020-08-07,20200807103000000,sz.000980,1.3300,1.3400,1.3100,1.3100,13205642,17494174.0000,3
2020-08-07,20200807113000000,sz.000980,1.3100,1.3300,1.3100,1.3200,5370900,7071833.0000,3
2020-08-07,20200807140000000,sz.000980,1.3200,1.3200,1.2900,1.3100,8788400,11449146.0000,3
2020-08-07,20200807150000000,sz.000980,1.3100,1.3200,1.3000,1.3100,5502861,7234006.0000,3
2020-08-10,20200810103000000,sz.000980,1.3100,1.3100,1.2900,1.3100,10651059,13876287.0000,3
2020-08-10,20200810113000000,sz.000980,1.3100,1.3200,1.2900,1.3200,3876600,5059135.0000,3
2020-08-10,20200810140000000,sz.000980,1.3200,1.3700,1.3100,1.3500,20510242,27670289.0000,3
2020-08-10,20200810150000000,sz.000980,1.3500,1.3500,1.3300,1.3400,6768200,9082339.0000,3
2020-08-11,20200811103000000,sz.000980,1.3300,1.3500,1.3200,1.3300,13832400,18440908.0000,3
2020-08-11,20200811113000000,sz.000980,1.3300,1.3400,1.3200,1.3300,3218101,4269604.0000,3
2020-08-11,20200811140000000,sz.000980,1.3300,1.3400,1.3200,1.3200,3141100,4171260.0000,3
2020-08-11,20200811150000000,sz.000980,1.3200,1.3300,1.3000,1.3000,11280793,14796351.0000,3
2020-08-12,20200812103000000,sz.000980,1.2900,1.2900,1.2500,1.2600,18179800,23033021.0000,3
2020-08-12,20200812113000000,sz.000980,1.2600,1.2700,1.2500,1.2600,5141500,6472777.0000,3
2020-08-12,20200812140000000,sz.000980,1.2600,1.2700,1.2500,1.2700,1957200,2466469.0000,3
2020-08-12,20200812150000000,sz.000980,1.2700,1.2800,1.2600,1.2700,4263800,5421443.0000,3
2020-08-13,20200813103000000,sz.000980,1.2700,1.3100,1.2600,1.3000,14167700,18274378.0000,3
2020-08-13,20200813113000000,sz.000980,1.3000,1.3000,1.2800,1.2900,3172125,4092469.0000,3
2020-08-13,20200813140000000,sz.000980,1.2900,1.3000,1.2800,1.3000,1939300,2504655.0000,3
2020-08-13,20200813150000000,sz.000980,1.3000,1.3000,1.2800,1.2900,3978600,5131998.0000,3
2020-08-14,20200814103000000,sz.000980,1.2900,1.3000,1.2800,1.2800,7107200,9152768.0000,3
2020-08-14,20200814113000000,sz.000980,1.2900,1.3000,1.2800,1.3000,3191500,4124291.0000,3
2020-08-14,20200814140000000,sz.000980,1.3000,1.3000,1.2900,1.3000,2198500,2839618.0000,3
2020-08-14,20200814150000000,sz.000980,1.3000,1.3000,1.2900,1.2900,3726315,4820489.0000,3
2020-08-17,20200817103000000,sz.000980,1.2900,1.3000,1.2800,1.3000,7427925,9597301.0000,3
2020-08-17,20200817113000000,sz.000980,1.3000,1.3400,1.2900,1.3200,15829715,20892011.0000,3
2020-08-17,20200817140000000,sz.000980,1.3200,1.3300,1.3100,1.3200,2792000,3685415.0000,3
2020-08-17,20200817150000000,sz.000980,1.3200,1.3200,1.3100,1.3200,3423600,4504616.0000,3
2020-08-18,20200818103000000,sz.000980,1.3100,1.3400,1.2900,1.3300,15332934,20107406.0000,3
2020-08-18,20200818113000000,sz.000980,1.3300,1.3400,1.3200,1.3300,6793300,9035959.0000,3
2020-08-18,20200818140000000,sz.000980,1.3300,1.3300,1.3200,1.3200,3257059,4320949.0000,3
2020-08-18,20200818150000000,sz.000980,1.3200,1.3300,1.3200,1.3300,5967500,7904897.0000,3
2020-08-19,20200819103000000,sz.000980,1.3200,1.3300,1.3000,1.3200,9188525,12083128.0000,3
2020-08-19,20200819113000000,sz.000980,1.3200,1.3300,1.3100,1.3300,3185540,4204452.0000,3
2020-08-19,20200819140000000,sz.000980,1.3300,1.3300,1.3100,1.3100,2566460,3386258.0000,3
2020-08-19,20200819150000000,sz.000980,1.3100,1.3200,1.3000,1.3000,8745400,11428110.0000,3
2020-08-20,20200820103000000,sz.000980,1.2900,1.3000,1.2800,1.2900,7222425,9320958.0000,3
2020-08-20,20200820113000000,sz.000980,1.2900,1.3300,1.2900,1.3200,12670210,16651254.0000,3
2020-08-20,20200820140000000,sz.000980,1.3100,1.3200,1.3000,1.3200,3653738,4788738.0000,3
2020-08-20,20200820150000000,sz.000980,1.3200,1.3200,1.3000,1.3100,3458700,4522428.0000,3
2020-08-21,20200821103000000,sz.000980,1.3100,1.3300,1.3000,1.3100,9079600,11957320.0000,3
2020-08-21,20200821113000000,sz.000980,1.3100,1.3200,1.3100,1.3100,2804800,3684280.0000,3
2020-08-21,20200821140000000,sz.000980,1.3200,1.3200,1.3000,1.3000,4927200,6462481.0000,3
2020-08-21,20200821150000000,sz.000980,1.3000,1.3200,1.3000,1.3100,5823300,7619683.0000,3
2020-08-24,20200824103000000,sz.000980,1.3100,1.3200,1.3000,1.3200,8211453,10752833.0000,3
2020-08-24,20200824113000000,sz.000980,1.3200,1.3200,1.3000,1.3100,2090901,2735095.0000,3
2020-08-24,20200824140000000,sz.000980,1.3100,1.3100,1.2900,1.3100,5391699,7012114.0000,3
2020-08-24,20200824150000000,sz.000980,1.3100,1.3100,1.2900,1.3000,6343300,8244788.0000,3
2020-08-25,20200825103000000,sz.000980,1.3000,1.3100,1.2900,1.3100,6898010,8967798.0000,3
2020-08-25,20200825113000000,sz.000980,1.3100,1.3200,1.3000,1.3100,10064453,13179807.0000,3
2020-08-25,20200825140000000,sz.000980,1.3100,1.3200,1.3000,1.3000,3109300,4068997.0000,3
2020-08-25,20200825150000000,sz.000980,1.3000,1.3100,1.3000,1.3100,4542800,5921450.0000,3
2020-08-26,20200826103000000,sz.000980,1.3000,1.3100,1.2600,1.2900,14042501,18017012.0000,3
2020-08-26,20200826113000000,sz.000980,1.2900,1.2900,1.2600,1.2800,8192652,10423390.0000,3
2020-08-26,20200826140000000,sz.000980,1.2800,1.2800,1.2600,1.2600,4887047,6205424.0000,3
2020-08-26,20200826150000000,sz.000980,1.2600,1.2800,1.2500,1.2700,8245800,10422877.0000,3
2020-08-27,20200827103000000,sz.000980,1.2600,1.2700,1.2500,1.2600,6416410,8085616.0000,3
2020-08-27,20200827113000000,sz.000980,1.2600,1.2800,1.2600,1.2800,3701000,4698417.0000,3
2020-08-27,20200827140000000,sz.000980,1.2800,1.2800,1.2700,1.2700,2081200,2648804.0000,3
2020-08-27,20200827150000000,sz.000980,1.2700,1.2800,1.2700,1.2700,3389300,4319038.0000,3
2020-08-28,20200828103000000,sz.000980,1.2700,1.2800,1.2500,1.2700,8672000,10959301.0000,3
2020-08-28,20200828113000000,sz.000980,1.2700,1.2700,1.2600,1.2700,1440500,1817552.0000,3
2020-08-28,20200828140000000,sz.000980,1.2700,1.2700,1.2600,1.2600,3087600,3894091.0000,3
2020-08-28,20200828150000000,sz.000980,1.2600,1.2700,1.2600,1.2700,6510400,8243230.0000,3
2020-08-31,20200831103000000,sz.000980,1.2500,1.3100,1.2500,1.3000,16503200,21202530.0000,3
2020-08-31,20200831113000000,sz.000980,1.3000,1.3000,1.2800,1.2900,3130100,4042876.0000,3
2020-08-31,20200831140000000,sz.000980,1.2900,1.2900,1.2800,1.2900,1551800,1998884.0000,3
2020-08-31,20200831150000000,sz.000980,1.2900,1.2900,1.2700,1.2900,5410100,6932867.0000,3
2020-09-01,20200901103000000,sz.000980,1.2800,1.2900,1.2700,1.2700,6109000,7803979.0000,3
2020-09-01,20200901113000000,sz.000980,1.2700,1.2800,1.2700,1.2800,3527300,4485159.0000,3
2020-09-01,20200901140000000,sz.000980,1.2800,1.2800,1.2700,1.2800,2198300,2798435.0000,3
2020-09-01,20200901150000000,sz.000980,1.2800,1.2900,1.2700,1.2800,4344210,5563808.0000,3
2020-09-02,20200902103000000,sz.000980,1.3400,1.3400,1.3400,1.3400,9276435,12430422.0000,3
2020-09-02,20200902113000000,sz.000980,1.3400,1.3400,1.3400,1.3400,940700,1260538.0000,3
2020-09-02,20200902140000000,sz.000980,1.3400,1.3400,1.3400,1.3400,568701,762060.0000,3
2020-09-02,20200902150000000,sz.000980,1.3400,1.3400,1.3400,1.3400,435000,582900.0000,3
2020-09-03,20200903103000000,sz.000980,1.4100,1.4100,1.3600,1.4100,62804230,88051850.0000,3
2020-09-03,20200903113000000,sz.000980,1.4100,1.4100,1.4100,1.4100,913200,1287612.0000,3
2020-09-03,20200903140000000,sz.000980,1.4100,1.4100,1.4100,1.4100,610200,860382.0000,3
2020-09-03,20200903150000000,sz.000980,1.4100,1.4100,1.4100,1.4100,1121500,1581315.0000,3
2020-09-04,20200904103000000,sz.000980,1.4100,1.4800,1.3800,1.4800,49896779,72673294.0000,3
2020-09-04,20200904113000000,sz.000980,1.4800,1.4800,1.4800,1.4800,466300,690124.0000,3
2020-09-04,20200904140000000,sz.000980,1.4800,1.4800,1.4800,1.4800,539400,798312.0000,3
2020-09-04,20200904150000000,sz.000980,1.4800,1.4800,1.4800,1.4800,295500,437340.0000,3
2020-09-07,20200907103000000,sz.000980,1.5500,1.5500,1.5500,1.5500,5054200,7834010.0000,3
2020-09-07,20200907113000000,sz.000980,1.5500,1.5500,1.5500,1.5500,463500,718425.0000,3
2020-09-07,20200907140000000,sz.000980,1.5500,1.5500,1.5500,1.5500,290300,449965.0000,3
2020-09-07,20200907150000000,sz.000980,1.5500,1.5500,1.5500,1.5500,179800,278690.0000,3
2020-09-08,20200908103000000,sz.000980,1.5500,1.6200,1.4700,1.4700,78414200,120038069.0000,3
2020-09-08,20200908113000000,sz.000980,1.4700,1.5300,1.4700,1.5000,10291700,15423219.0000,3
2020-09-08,20200908140000000,sz.000980,1.5000,1.5100,1.4700,1.4900,16606248,24527535.0000,3
2020-09-08,20200908150000000,sz.000980,1.4900,1.4900,1.4700,1.4700,6939000,10221911.0000,3
2020-09-09,20200909103000000,sz.000980,1.4200,1.5300,1.4000,1.5100,48130353,69491208.0000,3
2020-09-09,20200909113000000,sz.000980,1.5100,1.5200,1.4800,1.5100,11788848,17656271.0000,3
2020-09-09,20200909140000000,sz.000980,1.5100,1.5200,1.4800,1.5000,6124452,9193951.0000,3
2020-09-09,20200909150000000,sz.000980,1.5000,1.5000,1.4400,1.4500,10749336,15751620.0000,3
2020-09-10,20200910103000000,sz.000980,1.4400,1.4800,1.3800,1.3900,29235000,41452236.0000,3
2020-09-10,20200910113000000,sz.000980,1.3900,1.4100,1.3900,1.4000,5465753,7640978.0000,3
2020-09-10,20200910140000000,sz.000980,1.3900,1.4000,1.3800,1.3900,10828800,14996114.0000,3
2020-09-10,20200910150000000,sz.000980,1.3900,1.3900,1.3800,1.3800,3037800,4192448.0000,3
2020-09-11,20200911103000000,sz.000980,1.3500,1.3700,1.3200,1.3400,19730900,26492536.0000,3
2020-09-11,20200911113000000,sz.000980,1.3500,1.3600,1.3400,1.3600,4471500,6034796.0000,3
2020-09-11,20200911140000000,sz.000980,1.3600,1.3700,1.3500,1.3600,3687600,5007281.0000,3
2020-09-11,20200911150000000,sz.000980,1.3600,1.3800,1.3500,1.3800,5663000,7756776.0000,3
2020-09-14,20200914103000000,sz.000980,1.3800,1.4500,1.3700,1.4500,23083053,32633535.0000,3
2020-09-14,20200914113000000,sz.000980,1.4500,1.4500,1.4500,1.4500,584500,847525.0000,3
2020-09-14,20200914140000000,sz.000980,1.4500,1.4500,1.4400,1.4500,10112700,14662463.0000,3
2020-09-14,20200914150000000,sz.000980,1.4500,1.4500,1.4500,1.4500,1056200,1531490.0000,3
2020-09-15,20200915103000000,sz.000980,1.4500,1.4700,1.4000,1.4300,23435078,33642917.0000,3
2020-09-15,20200915113000000,sz.000980,1.4200,1.4300,1.4000,1.4200,9303275,13156119.0000,3
2020-09-15,20200915140000000,sz.000980,1.4200,1.4300,1.4000,1.4100,5267500,7442701.0000,3
2020-09-15,20200915150000000,sz.000980,1.4000,1.4300,1.4000,1.4000,5573300,7868414.0000,3
2020-09-16,20200916103000000,sz.000980,1.3800,1.4200,1.3700,1.4100,12645700,17563532.0000,3
2020-09-16,20200916113000000,sz.000980,1.4100,1.4100,1.3800,1.4000,4635000,6471847.0000,3
2020-09-16,20200916140000000,sz.000980,1.4000,1.4000,1.3800,1.4000,2238600,3114324.0000,3
2020-09-16,20200916150000000,sz.000980,1.4000,1.4000,1.3800,1.4000,4571300,6349387.0000,3
2020-09-17,20200917103000000,sz.000980,1.4700,1.4700,1.4700,1.4700,5501676,8087463.0000,3
2020-09-17,20200917113000000,sz.000980,1.4700,1.4700,1.4700,1.4700,951650,1398926.0000,3
2020-09-17,20200917140000000,sz.000980,1.4700,1.4700,1.4700,1.4700,737200,1083684.0000,3
2020-09-17,20200917150000000,sz.000980,1.4700,1.4700,1.4700,1.4700,307400,451878.0000,3
2020-09-18,20200918103000000,sz.000980,1.5200,1.5200,1.4500,1.4600,36546300,54560923.0000,3
2020-09-18,20200918113000000,sz.000980,1.4600,1.4600,1.4300,1.4600,6248000,9045088.0000,3
2020-09-18,20200918140000000,sz.000980,1.4500,1.4700,1.4500,1.4700,3669900,5344184.0000,3
2020-09-18,20200918150000000,sz.000980,1.4700,1.5000,1.4600,1.4600,9657026,14248007.0000,3
2020-09-21,20200921103000000,sz.000980,1.4300,1.4300,1.4000,1.4200,17922700,25325394.0000,3
2020-09-21,20200921113000000,sz.000980,1.4200,1.4200,1.4100,1.4100,2169601,3076456.0000,3
2020-09-21,20200921140000000,sz.000980,1.4100,1.4200,1.4000,1.4200,3942300,5559628.0000,3
2020-09-21,20200921150000000,sz.000980,1.4200,1.4200,1.4000,1.4100,4036400,5685921.0000,3
2020-09-22,20200922103000000,sz.000980,1.4000,1.4800,1.3900,1.4400,31013801,45251687.0000,3
2020-09-22,20200922113000000,sz.000980,1.4400,1.4700,1.4400,1.4500,5503601,8017107.0000,3
2020-09-22,20200922140000000,sz.000980,1.4600,1.4600,1.4400,1.4500,2057900,2987265.0000,3
2020-09-22,20200922150000000,sz.000980,1.4500,1.4600,1.4400,1.4500,5123500,7427160.0000,3
2020-09-23,20200923103000000,sz.000980,1.4500,1.4800,1.4200,1.4400,19408900,28133081.0000,3
2020-09-23,20200923113000000,sz.000980,1.4300,1.4400,1.4100,1.4300,5472102,7782058.0000,3
2020-09-23,20200923140000000,sz.000980,1.4300,1.4500,1.4200,1.4300,3072300,4414090.0000,3
2020-09-23,20200923150000000,sz.000980,1.4300,1.4400,1.4200,1.4300,4035100,5783754.0000,3
2020-09-24,20200924103000000,sz.000980,1.4500,1.5000,1.4400,1.5000,16866589,25104391.0000,3
2020-09-24,20200924113000000,sz.000980,1.5000,1.5000,1.4800,1.5000,13942800,20890181.0000,3
2020-09-24,20200924140000000,sz.000980,1.5000,1.5000,1.4900,1.5000,21423492,32129363.0000,3
2020-09-24,20200924150000000,sz.000980,1.5000,1.5000,1.4900,1.5000,8582828,12873117.0000,3
2020-09-25,20200925103000000,sz.000980,1.4900,1.5000,1.4500,1.4700,31686928,46746284.0000,3
2020-09-25,20200925113000000,sz.000980,1.4700,1.4800,1.4500,1.4600,4884272,7132547.0000,3
2020-09-25,20200925140000000,sz.000980,1.4600,1.4600,1.4300,1.4500,8855817,12800956.0000,3
2020-09-25,20200925150000000,sz.000980,1.4500,1.4800,1.4400,1.4700,8959100,13105502.0000,3
2020-09-28,20200928103000000,sz.000980,1.4500,1.4600,1.4300,1.4400,12682000,18288417.0000,3
2020-09-28,20200928113000000,sz.000980,1.4400,1.4500,1.4200,1.4300,7233100,10365340.0000,3
2020-09-28,20200928140000000,sz.000980,1.4400,1.4400,1.4300,1.4400,3503200,5023668.0000,3
2020-09-28,20200928150000000,sz.000980,1.4400,1.4400,1.4200,1.4200,5113438,7285205.0000,3
2020-09-29,20200929103000000,sz.000980,1.4100,1.4500,1.4100,1.4300,8392828,11972929.0000,3
2020-09-29,20200929113000000,sz.000980,1.4300,1.4300,1.4100,1.4100,3475100,4924651.0000,3
2020-09-29,20200929140000000,sz.000980,1.4100,1.4200,1.4000,1.4100,4805600,6765411.0000,3
2020-09-29,20200929150000000,sz.000980,1.4200,1.4200,1.4000,1.4100,4647100,6538954.0000,3
2020-09-30,20200930103000000,sz.000980,1.4100,1.4500,1.3900,1.4300,9275200,13193924.0000,3
2020-09-30,20200930113000000,sz.000980,1.4300,1.4400,1.4200,1.4300,1726200,2468266.0000,3
2020-09-30,20200930140000000,sz.000980,1.4300,1.4300,1.4100,1.4100,2501500,3544906.0000,3
2020-09-30,20200930150000000,sz.000980,1.4100,1.4300,1.4100,1.4200,3992100,5680890.0000,3
2020-10-09,20201009103000000,sz.000980,1.4200,1.4400,1.3900,1.4200,13071800,18495398.0000,3
2020-10-09,20201009113000000,sz.000980,1.4300,1.4300,1.4100,1.4300,1749800,2485808.0000,3
2020-10-09,20201009140000000,sz.000980,1.4300,1.4300,1.4100,1.4100,2237900,3172016.0000,3
2020-10-09,20201009150000000,sz.000980,1.4100,1.4200,1.4000,1.4100,8161300,11502286.0000,3
2020-10-12,20201012103000000,sz.000980,1.4100,1.4800,1.4000,1.4500,22243300,32257739.0000,3
2020-10-12,20201012113000000,sz.000980,1.4500,1.4600,1.4400,1.4500,4386228,6350809.0000,3
2020-10-12,20201012140000000,sz.000980,1.4500,1.4600,1.4400,1.4500,2882300,4185952.0000,3
2020-10-12,20201012150000000,sz.000980,1.4500,1.4600,1.4500,1.4500,3533200,5129346.0000,3
2020-10-13,20201013103000000,sz.000980,1.5000,1.5200,1.4700,1.5200,34855528,52757227.0000,3
2020-10-13,20201013113000000,sz.000980,1.5200,1.5200,1.5200,1.5200,704700,1071144.0000,3
2020-10-13,20201013140000000,sz.000980,1.5200,1.5200,1.5200,1.5200,1181800,1796336.0000,3
2020-10-13,20201013150000000,sz.000980,1.5200,1.5200,1.5100,1.5200,15691839,23848602.0000,3
2020-10-14,20201014103000000,sz.000980,1.5000,1.5000,1.4500,1.4600,28115000,41489193.0000,3
2020-10-14,20201014113000000,sz.000980,1.4500,1.4700,1.4400,1.4600,9139000,13298006.0000,3
2020-10-14,20201014140000000,sz.000980,1.4600,1.4600,1.4400,1.4600,4229800,6140126.0000,3
2020-10-14,20201014150000000,sz.000980,1.4600,1.4600,1.4400,1.4400,5866739,8485770.0000,3
2020-10-15,20201015103000000,sz.000980,1.4300,1.4900,1.4300,1.4700,12037440,17581298.0000,3
2020-10-15,20201015113000000,sz.000980,1.4700,1.4700,1.4500,1.4600,2828799,4126002.0000,3
2020-10-15,20201015140000000,sz.000980,1.4500,1.4600,1.4400,1.4500,4352400,6317507.0000,3
2020-10-15,20201015150000000,sz.000980,1.4500,1.4600,1.4400,1.4600,3728200,5418562.0000,3
2020-10-16,20201016103000000,sz.000980,1.4500,1.4800,1.4400,1.4600,9786040,14271886.0000,3
2020-10-16,20201016113000000,sz.000980,1.4600,1.4700,1.4500,1.4600,4809461,7023342.0000,3
2020-10-16,20201016140000000,sz.000980,1.4600,1.4700,1.4500,1.4600,2236139,3263257.0000,3
2020-10-16,20201016150000000,sz.000980,1.4600,1.4700,1.4500,1.4600,2341061,3419663.0000,3
2020-10-19,20201019103000000,sz.000980,1.4500,1.5000,1.4500,1.4800,13796900,20388843.0000,3
2020-10-19,20201019113000000,sz.000980,1.4900,1.4900,1.4700,1.4800,3243239,4800287.0000,3
2020-10-19,20201019140000000,sz.000980,1.4800,1.4800,1.4700,1.4800,1475500,2178184.0000,3
2020-10-19,20201019150000000,sz.000980,1.4800,1.4900,1.4700,1.4900,5535100,8202500.0000,3
2020-10-20,20201020103000000,sz.000980,1.4800,1.5100,1.4700,1.4900,11329100,16860136.0000,3
2020-10-20,20201020113000000,sz.000980,1.4900,1.5000,1.4800,1.5000,2352900,3497362.0000,3
2020-10-20,20201020140000000,sz.000980,1.5000,1.5000,1.4800,1.4900,3190900,4755625.0000,3
2020-10-20,20201020150000000,sz.000980,1.4900,1.5000,1.4800,1.4900,3555000,5290908.0000,3
2020-10-21,20201021103000000,sz.000980,1.4900,1.5000,1.4500,1.4700,7649900,11261973.0000,3
2020-10-21,20201021113000000,sz.000980,1.4700,1.4700,1.4500,1.4700,4606000,6720312.0000,3
2020-10-21,20201021140000000,sz.000980,1.4700,1.4700,1.4500,1.4600,1472000,2142580.0000,3
2020-10-21,20201021150000000,sz.000980,1.4600,1.4800,1.4500,1.4600,6438000,9424135.0000,3
2020-10-22,20201022103000000,sz.000980,1.4600,1.4600,1.4300,1.4300,6994700,10070051.0000,3
2020-10-22,20201022113000000,sz.000980,1.4300,1.4500,1.4300,1.4500,1507400,2174304.0000,3
2020-10-22,20201022140000000,sz.000980,1.4500,1.4600,1.4300,1.4400,6410400,9225159.0000,3
2020-10-22,20201022150000000,sz.000980,1.4400,1.4500,1.4300,1.4400,3397900,4901613.0000,3
2020-10-23,20201023103000000,sz.000980,1.4400,1.4500,1.4300,1.4500,3182100,4583997.0000,3
2020-10-23,20201023113000000,sz.000980,1.4500,1.4500,1.4300,1.4400,2596100,3733042.0000,3
2020-10-23,20201023140000000,sz.000980,1.4400,1.4500,1.4300,1.4400,2485400,3592763.0000,3
2020-10-23,20201023150000000,sz.000980,1.4500,1.4500,1.4300,1.4400,2953100,4253678.0000,3
2020-10-26,20201026103000000,sz.000980,1.4400,1.4800,1.4300,1.4500,8316201,12065220.0000,3
2020-10-26,20201026113000000,sz.000980,1.4500,1.4600,1.4400,1.4500,1600499,2322099.0000,3
2020-10-26,20201026140000000,sz.000980,1.4500,1.4600,1.4400,1.4500,1743400,2525866.0000,3
2020-10-26,20201026150000000,sz.000980,1.4500,1.4600,1.4400,1.4600,3793201,5522738.0000,3
2020-10-27,20201027103000000,sz.000980,1.4500,1.4600,1.4400,1.4500,4209400,6088064.0000,3
2020-10-27,20201027113000000,sz.000980,1.4400,1.4500,1.4300,1.4300,3819100,5487665.0000,3
2020-10-27,20201027140000000,sz.000980,1.4400,1.4500,1.4300,1.4400,1388000,1998567.0000,3
2020-10-27,20201027150000000,sz.000980,1.4400,1.4500,1.4400,1.4400,1915700,2761903.0000,3
2020-10-28,20201028103000000,sz.000980,1.4300,1.4400,1.3800,1.4000,11504100,16198541.0000,3
2020-10-28,20201028113000000,sz.000980,1.4000,1.4100,1.3900,1.4100,2459600,3445765.0000,3
2020-10-28,20201028140000000,sz.000980,1.4100,1.4100,1.3900,1.4100,2836100,3974429.0000,3
2020-10-28,20201028150000000,sz.000980,1.4100,1.4200,1.4000,1.4200,3202100,4514287.0000,3
2020-10-29,20201029103000000,sz.000980,1.4000,1.4000,1.3800,1.3900,5037200,7004184.0000,3
2020-10-29,20201029113000000,sz.000980,1.3900,1.4000,1.3800,1.4000,3311800,4595002.0000,3
2020-10-29,20201029140000000,sz.000980,1.4000,1.4000,1.3900,1.3900,1628800,2267962.0000,3
2020-10-29,20201029150000000,sz.000980,1.3900,1.4100,1.3900,1.4000,3405600,4765354.0000,3
2020-10-30,20201030103000000,sz.000980,1.4100,1.4300,1.3900,1.4300,5862600,8245165.0000,3
2020-10-30,20201030113000000,sz.000980,1.4300,1.4700,1.4300,1.4400,11676201,16960923.0000,3
2020-10-30,20201030140000000,sz.000980,1.4500,1.4500,1.4300,1.4300,2707900,3902091.0000,3
2020-10-30,20201030150000000,sz.000980,1.4300,1.4400,1.4300,1.4300,4379500,6279800.0000,3
2020-11-02,20201102103000000,sz.000980,1.4200,1.4200,1.3600,1.3800,12783100,17781576.0000,3
2020-11-02,20201102113000000,sz.000980,1.3900,1.3900,1.3800,1.3900,3037000,4201983.0000,3
2020-11-02,20201102140000000,sz.000980,1.3800,1.4000,1.3800,1.4000,2270001,3154334.0000,3
2020-11-02,20201102150000000,sz.000980,1.4000,1.4000,1.3800,1.3900,2943099,4092850.0000,3
2020-11-03,20201103103000000,sz.000980,1.3800,1.4200,1.3800,1.4100,6348400,8889346.0000,3
2020-11-03,20201103113000000,sz.000980,1.4100,1.4100,1.3900,1.4100,2401700,3361981.0000,3
2020-11-03,20201103140000000,sz.000980,1.4100,1.4100,1.3900,1.4100,1777700,2493476.0000,3
2020-11-03,20201103150000000,sz.000980,1.4100,1.4100,1.3900,1.4100,2123200,2972959.0000,3
2020-11-04,20201104103000000,sz.000980,1.4000,1.4100,1.3800,1.3900,5680600,7924174.0000,3
2020-11-04,20201104113000000,sz.000980,1.3900,1.4000,1.3800,1.4000,2122012,2949550.0000,3
2020-11-04,20201104140000000,sz.000980,1.4000,1.4000,1.3800,1.4000,2539800,3525259.0000,3
2020-11-04,20201104150000000,sz.000980,1.4000,1.4000,1.3800,1.4000,2225601,3096525.0000,3
2020-11-05,20201105103000000,sz.000980,1.3900,1.4000,1.3700,1.3900,8646113,11949044.0000,3
2020-11-05,20201105113000000,sz.000980,1.3900,1.3900,1.3800,1.3900,2100700,2913969.0000,3
2020-11-05,20201105140000000,sz.000980,1.3900,1.4100,1.3900,1.4100,8007300,11212534.0000,3
2020-11-05,20201105150000000,sz.000980,1.4000,1.4100,1.3900,1.4000,3808100,5333604.0000,3
2020-11-06,20201106103000000,sz.000980,1.4000,1.4100,1.3900,1.4000,8169401,11415985.0000,3
2020-11-06,20201106113000000,sz.000980,1.4000,1.4000,1.3800,1.3900,2440899,3393876.0000,3
2020-11-06,20201106140000000,sz.000980,1.3900,1.3900,1.3800,1.3900,1419400,1966332.0000,3
2020-11-06,20201106150000000,sz.000980,1.3900,1.3900,1.3800,1.3800,2983200,4131063.0000,3
2020-11-09,20201109103000000,sz.000980,1.3800,1.3900,1.3500,1.3700,13996900,19148362.0000,3
2020-11-09,20201109113000000,sz.000980,1.3700,1.3800,1.3600,1.3700,3997601,5475922.0000,3
2020-11-09,20201109140000000,sz.000980,1.3700,1.3800,1.3700,1.3800,2153000,2959213.0000,3
2020-11-09,20201109150000000,sz.000980,1.3800,1.3800,1.3700,1.3800,3152500,4334747.0000,3
2020-11-10,20201110103000000,sz.000980,1.3700,1.3800,1.3500,1.3600,8952310,12186642.0000,3
2020-11-10,20201110113000000,sz.000980,1.3700,1.3700,1.3600,1.3600,1162200,1581051.0000,3
2020-11-10,20201110140000000,sz.000980,1.3700,1.3700,1.3500,1.3600,3347600,4544418.0000,3
2020-11-10,20201110150000000,sz.000980,1.3500,1.3600,1.3400,1.3500,8466400,11409784.0000,3
2020-11-11,20201111103000000,sz.000980,1.3400,1.3700,1.3200,1.3300,12741200,17146544.0000,3
2020-11-11,20201111113000000,sz.000980,1.3400,1.3500,1.3300,1.3500,2019228,2704579.0000,3
2020-11-11,20201111140000000,sz.000980,1.3400,1.3500,1.3400,1.3400,1411600,1892936.0000,3
2020-11-11,20201111150000000,sz.000980,1.3500,1.3500,1.3300,1.3300,2538200,3389507.0000,3
2020-11-12,20201112103000000,sz.000980,1.3200,1.3300,1.2900,1.3100,10973600,14324581.0000,3
2020-11-12,20201112113000000,sz.000980,1.3000,1.3100,1.2800,1.3000,6587600,8517193.0000,3
2020-11-12,20201112140000000,sz.000980,1.3000,1.3300,1.2900,1.3200,7944800,10439516.0000,3
2020-11-12,20201112150000000,sz.000980,1.3200,1.3600,1.3200,1.3300,6295800,8441099.0000,3
2020-11-13,20201113103000000,sz.000980,1.3300,1.3300,1.3100,1.3300,6057600,7993696.0000,3
2020-11-13,20201113113000000,sz.000980,1.3300,1.3400,1.3200,1.3300,3209500,4265615.0000,3
2020-11-13,20201113140000000,sz.000980,1.3200,1.3400,1.3200,1.3300,2999400,3983733.0000,3
2020-11-13,20201113150000000,sz.000980,1.3300,1.3300,1.3200,1.3200,3379800,4470523.0000,3
2020-11-16,20201116103000000,sz.000980,1.3200,1.3300,1.3000,1.3100,9200700,12070068.0000,3
2020-11-16,20201116113000000,sz.000980,1.3100,1.3200,1.3100,1.3100,1733200,2271394.0000,3
2020-11-16,20201116140000000,sz.000980,1.3100,1.3200,1.3100,1.3100,1899600,2492109.0000,3
2020-11-16,20201116150000000,sz.000980,1.3200,1.3200,1.3000,1.3000,4305200,5633969.0000,3
2020-11-17,20201117103000000,sz.000980,1.3000,1.3300,1.2900,1.3000,9993701,13081319.0000,3
2020-11-17,20201117113000000,sz.000980,1.3100,1.3100,1.3000,1.3100,1551800,2023293.0000,3
2020-11-17,20201117140000000,sz.000980,1.3100,1.3200,1.3000,1.3200,1965600,2571328.0000,3
2020-11-17,20201117150000000,sz.000980,1.3200,1.3200,1.3000,1.3100,4079300,5335194.0000,3
2020-11-18,20201118103000000,sz.000980,1.3000,1.3100,1.2900,1.3000,4153900,5401441.0000,3
2020-11-18,20201118113000000,sz.000980,1.3100,1.3100,1.2900,1.3100,2572500,3344423.0000,3
2020-11-18,20201118140000000,sz.000980,1.3100,1.3100,1.3000,1.3100,1654610,2155419.0000,3
2020-11-18,20201118150000000,sz.000980,1.3100,1.3200,1.3000,1.3100,5690200,7445704.0000,3
2020-11-19,20201119103000000,sz.000980,1.3100,1.3600,1.3000,1.3400,23022410,30886574.0000,3
2020-11-19,20201119113000000,sz.000980,1.3400,1.3500,1.3300,1.3400,2847300,3818061.0000,3
2020-11-19,20201119140000000,sz.000980,1.3400,1.3500,1.3300,1.3400,3152400,4232470.0000,3
2020-11-19,20201119150000000,sz.000980,1.3400,1.3500,1.3400,1.3400,3219800,4326478.0000,3
2020-11-20,20201120103000000,sz.000980,1.3900,1.4100,1.3800,1.4100,13199349,18495655.0000,3
2020-11-20,20201120113000000,sz.000980,1.4100,1.4100,1.4100,1.4100,479400,675954.0000,3
2020-11-20,20201120140000000,sz.000980,1.4100,1.4100,1.4100,1.4100,612602,863769.0000,3
2020-11-20,20201120150000000,sz.000980,1.4100,1.4100,1.4100,1.4100,308500,434985.0000,3
2020-11-23,20201123103000000,sz.000980,1.4800,1.4800,1.4800,1.4800,3886500,5752020.0000,3
2020-11-23,20201123113000000,sz.000980,1.4800,1.4800,1.4800,1.4800,350300,518444.0000,3
2020-11-23,20201123140000000,sz.000980,1.4800,1.4800,1.4800,1.4800,142700,211196.0000,3
2020-11-23,20201123150000000,sz.000980,1.4800,1.4800,1.4800,1.4800,310500,459540.0000,3
2020-11-24,20201124103000000,sz.000980,1.5300,1.5500,1.4600,1.4700,52153710,78737968.0000,3
2020-11-24,20201124113000000,sz.000980,1.4700,1.4900,1.4700,1.4800,4073900,6021396.0000,3
2020-11-24,20201124140000000,sz.000980,1.4800,1.4900,1.4600,1.4700,6085200,8971886.0000,3
2020-11-24,20201124150000000,sz.000980,1.4700,1.4700,1.4300,1.4600,9593078,13958109.0000,3
2020-11-25,20201125103000000,sz.000980,1.4300,1.5300,1.4100,1.5300,48922311,72487437.0000,3
2020-11-25,20201125113000000,sz.000980,1.5300,1.5300,1.5300,1.5300,1164600,1781838.0000,3
2020-11-25,20201125140000000,sz.000980,1.5300,1.5300,1.5300,1.5300,1463200,2238696.0000,3
2020-11-25,20201125150000000,sz.000980,1.5300,1.5300,1.5300,1.5300,1368700,2094111.0000,3
2020-11-26,20201126103000000,sz.000980,1.5300,1.5900,1.4900,1.5500,49485840,76481559.0000,3
2020-11-26,20201126113000000,sz.000980,1.5500,1.5800,1.5400,1.5800,6012500,9398098.0000,3
2020-11-26,20201126140000000,sz.000980,1.5800,1.6100,1.5700,1.5700,12963077,20682471.0000,3
2020-11-26,20201126150000000,sz.000980,1.5700,1.5900,1.5500,1.5500,7146600,11206972.0000,3
2020-11-27,20201127103000000,sz.000980,1.5300,1.5900,1.5100,1.5200,25465449,39310023.0000,3
2020-11-27,20201127113000000,sz.000980,1.5200,1.5500,1.5200,1.5200,5146200,7883183.0000,3
2020-11-27,20201127140000000,sz.000980,1.5300,1.5500,1.5200,1.5400,3096600,4748032.0000,3
2020-11-27,20201127150000000,sz.000980,1.5400,1.5400,1.5200,1.5200,6224800,9497620.0000,3
2020-11-30,20201130103000000,sz.000980,1.5300,1.6000,1.4900,1.6000,21252237,32860247.0000,3
2020-11-30,20201130113000000,sz.000980,1.6000,1.6000,1.5800,1.6000,22848660,36524222.0000,3
2020-11-30,20201130140000000,sz.000980,1.6000,1.6000,1.5900,1.6000,5886900,9413979.0000,3
2020-11-30,20201130150000000,sz.000980,1.6000,1.6000,1.5900,1.6000,8355800,13355111.0000,3
2020-12-01,20201201103000000,sz.000980,1.5600,1.6100,1.5300,1.5700,27380420,42897230.0000,3
2020-12-01,20201201113000000,sz.000980,1.5700,1.5800,1.5600,1.5700,6099500,9588730.0000,3
2020-12-01,20201201140000000,sz.000980,1.5700,1.5700,1.5400,1.5500,8853700,13761853.0000,3
2020-12-01,20201201150000000,sz.000980,1.5500,1.5700,1.5500,1.5500,5126600,7994580.0000,3
2020-12-02,20201202103000000,sz.000980,1.5300,1.5400,1.5000,1.5200,15800600,24006995.0000,3
2020-12-02,20201202113000000,sz.000980,1.5200,1.5300,1.5000,1.5200,5695700,8622813.0000,3
2020-12-02,20201202140000000,sz.000980,1.5100,1.5200,1.4800,1.4900,11796200,17692642.0000,3
2020-12-02,20201202150000000,sz.000980,1.4800,1.5100,1.4800,1.4900,5313637,7916613.0000,3
2020-12-03,20201203103000000,sz.000980,1.4900,1.4900,1.4500,1.4600,14061852,20631312.0000,3
2020-12-03,20201203113000000,sz.000980,1.4600,1.5200,1.4600,1.5100,8880490,13228980.0000,3
2020-12-03,20201203140000000,sz.000980,1.5100,1.5200,1.4900,1.4900,3122000,4689977.0000,3
2020-12-03,20201203150000000,sz.000980,1.4900,1.5100,1.4900,1.4900,3467214,5198090.0000,3
2020-12-04,20201204103000000,sz.000980,1.4800,1.5000,1.4600,1.4700,7405890,10933140.0000,3
2020-12-04,20201204113000000,sz.000980,1.4700,1.4900,1.4700,1.4900,1867400,2762619.0000,3
2020-12-04,20201204140000000,sz.000980,1.4900,1.4900,1.4700,1.4800,2112600,3127299.0000,3
2020-12-04,20201204150000000,sz.000980,1.4800,1.4800,1.4700,1.4800,2454052,3620674.0000,3
2020-12-07,20201207103000000,sz.000980,1.4800,1.4800,1.4500,1.4600,6561800,9558757.0000,3
2020-12-07,20201207113000000,sz.000980,1.4500,1.4700,1.4400,1.4700,4669021,6808881.0000,3
2020-12-07,20201207140000000,sz.000980,1.4700,1.4700,1.4500,1.4700,1632400,2386075.0000,3
2020-12-07,20201207150000000,sz.000980,1.4700,1.4700,1.4400,1.4600,4332393,6291195.0000,3
2020-12-08,20201208103000000,sz.000980,1.4500,1.4600,1.4200,1.4400,8128551,11699999.0000,3
2020-12-08,20201208113000000,sz.000980,1.4400,1.4400,1.4200,1.4400,2475798,3541610.0000,3
2020-12-08,20201208140000000,sz.000980,1.4300,1.5200,1.4300,1.5000,13864007,20521096.0000,3
2020-12-08,20201208150000000,sz.000980,1.5000,1.5200,1.4900,1.5000,8896635,13410546.0000,3
2020-12-09,20201209103000000,sz.000980,1.5400,1.5600,1.4900,1.5300,15235015,23224522.0000,3
2020-12-09,20201209113000000,sz.000980,1.5200,1.5300,1.5100,1.5100,2606853,3957390.0000,3
2020-12-09,20201209140000000,sz.000980,1.5200,1.5200,1.5000,1.5100,3072529,4641707.0000,3
2020-12-09,20201209150000000,sz.000980,1.5100,1.5200,1.4800,1.4900,5456210,8166273.0000,3
2020-12-10,20201210103000000,sz.000980,1.4700,1.4900,1.4600,1.4900,7538800,11124344.0000,3
2020-12-10,20201210113000000,sz.000980,1.4900,1.4900,1.4700,1.4900,2058501,3051507.0000,3
2020-12-10,20201210140000000,sz.000980,1.4900,1.5000,1.4800,1.4900,2479000,3687275.0000,3
2020-12-10,20201210150000000,sz.000980,1.4900,1.4900,1.4700,1.4800,2605399,3853564.0000,3
2020-12-11,20201211103000000,sz.000980,1.4700,1.4800,1.4500,1.4600,6796800,9951139.0000,3
2020-12-11,20201211113000000,sz.000980,1.4500,1.4600,1.4400,1.4500,4610800,6685234.0000,3
2020-12-11,20201211140000000,sz.000980,1.4400,1.4600,1.4400,1.4400,2833200,4103474.0000,3
2020-12-11,20201211150000000,sz.000980,1.4400,1.4600,1.4400,1.4500,4074200,5896852.0000,3
2020-12-14,20201214103000000,sz.000980,1.4500,1.4500,1.4200,1.4200,5946200,8485402.0000,3
2020-12-14,20201214113000000,sz.000980,1.4200,1.4200,1.4000,1.4100,4805500,6779239.0000,3
2020-12-14,20201214140000000,sz.000980,1.4200,1.4200,1.4000,1.4000,2248700,3169496.0000,3
2020-12-14,20201214150000000,sz.000980,1.4100,1.4200,1.3900,1.4100,6326681,8861641.0000,3
2020-12-15,20201215103000000,sz.000980,1.4300,1.4500,1.4100,1.4200,6925100,9868907.0000,3
2020-12-15,20201215113000000,sz.000980,1.4200,1.4200,1.4000,1.4100,2118100,2978249.0000,3
2020-12-15,20201215140000000,sz.000980,1.4100,1.4100,1.3900,1.4000,2036000,2848943.0000,3
2020-12-15,20201215150000000,sz.000980,1.4000,1.4100,1.3900,1.4000,2095100,2932295.0000,3
2020-12-16,20201216103000000,sz.000980,1.4000,1.4100,1.3600,1.3800,7619500,10525578.0000,3
2020-12-16,20201216113000000,sz.000980,1.3700,1.4100,1.3700,1.4000,3944600,5507162.0000,3
2020-12-16,20201216140000000,sz.000980,1.4000,1.4000,1.3900,1.4000,953200,1327468.0000,3
2020-12-16,20201216150000000,sz.000980,1.4000,1.4000,1.3600,1.3700,5624697,7739974.0000,3
2020-12-17,20201217103000000,sz.000980,1.3700,1.4400,1.3600,1.4100,12378600,17374771.0000,3
2020-12-17,20201217113000000,sz.000980,1.4100,1.4100,1.3900,1.4100,2272605,3180440.0000,3
2020-12-17,20201217140000000,sz.000980,1.4100,1.4400,1.4000,1.4300,7262700,10333370.0000,3
2020-12-17,20201217150000000,sz.000980,1.4300,1.4400,1.4200,1.4400,6440797,9262137.0000,3
2020-12-18,20201218103000000,sz.000980,1.4300,1.4800,1.4100,1.4800,16918197,24366107.0000,3
2020-12-18,20201218113000000,sz.000980,1.4800,1.4900,1.4600,1.4700,4843300,7143059.0000,3
2020-12-18,20201218140000000,sz.000980,1.4700,1.4700,1.4600,1.4600,1873800,2744812.0000,3
2020-12-18,20201218150000000,sz.000980,1.4600,1.5100,1.4600,1.4800,11670278,17442994.0000,3
2020-12-21,20201221103000000,sz.000980,1.4700,1.4700,1.4400,1.4600,8885997,12925767.0000,3
2020-12-21,20201221113000000,sz.000980,1.4500,1.4700,1.4500,1.4700,2631105,3836468.0000,3
2020-12-21,20201221140000000,sz.000980,1.4700,1.4800,1.4500,1.4700,3251900,4764931.0000,3
2020-12-21,20201221150000000,sz.000980,1.4700,1.4800,1.4600,1.4700,2557900,3757511.0000,3
2020-12-22,20201222103000000,sz.000980,1.4600,1.5100,1.4500,1.4900,9699300,14391404.0000,3
2020-12-22,20201222113000000,sz.000980,1.4900,1.5000,1.4800,1.4900,3009100,4480966.0000,3
2020-12-22,20201222140000000,sz.000980,1.4800,1.4900,1.4600,1.4800,3898800,5748790.0000,3
2020-12-22,20201222150000000,sz.000980,1.4800,1.4800,1.4500,1.4600,4566900,6670114.0000,3
2020-12-23,20201223103000000,sz.000980,1.4500,1.4900,1.4400,1.4600,8584800,12588370.0000,3
2020-12-23,20201223113000000,sz.000980,1.4700,1.4900,1.4600,1.4900,6698300,9904221.0000,3
2020-12-23,20201223140000000,sz.000980,1.4800,1.4900,1.4700,1.4800,4173200,6152493.0000,3
2020-12-23,20201223150000000,sz.000980,1.4800,1.4800,1.4600,1.4800,2831300,4169006.0000,3
2020-12-24,20201224103000000,sz.000980,1.4800,1.5000,1.4100,1.4300,24492713,35218433.0000,3
2020-12-24,20201224113000000,sz.000980,1.4300,1.4400,1.4100,1.4200,5434912,7749530.0000,3
2020-12-24,20201224140000000,sz.000980,1.4200,1.4300,1.4100,1.4100,5709700,8067522.0000,3
2020-12-24,20201224150000000,sz.000980,1.4100,1.4600,1.4100,1.4300,8247114,11731640.0000,3
2020-12-25,20201225103000000,sz.000980,1.4200,1.4600,1.4000,1.4500,14356800,20538700.0000,3
2020-12-25,20201225113000000,sz.000980,1.4500,1.4600,1.4400,1.4600,4184900,6069159.0000,3
2020-12-25,20201225140000000,sz.000980,1.4600,1.4600,1.4400,1.4600,4128400,6002465.0000,3
2020-12-25,20201225150000000,sz.000980,1.4600,1.4600,1.4400,1.4600,3456800,5009008.0000,3
2020-12-28,20201228103000000,sz.000980,1.4400,1.4600,1.4100,1.4300,10823701,15495135.0000,3
2020-12-28,20201228113000000,sz.000980,1.4300,1.4300,1.4100,1.4300,3893300,5534252.0000,3
2020-12-28,20201228140000000,sz.000980,1.4200,1.4400,1.4200,1.4200,1975900,2816625.0000,3
2020-12-28,20201228150000000,sz.000980,1.4300,1.4300,1.4100,1.4200,3570217,5064285.0000,3
2020-12-29,20201229103000000,sz.000980,1.4100,1.4100,1.3600,1.3700,11842100,16336467.0000,3
2020-12-29,20201229113000000,sz.000980,1.3700,1.3900,1.3600,1.3800,2778600,3817804.0000,3
2020-12-29,20201229140000000,sz.000980,1.3700,1.3900,1.3700,1.3900,2999600,4126537.0000,3
2020-12-29,20201229150000000,sz.000980,1.3900,1.3900,1.3600,1.3700,3596700,4928537.0000,3
2020-12-30,20201230103000000,sz.000980,1.3600,1.3800,1.3500,1.3800,5780308,7908199.0000,3
2020-12-30,20201230113000000,sz.000980,1.3800,1.3800,1.3600,1.3700,2000500,2744201.0000,3
2020-12-30,20201230140000000,sz.000980,1.3700,1.3800,1.3600,1.3700,2515200,3435592.0000,3
2020-12-30,20201230150000000,sz.000980,1.3700,1.3700,1.3600,1.3600,1933700,2638394.0000,3
2020-12-31,20201231103000000,sz.000980,1.3400,1.3600,1.3300,1.3500,8150653,10922821.0000,3
2020-12-31,20201231113000000,sz.000980,1.3400,1.3600,1.3400,1.3500,1989200,2683203.0000,3
2020-12-31,20201231140000000,sz.000980,1.3500,1.3600,1.3400,1.3600,1726337,2327944.0000,3
2020-12-31,20201231150000000,sz.000980,1.3500,1.3600,1.3400,1.3500,4225800,5708640.0000,3
