date,code,open,high,low,close,volume,amount,adjustflag,turn,pctChg
2020-01-23,sh.688005,33.3900,40.0000,31.7000,34.0400,83184650,2904406327.0000,3,202.467700,2.314397
2020-02-28,sh.688005,27.2300,56.4700,27.2300,36.5000,164556684,7293145623.0000,3,380.918200,7.226792
2020-03-31,sh.688005,37.9000,42.7100,28.8700,29.6200,73934605,2589341633.0000,3,171.145100,-18.849315
2020-04-30,sh.688005,30.0000,32.3800,24.0200,29.0700,50784957,1478471156.0000,3,117.557700,-1.856853
2020-05-29,sh.688005,28.9900,39.6300,28.9100,36.7000,73544648,2500727847.0000,3,170.242300,26.246990
2020-06-30,sh.688005,36.6400,38.9000,33.0100,34.9600,53180448,1906952905.0000,3,123.103000,-4.741144
2020-07-31,sh.688005,35.0600,43.6500,27.5000,28.7500,93406613,3304991067.3400,3,149.313400,-17.763158
2020-08-31,sh.688005,28.7500,31.7900,27.1800,28.6200,64817675,1925989318.0000,3,23.655400,-0.452174
2020-09-30,sh.688005,28.7800,32.4500,25.6200,29.7400,98034053,2870513995.8100,3,35.777500,3.913347
2020-10-30,sh.688005,32.6000,41.4900,32.6000,35.8300,159878353,6015280430.0600,3,58.347800,20.477471
2020-11-30,sh.688005,35.7800,39.9400,30.5800,33.8900,134793407,4713278372.2300,3,49.192800,-5.414457
2020-12-31,sh.688005,33.8400,56.2400,32.6000,51.5400,233911468,10948106493.0000,3,85.366100,52.080260
