date,code,open,high,low,close,volume,amount,adjustflag,turn,pctChg
2020-01-23,sh.600222,4.4900,6.0000,4.4300,5.5200,319846126,1626252162.0000,3,56.075900,20.787746
2020-02-28,sh.600222,6.0700,8.9000,5.5700,5.8500,1053348984,6943919885.0000,3,184.674000,5.978261
2020-03-31,sh.600222,5.8600,6.4100,4.9900,5.8100,749155104,4289615772.0000,3,131.342600,-0.683761
2020-04-30,sh.600222,5.7400,7.2300,5.1800,5.8300,846893099,5243154205.0000,3,148.325800,0.344234
2020-05-29,sh.600222,5.8300,6.0200,5.1700,5.4200,232934887,1311699531.0000,3,40.588900,-7.032590
2020-06-30,sh.600222,5.3900,6.1900,5.2500,5.9000,366515597,2101005426.0000,3,63.865500,8.856089
2020-07-31,sh.600222,5.8600,7.0900,5.8000,6.9500,709187173,4577036391.2200,3,123.576000,17.796610
2020-08-31,sh.600222,7.0300,7.3100,5.8800,6.0300,376888777,2518873512.3700,3,65.673100,-13.237410
2020-09-30,sh.600222,6.0300,6.2600,5.5500,5.6600,146031932,862933510.7200,3,25.446000,-6.135987
2020-10-30,sh.600222,5.6800,6.0600,5.6000,5.7200,86069564,504079312.6400,3,14.997600,1.060071
2020-11-30,sh.600222,5.6800,5.7800,5.4300,5.5100,71043347,397715613.8200,3,12.379300,-3.671329
2020-12-31,sh.600222,5.5300,5.5900,4.9500,5.0100,90249601,476664361.6400,3,15.726000,-9.074410
