date,code,open,high,low,close,volume,amount,adjustflag,turn,pctChg
2020-01-23,sh.603035,13.0400,18.0000,13.0000,15.4100,196708819,3168294811.0000,3,73.799600,18.538462
2020-02-28,sh.603035,14.0000,17.1700,13.7100,14.5700,294247741,4584645876.0000,3,105.088400,-5.451006
2020-03-31,sh.603035,14.9300,17.5800,10.9000,13.1000,230473628,3280361082.0000,3,82.312000,-10.089224
2020-04-30,sh.603035,13.2400,13.4700,10.2700,11.1000,139022258,1661659291.0000,3,49.650800,-15.267176
2020-05-29,sh.603035,10.9800,12.2500,10.2500,10.5900,88068011,996069576.0000,3,31.452900,-4.594595
2020-06-30,sh.603035,10.5900,13.3600,10.5900,11.4200,144709625,1738857918.0000,3,51.681800,7.837583
2020-07-31,sh.603035,11.6500,14.8100,11.4000,12.0600,234153517,3020538461.0200,3,81.893200,7.996532
2020-08-31,sh.603035,12.1200,17.5900,11.9000,15.6700,505356573,7667230133.6500,3,165.924400,29.933665
2020-09-30,sh.603035,15.7100,16.8500,12.8500,13.2200,250906128,3695378716.4600,3,80.396500,-15.634971
2020-10-30,sh.603035,13.5300,16.7700,13.3800,15.7600,205902709,3084239884.3800,3,61.375100,19.213313
2020-11-30,sh.603035,15.7300,17.4500,14.7300,14.7400,336950959,5464522218.8200,3,99.923800,-6.472081
2020-12-31,sh.603035,14.7000,15.0500,12.7200,13.4800,178674108,2504351749.6800,3,52.390400,-8.548168
