date,code,open,high,low,close,volume,amount,adjustflag,turn,pctChg
2020-01-23,sh.603225,12.4300,12.9000,11.6800,11.8200,54329770,673118936.0000,3,32.602300,-4.291498
2020-02-28,sh.603225,10.6400,11.5400,10.0100,10.8700,73950867,815636903.0000,3,44.376200,-8.037225
2020-03-31,sh.603225,10.9100,12.2100,10.0400,10.3300,83716218,926536695.0000,3,50.236200,-4.967801
2020-04-30,sh.603225,10.2100,10.8900,10.0500,10.3900,50745952,531839805.0000,3,17.901900,0.580833
2020-05-29,sh.603225,10.3000,10.3300,9.4100,9.6500,48654879,482696271.0000,3,4.123600,-5.911189
2020-06-30,sh.603225,9.6800,10.6600,9.6600,9.9800,80129615,818736842.0000,3,6.791000,3.419689
2020-07-31,sh.603225,9.9900,11.5900,9.9600,10.6100,112695765,1226403968.5100,3,9.550900,6.312625
2020-08-31,sh.603225,10.6800,12.4600,10.6100,11.2000,149837054,1725039762.4900,3,12.698100,5.560792
2020-09-30,sh.603225,11.1900,11.5300,9.9400,10.0600,66151928,709879423.3900,3,5.606200,-10.178571
2020-10-30,sh.603225,10.1500,11.5600,10.0200,10.1700,60240091,654331017.7200,3,5.105400,1.093439
2020-11-30,sh.603225,10.3000,13.8000,10.1300,12.4600,196874721,2420532101.9100,3,16.684700,22.517207
2020-12-31,sh.603225,12.4000,14.3400,11.7700,13.9000,176911217,2298729743.6700,3,13.192500,11.556982
