date,code,open,high,low,close,volume,amount,adjustflag,turn,pctChg
2020-01-23,sh.603508,59.8200,61.9800,55.9700,56.6000,38454039,2267589597.0000,3,24.396200,-4.359581
2020-02-28,sh.603508,50.9400,63.8000,45.8500,58.6500,58325562,3330177611.0000,3,37.003000,3.621908
2020-03-31,sh.603508,59.4100,64.7800,51.2900,51.3300,62766345,3625935375.0000,3,39.820600,-12.480818
2020-04-30,sh.603508,51.3500,55.9500,48.8000,50.5300,32689419,1727296377.0000,3,20.589400,-1.558543
2020-05-29,sh.603508,50.0000,51.8900,46.6100,47.1400,20328579,1007635844.0000,3,12.736700,-6.708886
2020-06-30,sh.603508,47.1300,50.6900,33.2600,33.6400,28118001,1077879228.0000,3,13.907400,0.881242
2020-07-31,sh.603508,33.2800,38.2000,32.5000,34.3500,77240827,2743337218.3700,3,34.312200,2.110583
2020-08-31,sh.603508,34.3900,38.7700,34.0000,34.6100,71466366,2615599619.1300,3,31.747000,0.756914
2020-09-30,sh.603508,34.8000,34.9000,29.5000,30.0000,26041853,834611115.6600,3,11.568300,-13.319850
2020-10-30,sh.603508,30.1800,31.3100,26.9800,27.0600,13619375,406753184.9700,3,6.050100,-9.800000
2020-11-30,sh.603508,27.1200,28.5900,26.4100,27.4300,13971094,386599512.6500,3,6.206300,1.367332
2020-12-31,sh.603508,27.5000,30.2700,23.7200,24.3100,25251745,686829772.1100,3,11.217400,-11.374408
