date,code,open,high,low,close,volume,amount,adjustflag,turn,pctChg
2020-01-23,sh.601865,12.4300,15.1900,12.0900,13.1200,244479563,3401302832.0000,3,162.986300,8.161583
2020-02-28,sh.601865,11.8100,16.5600,10.7700,12.8500,284999408,4115154307.0000,3,141.463600,-2.057927
2020-03-31,sh.601865,13.1600,14.1800,10.1800,10.2100,231033294,2770353694.0000,3,67.755700,-20.544747
2020-04-30,sh.601865,10.2200,13.0900,10.1500,12.8700,229881051,2668549778.0000,3,67.417800,26.052889
2020-05-29,sh.601865,12.8800,13.8500,12.1300,13.0200,211224870,2753317896.0000,3,61.946400,1.165501
2020-06-30,sh.601865,13.1200,19.2500,12.9500,18.8000,238227796,3739220426.0000,3,69.865600,44.393241
2020-07-31,sh.601865,19.1000,23.8600,18.5800,22.7900,411287817,8682643500.1100,3,120.619200,21.223404
2020-08-31,sh.601865,23.1000,27.3400,21.7000,24.0400,239135687,5779278407.7000,3,70.131900,5.484862
2020-09-30,sh.601865,24.0500,29.9200,19.5100,29.9200,232192979,5747976619.4500,3,68.095900,24.459235
2020-10-30,sh.601865,32.9100,43.9900,31.2300,40.8000,343219714,12470644336.7400,3,100.656800,36.363636
2020-11-30,sh.601865,41.1800,44.8800,33.0500,34.4000,370488940,14104406820.3900,3,108.654100,-15.557485
2020-12-31,sh.601865,34.5100,40.4500,30.4500,39.9000,602768877,21133932073.8800,3,176.775400,15.988372
