date,code,open,high,low,close,volume,amount,adjustflag,turn,pctChg
2020-01-23,sz.000065,8.7500,8.8400,8.0000,8.1000,64416010,554731539.0400,3,9.895100,-6.358382
2020-02-28,sz.000065,7.2900,8.5500,6.8500,7.6700,118546365,919173877.4800,3,17.612600,-5.308642
2020-03-31,sz.000065,7.7100,8.8500,7.1500,7.2100,128505345,1024983271.6600,3,19.092100,-5.997392
2020-04-30,sz.000065,7.2000,7.8600,7.1000,7.6800,68937440,517551281.0600,3,10.241900,6.518724
2020-05-29,sz.000065,7.6100,7.8300,7.2300,7.2600,40721953,307929819.4600,3,6.049900,-5.468750
2020-06-30,sz.000065,7.3000,7.5800,7.1700,7.3100,51230157,379061335.3900,3,7.611100,1.916616
2020-07-31,sz.000065,7.3100,8.5400,7.2900,7.9600,159446570,1286704560.2800,3,23.689200,8.891929
2020-08-31,sz.000065,8.0500,8.9100,7.8900,8.1000,154952057,1302022600.1100,3,23.021300,1.758794
2020-09-30,sz.000065,8.0400,8.1500,7.4500,7.5100,60137762,467979095.4800,3,8.934900,-7.283951
2020-10-30,sz.000065,7.6100,7.8500,7.2400,7.2500,26977416,205112098.2300,3,4.007900,-3.462051
2020-11-30,sz.000065,7.3400,7.9800,7.3000,7.8700,61370179,474320391.2500,3,9.118000,8.551724
2020-12-31,sz.000065,7.8200,8.1200,7.2100,7.4600,80087771,609868553.4600,3,11.898700,-5.209657
