date,code,open,high,low,close,volume,amount,adjustflag,turn,pctChg
2020-01-23,sz.002530,11.6500,16.7800,11.6100,15.0600,501397093,7141915751.0700,3,78.726800,30.164218
2020-02-28,sz.002530,13.5500,17.8100,12.2000,13.8800,512022178,7845836507.9600,3,80.395200,-7.835325
2020-03-31,sz.002530,14.0000,14.8000,9.7000,9.8200,295002774,3597636591.2700,3,46.320000,-29.250720
2020-04-30,sz.002530,9.9600,12.9000,9.3900,10.4100,404645949,4467373413.7400,3,63.426300,6.008147
2020-05-29,sz.002530,10.2000,11.7100,10.0000,10.5700,266205064,2929034968.9000,3,41.726400,1.536984
2020-06-30,sz.002530,10.5800,12.8900,10.5800,12.2400,368231820,4340161847.2400,3,57.718400,15.799432
2020-07-31,sz.002530,12.3100,15.3800,11.6200,12.4300,442854611,5836644540.5700,3,69.415100,1.552288
2020-08-31,sz.002530,12.5800,13.6700,10.5900,11.1000,343059378,4276197763.5100,3,53.865500,-10.699920
2020-09-30,sz.002530,10.9500,11.6800,9.2600,9.4100,173447314,1842018855.7200,3,27.233900,-15.225225
2020-10-30,sz.002530,9.6100,10.4100,8.6900,8.7200,81501898,791854451.5600,3,12.797200,-7.332625
2020-11-30,sz.002530,8.6200,9.2000,8.0900,8.2800,103132623,893334230.9500,3,16.193400,-5.045872
2020-12-31,sz.002530,8.3000,8.6300,7.1500,7.8000,143086951,1110692213.7400,3,22.466500,-5.797101
