date,code,open,high,low,close,volume,amount,adjustflag,turn,pctChg
2020-01-23,sz.000859,5.8100,6.4500,5.0600,5.1900,640993005,3761449099.7300,3,86.701200,-9.265734
2020-02-28,sz.000859,4.6700,6.9100,4.2000,5.6300,1212034056,6945990785.4300,3,163.940900,8.477842
2020-03-31,sz.000859,5.5800,6.4100,4.5000,4.5600,848956054,4752342687.8700,3,114.830500,-19.005329
2020-04-30,sz.000859,4.5500,6.0600,4.5000,5.4700,729441042,3934151507.7000,3,98.665100,19.956140
2020-05-29,sz.000859,5.4300,5.7600,4.7500,4.8900,330222676,1780421653.0100,3,44.666200,-10.603291
2020-06-30,sz.000859,4.8900,5.9300,4.8500,5.6000,607924652,3400340520.2600,3,82.228200,14.716875
2020-07-31,sz.000859,5.6000,6.6500,5.4800,5.7900,839363066,5127784940.8200,3,113.532800,3.392857
2020-08-31,sz.000859,5.8000,6.5600,5.6100,5.9000,570601349,3475334043.4900,3,77.180000,1.899827
2020-09-30,sz.000859,5.9200,6.0000,5.2100,5.3000,224481809,1268700891.3400,3,30.363500,-10.169492
2020-10-30,sz.000859,5.3500,5.6600,5.2400,5.3100,109816941,598080398.3300,3,14.853900,0.188679
2020-11-30,sz.000859,5.3100,5.6300,5.1000,5.4600,173587808,942094871.0200,3,23.479600,2.824859
2020-12-31,sz.000859,5.4700,6.0100,4.8700,5.1000,322830452,1785852899.5500,3,43.666200,-6.593407
