date,code,open,high,low,close,volume,amount,adjustflag,turn,pctChg
2020-01-23,sz.399992,1479.3830,1546.5760,1468.2800,1482.7790,18529198672,279431813632.0000,3,14.712057,1.000300
2020-02-28,sz.399992,1338.9290,1607.3870,1271.7450,1485.7820,30697990320,398094409728.0000,3,31.541521,0.202500
2020-03-31,sz.399992,1502.9460,1602.9112,1379.3609,1413.5719,35871002268,446682613014.9800,3,37.444326,-4.860100
2020-04-30,sz.399992,1405.7682,1528.1715,1398.6496,1507.3601,23220702051,307761169439.6400,3,23.063655,6.634800
2020-05-29,sz.399992,1496.8383,1582.4763,1496.5030,1532.3379,18557116026,282414205257.3500,3,20.491813,1.657100
2020-06-30,sz.399992,1538.0379,1680.6600,1537.8194,1673.8582,20241853566,285911193622.9600,3,26.479360,9.235600
2020-07-31,sz.399992,1684.5852,1960.3837,1672.6076,1885.9519,38085988735,515789544869.3500,3,51.892292,12.670900
2020-08-31,sz.399992,1906.1194,1956.5870,1809.0498,1847.3550,33519703911,454417276296.2500,3,34.036479,-2.046500
2020-09-30,sz.399992,1847.2050,1856.5952,1694.1783,1703.6168,23297491922,309365393639.6800,3,21.950754,-7.780800
2020-10-30,sz.399992,1728.1224,1799.5764,1672.2142,1687.1142,23802240084,253255056254.7000,3,16.757409,-0.968700
2020-11-30,sz.399992,1691.7438,1844.0797,1681.5752,1754.4118,45105849243,425981479001.4700,3,31.653441,3.988900
2020-12-31,sz.399992,1754.4876,1798.6903,1716.0674,1777.0738,49830809281,459806196144.3700,3,36.967659,1.291700
