date,code,open,high,low,close,volume,amount,adjustflag,turn,pctChg
2020-01-23,sz.300303,5.7200,7.4600,5.6100,6.9700,2018916644,12735390598.1200,3,176.843200,24.242424
2020-02-28,sz.300303,6.2700,8.3700,5.6400,6.7800,2627432332,18137530563.2900,3,229.936900,-2.725968
2020-03-31,sz.300303,6.9000,7.1700,4.6200,4.6900,1134437426,6720047029.2400,3,99.279200,-30.825959
2020-04-30,sz.300303,4.7000,5.6200,4.6600,5.3200,914387087,4747521409.9200,3,80.021500,13.432836
2020-05-29,sz.300303,5.2800,6.2700,4.9900,5.1500,955452815,5492749395.3100,3,83.615300,-3.195489
2020-06-30,sz.300303,5.2000,6.2600,5.2000,5.8900,961041066,5589161046.7200,3,84.104200,14.368932
2020-07-31,sz.300303,5.9100,7.5500,5.6200,7.4700,2179908674,14312193423.0000,3,190.772500,28.718039
2020-08-31,sz.300303,7.4200,7.6400,6.2500,7.0600,1392023763,9590933397.6300,3,121.821300,-5.488621
2020-09-30,sz.300303,7.0400,8.4900,6.3000,6.3000,1627110230,12013306696.5600,3,142.215800,-10.764873
2020-10-30,sz.300303,6.4300,6.9800,5.6400,5.6500,456284646,2925625287.8400,3,39.848200,-10.317460
2020-11-30,sz.300303,5.7100,6.4900,5.5900,5.9200,551486683,3396626545.1200,3,48.162200,4.778761
2020-12-31,sz.300303,5.9100,6.6300,5.0500,5.2800,571359334,3408336713.5200,3,49.760200,-10.810811
