date,code,open,high,low,close,volume,amount,adjustflag,turn,pctChg
2020-01-23,sz.300526,54.8000,56.4800,49.8300,54.5400,9374011,491314174.2900,3,5.510800,-2.607143
2020-02-28,sz.300526,49.1200,68.6800,49.0900,65.4800,18428056,1140360693.8000,3,10.833500,20.058673
2020-03-31,sz.300526,65.4900,164.9900,64.0000,164.9900,23450523,2481623395.0500,3,13.786100,151.970067
2020-04-30,sz.300526,170.0100,219.4800,110.0000,113.8600,21903839,2981397378.2300,3,12.877500,-30.989757
2020-05-29,sz.300526,114.3500,116.4900,94.5600,108.3500,11613321,1209445653.1900,3,6.827800,-4.839276
2020-06-30,sz.300526,113.0000,152.1800,108.4000,124.2000,21178894,2757702333.5500,3,12.451300,14.628519
2020-07-31,sz.300526,122.8100,144.3800,81.5300,82.5100,23596252,2552365934.8200,3,12.530500,-20.213552
2020-08-31,sz.300526,82.6500,108.0000,73.0000,88.9800,36983205,3142171161.8700,3,18.107100,7.841474
2020-09-30,sz.300526,88.0600,108.8800,85.0000,97.7000,36098810,3479378640.2100,3,17.674400,9.799955
2020-10-30,sz.300526,78.1600,78.1600,56.5000,59.3200,21857070,1353512245.5100,3,10.701500,-39.283521
2020-11-30,sz.300526,59.9600,68.9500,56.5100,60.0500,27497189,1630320435.7300,3,13.463000,1.230614
2020-12-31,sz.300526,60.1200,69.5000,57.5200,63.5000,38644262,2400541026.5900,3,18.920600,5.745212
