date,code,open,high,low,close,volume,amount,adjustflag,turn,pctChg
2020-01-23,sz.300339,13.9300,15.4300,12.6900,12.6900,545611737,7893997256.3100,3,73.425400,-8.507570
2020-02-28,sz.300339,11.4200,15.0700,10.2800,12.3900,935669531,11704124958.5900,3,125.916900,-2.364066
2020-03-31,sz.300339,12.6200,14.1300,9.4500,9.4900,667614335,7812297910.1700,3,89.843500,-23.405973
2020-04-30,sz.300339,9.4000,10.8700,8.7700,9.6500,394268154,3952723942.1100,3,52.758200,1.685985
2020-05-29,sz.300339,9.5000,10.6200,8.9800,9.3600,351625142,3473218818.8800,3,47.051900,-3.005181
2020-06-30,sz.300339,9.3800,10.4900,9.1500,10.3700,414910127,4040863371.1300,3,55.520400,10.790598
2020-07-31,sz.300339,10.4100,13.6300,10.0700,12.3700,1006453598,11911095866.5200,3,134.676500,19.286403
2020-08-31,sz.300339,12.3000,14.6500,11.3800,13.7300,1003525078,12934393030.1900,3,132.871000,10.994341
2020-09-30,sz.300339,13.5700,15.5500,12.6500,12.6600,1366842327,19236579050.9400,3,180.976000,-7.793154
2020-10-30,sz.300339,12.9900,13.8500,11.3000,11.4200,459631653,5912237959.8400,3,60.857300,-9.794629
2020-11-30,sz.300339,11.4900,11.8600,10.2500,10.4200,439153077,4878247062.3000,3,58.146000,-8.756567
2020-12-31,sz.300339,10.4300,10.9100,9.0700,9.7900,384076556,3895254942.1500,3,50.853400,-6.046065
