date,code,open,high,low,close,preclose,volume,amount,adjustflag,turn,tradestatus,pctChg,isST
2020-01-02,sh.600663,13.6000,13.7700,13.5800,13.6200,13.5100,4738447,64821299.0000,3,0.161500,1,0.814200,0
2020-01-03,sh.600663,13.6500,13.6900,13.5300,13.6000,13.6200,3869847,52635325.0000,3,0.131900,1,-0.146800,0
2020-01-06,sh.600663,13.5900,13.6500,13.4600,13.5800,13.6000,2840091,38513612.0000,3,0.096800,1,-0.147100,0
2020-01-07,sh.600663,13.5800,13.6800,13.5700,13.6300,13.5800,2805883,38220719.0000,3,0.095700,1,0.368200,0
2020-01-08,sh.600663,13.6200,13.6300,13.3500,13.4000,13.6300,3101125,41789319.0000,3,0.105700,1,-1.687500,0
2020-01-09,sh.600663,13.5300,13.5700,13.4000,13.5300,13.4000,2680198,36189580.0000,3,0.091400,1,0.970200,0
2020-01-10,sh.600663,13.5300,13.5800,13.3800,13.4200,13.5300,2511482,33747554.0000,3,0.085600,1,-0.813000,0
2020-01-13,sh.600663,13.4300,13.6200,13.3300,13.5600,13.4200,3891735,52584651.0000,3,0.132700,1,1.043200,0
2020-01-14,sh.600663,13.6300,13.6800,13.5000,13.5200,13.5600,3000430,40746327.0000,3,0.102300,1,-0.295000,0
2020-01-15,sh.600663,13.4800,13.5300,13.4100,13.4200,13.5200,2119950,28524650.0000,3,0.072300,1,-0.739600,0
2020-01-16,sh.600663,13.4600,13.5100,13.3700,13.4000,13.4200,1827234,24524833.0000,3,0.062300,1,-0.149000,0
2020-01-17,sh.600663,13.4500,13.5200,13.2900,13.3300,13.4000,2646822,35437622.0000,3,0.090200,1,-0.522400,0
2020-01-20,sh.600663,13.3100,13.4000,13.2800,13.4000,13.3300,1900084,25357886.0000,3,0.064800,1,0.525100,0
2020-01-21,sh.600663,13.3900,13.4000,13.2000,13.2200,13.4000,2875038,38140397.0000,3,0.098000,1,-1.343300,0
2020-01-22,sh.600663,13.2600,13.2800,13.0900,13.1700,13.2200,3069793,40394945.0000,3,0.104600,1,-0.378200,0
2020-01-23,sh.600663,13.1000,13.1700,12.7900,12.9200,13.1700,4154169,53799442.0000,3,0.141600,1,-1.898300,0
2020-02-03,sh.600663,11.6300,11.6300,11.6300,11.6300,12.9200,2962100,34449223.0000,3,0.101000,1,-9.984500,0
2020-02-04,sh.600663,10.5500,11.5300,10.5500,11.4100,11.6300,7153711,80586064.0000,3,0.243900,1,-1.891700,0
2020-02-05,sh.600663,11.4300,11.6100,11.3100,11.4200,11.4100,5180551,59445250.0000,3,0.176600,1,0.087600,0
2020-02-06,sh.600663,11.3900,11.5300,11.2500,11.4400,11.4200,4388592,49838675.0000,3,0.149600,1,0.175100,0
2020-02-07,sh.600663,11.4000,11.7200,11.3500,11.5900,11.4400,4283358,49582404.0000,3,0.146000,1,1.311200,0
2020-02-10,sh.600663,11.6000,11.8400,11.4800,11.6800,11.5900,3411531,39852698.0000,3,0.116300,1,0.776500,0
2020-02-11,sh.600663,11.6600,11.7900,11.6000,11.6400,11.6800,3813155,44545913.0000,3,0.130000,1,-0.342500,0
2020-02-12,sh.600663,11.6900,11.6900,11.6000,11.6700,11.6400,2487826,28956609.0000,3,0.084800,1,0.257700,0
2020-02-13,sh.600663,11.6500,11.7700,11.5700,11.5900,11.6700,3112839,36338783.0000,3,0.106100,1,-0.685500,0
2020-02-14,sh.600663,11.5600,11.7300,11.5600,11.6900,11.5900,2578088,30032413.0000,3,0.087900,1,0.862800,0
2020-02-17,sh.600663,11.8200,12.2400,11.7200,12.1300,11.6900,7589865,91836140.0000,3,0.258700,1,3.763900,0
2020-02-18,sh.600663,12.1300,12.5100,11.9800,12.1400,12.1300,5451754,66244513.0000,3,0.185800,1,0.082400,0
2020-02-19,sh.600663,12.0900,12.2200,12.0300,12.0600,12.1400,2958609,35821043.0000,3,0.100900,1,-0.659000,0
2020-02-20,sh.600663,12.0800,12.1700,11.8900,12.1500,12.0600,5026756,60615328.0000,3,0.171400,1,0.746300,0
2020-02-21,sh.600663,12.1600,12.3700,12.1300,12.2000,12.1500,5143143,62872261.0000,3,0.175300,1,0.411500,0
2020-02-24,sh.600663,12.2500,12.2500,11.9500,11.9900,12.2000,5296558,63730506.0000,3,0.180600,1,-1.721300,0
2020-02-25,sh.600663,11.7500,11.8600,11.5300,11.7900,11.9900,7157604,83779698.0000,3,0.244000,1,-1.668100,0
2020-02-26,sh.600663,11.7000,12.2400,11.6000,11.8700,11.7900,6574298,78516510.0000,3,0.224100,1,0.678500,0
2020-02-27,sh.600663,11.8600,12.0000,11.8100,11.8600,11.8700,3291999,39155656.0000,3,0.112200,1,-0.084200,0
2020-02-28,sh.600663,11.6000,11.9500,11.4400,11.4900,11.8600,5589500,64847845.0000,3,0.190500,1,-3.119700,0
2020-03-02,sh.600663,11.4900,11.8900,11.4900,11.8100,11.4900,4548803,53577938.0000,3,0.155100,1,2.785000,0
2020-03-03,sh.600663,11.9200,12.0900,11.8000,11.8900,11.8100,5110354,60896623.0000,3,0.174200,1,0.677400,0
2020-03-04,sh.600663,12.0200,12.1200,11.8800,12.1000,11.8900,6582482,79191936.0000,3,0.224400,1,1.766200,0
2020-03-05,sh.600663,12.0500,12.3500,12.0500,12.2300,12.1000,7573904,92572513.0000,3,0.258200,1,1.074400,0
2020-03-06,sh.600663,12.1100,12.3700,12.0800,12.1700,12.2300,6300851,76954207.0000,3,0.214800,1,-0.490600,0
2020-03-09,sh.600663,12.0300,12.1400,11.7200,11.7400,12.1700,5808861,69081202.0000,3,0.198000,1,-3.533300,0
2020-03-10,sh.600663,11.7000,11.9400,11.6000,11.9000,11.7400,5510147,65027181.0000,3,0.187800,1,1.362900,0
2020-03-11,sh.600663,11.8900,12.0500,11.8500,11.9000,11.9000,4367468,52158933.0000,3,0.148900,1,0.000000,0
2020-03-12,sh.600663,11.8000,11.8700,11.6800,11.7700,11.9000,3801626,44669354.0000,3,0.129600,1,-1.092400,0
2020-03-13,sh.600663,11.5000,11.7900,11.2800,11.6600,11.7700,4808688,55371556.0000,3,0.163900,1,-0.934600,0
2020-03-16,sh.600663,11.8100,12.2000,11.6700,11.7700,11.6600,9089841,108943411.0000,3,0.309900,1,0.943400,0
2020-03-17,sh.600663,11.8700,11.9000,11.2400,11.3800,11.7700,6920968,79501970.0000,3,0.235900,1,-3.313500,0
2020-03-18,sh.600663,11.4200,11.4800,11.0000,11.0100,11.3800,5156091,58047223.0000,3,0.175800,1,-3.251300,0
2020-03-19,sh.600663,11.0000,11.1700,10.0100,10.9900,11.0100,3873453,42265040.0000,3,0.132000,1,-0.181700,0
2020-03-20,sh.600663,11.1100,11.1400,10.9000,11.1200,10.9900,2789417,30831404.0000,3,0.095100,1,1.182900,0
2020-03-23,sh.600663,10.8500,11.0100,10.7100,10.7700,11.1200,2634748,28488179.0000,3,0.089800,1,-3.147500,0
2020-03-24,sh.600663,10.8600,11.0400,10.6300,10.8500,10.7700,2615859,28307845.0000,3,0.089200,1,0.742800,0
2020-03-25,sh.600663,11.0200,11.0800,10.8800,11.0500,10.8500,3168320,34782212.0000,3,0.108000,1,1.843300,0
2020-03-26,sh.600663,10.9800,11.1200,10.9100,11.0500,11.0500,2437540,26866235.0000,3,0.083100,1,0.000000,0
2020-03-27,sh.600663,11.1300,11.3100,11.0600,11.1600,11.0500,2468499,27571747.0000,3,0.084100,1,0.995500,0
2020-03-30,sh.600663,11.1600,11.1700,10.9000,11.0800,11.1600,2961773,32652128.0000,3,0.101000,1,-0.716800,0
2020-03-31,sh.600663,11.1800,11.2600,11.0400,11.0900,11.0800,1930963,21518843.0000,3,0.065800,1,0.090300,0
2020-04-01,sh.600663,11.1400,11.1900,10.9700,11.0000,11.0900,1912113,21221202.0000,3,0.065200,1,-0.811500,0
2020-04-02,sh.600663,10.9900,11.2500,10.9300,11.2400,11.0000,2781970,30927570.0000,3,0.094800,1,2.181800,0
2020-04-03,sh.600663,11.2600,11.2800,11.1000,11.1600,11.2400,1534867,17171532.0000,3,0.052300,1,-0.711700,0
2020-04-07,sh.600663,11.2600,11.3800,11.1900,11.3100,11.1600,2509808,28359379.0000,3,0.085600,1,1.344100,0
2020-04-08,sh.600663,11.3000,11.3300,11.2000,11.2500,11.3100,1955328,21989898.0000,3,0.066700,1,-0.530500,0
2020-04-09,sh.600663,11.2800,11.3000,11.1800,11.2300,11.2500,1607681,18070000.0000,3,0.054800,1,-0.177800,0
2020-04-10,sh.600663,11.2400,11.3400,11.1000,11.1100,11.2300,2275017,25489108.0000,3,0.077600,1,-1.068600,0
2020-04-13,sh.600663,11.1000,11.1000,10.9300,10.9800,11.1100,1993852,21901707.0000,3,0.068000,1,-1.170100,0
2020-04-14,sh.600663,10.9100,11.0900,10.9100,11.0600,10.9800,2274907,25025722.0000,3,0.077600,1,0.728600,0
2020-04-15,sh.600663,11.0600,11.1700,10.9700,11.0000,11.0600,2135435,23603247.0000,3,0.072800,1,-0.542500,0
2020-04-16,sh.600663,10.9500,11.0500,10.9200,10.9700,11.0000,1750840,19224299.0000,3,0.059700,1,-0.272700,0
2020-04-17,sh.600663,11.0900,11.1500,11.0000,11.0300,10.9700,2901196,32137841.0000,3,0.098900,1,0.546900,0
2020-04-20,sh.600663,11.1000,11.1100,10.9100,11.0500,11.0300,2980448,32776818.0000,3,0.101600,1,0.181300,0
2020-04-21,sh.600663,11.0400,11.0400,10.8100,10.8500,11.0500,2579759,28083958.0000,3,0.087900,1,-1.810000,0
2020-04-22,sh.600663,10.8900,10.9200,10.7700,10.9000,10.8500,2229301,24204822.0000,3,0.076000,1,0.460800,0
2020-04-23,sh.600663,10.9100,10.9400,10.8200,10.8600,10.9000,1753820,19046074.0000,3,0.059800,1,-0.367000,0
2020-04-24,sh.600663,10.8600,10.8700,10.7000,10.7300,10.8600,1966168,21207808.0000,3,0.067000,1,-1.197100,0
2020-04-27,sh.600663,10.8100,11.0000,10.7500,10.8200,10.7300,2753297,29917796.0000,3,0.093900,1,0.838800,0
2020-04-28,sh.600663,10.9900,11.1900,10.8200,10.9100,10.8200,4688155,51494844.0000,3,0.159800,1,0.831800,0
2020-04-29,sh.600663,10.8500,10.9600,10.8300,10.8400,10.9100,1761888,19162844.0000,3,0.060100,1,-0.641600,0
2020-04-30,sh.600663,10.9100,11.8900,10.9000,11.7100,10.8400,11592073,133262611.0000,3,0.395200,1,8.025800,0
2020-05-06,sh.600663,11.4100,11.8500,11.1400,11.6600,11.7100,12326205,140049649.0000,3,0.420200,1,-0.427000,0
2020-05-07,sh.600663,11.5000,11.5900,11.3400,11.3800,11.6600,5195441,59345492.0000,3,0.177100,1,-2.401400,0
2020-05-08,sh.600663,11.4300,11.4600,11.3600,11.3700,11.3800,4501153,51301085.0000,3,0.153400,1,-0.087900,0
2020-05-11,sh.600663,11.4300,11.4900,11.3100,11.4100,11.3700,2892352,32975457.0000,3,0.098600,1,0.351800,0
2020-05-12,sh.600663,11.3600,11.5200,11.3300,11.3800,11.4100,3537011,40396719.0000,3,0.120600,1,-0.262900,0
2020-05-13,sh.600663,11.3800,11.4300,11.2800,11.3700,11.3800,1943556,22095615.0000,3,0.066300,1,-0.087900,0
2020-05-14,sh.600663,11.4300,11.7300,11.3800,11.5800,11.3700,5126628,59430601.0000,3,0.174800,1,1.847000,0
2020-05-15,sh.600663,11.6200,11.8300,11.5800,11.7900,11.5800,4989964,58412705.0000,3,0.170100,1,1.813500,0
2020-05-18,sh.600663,11.7800,11.9000,11.6500,11.6800,11.7900,4334941,50916117.0000,3,0.147800,1,-0.933000,0
2020-05-19,sh.600663,11.7200,11.7700,11.6400,11.6800,11.6800,2847933,33249577.0000,3,0.097100,1,0.000000,0
2020-05-20,sh.600663,11.2100,11.2400,11.0000,11.0400,11.2200,3154744,35079349.0000,3,0.107500,1,-1.604300,0
2020-05-21,sh.600663,11.0500,11.6600,11.0500,11.3700,11.0400,7263169,83261640.0000,3,0.247600,1,2.989100,0
2020-05-22,sh.600663,11.3500,11.4000,11.1100,11.1500,11.3700,3167362,35549128.0000,3,0.108000,1,-1.934900,0
2020-05-25,sh.600663,11.1200,11.2800,11.0200,11.0500,11.1500,1910690,21253750.0000,3,0.065100,1,-0.896900,0
2020-05-26,sh.600663,11.0200,11.2700,11.0200,11.1000,11.0500,1865868,20668666.0000,3,0.063600,1,0.452500,0
2020-05-27,sh.600663,11.1000,11.6100,11.0600,11.3900,11.1000,5251024,59717147.0000,3,0.179000,1,2.612600,0
2020-05-28,sh.600663,11.4000,11.6300,11.2100,11.5100,11.3900,4063488,46545498.0000,3,0.138500,1,1.053600,0
2020-05-29,sh.600663,11.5200,11.5200,11.3500,11.3800,11.5100,3625473,41382215.0000,3,0.123600,1,-1.129500,0
2020-06-01,sh.600663,11.5000,11.8000,11.4200,11.7500,11.3800,8704298,101317941.0000,3,0.296700,1,3.251300,0
2020-06-02,sh.600663,11.7000,11.8700,11.6400,11.6700,11.7500,5564582,65277070.0000,3,0.189700,1,-0.680900,0
2020-06-03,sh.600663,11.6500,11.7500,11.4000,11.4300,11.6700,5067488,58324496.0000,3,0.172700,1,-2.056600,0
2020-06-04,sh.600663,11.5200,11.5200,11.3800,11.4500,11.4300,2753485,31504364.0000,3,0.093900,1,0.175000,0
2020-06-05,sh.600663,11.4800,11.7200,11.3400,11.5900,11.4500,5508377,63477889.0000,3,0.187800,1,1.222700,0
2020-06-08,sh.600663,11.5600,11.6800,11.4400,11.4600,11.5900,3557627,41037981.0000,3,0.121300,1,-1.121700,0
2020-06-09,sh.600663,11.4600,11.5300,11.3500,11.3600,11.4600,3368069,38404143.0000,3,0.114800,1,-0.872600,0
2020-06-10,sh.600663,11.4500,11.4500,11.1500,11.2000,11.3600,4107072,46118878.0000,3,0.140000,1,-1.408400,0
2020-06-11,sh.600663,11.1800,11.2500,11.0000,11.0300,11.2000,6259330,69384507.0000,3,0.213400,1,-1.517900,0
2020-06-12,sh.600663,10.9000,10.9700,10.8100,10.9200,11.0300,7958707,86808921.0000,3,0.271300,1,-0.997300,0
2020-06-15,sh.600663,10.9000,11.0100,10.8100,10.8900,10.9200,4803156,52419174.0000,3,0.163700,1,-0.274700,0
2020-06-16,sh.600663,10.9000,10.9800,10.8800,10.9600,10.8900,5029805,54939224.0000,3,0.171500,1,0.642800,0
2020-06-17,sh.600663,10.9800,11.0200,10.8900,10.9500,10.9600,5091481,55779707.0000,3,0.173600,1,-0.091200,0
2020-06-18,sh.600663,10.9900,11.2700,10.9300,11.1500,10.9500,6540495,72986277.0000,3,0.223000,1,1.826500,0
2020-06-19,sh.600663,11.2000,11.2800,11.0000,11.0500,11.1500,8712376,96568961.0000,3,0.297000,1,-0.896900,0
2020-06-22,sh.600663,11.0700,11.1200,10.9900,11.0600,11.0500,5408406,59780860.0000,3,0.184400,1,0.090500,0
2020-06-23,sh.600663,11.0800,11.1100,10.9800,11.0000,11.0600,3438054,37955425.0000,3,0.117200,1,-0.542500,0
2020-06-24,sh.600663,11.0500,11.1100,11.0100,11.0800,11.0000,3316616,36681724.0000,3,0.113100,1,0.727300,0
2020-06-29,sh.600663,11.0800,11.1600,11.0600,11.1200,11.0800,3784275,42040658.0000,3,0.129000,1,0.361000,0
2020-06-30,sh.600663,11.1400,11.2500,11.0800,11.2100,11.1200,5285465,59051143.0000,3,0.180200,1,0.809400,0
2020-07-01,sh.600663,11.2300,11.5800,11.1000,11.3800,11.2100,10471136,119178054.0000,3,0.357000,1,1.516500,0
2020-07-02,sh.600663,11.4500,11.9600,11.4100,11.8500,11.3800,16532859,193525349.0000,3,0.563600,1,4.130100,0
2020-07-03,sh.600663,11.9900,12.1100,11.6500,11.9800,11.8500,17001790,202080035.0000,3,0.579600,1,1.097000,0
2020-07-06,sh.600663,12.0800,13.1800,12.0700,13.1800,11.9800,25759198,332182204.0000,3,0.878100,1,10.016700,0
2020-07-07,sh.600663,13.9500,14.1300,13.2100,13.6100,13.1800,28715866,394635740.0000,3,0.978900,1,3.262500,0
2020-07-08,sh.600663,13.5800,13.8700,13.3100,13.8000,13.6100,17644150,240445241.0000,3,0.601500,1,1.396000,0
2020-07-09,sh.600663,13.6000,13.8900,13.5600,13.7300,13.8000,17201812,235677104.0000,3,0.586400,1,-0.507300,0
2020-07-10,sh.600663,13.6600,14.1800,13.5300,13.8800,13.7300,18223831,252862062.0000,3,0.621200,1,1.092500,0
2020-07-13,sh.600663,13.8500,14.0000,13.5400,14.0000,13.8800,16917187,233441364.0000,3,0.576700,1,0.864600,0
2020-07-14,sh.600663,14.2000,14.2600,13.3500,13.5600,14.0000,15805463,217107024.0000,3,0.538800,1,-3.142900,0
2020-07-15,sh.600663,13.6900,13.8800,13.1800,13.2300,13.5600,14390450,193378316.0000,3,0.490600,1,-2.433600,0
2020-07-16,sh.600663,13.1900,13.3600,12.5400,12.6500,13.2300,12122407,157505406.0000,3,0.413200,1,-4.384000,0
2020-07-17,sh.600663,12.6600,12.7500,12.3600,12.4900,12.6500,8304659,103787331.0000,3,0.283100,1,-1.264800,0
2020-07-20,sh.600663,12.5500,12.9500,12.5100,12.9200,12.4900,6438180,82138764.0000,3,0.219500,1,3.442800,0
2020-07-21,sh.600663,13.0000,13.2700,12.7200,12.8700,12.9200,8655041,112220110.0900,3,0.295000,1,-0.387000,0
2020-07-22,sh.600663,12.9200,13.1100,12.6800,12.9000,12.8700,6564061,84760501.2200,3,0.223800,1,0.233100,0
2020-07-23,sh.600663,12.7900,12.8500,12.3800,12.6200,12.9000,6708906,84286720.8400,3,0.228700,1,-2.170500,0
2020-07-24,sh.600663,12.6000,12.7800,11.9600,12.1700,12.6200,9055061,111539862.1700,3,0.308700,1,-3.565800,0
2020-07-27,sh.600663,12.1800,12.2200,11.9000,11.9800,12.1700,5215404,62512865.5200,3,0.177800,1,-1.561200,0
2020-07-28,sh.600663,12.0000,12.1400,12.0000,12.1000,11.9800,2637314,31814266.9900,3,0.089900,1,1.001700,0
2020-07-29,sh.600663,12.1600,12.6200,12.1300,12.5900,12.1000,8668163,107921006.5700,3,0.295500,1,4.049600,0
2020-07-30,sh.600663,12.7100,12.7300,12.4600,12.5800,12.5900,7535130,94808895.8300,3,0.256900,1,-0.079400,0
2020-07-31,sh.600663,12.4800,12.6400,12.3100,12.5700,12.5800,7396116,92333831.4300,3,0.252100,1,-0.079500,0
2020-08-03,sh.600663,12.6600,12.7200,12.5500,12.7100,12.5700,9005536,113798788.2000,3,0.307000,1,1.113800,0
2020-08-04,sh.600663,12.7200,13.0700,12.6300,12.9200,12.7100,10312901,132030455.4100,3,0.351600,1,1.652200,0
2020-08-05,sh.600663,12.9200,12.9200,12.5700,12.6800,12.9200,6691401,84860876.4400,3,0.228100,1,-1.857600,0
2020-08-06,sh.600663,12.6800,12.7400,12.4600,12.6000,12.6800,5265447,66316203.6600,3,0.179500,1,-0.630900,0
2020-08-07,sh.600663,12.6200,12.6700,12.2600,12.4300,12.6000,4888659,60773989.6300,3,0.166700,1,-1.349200,0
2020-08-10,sh.600663,12.4900,12.6900,12.4500,12.6100,12.4300,5101741,64296143.0100,3,0.173900,1,1.448100,0
2020-08-11,sh.600663,12.7000,12.7500,12.4200,12.4600,12.6100,4870575,61482238.8600,3,0.166000,1,-1.189500,0
2020-08-12,sh.600663,12.3800,12.5500,12.2800,12.4600,12.4600,4410725,54689642.4100,3,0.150400,1,0.000000,0
2020-08-13,sh.600663,12.4900,12.6900,12.3800,12.4300,12.4600,4369392,54729603.6000,3,0.149000,1,-0.240800,0
2020-08-14,sh.600663,12.4300,12.6000,12.3300,12.5700,12.4300,3610828,45020737.5500,3,0.123100,1,1.126300,0
2020-08-17,sh.600663,12.5600,12.8500,12.5600,12.7600,12.5700,7996286,101832655.8700,3,0.272600,1,1.511500,0
2020-08-18,sh.600663,12.8800,12.8900,12.6500,12.7300,12.7600,6063418,77111247.1400,3,0.206700,1,-0.235100,0
2020-08-19,sh.600663,12.7100,12.8000,12.5900,12.6600,12.7300,4847899,61488949.6500,3,0.165300,1,-0.549900,0
2020-08-20,sh.600663,12.6500,12.7200,12.5200,12.5700,12.6600,3390045,42692669.6200,3,0.115600,1,-0.710900,0
2020-08-21,sh.600663,12.6500,12.7600,12.6100,12.6700,12.5700,3696223,46879171.4400,3,0.126000,1,0.795500,0
2020-08-24,sh.600663,12.8700,13.0800,12.7500,12.8800,12.6700,8942301,115618443.9300,3,0.304800,1,1.657500,0
2020-08-25,sh.600663,13.0100,13.0100,12.6500,12.7000,12.8800,4942859,63302822.4500,3,0.168500,1,-1.397500,0
2020-08-26,sh.600663,12.6700,12.7000,12.4100,12.4200,12.7000,4248627,53313273.8600,3,0.144800,1,-2.204700,0
2020-08-27,sh.600663,12.4200,12.5000,12.3000,12.4700,12.4200,2427611,30209442.6900,3,0.082800,1,0.402600,0
2020-08-28,sh.600663,12.5200,12.5900,12.4000,12.5700,12.4700,2740256,34253061.9600,3,0.093400,1,0.801900,0
2020-08-31,sh.600663,12.5700,12.6700,12.4100,12.4500,12.5700,4054474,51002457.4600,3,0.138200,1,-0.954700,0
2020-09-01,sh.600663,12.4100,12.4600,12.3600,12.4400,12.4500,2172560,26946007.6100,3,0.074100,1,-0.080300,0
2020-09-02,sh.600663,12.4400,12.4800,12.3900,12.4200,12.4400,2470588,30706455.0700,3,0.084200,1,-0.160800,0
2020-09-03,sh.600663,12.4200,12.4600,12.2800,12.2900,12.4200,2935018,36267160.7100,3,0.100100,1,-1.046700,0
2020-09-04,sh.600663,12.2000,12.2400,12.0000,12.1500,12.2900,3122209,37879266.5700,3,0.106400,1,-1.139100,0
2020-09-07,sh.600663,12.1500,12.2500,12.0100,12.0400,12.1500,2578178,31273367.8200,3,0.087900,1,-0.905300,0
2020-09-08,sh.600663,12.0300,12.1300,12.0000,12.1000,12.0400,2302058,27765533.9200,3,0.078500,1,0.498300,0
2020-09-09,sh.600663,12.0600,12.0700,11.8700,11.9500,12.1000,2538775,30415856.1800,3,0.086500,1,-1.239700,0
2020-09-10,sh.600663,12.0500,12.1700,11.8200,11.8300,11.9500,3122103,37521544.3900,3,0.106400,1,-1.004200,0
2020-09-11,sh.600663,11.8300,11.8600,11.6600,11.8200,11.8300,2434237,28633223.1200,3,0.083000,1,-0.084500,0
2020-09-14,sh.600663,11.8400,11.9500,11.7200,11.8000,11.8200,1890539,22348380.2300,3,0.064400,1,-0.169200,0
2020-09-15,sh.600663,11.8100,11.8800,11.7000,11.8300,11.8000,1299279,15302502.5400,3,0.044300,1,0.254200,0
2020-09-16,sh.600663,11.7700,12.0400,11.7700,11.9500,11.8300,1869976,22282672.3400,3,0.063700,1,1.014400,0
2020-09-17,sh.600663,11.9900,12.0700,11.8900,11.9900,11.9500,1769438,21242992.1700,3,0.060300,1,0.334700,0
2020-09-18,sh.600663,11.9600,12.1700,11.9200,12.1100,11.9900,2269163,27430345.4600,3,0.077400,1,1.000800,0
2020-09-21,sh.600663,12.1500,12.2000,11.9900,12.0500,12.1100,1923078,23159326.3800,3,0.065600,1,-0.495500,0
2020-09-22,sh.600663,12.0000,12.0000,11.8000,11.8300,12.0500,2062989,24517186.0900,3,0.070300,1,-1.825700,0
2020-09-23,sh.600663,11.8700,12.0600,11.6000,11.8700,11.8300,1995731,23679337.4900,3,0.068000,1,0.338100,0
2020-09-24,sh.600663,11.8200,11.8200,11.6600,11.6800,11.8700,1740527,20372714.0100,3,0.059300,1,-1.600700,0
2020-09-25,sh.600663,11.6000,11.7500,11.5200,11.5200,11.6800,1771623,20514917.2000,3,0.060400,1,-1.369900,0
2020-09-28,sh.600663,11.5300,11.6300,11.5000,11.5000,11.5200,931113,10752373.6000,3,0.031700,1,-0.173600,0
2020-09-29,sh.600663,11.5100,11.6300,11.4800,11.4900,11.5000,1098892,12701873.3100,3,0.037500,1,-0.087000,0
2020-09-30,sh.600663,11.5200,11.6200,11.4000,11.4600,11.4900,2071423,23814716.4100,3,0.070600,1,-0.261100,0
2020-10-09,sh.600663,11.5800,11.6900,11.5200,11.6000,11.4600,2122204,24645038.5300,3,0.072300,1,1.221600,0
2020-10-12,sh.600663,11.6000,11.8700,11.6000,11.8300,11.6000,2576270,30359357.7000,3,0.087800,1,1.982800,0
2020-10-13,sh.600663,11.8600,11.9200,11.8100,11.8400,11.8300,1669080,19794500.2000,3,0.056900,1,0.084500,0
2020-10-14,sh.600663,11.8400,11.9300,11.7800,11.8300,11.8400,1934848,22905394.0500,3,0.066000,1,-0.084500,0
2020-10-15,sh.600663,11.7800,11.8600,11.7500,11.7700,11.8300,979464,11557300.1200,3,0.033400,1,-0.507200,0
2020-10-16,sh.600663,11.7500,11.8200,11.6900,11.7100,11.7700,1195954,14038069.8300,3,0.040800,1,-0.509800,0
2020-10-19,sh.600663,11.7100,11.9900,11.7100,11.7800,11.7100,2598244,30781991.1100,3,0.088600,1,0.597800,0
2020-10-20,sh.600663,11.7800,12.2000,11.7300,12.0300,11.7800,3624946,43493588.1600,3,0.123600,1,2.122200,0
2020-10-21,sh.600663,12.0100,12.0300,11.8600,11.9400,12.0300,2119234,25296034.4600,3,0.072200,1,-0.748100,0
2020-10-22,sh.600663,11.9400,12.0800,11.7600,12.0700,11.9400,3268271,39051009.0700,3,0.111400,1,1.088800,0
2020-10-23,sh.600663,12.0000,12.1800,11.9500,11.9800,12.0700,2826497,34063959.5600,3,0.096400,1,-0.745700,0
2020-10-26,sh.600663,11.9800,11.9800,11.6100,11.6700,11.9800,3731404,43924928.8400,3,0.127200,1,-2.587600,0
2020-10-27,sh.600663,11.6500,11.6600,11.5100,11.6500,11.6700,1660913,19248495.9600,3,0.056600,1,-0.171400,0
2020-10-28,sh.600663,11.6000,11.6900,11.4900,11.5900,11.6500,1839696,21277146.3500,3,0.062700,1,-0.515000,0
2020-10-29,sh.600663,11.5100,11.5800,11.4800,11.5100,11.5900,1685902,19434310.7000,3,0.057500,1,-0.690300,0
2020-10-30,sh.600663,11.5200,11.7100,11.4900,11.5000,11.5100,2677793,31076937.6900,3,0.091300,1,-0.086900,0
2020-11-02,sh.600663,11.5800,11.5800,11.2000,11.2400,11.5000,2566136,29152914.6000,3,0.087500,1,-2.260900,0
2020-11-03,sh.600663,11.2600,11.4100,11.2300,11.3700,11.2400,1707887,19330489.3400,3,0.058200,1,1.156600,0
2020-11-04,sh.600663,11.4000,11.5400,11.1500,11.3700,11.3700,3713398,42068335.7200,3,0.126600,1,0.000000,0
2020-11-05,sh.600663,11.3800,11.9900,11.3700,11.7900,11.3700,5832619,68152341.6200,3,0.198800,1,3.693900,0
2020-11-06,sh.600663,11.7800,12.3000,11.7400,12.2900,11.7900,10616479,128131253.9600,3,0.361900,1,4.240900,0
2020-11-09,sh.600663,12.2900,12.6800,12.2900,12.4700,12.2900,10224099,127468978.7000,3,0.348500,1,1.464600,0
2020-11-10,sh.600663,12.4800,12.7300,12.3300,12.5600,12.4700,8642003,108249926.3300,3,0.294600,1,0.721700,0
2020-11-11,sh.600663,12.5000,12.5600,12.2800,12.4200,12.5600,7940068,98725752.6100,3,0.270700,1,-1.114600,0
2020-11-12,sh.600663,12.4600,12.5800,11.9700,12.0200,12.4200,11917703,145442711.2500,3,0.406300,1,-3.220600,0
2020-11-13,sh.600663,12.0100,12.0200,11.4200,11.5300,12.0200,9070657,105662520.2700,3,0.309200,1,-4.076500,0
2020-11-16,sh.600663,11.6000,11.6600,11.5000,11.6200,11.5300,4074425,47196739.5800,3,0.138900,1,0.780600,0
2020-11-17,sh.600663,11.6200,11.6300,11.4600,11.6100,11.6200,2822669,32598731.3200,3,0.096200,1,-0.086100,0
2020-11-18,sh.600663,11.6000,11.6100,11.5000,11.5200,11.6100,3456960,39940442.3300,3,0.117800,1,-0.775200,0
2020-11-19,sh.600663,11.5300,11.5800,11.4700,11.5600,11.5200,2016501,23251570.5900,3,0.068700,1,0.347200,0
2020-11-20,sh.600663,11.5800,11.5800,11.4700,11.5200,11.5600,2229408,25661071.9200,3,0.076000,1,-0.346000,0
2020-11-23,sh.600663,11.5600,11.6300,11.5000,11.5600,11.5200,2666923,30828808.1400,3,0.090900,1,0.347200,0
2020-11-24,sh.600663,11.5500,11.6000,11.5100,11.5800,11.5600,1597105,18484858.6500,3,0.054400,1,0.173000,0
2020-11-25,sh.600663,11.5700,11.6300,11.4500,11.4600,11.5800,4340949,50033799.4400,3,0.148000,1,-1.036300,0
2020-11-26,sh.600663,11.4700,11.5100,11.3800,11.4500,11.4600,1999928,22847696.5200,3,0.068200,1,-0.087300,0
2020-11-27,sh.600663,11.4900,11.9300,11.4900,11.8200,11.4500,8103326,95425322.4700,3,0.276200,1,3.231400,0
2020-11-30,sh.600663,11.8400,11.8700,11.6300,11.6500,11.8200,4959133,58291921.2200,3,0.169100,1,-1.438200,0
2020-12-01,sh.600663,11.6200,11.7200,11.5400,11.6700,11.6500,3761235,43757876.1100,3,0.128200,1,0.171700,0
2020-12-02,sh.600663,11.6800,11.7900,11.6000,11.6700,11.6700,3210668,37589472.1800,3,0.109400,1,0.000000,0
2020-12-03,sh.600663,11.6800,11.7400,11.6000,11.6600,11.6700,2100132,24443779.5600,3,0.071600,1,-0.085700,0
2020-12-04,sh.600663,11.6100,11.7000,11.5300,11.5500,11.6600,2137958,24730214.5000,3,0.072900,1,-0.943400,0
2020-12-07,sh.600663,11.5500,11.5800,11.4200,11.4500,11.5500,2377621,27267416.8300,3,0.081100,1,-0.865800,0
2020-12-08,sh.600663,11.4100,11.4800,11.4000,11.4800,11.4500,1337781,15318069.9400,3,0.045600,1,0.262000,0
2020-12-09,sh.600663,11.4800,11.5100,11.3500,11.3500,11.4800,2282575,26108776.7400,3,0.077800,1,-1.132400,0
2020-12-10,sh.600663,11.3500,11.4500,11.3000,11.3200,11.3500,1719291,19521665.5200,3,0.058600,1,-0.264300,0
2020-12-11,sh.600663,11.3300,11.3600,11.1800,11.2900,11.3200,2268832,25530050.0200,3,0.077300,1,-0.265000,0
2020-12-14,sh.600663,11.2900,11.3600,11.2500,11.3400,11.2900,1383536,15665730.5200,3,0.047200,1,0.442900,0
2020-12-15,sh.600663,11.3400,11.3700,11.2800,11.3200,11.3400,772713,8744851.0400,3,0.026300,1,-0.176400,0
2020-12-16,sh.600663,11.3200,11.3500,11.2100,11.2500,11.3200,1335953,15084130.3100,3,0.045500,1,-0.618400,0
2020-12-17,sh.600663,11.2400,11.3200,11.1700,11.3100,11.2500,1551599,17465976.0200,3,0.052900,1,0.533300,0
2020-12-18,sh.600663,11.3300,11.3300,11.2300,11.2600,11.3100,1145023,12906610.5800,3,0.039000,1,-0.442100,0
2020-12-21,sh.600663,11.3000,11.3100,11.1900,11.2300,11.2600,1556128,17480732.3200,3,0.053000,1,-0.266400,0
2020-12-22,sh.600663,11.2800,11.2800,11.0600,11.1000,11.2300,2313802,25797058.8200,3,0.078900,1,-1.157600,0
2020-12-23,sh.600663,11.0800,11.1400,11.0200,11.0800,11.1000,1348080,14920410.9900,3,0.046000,1,-0.180200,0
2020-12-24,sh.600663,11.0800,11.1200,10.6300,10.7300,11.0800,5914929,63702867.1300,3,0.201600,1,-3.158800,0
2020-12-25,sh.600663,10.7000,10.9500,10.6800,10.7200,10.7300,2569813,27726804.4000,3,0.087600,1,-0.093200,0
2020-12-28,sh.600663,10.7200,10.7700,10.5500,10.6700,10.7200,2382057,25381232.2300,3,0.081200,1,-0.466400,0
2020-12-29,sh.600663,10.7500,10.8400,10.7000,10.7700,10.6700,1802446,19414207.9200,3,0.061400,1,0.937200,0
2020-12-30,sh.600663,10.8000,10.8100,10.6800,10.7100,10.7700,1635591,17556960.6800,3,0.055800,1,-0.557100,0
2020-12-31,sh.600663,10.7000,10.7900,10.6600,10.7000,10.7100,3965329,42470981.0700,3,0.135200,1,-0.093400,0
