date,code,open,high,low,close,preclose,volume,amount,adjustflag,turn,tradestatus,pctChg,isST
2020-01-02,sh.600749,9.5600,9.6600,9.5000,9.6000,9.4800,1880403,18020624.0000,3,0.828500,1,1.265800,0
2020-01-03,sh.600749,9.5900,9.7500,9.5800,9.6800,9.6000,2105004,20336835.0000,3,0.927500,1,0.833300,0
2020-01-06,sh.600749,9.6900,9.6900,9.5400,9.6200,9.6800,2152205,20660003.0000,3,0.948300,1,-0.619800,0
2020-01-07,sh.600749,9.6400,9.7300,9.6000,9.7200,9.6200,2387103,23093590.0000,3,1.051700,1,1.039500,0
2020-01-08,sh.600749,9.7200,9.8800,9.5200,9.5800,9.7200,2257100,21793145.0000,3,0.994500,1,-1.440300,0
2020-01-09,sh.600749,9.6600,9.7500,9.6300,9.6900,9.5800,1947206,18863343.0000,3,0.857900,1,1.148200,0
2020-01-10,sh.600749,9.7000,9.7900,9.6300,9.7300,9.6900,2066282,20099235.0000,3,0.910400,1,0.412800,0
2020-01-13,sh.600749,9.7600,9.7700,9.5900,9.7300,9.7300,1400225,13586644.0000,3,0.616900,1,0.000000,0
2020-01-14,sh.600749,9.7500,9.8700,9.7100,9.8200,9.7300,2234734,21888568.0000,3,0.984600,1,0.925000,0
2020-01-15,sh.600749,9.7600,9.8800,9.6500,9.6900,9.8200,1416900,13779939.0000,3,0.624300,1,-1.323800,0
2020-01-16,sh.600749,9.7100,9.7200,9.5200,9.6100,9.6900,1270600,12205232.0000,3,0.559800,1,-0.825600,0
2020-01-17,sh.600749,9.6600,9.6800,9.5000,9.6100,9.6100,1072295,10303980.0000,3,0.472400,1,0.000000,0
2020-01-20,sh.600749,9.6000,9.6400,9.4400,9.5700,9.6100,1202013,11468817.0000,3,0.529600,1,-0.416200,0
2020-01-21,sh.600749,9.5100,9.5100,9.3100,9.3100,9.5700,2085165,19517889.0000,3,0.918700,1,-2.716800,0
2020-01-22,sh.600749,9.2700,9.3000,9.1400,9.2700,9.3100,1292461,11920490.0000,3,0.569500,1,-0.429600,0
2020-01-23,sh.600749,9.2000,9.2600,8.9000,9.0200,9.2700,1606493,14598376.0000,3,0.707800,1,-2.696900,0
2020-02-03,sh.600749,8.1200,8.1200,8.1200,8.1200,9.0200,219700,1783964.0000,3,0.096800,1,-9.977800,0
2020-02-04,sh.600749,7.3100,7.6900,7.3100,7.5400,8.1200,3573750,26777862.0000,3,1.574600,1,-7.142900,0
2020-02-05,sh.600749,7.6500,7.9800,7.5900,7.9500,7.5400,2615273,20506191.0000,3,1.152300,1,5.437700,0
2020-02-06,sh.600749,7.9600,8.2900,7.8500,8.2100,7.9500,2027407,16395729.0000,3,0.893300,1,3.270400,0
2020-02-07,sh.600749,8.2000,8.5600,8.1600,8.5300,8.2100,1702501,14271448.0000,3,0.750100,1,3.897700,0
2020-02-10,sh.600749,8.5100,8.9200,8.2800,8.7700,8.5300,2388612,20702384.0000,3,1.052400,1,2.813600,0
2020-02-11,sh.600749,8.6800,8.8500,8.5400,8.6100,8.7700,1417418,12264725.0000,3,0.624500,1,-1.824400,0
2020-02-12,sh.600749,8.6800,8.8500,8.5000,8.7900,8.6100,2031629,17737785.0000,3,0.895100,1,2.090600,0
2020-02-13,sh.600749,8.7500,9.2800,8.6500,9.2000,8.7900,3180407,28556965.0000,3,1.401300,1,4.664400,0
2020-02-14,sh.600749,9.0300,9.0400,8.8400,8.9500,9.2000,3316662,29657479.0000,3,1.461300,1,-2.717400,0
2020-02-17,sh.600749,8.9000,9.2700,8.8200,9.1400,8.9500,3570307,32561642.0000,3,1.573100,1,2.122900,0
2020-02-18,sh.600749,9.1000,9.3500,9.0100,9.2100,9.1400,3097591,28473835.0000,3,1.364800,1,0.765900,0
2020-02-19,sh.600749,9.1900,9.3000,9.1000,9.2700,9.2100,2760322,25457355.0000,3,1.216200,1,0.651500,0
2020-02-20,sh.600749,9.2700,9.5600,9.2700,9.4700,9.2700,4281918,40482782.0000,3,1.886600,1,2.157500,0
2020-02-21,sh.600749,9.5200,9.5200,9.2800,9.3900,9.4700,3126855,29248681.0000,3,1.377700,1,-0.844800,0
2020-02-24,sh.600749,9.3400,9.3400,9.0900,9.1800,9.3900,2621700,24060632.0000,3,1.155100,1,-2.236400,0
2020-02-25,sh.600749,8.9700,9.0300,8.7000,9.0100,9.1800,2862677,25512717.0000,3,1.261300,1,-1.851900,0
2020-02-26,sh.600749,8.9100,9.2000,8.8800,9.0100,9.0100,2281061,20593070.0000,3,1.005000,1,0.000000,0
2020-02-27,sh.600749,9.0600,9.2300,8.9500,9.0500,9.0100,2865360,26022411.0000,3,1.262500,1,0.444000,0
2020-02-28,sh.600749,8.8000,8.9300,8.6000,8.6100,9.0500,2679287,23429732.0000,3,1.180500,1,-4.861900,0
2020-03-02,sh.600749,8.6300,8.8800,8.6300,8.8300,8.6100,1731002,15187761.0000,3,0.762700,1,2.555200,0
2020-03-03,sh.600749,8.9600,8.9800,8.8100,8.8700,8.8300,1917000,17057453.0000,3,0.844600,1,0.453000,0
2020-03-04,sh.600749,8.8700,8.8800,8.7300,8.8500,8.8700,1111575,9793151.0000,3,0.489800,1,-0.225500,0
2020-03-05,sh.600749,8.8800,9.1500,8.8800,9.1200,8.8500,3165211,28534591.0000,3,1.394600,1,3.050800,0
2020-03-06,sh.600749,9.0200,9.1200,8.9500,9.1000,9.1200,1752152,15843428.0000,3,0.772000,1,-0.219300,0
2020-03-09,sh.600749,8.9800,9.1100,8.8800,8.8900,9.1000,1870900,16800824.0000,3,0.824300,1,-2.307700,0
2020-03-10,sh.600749,8.7500,9.0500,8.5800,9.0200,8.8900,2639348,23269055.0000,3,1.162900,1,1.462300,0
2020-03-11,sh.600749,9.0200,9.2400,8.9600,9.0400,9.0200,3990809,36406537.0000,3,1.758300,1,0.221700,0
2020-03-12,sh.600749,8.8200,8.9900,8.7000,8.8300,9.0400,2397901,21254190.0000,3,1.056500,1,-2.323000,0
2020-03-13,sh.600749,8.5000,8.8600,8.3100,8.8100,8.8300,2144733,18554604.0000,3,0.945000,1,-0.226500,0
2020-03-16,sh.600749,8.8600,9.0900,8.6300,8.6600,8.8100,3468643,30810699.0000,3,1.528300,1,-1.702600,0
2020-03-17,sh.600749,8.5700,8.7000,8.0700,8.4300,8.6600,2797200,23420415.0000,3,1.232400,1,-2.655900,0
2020-03-18,sh.600749,8.5100,8.5900,8.1000,8.2600,8.4300,2698400,22646428.0000,3,1.188900,1,-2.016600,0
2020-03-19,sh.600749,8.3300,8.3400,8.0700,8.2400,8.2600,2275369,18642260.0000,3,1.002500,1,-0.242100,0
2020-03-20,sh.600749,8.2900,9.0600,8.1900,8.8600,8.2400,5876941,50850329.0000,3,2.589400,1,7.524300,0
2020-03-23,sh.600749,8.5500,8.6700,8.3000,8.4100,8.8600,4157369,35188956.0000,3,1.831700,1,-5.079000,0
2020-03-24,sh.600749,8.5100,8.5800,8.2800,8.3900,8.4100,2781212,23397621.0000,3,1.225400,1,-0.237800,0
2020-03-25,sh.600749,8.5100,8.6300,8.4200,8.5500,8.3900,2636485,22473863.0000,3,1.161600,1,1.907000,0
2020-03-26,sh.600749,8.4000,8.5500,8.3700,8.4900,8.5500,1681018,14238143.0000,3,0.740600,1,-0.701800,0
2020-03-27,sh.600749,8.5200,8.6500,8.4100,8.5200,8.4900,2198863,18814335.0000,3,0.968800,1,0.353400,0
2020-03-30,sh.600749,8.4500,8.4500,8.1800,8.3000,8.5200,1799544,14870362.0000,3,0.792900,1,-2.582200,0
2020-03-31,sh.600749,8.3300,8.4100,8.1700,8.1900,8.3000,1380802,11389127.0000,3,0.608400,1,-1.325300,0
2020-04-01,sh.600749,8.1700,8.2300,8.0900,8.1400,8.1900,973980,7942589.0000,3,0.429100,1,-0.610500,0
2020-04-02,sh.600749,8.0600,8.2000,8.0600,8.2000,8.1400,1100096,8953291.0000,3,0.484700,1,0.737100,0
2020-04-03,sh.600749,8.2000,8.2400,8.1300,8.1700,8.2000,911616,7461890.0000,3,0.401700,1,-0.365900,0
2020-04-07,sh.600749,8.3000,8.3600,8.2400,8.3400,8.1700,1696303,14085172.0000,3,0.747400,1,2.080800,0
2020-04-08,sh.600749,8.3300,8.8600,8.2300,8.5900,8.3400,3924191,33794912.0000,3,1.729000,1,2.997600,0
2020-04-09,sh.600749,8.5500,8.7200,8.4900,8.6400,8.5900,2602466,22434553.0000,3,1.146600,1,0.582100,0
2020-04-10,sh.600749,8.5900,8.6500,8.4100,8.5500,8.6400,2261822,19292616.0000,3,0.996500,1,-1.041700,0
2020-04-13,sh.600749,8.5500,8.5600,8.4100,8.4200,8.5500,1248551,10549665.0000,3,0.550100,1,-1.520500,0
2020-04-14,sh.600749,8.4500,8.6700,8.3800,8.5400,8.4200,2528401,21503637.0000,3,1.114000,1,1.425200,0
2020-04-15,sh.600749,8.4800,8.5000,8.3200,8.3400,8.5400,1791248,15063294.0000,3,0.789200,1,-2.341900,0
2020-04-16,sh.600749,8.3500,8.4000,8.1900,8.3000,8.3400,1509000,12461876.0000,3,0.664900,1,-0.479600,0
2020-04-17,sh.600749,8.3700,8.5000,8.3000,8.3100,8.3000,1708584,14313910.0000,3,0.752800,1,0.120500,0
2020-04-20,sh.600749,8.3200,8.5100,8.2000,8.4200,8.3100,2160586,18094606.0000,3,0.951900,1,1.323700,0
2020-04-21,sh.600749,8.4100,8.5900,8.2400,8.4700,8.4200,2477887,20889093.0000,3,1.091700,1,0.593800,0
2020-04-22,sh.600749,8.4600,8.6300,8.3600,8.5200,8.4700,1761648,14966659.0000,3,0.776200,1,0.590300,0
2020-04-23,sh.600749,8.5500,8.7800,8.5500,8.6600,8.5200,3725552,32438938.0000,3,1.641500,1,1.643200,0
2020-04-24,sh.600749,8.6200,9.0900,8.5000,8.8300,8.6600,4586519,40688581.0000,3,2.020800,1,1.963000,0
2020-04-27,sh.600749,8.9600,9.0000,8.5700,8.6300,8.8300,2797160,24261876.0000,3,1.232400,1,-2.265000,0
2020-04-28,sh.600749,8.5500,8.6000,8.0100,8.2800,8.6300,2632399,21814151.0000,3,1.159800,1,-4.055600,0
2020-04-29,sh.600749,8.2500,8.4100,8.2100,8.2800,8.2800,1223131,10179495.0000,3,0.538900,1,0.000000,0
2020-04-30,sh.600749,8.3200,8.4300,8.2800,8.4100,8.2800,2176100,18211307.0000,3,0.958800,1,1.570000,0
2020-05-06,sh.600749,8.3000,8.4300,8.1200,8.3900,8.4100,2265200,18751917.0000,3,0.998000,1,-0.237800,0
2020-05-07,sh.600749,8.3500,8.4000,8.2600,8.2900,8.3900,1252110,10396718.0000,3,0.551700,1,-1.191900,0
2020-05-08,sh.600749,8.3100,8.3700,8.3000,8.3500,8.2900,1133101,9443741.0000,3,0.499200,1,0.723800,0
2020-05-11,sh.600749,8.3500,8.3500,8.1400,8.1700,8.3500,2502403,20566797.0000,3,1.102500,1,-2.155700,0
2020-05-12,sh.600749,8.1700,8.2500,8.0500,8.0900,8.1700,1767913,14334340.0000,3,0.778900,1,-0.979200,0
2020-05-13,sh.600749,8.0900,8.2400,8.0300,8.1600,8.0900,1238600,10079285.0000,3,0.545700,1,0.865300,0
2020-05-14,sh.600749,8.1500,8.1600,8.0900,8.1000,8.1600,661904,5373327.0000,3,0.291600,1,-0.735300,0
2020-05-15,sh.600749,8.1000,8.1800,8.0700,8.1000,8.1000,722000,5849322.0000,3,0.318100,1,0.000000,0
2020-05-18,sh.600749,8.2000,8.2600,8.1200,8.1500,8.1000,1505504,12335490.0000,3,0.663300,1,0.617300,0
2020-05-19,sh.600749,8.1600,8.2100,8.1000,8.1400,8.1500,1006723,8196320.0000,3,0.443600,1,-0.122700,0
2020-05-20,sh.600749,8.1400,8.1400,8.0800,8.1000,8.1400,767905,6218975.0000,3,0.338300,1,-0.491400,0
2020-05-21,sh.600749,8.0200,8.1700,8.0200,8.1000,8.1000,622809,5049892.0000,3,0.274400,1,0.000000,0
2020-05-22,sh.600749,8.1000,8.1000,7.9600,7.9600,8.1000,1096200,8783465.0000,3,0.483000,1,-1.728400,0
2020-05-25,sh.600749,7.9600,7.9800,7.8300,7.9000,7.9600,598200,4718579.0000,3,0.263600,1,-0.753800,0
2020-05-26,sh.600749,7.9500,8.0800,7.9000,8.0400,7.9000,684061,5492653.0000,3,0.301400,1,1.772200,0
2020-05-27,sh.600749,8.0600,8.0900,8.0000,8.0300,8.0400,688870,5532184.0000,3,0.303500,1,-0.124400,0
2020-05-28,sh.600749,8.0000,8.0200,7.8800,7.9700,8.0300,845428,6725824.0000,3,0.372500,1,-0.747200,0
2020-05-29,sh.600749,7.9700,8.0900,7.9000,8.0700,7.9700,969161,7800567.0000,3,0.427000,1,1.254700,0
2020-06-01,sh.600749,8.0900,8.2600,8.0500,8.2100,8.0700,2139167,17472926.0000,3,0.942500,1,1.734800,0
2020-06-02,sh.600749,8.2400,8.3500,8.2200,8.2900,8.2100,1775190,14718681.0000,3,0.782100,1,0.974400,0
2020-06-03,sh.600749,8.3600,8.4300,8.2500,8.3300,8.2900,1519201,12655289.0000,3,0.669400,1,0.482500,0
2020-06-04,sh.600749,8.3300,8.3800,8.2500,8.3400,8.3300,1317800,10931811.0000,3,0.580600,1,0.120100,0
2020-06-05,sh.600749,8.3400,8.4900,8.2700,8.4400,8.3400,1781820,14961373.0000,3,0.785100,1,1.199000,0
2020-06-08,sh.600749,8.4500,8.5800,8.3900,8.5100,8.4400,1475122,12495090.0000,3,0.649900,1,0.829400,0
2020-06-09,sh.600749,8.5300,8.7000,8.4800,8.6100,8.5100,1935305,16648435.0000,3,0.852700,1,1.175100,0
2020-06-10,sh.600749,8.6000,8.6000,8.5000,8.5600,8.6100,1038311,8877510.0000,3,0.457500,1,-0.580700,0
2020-06-11,sh.600749,8.5400,8.6100,8.3800,8.5600,8.5600,1818400,15504928.0000,3,0.801200,1,0.000000,0
2020-06-12,sh.600749,8.5000,8.9500,8.3500,8.8000,8.5600,3891252,34123098.0000,3,1.714500,1,2.803700,0
2020-06-15,sh.600749,8.7400,8.7400,8.4400,8.4700,8.8000,2379800,20391185.0000,3,1.048500,1,-3.750000,0
2020-06-16,sh.600749,8.4500,8.5500,8.4100,8.5000,8.4700,1288460,10917853.0000,3,0.567700,1,0.354200,0
2020-06-17,sh.600749,8.4700,8.5600,8.3800,8.5200,8.5000,1578941,13381745.0000,3,0.695700,1,0.235300,0
2020-06-18,sh.600749,8.5000,8.5800,8.4700,8.5700,8.5200,830861,7091375.0000,3,0.366100,1,0.586800,0
2020-06-19,sh.600749,8.5500,9.0400,8.5000,8.7000,8.5700,2318931,20266760.0000,3,1.021700,1,1.516900,0
2020-06-22,sh.600749,8.7000,8.7000,8.5000,8.5800,8.7000,983031,8455351.0000,3,0.433100,1,-1.379300,0
2020-06-23,sh.600749,8.6300,8.6500,8.4500,8.5600,8.5800,1374629,11746584.0000,3,0.605700,1,-0.233100,0
2020-06-24,sh.600749,8.5600,8.5900,8.4600,8.5600,8.5600,1322309,11265150.0000,3,0.582600,1,0.000000,0
2020-06-29,sh.600749,8.5300,8.6200,8.4500,8.6100,8.5600,1140190,9744756.0000,3,0.502400,1,0.584100,0
2020-06-30,sh.600749,8.6800,8.7800,8.5700,8.6000,8.6100,1176654,10178265.0000,3,0.518400,1,-0.116100,0
2020-07-01,sh.600749,8.6300,9.0500,8.5600,8.8900,8.6000,3813104,33727153.0000,3,1.680000,1,3.372100,0
2020-07-02,sh.600749,8.9500,9.1000,8.7700,9.0400,8.8900,3298722,29490696.0000,3,1.453400,1,1.687300,0
2020-07-03,sh.600749,9.0000,9.3000,8.9500,9.0700,9.0400,3368814,30658427.0000,3,1.484300,1,0.331900,0
2020-07-06,sh.600749,9.0200,9.4900,8.9000,9.4800,9.0700,5811975,53800518.0000,3,2.560700,1,4.520400,0
2020-07-07,sh.600749,10.2500,10.2900,9.4200,9.5300,9.4800,6282270,61264874.0000,3,2.767900,1,0.527400,0
2020-07-08,sh.600749,9.5200,9.7000,9.3100,9.6000,9.5300,4092334,38787047.0000,3,1.803100,1,0.734500,0
2020-07-09,sh.600749,9.5900,9.7600,9.4700,9.6800,9.6000,3983927,38521481.0000,3,1.755300,1,0.833300,0
2020-07-10,sh.600749,9.6800,9.9900,9.5500,9.6800,9.6800,5188920,50846125.0000,3,2.286200,1,0.000000,0
2020-07-13,sh.600749,9.6900,9.9300,9.6300,9.8100,9.6800,3347115,32719771.0000,3,1.474700,1,1.343000,0
2020-07-14,sh.600749,9.9000,9.9300,9.6100,9.8200,9.8100,3020219,29521311.0000,3,1.330700,1,0.101900,0
2020-07-15,sh.600749,10.3200,10.8000,10.3200,10.7900,9.8200,21592625,230789025.0000,3,9.513600,1,9.877800,0
2020-07-16,sh.600749,10.4800,10.4800,9.7100,9.7100,10.7900,13457087,132497821.0000,3,5.929100,1,-10.009300,0
2020-07-17,sh.600749,9.4200,10.1700,9.2300,9.7600,9.7100,6987229,68033402.0000,3,3.078500,1,0.514900,0
2020-07-20,sh.600749,9.6200,9.8200,9.4000,9.8100,9.7600,5312295,51407812.0000,3,2.340600,1,0.512300,0
2020-07-21,sh.600749,9.9800,10.0400,9.7300,9.9300,9.8100,4358426,42993343.2000,3,1.920300,1,1.223200,0
2020-07-22,sh.600749,9.9400,10.4900,9.9000,10.3300,9.9300,8327048,85377073.9000,3,3.668900,1,4.028200,0
2020-07-23,sh.600749,10.2300,10.3500,9.8300,10.1100,10.3300,4783459,48220403.5500,3,2.107600,1,-2.129700,0
2020-07-24,sh.600749,10.0400,10.1100,9.3800,9.4600,10.1100,4978036,48400503.1100,3,2.193300,1,-6.429300,0
2020-07-27,sh.600749,9.4100,9.5200,9.2800,9.3500,9.4600,2793175,26184129.5000,3,1.230700,1,-1.162800,0
2020-07-28,sh.600749,9.3500,9.9100,9.3500,9.7200,9.3500,3570720,34538082.3300,3,1.573200,1,3.957200,0
2020-07-29,sh.600749,9.6500,9.9400,9.5600,9.8700,9.7200,3007383,29501229.7700,3,1.325000,1,1.543200,0
2020-07-30,sh.600749,9.8600,10.4500,9.7900,10.2500,9.8700,5694896,58006923.7500,3,2.509100,1,3.850100,0
2020-07-31,sh.600749,10.1100,11.2800,10.0800,11.2800,10.2500,7623982,83190543.1100,3,3.359100,1,10.048800,0
2020-08-03,sh.600749,12.4100,12.4100,12.4100,12.4100,11.2800,2385155,29599773.5500,3,1.050900,1,10.017700,0
2020-08-04,sh.600749,13.6500,13.6500,12.6900,12.8100,12.4100,22873750,300541647.4200,3,10.078100,1,3.223200,0
2020-08-05,sh.600749,12.3900,12.4000,11.6100,12.2100,12.8100,13919557,167467497.9800,3,6.132900,1,-4.683800,0
2020-08-06,sh.600749,11.9000,11.9600,11.4500,11.6400,12.2100,8697904,101465824.9300,3,3.832300,1,-4.668300,0
2020-08-07,sh.600749,11.5900,12.1600,11.2900,11.8400,11.6400,8581095,101290965.3500,3,3.780800,1,1.718200,0
2020-08-10,sh.600749,11.7500,11.7800,11.3000,11.3800,11.8400,5542101,63463202.3700,3,2.441800,1,-3.885100,0
2020-08-11,sh.600749,11.4300,11.5000,10.9900,11.0300,11.3800,4988300,56131171.9600,3,2.197800,1,-3.075600,0
2020-08-12,sh.600749,11.0000,11.3800,10.7700,11.2500,11.0300,4407201,48942681.0700,3,1.941800,1,1.994600,0
2020-08-13,sh.600749,11.2500,11.7600,11.0500,11.5100,11.2500,5906701,67773772.4200,3,2.602500,1,2.311100,0
2020-08-14,sh.600749,11.4900,12.6600,11.0800,12.2700,11.5100,10161203,121074634.6500,3,4.477000,1,6.603000,0
2020-08-17,sh.600749,12.0000,12.2500,11.8100,12.1000,12.2700,6889541,82848570.4400,3,3.035500,1,-1.385500,0
2020-08-18,sh.600749,12.0800,12.5000,12.0100,12.2000,12.1000,5825851,71576933.2500,3,2.566800,1,0.826400,0
2020-08-19,sh.600749,12.1300,12.1300,11.6600,11.7800,12.2000,4912602,58470701.5500,3,2.164500,1,-3.442600,0
2020-08-20,sh.600749,11.6600,12.6900,11.5800,12.3200,11.7800,9669264,118800030.5600,3,4.260200,1,4.584000,0
2020-08-21,sh.600749,12.2900,12.2900,11.8200,12.0900,12.3200,6337378,76362349.2800,3,2.792200,1,-1.866900,0
2020-08-24,sh.600749,11.9900,13.0500,11.9600,12.8400,12.0900,11328052,143085117.7700,3,4.991100,1,6.203500,0
2020-08-25,sh.600749,12.9500,13.3300,12.6000,13.2300,12.8400,10536105,137274157.3200,3,4.642200,1,3.037400,0
2020-08-26,sh.600749,13.0700,13.5200,12.7800,12.8400,13.2300,7937505,103417053.6800,3,3.497200,1,-2.947800,0
2020-08-27,sh.600749,12.9500,13.4600,12.6500,13.1500,12.8400,9109757,119395264.2100,3,4.013700,1,2.414300,0
2020-08-28,sh.600749,13.2500,13.7600,12.6900,13.1300,13.1500,10721146,141039257.7700,3,4.723700,1,-0.152100,0
2020-08-31,sh.600749,13.0000,13.0000,11.8200,11.8200,13.1300,19696051,241507375.0300,3,8.678000,1,-9.977200,0
2020-09-01,sh.600749,11.2200,11.4900,10.8500,11.4300,11.8200,10577210,117864470.1000,3,4.660300,1,-3.299500,0
2020-09-02,sh.600749,11.1700,11.3200,11.1700,11.2200,11.4300,5811245,65261052.4200,3,2.560400,1,-1.837300,0
2020-09-03,sh.600749,11.2200,11.2400,10.8500,10.9000,11.2200,5647706,61958987.4400,3,2.488400,1,-2.852000,0
2020-09-04,sh.600749,10.7000,10.8200,10.4700,10.7600,10.9000,4032573,43138016.7500,3,1.776700,1,-1.284400,0
2020-09-07,sh.600749,10.7700,11.0300,10.7500,10.9000,10.7600,4847447,52894934.7400,3,2.135800,1,1.301100,0
2020-09-08,sh.600749,10.9900,10.9900,10.5300,10.6500,10.9000,4411307,47094650.7200,3,1.943600,1,-2.293600,0
2020-09-09,sh.600749,10.4800,10.4800,9.9900,10.0600,10.6500,4740417,48387966.5900,3,2.088600,1,-5.539900,0
2020-09-10,sh.600749,10.1000,10.1900,9.8200,9.8900,10.0600,3107201,31002941.8500,3,1.369000,1,-1.689900,0
2020-09-11,sh.600749,9.8000,10.2900,9.7200,10.2900,9.8900,3081636,31016014.7000,3,1.357800,1,4.044500,0
2020-09-14,sh.600749,10.4800,10.8000,10.3000,10.6800,10.2900,4287300,45369966.0000,3,1.889000,1,3.790100,0
2020-09-15,sh.600749,10.7000,11.1500,10.5300,11.0500,10.6800,5272101,57185340.6800,3,2.322900,1,3.464400,0
2020-09-16,sh.600749,11.0400,11.0400,10.6000,10.7800,11.0500,3878017,41779360.7600,3,1.708600,1,-2.443400,0
2020-09-17,sh.600749,10.7100,10.9300,10.5200,10.6100,10.7800,2727646,29050394.9500,3,1.201800,1,-1.577000,0
2020-09-18,sh.600749,10.5700,11.0000,10.5100,10.9100,10.6100,4652901,50162144.5300,3,2.050000,1,2.827500,0
2020-09-21,sh.600749,10.9900,11.0200,10.6200,10.6800,10.9100,3145502,33727461.3400,3,1.385900,1,-2.108200,0
2020-09-22,sh.600749,10.6000,10.6600,10.3700,10.3800,10.6800,2196100,23058084.0000,3,0.967600,1,-2.809000,0
2020-09-23,sh.600749,10.4700,10.5800,10.3300,10.3500,10.3800,2081500,21665293.0000,3,0.917100,1,-0.289000,0
2020-09-24,sh.600749,10.2900,10.3400,10.0100,10.0800,10.3500,2397201,24273361.0400,3,1.056200,1,-2.608700,0
2020-09-25,sh.600749,10.1700,10.2800,9.9600,10.1100,10.0800,2383201,24091124.1500,3,1.050000,1,0.297600,0
2020-09-28,sh.600749,10.0800,10.1300,9.8300,9.9500,10.1100,2028501,20199665.0500,3,0.893700,1,-1.582600,0
2020-09-29,sh.600749,9.9100,9.9600,9.7000,9.8700,9.9500,1864803,18339149.6700,3,0.821600,1,-0.804000,0
2020-09-30,sh.600749,9.9000,9.9500,9.6500,9.6800,9.8700,1895100,18528761.9900,3,0.835000,1,-1.925000,0
2020-10-09,sh.600749,9.9600,9.9600,9.6700,9.7000,9.6800,2546821,24928631.2800,3,1.122100,1,0.206600,0
2020-10-12,sh.600749,9.7400,9.9500,9.6200,9.9100,9.7000,3033642,29803437.0700,3,1.336600,1,2.164900,0
2020-10-13,sh.600749,9.9400,10.0800,9.7000,9.8200,9.9100,3731203,36695094.2200,3,1.644000,1,-0.908200,0
2020-10-14,sh.600749,9.8500,9.8500,9.6100,9.6100,9.8200,2228600,21539339.0000,3,0.981900,1,-2.138500,0
2020-10-15,sh.600749,9.6100,9.6200,9.3200,9.3200,9.6100,2777101,26082274.3900,3,1.223600,1,-3.017700,0
2020-10-16,sh.600749,9.3100,9.4800,9.3000,9.3800,9.3200,1472777,13824900.2500,3,0.648900,1,0.643800,0
2020-10-19,sh.600749,9.4300,9.5600,9.2800,9.3200,9.3800,2272545,21450183.9500,3,1.001300,1,-0.639700,0
2020-10-20,sh.600749,9.3500,9.4700,9.2200,9.4500,9.3200,1491647,13956678.1200,3,0.657200,1,1.394800,0
2020-10-21,sh.600749,9.4600,9.5500,9.2700,9.3000,9.4500,2478100,23267013.0000,3,1.091800,1,-1.587300,0
2020-10-22,sh.600749,9.3300,9.3300,9.1300,9.1800,9.3000,1379300,12668044.0000,3,0.607700,1,-1.290300,0
2020-10-23,sh.600749,9.2400,9.2800,9.0700,9.1500,9.1800,1152181,10553819.3700,3,0.507600,1,-0.326800,0
2020-10-26,sh.600749,9.1400,9.1600,8.9100,8.9600,9.1500,2075283,18713755.1300,3,0.914400,1,-2.076500,0
2020-10-27,sh.600749,8.9100,9.0000,8.9000,8.9500,8.9600,1091301,9766052.9500,3,0.480800,1,-0.111600,0
2020-10-28,sh.600749,9.0700,9.0700,8.8200,8.9200,8.9500,1470900,13128220.0000,3,0.648100,1,-0.335200,0
2020-10-29,sh.600749,8.8000,8.9800,8.6900,8.9100,8.9200,1529900,13547443.0000,3,0.674100,1,-0.112100,0
2020-10-30,sh.600749,9.0200,9.0800,8.7500,8.8000,8.9100,2094551,18630913.8900,3,0.922800,1,-1.234600,0
2020-11-02,sh.600749,8.9000,8.9000,8.4600,8.4900,8.8000,1647101,14179922.5700,3,0.725700,1,-3.522700,0
2020-11-03,sh.600749,8.4600,8.9500,8.4000,8.9000,8.4900,2453705,21485748.2100,3,1.081100,1,4.829200,0
2020-11-04,sh.600749,8.9100,9.0900,8.8200,8.8800,8.9000,1744407,15623989.6800,3,0.768600,1,-0.224700,0
2020-11-05,sh.600749,8.9800,9.0200,8.8500,8.9500,8.8800,1052102,9407441.7700,3,0.463600,1,0.788300,0
2020-11-06,sh.600749,8.9500,8.9600,8.8100,8.9100,8.9500,1167700,10348016.0000,3,0.514500,1,-0.446900,0
2020-11-09,sh.600749,9.0000,9.1900,8.9400,9.0200,8.9100,2029902,18429106.0400,3,0.894400,1,1.234600,0
2020-11-10,sh.600749,9.5500,9.8500,9.2500,9.3500,9.0200,5547501,52515869.8800,3,2.444200,1,3.658500,0
2020-11-11,sh.600749,9.2200,9.3500,9.1000,9.1500,9.3500,2519501,23196120.1300,3,1.110100,1,-2.139000,0
2020-11-12,sh.600749,9.1400,9.2400,9.0400,9.1700,9.1500,1305600,11929912.0000,3,0.575200,1,0.218600,0
2020-11-13,sh.600749,9.1000,9.1400,9.0200,9.1100,9.1700,1058302,9599563.1200,3,0.466300,1,-0.654300,0
2020-11-16,sh.600749,9.1000,9.1700,9.0600,9.1700,9.1100,1171402,10698371.2200,3,0.516100,1,0.658600,0
2020-11-17,sh.600749,9.1600,9.2100,9.1200,9.2100,9.1700,1347100,12350677.0000,3,0.593500,1,0.436200,0
2020-11-18,sh.600749,9.2800,9.2800,9.1700,9.2400,9.2100,1048710,9669111.2000,3,0.462100,1,0.325700,0
2020-11-19,sh.600749,9.2400,9.4800,9.2000,9.4000,9.2400,1957700,18372333.0000,3,0.862600,1,1.731600,0
2020-11-20,sh.600749,9.3600,9.4700,9.3200,9.3600,9.4000,1414301,13274989.3600,3,0.623100,1,-0.425500,0
2020-11-23,sh.600749,9.2900,9.3600,9.1000,9.2500,9.3600,1426100,13087667.0000,3,0.628300,1,-1.175200,0
2020-11-24,sh.600749,9.2400,9.3500,9.1600,9.2700,9.2500,1220300,11281630.0000,3,0.537700,1,0.216200,0
2020-11-25,sh.600749,9.2900,9.3300,9.1000,9.1100,9.2700,1662300,15327833.0000,3,0.732400,1,-1.726000,0
2020-11-26,sh.600749,9.1400,9.2000,9.0800,9.1500,9.1100,983800,8988445.0000,3,0.433500,1,0.439100,0
2020-11-27,sh.600749,9.1500,9.2600,8.9500,9.1900,9.1500,1746350,15879990.0000,3,0.769400,1,0.437200,0
2020-11-30,sh.600749,9.3300,9.5900,9.2600,9.3900,9.1900,3479952,32687939.8600,3,1.533300,1,2.176300,0
2020-12-01,sh.600749,9.3300,9.4300,9.1900,9.3700,9.3900,2332700,21728166.0000,3,1.027800,1,-0.213000,0
2020-12-02,sh.600749,9.3700,9.5700,9.2500,9.5300,9.3700,2503972,23708493.4800,3,1.103200,1,1.707600,0
2020-12-03,sh.600749,9.5100,9.6700,9.4000,9.5200,9.5300,2062734,19703049.4200,3,0.908800,1,-0.104900,0
2020-12-04,sh.600749,9.5500,9.8100,9.4600,9.6400,9.5200,2627674,25362992.6300,3,1.157700,1,1.260500,0
2020-12-07,sh.600749,9.5700,9.6300,9.4400,9.4700,9.6400,1715823,16298279.8900,3,0.756000,1,-1.763500,0
2020-12-08,sh.600749,9.4400,9.6000,9.4200,9.4400,9.4700,1263201,11963692.4700,3,0.556600,1,-0.316800,0
2020-12-09,sh.600749,9.4800,9.5000,9.1600,9.1700,9.4400,1446901,13466400.4300,3,0.637500,1,-2.860200,0
2020-12-10,sh.600749,9.1500,9.3200,9.0600,9.2300,9.1700,1001602,9224726.4300,3,0.441300,1,0.654300,0
2020-12-11,sh.600749,9.2200,9.2600,9.0000,9.0800,9.2300,1349694,12278262.2200,3,0.594700,1,-1.625100,0
2020-12-14,sh.600749,9.0600,9.2100,8.9700,9.1000,9.0800,1570714,14276403.5300,3,0.692000,1,0.220300,0
2020-12-15,sh.600749,9.0900,9.1000,8.8700,8.8900,9.1000,1454900,12990347.0000,3,0.641000,1,-2.307700,0
2020-12-16,sh.600749,8.8700,9.0000,8.7500,8.9200,8.8900,1241700,11022205.0000,3,0.547100,1,0.337500,0
2020-12-17,sh.600749,8.9000,8.9200,8.7300,8.8800,8.9200,1286400,11339868.0000,3,0.566800,1,-0.448400,0
2020-12-18,sh.600749,8.8500,8.9800,8.7800,8.8800,8.8800,836350,7435973.5000,3,0.368500,1,0.000000,0
2020-12-21,sh.600749,8.8800,8.9400,8.7700,8.9000,8.8800,1190500,10563737.0000,3,0.524500,1,0.225200,0
2020-12-22,sh.600749,8.9000,8.9500,8.7000,8.7200,8.9000,1279405,11231021.8000,3,0.563700,1,-2.022500,0
2020-12-23,sh.600749,8.7200,8.8000,8.6300,8.6800,8.7200,926900,8061944.0000,3,0.408400,1,-0.458700,0
2020-12-24,sh.600749,8.6500,8.7200,8.5200,8.5600,8.6800,888701,7636390.3700,3,0.391600,1,-1.382500,0
2020-12-25,sh.600749,8.5100,8.6800,8.4600,8.6000,8.5600,683551,5857933.6000,3,0.301200,1,0.467300,0
2020-12-28,sh.600749,8.5000,8.6500,8.5000,8.5100,8.6000,735600,6282610.0000,3,0.324100,1,-1.046500,0
2020-12-29,sh.600749,8.5000,8.6500,8.4600,8.5100,8.5100,1032802,8834686.1400,3,0.455000,1,0.000000,0
2020-12-30,sh.600749,8.4900,8.6200,8.4800,8.5800,8.5100,738801,6326283.5000,3,0.325500,1,0.822600,0
2020-12-31,sh.600749,8.5500,8.8200,8.5200,8.7900,8.5800,1332334,11616959.4300,3,0.587000,1,2.447600,0
