date,code,open,high,low,close,preclose,volume,amount,adjustflag,turn,tradestatus,pctChg,isST
2020-01-02,sh.600328,8.2900,8.3800,8.2700,8.2900,8.2600,8441300,70163236.0000,3,1.927100,1,0.363200,0
2020-01-03,sh.600328,8.2800,8.3300,8.2500,8.2800,8.2900,6843541,56731580.0000,3,1.562300,1,-0.120600,0
2020-01-06,sh.600328,8.3000,8.3400,8.2200,8.2700,8.2800,7491182,62073373.0000,3,1.710200,1,-0.120800,0
2020-01-07,sh.600328,8.2700,8.4000,8.2600,8.3500,8.2700,7050838,58770977.0000,3,1.609700,1,0.967400,0
2020-01-08,sh.600328,8.3100,8.3300,8.1600,8.1900,8.3500,8894166,73245198.0000,3,2.030500,1,-1.916200,0
2020-01-09,sh.600328,8.2700,8.3300,8.2500,8.3100,8.1900,5175475,42898208.0000,3,1.181500,1,1.465200,0
2020-01-10,sh.600328,8.3100,8.4500,8.2800,8.4000,8.3100,8267704,69360573.0000,3,1.887500,1,1.083000,0
2020-01-13,sh.600328,8.4200,8.4200,8.2600,8.3700,8.4000,5311700,44183302.0000,3,1.212600,1,-0.357100,0
2020-01-14,sh.600328,8.3800,8.4000,8.3200,8.3500,8.3700,4840511,40442670.0000,3,1.105100,1,-0.238900,0
2020-01-15,sh.600328,8.3800,8.3800,8.2200,8.2700,8.3500,5136593,42445088.0000,3,1.172700,1,-0.958100,0
2020-01-16,sh.600328,8.2600,8.2900,8.2000,8.2300,8.2700,3546000,29214124.0000,3,0.809500,1,-0.483700,0
2020-01-17,sh.600328,8.2300,8.2500,8.1600,8.1700,8.2300,3499900,28709642.0000,3,0.799000,1,-0.729000,0
2020-01-20,sh.600328,8.1600,8.2900,8.1300,8.2800,8.1700,4785119,39330125.0000,3,1.092400,1,1.346400,0
2020-01-21,sh.600328,8.2800,8.2900,8.1700,8.1900,8.2800,4105932,33715344.0000,3,0.937400,1,-1.087000,0
2020-01-22,sh.600328,8.1400,8.2200,8.0000,8.2200,8.1900,5321013,43210981.0000,3,1.214800,1,0.366300,0
2020-01-23,sh.600328,8.5000,8.7000,8.3300,8.3900,8.2200,22768621,193733909.0000,3,5.197900,1,2.068100,0
2020-02-03,sh.600328,7.6200,7.9500,7.5500,7.7500,8.3900,22529703,173844088.0000,3,5.143400,1,-7.628100,0
2020-02-04,sh.600328,7.7800,8.4900,7.7800,8.4700,7.7500,22839583,187061972.0000,3,5.214100,1,9.290300,0
2020-02-05,sh.600328,8.5000,8.8400,8.4000,8.8100,8.4700,26628407,230144897.0000,3,6.079100,1,4.014200,0
2020-02-06,sh.600328,8.8800,9.2000,8.6800,8.8600,8.8100,28585888,256946802.0000,3,6.526000,1,0.567500,0
2020-02-07,sh.600328,8.8400,9.1600,8.7500,8.9600,8.8600,22775566,203509933.0000,3,5.199500,1,1.128700,0
2020-02-10,sh.600328,8.8500,8.9900,8.6500,8.7900,8.9600,18759902,164877001.0000,3,4.282800,1,-1.897300,0
2020-02-11,sh.600328,8.8100,9.4900,8.6000,9.2900,8.7900,30753307,278951916.0000,3,7.020800,1,5.688300,0
2020-02-12,sh.600328,9.2200,9.5500,9.2000,9.2900,9.2900,24727125,231133698.0000,3,5.645100,1,0.000000,0
2020-02-13,sh.600328,9.2300,9.3200,8.9500,8.9700,9.2900,20910300,190087199.0000,3,4.773700,1,-3.444600,0
2020-02-14,sh.600328,8.9000,9.1000,8.8800,9.0200,8.9700,11859794,106533151.0000,3,2.707500,1,0.557400,0
2020-02-17,sh.600328,9.0200,9.2500,9.0100,9.1800,9.0200,15457783,141209121.0000,3,3.528900,1,1.773800,0
2020-02-18,sh.600328,9.1300,9.1700,8.9500,9.0100,9.1800,16485687,148996375.0000,3,3.763600,1,-1.851900,0
2020-02-19,sh.600328,8.9500,9.4400,8.8900,9.4000,9.0100,27422788,253391041.0000,3,6.260500,1,4.328500,0
2020-02-20,sh.600328,9.4200,9.4700,9.1900,9.3600,9.4000,20152512,187708933.0000,3,4.600700,1,-0.425500,0
2020-02-21,sh.600328,9.3300,9.4100,9.2100,9.2700,9.3600,16640119,154558309.0000,3,3.798800,1,-0.961500,0
2020-02-24,sh.600328,9.1700,9.3300,9.1500,9.2500,9.2700,12464378,115190425.0000,3,2.845500,1,-0.215800,0
2020-02-25,sh.600328,9.0800,9.1100,8.7000,9.0000,9.2500,18181052,163049600.0000,3,4.150600,1,-2.702700,0
2020-02-26,sh.600328,8.8600,9.4200,8.7900,9.1500,9.0000,22556807,207339015.0000,3,5.149600,1,1.666700,0
2020-02-27,sh.600328,9.1100,9.2800,8.9700,9.0000,9.1500,12707223,115708325.0000,3,2.901000,1,-1.639300,0
2020-02-28,sh.600328,8.7400,8.8400,8.5100,8.5600,9.0000,13563578,117832390.0000,3,3.096500,1,-4.888900,0
2020-03-02,sh.600328,8.6100,8.9300,8.6100,8.8500,8.5600,8739262,76922794.0000,3,1.995100,1,3.387800,0
2020-03-03,sh.600328,8.9000,9.0400,8.7900,8.8600,8.8500,12491108,111227383.0000,3,2.851600,1,0.113000,0
2020-03-04,sh.600328,8.7400,8.8600,8.6600,8.8100,8.8600,7894891,69195060.0000,3,1.802400,1,-0.564300,0
2020-03-05,sh.600328,8.8900,8.9800,8.8400,8.9200,8.8100,9967265,88844713.0000,3,2.275500,1,1.248600,0
2020-03-06,sh.600328,8.7900,8.8600,8.7700,8.8000,8.9200,8818735,77702377.0000,3,2.013300,1,-1.345300,0
2020-03-09,sh.600328,8.6500,8.7300,8.4700,8.5000,8.8000,10316657,88475047.0000,3,2.355200,1,-3.409100,0
2020-03-10,sh.600328,8.3900,8.6800,8.2800,8.6600,8.5000,10209331,86327970.0000,3,2.330700,1,1.882400,0
2020-03-11,sh.600328,8.6200,8.6800,8.4400,8.4800,8.6600,6863887,58906493.0000,3,1.567000,1,-2.078500,0
2020-03-12,sh.600328,8.3700,8.5500,8.3100,8.3500,8.4800,6155301,51812362.0000,3,1.405200,1,-1.533000,0
2020-03-13,sh.600328,8.0200,8.2800,7.9300,8.2000,8.3500,6730659,54648344.0000,3,1.536600,1,-1.796400,0
2020-03-16,sh.600328,8.2000,8.2500,7.9100,7.9200,8.2000,7017708,56865124.0000,3,1.602100,1,-3.414600,0
2020-03-17,sh.600328,7.9500,8.0300,7.7600,7.9800,7.9200,5562669,43941850.0000,3,1.269900,1,0.757600,0
2020-03-18,sh.600328,8.0200,8.1200,7.8700,7.8700,7.9800,4849200,38907863.0000,3,1.107000,1,-1.378400,0
2020-03-19,sh.600328,7.8800,8.1100,7.7700,8.1100,7.8700,5151772,40863284.0000,3,1.176100,1,3.049600,0
2020-03-20,sh.600328,8.1500,8.1600,8.0200,8.1200,8.1100,3603213,29171554.0000,3,0.822600,1,0.123300,0
2020-03-23,sh.600328,7.9200,8.0500,7.8700,7.9100,8.1200,3280589,26097966.0000,3,0.748900,1,-2.586200,0
2020-03-24,sh.600328,8.0200,8.0700,7.9100,8.0700,7.9100,3617106,28966973.0000,3,0.825800,1,2.022800,0
2020-03-25,sh.600328,8.1700,8.2000,8.1100,8.1800,8.0700,4242999,34609725.0000,3,0.968700,1,1.363100,0
2020-03-26,sh.600328,8.1400,8.3200,8.0800,8.1800,8.1800,5100260,41883817.0000,3,1.164400,1,0.000000,0
2020-03-27,sh.600328,8.2300,8.2400,8.0600,8.0600,8.1800,5653700,46009823.0000,3,1.290700,1,-1.467000,0
2020-03-30,sh.600328,7.9900,7.9900,7.8700,7.9500,8.0600,3562400,28214967.0000,3,0.813300,1,-1.364800,0
2020-03-31,sh.600328,7.9900,8.1500,7.9700,8.1100,7.9500,4634044,37446537.0000,3,1.057900,1,2.012600,0
2020-04-01,sh.600328,8.1000,8.1700,8.0100,8.0400,8.1100,3438700,27854345.0000,3,0.785000,1,-0.863100,0
2020-04-02,sh.600328,7.9800,8.1500,7.9500,8.1400,8.0400,2849100,22987201.0000,3,0.650400,1,1.243800,0
2020-04-03,sh.600328,8.1400,8.2400,8.1200,8.1500,8.1400,4267446,34869217.0000,3,0.974200,1,0.122800,0
2020-04-07,sh.600328,8.2300,8.4700,8.1800,8.3400,8.1500,9425479,78677599.0000,3,2.151800,1,2.331300,0
2020-04-08,sh.600328,8.2500,8.3300,8.2400,8.3100,8.3400,5627300,46613724.0000,3,1.284700,1,-0.359700,0
2020-04-09,sh.600328,8.3300,8.3400,8.2500,8.3100,8.3100,4567297,37886501.0000,3,1.042700,1,0.000000,0
2020-04-10,sh.600328,8.2900,8.3000,8.0900,8.1500,8.3100,5064354,41537599.0000,3,1.156200,1,-1.925400,0
2020-04-13,sh.600328,8.1000,8.4300,8.0500,8.3600,8.1500,7928515,65990229.0000,3,1.810000,1,2.576700,0
2020-04-14,sh.600328,8.3600,8.4300,8.3100,8.4200,8.3600,4718358,39529728.0000,3,1.077200,1,0.717700,0
2020-04-15,sh.600328,8.4300,8.6500,8.3600,8.3600,8.4200,10140426,86327449.0000,3,2.315000,1,-0.712600,0
2020-04-16,sh.600328,8.4100,8.4100,8.2600,8.3000,8.3600,5588800,46369936.0000,3,1.275900,1,-0.717700,0
2020-04-17,sh.600328,8.2700,8.3600,8.1600,8.1700,8.3000,7393393,61017706.0000,3,1.687900,1,-1.566300,0
2020-04-20,sh.600328,8.1900,8.2700,8.1800,8.2600,8.1700,3571682,29388453.0000,3,0.815400,1,1.101600,0
2020-04-21,sh.600328,8.2400,8.2400,8.0700,8.1100,8.2600,4486760,36442510.0000,3,1.024300,1,-1.816000,0
2020-04-22,sh.600328,8.0900,8.2600,8.0500,8.2500,8.1100,4613256,37687237.0000,3,1.053200,1,1.726300,0
2020-04-23,sh.600328,8.2700,8.3500,8.1900,8.2800,8.2500,5870985,48653854.0000,3,1.340300,1,0.363600,0
2020-04-24,sh.600328,8.2800,8.4000,8.2400,8.3300,8.2800,7104431,59150553.0000,3,1.621900,1,0.603900,0
2020-04-27,sh.600328,8.3100,8.5400,8.3100,8.4800,8.3300,10070366,85189588.0000,3,2.299000,1,1.800700,0
2020-04-28,sh.600328,8.4600,8.4600,7.9100,8.0100,8.4800,12337093,100132047.0000,3,2.816500,1,-5.542400,0
2020-04-29,sh.600328,7.8600,7.9600,7.5700,7.6200,8.0100,13706300,105892069.0000,3,3.129100,1,-4.868900,0
2020-04-30,sh.600328,7.5700,7.5900,7.3900,7.5000,7.6200,11396507,85170128.0000,3,2.601800,1,-1.574800,0
2020-05-06,sh.600328,7.4400,7.5400,7.4100,7.5300,7.5000,6522252,48764785.0000,3,1.489000,1,0.400000,0
2020-05-07,sh.600328,7.5300,7.5400,7.4100,7.4300,7.5300,5761300,42908785.0000,3,1.315300,1,-1.328000,0
2020-05-08,sh.600328,7.4500,7.5100,7.4300,7.4800,7.4300,5030151,37639130.0000,3,1.148400,1,0.673000,0
2020-05-11,sh.600328,7.4700,7.5100,7.3800,7.4100,7.4800,5677797,42240020.0000,3,1.296200,1,-0.935800,0
2020-05-12,sh.600328,7.4100,7.4200,7.3300,7.3600,7.4100,3632810,26763248.0000,3,0.829300,1,-0.674800,0
2020-05-13,sh.600328,7.3000,7.3300,7.1800,7.2900,7.3600,7215137,52267839.0000,3,1.647200,1,-0.951100,0
2020-05-14,sh.600328,7.3900,7.7400,7.3600,7.5700,7.2900,14967516,113453825.0000,3,3.417000,1,3.840900,0
2020-05-15,sh.600328,7.4800,7.5500,7.4200,7.5300,7.5700,6903748,51590500.0000,3,1.576100,1,-0.528400,0
2020-05-18,sh.600328,7.5100,7.5100,7.3300,7.3600,7.5300,5039810,37294056.0000,3,1.150600,1,-2.257600,0
2020-05-19,sh.600328,7.4000,7.4200,7.3300,7.3700,7.3600,3888376,28614247.0000,3,0.887700,1,0.135900,0
2020-05-20,sh.600328,7.3600,7.3600,7.2200,7.2400,7.3700,4325915,31429110.0000,3,0.987600,1,-1.763900,0
2020-05-21,sh.600328,7.2800,7.2800,7.1300,7.1400,7.2400,4078200,29317594.0000,3,0.931000,1,-1.381200,0
2020-05-22,sh.600328,7.1300,7.1800,7.0700,7.1700,7.1400,3426947,24477893.0000,3,0.782400,1,0.420200,0
2020-05-25,sh.600328,7.1500,7.3600,7.1400,7.2800,7.1700,3918064,28375066.0000,3,0.894500,1,1.534200,0
2020-05-26,sh.600328,7.2500,7.3000,7.2300,7.3000,7.2800,3008863,21884933.0000,3,0.686900,1,0.274700,0
2020-05-27,sh.600328,7.2700,7.2900,7.1600,7.2000,7.3000,3511037,25334774.0000,3,0.801500,1,-1.369900,0
2020-05-28,sh.600328,7.2000,7.2400,7.1500,7.1900,7.2000,2894557,20819779.0000,3,0.660800,1,-0.138900,0
2020-05-29,sh.600328,7.1600,7.2400,7.1600,7.2200,7.1900,2740585,19747639.0000,3,0.625700,1,0.417200,0
2020-06-01,sh.600328,7.2400,7.3600,7.2200,7.3200,7.2200,5108378,37336248.0000,3,1.166200,1,1.385000,0
2020-06-02,sh.600328,7.4000,7.4700,7.3800,7.4100,7.3200,7162702,53212162.0000,3,1.635200,1,1.229500,0
2020-06-03,sh.600328,7.4700,7.4900,7.3900,7.4100,7.4100,5424520,40356231.0000,3,1.238400,1,0.000000,0
2020-06-04,sh.600328,7.4000,7.4900,7.3500,7.4800,7.4100,5354019,39669013.0000,3,1.222300,1,0.944700,0
2020-06-05,sh.600328,7.4500,7.4500,7.3200,7.3400,7.4800,4059146,29907524.0000,3,0.926700,1,-1.871700,0
2020-06-08,sh.600328,7.3500,7.3800,7.2600,7.2700,7.3400,3967309,29038675.0000,3,0.905700,1,-0.953700,0
2020-06-09,sh.600328,7.2700,7.3000,7.2300,7.2600,7.2700,2925634,21241321.0000,3,0.667900,1,-0.137500,0
2020-06-10,sh.600328,7.2800,7.3100,7.2000,7.2200,7.2600,3302458,23893005.0000,3,0.753900,1,-0.551000,0
2020-06-11,sh.600328,7.2400,7.2500,7.1800,7.2100,7.2200,2374808,17136483.0000,3,0.542200,1,-0.138500,0
2020-06-12,sh.600328,7.0800,7.2000,7.0800,7.1800,7.2100,2501184,17862984.0000,3,0.571000,1,-0.416100,0
2020-06-15,sh.600328,7.1800,7.2300,7.1500,7.1800,7.1800,2074488,14915476.0000,3,0.473600,1,0.000000,0
2020-06-16,sh.600328,7.2100,7.2600,7.2000,7.2500,7.1800,2191721,15862226.0000,3,0.500400,1,0.974900,0
2020-06-17,sh.600328,7.2500,7.2700,7.1500,7.2700,7.2500,3468400,25011643.0000,3,0.791800,1,0.275900,0
2020-06-18,sh.600328,7.2400,7.3100,7.2200,7.2900,7.2700,3293200,23961601.0000,3,0.751800,1,0.275100,0
2020-06-19,sh.600328,7.2900,7.3200,7.2500,7.2900,7.2900,3591068,26157953.0000,3,0.819800,1,0.000000,0
2020-06-22,sh.600328,7.2100,7.2100,7.1300,7.1400,7.1800,2968900,21245367.0000,3,0.677800,1,-0.557100,0
2020-06-23,sh.600328,7.1200,7.1500,7.0400,7.0600,7.1400,4390592,31096397.0000,3,1.002300,1,-1.120400,0
2020-06-24,sh.600328,7.0800,7.1500,7.0300,7.1000,7.0600,3124208,22148090.0000,3,0.713200,1,0.566600,0
2020-06-29,sh.600328,7.1000,7.1100,7.0300,7.0500,7.1000,2673599,18855825.0000,3,0.610400,1,-0.704200,0
2020-06-30,sh.600328,7.0400,7.1300,7.0400,7.1100,7.0500,2628700,18655870.0000,3,0.600100,1,0.851100,0
2020-07-01,sh.600328,7.1300,7.1500,7.0900,7.1200,7.1100,3428093,24387467.0000,3,0.782600,1,0.140600,0
2020-07-02,sh.600328,7.1000,7.2500,7.1000,7.2400,7.1200,7249472,52220049.0000,3,1.655000,1,1.685400,0
2020-07-03,sh.600328,7.2800,7.3800,7.2500,7.3300,7.2400,8461369,61877278.0000,3,1.931700,1,1.243100,0
2020-07-06,sh.600328,7.4100,7.6400,7.3900,7.6300,7.3300,13113689,98888807.0000,3,2.993800,1,4.092800,0
2020-07-07,sh.600328,7.7000,7.9700,7.5600,7.8100,7.6300,17521605,136656981.0000,3,4.000100,1,2.359100,0
2020-07-08,sh.600328,7.7700,7.8600,7.6800,7.8300,7.8100,14738967,114662104.0000,3,3.364800,1,0.256100,0
2020-07-09,sh.600328,7.8000,8.0000,7.7900,7.9600,7.8300,13130895,103678005.0000,3,2.997700,1,1.660300,0
2020-07-10,sh.600328,7.9100,7.9800,7.7100,7.7200,7.9600,12307615,96149033.0000,3,2.809800,1,-3.015100,0
2020-07-13,sh.600328,7.8500,8.0200,7.8000,8.0000,7.7200,15376836,121665720.0000,3,3.510400,1,3.626900,0
2020-07-14,sh.600328,7.9500,8.3400,7.8600,8.1200,8.0000,21167284,171214683.0000,3,4.832400,1,1.500000,0
2020-07-15,sh.600328,8.1600,8.8700,8.1500,8.3700,8.1200,30027345,254893657.0000,3,6.855100,1,3.078800,0
2020-07-16,sh.600328,8.1300,8.1400,7.7200,7.7200,8.3700,20188801,160342169.0000,3,4.609000,1,-7.765800,0
2020-07-17,sh.600328,7.7500,7.9000,7.7000,7.8500,7.7200,7652167,59715516.0000,3,1.746900,1,1.683900,0
2020-07-20,sh.600328,7.8800,8.2300,7.8800,8.1900,7.8500,10803052,87492085.0000,3,2.466300,1,4.331200,0
2020-07-21,sh.600328,8.1500,8.3400,8.0800,8.1100,8.1900,8057319,65906331.9600,3,1.839400,1,-0.976800,0
2020-07-22,sh.600328,8.1100,8.2800,8.0400,8.1100,8.1100,9172400,74777515.9200,3,2.094000,1,0.000000,0
2020-07-23,sh.600328,8.0300,8.1400,7.8300,8.1200,8.1100,9560398,76303278.9200,3,2.182600,1,0.123300,0
2020-07-24,sh.600328,8.0700,8.3700,8.0600,8.1700,8.1200,19714372,161945412.9500,3,4.500700,1,0.615800,0
2020-07-27,sh.600328,8.2800,8.6000,8.2000,8.5200,8.1700,20759712,175233579.1700,3,4.739300,1,4.284000,0
2020-07-28,sh.600328,8.5600,8.5700,8.2600,8.4300,8.5200,13407054,112609492.6200,3,3.060800,1,-1.056300,0
2020-07-29,sh.600328,8.3500,8.4200,8.1100,8.4000,8.4300,11213698,93187213.1200,3,2.560000,1,-0.355900,0
2020-07-30,sh.600328,8.3900,8.5800,8.3200,8.3800,8.4000,11260531,95165364.3700,3,2.570700,1,-0.238100,0
2020-07-31,sh.600328,8.3200,8.4000,8.1800,8.2500,8.3800,10957928,90582396.3400,3,2.501600,1,-1.551300,0
2020-08-03,sh.600328,8.2700,8.6300,8.2600,8.5400,8.2500,16027389,135178211.9600,3,3.659000,1,3.515200,0
2020-08-04,sh.600328,8.6200,8.8000,8.3700,8.3900,8.5400,17589844,151334316.3400,3,4.015700,1,-1.756400,0
2020-08-05,sh.600328,8.3900,8.5600,8.3600,8.4700,8.3900,12579986,106698079.6400,3,2.871900,1,0.953500,0
2020-08-06,sh.600328,8.4900,8.5100,8.2200,8.2800,8.4700,10773629,89647765.4500,3,2.459600,1,-2.243200,0
2020-08-07,sh.600328,8.2800,8.2800,8.0000,8.0900,8.2800,10907664,88498443.3900,3,2.490200,1,-2.294700,0
2020-08-10,sh.600328,8.0100,8.7900,7.9600,8.6700,8.0900,21965457,186867101.1000,3,5.014600,1,7.169300,0
2020-08-11,sh.600328,8.6000,8.7800,8.3900,8.4000,8.6700,14817702,127614352.5500,3,3.382800,1,-3.114200,0
2020-08-12,sh.600328,8.4000,8.5300,8.1100,8.2500,8.4000,10895100,89767858.0000,3,2.487300,1,-1.785700,0
2020-08-13,sh.600328,8.2500,8.6900,8.2400,8.5600,8.2500,17061910,145586135.1200,3,3.895100,1,3.757600,0
2020-08-14,sh.600328,8.4400,8.4400,8.0300,8.1600,8.5600,24996280,203929951.8000,3,5.706500,1,-4.672900,0
2020-08-17,sh.600328,8.1200,8.2400,8.0800,8.2000,8.1600,10653260,86921409.3900,3,2.432100,1,0.490200,0
2020-08-18,sh.600328,8.2000,8.2200,8.1100,8.1800,8.2000,7570235,61718427.0800,3,1.728200,1,-0.243900,0
2020-08-19,sh.600328,8.1600,8.2800,8.1300,8.1700,8.1800,8946442,73331143.1800,3,2.042400,1,-0.122200,0
2020-08-20,sh.600328,8.1800,8.1800,7.9800,7.9800,8.1700,7635000,61529870.0800,3,1.743000,1,-2.325600,0
2020-08-21,sh.600328,8.0600,8.1600,7.9800,8.0900,7.9800,6122835,49411122.1500,3,1.397800,1,1.378400,0
2020-08-24,sh.600328,8.0800,8.0900,8.0000,8.0300,8.0900,5349390,42942914.0200,3,1.221200,1,-0.741700,0
2020-08-25,sh.600328,8.0800,8.1100,8.0000,8.0200,8.0300,4915590,39529889.0000,3,1.122200,1,-0.124500,0
2020-08-26,sh.600328,8.0200,8.0400,7.7800,7.8000,8.0200,7232300,57049766.0000,3,1.651100,1,-2.743100,0
2020-08-27,sh.600328,7.8200,7.9300,7.7800,7.9100,7.8000,3139583,24724887.8800,3,0.716700,1,1.410300,0
2020-08-28,sh.600328,7.9100,7.9300,7.8200,7.9200,7.9100,3925682,30920474.2700,3,0.896200,1,0.126400,0
2020-08-31,sh.600328,8.0500,8.2900,7.9800,8.2200,7.9200,14383861,117649125.1700,3,3.283800,1,3.787900,0
2020-09-01,sh.600328,8.1300,8.1700,8.0500,8.1300,8.2200,7828710,63419182.5200,3,1.787200,1,-1.094900,0
2020-09-02,sh.600328,8.1600,8.1700,7.9900,8.0300,8.1300,6595259,53191199.0100,3,1.505700,1,-1.230000,0
2020-09-03,sh.600328,8.0300,8.1300,7.9700,8.0100,8.0300,4397564,35385453.7200,3,1.003900,1,-0.249100,0
2020-09-04,sh.600328,7.9300,7.9300,7.8100,7.8700,8.0100,5379301,42254963.8500,3,1.228100,1,-1.747800,0
2020-09-07,sh.600328,7.8600,7.9400,7.7200,7.7400,7.8700,5484816,43032605.6800,3,1.252200,1,-1.651800,0
2020-09-08,sh.600328,7.7500,7.8100,7.6800,7.7800,7.7400,3926400,30438933.3900,3,0.896400,1,0.516800,0
2020-09-09,sh.600328,7.7200,7.8400,7.6800,7.7300,7.7800,5061870,39362108.9200,3,1.155600,1,-0.642700,0
2020-09-10,sh.600328,7.7500,7.8000,7.4700,7.4700,7.7300,5242601,39946133.6700,3,1.196900,1,-3.363500,0
2020-09-11,sh.600328,7.4500,7.5400,7.4300,7.5100,7.4700,2286372,17110345.7200,3,0.522000,1,0.535500,0
2020-09-14,sh.600328,7.5000,7.5800,7.4000,7.5000,7.5100,3525105,26388067.6100,3,0.804800,1,-0.133200,0
2020-09-15,sh.600328,7.5000,7.6500,7.4500,7.6100,7.5000,3164186,23885954.5800,3,0.722400,1,1.466700,0
2020-09-16,sh.600328,7.5800,7.6500,7.5300,7.5600,7.6100,1984300,15060932.0000,3,0.453000,1,-0.657000,0
2020-09-17,sh.600328,7.5700,7.6100,7.5000,7.5300,7.5600,2240100,16894758.0000,3,0.511400,1,-0.396800,0
2020-09-18,sh.600328,7.5200,7.6500,7.4800,7.6300,7.5300,3065601,23220368.5800,3,0.699900,1,1.328000,0
2020-09-21,sh.600328,7.5000,7.5200,7.4500,7.4900,7.4900,1947303,14580452.4400,3,0.444600,1,0.000000,0
2020-09-22,sh.600328,7.4300,7.5000,7.3700,7.4000,7.4900,2321104,17261890.4200,3,0.529900,1,-1.201600,0
2020-09-23,sh.600328,7.3900,7.4400,7.2600,7.3200,7.4000,2766100,20276929.9100,3,0.631500,1,-1.081100,0
2020-09-24,sh.600328,7.3000,7.3700,7.1900,7.2400,7.3200,4104250,29758525.0500,3,0.937000,1,-1.092900,0
2020-09-25,sh.600328,7.2800,7.3100,7.1500,7.2100,7.2400,2085701,15067290.1600,3,0.476200,1,-0.414400,0
2020-09-28,sh.600328,7.2100,7.2700,7.1700,7.2000,7.2100,1279700,9231024.0000,3,0.292100,1,-0.138700,0
2020-09-29,sh.600328,7.2400,7.2700,7.2100,7.2100,7.2000,1134301,8204826.2100,3,0.259000,1,0.138900,0
2020-09-30,sh.600328,7.2200,7.3400,7.1600,7.2600,7.2100,1770801,12865103.2600,3,0.404300,1,0.693500,0
2020-10-09,sh.600328,7.3000,7.4100,7.3000,7.3900,7.2600,2293880,16921252.7600,3,0.523700,1,1.790600,0
2020-10-12,sh.600328,7.3600,7.5000,7.3600,7.4700,7.3900,3369071,25067261.8400,3,0.769100,1,1.082500,0
2020-10-13,sh.600328,7.4400,7.4900,7.4000,7.4300,7.4700,2298451,17084147.9300,3,0.524700,1,-0.535500,0
2020-10-14,sh.600328,7.4300,7.4700,7.3500,7.3500,7.4300,2689122,19902439.1600,3,0.613900,1,-1.076700,0
2020-10-15,sh.600328,7.3900,7.3900,7.2700,7.2900,7.3500,2239618,16385896.0400,3,0.511300,1,-0.816300,0
2020-10-16,sh.600328,7.2900,7.3300,7.2000,7.2600,7.2900,1941861,14076713.6200,3,0.443300,1,-0.411500,0
2020-10-19,sh.600328,7.3100,7.3400,7.2300,7.2700,7.2600,1787200,13034890.0000,3,0.408000,1,0.137700,0
2020-10-20,sh.600328,7.2700,7.3400,7.2100,7.2900,7.2700,1476849,10724012.2300,3,0.337200,1,0.275100,0
2020-10-21,sh.600328,7.2900,7.3200,7.1900,7.2300,7.2900,1673800,12101414.0000,3,0.382100,1,-0.823000,0
2020-10-22,sh.600328,7.2700,7.3100,7.2200,7.2500,7.2300,1866900,13553109.0000,3,0.426200,1,0.276600,0
2020-10-23,sh.600328,7.2700,7.2800,7.1500,7.1800,7.2500,1709395,12318346.3000,3,0.390200,1,-0.965500,0
2020-10-26,sh.600328,7.1500,7.1500,6.5900,6.6300,7.1800,18779408,127227082.5200,3,3.355800,1,-7.660200,0
2020-10-27,sh.600328,6.6200,6.6400,6.4600,6.4700,6.6300,9510081,62236650.2800,3,1.699400,1,-2.413300,0
2020-10-28,sh.600328,6.5100,6.6200,6.4700,6.5400,6.4700,8206138,53630340.8900,3,1.466400,1,1.081900,0
2020-10-29,sh.600328,6.4700,6.5300,6.4300,6.4800,6.5400,6138781,39842747.0700,3,1.097000,1,-0.917400,0
2020-10-30,sh.600328,6.4800,6.5100,6.2300,6.2700,6.4800,9318000,59337001.7700,3,1.665100,1,-3.240700,0
2020-11-02,sh.600328,6.2300,6.2600,6.1200,6.1300,6.2700,7305141,45106585.5200,3,1.305400,1,-2.232900,0
2020-11-03,sh.600328,6.1700,6.3900,6.1600,6.3700,6.1300,5709189,35972984.4800,3,1.020200,1,3.915200,0
2020-11-04,sh.600328,6.4100,6.4100,6.2600,6.3100,6.3700,3242938,20497514.0600,3,0.579500,1,-0.941900,0
2020-11-05,sh.600328,6.3500,6.5100,6.3200,6.5000,6.3100,7080108,45396947.1400,3,1.265200,1,3.011100,0
2020-11-06,sh.600328,6.4800,6.5800,6.4500,6.5400,6.5000,5706839,37077796.8900,3,1.019800,1,0.615400,0
2020-11-09,sh.600328,6.5800,6.6800,6.5500,6.6800,6.5400,7768523,51433175.4300,3,1.388200,1,2.140700,0
2020-11-10,sh.600328,6.6900,6.8400,6.6500,6.7800,6.6800,13188278,89115180.7800,3,2.356700,1,1.497000,0
2020-11-11,sh.600328,6.7800,7.4600,6.7500,7.4600,6.7800,27244716,192460071.1000,3,4.868500,1,10.029500,0
2020-11-12,sh.600328,8.2100,8.2100,7.2500,7.2800,7.4600,72176257,571917228.0300,3,12.897600,1,-2.412900,0
2020-11-13,sh.600328,6.5600,6.8900,6.5600,6.6900,7.2800,33259380,222494412.4700,3,5.943300,1,-8.104400,0
2020-11-16,sh.600328,6.6600,6.8500,6.6000,6.8100,6.6900,17976184,121239393.6700,3,3.212300,1,1.793700,0
2020-11-17,sh.600328,6.8100,7.2600,6.7300,7.0400,6.8100,26529583,185887660.3800,3,4.740700,1,3.377400,0
2020-11-18,sh.600328,7.0200,7.0900,6.9000,6.9600,7.0400,15042664,104871844.2400,3,2.688100,1,-1.136400,0
2020-11-19,sh.600328,6.9500,7.0400,6.8400,6.8700,6.9600,10784778,74371538.8600,3,1.927200,1,-1.293100,0
2020-11-20,sh.600328,6.8400,7.0300,6.7300,6.9700,6.8700,12253727,84357090.2500,3,2.189700,1,1.455600,0
2020-11-23,sh.600328,6.9300,7.3400,6.9200,7.2200,6.9700,20848036,149676739.7100,3,3.725400,1,3.586800,0
2020-11-24,sh.600328,7.2300,7.2300,7.0800,7.1600,7.2200,11877483,84694618.5000,3,2.122500,1,-0.831000,0
2020-11-25,sh.600328,7.1700,7.2100,7.0000,7.0100,7.1600,10233766,72566220.6600,3,1.828700,1,-2.095000,0
2020-11-26,sh.600328,7.0300,7.0500,6.8700,6.9900,7.0100,6793822,47251123.4100,3,1.214000,1,-0.285300,0
2020-11-27,sh.600328,6.9700,7.0100,6.8700,6.9600,6.9900,5848428,40584750.0800,3,1.045100,1,-0.429200,0
2020-11-30,sh.600328,6.9500,7.0400,6.9100,6.9200,6.9600,7489677,52254709.7700,3,1.338400,1,-0.574700,0
2020-12-01,sh.600328,6.9200,6.9600,6.8200,6.9300,6.9200,6031667,41535781.0300,3,1.077800,1,0.144500,0
2020-12-02,sh.600328,6.9100,6.9600,6.8400,6.8400,6.9300,6664201,45868077.8700,3,1.190900,1,-1.298700,0
2020-12-03,sh.600328,6.8200,6.8500,6.7100,6.7100,6.8400,9019700,60939689.0000,3,1.611800,1,-1.900600,0
2020-12-04,sh.600328,6.7200,6.8700,6.6600,6.8500,6.7100,9866627,66661602.7200,3,1.763100,1,2.086400,0
2020-12-07,sh.600328,6.8000,6.8300,6.7300,6.7400,6.8500,6360851,43087794.4300,3,1.136700,1,-1.605800,0
2020-12-08,sh.600328,6.7000,6.7900,6.7000,6.7400,6.7400,3745986,25264696.9200,3,0.669400,1,0.000000,0
2020-12-09,sh.600328,6.7300,6.8100,6.6300,6.6600,6.7400,5640056,37932472.5200,3,1.007900,1,-1.186900,0
2020-12-10,sh.600328,6.6600,6.8300,6.6200,6.7000,6.6600,6622952,44493624.2500,3,1.183500,1,0.600600,0
2020-12-11,sh.600328,6.6600,6.7200,6.4800,6.5200,6.7000,7094267,46736311.8500,3,1.267700,1,-2.686600,0
2020-12-14,sh.600328,6.5400,6.7000,6.4900,6.6500,6.5200,5173164,34069242.6800,3,0.924400,1,1.993900,0
2020-12-15,sh.600328,6.6000,6.6600,6.5600,6.6200,6.6500,3287441,21733287.4200,3,0.587500,1,-0.451100,0
2020-12-16,sh.600328,6.6000,6.6700,6.5400,6.5800,6.6200,4554720,29985254.0000,3,0.813900,1,-0.604200,0
2020-12-17,sh.600328,6.5800,6.6500,6.4400,6.6400,6.5800,5353768,35105020.6200,3,0.956700,1,0.911900,0
2020-12-18,sh.600328,6.6400,6.7400,6.6300,6.6700,6.6400,4895100,32725261.0000,3,0.874700,1,0.451800,0
2020-12-21,sh.600328,6.7000,6.8600,6.6900,6.8300,6.6700,7416400,50327920.0000,3,1.325300,1,2.398800,0
2020-12-22,sh.600328,6.8200,6.8700,6.6000,6.6100,6.8300,8073167,54403256.2100,3,1.442600,1,-3.221100,0
2020-12-23,sh.600328,6.6100,6.7900,6.5600,6.7100,6.6100,5189201,34769466.6900,3,0.927300,1,1.512900,0
2020-12-24,sh.600328,6.7100,6.7100,6.4600,6.5200,6.7100,6967011,45647005.3400,3,1.245000,1,-2.831600,0
2020-12-25,sh.600328,6.5200,6.7900,6.4600,6.7500,6.5200,8976722,59967219.0300,3,1.604100,1,3.527600,0
2020-12-28,sh.600328,6.7600,6.7900,6.6400,6.6500,6.7500,5389001,36128498.9300,3,0.963000,1,-1.481500,0
2020-12-29,sh.600328,6.6800,6.7800,6.6200,6.6600,6.6500,5445261,36467981.2600,3,0.973000,1,0.150400,0
2020-12-30,sh.600328,6.6600,6.7400,6.6100,6.6700,6.6600,4182961,27966950.4800,3,0.747500,1,0.150200,0
2020-12-31,sh.600328,6.6800,6.7300,6.6400,6.6700,6.6700,5112563,34173660.3300,3,0.913600,1,0.000000,0
