date,code,open,high,low,close,preclose,volume,amount,adjustflag,turn,tradestatus,pctChg,isST
2020-01-02,sz.000589,4.6900,4.8000,4.6600,4.7200,4.6600,15326657,72244127.9400,3,1.976600,1,1.287600,0
2020-01-03,sz.000589,4.7300,4.8300,4.7000,4.7500,4.7200,13082476,62257705.5000,3,1.687200,1,0.635600,0
2020-01-06,sz.000589,4.7000,4.7800,4.6900,4.7400,4.7500,15272174,72384811.5400,3,1.969600,1,-0.210500,0
2020-01-07,sz.000589,4.7700,4.8500,4.7600,4.8200,4.7400,18922044,91098546.6800,3,2.440300,1,1.687800,0
2020-01-08,sz.000589,4.7900,4.9300,4.7400,4.7600,4.8200,29182026,140715141.6900,3,3.763500,1,-1.244800,0
2020-01-09,sz.000589,4.7800,4.8200,4.7200,4.7700,4.7600,18216862,86812859.6300,3,2.349400,1,0.210100,0
2020-01-10,sz.000589,4.7700,4.7800,4.6700,4.7000,4.7700,14428051,68106868.6800,3,1.860800,1,-1.467500,0
2020-01-13,sz.000589,4.7100,4.7300,4.6500,4.7200,4.7000,8555752,40203552.6600,3,1.103400,1,0.425500,0
2020-01-14,sz.000589,4.7600,4.8300,4.7100,4.7500,4.7200,14616250,69831751.0800,3,1.885000,1,0.635600,0
2020-01-15,sz.000589,4.7100,4.7500,4.6600,4.6700,4.7500,9637300,45178536.2200,3,1.242900,1,-1.684200,0
2020-01-16,sz.000589,4.6800,4.7100,4.6200,4.6300,4.6700,10060334,46879557.4200,3,1.297500,1,-0.856500,0
2020-01-17,sz.000589,4.6500,4.6700,4.5900,4.6300,4.6300,7357783,34062345.0600,3,0.948900,1,0.000000,0
2020-01-20,sz.000589,4.6300,4.6500,4.5800,4.6500,4.6300,8514077,39306332.1700,3,1.098000,1,0.432000,0
2020-01-21,sz.000589,4.6500,4.6600,4.5800,4.5800,4.6500,7718352,35618815.2000,3,0.995400,1,-1.505400,0
2020-01-22,sz.000589,4.5800,4.6100,4.5300,4.5800,4.5800,8198996,37466108.7200,3,1.057400,1,0.000000,0
2020-01-23,sz.000589,4.5600,4.6000,4.3500,4.3900,4.5800,14685504,65611863.7500,3,1.894000,1,-4.148500,0
2020-02-03,sz.000589,3.9500,3.9500,3.9500,3.9500,4.3900,4038900,15953655.0000,3,0.520900,1,-10.022800,0
2020-02-04,sz.000589,3.6000,3.9200,3.6000,3.8300,3.9500,18968975,72639806.6400,3,2.446400,1,-3.038000,0
2020-02-05,sz.000589,3.8800,3.9900,3.8700,3.9300,3.8300,16757679,65880894.7700,3,2.161200,1,2.611000,0
2020-02-06,sz.000589,3.9700,4.0800,3.9200,4.0300,3.9300,18329613,73310999.7100,3,2.363900,1,2.544500,0
2020-02-07,sz.000589,4.0300,4.0700,3.9600,4.0400,4.0300,16322600,65400606.4500,3,2.105100,1,0.248100,0
2020-02-10,sz.000589,4.0300,4.1200,4.0100,4.1100,4.0400,13051530,53242769.6500,3,1.683100,1,1.732700,0
2020-02-11,sz.000589,4.1100,4.1900,4.1000,4.1300,4.1100,12742561,52818547.5600,3,1.643200,1,0.486600,0
2020-02-12,sz.000589,4.1300,4.1700,4.1100,4.1600,4.1300,9899134,41018112.4600,3,1.276500,1,0.726400,0
2020-02-13,sz.000589,4.1800,4.2100,4.1100,4.1300,4.1600,11756513,48782399.9100,3,1.516100,1,-0.721100,0
2020-02-14,sz.000589,4.1300,4.1300,4.0600,4.1000,4.1300,11485805,47036080.7500,3,1.481200,1,-0.726400,0
2020-02-17,sz.000589,4.0900,4.1900,4.0900,4.1800,4.1000,13038768,54232202.8900,3,1.681400,1,1.951200,0
2020-02-18,sz.000589,4.2000,4.3000,4.1800,4.2900,4.1800,17408160,74007524.8100,3,2.244900,1,2.631600,0
2020-02-19,sz.000589,4.2600,4.3400,4.2300,4.2300,4.2900,12798723,54612289.9800,3,1.650500,1,-1.398600,0
2020-02-20,sz.000589,4.2700,4.3000,4.2100,4.2900,4.2300,14911324,63534058.5500,3,1.922900,1,1.418400,0
2020-02-21,sz.000589,4.2900,4.3400,4.2600,4.3000,4.2900,15192184,65297073.5600,3,1.959100,1,0.233100,0
2020-02-24,sz.000589,4.2600,4.3600,4.2500,4.2900,4.3000,15693720,67380811.2500,3,2.023800,1,-0.232600,0
2020-02-25,sz.000589,4.2300,4.2400,4.0900,4.1800,4.2900,22742772,94954349.0800,3,2.932800,1,-2.564100,0
2020-02-26,sz.000589,4.1700,4.2800,4.1500,4.2000,4.1800,16195060,68436955.8600,3,2.088400,1,0.478500,0
2020-02-27,sz.000589,4.2000,4.2300,4.1500,4.1800,4.2000,11875280,49694906.4000,3,1.531400,1,-0.476200,0
2020-02-28,sz.000589,4.1200,4.1400,3.9800,4.0000,4.1800,17855268,72647108.1700,3,2.302500,1,-4.306200,0
2020-03-02,sz.000589,4.0400,4.1800,4.0100,4.1500,4.0000,12953419,53257983.0700,3,1.670400,1,3.750000,0
2020-03-03,sz.000589,4.2000,4.2300,4.1600,4.2000,4.1500,13143835,55181753.5100,3,1.695000,1,1.204800,0
2020-03-04,sz.000589,4.1800,4.2600,4.1700,4.2600,4.2000,12869615,54233941.9800,3,1.659600,1,1.428600,0
2020-03-05,sz.000589,4.2900,4.3700,4.2700,4.3500,4.2600,21006941,91087504.9600,3,2.709000,1,2.112700,0
2020-03-06,sz.000589,4.3100,4.3700,4.3000,4.3300,4.3500,14206656,61539786.2200,3,1.832000,1,-0.459800,0
2020-03-09,sz.000589,4.3000,4.3900,4.2700,4.2700,4.3300,20850408,90077207.7600,3,2.688800,1,-1.385700,0
2020-03-10,sz.000589,4.2500,4.3700,4.1300,4.3300,4.2700,18994866,80687205.8300,3,2.449500,1,1.405200,0
2020-03-11,sz.000589,4.3500,4.3900,4.2700,4.2700,4.3300,13825343,59837459.3300,3,1.782800,1,-1.385700,0
2020-03-12,sz.000589,4.2400,4.2400,4.1400,4.1800,4.2700,12432884,51992231.2800,3,1.603300,1,-2.107700,0
2020-03-13,sz.000589,4.0000,4.1800,3.9700,4.1100,4.1800,13742600,55929642.0000,3,1.772200,1,-1.674600,0
2020-03-16,sz.000589,4.1400,4.1600,4.0000,4.0200,4.1100,12599767,51480803.0400,3,1.624800,1,-2.189800,0
2020-03-17,sz.000589,4.0100,4.0600,3.8500,3.9600,4.0200,12347580,48781590.7000,3,1.592300,1,-1.492500,0
2020-03-18,sz.000589,4.0000,4.0600,3.8800,3.8900,3.9600,10355829,41332839.4700,3,1.335400,1,-1.767700,0
2020-03-19,sz.000589,3.9000,3.9200,3.7700,3.8700,3.8900,10064998,38699884.2400,3,1.297900,1,-0.514100,0
2020-03-20,sz.000589,3.9300,3.9400,3.8400,3.9200,3.8700,8400400,32677495.3300,3,1.083300,1,1.292000,0
2020-03-23,sz.000589,3.8000,3.8600,3.7500,3.7700,3.9200,7939807,30260332.6700,3,1.023900,1,-3.826500,0
2020-03-24,sz.000589,3.8200,3.8900,3.7900,3.8500,3.7700,10955598,41968589.1300,3,1.412800,1,2.122000,0
2020-03-25,sz.000589,3.9200,4.0500,3.8900,4.0500,3.8500,15222150,60422136.8300,3,1.963000,1,5.194800,0
2020-03-26,sz.000589,3.9900,4.0500,3.9400,3.9500,4.0500,8817902,35224070.0000,3,1.137100,1,-2.469100,0
2020-03-27,sz.000589,4.0200,4.0400,3.9400,3.9500,3.9500,7425200,29575571.1700,3,0.957500,1,0.000000,0
2020-03-30,sz.000589,3.9400,3.9700,3.8300,3.9600,3.9500,6888819,26894439.5300,3,0.888300,1,0.253200,0
2020-03-31,sz.000589,3.9800,4.0200,3.9300,3.9600,3.9600,6708000,26716465.0000,3,0.865000,1,0.000000,0
2020-04-01,sz.000589,3.9800,4.1100,3.9800,4.0100,3.9600,12620059,51013413.8100,3,1.627400,1,1.262600,0
2020-04-02,sz.000589,4.0000,4.0600,3.9800,4.0500,4.0100,10019800,40279706.0000,3,1.292100,1,0.997500,0
2020-04-03,sz.000589,4.0300,4.1100,3.9900,3.9900,4.0500,11212256,45314284.9100,3,1.445900,1,-1.481500,0
2020-04-07,sz.000589,4.0400,4.0600,4.0200,4.0500,3.9900,9834366,39771277.7200,3,1.268200,1,1.503800,0
2020-04-08,sz.000589,4.0400,4.0800,4.0300,4.0600,4.0500,7863790,31859558.1700,3,1.014100,1,0.246900,0
2020-04-09,sz.000589,4.0900,4.1200,4.0500,4.1000,4.0600,9834317,40273406.8700,3,1.268200,1,0.985200,0
2020-04-10,sz.000589,4.1000,4.1400,4.0400,4.0700,4.1000,7035274,28758573.3000,3,0.907200,1,-0.731700,0
2020-04-13,sz.000589,4.0500,4.0700,4.0100,4.0300,4.0700,4105700,16587750.0000,3,0.529500,1,-0.982800,0
2020-04-14,sz.000589,4.0200,4.0600,4.0200,4.0600,4.0300,4553390,18429543.9000,3,0.587200,1,0.744400,0
2020-04-15,sz.000589,4.0600,4.0700,3.9800,3.9900,4.0600,7307700,29413410.0000,3,0.942400,1,-1.724100,0
2020-04-16,sz.000589,3.9900,4.0400,3.9600,3.9900,3.9900,5677975,22686161.5000,3,0.732200,1,0.000000,0
2020-04-17,sz.000589,4.0100,4.0400,3.9400,3.9500,3.9900,9293000,37102064.0000,3,1.198400,1,-1.002500,0
2020-04-20,sz.000589,3.9600,4.0300,3.9300,4.0000,3.9500,7115015,28336499.0400,3,0.917500,1,1.265800,0
2020-04-21,sz.000589,3.9700,4.0000,3.9300,3.9700,4.0000,5420465,21480394.4000,3,0.699000,1,-0.750000,0
2020-04-22,sz.000589,3.9500,4.0100,3.9300,4.0000,3.9700,6366511,25331602.7800,3,0.821000,1,0.755700,0
2020-04-23,sz.000589,4.0100,4.0100,3.9500,3.9500,4.0000,6119600,24308621.0000,3,0.789200,1,-1.250000,0
2020-04-24,sz.000589,3.9800,4.0100,3.9200,4.0000,3.9500,8216227,32554653.9100,3,1.059500,1,1.265800,0
2020-04-27,sz.000589,3.9900,4.0000,3.9000,3.9300,4.0000,7676000,30221575.0000,3,0.989900,1,-1.750000,0
2020-04-28,sz.000589,3.9000,3.9200,3.7300,3.8100,3.9300,8993682,34374688.4600,3,1.159800,1,-3.053400,0
2020-04-29,sz.000589,3.8100,3.8500,3.7900,3.8300,3.8100,3948552,15104319.6400,3,0.509200,1,0.524900,0
2020-04-30,sz.000589,3.8600,3.9400,3.8400,3.9100,3.8300,5690190,22207120.8200,3,0.733800,1,2.088800,0
2020-05-06,sz.000589,3.8800,3.9600,3.8700,3.9500,3.9100,5614094,22046462.2200,3,0.724000,1,1.023000,0
2020-05-07,sz.000589,3.9500,3.9600,3.9200,3.9300,3.9500,4073731,16048500.0400,3,0.525300,1,-0.506300,0
2020-05-08,sz.000589,3.9500,3.9900,3.9400,3.9800,3.9300,5399850,21436515.5000,3,0.696300,1,1.272300,0
2020-05-11,sz.000589,3.9800,4.0200,3.9600,3.9700,3.9800,4415934,17619237.4700,3,0.569500,1,-0.251300,0
2020-05-12,sz.000589,3.9700,3.9700,3.8700,3.9100,3.9700,6121160,23972893.4000,3,0.789400,1,-1.511300,0
2020-05-13,sz.000589,3.8900,3.9400,3.8700,3.9300,3.9100,3881424,15180876.6600,3,0.500500,1,0.511500,0
2020-05-14,sz.000589,3.9200,3.9300,3.8700,3.8800,3.9300,4177100,16274025.0000,3,0.538700,1,-1.272300,0
2020-05-15,sz.000589,3.9200,3.9400,3.8800,3.8900,3.8800,4575700,17880756.6800,3,0.590100,1,0.257700,0
2020-05-18,sz.000589,3.9100,3.9700,3.8400,3.9000,3.8900,7928440,30991185.0000,3,1.022400,1,0.257100,0
2020-05-19,sz.000589,3.9300,3.9300,3.9000,3.9100,3.9000,3819901,14936827.9100,3,0.492600,1,0.256400,0
2020-05-20,sz.000589,3.9100,3.9900,3.9000,3.9500,3.9100,8957843,35334140.2700,3,1.155200,1,1.023000,0
2020-05-21,sz.000589,3.9500,4.0000,3.9300,3.9600,3.9500,8071135,32033459.7500,3,1.040800,1,0.253200,0
2020-05-22,sz.000589,3.9300,3.9500,3.8500,3.8900,3.9600,5917437,23028705.9600,3,0.763100,1,-1.767700,0
2020-05-25,sz.000589,3.9100,3.9200,3.8700,3.8800,3.8900,3403100,13228624.0000,3,0.438800,1,-0.257100,0
2020-05-26,sz.000589,3.9000,3.9700,3.8900,3.9600,3.8800,5833823,23005017.6400,3,0.752300,1,2.061900,0
2020-05-27,sz.000589,3.9700,4.0000,3.9200,3.9700,3.9600,8123535,32200269.1700,3,1.047600,1,0.252500,0
2020-05-28,sz.000589,3.9800,4.0200,3.9600,4.0000,3.9700,8444539,33707674.1500,3,1.089000,1,0.755700,0
2020-05-29,sz.000589,4.0000,4.0400,3.9800,4.0100,4.0000,7183322,28827558.5400,3,0.926300,1,0.250000,0
2020-06-01,sz.000589,4.0600,4.0900,4.0500,4.0800,4.0100,10274045,41822161.1500,3,1.324900,1,1.745600,0
2020-06-02,sz.000589,4.0800,4.1300,4.0700,4.0900,4.0800,8201574,33599589.4300,3,1.057600,1,0.245100,0
2020-06-03,sz.000589,4.1000,4.1300,4.0500,4.0600,4.0900,11017102,45006112.9600,3,1.420700,1,-0.733500,0
2020-06-04,sz.000589,4.0600,4.0900,4.0200,4.0800,4.0600,7150683,29029404.2100,3,0.922100,1,0.492600,0
2020-06-05,sz.000589,4.0900,4.0900,4.0400,4.0700,4.0800,4617963,18761774.4100,3,0.595500,1,-0.245100,0
2020-06-08,sz.000589,4.0900,4.1500,4.0500,4.0800,4.0700,13997400,57295537.0000,3,1.805000,1,0.245700,0
2020-06-09,sz.000589,4.0600,4.0700,4.0100,4.0300,4.0800,9682984,39026088.6900,3,1.248700,1,-1.225500,0
2020-06-10,sz.000589,4.0300,4.0600,4.0100,4.0300,4.0300,4519393,18245980.3200,3,0.582800,1,0.000000,0
2020-06-11,sz.000589,4.0300,4.0900,4.0000,4.0500,4.0300,7806158,31571833.7600,3,1.006600,1,0.496300,0
2020-06-12,sz.000589,3.9900,4.0600,3.9700,4.0500,4.0500,7065750,28403925.5000,3,0.911200,1,0.000000,0
2020-06-15,sz.000589,4.0500,4.0900,4.0200,4.0300,4.0500,6992310,28338835.4200,3,0.901700,1,-0.493800,0
2020-06-16,sz.000589,4.0500,4.0700,4.0400,4.0600,4.0300,6258825,25365398.3000,3,0.807100,1,0.744400,0
2020-06-17,sz.000589,4.0800,4.0800,4.0400,4.0600,4.0600,7953130,32287462.4000,3,1.025600,1,0.000000,0
2020-06-18,sz.000589,4.0600,4.0700,4.0400,4.0600,4.0600,5254175,21298343.2500,3,0.677600,1,0.000000,0
2020-06-19,sz.000589,4.0600,4.0700,4.0400,4.0600,4.0600,5897098,23928107.9000,3,0.760500,1,0.000000,0
2020-06-22,sz.000589,4.0800,4.0900,4.0400,4.0500,4.0600,5749300,23356457.0000,3,0.741400,1,-0.246300,0
2020-06-23,sz.000589,4.0500,4.0500,4.0100,4.0400,4.0500,4715147,19001193.5100,3,0.608000,1,-0.246900,0
2020-06-24,sz.000589,4.0600,4.1200,4.0100,4.0500,4.0400,9490203,38511794.2700,3,1.223800,1,0.247500,0
2020-06-29,sz.000589,4.0600,4.0600,4.0100,4.0300,4.0500,3624223,14604355.6900,3,0.467400,1,-0.493800,0
2020-06-30,sz.000589,4.0500,4.0500,4.0200,4.0300,4.0300,6296359,25383952.8500,3,0.811900,1,0.000000,0
2020-07-01,sz.000589,4.0500,4.1000,4.0400,4.0600,4.0300,9246975,37540362.9000,3,1.192400,1,0.744400,0
2020-07-02,sz.000589,4.0500,4.1200,4.0300,4.1100,4.0600,12360596,50444965.0500,3,1.594000,1,1.231500,0
2020-07-03,sz.000589,4.1100,4.1800,4.1100,4.1700,4.1100,14602453,60542654.0100,3,1.883100,1,1.459900,0
2020-07-06,sz.000589,4.2000,4.3500,4.1900,4.3200,4.1700,20673406,88264105.2500,3,2.665900,1,3.597100,0
2020-07-07,sz.000589,4.3100,4.3700,4.3000,4.3100,4.3200,19531659,84658903.5600,3,2.518700,1,-0.231500,0
2020-07-08,sz.000589,4.3200,4.3700,4.3000,4.3600,4.3100,18120056,78712773.8400,3,2.336700,1,1.160100,0
2020-07-09,sz.000589,4.3400,4.5000,4.3300,4.4100,4.3200,22111947,97004021.8200,3,2.851400,1,2.083300,0
2020-07-10,sz.000589,4.4200,4.4500,4.3600,4.3700,4.4100,17113211,75351445.3600,3,2.206800,1,-0.907000,0
2020-07-13,sz.000589,4.3800,4.5200,4.3800,4.4900,4.3700,19025599,85176880.7900,3,2.453400,1,2.746000,0
2020-07-14,sz.000589,4.9400,4.9400,4.9100,4.9400,4.4900,18239445,90038585.7700,3,2.352100,1,10.022300,0
2020-07-15,sz.000589,5.0100,5.2500,4.8800,4.9000,4.9400,74940326,380851013.7800,3,9.663900,1,-0.809700,0
2020-07-16,sz.000589,4.9000,5.0900,4.7700,4.8100,4.9000,40796373,201565741.7000,3,5.260900,1,-1.836700,0
2020-07-17,sz.000589,4.7900,4.8500,4.6000,4.7300,4.8100,29235752,137843227.8100,3,3.770100,1,-1.663200,0
2020-07-20,sz.000589,4.8000,5.0100,4.7900,4.9800,4.7300,25137379,123819327.9900,3,3.241600,1,5.285400,0
2020-07-21,sz.000589,5.0000,5.0200,4.8500,4.8700,4.9800,18407973,90420283.1600,3,2.373800,1,-2.208800,0
2020-07-22,sz.000589,4.8500,4.9700,4.8100,4.9000,4.8700,19488497,95874022.2700,3,2.513100,1,0.616000,0
2020-07-23,sz.000589,4.8700,5.2000,4.7500,5.1900,4.9000,43625610,218685706.6300,3,5.625700,1,5.918400,0
2020-07-24,sz.000589,5.1600,5.2500,4.9900,5.0200,5.1900,26629657,135388089.9800,3,3.434000,1,-3.275500,0
2020-07-27,sz.000589,5.0500,5.1000,4.8600,4.8900,5.0200,18774999,93179669.0700,3,2.421100,1,-2.589600,0
2020-07-28,sz.000589,4.9900,5.0600,4.8900,4.9200,4.8900,15080739,74908078.5000,3,1.944700,1,0.613500,0
2020-07-29,sz.000589,4.9100,5.1300,4.8500,5.0700,4.9200,17139912,85211114.4700,3,2.210300,1,3.048800,0
2020-07-30,sz.000589,5.0700,5.0800,4.9900,5.0100,5.0700,11658649,58676476.0600,3,1.503400,1,-1.183400,0
2020-07-31,sz.000589,5.0500,5.3000,5.0000,5.2900,5.0100,37709176,195883959.5300,3,4.862800,1,5.588800,0
2020-08-03,sz.000589,5.3600,5.8000,5.3200,5.6700,5.2900,42933817,239393063.0500,3,5.536500,1,7.183400,0
2020-08-04,sz.000589,5.5800,5.8600,5.5800,5.6600,5.6700,42356053,242723755.1700,3,5.462000,1,-0.176400,0
2020-08-05,sz.000589,5.6800,5.7800,5.5500,5.6700,5.6600,29265766,165899541.2800,3,3.774000,1,0.176700,0
2020-08-06,sz.000589,5.6800,5.9000,5.4600,5.5000,5.6700,49569929,279236323.3700,3,6.392300,1,-2.998200,0
2020-08-07,sz.000589,5.4800,5.5800,5.3600,5.4500,5.5000,23402042,128191951.0200,3,3.017800,1,-0.909100,0
2020-08-10,sz.000589,5.5100,5.7400,5.4700,5.6400,5.4500,27523189,155355028.3800,3,3.549300,1,3.486200,0
2020-08-11,sz.000589,5.6500,5.6900,5.5600,5.5700,5.6400,22385811,126237595.2600,3,2.886800,1,-1.241100,0
2020-08-12,sz.000589,5.5900,5.6500,5.4700,5.6500,5.5700,17043958,94890486.7100,3,2.197900,1,1.436300,0
2020-08-13,sz.000589,5.6700,5.7100,5.5900,5.6100,5.6500,13526878,76231963.2000,3,1.744400,1,-0.708000,0
2020-08-14,sz.000589,5.6300,5.7300,5.5500,5.6500,5.6100,16785642,94587845.9800,3,2.164600,1,0.713000,0
2020-08-17,sz.000589,5.7100,5.7700,5.6300,5.7400,5.6500,19073975,108695101.6400,3,2.459700,1,1.592900,0
2020-08-18,sz.000589,5.7300,5.7600,5.6300,5.7100,5.7400,15718539,89419752.5300,3,2.027000,1,-0.522600,0
2020-08-19,sz.000589,5.7100,5.7200,5.5700,5.6200,5.7100,13924104,78294819.6400,3,1.795600,1,-1.576200,0
2020-08-20,sz.000589,5.6200,5.6500,5.5000,5.5200,5.6200,11405248,63411806.5600,3,1.470800,1,-1.779400,0
2020-08-21,sz.000589,5.5700,5.7000,5.4800,5.5400,5.5200,16194516,90267066.8200,3,2.088400,1,0.362300,0
2020-08-24,sz.000589,5.5700,5.6000,5.5100,5.5500,5.5400,9083079,50424551.1200,3,1.171300,1,0.180500,0
2020-08-25,sz.000589,5.5600,5.5600,5.3700,5.4000,5.5500,18739075,101998644.1700,3,2.416500,1,-2.702700,0
2020-08-26,sz.000589,5.4300,5.4400,5.2800,5.2900,5.4000,13752556,73639320.2800,3,1.773500,1,-2.037000,0
2020-08-27,sz.000589,5.3200,5.3300,5.2700,5.3100,5.2900,7658062,40565858.3100,3,0.987500,1,0.378100,0
2020-08-28,sz.000589,5.2900,5.3400,5.2200,5.3100,5.3100,10734926,56556347.1000,3,1.384300,1,0.000000,0
2020-08-31,sz.000589,5.3100,5.4600,5.3000,5.3400,5.3100,13044902,70450386.9900,3,1.682200,1,0.565000,0
2020-09-01,sz.000589,5.3300,5.4600,5.3000,5.4000,5.3400,8040049,43339151.5500,3,1.036800,1,1.123600,0
2020-09-02,sz.000589,5.4000,5.4800,5.3700,5.4400,5.4000,8725277,47429470.5200,3,1.125200,1,0.740700,0
2020-09-03,sz.000589,5.4400,5.4900,5.3400,5.3600,5.4400,7096777,38385420.2500,3,0.915200,1,-1.470600,0
2020-09-04,sz.000589,5.3000,5.3900,5.2000,5.3800,5.3600,8993886,47683245.4300,3,1.159800,1,0.373100,0
2020-09-07,sz.000589,5.3100,5.9200,5.3100,5.6800,5.3800,49293240,283748819.7100,3,6.356600,1,5.576200,0
2020-09-08,sz.000589,5.7400,5.8400,5.5000,5.5900,5.6800,29703090,167165806.6100,3,3.830400,1,-1.584500,0
2020-09-09,sz.000589,5.5500,5.7300,5.5000,5.5000,5.5900,21453437,119891101.4200,3,2.766500,1,-1.610000,0
2020-09-10,sz.000589,5.5500,5.7800,5.3200,5.3700,5.5000,30488513,169932108.5900,3,3.931600,1,-2.363600,0
2020-09-11,sz.000589,5.3300,5.8000,5.2900,5.7000,5.3700,30237836,168947393.0700,3,3.899300,1,6.145300,0
2020-09-14,sz.000589,5.8000,6.0600,5.6600,5.9800,5.7000,39578358,234423648.3400,3,5.103800,1,4.912300,0
2020-09-15,sz.000589,6.0100,6.0200,5.8000,5.8800,5.9800,19610435,115083021.7400,3,2.528900,1,-1.672200,0
2020-09-16,sz.000589,5.8600,5.9400,5.7500,5.8000,5.8800,13826967,80604335.6300,3,1.783100,1,-1.360500,0
2020-09-17,sz.000589,5.8200,5.9100,5.7200,5.8000,5.8000,13630025,79085795.3600,3,1.757700,1,0.000000,0
2020-09-18,sz.000589,5.8200,5.8400,5.7400,5.8100,5.8000,11181302,64790802.7900,3,1.441900,1,0.172400,0
2020-09-21,sz.000589,5.7900,6.0600,5.7900,5.9100,5.8100,22524759,133608733.5200,3,2.904700,1,1.721200,0
2020-09-22,sz.000589,5.9100,6.0500,5.8500,5.9400,5.9100,22533056,133918121.5400,3,2.905800,1,0.507600,0
2020-09-23,sz.000589,5.9400,6.0600,5.8300,5.8400,5.9400,17474262,103526241.5600,3,2.253400,1,-1.683500,0
2020-09-24,sz.000589,5.8800,5.9100,5.7500,5.7700,5.8400,15682412,91403136.0300,3,2.022300,1,-1.198600,0
2020-09-25,sz.000589,5.7800,5.8700,5.6600,5.7600,5.7700,16304400,93875091.0900,3,2.102500,1,-0.173300,0
2020-09-28,sz.000589,5.8400,5.9600,5.7400,5.7600,5.7600,14498685,84642229.9600,3,1.869700,1,0.000000,0
2020-09-29,sz.000589,5.7700,5.9800,5.6900,5.9700,5.7600,24313609,143493306.3800,3,3.135400,1,3.645800,0
2020-09-30,sz.000589,5.9700,5.9800,5.8200,5.8500,5.9700,15322203,90376591.7200,3,1.975900,1,-2.010100,0
2020-10-09,sz.000589,5.9400,6.0800,5.9200,6.0400,5.8500,17651675,105977815.5300,3,2.276300,1,3.247900,0
2020-10-12,sz.000589,6.0500,6.2600,6.0400,6.2500,6.0400,19988434,123794486.7800,3,2.577600,1,3.476800,0
2020-10-13,sz.000589,6.2000,6.2100,6.0500,6.1500,6.2500,18603800,113807871.9000,3,2.399100,1,-1.600000,0
2020-10-14,sz.000589,6.1500,6.2200,6.0700,6.1400,6.1500,15051120,92597137.1500,3,1.940900,1,-0.162600,0
2020-10-15,sz.000589,6.6000,6.7500,6.4300,6.7500,6.1400,66569187,442031534.4600,3,8.584400,1,9.934900,0
2020-10-16,sz.000589,6.7800,6.9300,6.5400,6.6000,6.7500,70455334,472506390.7900,3,9.085600,1,-2.222200,0
2020-10-19,sz.000589,6.7700,6.9400,6.5500,6.6200,6.6000,53461327,361035213.2200,3,6.894100,1,0.303000,0
2020-10-20,sz.000589,6.6000,6.6700,6.4700,6.6300,6.6200,31250472,205032396.1600,3,4.029900,1,0.151100,0
2020-10-21,sz.000589,6.6100,6.6200,6.3900,6.3900,6.6300,23131090,149483960.9100,3,2.982900,1,-3.619900,0
2020-10-22,sz.000589,6.4300,6.6300,6.3500,6.5500,6.3900,27998883,181658339.9500,3,3.610600,1,2.503900,0
2020-10-23,sz.000589,6.6000,6.6700,6.4700,6.5000,6.5500,19799100,129374545.0700,3,2.553200,1,-0.763400,0
2020-10-26,sz.000589,6.4700,6.6500,6.4700,6.5800,6.5000,15230960,99903705.9300,3,1.964100,1,1.230800,0
2020-10-27,sz.000589,6.5400,6.7700,6.5200,6.7400,6.5800,20997316,140241417.6200,3,2.707700,1,2.431600,0
2020-10-28,sz.000589,6.8400,7.1600,6.7700,6.9800,6.7400,51489780,358821545.8000,3,6.639900,1,3.560800,0
2020-10-29,sz.000589,6.8100,6.9900,6.7600,6.8500,6.9800,34820721,238824710.4900,3,4.490300,1,-1.862500,0
2020-10-30,sz.000589,6.8500,6.8700,6.5100,6.5800,6.8500,32207782,216112739.5400,3,4.153400,1,-3.941600,0
2020-11-02,sz.000589,6.6200,6.8700,6.5800,6.6500,6.5800,30073470,201934282.0100,3,3.878100,1,1.063800,0
2020-11-03,sz.000589,6.6700,6.7000,6.5400,6.6200,6.6500,18445905,121793600.4600,3,2.378700,1,-0.451100,0
2020-11-04,sz.000589,6.6100,6.7800,6.5700,6.7400,6.6200,15355240,102794983.2200,3,1.980100,1,1.812700,0
2020-11-05,sz.000589,6.8000,7.4100,6.7600,7.2300,6.7400,80457168,579311191.6500,3,10.375400,1,7.270000,0
2020-11-06,sz.000589,7.2200,7.2800,6.9600,7.0000,7.2300,50074688,354606570.7200,3,6.457400,1,-3.181200,0
2020-11-09,sz.000589,7.0400,7.1000,6.8800,6.9300,7.0000,43704483,303723118.3400,3,5.635900,1,-1.000000,0
2020-11-10,sz.000589,6.9400,7.0200,6.7800,6.9600,6.9300,28600572,197031360.1800,3,3.688200,1,0.432900,0
2020-11-11,sz.000589,6.9100,6.9800,6.8000,6.8300,6.9600,24226486,166647367.8500,3,3.124100,1,-1.867800,0
2020-11-12,sz.000589,6.7900,6.9700,6.7600,6.9100,6.8300,24980821,171627801.5700,3,3.221400,1,1.171300,0
2020-11-13,sz.000589,6.8700,7.0300,6.8400,7.0000,6.9100,25969602,180749730.1800,3,3.348900,1,1.302500,0
2020-11-16,sz.000589,7.0000,7.0400,6.8500,6.9900,7.0000,34441672,239578813.2800,3,4.441400,1,-0.142900,0
2020-11-17,sz.000589,6.9800,7.1700,6.9100,7.1000,6.9900,46295051,326910844.4400,3,5.970000,1,1.573700,0
2020-11-18,sz.000589,7.1000,7.2000,6.9600,6.9600,7.1000,32597205,230111072.3700,3,4.203600,1,-1.971800,0
2020-11-19,sz.000589,7.0000,7.0500,6.6400,6.7600,6.9600,40369732,273902525.2400,3,5.205900,1,-2.873600,0
2020-11-20,sz.000589,6.7500,6.9500,6.7100,6.8900,6.7600,22535300,154689121.8300,3,2.906000,1,1.923100,0
2020-11-23,sz.000589,6.8800,7.0800,6.8700,6.9600,6.8900,26904266,188087137.8300,3,3.469400,1,1.016000,0
2020-11-24,sz.000589,6.9700,7.1000,6.8900,7.0500,6.9600,22855463,159855703.0200,3,2.947300,1,1.293100,0
2020-11-25,sz.000589,7.0100,7.0400,6.7700,6.8000,7.0500,22240150,153642795.3600,3,2.868000,1,-3.546100,0
2020-11-26,sz.000589,6.8100,6.8400,6.5400,6.6300,6.8000,21836053,145496637.0500,3,2.815900,1,-2.500000,0
2020-11-27,sz.000589,6.6600,6.7300,6.5300,6.6600,6.6300,16285534,108079129.2500,3,2.100100,1,0.452500,0
2020-11-30,sz.000589,6.7900,6.8400,6.5300,6.5600,6.6600,27172410,182312276.7800,3,3.504000,1,-1.501500,0
2020-12-01,sz.000589,6.5700,6.7000,6.5300,6.5800,6.5600,22322052,147260225.6100,3,2.878500,1,0.304900,0
2020-12-02,sz.000589,6.5800,6.6700,6.5200,6.5900,6.5800,17535066,115415385.9000,3,2.261200,1,0.152000,0
2020-12-03,sz.000589,6.6100,6.7300,6.5600,6.6900,6.5900,21934145,145778630.3000,3,2.828500,1,1.517500,0
2020-12-04,sz.000589,6.6500,6.7100,6.5900,6.6100,6.6900,13285867,87910701.7200,3,1.713300,1,-1.195800,0
2020-12-07,sz.000589,6.6400,6.6800,6.4700,6.5000,6.6100,15982169,104894160.7800,3,2.061000,1,-1.664100,0
2020-12-08,sz.000589,6.4900,6.5700,6.4600,6.5000,6.5000,9720972,63226931.9000,3,1.253600,1,0.000000,0
2020-12-09,sz.000589,6.5100,6.5200,6.2500,6.2600,6.5000,19189525,121805433.1500,3,2.474600,1,-3.692300,0
2020-12-10,sz.000589,6.2200,6.3500,6.1900,6.2800,6.2600,12435375,78090397.5700,3,1.603600,1,0.319500,0
2020-12-11,sz.000589,6.3300,6.3300,6.0900,6.1900,6.2800,11806562,72978613.0300,3,1.522500,1,-1.433100,0
2020-12-14,sz.000589,6.1500,6.2000,6.0400,6.1000,6.1900,15015521,91750195.3000,3,1.936300,1,-1.454000,0
2020-12-15,sz.000589,6.1100,6.1600,6.0700,6.1200,6.1000,9189895,56108645.1700,3,1.185100,1,0.327900,0
2020-12-16,sz.000589,6.1000,6.1900,6.1000,6.1400,6.1200,9141181,56132996.0300,3,1.178800,1,0.326800,0
2020-12-17,sz.000589,6.1600,6.2500,6.0200,6.2200,6.1400,11852679,72813091.6900,3,1.528500,1,1.302900,0
2020-12-18,sz.000589,6.2100,6.2600,6.1500,6.2200,6.2200,9378797,58158389.4500,3,1.209400,1,0.000000,0
2020-12-21,sz.000589,6.2000,6.5800,6.1700,6.5200,6.2200,23256563,149189170.0900,3,2.999100,1,4.823200,0
2020-12-22,sz.000589,6.4900,6.5600,6.3000,6.3600,6.5200,16663236,107584168.2300,3,2.148800,1,-2.454000,0
2020-12-23,sz.000589,6.3200,6.4700,6.3100,6.4200,6.3600,12590800,80403470.9600,3,1.623600,1,0.943400,0
2020-12-24,sz.000589,6.4100,6.4300,6.1100,6.1900,6.4200,16281400,101653479.9900,3,2.099600,1,-3.582600,0
2020-12-25,sz.000589,6.2300,6.2800,6.1400,6.1800,6.1900,12600900,78145514.0000,3,1.624900,1,-0.161600,0
2020-12-28,sz.000589,6.2300,6.2600,6.0700,6.1100,6.1800,13832670,84760616.8700,3,1.783800,1,-1.132700,0
2020-12-29,sz.000589,6.0700,6.1500,6.0200,6.0500,6.1100,11061842,67182018.9100,3,1.426500,1,-0.982000,0
2020-12-30,sz.000589,6.0900,6.3600,6.0500,6.2800,6.0500,17828904,110991602.4200,3,2.299100,1,3.801700,0
2020-12-31,sz.000589,6.2900,6.6700,6.2200,6.5800,6.2800,34377874,224523617.2200,3,4.433200,1,4.777100,0
