date,code,open,high,low,close,preclose,volume,amount,adjustflag,turn,tradestatus,pctChg,isST
2020-01-02,sz.002474,8.6000,8.7100,8.5500,8.6500,8.5500,11970236,103489333.4200,3,2.550800,1,1.169600,0
2020-01-03,sz.002474,8.6700,8.7600,8.5500,8.6900,8.6500,12401426,107425059.6100,3,2.642700,1,0.462400,0
2020-01-06,sz.002474,8.6000,8.8000,8.5800,8.7100,8.6900,14354581,124845677.7900,3,3.058900,1,0.230200,0
2020-01-07,sz.002474,8.7300,8.9500,8.6600,8.9000,8.7100,17421969,153605981.4600,3,3.712500,1,2.181400,0
2020-01-08,sz.002474,8.8100,8.8300,8.4700,8.5100,8.9000,17845402,154394123.1200,3,3.802700,1,-4.382000,0
2020-01-09,sz.002474,8.5800,9.1700,8.5800,8.9100,8.5100,25656897,227869073.7100,3,5.467300,1,4.700300,0
2020-01-10,sz.002474,8.9300,9.0900,8.7200,9.0900,8.9100,23284075,207908053.9200,3,4.961700,1,2.020200,0
2020-01-13,sz.002474,9.0500,9.2400,8.9800,9.2000,9.0900,25266693,230322211.7800,3,5.384200,1,1.210100,0
2020-01-14,sz.002474,9.2500,9.2500,8.9600,8.9900,9.2000,17421429,157659540.4400,3,3.712400,1,-2.282600,0
2020-01-15,sz.002474,8.9800,9.2400,8.8900,9.1400,8.9900,17764305,161563090.5800,3,3.785500,1,1.668500,0
2020-01-16,sz.002474,9.1200,9.1800,8.9800,9.0100,9.1400,13095100,118434664.4100,3,2.790500,1,-1.422300,0
2020-01-17,sz.002474,9.0100,9.1800,8.9400,8.9500,9.0100,10675846,96725333.1600,3,2.274900,1,-0.665900,0
2020-01-20,sz.002474,8.9000,8.9900,8.7300,8.9900,8.9500,11914055,105373390.3500,3,2.538800,1,0.446900,0
2020-01-21,sz.002474,8.9500,8.9500,8.7000,8.7500,8.9900,10799916,94942251.2300,3,2.301400,1,-2.669600,0
2020-01-22,sz.002474,8.5800,8.8000,8.4700,8.7400,8.7500,8590403,74341540.2000,3,1.830600,1,-0.114300,0
2020-01-23,sz.002474,8.6500,8.6900,8.1500,8.3000,8.7400,14263210,120757475.3100,3,3.039400,1,-5.034300,0
2020-02-03,sz.002474,7.4700,7.4700,7.4700,7.4700,8.3000,1359800,10157706.0000,3,0.289800,1,-10.000000,0
2020-02-04,sz.002474,6.7200,7.3900,6.7200,7.2400,7.4700,15359875,109393172.2700,3,3.273100,1,-3.079000,0
2020-02-05,sz.002474,7.2800,7.6400,7.2800,7.4500,7.2400,12710668,95294476.9200,3,2.708600,1,2.900600,0
2020-02-06,sz.002474,7.5700,7.9500,7.5000,7.8700,7.4500,17266622,134031885.2300,3,3.679400,1,5.637600,0
2020-02-07,sz.002474,7.8900,8.3500,7.8000,8.3200,7.8700,19247919,155596892.2700,3,4.101600,1,5.717900,0
2020-02-10,sz.002474,8.2400,8.6900,8.1000,8.4000,8.3200,20265461,170111642.1300,3,4.318400,1,0.961500,0
2020-02-11,sz.002474,8.4400,8.4400,8.1700,8.1900,8.4000,11866977,97756109.9600,3,2.528800,1,-2.500000,0
2020-02-12,sz.002474,8.1500,8.3600,8.1000,8.3300,8.1900,10932550,90435008.8900,3,2.329700,1,1.709400,0
2020-02-13,sz.002474,8.3500,8.4300,8.1200,8.1500,8.3300,10324480,85037650.7600,3,2.200100,1,-2.160900,0
2020-02-14,sz.002474,8.1300,8.3800,8.1200,8.1800,8.1500,10401309,85726843.6800,3,2.216400,1,0.368100,0
2020-02-17,sz.002474,8.2500,8.5100,8.2000,8.5000,8.1800,19289582,162403443.6300,3,4.110500,1,3.912000,0
2020-02-18,sz.002474,8.5400,8.8300,8.5000,8.7200,8.5000,26339366,228971372.0400,3,5.612700,1,2.588200,0
2020-02-19,sz.002474,8.8300,8.9400,8.7000,8.7800,8.7200,27978961,246867922.2600,3,5.962100,1,0.688100,0
2020-02-20,sz.002474,8.8200,9.0200,8.6500,9.0200,8.7800,28239387,250968316.7400,3,6.017600,1,2.733500,0
2020-02-21,sz.002474,9.2000,9.6900,9.0300,9.3100,9.0200,40265895,376572784.0200,3,8.580400,1,3.215100,0
2020-02-24,sz.002474,9.2400,9.7100,9.2100,9.7000,9.3100,38602992,368678649.5700,3,8.226000,1,4.189000,0
2020-02-25,sz.002474,9.3700,9.6400,8.9000,9.5600,9.7000,38448424,361332289.3300,3,8.193100,1,-1.443300,0
2020-02-26,sz.002474,9.3000,9.5300,9.0300,9.1000,9.5600,26678154,246793585.9400,3,5.684900,1,-4.811700,0
2020-02-27,sz.002474,9.2300,9.4900,8.9800,9.2100,9.1000,22335600,206594663.6800,3,4.759600,1,1.208800,0
2020-02-28,sz.002474,8.8600,9.0400,8.3500,8.5200,9.2100,27763630,242461582.2700,3,5.916200,1,-7.491900,0
2020-03-02,sz.002474,8.6300,9.0800,8.6300,8.9600,8.5200,18401688,163477318.4500,3,3.921300,1,5.164300,0
2020-03-03,sz.002474,9.2000,9.4500,8.9600,9.1100,8.9600,25107009,231190742.3000,3,5.350100,1,1.674100,0
2020-03-04,sz.002474,9.1300,9.3800,8.9700,9.2500,9.1100,19976137,183545754.4000,3,4.256800,1,1.536800,0
2020-03-05,sz.002474,9.4200,9.4600,9.0600,9.1500,9.2500,21860610,201445805.0700,3,4.658300,1,-1.081100,0
2020-03-06,sz.002474,9.0600,9.2600,8.9400,9.0300,9.1500,16164152,146719957.9600,3,3.444500,1,-1.311500,0
2020-03-09,sz.002474,8.9000,8.9900,8.4100,8.4300,9.0300,21365106,184843189.8600,3,4.552800,1,-6.644500,0
2020-03-10,sz.002474,8.2800,8.8300,8.2700,8.8000,8.4300,17303581,148000784.0500,3,3.687300,1,4.389100,0
2020-03-11,sz.002474,8.8600,9.0500,8.7500,8.7600,8.8000,16550702,147107988.6400,3,3.526800,1,-0.454500,0
2020-03-12,sz.002474,8.6400,8.7300,8.4600,8.6000,8.7600,10852067,93373360.3000,3,2.312500,1,-1.826500,0
2020-03-13,sz.002474,8.0200,8.8300,8.0200,8.7700,8.6000,18099778,152278416.0200,3,3.856900,1,1.976700,0
2020-03-16,sz.002474,8.8500,8.9500,8.3100,8.4400,8.7700,16198457,139711987.3600,3,3.451800,1,-3.762800,0
2020-03-17,sz.002474,8.5600,8.6200,8.0200,8.3800,8.4400,11912009,99532827.0300,3,2.538400,1,-0.710900,0
2020-03-18,sz.002474,8.4200,8.5300,8.0600,8.0800,8.3800,11787152,98183943.9600,3,2.512100,1,-3.580000,0
2020-03-19,sz.002474,8.1100,8.2900,8.0200,8.2300,8.0800,11001208,89843791.9600,3,2.344300,1,1.856400,0
2020-03-20,sz.002474,8.3700,8.3700,8.1000,8.2200,8.2300,9304000,76319014.8000,3,1.982600,1,-0.121500,0
2020-03-23,sz.002474,8.0700,8.1400,7.6900,7.7400,8.2200,10222100,80891297.0500,3,2.178300,1,-5.839400,0
2020-03-24,sz.002474,7.9000,7.9600,7.6500,7.9200,7.7400,7443143,58425958.7000,3,1.586100,1,2.325600,0
2020-03-25,sz.002474,8.0600,8.1200,7.9400,8.0500,7.9200,7418603,59630540.4600,3,1.580900,1,1.641400,0
2020-03-26,sz.002474,8.0200,8.1400,7.9600,8.0100,8.0500,5662800,45521961.0000,3,1.206700,1,-0.496900,0
2020-03-27,sz.002474,8.0900,8.1300,7.9000,7.9000,8.0100,5601200,44652158.0000,3,1.193600,1,-1.373300,0
2020-03-30,sz.002474,7.8000,7.8000,7.4600,7.5300,7.9000,7840172,59446808.5000,3,1.670700,1,-4.683500,0
2020-03-31,sz.002474,7.6000,7.6700,7.4400,7.4400,7.5300,5221745,39386021.5000,3,1.112700,1,-1.195200,0
2020-04-01,sz.002474,7.4400,7.5600,7.3500,7.3700,7.4400,5549412,41377490.9200,3,1.182500,1,-0.940900,0
2020-04-02,sz.002474,7.3200,7.5800,7.2800,7.5800,7.3700,5759206,42910767.6800,3,1.227200,1,2.849400,0
2020-04-03,sz.002474,7.5500,7.6000,7.4000,7.4100,7.5800,5145040,38563273.2000,3,1.096400,1,-2.242700,0
2020-04-07,sz.002474,7.5800,7.7300,7.5100,7.7100,7.4100,7963235,60946642.1000,3,1.696900,1,4.048600,0
2020-04-08,sz.002474,7.6700,7.9300,7.6300,7.9300,7.7100,10567989,82393049.7600,3,2.252000,1,2.853400,0
2020-04-09,sz.002474,7.9000,8.0700,7.9000,8.0300,7.9300,9204245,73528913.5800,3,1.961400,1,1.261000,0
2020-04-10,sz.002474,8.0400,8.0400,7.7000,7.7200,8.0300,7488779,58471515.2900,3,1.595800,1,-3.860500,0
2020-04-13,sz.002474,7.7000,7.7100,7.5100,7.5600,7.7200,4010600,30390254.0000,3,0.854600,1,-2.072500,0
2020-04-14,sz.002474,7.6300,7.7400,7.6100,7.7200,7.5600,3955516,30395787.4500,3,0.842900,1,2.116400,0
2020-04-15,sz.002474,7.6500,7.9500,7.5700,7.6700,7.7200,7947976,61372749.5500,3,1.693700,1,-0.647700,0
2020-04-16,sz.002474,7.5500,7.7800,7.4800,7.7300,7.6700,8639214,65776347.2600,3,1.841000,1,0.782300,0
2020-04-17,sz.002474,7.7300,7.8100,7.6100,7.6200,7.7300,7537713,58252953.9400,3,1.606200,1,-1.423000,0
2020-04-20,sz.002474,7.6500,7.7200,7.5700,7.7000,7.6200,4684125,35884305.2500,3,0.998300,1,1.049900,0
2020-04-21,sz.002474,7.7000,7.8200,7.6000,7.8200,7.7000,9095398,70487469.0000,3,1.938200,1,1.558400,0
2020-04-22,sz.002474,7.7500,7.8500,7.7000,7.8300,7.8200,7031480,54677994.0800,3,1.498400,1,0.127900,0
2020-04-23,sz.002474,7.8700,7.8700,7.6100,7.6100,7.8300,6120170,47195748.9300,3,1.304200,1,-2.809700,0
2020-04-24,sz.002474,7.6100,7.6900,7.4200,7.4300,7.6100,4725791,35561739.4500,3,1.007000,1,-2.365300,0
2020-04-27,sz.002474,7.4200,7.4900,7.3600,7.3900,7.4300,3114900,23088374.3400,3,0.663800,1,-0.538400,0
2020-04-28,sz.002474,7.4100,7.4200,6.8300,7.2900,7.3900,6321098,45251694.2900,3,1.347100,1,-1.353200,0
2020-04-29,sz.002474,7.2900,7.4500,7.2200,7.3800,7.2900,5413659,39998841.4000,3,1.153700,1,1.234600,0
2020-04-30,sz.002474,7.3800,7.5300,7.3800,7.4900,7.3800,6913850,51693857.0000,3,1.473500,1,1.490500,0
2020-05-06,sz.002474,7.4100,7.5900,7.3900,7.5700,7.4900,5352964,40233259.6600,3,1.140800,1,1.068100,0
2020-05-07,sz.002474,7.6100,7.6300,7.3600,7.3700,7.5700,7463506,55902658.8900,3,1.590600,1,-2.642000,0
2020-05-08,sz.002474,7.4600,7.8000,7.4400,7.6400,7.3700,12864057,98592923.6700,3,2.741600,1,3.663500,0
2020-05-11,sz.002474,7.6400,7.7100,7.4800,7.5500,7.6400,8000382,60873457.4300,3,1.705000,1,-1.178000,0
2020-05-12,sz.002474,7.5300,7.5800,7.2900,7.3400,7.5500,9720657,71642082.0600,3,2.071600,1,-2.781500,0
2020-05-13,sz.002474,7.3200,7.3700,7.2600,7.3200,7.3400,6294719,45960732.8100,3,1.341500,1,-0.272500,0
2020-05-14,sz.002474,7.2800,7.3200,7.1900,7.2000,7.3200,6243445,45305053.4300,3,1.330600,1,-1.639300,0
2020-05-15,sz.002474,7.2400,7.4200,7.2300,7.3300,7.2000,7204459,52790092.3600,3,1.535400,1,1.805600,0
2020-05-18,sz.002474,7.3400,7.3400,7.1500,7.1700,7.3300,5991177,43185097.0700,3,1.276800,1,-2.182800,0
2020-05-19,sz.002474,7.2300,7.2700,7.1700,7.2500,7.1700,4049916,29243585.8400,3,0.863100,1,1.115800,0
2020-05-20,sz.002474,7.2500,7.2500,7.1100,7.1300,7.2500,4575980,32795097.1500,3,0.975200,1,-1.655200,0
2020-05-21,sz.002474,7.1600,7.1800,6.9600,7.0300,7.1300,5321073,37504973.7000,3,1.134000,1,-1.402500,0
2020-05-22,sz.002474,7.0000,7.0700,6.9100,6.9500,7.0300,3672205,25636856.3100,3,0.782600,1,-1.138000,0
2020-05-25,sz.002474,6.9200,6.9800,6.8200,6.8600,6.9500,3243068,22338542.7500,3,0.691200,1,-1.295000,0
2020-05-26,sz.002474,6.8700,7.0700,6.8700,7.0500,6.8600,3616804,25307207.4800,3,0.770800,1,2.769700,0
2020-05-27,sz.002474,7.0300,7.0800,6.9500,6.9700,7.0500,2559900,17914358.6800,3,0.545600,1,-1.134800,0
2020-05-28,sz.002474,6.9700,7.0600,6.9300,7.0600,6.9700,3698047,25899506.5800,3,0.788100,1,1.291300,0
2020-05-29,sz.002474,7.0900,7.2000,7.0600,7.1700,7.0600,5499215,39300040.9300,3,1.172000,1,1.558100,0
2020-06-01,sz.002474,7.1600,7.3400,7.1500,7.3200,7.1700,7800925,56790779.7600,3,1.662500,1,2.092100,0
2020-06-02,sz.002474,7.3200,7.3700,7.2900,7.3100,7.3200,5543632,40587281.7200,3,1.181400,1,-0.136600,0
2020-06-03,sz.002474,7.3100,7.3800,7.2400,7.2400,7.3100,4998500,36468996.3000,3,1.065300,1,-0.957600,0
2020-06-04,sz.002474,7.2600,7.3000,7.2000,7.2300,7.2400,3498598,25329833.3400,3,0.745600,1,-0.138100,0
2020-06-05,sz.002474,7.3300,7.4700,7.2700,7.3500,7.2300,8692693,64134514.1100,3,1.852600,1,1.659700,0
2020-06-08,sz.002474,7.3600,7.4500,7.3000,7.3300,7.3500,5198823,38308959.1200,3,1.108000,1,-0.272100,0
2020-06-09,sz.002474,7.3800,7.3800,7.2600,7.3300,7.3300,3603575,26316530.9300,3,0.768000,1,0.000000,0
2020-06-10,sz.002474,7.3000,7.3200,7.2100,7.2400,7.3300,3205050,23269205.5000,3,0.683100,1,-1.227800,0
2020-06-11,sz.002474,7.2400,7.3400,7.1900,7.2400,7.2400,4415700,32072288.0000,3,0.941100,1,0.000000,0
2020-06-12,sz.002474,7.3400,7.5800,7.3100,7.3300,7.2400,9777202,72314362.8600,3,2.083700,1,1.243100,0
2020-06-15,sz.002474,7.2200,7.2800,7.0400,7.1900,7.3300,6495091,46708599.4400,3,1.384200,1,-1.910000,0
2020-06-16,sz.002474,7.1900,7.2900,7.1900,7.2600,7.1900,5577922,40339501.8800,3,1.188800,1,0.973600,0
2020-06-17,sz.002474,7.2600,7.3000,7.1600,7.2800,7.2600,5788678,41774260.3800,3,1.233700,1,0.275500,0
2020-06-18,sz.002474,7.2200,7.4300,7.2200,7.3100,7.2800,5364783,39353012.7900,3,1.143300,1,0.412100,0
2020-06-19,sz.002474,7.3100,7.3300,7.2300,7.2800,7.3100,4577252,33277420.1200,3,0.975500,1,-0.410400,0
2020-06-22,sz.002474,7.3000,7.3700,7.2800,7.3100,7.2800,4537983,33234819.2900,3,0.967100,1,0.412100,0
2020-06-23,sz.002474,7.3000,7.3700,7.2600,7.3500,7.3100,5720991,41842739.9100,3,1.219200,1,0.547200,0
2020-06-24,sz.002474,7.3400,7.3700,7.2400,7.2400,7.3500,4406800,32091555.0000,3,0.939200,1,-1.496600,0
2020-06-29,sz.002474,7.2500,7.2700,7.0000,7.0500,7.2400,5782300,41031420.0000,3,1.232300,1,-2.624300,0
2020-06-30,sz.002474,7.0800,7.1700,7.0600,7.1300,7.0500,5259600,37444140.1400,3,1.120900,1,1.134800,0
2020-07-01,sz.002474,7.1400,7.2000,7.0600,7.1000,7.1300,5921085,42095722.6900,3,1.261900,1,-0.420800,0
2020-07-02,sz.002474,7.0900,7.2100,7.0700,7.1900,7.1000,7925561,56758670.5300,3,1.689100,1,1.267600,0
2020-07-03,sz.002474,7.2100,7.3500,7.2100,7.3400,7.1900,9941295,72430065.0000,3,2.118700,1,2.086200,0
2020-07-06,sz.002474,7.3700,7.7200,7.3500,7.6900,7.3400,16017516,120974450.0900,3,3.413600,1,4.768400,0
2020-07-07,sz.002474,7.7800,8.0400,7.6700,7.7600,7.6900,20739457,162566442.5800,3,4.420000,1,0.910300,0
2020-07-08,sz.002474,7.8700,7.9300,7.6900,7.9100,7.7600,14969162,117714203.4700,3,3.190200,1,1.933000,0
2020-07-09,sz.002474,7.9500,8.2400,7.9300,8.1300,7.9100,20448506,165214154.1300,3,4.357900,1,2.781300,0
2020-07-10,sz.002474,8.1200,8.2700,8.0000,8.0400,8.1300,19912421,161870237.8900,3,4.243700,1,-1.107000,0
2020-07-13,sz.002474,8.0900,8.2700,8.0500,8.2000,8.0400,17032126,139332866.4500,3,3.629900,1,1.990000,0
2020-07-14,sz.002474,8.2100,8.2500,7.9900,8.0900,8.2000,15417945,125085323.2900,3,3.285800,1,-1.341500,0
2020-07-15,sz.002474,8.0600,8.1100,7.6500,7.6500,8.0900,19014047,149042623.1100,3,4.052200,1,-5.438800,0
2020-07-16,sz.002474,7.7000,7.8900,7.2900,7.3100,7.6500,18868073,142638235.4900,3,4.021100,1,-4.444400,0
2020-07-17,sz.002474,7.3300,7.3700,7.0000,7.0700,7.3100,18538704,132711012.7200,3,3.950900,1,-3.283200,0
2020-07-20,sz.002474,7.1300,7.3100,7.1100,7.3100,7.0700,10254480,73886676.1800,3,2.185400,1,3.394600,0
2020-07-21,sz.002474,7.3600,7.4900,7.2700,7.4100,7.3100,13188324,97519749.9300,3,2.810700,1,1.368000,0
2020-07-22,sz.002474,7.3800,7.5300,7.3200,7.4200,7.4100,12167882,90394244.1100,3,2.593200,1,0.135000,0
2020-07-23,sz.002474,7.3500,7.3800,7.1100,7.2800,7.4200,11250500,81373881.7100,3,2.397700,1,-1.886800,0
2020-07-24,sz.002474,7.2600,7.3900,7.0600,7.0800,7.2800,10445193,75075796.2500,3,2.226100,1,-2.747300,0
2020-07-27,sz.002474,7.1200,7.1400,6.9900,7.0900,7.0800,5992580,42316508.1100,3,1.277100,1,0.141200,0
2020-07-28,sz.002474,7.1600,7.2000,7.0900,7.1800,7.0900,5447975,38930692.8300,3,1.161100,1,1.269400,0
2020-07-29,sz.002474,7.1300,7.3000,7.1000,7.2800,7.1800,6882332,49677667.8100,3,1.466700,1,1.392800,0
2020-07-30,sz.002474,7.2800,7.3100,7.1700,7.1700,7.2800,6403003,46239575.0100,3,1.364600,1,-1.511000,0
2020-07-31,sz.002474,7.1700,7.2700,7.1500,7.2400,7.1700,6329598,45651885.9000,3,1.349000,1,0.976300,0
2020-08-03,sz.002474,7.2400,7.4200,7.2400,7.4100,7.2400,10560476,77835518.5800,3,2.250600,1,2.348100,0
2020-08-04,sz.002474,7.4100,7.4600,7.3400,7.3700,7.4100,8536406,63092523.7200,3,1.819300,1,-0.539800,0
2020-08-05,sz.002474,7.5200,7.6300,7.4100,7.6000,7.3700,19029169,143366284.0900,3,4.055500,1,3.120800,0
2020-08-06,sz.002474,7.5500,7.7200,7.4100,7.6300,7.6000,17275741,130778484.7900,3,3.681800,1,0.394700,0
2020-08-07,sz.002474,7.5400,7.5600,7.3100,7.4000,7.6300,12210566,90748750.8200,3,2.602300,1,-3.014400,0
2020-08-10,sz.002474,7.4400,8.1400,7.4400,7.7800,7.4000,39226196,309305912.3600,3,8.359800,1,5.135100,0
2020-08-11,sz.002474,7.6600,7.7100,7.4600,7.5100,7.7800,24894850,189433308.0600,3,5.305500,1,-3.470400,0
2020-08-12,sz.002474,7.4700,7.5800,7.3400,7.5500,7.5100,12726348,94436053.2700,3,2.712200,1,0.532600,0
2020-08-13,sz.002474,7.5700,7.7000,7.5500,7.6200,7.5500,11485449,87696720.6300,3,2.447800,1,0.927200,0
2020-08-14,sz.002474,7.5900,7.6800,7.4800,7.6300,7.6200,8418836,63701522.5100,3,1.794200,1,0.131200,0
2020-08-17,sz.002474,7.6300,7.8000,7.6000,7.7400,7.6300,13392056,103173917.8300,3,2.854100,1,1.441700,0
2020-08-18,sz.002474,7.8300,7.8300,7.6800,7.7100,7.7400,10297400,79692310.0300,3,2.194600,1,-0.387600,0
2020-08-19,sz.002474,7.6800,7.7300,7.5400,7.5500,7.7100,9650990,73718573.7600,3,2.056800,1,-2.075200,0
2020-08-20,sz.002474,7.5100,7.6000,7.4700,7.5100,7.5500,6615607,49857062.2600,3,1.409900,1,-0.529800,0
2020-08-21,sz.002474,7.5800,7.5900,7.4200,7.4800,7.5100,5570962,41829387.8400,3,1.187300,1,-0.399500,0
2020-08-24,sz.002474,7.4400,7.6400,7.4400,7.5800,7.4800,6971040,52609002.9200,3,1.485700,1,1.336900,0
2020-08-25,sz.002474,7.5800,7.6400,7.5500,7.6300,7.5800,7447679,56620920.2300,3,1.557600,1,0.659600,0
2020-08-26,sz.002474,7.6000,7.8500,7.4800,7.4900,7.6300,11168514,85070872.7800,3,2.335800,1,-1.834900,0
2020-08-27,sz.002474,7.5000,7.7300,7.4700,7.7000,7.4900,11350007,86648096.9700,3,2.373800,1,2.803700,0
2020-08-28,sz.002474,7.6500,7.7200,7.5400,7.7100,7.7000,8671831,66153285.8400,3,1.813700,1,0.129900,0
2020-08-31,sz.002474,7.7000,7.8000,7.6600,7.7300,7.7100,11203550,86657866.6000,3,2.343200,1,0.259400,0
2020-09-01,sz.002474,7.7000,7.7600,7.6600,7.7300,7.7300,6288482,48460845.2200,3,1.315200,1,0.000000,0
2020-09-02,sz.002474,7.7300,7.8200,7.6300,7.8100,7.7300,13359056,103522234.9100,3,2.794000,1,1.034900,0
2020-09-03,sz.002474,7.8000,7.9600,7.7600,7.9100,7.8100,18127122,142601903.3500,3,3.791200,1,1.280400,0
2020-09-04,sz.002474,7.7800,7.9300,7.7100,7.8800,7.9100,11004982,85938753.9200,3,2.301600,1,-0.379300,0
2020-09-07,sz.002474,7.8900,8.0800,7.7600,7.8500,7.8800,17198196,136933696.9100,3,3.596900,1,-0.380700,0
2020-09-08,sz.002474,7.8200,8.0800,7.8100,8.0100,7.8500,15729800,125458319.1200,3,3.289800,1,2.038200,0
2020-09-09,sz.002474,7.9500,8.0500,7.7800,7.7800,8.0100,15891523,125705694.5800,3,3.323600,1,-2.871400,0
2020-09-10,sz.002474,7.8400,7.8900,7.3500,7.3500,7.7800,14793697,111670507.0800,3,3.094000,1,-5.527000,0
2020-09-11,sz.002474,7.5000,7.9900,7.4300,7.6800,7.3500,16812278,129513898.8800,3,3.516200,1,4.489800,0
2020-09-14,sz.002474,7.7000,8.1100,7.6700,8.0500,7.6800,27135084,217237936.7800,3,5.675200,1,4.817700,0
2020-09-15,sz.002474,8.0500,8.0800,7.8500,7.9200,8.0500,15234350,121380420.5600,3,3.186200,1,-1.614900,0
2020-09-16,sz.002474,7.8800,7.9200,7.6900,7.7300,7.9200,12118160,94338966.8400,3,2.534500,1,-2.399000,0
2020-09-17,sz.002474,7.7600,7.8900,7.6500,7.7000,7.7300,10942394,84782263.6700,3,2.288600,1,-0.388100,0
2020-09-18,sz.002474,7.7100,7.8100,7.5700,7.8000,7.7000,10993079,84390252.0400,3,2.299200,1,1.298700,0
2020-09-21,sz.002474,7.8000,7.9600,7.7000,7.7000,7.8000,8048600,62585619.0000,3,1.683300,1,-1.282100,0
2020-09-22,sz.002474,7.6400,7.7300,7.5500,7.6100,7.7000,7601679,58151497.8200,3,1.589900,1,-1.168800,0
2020-09-23,sz.002474,7.6200,7.6500,7.5100,7.5600,7.6100,6080196,45951454.6800,3,1.271600,1,-0.657000,0
2020-09-24,sz.002474,7.5300,7.5600,7.3600,7.3700,7.5600,7166163,53295207.5000,3,1.498800,1,-2.513200,0
2020-09-25,sz.002474,7.3800,7.4400,7.2500,7.2800,7.3700,4519979,33033602.2800,3,0.945300,1,-1.221200,0
2020-09-28,sz.002474,7.3200,7.3700,7.2200,7.2800,7.2800,3851348,28083345.9800,3,0.805500,1,0.000000,0
2020-09-29,sz.002474,7.2800,7.3600,7.2600,7.3100,7.2800,3294958,24143627.3400,3,0.689100,1,0.412100,0
2020-09-30,sz.002474,7.3200,7.3300,7.1500,7.1700,7.3100,5671468,40826953.0000,3,1.186200,1,-1.915200,0
2020-10-09,sz.002474,7.2500,7.4100,7.2500,7.3800,7.1700,4211110,30921128.3000,3,0.880700,1,2.928900,0
2020-10-12,sz.002474,7.4000,7.5700,7.3600,7.5700,7.3800,6849401,51402214.4000,3,1.432500,1,2.574500,0
2020-10-13,sz.002474,7.5300,7.5300,7.4300,7.4600,7.5700,5730300,42792058.0000,3,1.198500,1,-1.453100,0
2020-10-14,sz.002474,7.4600,7.5000,7.3900,7.4300,7.4600,4142987,30754377.9300,3,0.866500,1,-0.402100,0
2020-10-15,sz.002474,7.4500,7.4500,7.3000,7.3100,7.4300,4858700,35669246.0000,3,1.016200,1,-1.615100,0
2020-10-16,sz.002474,7.3500,7.3500,7.2400,7.3000,7.3100,3263400,23775046.0000,3,0.682500,1,-0.136800,0
2020-10-19,sz.002474,7.3000,7.4200,7.2900,7.2900,7.3000,2706400,19865585.0000,3,0.566000,1,-0.137000,0
2020-10-20,sz.002474,7.2700,7.3700,7.2700,7.3600,7.2900,2687906,19699916.0400,3,0.562200,1,0.960200,0
2020-10-21,sz.002474,7.3600,7.3700,7.2300,7.2500,7.3600,2855506,20755127.1600,3,0.597200,1,-1.494600,0
2020-10-22,sz.002474,7.2700,7.2700,7.1500,7.2000,7.2500,4321500,31100581.0000,3,0.903800,1,-0.689700,0
2020-10-23,sz.002474,7.2100,7.2800,7.1400,7.1700,7.2000,3565077,25672741.8600,3,0.745600,1,-0.416700,0
2020-10-26,sz.002474,7.1500,7.3500,7.1500,7.3300,7.1700,6335515,46158263.4000,3,1.325000,1,2.231500,0
2020-10-27,sz.002474,7.3100,7.3100,7.2000,7.2300,7.3300,3001533,21730601.2600,3,0.627800,1,-1.364300,0
2020-10-28,sz.002474,7.2400,7.2400,7.1000,7.2000,7.2300,3438048,24621110.8000,3,0.719100,1,-0.414900,0
2020-10-29,sz.002474,7.1300,7.1400,7.0300,7.0300,7.2000,7874782,55673796.9200,3,1.647000,1,-2.361100,0
2020-10-30,sz.002474,7.0300,7.0800,6.8800,6.8900,7.0300,5378954,37548859.7000,3,1.125000,1,-1.991500,0
2020-11-02,sz.002474,6.8500,6.8900,6.7500,6.7800,6.8900,5137350,34923665.7700,3,1.074500,1,-1.596500,0
2020-11-03,sz.002474,6.8000,6.9400,6.7800,6.9200,6.7800,4652305,32076022.5000,3,0.973000,1,2.064900,0
2020-11-04,sz.002474,6.9100,6.9300,6.8200,6.8600,6.9200,4007163,27494519.4400,3,0.838100,1,-0.867100,0
2020-11-05,sz.002474,6.9200,6.9800,6.8600,6.9700,6.8600,4817000,33358635.0000,3,1.007500,1,1.603500,0
2020-11-06,sz.002474,6.9800,7.0100,6.8900,6.9300,6.9700,3919400,27160148.0000,3,0.819700,1,-0.573900,0
2020-11-09,sz.002474,6.9500,7.1300,6.9400,7.0800,6.9300,4816063,34034694.7800,3,1.007300,1,2.164500,0
2020-11-10,sz.002474,7.0800,7.1200,6.9800,7.0000,7.0800,3933989,27677085.5600,3,0.822800,1,-1.129900,0
2020-11-11,sz.002474,7.0000,7.0300,6.9100,6.9400,7.0000,2571600,17867209.0000,3,0.537800,1,-0.857100,0
2020-11-12,sz.002474,6.9200,6.9600,6.8600,6.8800,6.9400,3058489,21083314.2100,3,0.639700,1,-0.864600,0
2020-11-13,sz.002474,6.8400,6.9100,6.8000,6.9100,6.8800,2405997,16521799.8000,3,0.503200,1,0.436000,0
2020-11-16,sz.002474,6.9300,6.9800,6.8900,6.9600,6.9100,2255309,15636151.3300,3,0.471700,1,0.723600,0
2020-11-17,sz.002474,6.9500,6.9600,6.8700,6.9000,6.9600,2118489,14610426.1000,3,0.443100,1,-0.862100,0
2020-11-18,sz.002474,6.9100,7.0100,6.8700,6.9700,6.9000,2878900,20017805.6600,3,0.602100,1,1.014500,0
2020-11-19,sz.002474,6.9500,7.0200,6.9300,7.0100,6.9700,3447434,24100319.3600,3,0.721000,1,0.573900,0
2020-11-20,sz.002474,7.0000,7.0400,6.9500,7.0100,7.0100,2864200,20016707.0000,3,0.599000,1,0.000000,0
2020-11-23,sz.002474,6.9800,7.0700,6.9800,7.0400,7.0100,4318357,30377888.7100,3,0.903200,1,0.428000,0
2020-11-24,sz.002474,7.0500,7.1000,7.0100,7.0200,7.0400,3901844,27555250.3200,3,0.816100,1,-0.284100,0
2020-11-25,sz.002474,7.0200,7.0700,6.9900,6.9900,7.0200,3198767,22495259.8900,3,0.669000,1,-0.427400,0
2020-11-26,sz.002474,6.9800,7.0500,6.9500,7.0400,6.9900,3479400,24336443.7800,3,0.727700,1,0.715300,0
2020-11-27,sz.002474,7.0400,7.0400,6.9100,6.9500,7.0400,3447978,23961764.5100,3,0.721100,1,-1.278400,0
2020-11-30,sz.002474,6.9400,7.0100,6.9000,6.9700,6.9500,3111891,21692828.9700,3,0.650800,1,0.287800,0
2020-12-01,sz.002474,6.9600,7.0500,6.9600,7.0400,6.9700,3281700,23037675.0000,3,0.686400,1,1.004300,0
2020-12-02,sz.002474,7.0500,7.1000,7.0100,7.0400,7.0400,3307001,23274650.0400,3,0.691600,1,0.000000,0
2020-12-03,sz.002474,7.0600,7.1100,7.0100,7.0600,7.0400,4429503,31274953.9800,3,0.926400,1,0.284100,0
2020-12-04,sz.002474,7.0700,7.0800,7.0300,7.0400,7.0600,2839619,20016221.5700,3,0.593900,1,-0.283300,0
2020-12-07,sz.002474,7.0300,7.0500,6.9300,6.9600,7.0400,3481100,24335430.0000,3,0.728100,1,-1.136400,0
2020-12-08,sz.002474,6.9900,7.0500,6.9500,6.9600,6.9600,2184000,15265930.0000,3,0.456800,1,0.000000,0
2020-12-09,sz.002474,6.9400,6.9700,6.7600,6.8000,6.9600,6798945,46728255.4500,3,1.422000,1,-2.298900,0
2020-12-10,sz.002474,6.7700,6.8100,6.7100,6.7300,6.8000,4294155,29004879.9300,3,0.898100,1,-1.029400,0
2020-12-11,sz.002474,6.7200,6.7300,6.3600,6.4800,6.7300,8396106,54623326.8200,3,1.756000,1,-3.714700,0
2020-12-14,sz.002474,6.4700,6.5300,6.4200,6.4600,6.4800,2633861,17024658.5600,3,0.550900,1,-0.308600,0
2020-12-15,sz.002474,6.4100,6.5500,6.4100,6.4800,6.4600,2582445,16739395.6000,3,0.540100,1,0.309600,0
2020-12-16,sz.002474,6.4700,6.4900,6.3200,6.3400,6.4800,2937074,18788678.7400,3,0.614300,1,-2.160500,0
2020-12-17,sz.002474,6.3000,6.4500,6.2000,6.4300,6.3400,4453560,28164104.5000,3,0.931400,1,1.419600,0
2020-12-18,sz.002474,6.4600,6.4900,6.2800,6.3900,6.4300,3486642,22360981.3900,3,0.729200,1,-0.622100,0
2020-12-21,sz.002474,6.3900,6.4500,6.3200,6.4100,6.3900,2493710,15961721.2000,3,0.521500,1,0.313000,0
2020-12-22,sz.002474,6.3900,6.4000,6.2800,6.2900,6.4100,3220300,20397535.5500,3,0.673500,1,-1.872100,0
2020-12-23,sz.002474,6.2900,6.3300,6.2100,6.2200,6.2900,3720477,23269252.0600,3,0.778100,1,-1.112900,0
2020-12-24,sz.002474,6.2000,6.2100,6.0100,6.0200,6.2200,5460277,33170624.2300,3,1.142000,1,-3.215400,0
2020-12-25,sz.002474,6.0400,6.1500,6.0100,6.1000,6.0200,3044662,18547695.1000,3,0.636800,1,1.328900,0
2020-12-28,sz.002474,6.1000,6.1500,6.0200,6.0400,6.1000,2983461,18083619.8400,3,0.624000,1,-0.983600,0
2020-12-29,sz.002474,6.0500,6.2200,6.0500,6.1400,6.0400,3130400,19267792.0000,3,0.654700,1,1.655600,0
2020-12-30,sz.002474,6.1600,6.1800,6.0800,6.1400,6.1400,2372448,14554125.2000,3,0.496200,1,0.000000,0
2020-12-31,sz.002474,6.1500,6.2400,6.1100,6.2100,6.1400,3617414,22412323.4300,3,0.756600,1,1.140100,0
