date,code,open,high,low,close,preclose,volume,amount,adjustflag,turn,tradestatus,pctChg,isST
2020-01-02,sz.002199,9.3200,9.7300,9.2300,9.6900,9.2500,14362912,136765321.8300,3,5.899900,1,4.756800,0
2020-01-03,sz.002199,9.7600,9.8200,9.5700,9.6700,9.6900,11022209,106674519.1900,3,4.527600,1,-0.206400,0
2020-01-06,sz.002199,9.5800,9.8700,9.4800,9.8700,9.6700,14455397,140930494.0700,3,5.937900,1,2.068300,0
2020-01-07,sz.002199,9.9400,9.9800,9.7400,9.8800,9.8700,10836903,106459956.3200,3,4.451500,1,0.101300,0
2020-01-08,sz.002199,9.8700,10.1200,9.6600,9.6800,9.8800,15199005,150260925.6100,3,6.243400,1,-2.024300,0
2020-01-09,sz.002199,9.7700,10.0500,9.7400,9.9000,9.6800,13029065,129084616.9500,3,5.352000,1,2.272700,0
2020-01-10,sz.002199,10.0100,10.3600,9.8700,10.0900,9.9000,19503367,196910273.3400,3,8.011500,1,1.919200,0
2020-01-13,sz.002199,10.0800,10.1000,9.9000,10.0400,10.0900,10472539,104683854.0900,3,4.301900,1,-0.495500,0
2020-01-14,sz.002199,10.0400,10.0800,9.8300,9.8600,10.0400,10389416,103043036.9400,3,4.267700,1,-1.792800,0
2020-01-15,sz.002199,9.8600,9.8700,9.6400,9.7800,9.8600,8039703,78380963.2400,3,3.302500,1,-0.811400,0
2020-01-16,sz.002199,9.8600,9.9700,9.7300,9.7500,9.7800,8750617,86109080.4600,3,3.594500,1,-0.306700,0
2020-01-17,sz.002199,9.7700,9.8300,9.5000,9.5200,9.7500,8606700,83134151.0000,3,3.535400,1,-2.359000,0
2020-01-20,sz.002199,9.5700,9.9400,9.4400,9.9000,9.5200,13563400,132532364.0000,3,5.571500,1,3.991600,0
2020-01-21,sz.002199,9.8200,9.9100,9.6500,9.6500,9.9000,10091228,98333897.8700,3,4.145200,1,-2.525300,0
2020-01-22,sz.002199,9.6400,9.7300,9.1300,9.5600,9.6500,10023300,94692389.0000,3,4.117300,1,-0.932600,0
2020-01-23,sz.002199,9.5700,9.7300,9.0700,9.2200,9.5600,9613718,90837072.0800,3,3.949100,1,-3.556500,0
2020-02-03,sz.002199,8.3000,8.3000,8.3000,8.3000,9.2200,531600,4412280.0000,3,0.218400,1,-9.978300,0
2020-02-04,sz.002199,7.4700,7.8000,7.4700,7.5600,8.3000,14846016,112914475.4300,3,6.098400,1,-8.915700,0
2020-02-05,sz.002199,7.5800,8.0600,7.5800,8.0600,7.5600,12855593,101006962.9600,3,5.280800,1,6.613800,0
2020-02-06,sz.002199,8.0600,8.3800,8.0000,8.2100,8.0600,8655697,71097393.5300,3,3.555500,1,1.861000,0
2020-02-07,sz.002199,8.2400,8.4200,8.1500,8.3800,8.2100,8506303,70547618.8900,3,3.494200,1,2.070600,0
2020-02-10,sz.002199,8.3500,8.6500,8.2700,8.4100,8.3800,9315430,78117294.5000,3,3.826500,1,0.358000,0
2020-02-11,sz.002199,8.4300,8.5700,8.3200,8.3800,8.4100,7729859,65121878.6900,3,3.175200,1,-0.356700,0
2020-02-12,sz.002199,8.4600,8.6800,8.3900,8.6500,8.3800,9966249,85095184.8900,3,4.093900,1,3.222000,0
2020-02-13,sz.002199,8.6400,8.8100,8.4900,8.6900,8.6500,10176226,88265793.2400,3,4.180100,1,0.462400,0
2020-02-14,sz.002199,8.6800,9.5600,8.5600,9.3100,8.6900,29029436,269820199.9200,3,11.924600,1,7.134600,0
2020-02-17,sz.002199,9.1300,9.6800,9.0700,9.6500,9.3100,29281702,275416105.4900,3,12.028200,1,3.652000,0
2020-02-18,sz.002199,9.5400,10.5000,9.4800,10.1300,9.6500,29290728,288381193.2300,3,12.031900,1,4.974100,0
2020-02-19,sz.002199,10.0300,11.1400,9.8600,11.1400,10.1300,40442241,429546391.4100,3,16.612700,1,9.970400,0
2020-02-20,sz.002199,10.8700,11.5900,10.7200,11.2000,11.1400,36245759,403254750.3400,3,14.888800,1,0.538600,0
2020-02-21,sz.002199,11.0800,11.3800,10.8800,10.9500,11.2000,26406146,293044990.6700,3,10.847000,1,-2.232100,0
2020-02-24,sz.002199,10.7600,11.3800,10.5000,11.2600,10.9500,29018845,319012025.1200,3,11.920200,1,2.831100,0
2020-02-25,sz.002199,10.8800,12.3900,10.3100,12.3900,11.2600,40784533,468951028.8600,3,16.753300,1,10.035500,0
2020-02-26,sz.002199,12.3500,12.8500,11.5100,11.5800,12.3900,36348741,444020192.6900,3,14.931100,1,-6.537500,0
2020-02-27,sz.002199,11.4500,11.7900,10.7200,11.0500,11.5800,19623651,219457178.9100,3,8.060900,1,-4.576900,0
2020-02-28,sz.002199,10.4000,10.5800,9.9500,9.9500,11.0500,20175423,204620892.5100,3,8.287600,1,-9.954800,0
2020-03-02,sz.002199,10.1500,10.7300,10.0000,10.5300,9.9500,15459321,159842513.8300,3,6.350300,1,5.829100,0
2020-03-03,sz.002199,10.7500,10.9500,10.2900,10.4400,10.5300,15522427,165340986.4300,3,6.376200,1,-0.854700,0
2020-03-04,sz.002199,10.3800,10.6000,10.1800,10.5200,10.4400,9937578,103504043.6800,3,4.082100,1,0.766300,0
2020-03-05,sz.002199,10.7300,10.7800,10.2800,10.5300,10.5200,11981424,125890653.5300,3,4.921700,1,0.095100,0
2020-03-06,sz.002199,10.3800,10.4300,10.2500,10.3300,10.5300,7869950,81485192.7000,3,3.232800,1,-1.899300,0
2020-03-09,sz.002199,10.1600,10.1600,9.5500,9.5800,10.3300,11952767,117725938.9000,3,4.909900,1,-7.260400,0
2020-03-10,sz.002199,9.3100,10.0500,9.3100,10.0000,9.5800,13102606,128084313.5000,3,5.382200,1,4.384100,0
2020-03-11,sz.002199,10.1400,10.1700,9.7800,9.7800,10.0000,11279578,112506206.4200,3,4.633400,1,-2.200000,0
2020-03-12,sz.002199,9.5500,9.7600,9.4000,9.5200,9.7800,7983657,76322362.3400,3,3.279500,1,-2.658500,0
2020-03-13,sz.002199,9.0000,9.5800,8.8800,9.4700,9.5200,8871550,81922715.0000,3,3.644200,1,-0.525200,0
2020-03-16,sz.002199,9.5700,9.6400,8.9000,8.9200,9.4700,8325212,77331376.9200,3,3.419800,1,-5.807800,0
2020-03-17,sz.002199,9.1200,9.1600,8.3900,8.9100,8.9200,7744400,68600234.0000,3,3.181200,1,-0.112100,0
2020-03-18,sz.002199,9.0400,9.2600,8.8000,8.8300,8.9100,7830111,70919739.2100,3,3.216400,1,-0.897900,0
2020-03-19,sz.002199,8.7500,9.0800,8.7000,9.0600,8.8300,6266885,55887730.3000,3,2.574300,1,2.604800,0
2020-03-20,sz.002199,9.1500,9.2300,8.9000,9.0500,9.0600,5524900,50031374.4600,3,2.269500,1,-0.110400,0
2020-03-23,sz.002199,8.8500,8.9800,8.5800,8.6600,9.0500,4435011,39044884.9000,3,1.821800,1,-4.309400,0
2020-03-24,sz.002199,8.8600,9.0500,8.7700,9.0000,8.6600,7487681,66727278.6500,3,3.075800,1,3.926100,0
2020-03-25,sz.002199,9.2600,9.2900,9.0000,9.0800,9.0000,7638302,69596143.0800,3,3.137600,1,0.888900,0
2020-03-26,sz.002199,8.9700,9.0500,8.8100,8.8100,9.0800,5946500,52995224.0000,3,2.442700,1,-2.973600,0
2020-03-27,sz.002199,8.9600,8.9800,8.6600,8.6700,8.8100,3924200,34557511.0000,3,1.612000,1,-1.589100,0
2020-03-30,sz.002199,8.5300,8.5300,8.0200,8.2400,8.6700,5273564,43678609.9600,3,2.166200,1,-4.959600,0
2020-03-31,sz.002199,8.3800,8.4600,8.1500,8.1600,8.2400,3902367,32389026.7100,3,1.603000,1,-0.970900,0
2020-04-01,sz.002199,8.1400,8.4200,8.0500,8.2800,8.1600,5527019,45832252.5100,3,2.270400,1,1.470600,0
2020-04-02,sz.002199,8.3200,8.5900,8.1900,8.5800,8.2800,5197868,43904152.3800,3,2.135200,1,3.623200,0
2020-04-03,sz.002199,8.5900,8.6700,8.3500,8.4000,8.5800,4265467,36225463.1900,3,1.752100,1,-2.097900,0
2020-04-07,sz.002199,8.6100,8.8300,8.5600,8.7200,8.4000,4914755,42740443.3900,3,2.018900,1,3.809500,0
2020-04-08,sz.002199,8.6700,9.0700,8.6600,9.0400,8.7200,7274387,65021984.6100,3,2.988100,1,3.669700,0
2020-04-09,sz.002199,9.0100,9.1300,8.9200,9.0100,9.0400,5901100,53195841.0000,3,2.424000,1,-0.331900,0
2020-04-10,sz.002199,9.0300,9.0500,8.5800,8.6900,9.0100,5403073,47326746.3800,3,2.219400,1,-3.551600,0
2020-04-13,sz.002199,8.6200,8.6800,8.4200,8.4700,8.6900,3410300,29064149.0000,3,1.400900,1,-2.531600,0
2020-04-14,sz.002199,8.5700,8.6500,8.4700,8.6200,8.4700,3369800,28824498.0000,3,1.384200,1,1.771000,0
2020-04-15,sz.002199,8.6500,8.7400,8.4700,8.4900,8.6200,4656702,39993545.9400,3,1.912900,1,-1.508100,0
2020-04-16,sz.002199,8.4400,8.5900,8.3400,8.5100,8.4900,4067555,34440653.2600,3,1.670800,1,0.235600,0
2020-04-17,sz.002199,8.5700,8.6900,8.4400,8.4600,8.5100,5201182,44631085.8700,3,2.136500,1,-0.587500,0
2020-04-20,sz.002199,8.3500,8.4500,8.3100,8.4000,8.4600,4607003,38592112.0200,3,1.892400,1,-0.709200,0
2020-04-21,sz.002199,8.3500,8.5900,8.1100,8.5500,8.4000,8433682,70154319.6800,3,3.464300,1,1.785700,0
2020-04-22,sz.002199,8.4500,8.7800,8.3100,8.7100,8.5500,10573812,91536975.1700,3,4.343500,1,1.871300,0
2020-04-23,sz.002199,8.7100,8.9500,8.6100,8.7900,8.7100,10814129,94885194.3600,3,4.442200,1,0.918500,0
2020-04-24,sz.002199,8.7300,8.8100,8.3300,8.3600,8.7900,6928172,59147117.9600,3,2.845900,1,-4.891900,0
2020-04-27,sz.002199,8.3500,8.3500,8.1300,8.1300,8.3600,4985882,40977395.1200,3,2.048100,1,-2.751200,0
2020-04-28,sz.002199,8.1500,8.2200,7.5800,7.8200,8.1300,5872981,46226708.6000,3,2.412500,1,-3.813000,0
2020-04-29,sz.002199,7.7400,7.9400,7.7200,7.8400,7.8200,2836030,22255249.9000,3,1.165000,1,0.255800,0
2020-04-30,sz.002199,7.8700,8.1800,7.8600,8.1300,7.8400,4393059,35354193.7500,3,1.804600,1,3.699000,0
2020-05-06,sz.002199,8.0000,8.4000,7.9800,8.3600,8.1300,5134077,42360612.8700,3,2.108900,1,2.829000,0
2020-05-07,sz.002199,8.4100,8.4700,8.2700,8.2700,8.3600,4797901,40092679.3300,3,1.970900,1,-1.076500,0
2020-05-08,sz.002199,8.4200,8.6000,8.3300,8.4000,8.2700,5001772,42178203.1200,3,2.054600,1,1.571900,0
2020-05-11,sz.002199,8.4100,8.5400,8.3000,8.3900,8.4000,3695201,31152146.4900,3,1.517900,1,-0.119000,0
2020-05-12,sz.002199,8.3900,8.4400,8.1300,8.3200,8.3900,3024286,24992453.3400,3,1.242300,1,-0.834300,0
2020-05-13,sz.002199,8.3500,8.4400,8.2500,8.4200,8.3200,3216300,26926679.0000,3,1.321200,1,1.201900,0
2020-05-14,sz.002199,8.3000,8.4900,8.2700,8.3800,8.4200,3919401,32968700.4400,3,1.610000,1,-0.475100,0
2020-05-15,sz.002199,8.4100,8.5800,8.3500,8.5000,8.3800,5457601,46371236.9400,3,2.241800,1,1.432000,0
2020-05-18,sz.002199,8.5900,8.6100,8.1500,8.1700,8.5000,7736762,64289399.5000,3,3.178100,1,-3.882400,0
2020-05-19,sz.002199,8.2200,8.5600,8.2200,8.5400,8.1700,6487030,54623102.5400,3,2.664700,1,4.528800,0
2020-05-20,sz.002199,8.5300,8.7800,8.4200,8.5900,8.5400,7266650,62572816.9600,3,2.985000,1,0.585500,0
2020-05-21,sz.002199,8.6600,8.7200,8.3300,8.3600,8.5900,4784721,40543422.8300,3,1.965400,1,-2.677500,0
2020-05-22,sz.002199,8.3200,8.4500,8.1500,8.2900,8.3600,3858201,32019285.1500,3,1.584900,1,-0.837300,0
2020-05-25,sz.002199,8.2300,8.2800,7.9800,8.0500,8.2900,4709850,38065607.5000,3,1.934700,1,-2.895100,0
2020-05-26,sz.002199,8.0800,8.7100,8.0700,8.3500,8.0500,8210633,68843243.4900,3,3.372700,1,3.726700,0
2020-05-27,sz.002199,8.3800,8.5700,8.3100,8.4400,8.3500,6776378,57197665.3000,3,2.783600,1,1.077800,0
2020-05-28,sz.002199,8.4500,8.5300,8.1300,8.2900,8.4400,5714423,47372124.9900,3,2.347300,1,-1.777200,0
2020-05-29,sz.002199,8.1300,8.3600,8.1300,8.2400,8.2900,2705102,22407225.6000,3,1.111200,1,-0.603100,0
2020-06-01,sz.002199,8.3000,8.5300,8.2400,8.5100,8.2400,5252301,44406414.4300,3,2.157500,1,3.276700,0
2020-06-02,sz.002199,8.5500,8.6600,8.4900,8.6000,8.5100,6165400,52931452.0000,3,2.532600,1,1.057600,0
2020-06-03,sz.002199,8.6700,8.6900,8.5100,8.5200,8.6000,4693452,40357327.7200,3,1.928000,1,-0.930200,0
2020-06-04,sz.002199,8.5300,8.6400,8.4200,8.5700,8.5200,4253400,36238665.0000,3,1.747200,1,0.586800,0
2020-06-05,sz.002199,8.5600,8.5600,8.3900,8.4600,8.5700,3657450,30953346.0000,3,1.502400,1,-1.283500,0
2020-06-08,sz.002199,8.5600,8.6200,8.3300,8.3500,8.4600,5947000,50313079.0000,3,2.442900,1,-1.300200,0
2020-06-09,sz.002199,8.3700,8.4000,8.2800,8.3500,8.3500,3225700,26939569.0000,3,1.325000,1,0.000000,0
2020-06-10,sz.002199,8.3600,8.3800,8.1800,8.3000,8.3500,3326303,27464789.7500,3,1.366400,1,-0.598800,0
2020-06-11,sz.002199,8.1900,8.3600,8.1900,8.2500,8.3000,3605812,29841831.7800,3,1.481200,1,-0.602400,0
2020-06-12,sz.002199,8.0900,8.2400,7.9700,8.1900,8.2500,3514740,28587254.1000,3,1.443800,1,-0.727300,0
2020-06-15,sz.002199,8.0800,8.2100,8.0800,8.0900,8.1900,3449700,28093510.0000,3,1.417000,1,-1.221000,0
2020-06-16,sz.002199,8.1700,8.3000,8.1500,8.2700,8.0900,3720829,30558441.8100,3,1.528400,1,2.225000,0
2020-06-17,sz.002199,8.2800,8.3000,8.1100,8.2000,8.2700,3536819,28942731.7000,3,1.452800,1,-0.846400,0
2020-06-18,sz.002199,8.1800,8.2700,8.1700,8.2100,8.2000,3057159,25148105.1400,3,1.255800,1,0.122000,0
2020-06-19,sz.002199,8.2100,8.2500,8.1600,8.2000,8.2100,2881716,23609292.4800,3,1.183700,1,-0.121800,0
2020-06-22,sz.002199,8.2200,8.3000,8.1900,8.3000,8.2000,4328102,35692103.1500,3,1.777900,1,1.219500,0
2020-06-23,sz.002199,8.2800,8.2800,8.1400,8.1400,8.3000,3304725,27039711.5000,3,1.357500,1,-1.927700,0
2020-06-24,sz.002199,8.1500,8.1800,8.0500,8.0800,8.1400,3142146,25424578.6100,3,1.290700,1,-0.737100,0
2020-06-29,sz.002199,8.0500,8.0500,7.8300,7.9000,8.0800,3596709,28469684.3200,3,1.477400,1,-2.227700,0
2020-06-30,sz.002199,7.7900,8.1800,7.7900,8.1100,7.9000,4788820,38272100.5300,3,1.967100,1,2.658200,0
2020-07-01,sz.002199,8.0700,8.1100,7.9500,7.9800,8.1100,3465100,27746626.0000,3,1.423400,1,-1.603000,0
2020-07-02,sz.002199,7.9800,8.1500,7.9100,8.0700,7.9800,4317701,34844432.0800,3,1.773600,1,1.127800,0
2020-07-03,sz.002199,8.1000,8.2000,8.0800,8.1900,8.0700,4451200,36255213.9800,3,1.828400,1,1.487000,0
2020-07-06,sz.002199,8.2200,8.5800,8.2100,8.5000,8.1900,9601661,80962227.4700,3,3.944100,1,3.785100,0
2020-07-07,sz.002199,8.5800,9.0900,8.4800,8.8200,8.5000,13114628,115650282.3400,3,5.387200,1,3.764700,0
2020-07-08,sz.002199,8.8000,8.9000,8.6400,8.8500,8.8200,8639030,75927552.8700,3,3.548700,1,0.340100,0
2020-07-09,sz.002199,8.8600,9.1900,8.8000,9.1500,8.8500,10563987,95189405.6100,3,4.339400,1,3.389800,0
2020-07-10,sz.002199,9.1400,9.2400,8.9500,8.9500,9.1500,8427653,76500181.6800,3,3.461900,1,-2.185800,0
2020-07-13,sz.002199,8.8600,9.1900,8.8500,9.1600,8.9500,7551875,68560757.7900,3,3.102100,1,2.346400,0
2020-07-14,sz.002199,9.1900,9.2500,8.8300,9.0300,9.1600,6922505,62576901.1800,3,2.843600,1,-1.419200,0
2020-07-15,sz.002199,9.2000,9.2500,8.7500,9.0200,9.0300,7884103,71048008.9800,3,3.238600,1,-0.110700,0
2020-07-16,sz.002199,9.0000,9.0300,8.5100,8.5400,9.0200,6748103,59327212.6400,3,2.772000,1,-5.321500,0
2020-07-17,sz.002199,8.5400,8.6800,8.4100,8.4600,8.5400,5281701,45106699.5300,3,2.169600,1,-0.936800,0
2020-07-20,sz.002199,8.5000,8.7800,8.5000,8.7700,8.4600,4500302,38931354.2200,3,1.848600,1,3.664300,0
2020-07-21,sz.002199,8.7900,8.8500,8.5900,8.6800,8.7700,4188199,36433492.2100,3,1.720400,1,-1.026200,0
2020-07-22,sz.002199,8.6300,8.9400,8.6300,8.7800,8.6800,5647800,49736037.0000,3,2.320000,1,1.152100,0
2020-07-23,sz.002199,8.7100,8.7500,8.3800,8.5200,8.7800,6482800,55295991.0000,3,2.663000,1,-2.961300,0
2020-07-24,sz.002199,8.4800,8.6700,8.1100,8.1700,8.5200,7160801,59861374.6200,3,2.941500,1,-4.108000,0
2020-07-27,sz.002199,8.2000,8.2900,8.0100,8.2500,8.1700,4260500,34851549.0000,3,1.750100,1,0.979200,0
2020-07-28,sz.002199,8.3000,8.4500,8.2100,8.2900,8.2500,3783700,31491863.4900,3,1.554200,1,0.484800,0
2020-07-29,sz.002199,8.2700,8.4900,8.1300,8.4400,8.2900,4829300,40238050.0000,3,1.983800,1,1.809400,0
2020-07-30,sz.002199,8.4400,8.5200,8.2700,8.3000,8.4400,4838200,40478183.0000,3,1.987400,1,-1.658800,0
2020-07-31,sz.002199,8.3100,8.4700,8.2300,8.4000,8.3000,4765069,39845623.0500,3,1.957400,1,1.204800,0
2020-08-03,sz.002199,8.4400,8.6400,8.4400,8.6400,8.4000,6540072,56023957.1200,3,2.686500,1,2.857100,0
2020-08-04,sz.002199,8.6600,9.1800,8.4300,8.9000,8.6400,15828006,139286102.0000,3,6.501700,1,3.009300,0
2020-08-05,sz.002199,9.1000,9.1400,8.7800,8.8700,8.9000,13470195,119996182.1500,3,5.533200,1,-0.337100,0
2020-08-06,sz.002199,8.8500,9.7400,8.6700,9.3300,8.8700,22180614,203697406.7100,3,9.111200,1,5.186000,0
2020-08-07,sz.002199,9.1200,9.1700,8.9000,9.0100,9.3300,14038695,126789050.7200,3,5.766700,1,-3.429800,0
2020-08-10,sz.002199,8.9600,9.1800,8.8500,9.0100,9.0100,8599799,77846168.1400,3,3.532600,1,0.000000,0
2020-08-11,sz.002199,8.9500,8.9900,8.5700,8.6300,9.0100,8203724,72197101.0400,3,3.369900,1,-4.217500,0
2020-08-12,sz.002199,8.6300,8.8600,8.5200,8.8500,8.6300,6302707,54855826.0300,3,2.589000,1,2.549200,0
2020-08-13,sz.002199,8.8000,8.9100,8.7500,8.8000,8.8500,5086204,44892254.5100,3,2.089300,1,-0.565000,0
2020-08-14,sz.002199,8.7700,8.8500,8.6200,8.8300,8.8000,5331049,46626732.6800,3,2.189900,1,0.340900,0
2020-08-17,sz.002199,8.8400,9.0400,8.7400,9.0100,8.8300,6704003,59889953.9100,3,2.753800,1,2.038500,0
2020-08-18,sz.002199,9.0100,9.1300,8.9100,9.0300,9.0100,7564419,68240918.2200,3,3.107300,1,0.222000,0
2020-08-19,sz.002199,9.0300,9.0300,8.8200,8.8600,9.0300,5886621,52510923.7700,3,2.418100,1,-1.882600,0
2020-08-20,sz.002199,8.8000,9.2500,8.7300,9.0800,8.8600,10337042,93274239.5400,3,4.246200,1,2.483100,0
2020-08-21,sz.002199,9.0800,9.3100,9.0300,9.1000,9.0800,7382991,67492871.9700,3,3.032700,1,0.220300,0
2020-08-24,sz.002199,9.1000,9.1500,8.9000,9.0100,9.1000,5388466,48620952.1400,3,2.213400,1,-0.989000,0
2020-08-25,sz.002199,9.0200,9.1000,8.9600,9.0300,9.0100,5177551,46755123.4700,3,2.126800,1,0.222000,0
2020-08-26,sz.002199,9.0300,9.0400,8.6100,8.6900,9.0300,6769806,59698445.2700,3,2.780900,1,-3.765200,0
2020-08-27,sz.002199,8.6500,8.9300,8.6100,8.9200,8.6900,5139071,45385361.1700,3,2.111000,1,2.646700,0
2020-08-28,sz.002199,8.9300,9.0000,8.8000,8.9700,8.9200,4628310,41149144.1900,3,1.901200,1,0.560500,0
2020-08-31,sz.002199,9.0300,9.1400,8.8400,8.8600,8.9700,6106400,55035992.4700,3,2.508400,1,-1.226300,0
2020-09-01,sz.002199,8.8200,9.1700,8.7800,9.1400,8.8600,8520919,76898309.6700,3,3.500200,1,3.160300,0
2020-09-02,sz.002199,9.1700,9.1900,9.0100,9.0900,9.1400,7010700,63781764.0000,3,2.879800,1,-0.547000,0
2020-09-03,sz.002199,9.0700,9.4300,9.0600,9.3200,9.0900,13901503,128712854.9500,3,5.710400,1,2.530300,0
2020-09-04,sz.002199,9.2000,9.7000,9.1600,9.6500,9.3200,19111979,181448296.5800,3,7.850700,1,3.540800,0
2020-09-07,sz.002199,9.6500,9.9000,9.4400,9.5900,9.6500,18708850,180562741.6500,3,7.685100,1,-0.621800,0
2020-09-08,sz.002199,9.5200,9.6700,9.3400,9.5700,9.5900,11948424,113670425.7200,3,4.908100,1,-0.208600,0
2020-09-09,sz.002199,9.4300,9.4400,8.9300,9.0400,9.5700,14982020,138092002.7400,3,6.154200,1,-5.538100,0
2020-09-10,sz.002199,9.1000,9.1500,8.2500,8.4100,9.0400,12447884,107784568.7200,3,5.113300,1,-6.969000,0
2020-09-11,sz.002199,8.2900,8.4600,8.1500,8.4300,8.4100,5830213,48428842.3200,3,2.394900,1,0.237800,0
2020-09-14,sz.002199,8.4700,8.5500,8.3400,8.4700,8.4300,5024205,42488467.5500,3,2.063800,1,0.474500,0
2020-09-15,sz.002199,8.4600,8.5000,8.3000,8.4100,8.4700,3780803,31774037.6600,3,1.553100,1,-0.708400,0
2020-09-16,sz.002199,8.3900,8.4000,8.1600,8.2500,8.4100,4999501,41365135.1300,3,2.053700,1,-1.902500,0
2020-09-17,sz.002199,8.2900,8.3300,8.1600,8.2800,8.2500,3660515,30191095.4000,3,1.503600,1,0.363600,0
2020-09-18,sz.002199,8.2600,8.3800,8.2000,8.3800,8.2800,3732000,30943625.0000,3,1.533000,1,1.207700,0
2020-09-21,sz.002199,8.3800,8.4200,8.2600,8.3200,8.3800,3351267,27950136.1100,3,1.376600,1,-0.716000,0
2020-09-22,sz.002199,8.2400,8.2800,8.1000,8.1100,8.3200,3604700,29519490.9900,3,1.480700,1,-2.524000,0
2020-09-23,sz.002199,8.1200,8.1700,8.0600,8.1400,8.1100,2474101,20085900.0600,3,1.016300,1,0.369900,0
2020-09-24,sz.002199,8.0700,8.0800,7.8200,7.8400,8.1400,4158467,32888540.9400,3,1.708200,1,-3.685500,0
2020-09-25,sz.002199,7.8800,7.9200,7.6800,7.7400,7.8400,3090901,24013049.7700,3,1.269700,1,-1.275500,0
2020-09-28,sz.002199,7.7400,7.7800,7.5700,7.5800,7.7400,2495311,19121490.2700,3,1.025000,1,-2.067200,0
2020-09-29,sz.002199,7.6000,7.8000,7.5600,7.7600,7.5800,3232700,24963489.0000,3,1.327900,1,2.374700,0
2020-09-30,sz.002199,7.7600,7.7900,7.6500,7.7300,7.7600,1951900,15055475.0000,3,0.801800,1,-0.386600,0
2020-10-09,sz.002199,7.8100,7.9600,7.8100,7.9400,7.7300,2595400,20503444.0000,3,1.066100,1,2.716700,0
2020-10-12,sz.002199,8.0300,8.2000,7.9500,8.1600,7.9400,3143900,25489554.4700,3,1.291400,1,2.770800,0
2020-10-13,sz.002199,8.1600,8.1600,8.0200,8.1300,8.1600,3084800,24983160.0000,3,1.267200,1,-0.367600,0
2020-10-14,sz.002199,8.0800,8.1300,7.9300,7.9800,8.1300,2566901,20562624.0400,3,1.054400,1,-1.845000,0
2020-10-15,sz.002199,7.9300,7.9800,7.7700,7.8000,7.9800,3065600,24072607.0000,3,1.259300,1,-2.255600,0
2020-10-16,sz.002199,7.8500,7.8500,7.7100,7.8100,7.8000,2386510,18552047.6000,3,0.980300,1,0.128200,0
2020-10-19,sz.002199,7.8300,7.9400,7.7700,7.7800,7.8100,2509444,19720517.1900,3,1.030800,1,-0.384100,0
2020-10-20,sz.002199,7.7400,7.9200,7.7000,7.9100,7.7800,2126000,16617037.0000,3,0.873300,1,1.671000,0
2020-10-21,sz.002199,7.9000,7.9500,7.7100,7.7400,7.9100,2830011,22000325.3400,3,1.162500,1,-2.149200,0
2020-10-22,sz.002199,7.7000,7.7800,7.6300,7.7100,7.7400,1857134,14296103.1200,3,0.762900,1,-0.387600,0
2020-10-23,sz.002199,7.7100,7.7900,7.6200,7.6300,7.7100,1942400,14949053.0000,3,0.797900,1,-1.037600,0
2020-10-26,sz.002199,7.6200,7.6600,7.5100,7.5800,7.6300,1634701,12400921.5500,3,0.671500,1,-0.655300,0
2020-10-27,sz.002199,7.5600,7.7000,7.5200,7.6400,7.5800,2501867,19107431.8900,3,1.027700,1,0.791600,0
2020-10-28,sz.002199,7.6400,7.6800,7.4700,7.5700,7.6400,2215150,16741515.0000,3,0.909900,1,-0.916200,0
2020-10-29,sz.002199,7.5000,7.5000,7.3300,7.3400,7.5700,3589410,26549484.4000,3,1.474400,1,-3.038300,0
2020-10-30,sz.002199,7.3300,7.3400,7.0400,7.0600,7.3400,5943602,42432979.3800,3,2.441500,1,-3.814700,0
2020-11-02,sz.002199,7.0500,7.0500,6.8800,6.9200,7.0600,2573010,17875770.6900,3,1.056900,1,-1.983000,0
2020-11-03,sz.002199,7.0300,7.3600,6.9900,7.1500,6.9200,5276423,38015786.9800,3,2.167400,1,3.323700,0
2020-11-04,sz.002199,7.1600,7.2500,7.0500,7.1300,7.1500,3105413,22146271.3900,3,1.275600,1,-0.279700,0
2020-11-05,sz.002199,7.1800,7.3300,7.1700,7.2500,7.1300,3299861,23919819.0600,3,1.355500,1,1.683000,0
2020-11-06,sz.002199,7.2900,7.3100,7.1200,7.1500,7.2500,2855903,20517696.5400,3,1.173100,1,-1.379300,0
2020-11-09,sz.002199,7.2200,7.4900,7.1900,7.4300,7.1500,5226035,38543014.5900,3,2.146700,1,3.916100,0
2020-11-10,sz.002199,7.4200,7.4200,7.3000,7.3300,7.4300,2993503,22006623.1100,3,1.229700,1,-1.345900,0
2020-11-11,sz.002199,7.3400,7.3600,7.1700,7.2000,7.3300,2201989,15913538.4700,3,0.904500,1,-1.773500,0
2020-11-12,sz.002199,7.1900,7.2600,7.1600,7.2300,7.2000,2173901,15675660.1400,3,0.893000,1,0.416700,0
2020-11-13,sz.002199,7.2000,7.3400,7.0900,7.3100,7.2300,2442901,17680761.1700,3,1.003500,1,1.106500,0
2020-11-16,sz.002199,7.3200,7.3300,7.2300,7.3200,7.3100,2486200,18085002.0000,3,1.021300,1,0.136800,0
2020-11-17,sz.002199,7.3200,7.3400,7.1700,7.2600,7.3200,2613650,18883707.3800,3,1.073600,1,-0.819700,0
2020-11-18,sz.002199,7.2600,7.4400,7.2400,7.3700,7.2600,2301700,16906655.0000,3,0.945500,1,1.515200,0
2020-11-19,sz.002199,7.3600,7.5200,7.3000,7.4600,7.3700,3477100,25964732.0000,3,1.428300,1,1.221200,0
2020-11-20,sz.002199,7.4500,7.4900,7.3500,7.4700,7.4600,2220810,16485164.6000,3,0.912300,1,0.134000,0
2020-11-23,sz.002199,7.4500,7.5500,7.3800,7.4800,7.4700,2290990,17088816.3200,3,0.941100,1,0.133900,0
2020-11-24,sz.002199,7.4700,7.5300,7.4200,7.4600,7.4800,1948522,14568603.4500,3,0.800400,1,-0.267400,0
2020-11-25,sz.002199,7.4600,7.4900,7.3200,7.3300,7.4600,2416911,17913053.8400,3,0.992800,1,-1.742600,0
2020-11-26,sz.002199,7.3300,7.4400,7.2500,7.2500,7.3300,1970927,14421483.5300,3,0.809600,1,-1.091400,0
2020-11-27,sz.002199,7.2700,7.3200,7.1500,7.2800,7.2500,2179600,15759817.0000,3,0.895300,1,0.413800,0
2020-11-30,sz.002199,7.3000,7.4400,7.2400,7.3500,7.2800,2439200,17932701.9900,3,1.002000,1,0.961500,0
2020-12-01,sz.002199,7.3300,7.5400,7.3100,7.4900,7.3500,2674001,19957782.4800,3,1.098400,1,1.904800,0
2020-12-02,sz.002199,7.5500,7.8000,7.5100,7.6800,7.4900,7058283,54158010.7900,3,2.899400,1,2.536700,0
2020-12-03,sz.002199,7.5900,7.7400,7.5700,7.6000,7.6800,4280800,32705803.4000,3,1.758400,1,-1.041700,0
2020-12-04,sz.002199,7.5900,8.1400,7.5400,7.9600,7.6000,10310470,81477447.8800,3,4.235300,1,4.736800,0
2020-12-07,sz.002199,7.9100,8.0800,7.7800,7.9100,7.9600,7057633,55812138.5900,3,2.899100,1,-0.628100,0
2020-12-08,sz.002199,7.8400,7.9100,7.7300,7.8100,7.9100,4129972,32250332.9600,3,1.696500,1,-1.264200,0
2020-12-09,sz.002199,7.7900,7.7900,7.4600,7.5000,7.8100,5236767,39900101.1400,3,2.151100,1,-3.969300,0
2020-12-10,sz.002199,7.4900,7.7200,7.3700,7.6000,7.5000,3867761,29168633.5200,3,1.588800,1,1.333300,0
2020-12-11,sz.002199,7.6000,7.6700,7.3000,7.3600,7.6000,4241158,31537848.7700,3,1.742200,1,-3.157900,0
2020-12-14,sz.002199,7.3600,7.3700,7.2300,7.3100,7.3600,2013333,14693507.2500,3,0.827000,1,-0.679300,0
2020-12-15,sz.002199,7.2800,7.4900,7.2500,7.4300,7.3100,2582079,19025886.6200,3,1.060700,1,1.641600,0
2020-12-16,sz.002199,7.3900,7.4600,7.0600,7.0700,7.4300,4003114,28821851.5200,3,1.644400,1,-4.845200,0
2020-12-17,sz.002199,7.0300,7.1900,6.9500,7.1200,7.0700,2934814,20725742.2800,3,1.205500,1,0.707200,0
2020-12-18,sz.002199,7.1300,7.2000,7.0200,7.1200,7.1200,2119850,15064388.5000,3,0.870800,1,0.000000,0
2020-12-21,sz.002199,7.0800,7.3500,7.0500,7.2400,7.1200,2420200,17472939.0000,3,0.994200,1,1.685400,0
2020-12-22,sz.002199,7.2400,7.2400,7.0000,7.0400,7.2400,3093381,21916790.0000,3,1.270700,1,-2.762400,0
2020-12-23,sz.002199,7.0400,7.0800,6.9500,7.0100,7.0400,2257705,15863359.2000,3,0.927400,1,-0.426100,0
2020-12-24,sz.002199,7.0600,7.2000,6.9700,7.0500,7.0100,2317827,16360217.0800,3,0.952100,1,0.570600,0
2020-12-25,sz.002199,7.0300,7.0800,6.9300,6.9900,7.0500,1807710,12673027.3600,3,0.742600,1,-0.851100,0
2020-12-28,sz.002199,6.9900,6.9900,6.7500,6.8700,6.9900,3039400,20760508.0100,3,1.248500,1,-1.716700,0
2020-12-29,sz.002199,6.8500,7.0700,6.8200,6.9200,6.8700,2037100,14169101.0000,3,0.836800,1,0.727800,0
2020-12-30,sz.002199,6.8800,6.9200,6.8300,6.8800,6.9200,1340090,9205356.2000,3,0.550500,1,-0.578000,0
2020-12-31,sz.002199,6.8800,7.0300,6.8800,6.9600,6.8800,1524448,10605731.8700,3,0.626200,1,1.162800,0
