date,code,open,high,low,close,preclose,volume,amount,adjustflag,turn,tradestatus,pctChg,isST
2020-06-16,sz.300841,84.4400,101.3300,84.4400,101.3300,70.3700,25000,2526493.0000,3,0.166700,1,43.996000,0
2020-06-17,sz.300841,111.4600,111.4600,111.4600,111.4600,101.3300,8000,891680.0000,3,0.053300,1,9.997000,0
2020-06-18,sz.300841,122.6100,122.6100,122.6100,122.6100,111.4600,13092,1605210.1200,3,0.087300,1,10.003600,0
2020-06-19,sz.300841,134.8700,134.8700,134.8700,134.8700,122.6100,22200,2994114.0000,3,0.148000,1,9.999200,0
2020-06-22,sz.300841,148.3600,148.3600,148.3600,148.3600,134.8700,24400,3619984.0000,3,0.162700,1,10.002200,0
2020-06-23,sz.300841,163.2000,163.2000,163.2000,163.2000,148.3600,22200,3623040.0000,3,0.148000,1,10.002700,0
2020-06-24,sz.300841,179.5200,179.5200,179.5200,179.5200,163.2000,37004,6642958.0800,3,0.246700,1,10.000000,0
2020-06-29,sz.300841,197.4700,197.4700,197.4700,197.4700,179.5200,39906,7880237.8200,3,0.266000,1,9.998900,0
2020-06-30,sz.300841,217.2200,217.2200,217.2200,217.2200,197.4700,59753,12979546.6600,3,0.398400,1,10.001500,0
2020-07-01,sz.300841,238.9400,238.9400,238.9400,238.9400,217.2200,55765,13324489.1000,3,0.371800,1,9.999100,0
2020-07-02,sz.300841,262.8300,262.8300,262.8300,262.8300,238.9400,39105,10277967.1500,3,0.260700,1,9.998300,0
2020-07-03,sz.300841,289.1100,289.1100,289.1100,289.1100,262.8300,428296,123824656.5600,3,2.855300,1,9.998900,0
2020-07-06,sz.300841,318.0200,318.0200,318.0200,318.0200,289.1100,177679,56505475.5800,3,1.184500,1,9.999700,0
2020-07-07,sz.300841,349.8200,349.8200,349.8200,349.8200,318.0200,205900,72027938.0000,3,1.372700,1,9.999400,0
2020-07-08,sz.300841,384.8000,384.8000,384.8000,384.8000,349.8200,164806,63417348.8000,3,1.098700,1,9.999400,0
2020-07-09,sz.300841,423.2800,423.2800,423.2800,423.2800,384.8000,35400,14984112.0000,3,0.236000,1,10.000000,0
2020-07-10,sz.300841,465.6100,465.6100,465.6100,465.6100,423.2800,62499,29100159.3900,3,0.416700,1,10.000500,0
2020-07-13,sz.300841,512.1700,512.1700,512.1700,512.1700,465.6100,96800,49578056.0000,3,0.645300,1,9.999800,0
2020-07-14,sz.300841,563.3900,563.3900,563.3900,563.3900,512.1700,77503,43664415.1700,3,0.516700,1,10.000600,0
2020-07-15,sz.300841,619.7300,619.7300,619.7300,619.7300,563.3900,53400,33093582.0000,3,0.356000,1,10.000200,0
2020-07-16,sz.300841,659.9700,659.9700,557.7600,557.7600,619.7300,5354013,3175652562.1400,3,35.693400,1,-9.999500,0
2020-07-17,sz.300841,526.9600,611.0000,526.9600,599.0000,557.7600,7578505,4261213908.3400,3,50.523400,1,7.393900,0
2020-07-20,sz.300841,585.0000,585.0000,539.1000,566.8700,599.0000,4368883,2414188607.7200,3,29.125900,1,-5.363900,0
2020-07-21,sz.300841,573.0000,616.6600,548.6000,595.0000,566.8700,3453079,2002561882.4300,3,23.020500,1,4.962300,0
2020-07-22,sz.300841,578.0000,654.5000,575.0000,626.0900,595.0000,4379394,2789744883.1600,3,29.196000,1,5.225200,0
2020-07-23,sz.300841,628.1000,688.7000,628.1000,688.7000,626.0900,2786307,1838083163.5000,3,18.575400,1,10.000200,0
2020-07-24,sz.300841,718.9000,757.5700,670.0000,672.0000,688.7000,4739830,3458848704.3600,3,31.598900,1,-2.424900,0
2020-07-27,sz.300841,706.0000,739.2000,678.0000,739.2000,672.0000,3644771,2618709322.7200,3,24.298500,1,10.000000,0
2020-07-28,sz.300841,764.0000,768.6500,700.0000,734.9600,739.2000,2456494,1797133634.0200,3,16.376600,1,-0.573600,0
2020-07-29,sz.300841,720.0000,798.0000,711.0000,770.0200,734.9600,2080987,1585848634.6000,3,13.873200,1,4.770300,0
2020-07-30,sz.300841,783.0000,847.0200,760.0000,797.1000,770.0200,2261756,1822729147.0400,3,15.078400,1,3.516800,0
2020-07-31,sz.300841,788.8700,876.6000,760.0200,865.0000,797.1000,2068056,1679267436.5400,3,13.787000,1,8.518400,0
2020-08-03,sz.300841,850.0300,951.5000,848.0800,951.5000,865.0000,1826934,1659630887.0100,3,12.179600,1,10.000000,0
2020-08-04,sz.300841,951.0000,996.0000,858.0000,887.0000,951.5000,2708385,2523341488.7200,3,18.055900,1,-6.778800,0
2020-08-05,sz.300841,864.9700,933.0000,830.8100,897.0000,887.0000,1646777,1468018950.4600,3,10.978500,1,1.127400,0
2020-08-06,sz.300841,879.0100,893.0000,807.3000,807.3000,897.0000,1967766,1624710701.3300,3,13.118400,1,-10.000000,0
2020-08-07,sz.300841,800.0000,802.0000,726.5700,730.0000,807.3000,3528760,2649176900.4900,3,23.525100,1,-9.575100,0
2020-08-10,sz.300841,728.0000,739.0000,684.4800,711.9800,730.0000,2303261,1643568860.6000,3,15.355100,1,-2.468500,0
2020-08-11,sz.300841,712.5000,726.7000,685.0000,688.8800,711.9800,1942101,1363160378.8800,3,12.947300,1,-3.244500,0
2020-08-12,sz.300841,691.0000,694.4400,619.9900,628.0000,688.8800,2847733,1821967909.6900,3,18.984900,1,-8.837500,0
2020-08-13,sz.300841,624.0000,645.5500,600.0000,631.9800,628.0000,2130385,1327158320.9100,3,14.202600,1,0.633800,0
2020-08-14,sz.300841,629.0000,630.0000,590.1800,617.9800,631.9800,2007913,1224011724.5900,3,13.386100,1,-2.215300,0
2020-08-17,sz.300841,616.0000,632.4400,605.0100,623.3900,617.9800,1489960,924720423.6600,3,9.933100,1,0.875400,0
2020-08-18,sz.300841,620.0000,635.6000,605.0000,614.0000,623.3900,1492774,923301266.9000,3,9.951800,1,-1.506300,0
2020-08-19,sz.300841,610.0000,610.0000,569.9000,579.5000,614.0000,2353698,1373604692.6800,3,15.691300,1,-5.618900,0
2020-08-20,sz.300841,575.0100,590.0000,571.0300,583.6500,579.5000,1177167,685114855.9900,3,7.847800,1,0.716100,0
2020-08-21,sz.300841,590.0000,595.5000,566.4700,567.4800,583.6500,1124824,653907295.1100,3,7.498800,1,-2.770500,0
2020-08-24,sz.300841,571.1200,623.7700,555.0000,608.0200,567.4800,1970099,1162643887.8500,3,13.134000,1,7.143900,0
2020-08-25,sz.300841,595.0200,597.0000,573.0000,580.0000,608.0200,1487630,867376230.8000,3,9.917500,1,-4.608400,0
2020-08-26,sz.300841,580.0100,598.5000,530.0500,541.0500,580.0000,1757919,996455761.7900,3,11.719500,1,-6.715500,0
2020-08-27,sz.300841,541.2000,544.5000,514.0400,535.0700,541.0500,1514141,801007920.8700,3,10.094300,1,-1.105300,0
2020-08-28,sz.300841,532.0000,588.0000,522.8000,581.9200,535.0700,2024765,1124969156.0100,3,13.498400,1,8.755900,0
2020-08-31,sz.300841,575.0800,581.0000,556.1000,557.7000,581.9200,1199013,678208768.3800,3,7.993400,1,-4.162100,0
2020-09-01,sz.300841,557.6900,562.0000,536.0400,544.4900,557.7000,972125,529710909.7800,3,6.480800,1,-2.368700,0
2020-09-02,sz.300841,545.0000,547.9800,534.0000,542.9000,544.4900,675070,364922999.1600,3,4.500500,1,-0.292000,0
2020-09-03,sz.300841,539.0000,573.0000,529.0800,547.6300,542.9000,1157004,642109682.0100,3,7.713400,1,0.871200,0
2020-09-04,sz.300841,531.5000,575.4400,529.3800,561.4000,547.6300,1148914,643461048.5000,3,7.659400,1,2.514500,0
2020-09-07,sz.300841,557.0000,572.0000,496.0000,500.0000,561.4000,2066896,1093880694.1800,3,13.779300,1,-10.936900,0
2020-09-08,sz.300841,497.0100,505.0000,480.8200,504.0000,500.0000,1421489,702995920.5300,3,9.476600,1,0.800000,0
2020-09-09,sz.300841,491.0000,491.0000,451.8100,463.5100,504.0000,1553451,731548594.8700,3,10.356300,1,-8.033700,0
2020-09-10,sz.300841,465.0100,475.6600,456.0000,460.1900,463.5100,901380,421604595.3200,3,6.009200,1,-0.716300,0
2020-09-11,sz.300841,455.0000,471.7700,453.0100,468.8600,460.1900,666800,308413775.0000,3,4.445300,1,1.884000,0
2020-09-14,sz.300841,468.0900,493.9900,450.1800,454.9000,468.8600,1186615,557420768.6800,3,7.910800,1,-2.977400,0
2020-09-15,sz.300841,455.0000,508.0000,451.5000,507.6500,454.9000,1782937,862805144.3700,3,11.886200,1,11.596000,0
2020-09-16,sz.300841,500.0000,504.9900,475.0100,480.8200,507.6500,1418111,686693569.4700,3,9.454100,1,-5.285100,0
2020-09-17,sz.300841,477.2800,498.5800,472.0000,486.5000,480.8200,978519,478068675.2000,3,6.523500,1,1.181300,0
2020-09-18,sz.300841,539.9000,568.0000,531.0000,546.0000,486.5000,2225502,1213086253.5600,3,14.836700,1,12.230200,0
2020-09-21,sz.300841,540.0000,545.9000,527.9300,536.7000,546.0000,1013275,544716822.2200,3,6.755200,1,-1.703300,0
2020-09-22,sz.300841,532.0100,552.6000,531.5000,544.0000,536.7000,1064467,580967869.0600,3,7.096400,1,1.360200,0
2020-09-23,sz.300841,549.0000,588.8800,533.0800,565.3900,544.0000,1729341,975608640.3700,3,11.528900,1,3.932000,0
2020-09-24,sz.300841,558.0000,558.0000,529.0000,537.5300,565.3900,1198834,648018162.7300,3,7.992200,1,-4.927600,0
2020-09-25,sz.300841,536.5800,548.0000,505.0100,507.5000,537.5300,1036587,541875298.6900,3,6.910600,1,-5.586700,0
2020-09-28,sz.300841,503.1200,513.0000,490.0000,501.0600,507.5000,787807,392617988.1600,3,5.252000,1,-1.269000,0
2020-09-29,sz.300841,503.0100,505.5300,493.0700,493.9800,501.0600,537884,267852889.9000,3,3.585900,1,-1.413000,0
2020-09-30,sz.300841,496.0100,507.0000,491.5000,496.0300,493.9800,644947,321932589.4300,3,4.299600,1,0.415000,0
2020-10-09,sz.300841,502.0100,508.9900,492.0600,507.0000,496.0300,829271,415121446.6000,3,5.528500,1,2.211600,0
2020-10-12,sz.300841,509.4900,529.8000,507.6100,528.5000,507.0000,955924,497188172.7100,3,6.372800,1,4.240600,0
2020-10-13,sz.300841,525.0100,549.0000,520.1800,544.0100,528.5000,1091517,583193252.8100,3,7.276800,1,2.934700,0
2020-10-14,sz.300841,540.4000,549.0000,521.0800,522.0000,544.0100,1095831,586702752.7600,3,7.305500,1,-4.045900,0
2020-10-15,sz.300841,519.0000,519.2000,497.1800,499.0000,522.0000,1044237,527595470.2500,3,6.961600,1,-4.406100,0
2020-10-16,sz.300841,500.0100,504.8000,496.7800,502.5100,499.0000,476018,238390756.5100,3,3.173500,1,0.703400,0
2020-10-19,sz.300841,503.3000,507.8700,497.5800,501.2000,502.5100,414851,208330457.5100,3,2.765700,1,-0.260700,0
2020-10-20,sz.300841,501.2000,508.9000,498.0200,508.9000,501.2000,510467,257604755.1600,3,3.403100,1,1.536300,0
2020-10-21,sz.300841,508.8000,536.9500,508.8000,527.4000,508.9000,1109318,584048224.0000,3,7.395500,1,3.635300,0
2020-10-22,sz.300841,500.0000,500.0000,468.1700,472.0000,527.4000,1795109,861953924.4300,3,11.967400,1,-10.504400,0
2020-10-23,sz.300841,470.0000,474.0000,451.0000,457.8500,472.0000,1133160,524731283.5500,3,7.554400,1,-2.997900,0
2020-10-26,sz.300841,455.0000,469.8000,445.0000,467.2500,457.8500,612620,281609140.3100,3,4.084100,1,2.053100,0
2020-10-27,sz.300841,461.0100,471.0000,461.0000,468.8700,467.2500,465980,217556074.6000,3,3.106500,1,0.346700,0
2020-10-28,sz.300841,468.9500,471.6600,457.1200,468.6600,468.8700,487007,226671778.9500,3,3.246700,1,-0.044800,0
2020-10-29,sz.300841,460.0300,473.8600,460.0100,471.7900,468.6600,538287,253129720.3900,3,3.588600,1,0.667900,0
2020-10-30,sz.300841,470.0000,473.4000,461.3500,462.0000,471.7900,634566,296287274.3500,3,4.230400,1,-2.075100,0
2020-11-02,sz.300841,460.0000,462.0000,441.1000,446.0000,462.0000,979326,438487469.8800,3,6.528800,1,-3.463200,0
2020-11-03,sz.300841,446.9300,474.9600,444.0000,472.2000,446.0000,997362,464495192.0500,3,6.649100,1,5.874400,0
2020-11-04,sz.300841,475.0100,485.8000,467.0100,481.4500,472.2000,703709,335604307.1800,3,4.691400,1,1.958900,0
2020-11-05,sz.300841,481.0000,488.6000,475.0300,476.5100,481.4500,564384,270907898.3300,3,3.762600,1,-1.026100,0
2020-11-06,sz.300841,477.0100,484.9700,458.3100,462.3900,476.5100,707406,330295316.0400,3,4.716000,1,-2.963200,0
2020-11-09,sz.300841,467.4400,513.3000,463.1400,510.2500,462.3900,1290434,636686229.0400,3,8.602900,1,10.350600,0
2020-11-10,sz.300841,519.0000,527.9200,498.2100,508.9800,510.2500,1021251,523047562.7600,3,6.808300,1,-0.248900,0
2020-11-11,sz.300841,511.0100,515.5900,488.6600,492.9000,508.9800,680010,337993708.9000,3,4.533400,1,-3.159300,0
2020-11-12,sz.300841,493.9900,506.7700,493.0000,503.0200,492.9000,532940,266792075.5000,3,3.552900,1,2.053200,0
2020-11-13,sz.300841,500.2100,503.0000,490.0000,497.5000,503.0200,393028,194943166.7400,3,2.620200,1,-1.097400,0
2020-11-16,sz.300841,500.0200,512.4500,497.5100,504.7000,497.5000,588200,297983291.8000,3,3.921300,1,1.447200,0
2020-11-17,sz.300841,501.4900,502.1200,481.1200,487.6300,504.7000,743094,362610089.9200,3,4.954000,1,-3.382200,0
2020-11-18,sz.300841,488.0800,494.6900,486.0000,489.3800,487.6300,288060,141035242.0000,3,1.920400,1,0.358900,0
2020-11-19,sz.300841,489.3300,507.8000,480.0000,502.1700,489.3800,713290,356368573.3000,3,4.755300,1,2.613500,0
2020-11-20,sz.300841,502.1700,506.5200,496.2800,498.3400,502.1700,410834,205605472.3200,3,2.738900,1,-0.762700,0
2020-11-23,sz.300841,496.9900,501.0000,488.1500,492.7000,498.3400,410400,202223198.0000,3,2.736000,1,-1.131800,0
2020-11-24,sz.300841,492.7100,497.5000,487.1900,494.8800,492.7000,353300,174028406.0000,3,2.355300,1,0.442500,0
2020-11-25,sz.300841,495.1000,498.3000,488.0100,489.2800,494.8800,477502,235554088.0000,3,3.183300,1,-1.131600,0
2020-11-26,sz.300841,491.2000,493.0700,458.0000,461.9800,489.2800,821817,387071101.0100,3,5.478800,1,-5.579600,0
2020-11-27,sz.300841,461.0000,466.4000,455.5000,459.0000,461.9800,392000,180358728.0000,3,2.613300,1,-0.645000,0
2020-11-30,sz.300841,459.0100,475.4800,459.0100,469.9800,459.0000,534349,250435615.7000,3,3.562300,1,2.392200,0
2020-12-01,sz.300841,468.4100,483.0000,466.8800,480.0900,469.9800,446800,213805673.0000,3,2.978700,1,2.151200,0
2020-12-02,sz.300841,479.9900,484.7800,475.2000,480.1700,480.0900,414657,199198151.3000,3,2.764400,1,0.016700,0
2020-12-03,sz.300841,479.0900,499.6500,479.0800,491.0000,480.1700,679610,333621386.1000,3,4.530700,1,2.255500,0
2020-12-04,sz.300841,488.4000,492.9900,485.2800,488.1600,491.0000,355859,173797042.7500,3,2.372400,1,-0.578400,0
2020-12-07,sz.300841,486.0400,486.5400,471.9900,472.0000,488.1600,620709,296514677.3100,3,4.138100,1,-3.310400,0
2020-12-08,sz.300841,473.8000,475.5600,468.8400,470.9300,472.0000,357050,168572307.4200,3,2.380300,1,-0.226700,0
2020-12-09,sz.300841,471.5100,475.4200,459.8800,459.9300,470.9300,580592,270868483.0200,3,3.870600,1,-2.335800,0
2020-12-10,sz.300841,459.8900,465.9900,453.1500,463.0900,459.9300,415812,191364892.6200,3,2.772100,1,0.687100,0
2020-12-11,sz.300841,464.0800,464.5800,447.7700,452.4100,463.0900,571712,259500457.1600,3,3.811400,1,-2.306200,0
2020-12-14,sz.300841,450.4900,457.5700,446.2500,455.5100,452.4100,378025,171277862.5500,3,2.520200,1,0.685200,0
2020-12-15,sz.300841,460.0000,475.0000,458.1100,463.8900,455.5100,481441,224950103.3300,3,3.209600,1,1.839700,0
2020-12-16,sz.300841,463.3200,465.6600,456.5000,458.1400,463.8900,354104,162918953.4000,3,2.360700,1,-1.239500,0
2020-12-17,sz.300841,461.9200,480.0000,461.9200,479.9900,458.1400,814744,386184079.4400,3,5.431600,1,4.769300,0
2020-12-18,sz.300841,475.0000,482.7900,470.8000,472.8000,479.9900,542500,258048938.0000,3,3.616700,1,-1.497900,0
2020-12-21,sz.300841,474.9900,487.7000,468.0500,485.3000,472.8000,664601,319331011.3900,3,4.430700,1,2.643800,0
2020-12-22,sz.300841,485.5500,493.8800,468.0000,469.3900,485.3000,757912,364616327.3600,3,5.052700,1,-3.278400,0
2020-12-23,sz.300841,469.9900,475.9800,465.0000,466.8000,469.3900,452311,212216983.8600,3,3.015400,1,-0.551800,0
2020-12-24,sz.300841,467.0000,479.8800,465.0300,470.0000,466.8000,606644,287192960.5400,3,4.044300,1,0.685500,0
2020-12-25,sz.300841,467.5100,467.5100,454.0000,455.7100,470.0000,698194,320380888.7200,3,4.654600,1,-3.040400,0
2020-12-28,sz.300841,456.0100,457.7900,428.2800,430.0000,455.7100,1039510,458588838.8700,3,6.930100,1,-5.641700,0
2020-12-29,sz.300841,430.0100,435.4000,417.0800,429.3900,430.0000,676000,288431576.9700,3,4.506700,1,-0.141900,0
2020-12-30,sz.300841,428.4300,461.0000,426.0300,455.0600,429.3900,816160,363304305.9500,3,5.441100,1,5.978200,0
2020-12-31,sz.300841,455.0100,480.5000,455.0000,468.2400,455.0600,979871,458914751.5000,3,6.532500,1,2.896300,0
