date,code,open,high,low,close,preclose,volume,amount,adjustflag,turn,tradestatus,pctChg,isST
2020-01-02,sz.300315,6.2000,6.7900,6.1300,6.6300,6.1700,164376547,1087770705.9100,3,6.321300,1,7.455400,0
2020-01-03,sz.300315,6.6600,6.7200,6.4200,6.4500,6.6300,108919249,714099846.9400,3,4.188600,1,-2.714900,0
2020-01-06,sz.300315,6.3500,6.6100,6.2600,6.4600,6.4500,109568263,705155854.1200,3,4.213600,1,0.155000,0
2020-01-07,sz.300315,6.4600,7.1100,6.4500,7.1100,6.4600,206011694,1421944882.7300,3,7.922400,1,10.061900,0
2020-01-08,sz.300315,7.1800,7.2700,6.9700,7.1400,7.1100,149686771,1066090471.0800,3,5.756400,1,0.421900,0
2020-01-09,sz.300315,7.1500,7.1600,6.7600,6.9300,7.1400,141953751,982955553.8900,3,5.459000,1,-2.941200,0
2020-01-10,sz.300315,6.8500,6.9100,6.6400,6.8200,6.9300,95116645,641954223.6000,3,3.657800,1,-1.587300,0
2020-01-13,sz.300315,6.7800,6.8400,6.5200,6.8300,6.8200,83013085,557711187.1200,3,3.192400,1,0.146600,0
2020-01-14,sz.300315,6.8000,7.1000,6.7500,6.8500,6.8300,86853396,601622763.2200,3,3.340000,1,0.292800,0
2020-01-15,sz.300315,6.7400,6.8700,6.6400,6.7400,6.8500,52870516,356021485.9000,3,2.033200,1,-1.605800,0
2020-01-16,sz.300315,6.7500,6.9300,6.6600,6.7900,6.7400,58827875,398284000.6000,3,2.262300,1,0.741800,0
2020-01-17,sz.300315,6.7900,6.7900,6.4500,6.4600,6.7900,78421009,517473906.6100,3,3.015800,1,-4.860100,0
2020-01-20,sz.300315,6.3600,6.5700,6.1300,6.4000,6.4600,98693423,634486223.4500,3,3.795400,1,-0.928800,0
2020-01-21,sz.300315,6.4200,6.5600,6.2200,6.2500,6.4000,80029264,505854071.2300,3,3.077600,1,-2.343800,0
2020-01-22,sz.300315,6.2600,6.3700,6.1400,6.2600,6.2500,84370801,530475076.5500,3,3.244600,1,0.160000,0
2020-01-23,sz.300315,6.1800,6.5000,5.9800,6.1100,6.2600,114949522,721828993.4800,3,4.420500,1,-2.396200,0
2020-02-03,sz.300315,5.5000,6.0900,5.5000,5.6700,6.1100,156094804,909944113.0600,3,6.002800,1,-7.201300,0
2020-02-04,sz.300315,5.6600,6.2400,5.6600,6.2400,5.6700,144233826,886225705.6000,3,5.546700,1,10.052900,0
2020-02-05,sz.300315,6.3300,6.6200,6.1900,6.2900,6.2400,164447791,1049846101.4300,3,6.324000,1,0.801300,0
2020-02-06,sz.300315,6.2300,6.8400,6.0600,6.7000,6.2900,189721054,1244913484.3400,3,7.295900,1,6.518300,0
2020-02-07,sz.300315,6.6800,7.3700,6.5700,7.3700,6.7000,242501407,1697631168.5600,3,9.325600,1,10.000000,0
2020-02-10,sz.300315,7.9700,7.9700,7.2800,7.4100,7.3700,254084386,1933472049.5600,3,9.771100,1,0.542700,0
2020-02-11,sz.300315,7.3300,7.4400,7.0200,7.0300,7.4100,176570354,1263221559.5300,3,6.790200,1,-5.128200,0
2020-02-12,sz.300315,7.0600,7.3400,7.0500,7.2600,7.0300,149232594,1077979584.6000,3,5.738900,1,3.271700,0
2020-02-13,sz.300315,7.1600,7.2200,6.9300,6.9900,7.2600,133281296,939174461.5900,3,5.125500,1,-3.719000,0
2020-02-14,sz.300315,7.0800,7.2800,6.9300,7.1000,6.9900,134804974,955285646.8500,3,5.184100,1,1.573700,0
2020-02-17,sz.300315,7.0400,7.3700,7.0400,7.3000,7.1000,130516902,949146347.6500,3,5.019200,1,2.816900,0
2020-02-18,sz.300315,7.2300,7.5400,7.2200,7.4900,7.3000,124769761,921606900.4100,3,4.798200,1,2.602700,0
2020-02-19,sz.300315,7.4100,7.4400,7.0300,7.1100,7.4900,121985001,874748208.4800,3,4.691100,1,-5.073400,0
2020-02-20,sz.300315,7.1000,7.2100,6.9600,7.1700,7.1100,81415590,578200033.6000,3,3.130900,1,0.843900,0
2020-02-21,sz.300315,7.0800,7.4800,7.0700,7.2900,7.1700,126648629,927197511.4700,3,4.870400,1,1.673600,0
2020-02-24,sz.300315,7.2900,7.6000,7.1600,7.4900,7.2900,166662140,1227504379.7000,3,6.409200,1,2.743500,0
2020-02-25,sz.300315,7.2800,7.3500,7.0000,7.2800,7.4900,153127875,1102929087.7400,3,5.888700,1,-2.803700,0
2020-02-26,sz.300315,7.1200,7.2200,6.9300,6.9800,7.2800,94663630,670161476.6700,3,3.640400,1,-4.120900,0
2020-02-27,sz.300315,6.9900,7.2200,6.7600,7.0800,6.9800,96878310,682316706.7000,3,3.725600,1,1.432700,0
2020-02-28,sz.300315,6.8100,7.0500,6.5900,6.5900,7.0800,98853307,671571167.8300,3,3.801500,1,-6.920900,0
2020-03-02,sz.300315,6.6900,6.9000,6.6000,6.7300,6.5900,84363114,566754507.1900,3,3.244300,1,2.124400,0
2020-03-03,sz.300315,6.8000,6.9400,6.5300,6.6000,6.7300,99896864,673661391.1400,3,3.841600,1,-1.931700,0
2020-03-04,sz.300315,6.4800,6.4800,6.1600,6.3300,6.6000,103824709,657769261.9200,3,3.992700,1,-4.090900,0
2020-03-05,sz.300315,6.4300,6.4600,6.2300,6.3500,6.3300,67700970,428662933.5300,3,2.603500,1,0.316000,0
2020-03-06,sz.300315,6.3100,6.5500,6.2000,6.3800,6.3500,66951186,427973971.1300,3,2.574700,1,0.472400,0
2020-03-09,sz.300315,6.3000,6.3200,5.9100,6.0000,6.3800,91999370,558039464.0900,3,3.537900,1,-5.956100,0
2020-03-10,sz.300315,5.8800,6.1300,5.7700,6.1300,6.0000,70478624,421945535.0000,3,2.710300,1,2.166700,0
2020-03-11,sz.300315,6.1400,6.1800,5.9100,5.9200,6.1300,58288559,351484236.6500,3,2.241500,1,-3.425800,0
2020-03-12,sz.300315,5.8400,6.0200,5.7300,5.9800,5.9200,48729387,288655104.4700,3,1.873900,1,1.013500,0
2020-03-13,sz.300315,5.7200,5.9600,5.6000,5.8500,5.9800,63799520,368859446.7300,3,2.453500,1,-2.173900,0
2020-03-16,sz.300315,5.9000,6.1400,5.8000,5.8400,5.8500,97681516,581606339.4900,3,3.756400,1,-0.170900,0
2020-03-17,sz.300315,5.9500,6.0300,5.7200,6.0100,5.8400,75752145,446778304.9100,3,2.913100,1,2.911000,0
2020-03-18,sz.300315,6.0800,6.2300,5.8700,5.9000,6.0100,84517041,513573916.6000,3,3.250200,1,-1.830300,0
2020-03-19,sz.300315,5.9200,6.2300,5.9100,6.2200,5.9000,107827827,658898161.1800,3,4.146600,1,5.423700,0
2020-03-20,sz.300315,6.2300,6.3400,6.0600,6.1600,6.2200,82193589,508560078.4000,3,3.160800,1,-0.964600,0
2020-03-23,sz.300315,6.0000,6.0700,5.5400,5.5900,6.1600,97593106,562165782.5800,3,3.753000,1,-9.253200,0
2020-03-24,sz.300315,5.7300,5.7700,5.1900,5.3900,5.5900,117766290,637371252.2400,3,4.528800,1,-3.577800,0
2020-03-25,sz.300315,5.5000,5.5500,5.3100,5.4600,5.3900,81779881,445507772.6000,3,3.144900,1,1.298700,0
2020-03-26,sz.300315,5.4000,5.5500,5.3200,5.4400,5.4600,55793180,304021116.4400,3,2.145600,1,-0.366300,0
2020-03-27,sz.300315,5.5000,5.5100,5.2200,5.2400,5.4400,64486914,344097377.1700,3,2.479900,1,-3.676500,0
2020-03-30,sz.300315,5.1600,5.2300,4.9100,5.1800,5.2400,61691354,313117073.6400,3,2.372400,1,-1.145000,0
2020-03-31,sz.300315,5.2300,5.3000,5.1300,5.1800,5.1800,36600717,190679082.0900,3,1.407500,1,0.000000,0
2020-04-01,sz.300315,5.1400,5.2300,5.0600,5.1100,5.1800,33815900,173930306.1900,3,1.300400,1,-1.351300,0
2020-04-02,sz.300315,5.0700,5.3700,5.0500,5.3700,5.1100,63801681,334669314.3200,3,2.453600,1,5.088100,0
2020-04-03,sz.300315,5.3700,5.4300,5.2300,5.2600,5.3700,30508100,162199066.5200,3,1.173200,1,-2.048400,0
2020-04-07,sz.300315,5.3700,5.5200,5.3500,5.4700,5.2600,46091491,250837021.7300,3,1.772500,1,3.992400,0
2020-04-08,sz.300315,5.4600,5.7200,5.4200,5.6600,5.4700,54984895,307595642.8700,3,2.114500,1,3.473500,0
2020-04-09,sz.300315,5.7000,5.9200,5.6400,5.8600,5.6600,53908036,311513170.1300,3,2.073100,1,3.533600,0
2020-04-10,sz.300315,5.6300,5.7000,5.5100,5.5700,5.8600,87082381,486220169.5300,3,3.348800,1,-4.948800,0
2020-04-13,sz.300315,5.5100,5.5400,5.3200,5.4400,5.5700,31080307,168372551.6600,3,1.195200,1,-2.333900,0
2020-04-14,sz.300315,5.4000,5.7300,5.4000,5.6700,5.4400,40200913,224621301.0400,3,1.546000,1,4.227900,0
2020-04-15,sz.300315,5.6500,5.8100,5.6100,5.6800,5.6700,37466065,213733444.9100,3,1.440800,1,0.176400,0
2020-04-16,sz.300315,5.6800,5.8200,5.6500,5.7700,5.6800,32767899,187773112.2700,3,1.260100,1,1.584500,0
2020-04-17,sz.300315,5.7500,5.8400,5.5800,5.6800,5.7700,44862889,255412654.1100,3,1.725200,1,-1.559800,0
2020-04-20,sz.300315,5.6500,5.7100,5.6000,5.7000,5.6800,26249404,148807684.1600,3,1.009500,1,0.352100,0
2020-04-21,sz.300315,5.7000,5.7100,5.5100,5.5300,5.7000,28798004,160067413.4500,3,1.107500,1,-2.982400,0
2020-04-22,sz.300315,5.5500,5.6100,5.4500,5.5900,5.5300,35865779,198345509.9300,3,1.379300,1,1.085000,0
2020-04-23,sz.300315,5.6000,5.6400,5.4600,5.5600,5.5900,27537220,152264103.4700,3,1.059000,1,-0.536700,0
2020-04-24,sz.300315,5.5600,5.5700,5.3400,5.3700,5.5600,28524334,154272374.3200,3,1.096900,1,-3.417300,0
2020-04-27,sz.300315,5.3900,5.4200,5.2700,5.3300,5.3700,24003425,127814614.2400,3,0.923100,1,-0.744900,0
2020-04-28,sz.300315,5.3100,5.3900,5.1000,5.2600,5.3300,28314060,148319627.9900,3,1.088800,1,-1.313300,0
2020-04-29,sz.300315,5.2800,5.3900,5.2200,5.3000,5.2600,22140976,117333463.2900,3,0.851500,1,0.760500,0
2020-04-30,sz.300315,5.3800,5.6900,5.3400,5.6400,5.3000,42341136,235770701.9700,3,1.628300,1,6.415100,0
2020-05-06,sz.300315,5.6100,5.7200,5.5600,5.7000,5.6400,45918827,259565482.0600,3,1.765900,1,1.063800,0
2020-05-07,sz.300315,5.7100,5.7800,5.6500,5.6800,5.7000,33319379,190233698.8600,3,1.281400,1,-0.350900,0
2020-05-08,sz.300315,5.7200,5.7800,5.6500,5.6600,5.6800,25889050,147525621.7100,3,0.995600,1,-0.352100,0
2020-05-11,sz.300315,5.6900,5.8800,5.6600,5.7200,5.6600,46604482,268199859.7000,3,1.792300,1,1.060100,0
2020-05-12,sz.300315,5.7100,5.7400,5.6100,5.7100,5.7200,21469280,121759564.3400,3,0.825600,1,-0.174800,0
2020-05-13,sz.300315,5.6600,5.7000,5.5600,5.6600,5.7100,36806549,207016327.6200,3,1.415500,1,-0.875700,0
2020-05-14,sz.300315,5.6200,6.1100,5.6000,5.9300,5.6600,96258277,571532885.3800,3,3.701800,1,4.770300,0
2020-05-15,sz.300315,5.9600,6.0000,5.6600,5.6900,5.9300,76133877,439706035.8000,3,2.927900,1,-4.047200,0
2020-05-18,sz.300315,5.6900,5.7300,5.5100,5.6000,5.6900,42847267,239506503.8100,3,1.647800,1,-1.581700,0
2020-05-19,sz.300315,5.5400,5.6500,5.5400,5.6100,5.6000,38728387,216302132.4400,3,1.489400,1,0.178600,0
2020-05-20,sz.300315,5.6100,5.8000,5.5300,5.6600,5.6100,41806190,236745344.8100,3,1.607700,1,0.891300,0
2020-05-21,sz.300315,5.6500,5.7200,5.5400,5.5700,5.6600,28990683,162916409.9200,3,1.114900,1,-1.590100,0
2020-05-22,sz.300315,5.5300,5.9400,5.5200,5.7800,5.5700,80174156,464382690.1600,3,3.083200,1,3.770200,0
2020-05-25,sz.300315,5.7100,6.1000,5.7100,6.0300,5.7800,75809431,451567658.6600,3,2.915400,1,4.325300,0
2020-05-26,sz.300315,6.0400,6.2200,5.9400,6.0200,6.0300,64086159,387265499.4600,3,2.464500,1,-0.165800,0
2020-05-27,sz.300315,6.0800,6.0900,5.9200,5.9400,6.0200,38317262,229190241.7300,3,1.473600,1,-1.328900,0
2020-05-28,sz.300315,5.9300,5.9800,5.8000,5.8800,5.9400,33478076,196836983.8500,3,1.287500,1,-1.010100,0
2020-05-29,sz.300315,5.8600,6.2700,5.8500,6.1100,5.8800,69941589,429227127.8800,3,2.689700,1,3.911600,0
2020-06-01,sz.300315,6.1600,6.3500,6.0900,6.2700,6.1100,59606488,373403749.0100,3,2.292300,1,2.618700,0
2020-06-02,sz.300315,6.4800,6.9000,6.4800,6.6400,6.2700,121453347,815517544.6000,3,4.614100,1,5.901100,0
2020-06-03,sz.300315,6.6100,6.8200,6.5300,6.5500,6.6400,68335786,454765643.9700,3,2.596100,1,-1.355400,0
2020-06-04,sz.300315,6.5600,6.6600,6.4200,6.4200,6.5500,42996216,278454596.5700,3,1.633500,1,-1.984700,0
2020-06-05,sz.300315,6.4800,6.6500,6.4300,6.4800,6.4200,49318073,321001501.3500,3,1.873600,1,0.934600,0
2020-06-08,sz.300315,6.5600,6.6600,6.4600,6.5300,6.4800,51999157,340869708.4400,3,1.975500,1,0.771600,0
2020-06-09,sz.300315,6.5100,6.7900,6.4400,6.6400,6.5300,58624198,388028665.6200,3,2.227200,1,1.684500,0
2020-06-10,sz.300315,6.6500,6.6900,6.5000,6.5700,6.6400,37153142,244179701.2200,3,1.411500,1,-1.054200,0
2020-06-11,sz.300315,6.6200,6.9800,6.5800,6.8600,6.5700,98120459,673394382.3600,3,3.727700,1,4.414000,0
2020-06-12,sz.300315,6.7100,7.1400,6.6600,7.1200,6.8600,125346619,873139856.8700,3,4.762000,1,3.790100,0
2020-06-15,sz.300315,7.2500,7.3000,6.8800,6.9100,7.1200,108057291,767423507.1700,3,4.105200,1,-2.949400,0
2020-06-16,sz.300315,7.0500,7.0600,6.6200,6.9700,6.9100,99313735,677916397.3500,3,3.773000,1,0.868300,0
2020-06-17,sz.300315,6.9000,7.1100,6.8100,6.9400,6.9700,59179460,410509906.7700,3,2.248300,1,-0.430400,0
2020-06-18,sz.300315,6.9700,7.0200,6.7000,6.7100,6.9400,54913059,372501500.3900,3,2.086200,1,-3.314100,0
2020-06-19,sz.300315,6.7700,6.8000,6.6300,6.6800,6.7100,61138326,409670524.3200,3,2.322700,1,-0.447100,0
2020-06-22,sz.300315,6.7000,6.8300,6.6300,6.7600,6.6800,48631306,327481341.6700,3,1.847500,1,1.197600,0
2020-06-23,sz.300315,6.7500,7.4000,6.6700,7.2700,6.7600,145937561,1034507792.8700,3,5.544300,1,7.544400,0
2020-06-24,sz.300315,7.2700,7.4200,7.2000,7.2700,7.2700,92508795,674468996.5800,3,3.514500,1,0.000000,0
2020-06-29,sz.300315,7.2500,7.3800,7.1200,7.2000,7.2700,66444848,481463570.7100,3,2.524300,1,-0.962900,0
2020-06-30,sz.300315,7.2600,7.5500,7.2100,7.3300,7.2000,70060140,518542142.8800,3,2.661600,1,1.805600,0
2020-07-01,sz.300315,7.3000,7.5500,7.0400,7.1200,7.3300,83173256,603931227.5900,3,3.159800,1,-2.864900,0
2020-07-02,sz.300315,7.1900,7.8300,7.1000,7.8300,7.1200,140575036,1080920662.8800,3,5.340500,1,9.971900,0
2020-07-03,sz.300315,7.8000,7.8600,7.5300,7.7200,7.8300,135298560,1042546935.1400,3,5.140100,1,-1.404900,0
2020-07-06,sz.300315,7.7500,8.0000,7.5900,7.9300,7.7200,131993971,1033611202.9600,3,5.014500,1,2.720200,0
2020-07-07,sz.300315,8.1000,8.7000,7.9000,8.4000,7.9300,167230797,1395292324.3400,3,6.353200,1,5.926900,0
2020-07-08,sz.300315,8.5600,9.2400,8.5000,9.1000,8.4000,181347859,1616245743.9000,3,6.889500,1,8.333300,0
2020-07-09,sz.300315,9.0000,9.9900,8.9000,9.4600,9.1000,193005346,1824777564.5500,3,7.332400,1,3.956000,0
2020-07-10,sz.300315,9.5500,9.6600,9.0800,9.3500,9.4600,129633237,1209632771.9300,3,4.924800,1,-1.162800,0
2020-07-13,sz.300315,9.3000,9.7500,9.1400,9.5800,9.3500,110137089,1044532505.6900,3,4.184200,1,2.459900,0
2020-07-14,sz.300315,9.5300,9.9100,9.1000,9.4700,9.5800,106526640,1012065507.7200,3,4.047000,1,-1.148200,0
2020-07-15,sz.300315,9.4800,9.4800,8.8000,8.8100,9.4700,105253282,950047681.4400,3,3.998600,1,-6.969400,0
2020-07-16,sz.300315,8.9900,9.0900,8.3600,8.3700,8.8100,95726990,837459987.3800,3,3.636700,1,-4.994300,0
2020-07-17,sz.300315,8.5500,9.0400,8.4100,8.7800,8.3700,106947078,936730615.5900,3,4.063000,1,4.898400,0
2020-07-20,sz.300315,8.7800,8.9000,8.5600,8.7900,8.7800,78367052,683202013.2600,3,2.977200,1,0.113900,0
2020-07-21,sz.300315,8.7500,8.9400,8.4200,8.6200,8.7900,81456893,705387142.5800,3,3.094600,1,-1.934000,0
2020-07-22,sz.300315,8.6700,8.8500,8.5200,8.6300,8.6200,65987303,573764745.6700,3,2.506900,1,0.116000,0
2020-07-23,sz.300315,8.5200,8.6200,8.2000,8.4200,8.6300,85460470,716185195.8500,3,3.246700,1,-2.433400,0
2020-07-24,sz.300315,8.3800,8.5100,7.6900,7.8000,8.4200,106296172,857082655.7900,3,4.038300,1,-7.363400,0
2020-07-27,sz.300315,7.9000,8.0900,7.7500,7.9600,7.8000,68849937,547095245.1500,3,2.615600,1,2.051300,0
2020-07-28,sz.300315,8.0800,8.6600,7.9500,8.6200,7.9600,109925009,916218153.6000,3,4.176100,1,8.291500,0
2020-07-29,sz.300315,8.6000,9.4800,8.5100,9.4800,8.6200,184140765,1718359231.1500,3,6.995600,1,9.976800,0
2020-07-30,sz.300315,9.3100,9.5600,9.1200,9.2800,9.4800,135760876,1260433407.4600,3,5.157600,1,-2.109700,0
2020-07-31,sz.300315,9.3700,9.5400,9.2000,9.3900,9.2800,94875332,889112712.6100,3,3.604400,1,1.185300,0
2020-08-03,sz.300315,9.6400,9.7200,9.2100,9.3600,9.3900,102071843,953967973.9600,3,3.877800,1,-0.319500,0
2020-08-04,sz.300315,9.3400,9.4000,9.0400,9.2200,9.3600,76421757,705806323.5500,3,2.903300,1,-1.495700,0
2020-08-05,sz.300315,9.2400,10.0800,9.2300,9.9400,9.2200,165499874,1615372384.8800,3,6.287400,1,7.809100,0
2020-08-06,sz.300315,9.9500,10.0300,9.4400,9.6000,9.9400,108368177,1048371213.3200,3,4.117000,1,-3.420500,0
2020-08-07,sz.300315,9.6500,9.7900,9.0800,9.2600,9.6000,78262116,732643063.1000,3,2.973200,1,-3.541700,0
2020-08-10,sz.300315,9.2400,9.3200,8.7700,8.9900,9.2600,69788061,629774911.7600,3,2.651300,1,-2.915800,0
2020-08-11,sz.300315,9.0000,9.1500,8.5000,8.5600,8.9900,95798339,843210625.2800,3,3.639400,1,-4.783100,0
2020-08-12,sz.300315,8.5800,8.6300,8.2400,8.4100,8.5600,72756264,611402135.9700,3,2.764100,1,-1.752300,0
2020-08-13,sz.300315,8.5400,8.5800,8.2500,8.2800,8.4100,65118744,543729224.8300,3,2.473900,1,-1.545800,0
2020-08-14,sz.300315,8.3100,8.7600,8.2600,8.5600,8.2800,77385110,656188822.3900,3,2.939900,1,3.381600,0
2020-08-17,sz.300315,8.5300,8.6200,8.3000,8.5900,8.5600,71193871,603229509.3500,3,2.704700,1,0.350500,0
2020-08-18,sz.300315,8.5900,8.6000,8.4000,8.4400,8.5900,55483633,469470471.7100,3,2.107900,1,-1.746200,0
2020-08-19,sz.300315,8.4700,8.4800,8.1300,8.1400,8.4400,61170492,503285545.8300,3,2.323900,1,-3.554500,0
2020-08-20,sz.300315,8.0900,8.2500,8.0000,8.1000,8.1400,54882345,444913404.8200,3,2.085000,1,-0.491400,0
2020-08-21,sz.300315,8.1300,8.6500,8.1300,8.4000,8.1000,100368558,846927272.1600,3,3.813100,1,3.703700,0
2020-08-24,sz.300315,8.3900,8.6000,8.0800,8.4800,8.4000,85280054,713959711.5800,3,3.239800,1,0.952400,0
2020-08-25,sz.300315,8.4600,8.8500,8.3400,8.6600,8.4800,96497256,831414026.6900,3,3.666000,1,2.122600,0
2020-08-26,sz.300315,8.5800,8.6000,8.1800,8.3600,8.6600,75480288,632592122.4000,3,2.867500,1,-3.464200,0
2020-08-27,sz.300315,8.5800,9.0800,8.4900,8.7200,8.3600,123447533,1082663063.0400,3,4.689800,1,4.306200,0
2020-08-28,sz.300315,8.7200,9.2000,8.7000,9.1200,8.7200,117835920,1061574781.0600,3,4.476700,1,4.587200,0
2020-08-31,sz.300315,9.0300,9.3300,8.8500,8.8600,9.1200,105354791,949720679.8300,3,4.002500,1,-2.850900,0
2020-09-01,sz.300315,8.7900,8.9400,8.5600,8.8600,8.8600,65480781,572603444.0700,3,2.487700,1,0.000000,0
2020-09-02,sz.300315,8.8600,9.2300,8.8400,9.1400,8.8600,103414391,934204096.7300,3,3.928800,1,3.160300,0
2020-09-03,sz.300315,9.1300,9.1300,8.7500,8.8000,9.1400,78407585,694823240.3500,3,2.978800,1,-3.719900,0
2020-09-04,sz.300315,8.5800,8.7900,8.4800,8.7100,8.8000,56292427,487289300.1500,3,2.138600,1,-1.022700,0
2020-09-07,sz.300315,8.7100,9.1500,8.7000,8.8300,8.7100,104376967,932187925.9800,3,3.965300,1,1.377700,0
2020-09-08,sz.300315,8.8300,9.1500,8.6100,9.1400,8.8300,107645947,959875944.2000,3,4.089500,1,3.510800,0
2020-09-09,sz.300315,8.9700,8.9700,8.5500,8.5600,9.1400,101989546,894955707.5600,3,3.874600,1,-6.345700,0
2020-09-10,sz.300315,8.6900,8.7300,7.6900,7.7700,8.5600,144386995,1159790669.8200,3,5.485300,1,-9.229000,0
2020-09-11,sz.300315,7.7200,7.8600,7.5400,7.7900,7.7700,99136507,763988951.0800,3,3.766300,1,0.257400,0
2020-09-14,sz.300315,7.8500,8.0600,7.7700,7.9900,7.7900,67284729,533613846.4300,3,2.556200,1,2.567400,0
2020-09-15,sz.300315,7.9900,8.4200,7.8500,7.9200,7.9900,96612046,783973798.8600,3,3.670300,1,-0.876100,0
2020-09-16,sz.300315,7.8900,7.9300,7.6000,7.7400,7.9200,68097614,526166118.6500,3,2.587100,1,-2.272700,0
2020-09-17,sz.300315,7.7100,7.8000,7.5600,7.6300,7.7400,53261582,407820254.6900,3,2.023400,1,-1.421200,0
2020-09-18,sz.300315,7.6400,7.7500,7.3800,7.7000,7.6300,84074693,636133441.3800,3,3.194000,1,0.917400,0
2020-09-21,sz.300315,7.7000,7.8200,7.5000,7.5400,7.7000,65048472,495540272.6200,3,2.471200,1,-2.077900,0
2020-09-22,sz.300315,7.4500,7.5500,7.3100,7.3300,7.5400,69388462,514747860.9800,3,2.636100,1,-2.785100,0
2020-09-23,sz.300315,7.3900,7.5200,7.3300,7.4600,7.3300,46603375,346344182.7300,3,1.770500,1,1.773500,0
2020-09-24,sz.300315,7.3900,8.0900,7.3800,7.5500,7.4600,170620156,1319244823.6900,3,6.482000,1,1.206400,0
2020-09-25,sz.300315,7.5000,7.5700,6.9100,7.0100,7.5500,129651876,924721395.9200,3,4.925600,1,-7.152300,0
2020-09-28,sz.300315,7.0700,7.4000,6.9700,7.0000,7.0100,83722733,596398707.8100,3,3.180700,1,-0.142700,0
2020-09-29,sz.300315,7.0700,7.0900,6.8900,6.9200,7.0000,70105848,488992929.2600,3,2.663400,1,-1.142900,0
2020-09-30,sz.300315,6.9400,6.9700,6.7100,6.8200,6.9200,63844109,436175496.8100,3,2.425500,1,-1.445100,0
2020-10-09,sz.300315,6.9500,7.1200,6.9100,7.0900,6.8200,81523387,575058518.4900,3,3.097100,1,3.958900,0
2020-10-12,sz.300315,7.1500,7.3000,7.0500,7.2900,7.0900,108945145,780795509.3400,3,4.138900,1,2.820900,0
2020-10-13,sz.300315,7.3000,7.3200,7.1200,7.2200,7.2900,65423147,470790695.7800,3,2.485500,1,-0.960200,0
2020-10-14,sz.300315,7.2200,7.3100,6.9900,7.0500,7.2200,78040940,554388944.1100,3,2.964800,1,-2.354600,0
2020-10-15,sz.300315,7.0500,7.0800,6.9100,6.9300,7.0500,46982095,328160512.6800,3,1.784900,1,-1.702100,0
2020-10-16,sz.300315,6.8800,7.0300,6.8500,6.9000,6.9300,45923031,317775791.2000,3,1.744600,1,-0.432900,0
2020-10-19,sz.300315,6.9400,6.9800,6.7500,6.7700,6.9000,44095052,302018336.0600,3,1.675200,1,-1.884100,0
2020-10-20,sz.300315,6.8300,7.1500,6.7700,7.1100,6.7700,79009119,552357428.1500,3,3.001600,1,5.022200,0
2020-10-21,sz.300315,7.1100,7.1400,6.8500,6.9100,7.1100,58008598,403371966.0900,3,2.203800,1,-2.812900,0
2020-10-22,sz.300315,6.9000,6.9700,6.8200,6.8900,6.9100,42075580,290646043.5900,3,1.598500,1,-0.289400,0
2020-10-23,sz.300315,6.9300,6.9500,6.4400,6.5500,6.8900,86246152,575391775.1800,3,3.276500,1,-4.934700,0
2020-10-26,sz.300315,6.5800,6.6600,6.4700,6.6000,6.5500,36636966,241201004.3800,3,1.391900,1,0.763400,0
2020-10-27,sz.300315,6.6000,6.6800,6.5000,6.6200,6.6000,40655479,268434954.7500,3,1.544500,1,0.303000,0
2020-10-28,sz.300315,6.6500,6.7100,6.4200,6.7100,6.6200,51489612,338904111.9600,3,1.956100,1,1.359500,0
2020-10-29,sz.300315,6.3900,6.9300,6.2300,6.8400,6.7100,106072005,709123053.3000,3,4.029700,1,1.937400,0
2020-10-30,sz.300315,6.8300,6.8600,6.4800,6.5000,6.8400,75726510,504182607.4100,3,2.876900,1,-4.970800,0
2020-11-02,sz.300315,6.5900,6.6000,6.1600,6.2100,6.5000,89056880,559826193.0700,3,3.383300,1,-4.461500,0
2020-11-03,sz.300315,6.2400,6.5500,6.1300,6.4500,6.2100,81568355,521272949.6800,3,3.098800,1,3.864700,0
2020-11-04,sz.300315,6.5700,6.5900,6.1900,6.2200,6.4500,72416565,454412122.2900,3,2.751100,1,-3.565900,0
2020-11-05,sz.300315,6.4500,6.7400,6.3800,6.4900,6.2200,116968749,762312671.5100,3,4.443700,1,4.340800,0
2020-11-06,sz.300315,6.5000,6.9800,6.4300,6.6500,6.4900,192017652,1286834159.8200,3,7.294900,1,2.465300,0
2020-11-09,sz.300315,6.6300,6.9400,6.5500,6.8800,6.6500,150396867,1024518202.6800,3,5.713700,1,3.458600,0
2020-11-10,sz.300315,6.8700,6.8700,6.5500,6.6600,6.8800,114781268,764018291.8800,3,4.360600,1,-3.197700,0
2020-11-11,sz.300315,6.6000,6.6300,6.3500,6.3600,6.6600,86535804,555710814.3800,3,3.287500,1,-4.504500,0
2020-11-12,sz.300315,6.4100,6.4700,6.2200,6.2600,6.3600,64682898,407491100.2600,3,2.457300,1,-1.572300,0
2020-11-13,sz.300315,6.2900,6.3100,6.1600,6.2800,6.2600,45322020,282875174.0400,3,1.721800,1,0.319500,0
2020-11-16,sz.300315,6.2800,6.3300,6.1700,6.1900,6.2800,64849618,402350119.8700,3,2.463700,1,-1.433100,0
2020-11-17,sz.300315,6.2100,6.2100,6.0000,6.1200,6.1900,64202782,389810545.4800,3,2.439100,1,-1.130900,0
2020-11-18,sz.300315,6.0900,6.2700,6.0600,6.2400,6.1200,55081919,340615513.1700,3,2.092600,1,1.960800,0
2020-11-19,sz.300315,6.2000,6.3500,6.1700,6.2400,6.2400,51746538,324477140.5000,3,1.965900,1,0.000000,0
2020-11-20,sz.300315,6.2400,6.2700,6.1300,6.2500,6.2400,38768901,240449193.1300,3,1.472900,1,0.160300,0
2020-11-23,sz.300315,6.2500,6.2700,6.1300,6.2100,6.2500,44717894,276798730.2100,3,1.698900,1,-0.640000,0
2020-11-24,sz.300315,6.2200,6.4200,6.1900,6.3700,6.2100,70978334,450124905.9100,3,2.696500,1,2.576500,0
2020-11-25,sz.300315,6.3900,6.5100,6.3500,6.3700,6.3700,66089251,424115306.5800,3,2.510800,1,0.000000,0
2020-11-26,sz.300315,6.3500,6.3900,6.1600,6.2000,6.3700,45103020,281827253.6100,3,1.713500,1,-2.668800,0
2020-11-27,sz.300315,6.1700,6.2500,6.1100,6.1700,6.2000,36245835,223246629.4400,3,1.377000,1,-0.483900,0
2020-11-30,sz.300315,6.1800,6.5900,6.1000,6.4400,6.1700,119332403,765134025.8800,3,4.533500,1,4.376000,0
2020-12-01,sz.300315,6.4200,6.7700,6.4100,6.6400,6.4400,158491511,1053629566.2600,3,6.021200,1,3.105600,0
2020-12-02,sz.300315,6.6600,6.6900,6.5000,6.5200,6.6400,90598182,595052220.9300,3,3.441900,1,-1.807200,0
2020-12-03,sz.300315,6.5100,6.6500,6.4700,6.5300,6.5200,75553050,493738714.3800,3,2.870300,1,0.153400,0
2020-12-04,sz.300315,6.5000,6.5200,6.3500,6.4000,6.5300,62493984,399978993.3900,3,2.374200,1,-1.990800,0
2020-12-07,sz.300315,6.4000,6.4000,6.2200,6.2300,6.4000,53966630,337987610.3100,3,2.050200,1,-2.656300,0
2020-12-08,sz.300315,6.2200,6.3500,6.1500,6.1900,6.2300,59582170,371089552.8600,3,2.263600,1,-0.642100,0
2020-12-09,sz.300315,6.1900,6.2100,6.0200,6.0200,6.1900,66692733,406078100.1600,3,2.533700,1,-2.746400,0
2020-12-10,sz.300315,6.0200,6.0300,5.7600,5.8000,6.0200,92856382,542802550.8000,3,3.527700,1,-3.654500,0
2020-12-11,sz.300315,5.7900,5.8000,5.4000,5.5000,5.8000,118466120,655325522.2800,3,4.500600,1,-5.172400,0
2020-12-14,sz.300315,5.5200,5.5500,5.4000,5.4500,5.5000,51955530,283931113.8500,3,1.973800,1,-0.909100,0
2020-12-15,sz.300315,5.4600,5.5300,5.4000,5.4600,5.4500,51430866,280487620.5900,3,1.953900,1,0.183500,0
2020-12-16,sz.300315,5.4800,5.4800,5.2300,5.2400,5.4600,74925874,397435530.7400,3,2.846500,1,-4.029300,0
2020-12-17,sz.300315,5.2400,5.3600,5.1400,5.3100,5.2400,72381895,381542908.2900,3,2.749800,1,1.335900,0
2020-12-18,sz.300315,5.3400,5.3500,5.1900,5.2600,5.3100,57144983,300344270.6400,3,2.171000,1,-0.941600,0
2020-12-21,sz.300315,5.2900,5.3400,5.2000,5.2900,5.2600,55242115,291949753.8800,3,2.098700,1,0.570300,0
2020-12-22,sz.300315,5.2900,5.4200,5.1600,5.2000,5.2900,96436856,506641357.0500,3,3.663700,1,-1.701300,0
2020-12-23,sz.300315,5.1600,5.1800,5.0200,5.1000,5.2000,80720295,410730656.9900,3,3.066600,1,-1.923100,0
2020-12-24,sz.300315,5.0800,5.0800,4.8000,4.8100,5.1000,96664053,475094792.3900,3,3.672300,1,-5.686300,0
2020-12-25,sz.300315,4.8100,5.0400,4.8100,4.9900,4.8100,73741177,364842440.1900,3,2.801500,1,3.742200,0
2020-12-28,sz.300315,4.9400,5.0300,4.8500,4.9100,4.9900,54098072,266879748.2900,3,2.055200,1,-1.603200,0
2020-12-29,sz.300315,4.9700,5.2200,4.9300,5.1100,4.9100,96855324,495372872.1100,3,3.679600,1,4.073300,0
2020-12-30,sz.300315,5.1100,5.2200,5.0500,5.1400,5.1100,67853474,349224609.3100,3,2.577800,1,0.587100,0
2020-12-31,sz.300315,5.1000,5.2000,5.0600,5.1100,5.1400,63397011,324963889.0700,3,2.408500,1,-0.583700,0
