date,code,open,high,low,close,preclose,volume,amount,adjustflag,turn,tradestatus,pctChg,isST
2022-01-04,sh.000852,8045.0957,8060.9903,7948.9137,7983.0677,8010.3235,22595770600,309512979161.1000,3,2.751894,1,-0.340258,0
2022-01-05,sh.000852,7968.7389,7968.9176,7733.5067,7781.6778,7983.0677,21879149500,299531733404.3000,3,2.663707,1,-2.522713,0
2022-01-06,sh.000852,7743.8624,7863.5489,7721.7784,7844.5166,7781.6778,19273502800,259362890666.4000,3,2.346581,1,0.807523,0
2022-01-07,sh.000852,7841.1337,7867.4898,7681.1250,7682.6973,7844.5166,21444128100,276004630982.0000,3,2.610766,1,-2.062833,0
2022-01-10,sh.000852,7669.0450,7756.9704,7624.9336,7734.1865,7682.6973,18311847400,243826238697.0000,3,0.000000,1,0.670197,0
2022-01-11,sh.000852,7734.5362,7768.7439,7632.0716,7646.6932,7734.1865,18425667700,246010054172.2000,3,2.243173,1,-1.131254,0
2022-01-12,sh.000852,7691.8450,7779.5237,7682.5524,7779.5237,7646.6932,17902877000,249094030938.8000,3,2.178948,1,1.737097,0
2022-01-13,sh.000852,7781.3108,7781.3108,7644.7873,7644.7873,7779.5237,19671881300,258476507677.6000,3,2.394210,1,-1.731936,0
2022-01-14,sh.000852,7611.2909,7714.4965,7590.1936,7675.3707,7644.7873,19543728600,258256239440.8000,3,2.377944,1,0.400056,0
2022-01-17,sh.000852,7687.7103,7815.6558,7683.3755,7808.0861,7675.3707,19904867000,283638423266.5000,3,2.421466,1,1.729107,0
2022-01-18,sh.000852,7808.9899,7827.1863,7743.7191,7758.6048,7808.0861,22194515200,298301903760.0000,3,2.699925,1,-0.633719,0
2022-01-19,sh.000852,7728.1576,7745.8112,7617.0571,7665.1848,7758.6048,18817084400,252520833835.3000,3,2.288989,1,-1.204082,0
2022-01-20,sh.000852,7664.1197,7672.7618,7488.8588,7492.6095,7665.1848,19987617500,262493949534.5000,3,2.431377,1,-2.251417,0
2022-01-21,sh.000852,7474.7553,7493.0205,7384.4037,7388.7443,7492.6095,17662856700,229180680728.3000,3,2.147903,1,-1.386235,0
2022-01-24,sh.000852,7346.3861,7462.5267,7332.9977,7425.4020,7388.7443,15441582700,208467434780.5000,3,1.877118,1,0.496129,0
2022-01-25,sh.000852,7398.7631,7440.5452,7133.0663,7133.0663,7425.4020,17857699900,220574271352.9000,3,2.169150,1,-3.936968,0
2022-01-26,sh.000852,7158.5673,7226.6386,7071.4707,7171.0289,7133.0663,14307247500,177201522835.4000,3,1.737753,1,0.532206,0
2022-01-27,sh.000852,7178.5439,7191.4839,6959.4648,6960.1096,7171.0289,14678637100,176645968675.9000,3,1.783096,1,-2.941270,0
2022-01-28,sh.000852,6996.7679,7071.3194,6861.4739,6973.0104,6960.1096,13898434400,170642747207.7000,3,1.688277,1,0.185353,0
2022-02-07,sh.000852,7080.6116,7102.4202,7037.1567,7061.6204,6973.0104,14550630500,172407917150.6000,3,1.851313,1,1.270757,0
2022-02-08,sh.000852,7058.2468,7080.6181,6928.9024,7080.6181,7061.6204,16090040200,181069632951.7000,3,1.951780,1,0.269027,0
2022-02-09,sh.000852,7083.4255,7212.7513,7056.6174,7211.4299,7080.6181,17239973100,208591945488.0000,3,2.090932,1,1.847463,0
2022-02-10,sh.000852,7208.5675,7222.1866,7126.0691,7175.6171,7211.4299,16578145400,197454786520.8000,3,2.009948,1,-0.496612,0
2022-02-11,sh.000852,7140.9296,7151.2352,7024.7932,7033.8514,7175.6171,16861516500,207661884883.3000,3,2.044290,1,-1.975659,0
2022-02-14,sh.000852,6991.6334,7096.5532,6961.3009,7006.0752,7033.8514,14721781200,177109077371.9000,3,1.788221,1,-0.394893,0
2022-02-15,sh.000852,7020.1331,7125.0964,6990.4005,7124.8489,7006.0752,14329760100,178296061341.6000,3,1.740738,1,1.695296,0
2022-02-16,sh.000852,7164.2292,7201.0819,7132.0806,7183.1058,7124.8489,14718897200,181452903119.6000,3,1.787990,1,0.817658,0
2022-02-17,sh.000852,7169.7202,7265.0303,7146.5920,7220.6066,7183.1058,16594406800,211816617035.5000,3,2.015799,1,0.522069,0
2022-02-18,sh.000852,7174.5870,7252.0600,7164.2676,7251.7923,7220.6066,15609702700,187819463219.6000,3,1.895512,1,0.431899,0
2022-02-21,sh.000852,7264.4445,7334.9097,7259.7550,7334.5912,7251.7923,16984784800,209089466896.1000,3,2.062316,1,1.141772,0
2022-02-22,sh.000852,7310.6572,7310.6572,7212.2734,7279.2355,7334.5912,17950263400,228319653233.3000,3,2.178497,1,-0.754721,0
2022-02-23,sh.000852,7290.7030,7450.3998,7289.7436,7450.3998,7279.2355,18273048500,254406852942.4000,3,2.217733,1,2.351405,0
2022-02-24,sh.000852,7414.4655,7481.1437,7174.7841,7285.1172,7450.3998,25572058500,330551055989.1000,3,3.103105,1,-2.218439,0
2022-02-25,sh.000852,7346.8536,7435.4011,7344.7761,7361.9573,7285.1172,17775700400,239033138200.0000,3,2.156852,1,1.054754,0
2022-02-28,sh.000852,7370.4315,7419.8306,7291.0757,7419.8306,7361.9573,16740203000,227995523680.7000,3,2.031200,1,0.786113,0
2022-03-01,sh.000852,7433.7457,7454.9024,7379.8180,7429.4432,7419.8306,16618706100,228666185140.2000,3,2.016441,1,0.129553,0
2022-03-02,sh.000852,7400.9465,7421.6395,7341.8328,7414.3087,7429.4432,16020992100,209899647508.6000,3,1.943908,1,-0.203710,0
2022-03-03,sh.000852,7440.9403,7446.4699,7334.2761,7342.6135,7414.3087,18318194700,224684682742.7000,3,2.222570,1,-0.966984,0
2022-03-04,sh.000852,7299.9956,7360.2580,7219.6406,7241.5625,7342.6135,17843841900,219627323042.6000,3,2.165017,1,-1.376227,0
2022-03-07,sh.000852,7230.8106,7230.8106,7050.3511,7085.7316,7241.5625,16605177500,212810973374.7000,3,2.014634,1,-2.151896,0
2022-03-08,sh.000852,7089.5123,7118.5060,6824.0330,6871.2202,7085.7316,19196062700,242299631185.6000,3,2.328153,1,-3.027371,0
2022-03-09,sh.000852,6889.5084,6925.5507,6511.9079,6796.0393,6871.2202,21326191400,251456777514.9000,3,2.585868,1,-1.094142,0
2022-03-10,sh.000852,6946.5760,7017.2769,6914.8914,6952.5204,6796.0393,18535447100,239213381233.0000,3,2.247430,1,2.302534,0
2022-03-11,sh.000852,6856.8740,7001.6024,6778.5927,6990.7781,6952.5204,18099318400,229253721341.0000,3,2.193961,1,0.550271,0
2022-03-14,sh.000852,6938.2241,6972.9054,6800.5947,6800.5947,6990.7781,16266211800,209426537953.1000,3,1.971387,1,-2.720490,0
2022-03-15,sh.000852,6745.5976,6790.2437,6473.4807,6473.4807,6800.5947,19575081400,232508541805.1000,3,2.372474,1,-4.810079,0
2022-03-16,sh.000852,6586.8229,6704.1802,6330.4053,6692.9664,6473.4807,19755896700,246843416946.7000,3,2.394251,1,3.390536,0
2022-03-17,sh.000852,6777.7384,6934.4932,6768.6051,6818.5448,6692.9664,20505438900,273063659428.0000,3,2.485057,1,1.876274,0
2022-03-18,sh.000852,6792.3237,6882.6569,6773.4568,6879.3659,6818.5448,17389040500,209608678636.2000,3,2.106988,1,0.891995,0
2022-03-21,sh.000852,6886.0315,6983.5214,6867.3053,6954.4056,6879.3659,17942838800,224493452291.0000,3,2.173909,1,1.090794,0
2022-03-22,sh.000852,6938.9702,6976.3938,6893.6482,6923.4427,6954.4056,17845627100,214266470541.3000,3,2.161043,1,-0.445227,0
2022-03-23,sh.000852,6938.5127,6989.7220,6910.3250,6966.9526,6923.4427,17594221200,207033471588.1000,3,2.130535,1,0.628443,0
2022-03-24,sh.000852,6934.1254,6950.7437,6847.1719,6900.8066,6966.9526,17591786500,208970254471.2000,3,2.129686,1,-0.949425,0
2022-03-25,sh.000852,6906.6791,6939.8718,6819.5546,6819.8127,6900.8066,17381859700,207338041616.1000,3,2.103995,1,-1.173687,0
2022-03-28,sh.000852,6772.4442,6828.3971,6692.9086,6767.2513,6819.8127,16839860900,191046714992.8000,3,2.038282,1,-0.770716,0
2022-03-29,sh.000852,6785.3780,6808.8779,6700.4099,6725.6770,6767.2513,16620169600,194872626141.3000,3,2.011018,1,-0.614345,0
2022-03-30,sh.000852,6750.0048,6864.7486,6734.0734,6864.7486,6725.6770,17132580300,196283755398.3000,3,2.073312,1,2.067771,0
2022-03-31,sh.000852,6846.3333,6846.3333,6760.0469,6772.0652,6864.7486,19567908400,222112491729.6000,3,2.367779,1,-1.350135,0
2022-04-01,sh.000852,6723.2585,6790.7646,6688.7010,6772.6042,6772.0652,17153058600,189378818008.6000,3,2.075582,1,0.007959,0
2022-04-06,sh.000852,6769.7394,6769.7394,6711.3040,6764.2883,6772.6042,17993276300,194867322322.7000,3,2.176166,1,-0.122787,0
2022-04-07,sh.000852,6736.3355,6768.4510,6623.5857,6623.5857,6764.2883,18843268400,200882260975.9000,3,2.278962,1,-2.080080,0
2022-04-08,sh.000852,6635.6927,6644.7641,6496.1835,6575.2832,6623.5857,19157407400,206608721145.4000,3,2.316989,1,-0.729250,0
2022-04-11,sh.000852,6544.2921,6544.2921,6297.3906,6328.0652,6575.2832,20420829200,213999658201.4000,3,2.468964,1,-3.759808,0
2022-04-12,sh.000852,6314.2162,6414.5006,6259.0516,6414.4186,6328.0652,19367685700,196890756063.2000,3,2.341157,1,1.364610,0
2022-04-13,sh.000852,6381.7827,6388.7023,6286.2509,6286.2509,6414.4186,18443405000,189187911522.1000,3,2.228850,1,-1.998119,0
2022-04-14,sh.000852,6313.1003,6388.5558,6294.3684,6359.7083,6286.2509,17575473200,183660827023.3000,3,2.122763,1,1.168541,0
2022-04-15,sh.000852,6328.2314,6334.4817,6229.4086,6275.0725,6359.7083,19000752100,200901915929.8000,3,2.294841,1,-1.330813,0
2022-04-18,sh.000852,6233.4211,6339.1064,6164.4363,6326.0246,6275.0725,15896483600,166723132879.7000,3,1.919795,1,0.811976,0
2022-04-19,sh.000852,6324.4186,6379.4262,6304.2523,6345.7861,6326.0246,15094162800,166851629256.6000,3,1.821898,1,0.312384,0
2022-04-20,sh.000852,6347.7995,6351.6358,6208.7928,6234.2514,6345.7861,16535743000,174579261330.1000,3,1.995859,1,-1.757618,0
2022-04-21,sh.000852,6206.1763,6236.5498,5966.0254,5981.3843,6234.2514,17345490600,177864921933.0000,3,2.092720,1,-4.056094,0
2022-04-22,sh.000852,5937.3910,5965.4131,5851.2278,5891.8083,5981.3843,14472919500,151155936368.4000,3,1.745893,1,-1.497580,0
2022-04-25,sh.000852,5776.1798,5776.1798,5431.6079,5431.6079,5891.8083,18316667300,174524590815.4000,3,2.208245,1,-7.810852,0
2022-04-26,sh.000852,5432.6106,5483.0283,5251.5195,5266.5515,5431.6079,17832332200,165807825798.2000,3,2.148168,1,-3.038813,0
2022-04-27,sh.000852,5192.5047,5541.1073,5164.7494,5540.7173,5266.5515,19292727100,184237856946.0000,3,2.322591,1,5.205794,0
2022-04-28,sh.000852,5501.5232,5578.6172,5425.7711,5493.9075,5540.7173,16971405800,176020109305.4000,3,2.041447,1,-0.844833,0
2022-04-29,sh.000852,5534.1731,5753.0836,5517.7227,5734.4931,5493.9075,18666054900,194308131750.2000,3,2.244900,1,4.379135,0
2022-05-05,sh.000852,5723.1838,5884.3790,5712.0581,5836.9281,5734.4931,16893297500,179484911787.9000,3,2.030278,1,1.786296,0
2022-05-06,sh.000852,5690.1412,5812.4760,5665.9299,5764.6919,5836.9281,15419636300,153608753805.5000,3,1.852850,1,-1.237572,0
2022-05-09,sh.000852,5749.9015,5857.7089,5749.9015,5840.8902,5764.6919,13894347400,136636743005.1000,3,1.669365,1,1.321810,0
2022-05-10,sh.000852,5761.8473,5952.7225,5746.7163,5950.6674,5840.8902,16963005400,175537619100.7000,3,2.037603,1,1.879460,0
2022-05-11,sh.000852,5959.7890,6147.8584,5959.7890,6003.0282,5950.6674,20631109300,225487279213.4000,3,2.477383,1,0.879915,0
2022-05-12,sh.000852,5971.2090,6061.1798,5964.8290,6034.5727,6003.0282,16680991900,171688073432.1000,3,2.003056,1,0.525476,0
2022-05-13,sh.000852,6058.9991,6079.1592,6001.9133,6071.6673,6034.5727,15470886300,156378893962.3000,3,1.857211,1,0.614701,0
2022-05-16,sh.000852,6110.9935,6154.6976,6057.3246,6082.8819,6071.6673,15881493700,162466414862.2000,3,1.905876,1,0.184704,0
2022-05-17,sh.000852,6079.2970,6120.8441,6013.7036,6118.4572,6082.8819,16098087200,174362784450.6000,3,1.932327,1,0.584843,0
2022-05-18,sh.000852,6124.3780,6183.4569,6103.6253,6127.8036,6118.4572,15180257000,164756082820.5000,3,1.821369,1,0.152757,0
2022-05-19,sh.000852,6032.7273,6180.1862,6020.4066,6180.1862,6127.8036,16151231400,175297021843.4000,3,1.937085,1,0.854835,0
2022-05-20,sh.000852,6203.9144,6263.4432,6176.1266,6263.4432,6180.1862,16785941700,187575882309.7000,3,2.012097,1,1.347160,0
2022-05-23,sh.000852,6284.5988,6345.0006,6267.8318,6343.4672,6263.4432,16486654400,186473051012.3000,3,1.973414,1,1.277636,0
2022-05-24,sh.000852,6343.8855,6345.1231,6081.6423,6081.6423,6343.4672,19839760000,221027385077.4000,3,2.374423,1,-4.127473,0
2022-05-25,sh.000852,6079.9378,6188.2694,6070.9618,6188.2694,6081.6423,16135372500,169986108956.5000,3,1.930447,1,1.753262,0
2022-05-26,sh.000852,6195.2106,6252.5560,6095.7539,6227.0994,6188.2694,16844023500,175940574556.0000,3,2.013783,1,0.627478,0
2022-05-27,sh.000852,6252.3633,6283.7234,6157.8143,6210.0937,6227.0994,17056578300,177212700091.3000,3,2.036759,1,-0.273092,0
2022-05-30,sh.000852,6231.6352,6282.3554,6171.7356,6282.3554,6210.0937,15920076000,169965799928.8000,3,1.899341,1,1.163617,0
2022-05-31,sh.000852,6283.1598,6356.5540,6224.6136,6353.3468,6282.3554,17355118000,194983645616.1000,3,2.067172,1,1.130012,0
2022-06-01,sh.000852,6332.3926,6398.3542,6316.5824,6373.3182,6353.3468,17299185200,189585194724.1000,3,2.060035,1,0.314345,0
2022-06-02,sh.000852,6349.5602,6449.9749,6329.0674,6442.9338,6373.3182,16494743300,190173332798.6000,3,1.962314,1,1.092298,0
2022-06-06,sh.000852,6449.5460,6612.7985,6449.2408,6604.9759,6442.9338,18317628200,236744951514.8000,3,2.178056,1,2.515036,0
2022-06-07,sh.000852,6613.1652,6631.3245,6539.7121,6597.8349,6604.9759,18767937200,226233068180.8000,3,2.231454,1,-0.108115,0
2022-06-08,sh.000852,6594.9158,6660.0918,6474.2258,6608.8922,6597.8349,19632241500,235551929179.4000,3,2.333277,1,0.167590,0
2022-06-09,sh.000852,6591.9201,6591.9201,6453.6521,6490.3753,6608.8922,17804143900,207132899085.8000,3,2.115403,1,-1.793294,0
2022-06-10,sh.000852,6446.8066,6630.2635,6438.8025,6627.7477,6490.3753,17692093600,216472763741.9000,3,2.099302,1,2.116556,0
2022-06-13,sh.000852,6582.6886,6683.9138,6573.5692,6674.8036,6627.7477,20085724100,239249879350.0000,3,2.342647,1,0.709983,0
2022-06-14,sh.000852,6607.1159,6665.2530,6460.4332,6665.2530,6674.8036,20722404500,237101198949.7000,3,2.416882,1,-0.143084,0
2022-06-15,sh.000852,6671.0527,6759.3760,6653.7617,6653.7617,6665.2530,22859663500,259960615605.2000,3,2.663956,1,-0.172406,0
2022-06-16,sh.000852,6651.2002,6755.6309,6651.2002,6696.7629,6653.7617,20419071000,233202108586.0000,3,2.379101,1,0.646269,0
2022-06-17,sh.000852,6652.5391,6782.4896,6643.1024,6774.7375,6696.7629,19554498400,241013889303.3000,3,2.277503,1,1.164363,0
2022-06-20,sh.000852,6787.3407,6874.3763,6783.6193,6848.7548,6774.7375,20285537800,261623249044.0000,3,2.361437,1,1.092549,0
2022-06-21,sh.000852,6849.7331,6854.9210,6709.3641,6779.1447,6848.7548,19610562200,242436586881.9000,3,2.280000,1,-1.016391,0
2022-06-22,sh.000852,6781.8655,6811.5475,6688.3923,6691.8118,6779.1447,17949715700,219574888485.0000,3,2.086531,1,-1.288258,0
2022-06-23,sh.000852,6694.2484,6845.4548,6649.9285,6845.4548,6691.8118,19268003200,238813201794.2000,3,2.238083,1,2.295985,0
2022-06-24,sh.000852,6865.3582,6954.4533,6862.4642,6931.6542,6845.4548,19953205300,260609800888.9000,3,2.314884,1,1.259221,0
2022-06-27,sh.000852,6968.1341,7012.1212,6940.5156,7002.9340,6931.6542,20925864300,274018808658.6000,3,2.424039,1,1.028323,0
2022-06-28,sh.000852,7001.2571,7081.2823,6956.2954,7079.7247,7002.9340,21470714400,272953953626.8000,3,2.486560,1,1.096550,0
2022-06-29,sh.000852,7061.7915,7075.5173,6900.9926,6900.9926,7079.7247,22928002500,291483505808.0000,3,2.654578,1,-2.524563,0
2022-06-30,sh.000852,6909.7387,7032.6697,6909.7387,6995.5297,6900.9926,19246161000,250604924014.4000,3,2.226339,1,1.369906,0
2022-07-01,sh.000852,6999.6770,7039.8504,6967.4839,6994.5009,6995.5297,17805449400,233832177532.7000,3,2.059541,1,-0.014707,0
2022-07-04,sh.000852,6985.0534,7076.3219,6928.4012,7076.3219,6994.5009,18118035700,252318362548.6000,3,2.095307,1,1.169790,0
2022-07-05,sh.000852,7081.9016,7098.5729,6950.2368,7036.0020,7076.3219,20439861000,264570261821.4000,3,2.362699,1,-0.569786,0
2022-07-06,sh.000852,7014.4512,7041.8720,6890.9273,6953.9802,7036.0020,18211458500,238627648649.0000,3,2.104411,1,-1.165744,0
2022-07-07,sh.000852,6955.5319,7053.4512,6910.0868,7041.8666,6953.9802,17030424200,228172329064.6000,3,1.967374,1,1.263829,0
2022-07-08,sh.000852,7067.0328,7084.8969,6990.7406,7000.7850,7041.8666,17451569000,229822927630.6000,3,2.014699,1,-0.583391,0
2022-07-11,sh.000852,6976.0956,6976.0956,6830.4695,6893.6346,7000.7850,17454946200,222946715643.6000,3,2.015074,1,-1.530548,0
2022-07-12,sh.000852,6891.5793,6911.8035,6779.5552,6779.5552,6893.6346,16805720000,210812628177.3000,3,1.939342,1,-1.654851,0
2022-07-13,sh.000852,6780.6119,6855.0679,6737.8762,6834.9024,6779.5552,16726815300,203183722359.7000,3,1.930247,1,0.816384,0
2022-07-14,sh.000852,6823.0925,6954.9138,6809.1021,6920.8735,6834.9024,18406491500,236000197167.8000,3,2.123117,1,1.257825,0
2022-07-15,sh.000852,6889.8101,6966.0435,6852.8163,6852.8163,6920.8735,19862573500,249001066013.0000,3,2.291063,1,-0.983361,0
2022-07-18,sh.000852,6868.2993,6953.9319,6839.1318,6953.9319,6852.8163,18204798500,234953104950.2000,3,2.097221,1,1.475533,0
2022-07-19,sh.000852,6956.8634,7033.2500,6932.7365,7009.3239,6953.9319,18224049200,235415924701.9000,3,2.098285,1,0.796557,0
2022-07-20,sh.000852,7028.7918,7110.1043,7019.5129,7110.1043,7009.3239,18153371900,241532114467.3000,3,2.089435,1,1.437805,0
2022-07-21,sh.000852,7098.2697,7134.2176,7067.1473,7075.2943,7110.1043,19676974000,260583934969.9000,3,2.264545,1,-0.489585,0
2022-07-22,sh.000852,7081.5627,7124.3035,6969.4308,7034.5975,7075.2943,17303097300,221488794666.4000,3,1.989098,1,-0.575196,0
2022-07-25,sh.000852,7037.7554,7068.3408,6933.8186,6948.9088,7034.5975,16239084400,210550924686.3000,3,0.000000,1,-1.218104,0
2022-07-26,sh.000852,6949.1898,7031.1124,6901.9321,7027.4189,6948.9088,14721844500,194799480701.9000,3,1.691359,1,1.129819,0
2022-07-27,sh.000852,7018.2244,7109.5393,7005.0698,7099.4335,7027.4189,15226912800,206541488861.0000,3,1.749345,1,1.024766,0
2022-07-28,sh.000852,7138.3164,7196.7307,7112.7436,7150.1980,7099.4335,18035430500,241095066353.0000,3,2.071516,1,0.715050,0
2022-07-29,sh.000852,7152.3253,7179.4714,7105.3349,7117.4341,7150.1980,17684117900,231274234716.1000,3,2.030466,1,-0.458224,0
2022-08-01,sh.000852,7100.7119,7180.4544,7055.6067,7180.4544,7117.4341,16280303200,228160015439.3000,3,0.000000,1,0.885436,0
2022-08-02,sh.000852,7098.1829,7098.1829,6872.7542,6957.9819,7180.4544,22308828700,279667759204.9000,3,2.560914,1,-3.098307,0
2022-08-03,sh.000852,6968.2919,7079.8536,6893.5238,6916.6704,6957.9819,19904630100,267708334073.9000,3,2.284918,1,-0.593728,0
2022-08-04,sh.000852,6953.9832,6977.3924,6853.6962,6960.3118,6916.6704,15789606500,210363578736.7000,3,1.812508,1,0.630960,0
2022-08-05,sh.000852,6975.8897,7096.4347,6961.6460,7090.0027,6960.3118,17084849600,239898855818.0000,3,1.961191,1,1.863292,0
2022-08-08,sh.000852,7082.5358,7176.4835,7062.3669,7176.1050,7090.0027,15856130500,232418782735.5000,3,1.820116,1,1.214418,0
2022-08-09,sh.000852,7168.9596,7207.3961,7131.3362,7207.3961,7176.1050,16291287800,235299436684.7000,3,1.869732,1,0.436046,0
2022-08-10,sh.000852,7183.1815,7231.4319,7169.8802,7212.0752,7207.3961,15963661800,233901774523.7000,3,1.830072,1,0.064921,0
2022-08-11,sh.000852,7241.7323,7295.8915,7212.3996,7294.4863,7212.0752,17950620700,248429232286.3000,3,2.057884,1,1.142682,0
2022-08-12,sh.000852,7287.6510,7311.8938,7228.3421,7228.8345,7294.4863,18128890500,235585532128.7000,3,2.078194,1,-0.900020,0
2022-08-15,sh.000852,7218.0913,7296.3373,7215.2042,7283.5000,7228.8345,16908259700,224364656908.2000,3,1.938178,1,0.756215,0
2022-08-16,sh.000852,7290.2408,7356.1096,7280.9231,7324.6198,7283.5000,18367482000,241350466890.4000,3,2.105354,1,0.564561,0
2022-08-17,sh.000852,7330.4818,7342.6962,7280.5736,7328.6735,7324.6198,18361214000,245094600753.4000,3,2.104431,1,0.055343,0
2022-08-18,sh.000852,7315.4098,7358.7071,7298.9297,7351.4373,7328.6735,17637769200,242504373692.6000,3,2.020966,1,0.310613,0
2022-08-19,sh.000852,7353.4344,7369.7314,7234.4052,7234.4052,7351.4373,19077446600,256614238593.5000,3,2.185936,1,-1.591962,0
2022-08-22,sh.000852,7214.4808,7289.3086,7170.2037,7288.5766,7234.4052,17266760300,232384012725.9000,3,1.978340,1,0.748802,0
2022-08-23,sh.000852,7275.3834,7310.1297,7267.7859,7306.0209,7288.5766,17106706900,228827949562.1000,3,1.959988,1,0.239338,0
2022-08-24,sh.000852,7312.5540,7315.1008,7029.8782,7039.4103,7306.0209,20752160200,261715052645.5000,3,2.377657,1,-3.649190,0
2022-08-25,sh.000852,7065.3359,7080.7254,6930.8387,7016.3057,7039.4103,17435131200,214927185144.0000,3,1.996772,1,-0.328218,0
2022-08-26,sh.000852,7032.6553,7103.8343,6966.0658,6980.1803,7016.3057,16172503600,208825351114.9000,3,1.849904,1,-0.514878,0
2022-08-29,sh.000852,6884.7298,7022.7944,6858.4310,7021.3148,6980.1803,15357144500,190249844424.1000,3,1.756498,1,0.589304,0
2022-08-30,sh.000852,7018.7227,7025.4635,6943.1440,6976.7218,7021.3148,15383292500,190519769579.9000,3,1.756377,1,-0.635109,0
2022-08-31,sh.000852,6954.5087,6966.9915,6738.5243,6750.7429,6976.7218,16655993000,208164754908.9000,3,1.901461,1,-3.239041,0
2022-09-01,sh.000852,6757.0061,6819.6172,6698.8382,6717.1001,6750.7429,13682129000,167515966847.7000,3,1.561659,1,-0.498357,0
