date,code,open,high,low,close,preclose,volume,amount,adjustflag,turn,tradestatus,pctChg,isST
2022-01-04,sh.601696,13.4500,13.5200,13.3100,13.4800,13.4500,15644886,210212634.0200,3,1.077700,1,0.223000,0
2022-01-05,sh.601696,13.4800,13.9900,13.4500,13.6000,13.4800,35731336,490521078.9600,3,2.461400,1,0.890200,0
2022-01-06,sh.601696,13.4100,13.6100,13.3400,13.4500,13.6000,22348999,301263442.7400,3,1.539500,1,-1.102900,0
2022-01-07,sh.601696,13.5600,13.7400,13.3800,13.4300,13.4500,20462911,277247525.3700,3,1.409600,1,-0.148700,0
2022-01-10,sh.601696,13.4300,13.4800,13.3100,13.4600,13.4300,13204158,177153575.8200,3,0.909600,1,0.223400,0
2022-01-11,sh.601696,13.4900,13.6900,13.4100,13.5600,13.4600,19136811,259515215.5000,3,1.318200,1,0.742900,0
2022-01-12,sh.601696,13.7500,13.8100,13.5600,13.6600,13.5600,16781173,229097796.2300,3,1.156000,1,0.737500,0
2022-01-13,sh.601696,13.7000,13.7500,13.4800,13.4900,13.6600,16553300,225610801.6000,3,1.140300,1,-1.244500,0
2022-01-14,sh.601696,13.4100,13.4600,13.1700,13.2200,13.4900,18396477,245218272.5600,3,1.267300,1,-2.001500,0
2022-01-17,sh.601696,13.2200,13.3200,13.1800,13.2400,13.2200,11888304,157429185.2700,3,0.818900,1,0.151300,0
2022-01-18,sh.601696,13.0500,13.0600,12.7200,12.9000,13.2400,31168564,401498839.4600,3,2.147100,1,-2.568000,0
2022-01-19,sh.601696,12.8200,13.0300,12.8200,12.9200,12.9000,13916513,179796503.8700,3,0.958600,1,0.155000,0
2022-01-20,sh.601696,12.8600,13.1300,12.7700,12.9200,12.9200,23012414,297654522.7800,3,1.585200,1,0.000000,0
2022-01-21,sh.601696,12.8500,12.9300,12.7400,12.7600,12.9200,15412109,197250038.8100,3,1.061700,1,-1.238400,0
2022-01-24,sh.601696,12.7500,12.8000,12.5500,12.5700,12.7600,16252834,205664951.2800,3,1.119600,1,-1.489000,0
2022-01-25,sh.601696,12.5700,12.7900,12.3500,12.3500,12.5700,22368096,282360491.0300,3,1.540800,1,-1.750200,0
2022-01-26,sh.601696,12.3500,12.5500,12.1100,12.4300,12.3500,22450171,276894030.2400,3,1.546500,1,0.647800,0
2022-01-27,sh.601696,12.3000,12.3500,11.9500,12.0100,12.4300,18818934,228457380.3700,3,1.296400,1,-3.378900,0
2022-01-28,sh.601696,12.1000,12.2500,12.0200,12.0700,12.0100,14026081,170071723.3100,3,0.966200,1,0.499600,0
2022-02-07,sh.601696,12.2400,12.3100,12.0500,12.0700,12.0700,15265218,185260767.9400,3,1.051600,1,0.000000,0
2022-02-08,sh.601696,12.0700,12.2800,12.0200,12.2500,12.0700,20379355,248181765.1100,3,1.403800,1,1.491300,0
2022-02-09,sh.601696,12.2500,12.3300,12.2000,12.2600,12.2500,19091511,234001306.1900,3,1.315100,1,0.081600,0
2022-02-10,sh.601696,12.2600,12.2700,12.0900,12.1900,12.2600,20952815,255302345.7800,3,1.443300,1,-0.571000,0
2022-02-11,sh.601696,12.1600,12.3000,12.0000,12.0900,12.1900,29554889,358047078.4900,3,2.035900,1,-0.820300,0
2022-02-14,sh.601696,11.9800,11.9900,11.7500,11.8000,12.0900,19941783,235912493.3800,3,1.373700,1,-2.398700,0
2022-02-15,sh.601696,11.8000,11.8600,11.7500,11.8200,11.8000,14500046,171131651.7000,3,0.998800,1,0.169500,0
2022-02-16,sh.601696,11.8800,11.9200,11.8400,11.9000,11.8200,12145139,144257883.0800,3,0.836600,1,0.676800,0
2022-02-17,sh.601696,11.9000,11.9300,11.8100,11.8100,11.9000,9796642,116187050.6100,3,0.674800,1,-0.756300,0
2022-02-18,sh.601696,11.7100,11.9300,11.7000,11.9000,11.8100,9854348,116468620.4400,3,0.678800,1,0.762100,0
2022-02-21,sh.601696,11.9300,12.1400,11.8900,12.0900,11.9000,17667031,212801348.0400,3,1.217000,1,1.596600,0
2022-02-22,sh.601696,12.0000,12.1700,11.9500,12.0100,12.0900,15249876,183946548.2900,3,1.050500,1,-0.661700,0
2022-02-23,sh.601696,12.0100,12.1600,12.0000,12.0900,12.0100,14165196,170998440.1700,3,0.975800,1,0.666100,0
2022-02-24,sh.601696,12.0100,12.0800,11.6000,11.7000,12.0900,22806073,269737123.5400,3,1.571000,1,-3.225800,0
2022-02-25,sh.601696,11.7800,11.9300,11.7200,11.7600,11.7000,12785622,151029831.3100,3,0.880700,1,0.512800,0
2022-02-28,sh.601696,11.7500,11.8000,11.6000,11.7200,11.7600,10592464,123655280.0000,3,0.729700,1,-0.340100,0
2022-03-01,sh.601696,11.7300,11.8200,11.6900,11.8200,11.7200,9266989,109034889.0000,3,0.638400,1,0.853200,0
2022-03-02,sh.601696,11.7200,11.8200,11.7000,11.7600,11.8200,10824941,127147306.0000,3,0.745700,1,-0.507600,0
2022-03-03,sh.601696,11.8000,11.9200,11.7900,11.8300,11.7600,13563901,160759598.0000,3,0.934400,1,0.595200,0
2022-03-04,sh.601696,11.7500,11.8000,11.6400,11.7400,11.8300,12511493,146477935.0000,3,0.861900,1,-0.760800,0
2022-03-07,sh.601696,11.7100,11.7200,11.4400,11.5000,11.7400,13719520,159151377.0000,3,0.945100,1,-2.044300,0
2022-03-08,sh.601696,11.4800,11.6100,11.0200,11.0600,11.5000,18999896,215308131.0000,3,1.308800,1,-3.826100,0
2022-03-09,sh.601696,11.1200,11.1400,10.3100,10.7300,11.0600,21221215,228289456.0000,3,1.461800,1,-2.983700,0
2022-03-10,sh.601696,10.9800,11.0000,10.7200,10.7700,10.7300,13611400,147759447.0000,3,0.937600,1,0.372800,0
2022-03-11,sh.601696,10.6200,11.8500,10.4900,11.8500,10.7700,33957644,388066128.0000,3,2.339200,1,10.027900,0
2022-03-14,sh.601696,12.2000,13.0400,12.1200,13.0400,11.8500,161752823,2072069888.0000,3,11.142400,1,10.042200,0
2022-03-15,sh.601696,12.7100,13.6800,12.5800,12.8000,13.0400,188218225,2459514560.0000,3,12.965500,1,-1.840500,0
2022-03-16,sh.601696,12.3500,14.0800,11.9000,14.0800,12.8000,191808972,2518744944.0000,3,13.212900,1,10.000000,0
2022-03-17,sh.601696,14.7700,14.9100,13.5500,13.5600,14.0800,264725304,3778182928.0000,3,18.235700,1,-3.693200,0
2022-03-18,sh.601696,13.2500,13.8400,13.1500,13.4700,13.5600,152703186,2055431372.9300,3,10.519000,1,-0.663700,0
2022-03-21,sh.601696,13.1100,13.8600,13.0000,13.5800,13.4700,127816510,1724395581.2900,3,8.804700,1,0.816600,0
2022-03-22,sh.601696,13.3300,13.7000,13.1300,13.3100,13.5800,101488949,1358702250.2600,3,6.991100,1,-1.988200,0
2022-03-23,sh.601696,13.2100,13.5400,13.1700,13.2200,13.3100,76314650,1019701420.1100,3,5.257000,1,-0.676200,0
2022-03-24,sh.601696,13.0000,13.2200,12.6800,12.9600,13.2200,75828256,983617296.7200,3,5.223500,1,-1.966700,0
2022-03-25,sh.601696,12.8800,13.1500,12.6100,12.7000,12.9600,67801594,873048036.9500,3,4.670500,1,-2.006200,0
2022-03-28,sh.601696,12.4100,13.0000,12.3100,12.7700,12.7000,63781595,811109733.5800,3,4.393600,1,0.551200,0
2022-03-29,sh.601696,12.7000,12.8500,11.9500,12.1300,12.7700,78703979,972681600.3200,3,5.421600,1,-5.011700,0
2022-03-30,sh.601696,12.3300,13.3400,12.2800,13.3400,12.1300,111175723,1429630966.9600,3,7.658400,1,9.975300,0
2022-03-31,sh.601696,12.9700,13.9300,12.9000,13.4000,13.3400,148661483,1984503307.6700,3,10.240600,1,0.449800,0
2022-04-01,sh.601696,13.3000,14.3600,13.2100,13.9600,13.4000,154891603,2147279301.6200,3,10.669800,1,4.179100,0
2022-04-06,sh.601696,13.6000,14.0700,13.5200,13.9000,13.9600,98160238,1355276586.5600,3,6.761800,1,-0.429800,0
2022-04-07,sh.601696,13.9800,14.3800,13.6800,13.9100,13.9000,134112334,1883721695.1700,3,9.238400,1,0.071900,0
2022-04-08,sh.601696,13.8000,14.3300,13.4200,13.9500,13.9100,115603909,1604949689.6900,3,7.963400,1,0.287600,0
2022-04-11,sh.601696,13.6600,13.7400,13.2100,13.2400,13.9500,93508030,1255517200.4500,3,6.441300,1,-5.089600,0
2022-04-12,sh.601696,13.2000,14.5600,13.1700,14.5600,13.2400,135044499,1910955649.2000,3,9.302600,1,9.969800,0
2022-04-13,sh.601696,14.4900,16.0200,14.3300,15.1100,14.5600,282096256,4276367043.3600,3,19.432300,1,3.777500,0
2022-04-14,sh.601696,14.7100,15.2900,14.3200,14.5800,15.1100,218056474,3214038520.4800,3,15.020900,1,-3.507600,0
2022-04-15,sh.601696,14.3000,14.5400,13.6100,14.0800,14.5800,153694827,2162569890.5500,3,10.587300,1,-3.429400,0
2022-04-18,sh.601696,13.6200,13.8600,13.1200,13.2800,14.0800,117586714,1567736871.6000,3,8.100000,1,-5.681800,0
2022-04-19,sh.601696,13.1800,13.3700,12.9900,13.1000,13.2800,76495906,1006950348.1500,3,5.269500,1,-1.355400,0
2022-04-20,sh.601696,13.2200,13.6500,13.1200,13.2700,13.1000,110061442,1471436984.9200,3,7.581600,1,1.297700,0
2022-04-21,sh.601696,13.0100,14.3500,12.9200,13.8100,13.2700,147660026,2019238652.6500,3,10.171600,1,4.069300,0
2022-04-22,sh.601696,13.6000,14.5000,13.5100,13.8700,13.8100,141966385,2005294253.8900,3,9.779400,1,0.434500,0
2022-04-25,sh.601696,13.4300,14.9000,13.3500,14.2800,13.8700,181515273,2599838264.5100,3,12.503800,1,2.956000,0
2022-04-26,sh.601696,14.2800,14.3400,12.9500,14.1200,14.2800,164311816,2255071676.2400,3,11.318700,1,-1.120400,0
2022-04-27,sh.601696,13.6900,14.0600,13.2000,13.7100,14.1200,125525516,1718997153.8800,3,8.646900,1,-2.903700,0
2022-04-28,sh.601696,13.3100,13.5300,12.3400,12.3400,13.7100,140732912,1812139922.7200,3,9.694500,1,-9.992700,0
2022-04-29,sh.601696,12.8300,13.0800,12.2100,12.5200,12.3400,132364594,1673862351.2300,3,9.118000,1,1.458700,0
2022-05-05,sh.601696,12.0100,12.4700,11.7500,12.2900,12.5200,87233712,1061915058.9200,3,6.009100,1,-1.837100,0
2022-05-06,sh.601696,12.1200,12.7500,12.1100,12.3300,12.2900,90462785,1134675803.3000,3,6.231600,1,0.325500,0
2022-05-09,sh.601696,12.1000,12.4500,11.9800,12.2400,12.3300,60542495,738002373.6500,3,4.170500,1,-0.729900,0
2022-05-10,sh.601696,12.1200,12.9700,12.1000,12.7100,12.2400,99421491,1248912616.5500,3,6.848700,1,3.839900,0
2022-05-11,sh.601696,12.6900,13.1200,12.5500,12.5700,12.7100,109784714,1405639195.5800,3,7.562600,1,-1.101500,0
2022-05-12,sh.601696,12.5600,12.7800,12.1800,12.3800,12.5700,80687514,1005419035.9500,3,5.558200,1,-1.511500,0
2022-05-13,sh.601696,12.4300,12.5300,12.1000,12.3300,12.3800,56712616,696284325.3700,3,3.906700,1,-0.403900,0
2022-05-16,sh.601696,12.4400,12.4800,12.1400,12.2200,12.3300,45979525,563883099.1000,3,3.167300,1,-0.892100,0
2022-05-17,sh.601696,12.2100,12.3300,11.7800,12.3000,12.2200,55903603,675025867.2500,3,3.850900,1,0.654700,0
2022-05-18,sh.601696,12.3700,12.6800,12.2300,12.5000,12.3000,85446455,1068313871.8500,3,5.886000,1,1.626000,0
2022-05-19,sh.601696,12.2500,12.6700,12.1800,12.6700,12.5000,69357566,865811328.3600,3,4.777700,1,1.360000,0
2022-05-20,sh.601696,12.6800,12.8300,12.5100,12.6000,12.6700,80652537,1019205358.3400,3,5.555800,1,-0.552500,0
2022-05-23,sh.601696,12.6300,12.7100,12.5100,12.6300,12.6000,54744916,690249884.5900,3,3.771100,1,0.238100,0
2022-05-24,sh.601696,12.6300,12.6700,11.9000,11.9100,12.6300,74262642,909527401.7000,3,5.115600,1,-5.700700,0
2022-05-25,sh.601696,12.0100,12.0400,11.8100,11.9300,11.9100,42905040,511149904.5500,3,2.955500,1,0.167900,0
2022-05-26,sh.601696,11.9500,12.3000,11.3600,12.1000,11.9300,83985300,998085519.3700,3,5.785400,1,1.425000,0
2022-05-27,sh.601696,12.0500,12.2400,11.8100,11.8800,12.1000,51300594,614955851.7900,3,3.533900,1,-1.818200,0
2022-05-30,sh.601696,11.8800,11.9000,11.6800,11.8000,11.8800,37742777,445377970.7200,3,2.599900,1,-0.673400,0
2022-05-31,sh.601696,11.7000,12.1500,11.7000,12.0300,11.8000,58377757,698637569.4000,3,4.021400,1,1.949200,0
2022-06-01,sh.601696,12.0100,12.1000,11.8300,11.8900,12.0300,41028875,490986158.3300,3,2.826300,1,-1.163800,0
2022-06-02,sh.601696,11.8100,12.0600,11.7300,11.9200,11.8900,40878732,486382308.9100,3,2.816000,1,0.252300,0
2022-06-06,sh.601696,11.8900,12.2500,11.7800,12.1700,11.9200,67130762,810160647.4100,3,4.624300,1,2.097300,0
2022-06-07,sh.601696,12.1400,12.7500,12.1100,12.5200,12.1700,120359352,1511221265.1200,3,8.291000,1,2.875900,0
2022-06-08,sh.601696,12.5400,12.8200,12.4000,12.7000,12.5200,90308569,1139006832.1600,3,6.221000,1,1.437700,0
2022-06-09,sh.601696,12.7500,13.4600,12.6500,12.8700,12.7000,122200989,1592053692.1000,3,8.417900,1,1.338600,0
2022-06-10,sh.601696,12.7100,14.0800,12.6400,13.8700,12.8700,173220726,2312090586.0600,3,11.932400,1,7.770000,0
2022-06-13,sh.601696,13.5000,13.9200,13.3300,13.5400,13.8700,131069000,1776925671.9400,3,9.028800,1,-2.379200,0
2022-06-14,sh.601696,13.0000,14.8900,13.0000,14.5400,13.5400,163246904,2248366586.7300,3,11.245300,1,7.385500,0
2022-06-15,sh.601696,14.8000,15.8200,14.2500,14.2500,14.5400,236580360,3567421468.8700,3,16.297000,1,-1.994500,0
2022-06-16,sh.601696,14.3400,15.6700,13.5800,14.5400,14.2500,223351878,3284526336.0400,3,15.385700,1,2.035100,0
2022-06-17,sh.601696,14.1300,14.3500,13.6000,13.9000,14.5400,175837864,2452285030.5800,3,12.112700,1,-4.401700,0
2022-06-20,sh.601696,13.9100,14.5800,13.8500,14.1300,13.9000,117923421,1679554119.6100,3,8.123200,1,1.654700,0
2022-06-21,sh.601696,14.1000,14.4000,13.6300,13.8800,14.1300,97505038,1360050096.2600,3,6.716700,1,-1.769300,0
2022-06-22,sh.601696,13.8900,13.9900,13.4300,13.4900,13.8800,82066093,1126152029.7500,3,5.653200,1,-2.809800,0
2022-06-23,sh.601696,13.4500,13.9600,13.3700,13.8200,13.4900,93476577,1279631825.5800,3,6.439200,1,2.446300,0
2022-06-24,sh.601696,13.8700,14.1500,13.6700,13.9400,13.8200,81537480,1137662343.8800,3,5.616800,1,0.868300,0
2022-06-27,sh.601696,14.0700,14.3400,13.8700,13.9400,13.9400,78274180,1102580146.7300,3,5.392000,1,0.000000,0
2022-06-28,sh.601696,13.8100,14.1500,13.6000,13.9700,13.9400,74634529,1029665626.2200,3,5.141200,1,0.215200,0
2022-06-29,sh.601696,13.8800,14.1200,13.3900,13.4100,13.9700,87004761,1198884117.2400,3,5.993400,1,-4.008600,0
2022-06-30,sh.601696,13.2500,13.6600,13.2000,13.3000,13.4100,69333991,931028137.9900,3,4.776100,1,-0.820300,0
2022-07-01,sh.601696,13.3600,13.4300,13.1600,13.2000,13.3000,40052875,531714859.0500,3,2.759100,1,-0.751900,0
2022-07-04,sh.601696,13.2400,13.4000,13.1400,13.2900,13.2000,42180480,559939258.6000,3,2.905600,1,0.681800,0
2022-07-05,sh.601696,13.3100,13.3700,12.9500,13.0900,13.2900,44834676,588240413.4500,3,3.088500,1,-1.504900,0
2022-07-06,sh.601696,13.0700,13.1500,12.8300,12.9800,13.0900,43201980,562056994.6400,3,2.976000,1,-0.840300,0
2022-07-07,sh.601696,12.9400,13.1000,12.8800,12.9200,12.9800,33833589,439505972.0300,3,2.330600,1,-0.462200,0
2022-07-08,sh.601696,12.9400,13.2100,12.9200,12.9400,12.9200,43224898,564008865.8800,3,2.977600,1,0.154800,0
2022-07-11,sh.601696,12.9100,12.9300,12.7100,12.8100,12.9400,34072129,436661616.9800,3,2.347100,1,-1.004600,0
2022-07-12,sh.601696,12.8700,13.1000,12.7600,12.8300,12.8100,42107035,543088011.2000,3,2.900600,1,0.156100,0
2022-07-13,sh.601696,12.7900,12.9200,12.7400,12.7900,12.8300,30302352,388348534.1700,3,2.087400,1,-0.311800,0
2022-07-14,sh.601696,12.7900,12.9500,12.5800,12.7500,12.7900,34620464,441526270.1500,3,2.384800,1,-0.312700,0
2022-07-15,sh.601696,12.6700,12.7400,12.2600,12.2700,12.7500,45656752,571097044.0600,3,3.145100,1,-3.764700,0
2022-07-18,sh.601696,12.3300,12.5000,12.2700,12.4900,12.2700,26806791,333071284.9700,3,1.846600,1,1.793000,0
2022-07-19,sh.601696,12.5100,12.6300,12.4300,12.5900,12.4900,25302417,316994028.7800,3,1.743000,1,0.800600,0
2022-07-20,sh.601696,12.5900,12.6500,12.5300,12.5600,12.5900,19478931,245073774.4900,3,1.341800,1,-0.238300,0
2022-07-21,sh.601696,12.5300,12.6400,12.4400,12.4600,12.5600,22031962,275956581.6900,3,1.517700,1,-0.796200,0
2022-07-22,sh.601696,12.4800,12.6300,12.2500,12.3400,12.4600,30178328,375103539.8700,3,2.078800,1,-0.963100,0
2022-07-25,sh.601696,12.3400,12.7500,12.2700,12.3900,12.3400,37000863,463609476.0200,3,2.548800,1,0.405200,0
2022-07-26,sh.601696,12.3500,12.5200,12.3200,12.4900,12.3900,21815399,271212724.6100,3,1.502800,1,0.807100,0
2022-07-27,sh.601696,12.4400,12.8000,12.4200,12.6800,12.4900,41425227,524564801.0000,3,2.853600,1,1.521200,0
2022-07-28,sh.601696,12.8500,12.9300,12.7000,12.7100,12.6800,44883762,575825942.5100,3,3.091800,1,0.236600,0
2022-07-29,sh.601696,12.7100,12.7700,12.5600,12.5800,12.7100,27987109,354416946.9500,3,1.927900,1,-1.022800,0
2022-08-01,sh.601696,12.5300,12.5500,12.2800,12.4600,12.5800,25186699,312235815.0300,3,1.735000,1,-0.953900,0
2022-08-02,sh.601696,12.3000,12.3000,11.5800,11.8500,12.4600,55156591,654658359.7200,3,3.799500,1,-4.895700,0
2022-08-03,sh.601696,11.8900,12.1700,11.7300,11.7500,11.8500,30118261,360358150.6400,3,2.074700,1,-0.843900,0
2022-08-04,sh.601696,11.8600,11.9900,11.7700,11.9400,11.7500,23115986,274602007.0000,3,1.592400,1,1.617000,0
2022-08-05,sh.601696,11.9100,12.2600,11.9100,12.2400,11.9400,33430000,404376347.0000,3,2.302800,1,2.512600,0
2022-08-08,sh.601696,12.1600,12.2600,12.1400,12.2100,12.2400,23089090,281716333.0000,3,1.590500,1,-0.245100,0
2022-08-09,sh.601696,12.1700,12.3200,12.1000,12.1500,12.2100,20284630,247206310.0000,3,1.397300,1,-0.491400,0
2022-08-10,sh.601696,12.1300,12.3000,12.0500,12.1800,12.1500,21299900,259519273.0000,3,1.467300,1,0.246900,0
2022-08-11,sh.601696,12.2600,12.9000,12.2000,12.8200,12.1800,75399595,950828718.0000,3,5.193900,1,5.254500,0
2022-08-12,sh.601696,12.6600,12.8600,12.5700,12.7500,12.8200,42060250,535359536.0000,3,2.897300,1,-0.546000,0
2022-08-15,sh.601696,12.6600,13.1400,12.6100,12.8900,12.7500,50768369,652983413.9800,3,3.497200,1,1.098000,0
2022-08-16,sh.601696,12.9000,13.0300,12.7600,12.8000,12.8900,30320048,389477051.6900,3,2.088600,1,-0.698200,0
2022-08-17,sh.601696,12.8000,13.0500,12.7200,12.9500,12.8000,44799232,578809128.0900,3,3.086000,1,1.171900,0
2022-08-18,sh.601696,12.9000,12.9500,12.7700,12.8700,12.9500,29749176,382296683.4000,3,2.049300,1,-0.617800,0
2022-08-19,sh.601696,12.8500,12.9000,12.6500,12.6700,12.8300,27847922,355978376.9300,3,1.918300,1,-1.247100,0
2022-08-22,sh.601696,12.5500,12.8000,12.5500,12.7100,12.6700,20209530,256375885.0400,3,1.392100,1,0.315700,0
2022-08-23,sh.601696,12.7100,12.9700,12.6200,12.8100,12.7100,32530481,415985183.1100,3,2.240900,1,0.786800,0
2022-08-24,sh.601696,12.7600,13.0900,12.3800,12.3800,12.8100,54603504,696551821.9600,3,3.761400,1,-3.356800,0
2022-08-25,sh.601696,12.4200,12.7500,12.3800,12.6800,12.3800,38898519,488047300.1600,3,2.679500,1,2.423300,0
2022-08-26,sh.601696,12.6000,12.8800,12.5300,12.6200,12.6800,29056661,369351187.5900,3,2.001600,1,-0.473200,0
2022-08-29,sh.601696,12.4700,12.6100,12.1800,12.4300,12.6200,27392715,338562080.6700,3,1.887000,1,-1.505500,0
2022-08-30,sh.601696,12.4500,12.7000,12.4000,12.5600,12.4300,26221017,328864206.3300,3,1.806200,1,1.045900,0
2022-08-31,sh.601696,12.5200,12.6800,12.3400,12.5100,12.5600,35025361,439164886.9500,3,2.412700,1,-0.398100,0
2022-09-01,sh.601696,12.4800,12.5200,12.1200,12.1600,12.5100,32102049,394667500.3000,3,2.211400,1,-2.797800,0
