date,code,open,high,low,close,preclose,volume,amount,adjustflag,turn,tradestatus,pctChg,isST
2022-01-04,sh.600525,6.0000,6.0400,5.9500,6.0200,5.9800,12028720,72148844.2200,3,0.921200,1,0.668900,0
2022-01-05,sh.600525,6.0400,6.0400,5.8900,5.9200,6.0200,9742453,58022606.5400,3,0.746100,1,-1.661100,0
2022-01-06,sh.600525,5.8800,5.9900,5.8700,5.9600,5.9200,8485560,50325981.2000,3,0.649800,1,0.675700,0
2022-01-07,sh.600525,5.9900,6.0000,5.8600,5.8800,5.9600,10624492,62824034.5200,3,0.813700,1,-1.342300,0
2022-01-10,sh.600525,5.8600,5.9100,5.7600,5.9000,5.8800,8369623,48987324.4500,3,0.641000,1,0.340100,0
2022-01-11,sh.600525,5.9100,5.9500,5.8900,5.9100,5.9000,7033281,41656743.5200,3,0.538600,1,0.169500,0
2022-01-12,sh.600525,5.9300,5.9700,5.9000,5.9400,5.9100,6540602,38800474.8200,3,0.500900,1,0.507600,0
2022-01-13,sh.600525,5.9300,5.9300,5.8600,5.8800,5.9400,10121608,59626034.7000,3,0.775100,1,-1.010100,0
2022-01-14,sh.600525,5.8800,5.9100,5.8000,5.8100,5.8800,8741368,51156787.8600,3,0.669400,1,-1.190500,0
2022-01-17,sh.600525,5.7900,5.8500,5.7600,5.8200,5.8100,7881468,45722053.6800,3,0.603600,1,0.172100,0
2022-01-18,sh.600525,5.7900,5.8700,5.7500,5.7800,5.8200,9008000,52145148.7800,3,0.689900,1,-0.687300,0
2022-01-19,sh.600525,5.7900,5.7900,5.6400,5.6900,5.7800,11025820,63037491.2000,3,0.844400,1,-1.557100,0
2022-01-20,sh.600525,5.6600,5.7300,5.5800,5.5900,5.6900,9095774,51321653.8800,3,0.696600,1,-1.757500,0
2022-01-21,sh.600525,5.5800,5.6900,5.5400,5.6100,5.5900,8108294,45540909.7300,3,0.621000,1,0.357800,0
2022-01-24,sh.600525,5.5500,5.6800,5.5500,5.5900,5.6100,6378120,35682947.2000,3,0.488500,1,-0.356500,0
2022-01-25,sh.600525,5.5900,5.6200,5.2500,5.2900,5.5900,21352506,114723113.4100,3,1.635200,1,-5.366700,0
2022-01-26,sh.600525,5.3000,5.3900,5.2700,5.3400,5.2900,9418645,50184594.7600,3,0.721300,1,0.945200,0
2022-01-27,sh.600525,5.3200,5.3600,5.1900,5.1900,5.3400,8618900,45155765.2400,3,0.660100,1,-2.809000,0
2022-01-28,sh.600525,5.2000,5.2500,5.1300,5.1900,5.1900,5739597,29820837.7500,3,0.439600,1,0.000000,0
2022-02-07,sh.600525,5.1000,5.2600,4.6900,5.2600,5.1900,16917637,84939081.0900,3,1.295600,1,1.348700,0
2022-02-08,sh.600525,5.2000,5.2800,5.1400,5.2700,5.2600,9151175,47665121.8600,3,0.700800,1,0.190100,0
2022-02-09,sh.600525,5.2100,5.3600,5.2100,5.3600,5.2700,7412318,39188886.4500,3,0.567700,1,1.707800,0
2022-02-10,sh.600525,5.3600,5.5100,5.3200,5.3600,5.3600,11684840,63152802.2700,3,0.894900,1,0.000000,0
2022-02-11,sh.600525,5.3400,5.3500,5.1600,5.1800,5.3600,9117519,47863449.1700,3,0.698200,1,-3.358200,0
2022-02-14,sh.600525,5.1900,5.2700,5.1200,5.1700,5.1800,6079600,31588760.0000,3,0.465600,1,-0.193100,0
2022-02-15,sh.600525,5.1500,5.2000,5.1300,5.1800,5.1700,4195460,21658979.4000,3,0.321300,1,0.193400,0
2022-02-16,sh.600525,5.2300,5.6000,5.2300,5.4000,5.1800,16280331,88728784.1500,3,1.246800,1,4.247100,0
2022-02-17,sh.600525,5.3900,5.4100,5.2700,5.3100,5.4000,10230698,54607684.5400,3,0.783500,1,-1.666700,0
2022-02-18,sh.600525,5.2100,5.3300,5.2100,5.3100,5.3100,5097880,26847459.7900,3,0.390400,1,0.000000,0
2022-02-21,sh.600525,5.3000,5.3700,5.2600,5.3400,5.3100,5800929,30824584.0500,3,0.444300,1,0.565000,0
2022-02-22,sh.600525,5.3800,5.4700,5.3000,5.4600,5.3400,11342606,61052870.5400,3,0.868600,1,2.247200,0
2022-02-23,sh.600525,5.4600,5.4900,5.4100,5.4600,5.4600,6369212,34633473.7100,3,0.487800,1,0.000000,0
2022-02-24,sh.600525,5.4500,5.4600,5.2000,5.2400,5.4600,12163020,64714378.6300,3,0.931500,1,-4.029300,0
2022-02-25,sh.600525,5.2800,5.3700,5.2600,5.3000,5.2400,6791257,36016461.4400,3,0.520100,1,1.145000,0
2022-02-28,sh.600525,5.3000,5.3200,5.1900,5.2400,5.3000,6053508,31734114.0000,3,0.463600,1,-1.132100,0
2022-03-01,sh.600525,5.2400,5.3200,5.2300,5.2800,5.2400,4502862,23731678.0000,3,0.344800,1,0.763400,0
2022-03-02,sh.600525,5.2400,5.2800,5.2200,5.2700,5.2800,4893147,25691054.0000,3,0.374700,1,-0.189400,0
2022-03-03,sh.600525,5.2800,5.2900,5.2200,5.2200,5.2700,6025451,31608153.0000,3,0.461400,1,-0.948800,0
2022-03-04,sh.600525,5.1800,5.2700,5.1500,5.1700,5.2200,5994620,31175516.0000,3,0.459100,1,-0.957900,0
2022-03-07,sh.600525,5.1200,5.1500,5.0300,5.0500,5.1700,8532783,43275043.0000,3,0.653500,1,-2.321100,0
2022-03-08,sh.600525,5.0600,5.0900,4.9100,4.9300,5.0500,7378121,36743862.0000,3,0.565000,1,-2.376200,0
2022-03-09,sh.600525,4.9700,5.0500,4.6900,4.9600,4.9300,11549963,56407610.0000,3,0.884500,1,0.608500,0
2022-03-10,sh.600525,5.0600,5.0600,4.9600,4.9900,4.9600,7548287,37826935.0000,3,0.578100,1,0.604800,0
2022-03-11,sh.600525,4.9500,5.0300,4.8500,5.0300,4.9900,6926785,34118154.0000,3,0.530500,1,0.801600,0
2022-03-14,sh.600525,5.0000,5.0300,4.9000,4.9200,5.0300,5515000,27412803.0000,3,0.422400,1,-2.186900,0
2022-03-15,sh.600525,4.8600,4.8700,4.6000,4.6400,4.9200,9575225,45583488.0000,3,0.733300,1,-5.691100,0
2022-03-16,sh.600525,4.7200,4.7800,4.5000,4.7600,4.6400,10386603,48376957.0000,3,0.795400,1,2.586200,0
2022-03-17,sh.600525,4.8200,4.8400,4.7000,4.7300,4.7600,12245676,58550341.0000,3,0.937800,1,-0.630300,0
2022-03-18,sh.600525,4.7300,4.8000,4.6900,4.7800,4.7300,7084613,33652978.6800,3,0.542600,1,1.057100,0
2022-03-21,sh.600525,4.8000,4.8200,4.7200,4.7800,4.7800,5551157,26508274.5500,3,0.425100,1,0.000000,0
2022-03-22,sh.600525,4.7700,4.8400,4.7100,4.8200,4.7800,6273617,29998969.4700,3,0.480500,1,0.836800,0
2022-03-23,sh.600525,4.8200,4.9300,4.8100,4.8700,4.8200,6558881,31963364.6600,3,0.502300,1,1.037300,0
2022-03-24,sh.600525,4.8500,4.8500,4.7400,4.7600,4.8700,6023282,28843333.7000,3,0.461300,1,-2.258700,0
2022-03-25,sh.600525,4.7500,4.7900,4.7100,4.7200,4.7600,4437964,21046426.7600,3,0.339900,1,-0.840300,0
2022-03-28,sh.600525,4.7000,4.7300,4.6200,4.6500,4.7200,7651649,35625228.8700,3,0.586000,1,-1.483100,0
2022-03-29,sh.600525,4.6500,4.6900,4.5300,4.5600,4.6500,6676320,30661668.3600,3,0.511300,1,-1.935500,0
2022-03-30,sh.600525,4.5800,4.6500,4.5500,4.6500,4.5600,6641241,30571532.2300,3,0.508600,1,1.973700,0
2022-03-31,sh.600525,4.6400,4.6800,4.6200,4.6400,4.6500,5220070,24281060.1000,3,0.399800,1,-0.215100,0
2022-04-01,sh.600525,4.6100,4.6700,4.6100,4.6500,4.6400,5048781,23442891.4600,3,0.386700,1,0.215500,0
2022-04-06,sh.600525,4.6500,4.7300,4.6400,4.7200,4.6500,5327692,25020803.9700,3,0.408000,1,1.505400,0
2022-04-07,sh.600525,4.6900,4.7300,4.5800,4.5900,4.7200,7313181,33977822.3800,3,0.560100,1,-2.754200,0
2022-04-08,sh.600525,4.5800,4.6100,4.5000,4.5000,4.5900,6890280,31239263.8000,3,0.527700,1,-1.960800,0
2022-04-11,sh.600525,4.5000,4.5100,4.2800,4.3100,4.5000,10224233,44663562.9000,3,0.783000,1,-4.222200,0
2022-04-12,sh.600525,4.2800,4.3900,4.2600,4.3800,4.3100,6338769,27377218.3700,3,0.485400,1,1.624100,0
2022-04-13,sh.600525,4.3800,4.3900,4.2700,4.2800,4.3800,5464360,23562522.2000,3,0.418500,1,-2.283100,0
2022-04-14,sh.600525,4.2800,4.3400,4.2800,4.2900,4.2800,4792869,20615588.9200,3,0.367100,1,0.233600,0
2022-04-15,sh.600525,4.2900,4.2900,4.1700,4.2200,4.2900,6855210,29007512.9000,3,0.525000,1,-1.631700,0
2022-04-18,sh.600525,4.2000,4.2500,4.1200,4.2400,4.2200,4775437,20004797.5100,3,0.365700,1,0.473900,0
2022-04-19,sh.600525,4.2400,4.2700,4.1900,4.2400,4.2400,7411317,31275029.3100,3,0.567600,1,0.000000,0
2022-04-20,sh.600525,4.2500,4.2700,4.2000,4.2000,4.2400,5368480,22797852.0000,3,0.411100,1,-0.943400,0
2022-04-21,sh.600525,4.1800,4.2600,4.0100,4.0400,4.2000,9558710,39502423.7000,3,0.732000,1,-3.809500,0
2022-04-22,sh.600525,4.0600,4.0700,3.9500,4.0200,4.0400,6423720,25750479.0000,3,0.491900,1,-0.495000,0
2022-04-25,sh.600525,3.9500,3.9700,3.6500,3.6500,4.0200,12960690,49566324.8900,3,0.992600,1,-9.204000,0
2022-04-26,sh.600525,3.6600,3.7200,3.5200,3.5400,3.6500,9708822,35270745.1800,3,0.743500,1,-3.013700,0
2022-04-27,sh.600525,3.5000,3.7500,3.4300,3.7400,3.5400,9980053,35775111.0500,3,0.764300,1,5.649700,0
2022-04-28,sh.600525,3.6800,3.7800,3.6700,3.7800,3.7400,8163620,30456696.6000,3,0.625200,1,1.069500,0
2022-04-29,sh.600525,3.8000,4.0400,3.7800,4.0200,3.7800,11473440,45215078.4900,3,0.878700,1,6.349200,0
2022-05-05,sh.600525,4.2000,4.2100,4.0800,4.1600,4.0200,13969339,57971287.5700,3,1.069800,1,3.482600,0
2022-05-06,sh.600525,4.0900,4.2000,3.9600,4.1700,4.1600,9269380,38345466.6000,3,0.709900,1,0.240400,0
2022-05-09,sh.600525,4.1700,4.2400,4.1300,4.2100,4.1700,5558880,23288424.0000,3,0.425700,1,0.959200,0
2022-05-10,sh.600525,4.1500,4.2800,4.1100,4.2600,4.2100,7765854,32787002.3000,3,0.594700,1,1.187600,0
2022-05-11,sh.600525,4.2900,4.3400,4.2200,4.2200,4.2600,7086560,30422475.6000,3,0.542700,1,-0.939000,0
2022-05-12,sh.600525,4.2300,4.3200,4.1800,4.3000,4.2200,7454084,31935506.1200,3,0.570900,1,1.895700,0
2022-05-13,sh.600525,4.2600,4.3300,4.2600,4.3100,4.3000,4177867,17945038.7700,3,0.320000,1,0.232600,0
2022-05-16,sh.600525,4.3000,4.3900,4.2700,4.2800,4.3100,6571262,28364056.9600,3,0.503200,1,-0.696100,0
2022-05-17,sh.600525,4.2800,4.3100,4.2500,4.2800,4.2800,5825737,24922392.5100,3,0.446200,1,0.000000,0
2022-05-18,sh.600525,4.3000,4.3800,4.2800,4.3500,4.2800,6339822,27583709.9000,3,0.485500,1,1.635500,0
2022-05-19,sh.600525,4.3100,4.4400,4.2800,4.4200,4.3500,6249650,27374601.5000,3,0.478600,1,1.609200,0
2022-05-20,sh.600525,4.4200,4.4900,4.4200,4.4700,4.4200,6133680,27329651.8000,3,0.469700,1,1.131200,0
2022-05-23,sh.600525,4.4800,4.4900,4.4200,4.4700,4.4700,4539866,20215938.7200,3,0.347700,1,0.000000,0
2022-05-24,sh.600525,4.4800,4.4900,4.2300,4.2500,4.4700,9056800,39586517.0000,3,0.693600,1,-4.921700,0
2022-05-25,sh.600525,4.2700,4.4200,4.2700,4.4100,4.2500,6307760,27499067.6000,3,0.483100,1,3.764700,0
2022-05-26,sh.600525,4.4300,4.4700,4.3400,4.4400,4.4100,5520534,24344936.4600,3,0.422800,1,0.680300,0
2022-05-27,sh.600525,4.4400,4.4800,4.3600,4.3900,4.4400,4997100,22073546.4300,3,0.382700,1,-1.126100,0
2022-05-30,sh.600525,4.3600,4.4600,4.3500,4.4400,4.3900,5360343,23546635.1200,3,0.410500,1,1.139000,0
2022-05-31,sh.600525,4.4800,4.6500,4.4400,4.5900,4.4400,11433172,52136180.5600,3,0.875600,1,3.378400,0
2022-06-01,sh.600525,4.6100,4.7400,4.5600,4.7000,4.5900,10346745,48284800.3500,3,0.792400,1,2.396500,0
2022-06-02,sh.600525,4.6900,4.7100,4.6400,4.7100,4.7000,5535052,25894343.3400,3,0.423900,1,0.212800,0
2022-06-06,sh.600525,4.7000,4.7600,4.6700,4.7300,4.7100,7145568,33667187.0000,3,0.547200,1,0.424600,0
2022-06-07,sh.600525,4.7400,4.8000,4.6800,4.7100,4.7300,6158888,29159264.8400,3,0.471700,1,-0.422800,0
2022-06-08,sh.600525,4.6800,4.7300,4.5500,4.6500,4.7100,8700005,40273764.0000,3,0.666300,1,-1.273900,0
2022-06-09,sh.600525,4.6600,4.6900,4.4900,4.5500,4.6500,7657620,34928466.8000,3,0.586400,1,-2.150500,0
2022-06-10,sh.600525,4.5300,4.7000,4.5000,4.6800,4.5500,6477274,29979965.8400,3,0.496000,1,2.857100,0
2022-06-13,sh.600525,4.6100,4.7200,4.6000,4.6400,4.6800,5346160,24902824.6000,3,0.409400,1,-0.854700,0
2022-06-14,sh.600525,4.6300,4.6900,4.5200,4.6800,4.6400,8218550,37865375.7000,3,0.629400,1,0.862100,0
2022-06-15,sh.600525,4.6600,4.8200,4.6400,4.6600,4.6800,9668928,45621746.1200,3,0.740500,1,-0.427400,0
2022-06-16,sh.600525,4.7100,4.7200,4.5500,4.6000,4.6600,9317700,43006588.2400,3,0.713600,1,-1.287600,0
2022-06-17,sh.600525,4.5900,4.6600,4.5300,4.6100,4.6000,7491271,34545182.0600,3,0.573700,1,0.217400,0
2022-06-20,sh.600525,4.7000,5.0700,4.6900,5.0700,4.6100,17187393,85492985.7000,3,1.316300,1,9.978300,0
2022-06-21,sh.600525,5.2700,5.5800,4.9500,5.0100,5.0700,70909152,375137065.4900,3,5.430400,1,-1.183400,0
2022-06-22,sh.600525,4.9800,5.2500,4.9500,5.0900,5.0100,42244965,214911228.8600,3,3.235200,1,1.596800,0
2022-06-23,sh.600525,5.0200,5.2900,4.9800,5.1600,5.0900,35082157,179563259.5500,3,2.686700,1,1.375200,0
2022-06-24,sh.600525,5.1700,5.3600,5.1100,5.2900,5.1600,33116370,174769527.0400,3,2.536100,1,2.519400,0
2022-06-27,sh.600525,5.4000,5.4200,5.1700,5.2700,5.2900,24197975,127063445.0000,3,1.853200,1,-0.378100,0
2022-06-28,sh.600525,5.2700,5.5800,5.2400,5.3800,5.2700,27208883,146681129.0700,3,2.083700,1,2.087300,0
2022-06-29,sh.600525,5.3500,5.3900,5.1200,5.1300,5.3800,27586305,144288254.2100,3,2.112600,1,-4.646800,0
2022-06-30,sh.600525,5.1300,5.2100,5.0900,5.1500,5.1300,17163959,88389782.4200,3,1.314500,1,0.389900,0
2022-07-01,sh.600525,5.1900,5.2400,5.1100,5.1700,5.1500,11469980,59407242.8000,3,0.878400,1,0.388300,0
2022-07-04,sh.600525,5.1200,5.2500,5.0300,5.2200,5.1700,13813847,71175421.3400,3,1.057900,1,0.967100,0
2022-07-05,sh.600525,5.1900,5.2700,5.1600,5.1900,5.2200,10140905,52705066.9000,3,0.776600,1,-0.574700,0
2022-07-06,sh.600525,5.1600,5.2400,5.0900,5.1900,5.1900,13667298,70595682.9800,3,1.046700,1,0.000000,0
2022-07-07,sh.600525,5.1700,5.3700,5.1400,5.3500,5.1900,23141597,123037090.3900,3,1.772200,1,3.082900,0
2022-07-08,sh.600525,5.3500,5.4800,5.3300,5.3400,5.3500,17978245,96974129.1700,3,1.376800,1,-0.186900,0
2022-07-11,sh.600525,5.3700,5.3700,5.2300,5.3600,5.3400,14755669,78188537.8900,3,1.130000,1,0.374500,0
2022-07-12,sh.600525,5.3400,5.3400,5.1600,5.1900,5.3600,12237158,64231867.4200,3,0.937200,1,-3.171600,0
2022-07-13,sh.600525,5.1800,5.3700,5.1700,5.3600,5.1900,15713060,83513540.7700,3,1.203400,1,3.275500,0
2022-07-14,sh.600525,5.3400,5.6300,5.3300,5.4900,5.3600,29215718,159865955.6800,3,2.237400,1,2.425400,0
2022-07-15,sh.600525,5.5800,5.7500,5.4800,5.5800,5.4900,41940360,235471471.6800,3,3.211900,1,1.639300,0
2022-07-18,sh.600525,5.6500,5.6800,5.5200,5.6600,5.5800,28877720,162037556.4200,3,2.211500,1,1.433700,0
2022-07-19,sh.600525,5.6400,6.0800,5.6200,5.9000,5.6600,54465267,318257235.2500,3,4.171100,1,4.240300,0
2022-07-20,sh.600525,5.9700,6.0400,5.7300,5.9200,5.9000,39045842,229576063.9000,3,2.990200,1,0.339000,0
2022-07-21,sh.600525,5.8700,5.9300,5.7900,5.8100,5.9200,26788534,156894850.8400,3,2.051500,1,-1.858100,0
2022-07-22,sh.600525,5.7500,5.9200,5.7300,5.8200,5.8100,21085240,122962011.1400,3,1.614800,1,0.172100,0
2022-07-25,sh.600525,5.8200,5.8200,5.5300,5.5600,5.8200,25479693,143317808.2400,3,1.951300,1,-4.467400,0
2022-07-26,sh.600525,5.5800,5.7100,5.4800,5.6800,5.5600,20275027,113619012.9200,3,1.552700,1,2.158300,0
2022-07-27,sh.600525,5.6500,5.7500,5.6000,5.7500,5.6800,15942725,90375511.8400,3,1.220900,1,1.232400,0
2022-07-28,sh.600525,5.7300,5.8600,5.7100,5.7300,5.7500,14528511,83834217.1500,3,1.112600,1,-0.347800,0
2022-07-29,sh.600525,5.7200,6.0100,5.7100,6.0000,5.7300,38106537,225384439.4800,3,2.918300,1,4.712000,0
2022-08-01,sh.600525,6.0000,6.0000,5.7600,5.9000,6.0000,32530451,189823950.2800,3,2.491300,1,-1.666700,0
2022-08-02,sh.600525,5.8300,5.8400,5.5800,5.6500,5.9000,27571182,156879466.2200,3,2.111500,1,-4.237300,0
2022-08-03,sh.600525,5.7200,5.8300,5.4400,5.4800,5.6500,28386748,160742520.1500,3,2.173900,1,-3.008800,0
2022-08-04,sh.600525,5.4700,5.6900,5.4600,5.5800,5.4800,17326935,96593422.0000,3,1.326900,1,1.824800,0
2022-08-05,sh.600525,5.5800,5.7700,5.5000,5.6200,5.5800,22803220,128279842.0000,3,1.746300,1,0.716800,0
2022-08-08,sh.600525,5.6100,5.7100,5.4800,5.6600,5.6200,15358524,86262286.0000,3,1.176200,1,0.711700,0
2022-08-09,sh.600525,5.6600,5.7100,5.5300,5.6000,5.6600,18939691,106144937.0000,3,1.450500,1,-1.060100,0
2022-08-10,sh.600525,5.5800,5.5900,5.4900,5.5100,5.6000,18717000,103237581.0000,3,1.433400,1,-1.607100,0
2022-08-11,sh.600525,5.5300,5.6700,5.4600,5.6000,5.5100,24447342,135633449.0000,3,1.872200,1,1.633400,0
2022-08-12,sh.600525,5.5600,5.7300,5.5300,5.5500,5.6000,19252937,108525620.0000,3,1.474400,1,-0.892900,0
2022-08-15,sh.600525,5.5600,5.6400,5.5500,5.6100,5.5500,16943080,94792856.2000,3,1.297500,1,1.081100,0
2022-08-16,sh.600525,5.6400,6.0000,5.6300,5.8300,5.6100,36522559,213795128.4600,3,2.797000,1,3.921600,0
2022-08-17,sh.600525,5.8500,5.9200,5.8000,5.9000,5.8300,20993148,123295568.9700,3,1.607700,1,1.200700,0
2022-08-18,sh.600525,5.8900,6.0200,5.8500,5.9700,5.9000,31757771,189829994.1000,3,2.432100,1,1.186400,0
2022-08-19,sh.600525,6.0100,6.2400,5.9300,6.1200,5.9700,49416847,302258329.1800,3,3.784500,1,2.512600,0
2022-08-22,sh.600525,6.1800,6.3700,5.9700,6.0400,6.1200,39961961,243573094.5200,3,3.060400,1,-1.307200,0
2022-08-23,sh.600525,6.0000,6.2600,5.9300,6.1700,6.0400,33732643,207332268.4300,3,2.583300,1,2.152300,0
2022-08-24,sh.600525,6.1800,6.3200,5.9000,5.9500,6.1700,33971344,206187718.5500,3,2.601600,1,-3.565600,0
2022-08-25,sh.600525,6.0000,6.0300,5.6900,5.8000,5.9500,26457430,153145019.9000,3,2.026200,1,-2.521000,0
2022-08-26,sh.600525,5.8300,5.9700,5.7600,5.8200,5.8000,21480970,126117268.1200,3,1.645100,1,0.344800,0
2022-08-29,sh.600525,5.6400,5.8400,5.5500,5.8000,5.8200,23101584,132354579.7500,3,1.769200,1,-0.343600,0
2022-08-30,sh.600525,5.8700,5.9300,5.6600,5.6900,5.8000,19265882,110935223.9600,3,1.475400,1,-1.896600,0
2022-08-31,sh.600525,5.6600,5.6800,5.2700,5.2900,5.6900,29819270,161416482.4000,3,2.283600,1,-7.029900,0
2022-09-01,sh.600525,5.3000,5.3800,5.1700,5.2000,5.2900,15496160,81343617.4000,3,1.186700,1,-1.701300,0
