date,code,open,high,low,close,preclose,volume,amount,adjustflag,turn,tradestatus,pctChg,isST
2022-01-04,sh.688001,35.8400,36.1000,35.5200,35.9800,35.8700,923551,33067378.3900,3,1.833200,1,0.306700,0
2022-01-05,sh.688001,35.9800,36.6600,35.3200,36.5000,35.9800,2029900,73345036.8900,3,4.029200,1,1.445200,0
2022-01-06,sh.688001,36.1000,36.6200,36.1000,36.1800,36.5000,1051849,38249775.9500,3,2.087800,1,-0.876700,0
2022-01-07,sh.688001,36.1100,36.5400,35.7800,36.3000,36.1800,1252140,45165948.5100,3,2.485400,1,0.331700,0
2022-01-10,sh.688001,36.3000,37.1900,35.5700,37.0900,36.3000,1670269,61323313.9500,3,3.315300,1,2.176300,0
2022-01-11,sh.688001,37.0500,37.5800,36.5600,36.6000,37.0900,1318415,48927121.3000,3,2.616900,1,-1.321100,0
2022-01-12,sh.688001,37.1000,37.1000,36.5000,36.7500,36.6000,873495,32085089.6000,3,1.733800,1,0.409800,0
2022-01-13,sh.688001,36.8600,36.8600,36.1800,36.1800,36.7500,661270,24119013.5000,3,1.312600,1,-1.551000,0
2022-01-14,sh.688001,36.5700,36.5700,35.6000,35.6500,36.1800,1037687,37373843.8400,3,2.059700,1,-1.464900,0
2022-01-17,sh.688001,35.6500,37.9800,35.6300,37.7400,35.6500,2020279,75381258.9800,3,4.010100,1,5.862600,0
2022-01-18,sh.688001,37.6000,38.0800,37.2000,37.2400,37.7400,1271437,47711171.3400,3,2.523700,1,-1.324900,0
2022-01-19,sh.688001,37.2600,37.5000,36.7300,36.8800,37.2400,768561,28509338.4200,3,1.525500,1,-0.966700,0
2022-01-20,sh.688001,36.7200,37.5500,36.6600,37.1500,36.8800,1133879,42041294.7900,3,2.250600,1,0.732100,0
2022-01-21,sh.688001,37.1200,37.1200,34.8000,34.9200,37.1500,1615192,57596199.0300,3,3.206000,1,-6.002700,0
2022-01-24,sh.688001,35.0100,35.3700,34.8000,35.1900,34.9200,421702,14800094.0100,3,0.837000,1,0.773200,0
2022-01-25,sh.688001,35.1900,35.2200,33.8600,33.9400,35.1900,965646,33110002.2100,3,1.916700,1,-3.552100,0
2022-01-26,sh.688001,33.9400,34.5800,33.5100,34.2100,33.9400,609575,20761645.9700,3,1.210000,1,0.795500,0
2022-01-27,sh.688001,34.2200,34.3000,33.3100,33.3100,34.2100,645715,21820922.9600,3,1.281700,1,-2.630800,0
2022-01-28,sh.688001,33.7600,34.0900,33.2200,33.3200,33.3100,600877,20222180.5400,3,1.192700,1,0.030000,0
2022-02-07,sh.688001,33.9700,34.9700,33.7500,34.5500,33.3200,775796,26779758.3900,3,1.539900,1,3.691500,0
2022-02-08,sh.688001,34.5500,35.0700,34.1100,34.9500,34.5500,641114,22343626.7900,3,1.272600,1,1.157700,0
2022-02-09,sh.688001,34.9200,35.2600,34.8500,35.1900,34.9500,467143,16371466.7600,3,0.927200,1,0.686700,0
2022-02-10,sh.688001,35.0300,35.1600,33.8200,34.0700,35.1900,894068,30702016.3300,3,1.774600,1,-3.182700,0
2022-02-11,sh.688001,33.8400,34.1100,33.4200,33.6700,34.0700,815073,27459402.2800,3,1.617800,1,-1.174100,0
2022-02-14,sh.688001,33.4700,33.8700,33.2900,33.6800,33.6700,544134,18275959.7100,3,1.080100,1,0.029700,0
2022-02-15,sh.688001,33.6600,34.0400,33.4100,33.8900,33.6800,543811,18359172.9800,3,1.079400,1,0.623500,0
2022-02-16,sh.688001,33.9600,34.1400,33.6500,33.8800,33.8900,506009,17112862.7500,3,1.004400,1,-0.029500,0
2022-02-17,sh.688001,33.8000,33.8800,33.4200,33.5400,33.8800,850392,28542868.7000,3,1.688000,1,-1.003500,0
2022-02-18,sh.688001,33.5400,33.5800,33.2300,33.4800,33.5400,698955,23341304.9500,3,1.387400,1,-0.178900,0
2022-02-21,sh.688001,33.3900,33.8400,33.3900,33.7600,33.4800,703405,23672691.3000,3,1.396200,1,0.836300,0
2022-02-22,sh.688001,33.5000,33.6800,32.3500,32.5600,33.7600,1582391,51826396.1900,3,3.140900,1,-3.554500,0
2022-02-23,sh.688001,32.5600,33.8000,32.1800,33.7100,32.5600,1473729,49275108.7300,3,2.925200,1,3.531900,0
2022-02-24,sh.688001,33.4600,33.6500,32.2100,32.5000,33.7100,1469280,48075319.9000,3,2.916400,1,-3.589400,0
2022-02-25,sh.688001,32.9600,33.1100,32.3400,32.4000,32.5000,761242,24910498.8300,3,1.511000,1,-0.307700,0
2022-02-28,sh.688001,32.4000,32.5700,31.7800,32.5700,32.4000,784011,25197894.0000,3,1.556200,1,0.524700,0
2022-03-01,sh.688001,32.7000,32.9600,32.5000,32.9100,32.5700,653557,21376846.0000,3,1.297300,1,1.043900,0
2022-03-02,sh.688001,32.7200,32.8200,32.3800,32.5300,32.9100,407846,13278048.0000,3,0.809500,1,-1.154700,0
2022-03-03,sh.688001,32.5800,32.7100,32.1400,32.1500,32.5300,555847,17996053.0000,3,1.103300,1,-1.168200,0
2022-03-04,sh.688001,32.2000,32.2000,31.5200,31.7200,32.1500,892337,28426174.0000,3,1.771200,1,-1.337500,0
2022-03-07,sh.688001,31.6500,31.7200,30.3200,30.5800,31.7200,889159,27463712.0000,3,1.764900,1,-3.593900,0
2022-03-08,sh.688001,30.6300,30.6600,29.8400,29.9000,30.5800,778682,23465082.0000,3,1.545600,1,-2.223700,0
2022-03-09,sh.688001,29.9400,30.3500,28.0000,29.0300,29.9000,1156358,33713816.0000,3,2.295300,1,-2.909700,0
2022-03-10,sh.688001,29.4800,29.7900,29.0300,29.3500,29.0300,776955,22826218.0000,3,1.542200,1,1.102300,0
2022-03-11,sh.688001,29.0000,29.1700,28.0000,28.8700,29.3500,1401076,40042728.0000,3,2.781000,1,-1.635400,0
2022-03-14,sh.688001,28.8400,28.8800,28.2000,28.2700,28.8700,919212,26128463.0000,3,1.824600,1,-2.078300,0
2022-03-15,sh.688001,27.8600,28.2500,26.7800,26.7800,28.2700,1124163,30874976.0000,3,2.231400,1,-5.270600,0
2022-03-16,sh.688001,26.9000,27.4000,25.9800,27.2500,26.7800,1306616,34909780.0000,3,2.593500,1,1.755000,0
2022-03-17,sh.688001,27.5300,28.4100,27.3700,27.6400,27.2500,1382099,38450669.0000,3,2.743300,1,1.431200,0
2022-03-18,sh.688001,27.7800,27.7800,27.1500,27.4500,27.6400,633690,17392067.7200,3,1.257800,1,-0.687400,0
2022-03-21,sh.688001,27.7400,28.1800,27.6000,27.9000,27.4500,765425,21359451.7700,3,1.519300,1,1.639300,0
2022-03-22,sh.688001,28.1900,28.1900,27.4100,27.6000,27.9000,554261,15312528.4500,3,1.100200,1,-1.075300,0
2022-03-23,sh.688001,27.9900,28.1100,27.4100,27.8000,27.6000,1133118,31369582.4100,3,2.249100,1,0.724600,0
2022-03-24,sh.688001,27.5700,27.6600,26.6500,26.7800,27.8000,960688,25887348.5700,3,1.906900,1,-3.669100,0
2022-03-25,sh.688001,26.9500,27.1500,26.1200,26.1300,26.7800,1312723,34899258.9200,3,2.605600,1,-2.427200,0
2022-03-28,sh.688001,25.3000,25.9500,25.1200,25.7800,26.1300,845562,21593566.4600,3,1.678400,1,-1.339500,0
2022-03-29,sh.688001,25.8000,26.0600,25.0300,25.1100,25.7800,852504,21635278.8500,3,1.692100,1,-2.598900,0
2022-03-30,sh.688001,25.2900,26.4900,25.1500,26.1200,25.1100,972921,25110947.7900,3,1.931200,1,4.022300,0
2022-03-31,sh.688001,26.3000,26.3000,25.7300,25.8000,26.1200,560973,14585002.5800,3,1.113500,1,-1.225100,0
2022-04-01,sh.688001,26.0000,26.1100,25.2600,25.9700,25.8000,692381,17797185.5800,3,1.374300,1,0.658900,0
2022-04-06,sh.688001,25.9700,26.0400,25.6400,25.9100,25.9700,480058,12387388.1900,3,0.952900,1,-0.231000,0
2022-04-07,sh.688001,26.0000,26.0000,25.1400,25.1400,25.9100,542052,13796376.9000,3,1.075900,1,-2.971800,0
2022-04-08,sh.688001,25.1400,25.8500,24.9000,25.2300,25.1400,628765,15860519.9300,3,1.248000,1,0.358000,0
2022-04-11,sh.688001,25.0100,25.0200,23.8000,23.9900,25.2300,791287,19262344.2100,3,1.570600,1,-4.914800,0
2022-04-12,sh.688001,23.9900,24.6900,23.7300,24.5800,23.9900,496539,12032392.6600,3,0.985600,1,2.459400,0
2022-04-13,sh.688001,24.4300,24.4500,23.6700,23.9900,24.5800,430322,10320569.7600,3,0.854200,1,-2.400300,0
2022-04-14,sh.688001,23.6700,24.2500,23.6600,24.0500,23.9900,501584,12062643.3600,3,0.995600,1,0.250100,0
2022-04-15,sh.688001,24.0300,24.0400,23.0000,23.5000,24.0500,633917,14991234.3600,3,1.257800,1,-2.286900,0
2022-04-18,sh.688001,23.4800,23.9900,22.9600,23.8700,23.5000,557038,13132945.6900,3,1.105200,1,1.574500,0
2022-04-19,sh.688001,24.0000,24.2100,23.7700,23.8600,23.8700,458455,11010169.2500,3,0.909600,1,-0.041900,0
2022-04-20,sh.688001,23.9700,24.2700,23.5400,23.6100,23.8600,343195,8205329.4900,3,0.680900,1,-1.047800,0
2022-04-21,sh.688001,23.8800,24.0400,22.8600,22.8900,23.6100,753350,17674810.2100,3,1.494700,1,-3.049600,0
2022-04-22,sh.688001,23.2200,23.5100,22.2500,22.3600,22.8900,486732,11014791.1000,3,0.965700,1,-2.315400,0
2022-04-25,sh.688001,22.5300,22.5300,20.3500,20.4200,22.3600,1218328,25666995.2400,3,2.417300,1,-8.676200,0
2022-04-26,sh.688001,20.1000,20.7200,19.4700,19.5500,20.4200,668840,13500799.6300,3,1.327100,1,-4.260500,0
2022-04-27,sh.688001,19.3600,20.7800,19.2000,20.5000,19.5500,951227,18953031.6600,3,1.887400,1,4.859300,0
2022-04-28,sh.688001,20.3600,20.7900,19.9600,20.1900,20.5000,732785,14852143.8800,3,1.453900,1,-1.512200,0
2022-04-29,sh.688001,20.4900,21.2600,20.2300,21.1000,20.1900,909047,18971007.0400,3,1.803700,1,4.507200,0
2022-05-05,sh.688001,21.0800,21.9100,20.7600,21.3700,21.1000,751695,16154385.1200,3,1.491500,1,1.279600,0
2022-05-06,sh.688001,20.8000,21.3700,20.7100,21.0900,21.3700,436936,9208746.2700,3,0.866900,1,-1.310200,0
2022-05-09,sh.688001,21.0000,21.9300,21.0000,21.7600,21.0900,656430,14188173.7200,3,1.302400,1,3.176900,0
2022-05-10,sh.688001,21.5000,22.2900,21.3400,22.2200,21.7600,677842,14922528.7400,3,1.344900,1,2.114000,0
2022-05-11,sh.688001,22.0400,23.0000,22.0400,22.3000,22.2200,856518,19436233.3000,3,1.699400,1,0.360000,0
2022-05-12,sh.688001,22.4600,22.9800,22.4100,22.8200,22.3000,737033,16755342.0100,3,1.462400,1,2.331800,0
2022-05-13,sh.688001,22.8200,22.9200,22.4600,22.6500,22.8200,409221,9261898.0900,3,0.811900,1,-0.745000,0
2022-05-16,sh.688001,22.9000,23.2000,22.2800,22.4200,22.6500,471081,10680027.8700,3,0.934700,1,-1.015500,0
2022-05-17,sh.688001,22.4100,22.7300,22.0600,22.6200,22.4200,350719,7857371.8300,3,0.695900,1,0.892100,0
2022-05-18,sh.688001,22.5000,22.9000,22.5000,22.6400,22.6200,355382,8088224.3000,3,0.705100,1,0.088400,0
2022-05-19,sh.688001,22.2300,22.9800,22.1100,22.8900,22.6400,823696,18611738.4700,3,1.634300,1,1.104200,0
2022-05-20,sh.688001,22.6100,23.2500,22.6100,23.1800,22.8900,686163,15848631.6100,3,1.361400,1,1.266900,0
2022-05-23,sh.688001,23.3900,23.3900,22.8800,23.1900,23.1800,499589,11537848.0800,3,0.991200,1,0.043100,0
2022-05-24,sh.688001,23.3000,24.3500,22.7500,22.7700,23.1900,1481267,34933078.4700,3,2.939000,1,-1.811100,0
2022-05-25,sh.688001,22.7700,22.9600,22.6100,22.8000,22.7700,542060,12355193.3000,3,1.075500,1,0.131800,0
2022-05-26,sh.688001,22.9000,23.2300,22.6100,23.1100,22.8000,490308,11285215.8900,3,0.972800,1,1.359600,0
2022-05-27,sh.688001,23.2700,23.3800,22.6800,22.8200,23.1100,537420,12411582.3100,3,1.066300,1,-1.254900,0
2022-05-30,sh.688001,23.0500,26.2900,22.8300,25.4300,22.8200,3005805,75589270.9300,3,5.963900,1,11.437300,0
2022-05-31,sh.688001,26.0000,30.5200,25.6200,30.5200,25.4300,6412209,181523035.0800,3,12.722600,1,20.015700,0
2022-06-01,sh.688001,30.0000,30.9500,28.0000,29.1300,30.5200,6690380,194885127.0600,3,13.274500,1,-4.554400,0
2022-06-02,sh.688001,28.6400,31.9000,27.8800,30.8800,29.1300,6364076,193153553.9900,3,12.627100,1,6.007600,0
2022-06-06,sh.688001,31.9100,33.7800,31.2000,31.4300,30.8800,6186996,200896378.2700,3,12.275800,1,1.781100,0
2022-06-07,sh.688001,31.7800,32.2800,30.2000,30.4400,31.4300,3141500,97374692.7200,3,6.233100,1,-3.149900,0
2022-06-08,sh.688001,30.8900,30.8900,29.0500,29.5400,30.4400,3187832,94561646.7000,3,6.325100,1,-2.956600,0
2022-06-09,sh.688001,29.6600,30.3900,28.4100,30.0200,29.5400,3449518,100947950.4300,3,6.844300,1,1.624900,0
2022-06-10,sh.688001,29.6000,30.1900,29.1700,30.1300,30.0200,2107835,62981962.1300,3,4.182200,1,0.366400,0
2022-06-13,sh.688001,29.6000,29.9700,28.9100,29.2100,30.1300,1677037,49197066.0400,3,3.327400,1,-3.053400,0
2022-06-14,sh.688001,29.1300,29.1400,26.8600,27.7900,29.2100,2981771,82431602.2800,3,5.916200,1,-4.861300,0
2022-06-15,sh.688001,27.8000,28.4600,27.5600,28.1000,27.7900,1909522,53606907.7100,3,3.788700,1,1.115500,0
2022-06-16,sh.688001,27.9800,29.5300,27.9200,28.3400,28.1000,2135190,61399339.1700,3,4.236500,1,0.854100,0
2022-06-17,sh.688001,28.6700,29.3900,28.1800,29.0100,28.3400,1413529,40780418.0800,3,2.804600,1,2.364100,0
2022-06-20,sh.688001,28.6300,29.7600,28.5400,29.0500,29.0100,1557359,45333546.3500,3,3.090000,1,0.137900,0
2022-06-21,sh.688001,28.5600,29.6900,27.9500,28.0700,29.0500,1455086,41663254.3500,3,2.887100,1,-3.373500,0
2022-06-22,sh.688001,28.3000,28.3000,26.8100,26.8600,28.0700,1898113,51868111.7700,3,3.766100,1,-4.310700,0
2022-06-23,sh.688001,26.9700,28.2200,26.8100,27.9900,26.8600,1389274,38557708.3300,3,2.756500,1,4.207000,0
2022-06-24,sh.688001,28.4100,28.5000,27.9000,28.2300,27.9900,1371100,38551770.3800,3,2.720400,1,0.857400,0
2022-06-27,sh.688001,28.2100,28.8600,27.6800,27.9100,28.2300,1489378,41863342.9400,3,2.955100,1,-1.133500,0
2022-06-28,sh.688001,27.9100,28.5000,27.3400,28.5000,27.9100,1188966,33273485.8000,3,2.359100,1,2.113900,0
2022-06-29,sh.688001,28.2100,28.7300,27.1500,27.1900,28.5000,1438277,39846854.2900,3,2.853700,1,-4.596500,0
2022-06-30,sh.688001,27.9500,27.9800,27.1000,27.2200,27.1900,1036913,28557063.6700,3,2.057400,1,0.110300,0
2022-07-01,sh.688001,27.5200,27.9800,27.2100,27.5500,27.2200,900629,24801362.1900,3,1.787000,1,1.212300,0
2022-07-04,sh.688001,27.2800,27.6900,26.5000,27.2800,27.5500,1598033,43471649.0900,3,3.170700,1,-0.980000,0
2022-07-05,sh.688001,26.8700,27.7800,26.2800,26.8500,27.2800,1369896,36647296.1700,3,2.718000,1,-1.576200,0
2022-07-06,sh.688001,26.9600,27.3900,26.0000,26.4300,26.8500,1520338,40608739.3700,3,3.016400,1,-1.564200,0
2022-07-07,sh.688001,26.5000,27.4800,26.2400,27.0500,26.4300,1325622,35829244.2400,3,2.630100,1,2.345800,0
2022-07-08,sh.688001,27.0800,27.9500,26.9600,27.2000,27.0500,941585,25803696.3200,3,1.868200,1,0.554500,0
2022-07-11,sh.688001,27.3000,27.3000,26.2600,26.3400,27.2000,756148,20110268.6000,3,1.500200,1,-3.161800,0
2022-07-12,sh.688001,26.2000,26.7600,25.5300,25.6000,26.3400,909938,23586318.6100,3,1.805400,1,-2.809400,0
2022-07-13,sh.688001,25.8200,27.0700,25.5600,26.5400,25.6000,1954561,51561216.0500,3,3.878000,1,3.671900,0
2022-07-14,sh.688001,26.8300,28.6300,26.8000,28.6300,26.5400,2709679,76562375.0800,3,5.376200,1,7.874900,0
2022-07-15,sh.688001,28.4000,28.6200,27.6000,28.4200,28.6300,1512858,42537993.1200,3,3.001600,1,-0.733500,0
2022-07-18,sh.688001,28.4200,28.8500,27.7000,28.6200,28.4200,1425130,40425568.0200,3,2.827500,1,0.703700,0
2022-07-19,sh.688001,28.9400,32.9400,28.9400,31.9900,28.6200,5582860,172959184.0200,3,11.076700,1,11.775000,0
2022-07-20,sh.688001,31.6600,32.3000,31.0000,31.8000,31.9900,2453549,77228262.6100,3,4.868000,1,-0.593900,0
2022-07-21,sh.688001,31.6900,33.1500,31.4000,31.5800,31.8000,2496879,80893776.4000,3,4.953900,1,-0.691800,0
2022-07-22,sh.688001,31.8200,32.7400,29.8300,30.4100,31.5800,3265819,101064521.8000,3,0.794000,1,-3.704900,0
2022-07-25,sh.688001,30.2800,31.2000,30.0000,30.4000,30.4100,1231822,37818203.8300,3,0.299500,1,-0.032900,0
2022-07-26,sh.688001,30.4700,30.7700,29.9400,30.7500,30.4000,1166548,35526588.2100,3,0.283600,1,1.151300,0
2022-07-27,sh.688001,30.7400,31.5400,30.1000,31.3100,30.7500,1137827,35333372.8600,3,0.276600,1,1.821100,0
2022-07-28,sh.688001,31.6000,32.0000,31.3600,31.7000,31.3100,918369,29159039.4000,3,0.223300,1,1.245600,0
2022-07-29,sh.688001,32.2900,32.8800,31.5000,31.7500,31.7000,1663763,53495163.3900,3,0.404500,1,0.157700,0
2022-08-01,sh.688001,31.7500,34.1500,31.4000,33.5600,31.7500,2938906,97964545.5800,3,0.714500,1,5.700800,0
2022-08-02,sh.688001,33.3000,34.3400,32.0800,33.0500,33.5600,3212842,106701580.1600,3,0.781100,1,-1.519700,0
2022-08-03,sh.688001,33.2600,34.4300,32.8200,33.4800,33.0500,3139098,105952541.3100,3,0.763200,1,1.301100,0
2022-08-04,sh.688001,33.7700,35.2000,33.1200,34.1900,33.4800,3126488,106970347.0000,3,0.760100,1,2.120700,0
2022-08-05,sh.688001,34.0100,37.0000,33.7800,35.7000,33.9800,3151859,112065241.0000,3,0.766300,1,5.061800,0
2022-08-08,sh.688001,35.7500,38.5000,35.7000,36.1300,35.7000,3647083,133837368.0000,3,0.886700,1,1.204500,0
2022-08-09,sh.688001,35.8800,36.3600,34.8500,35.7900,36.1300,2549438,90583637.0000,3,0.619800,1,-0.941000,0
2022-08-10,sh.688001,35.4300,37.0300,35.0100,36.1100,35.7900,2563573,93255986.0000,3,0.623300,1,0.894100,0
2022-08-11,sh.688001,35.8600,37.9700,35.1500,37.5200,36.1100,4009286,147306281.0000,3,0.974800,1,3.904700,0
2022-08-12,sh.688001,37.4500,37.9500,36.0000,36.1600,37.5200,1987196,73196015.0000,3,0.483100,1,-3.624700,0
2022-08-15,sh.688001,36.1000,36.6000,35.3600,36.2800,36.1600,1174409,42303449.9900,3,0.285500,1,0.331900,0
2022-08-16,sh.688001,36.2400,36.9900,35.8000,36.1600,36.2800,856706,31153342.3600,3,0.208300,1,-0.330800,0
2022-08-17,sh.688001,36.4300,41.2000,35.5600,40.2400,36.1600,6070068,237069401.3600,3,1.475800,1,11.283200,0
2022-08-18,sh.688001,41.4600,42.5000,39.4300,41.5500,40.2400,4180655,173201198.0800,3,1.016400,1,3.255500,0
2022-08-19,sh.688001,41.7200,42.3700,41.0000,41.2800,41.5500,3793643,157953816.5200,3,0.922300,1,-0.649800,0
2022-08-22,sh.688001,41.3400,41.7100,40.2500,40.8900,41.2800,2050901,84019050.8100,3,0.498600,1,-0.944800,0
2022-08-23,sh.688001,40.4000,42.3400,40.4000,40.9900,40.8900,1641749,68216588.5100,3,0.399200,1,0.244600,0
2022-08-24,sh.688001,40.6900,41.3600,37.2000,37.7200,40.9900,4563075,176402727.8800,3,1.109400,1,-7.977600,0
2022-08-25,sh.688001,37.7600,38.1100,35.7200,36.5000,37.7200,2369260,86695443.5600,3,0.576000,1,-3.234400,0
2022-08-26,sh.688001,36.5000,37.1000,34.9900,34.9900,36.5000,1654477,59179145.2200,3,0.402300,1,-4.137000,0
2022-08-29,sh.688001,34.6000,36.2000,34.2200,35.5300,34.9900,1281823,45636694.7200,3,0.311600,1,1.543300,0
2022-08-30,sh.688001,36.3200,36.5200,34.7200,34.8600,35.5300,1271877,44926022.8800,3,0.309200,1,-1.885700,0
2022-08-31,sh.688001,35.2200,35.8000,33.7400,33.8100,34.8600,1482294,51035555.5100,3,0.360400,1,-3.012000,0
2022-09-01,sh.688001,33.9600,34.3400,33.3300,33.4000,33.8100,1284373,43368949.7700,3,0.312300,1,-1.212700,0
