date,code,open,high,low,close,preclose,volume,amount,adjustflag,turn,tradestatus,pctChg,isST
2022-01-04,sh.603985,53.5800,53.9800,50.9000,52.9300,53.4200,2970243,155429437.5800,3,1.120900,1,-0.917300,0
2022-01-05,sh.603985,52.6000,52.8800,48.1500,51.3400,52.9300,5805772,289851198.0700,3,2.190900,1,-3.004000,0
2022-01-06,sh.603985,48.5800,52.3000,48.0300,51.7300,51.3400,5258222,265878637.6100,3,1.984300,1,0.759600,0
2022-01-07,sh.603985,51.0000,52.3000,50.0000,51.9000,51.7300,2791113,143440893.9500,3,1.053300,1,0.328600,0
2022-01-10,sh.603985,51.5000,54.6600,50.8000,52.4000,51.9000,3695470,194667477.4700,3,1.394600,1,0.963400,0
2022-01-11,sh.603985,52.1900,53.3500,47.1600,47.1600,52.4000,7544936,369659166.8500,3,2.847200,1,-10.000000,0
2022-01-12,sh.603985,44.4800,47.6300,43.7200,45.9600,47.1600,8125199,366944056.3300,3,3.066200,1,-2.544500,0
2022-01-13,sh.603985,45.0000,45.8000,41.3600,41.3600,45.9600,8202673,349120243.2800,3,3.095400,1,-10.008700,0
2022-01-14,sh.603985,41.1000,42.4000,39.5600,40.6000,41.3600,7419469,304061709.4500,3,2.799900,1,-1.837500,0
2022-01-17,sh.603985,40.6000,40.9200,39.3100,40.4500,40.6000,6247198,249888489.7500,3,2.357500,1,-0.369500,0
2022-01-18,sh.603985,40.5000,42.7500,39.3900,41.4600,40.4500,4929798,205288349.9500,3,1.860400,1,2.496900,0
2022-01-19,sh.603985,42.2600,42.7500,40.8000,41.3000,41.4600,3978810,166872718.6400,3,1.501500,1,-0.385900,0
2022-01-20,sh.603985,41.2900,41.9900,39.0800,39.4800,41.3000,4075431,163195448.5800,3,1.537900,1,-4.406800,0
2022-01-21,sh.603985,39.4800,40.1700,38.3700,38.6000,39.4800,6866853,268436486.1200,3,2.591300,1,-2.229000,0
2022-01-24,sh.603985,38.9100,40.9100,38.2000,40.2700,38.6000,5290272,208340751.4200,3,1.996400,1,4.326400,0
2022-01-25,sh.603985,40.2100,41.6900,39.8800,39.9700,40.2700,4733140,193123454.3900,3,1.786100,1,-0.745000,0
2022-01-26,sh.603985,40.2800,43.9700,40.2800,43.9700,39.9700,5216243,226854683.2200,3,1.968500,1,10.007500,0
2022-01-27,sh.603985,43.4600,45.8800,42.8800,43.5000,43.9700,10006855,444615650.2700,3,3.776300,1,-1.068900,0
2022-01-28,sh.603985,44.1100,47.8400,41.8800,45.5100,43.5000,11455254,516249796.2500,3,4.322900,1,4.620700,0
2022-02-07,sh.603985,46.8800,48.6000,44.8900,45.3000,45.5100,5207733,241097445.2400,3,1.965200,1,-0.461400,0
2022-02-08,sh.603985,45.2800,49.3600,42.9200,48.0500,45.3000,6577707,302238746.1200,3,2.482200,1,6.070600,0
2022-02-09,sh.603985,49.5600,50.6000,46.3800,49.4200,48.0500,7366806,362339656.3200,3,2.780000,1,2.851200,0
2022-02-10,sh.603985,48.9500,49.4500,45.0600,47.7900,49.4200,7353226,347068328.6700,3,2.774900,1,-3.298300,0
2022-02-11,sh.603985,47.4100,47.4100,45.1800,46.0100,47.7900,4073605,187853264.8200,3,1.537300,1,-3.724600,0
2022-02-14,sh.603985,45.0400,46.6000,43.9500,45.5300,46.0100,3569143,161808048.3600,3,1.346900,1,-1.043300,0
2022-02-15,sh.603985,45.5900,49.9000,44.0900,49.1000,45.5300,6228588,291582238.7700,3,2.350500,1,7.841000,0
2022-02-16,sh.603985,48.5000,51.1000,47.9900,49.0200,49.1000,6179347,308221965.4900,3,2.331900,1,-0.162900,0
2022-02-17,sh.603985,48.6300,50.4000,46.7000,49.7000,49.0200,7891721,387932928.9700,3,2.978100,1,1.387200,0
2022-02-18,sh.603985,49.0100,49.8000,48.3200,49.2000,49.7000,3517208,173071805.0600,3,1.327300,1,-1.006000,0
2022-02-21,sh.603985,49.1900,49.1900,47.1000,47.5800,49.2000,2662251,127234120.7200,3,1.004700,1,-3.292700,0
2022-02-22,sh.603985,47.1800,48.7500,46.9400,48.1000,47.5800,2875177,137948784.1800,3,1.085000,1,1.092900,0
2022-02-23,sh.603985,48.2000,48.5700,46.6000,47.8000,48.1000,3162952,149991671.8800,3,1.193600,1,-0.623700,0
2022-02-24,sh.603985,47.3200,48.0500,43.4600,44.7600,47.8000,6899059,312200218.4600,3,2.603500,1,-6.359800,0
2022-02-25,sh.603985,44.8900,46.0000,44.0000,44.7800,44.7600,5134528,230106081.7800,3,1.937600,1,0.044700,0
2022-02-28,sh.603985,44.8500,45.8600,43.2500,45.4200,44.7800,4836539,214811771.0000,3,1.825200,1,1.429200,0
2022-03-01,sh.603985,45.0800,49.9600,44.9300,48.8900,45.4200,14808746,719378240.0000,3,5.588400,1,7.639800,0
2022-03-02,sh.603985,47.6100,47.6100,44.5300,47.0300,48.8900,9576953,439699232.0000,3,3.614100,1,-3.804500,0
2022-03-03,sh.603985,46.0500,46.4700,43.8000,43.8600,47.0300,6007224,267999803.0000,3,2.266900,1,-6.740400,0
2022-03-04,sh.603985,43.1000,44.6700,42.5000,42.9100,43.8600,4551977,198156242.0000,3,1.717800,1,-2.166000,0
2022-03-07,sh.603985,42.5300,42.5300,40.1100,40.6300,42.9100,5769818,237586056.0000,3,2.177400,1,-5.313400,0
2022-03-08,sh.603985,41.2700,41.2700,37.8000,39.1300,40.6300,6469282,254922474.0000,3,2.441300,1,-3.691900,0
2022-03-09,sh.603985,39.4800,40.0900,36.7800,38.0100,39.1300,5906473,225944764.0000,3,2.228900,1,-2.862300,0
2022-03-10,sh.603985,39.0000,40.7100,38.3000,38.8500,38.0100,9502774,374121760.0000,3,3.586100,1,2.209900,0
2022-03-11,sh.603985,38.4300,38.7900,36.0600,36.9000,38.8500,7110675,262185672.0000,3,2.683400,1,-5.019300,0
2022-03-14,sh.603985,36.3000,36.7400,35.4000,35.6000,36.9000,5128442,184112556.0000,3,1.935300,1,-3.523000,0
2022-03-15,sh.603985,35.3800,35.5900,33.3800,33.3800,35.6000,6838544,234631072.0000,3,2.580700,1,-6.236000,0
2022-03-16,sh.603985,33.9800,34.0800,32.2400,33.7700,33.3800,6056577,201634994.0000,3,2.285600,1,1.168400,0
2022-03-17,sh.603985,34.6200,37.1500,34.2000,35.6800,33.7700,8953204,322084416.0000,3,3.378700,1,5.655900,0
2022-03-18,sh.603985,35.9000,35.9000,34.2600,34.5600,35.6800,5175945,179784222.9700,3,1.953200,1,-3.139000,0
2022-03-21,sh.603985,34.9600,34.9600,32.0900,33.2000,34.5600,10313944,341583719.2000,3,3.892200,1,-3.935200,0
2022-03-22,sh.603985,33.1900,33.2000,31.1000,31.3700,33.2000,9163713,291087957.6600,3,3.458100,1,-5.512000,0
2022-03-23,sh.603985,31.4000,33.9600,31.4000,33.0400,31.3700,8985557,296148265.2000,3,3.390900,1,5.323600,0
2022-03-24,sh.603985,33.0500,33.0500,31.6100,32.2200,33.0400,4983989,160578914.8700,3,1.880800,1,-2.481800,0
2022-03-25,sh.603985,32.3100,32.3100,30.6500,30.8100,32.2200,6130314,191244412.1900,3,2.313400,1,-4.376200,0
2022-03-28,sh.603985,30.5000,31.2000,30.0500,30.4500,30.8100,5433025,165565315.7500,3,2.050300,1,-1.168500,0
2022-03-29,sh.603985,30.3100,30.7800,29.4000,29.7900,30.4500,5089619,151755626.9600,3,1.920700,1,-2.167500,0
2022-03-30,sh.603985,29.9900,30.8400,29.9800,30.6900,29.7900,3967640,121124923.1800,3,1.497300,1,3.021100,0
2022-03-31,sh.603985,30.6000,30.6000,29.4700,29.5900,30.6900,4176489,124512284.7800,3,1.576100,1,-3.584200,0
2022-04-01,sh.603985,29.3100,30.4600,29.1000,30.2900,29.5900,5045322,151719739.6500,3,1.904000,1,2.365700,0
2022-04-06,sh.603985,30.3000,30.3700,29.1100,29.3300,30.2900,3945080,115858170.6800,3,1.488800,1,-3.169400,0
2022-04-07,sh.603985,29.4500,29.4500,28.1600,28.2200,29.3300,6921852,197114267.1100,3,2.612100,1,-3.784500,0
2022-04-08,sh.603985,28.2200,29.1400,27.8600,28.5200,28.2200,4727644,134870431.6100,3,1.784100,1,1.063100,0
2022-04-11,sh.603985,28.2700,28.4400,26.8100,27.0900,28.5200,5965689,162691980.4000,3,2.251300,1,-5.014000,0
2022-04-12,sh.603985,26.9900,28.3000,26.7200,27.9300,27.0900,5189450,143258236.8200,3,1.958300,1,3.100800,0
2022-04-13,sh.603985,28.3600,28.3800,27.0100,27.1400,27.9300,3247130,89408941.8000,3,1.225400,1,-2.828500,0
2022-04-14,sh.603985,27.3300,27.7500,25.6000,25.9200,27.1400,6606816,173682261.9400,3,2.493200,1,-4.495200,0
2022-04-15,sh.603985,25.6000,25.8800,24.8500,25.5400,25.9200,4483356,113382335.8600,3,1.691900,1,-1.466000,0
2022-04-18,sh.603985,24.0200,25.0000,22.9900,22.9900,25.5400,10164599,237285108.5200,3,3.835800,1,-9.984300,0
2022-04-19,sh.603985,22.9900,23.9600,22.3600,23.5400,22.9900,17289672,396563580.8500,3,6.524600,1,2.392300,0
2022-04-20,sh.603985,23.3100,23.8000,22.8300,22.9800,23.5400,9397599,217864991.4500,3,3.546400,1,-2.378900,0
2022-04-21,sh.603985,23.1700,23.1900,21.5900,21.7400,22.9800,7296469,162303851.9900,3,2.753500,1,-5.396000,0
2022-04-22,sh.603985,21.7600,22.1400,21.3600,21.4400,21.7400,6211915,134922835.9600,3,2.344200,1,-1.379900,0
2022-04-25,sh.603985,21.2900,21.2900,19.5100,19.6200,21.4400,6073000,123181209.8900,3,2.291800,1,-8.488800,0
2022-04-26,sh.603985,18.2800,19.4700,18.2800,18.7700,19.6200,9743187,184434507.5400,3,3.676800,1,-4.332300,0
2022-04-27,sh.603985,18.5600,19.3200,17.6900,19.1600,18.7700,7757837,143467876.8400,3,2.927600,1,2.077800,0
2022-04-28,sh.603985,18.8000,19.3300,18.5000,18.7100,19.1600,4177885,78511691.4500,3,1.576600,1,-2.348600,0
2022-04-29,sh.603985,18.6700,19.5000,18.5000,19.1800,18.7100,5690760,107993653.3300,3,2.147500,1,2.512000,0
2022-05-05,sh.603985,19.1800,19.8300,18.9100,19.5000,19.1800,4085392,79497879.0000,3,1.541700,1,1.668400,0
2022-05-06,sh.603985,19.0600,19.4600,18.9000,19.1800,19.5000,3133700,60202203.6800,3,1.182600,1,-1.641000,0
2022-05-09,sh.603985,19.2200,19.8400,18.8000,19.0700,19.1800,4318313,82934889.0900,3,1.629600,1,-0.573500,0
2022-05-10,sh.603985,18.9600,20.9800,18.5600,20.9800,19.0700,7752028,156323071.5100,3,2.925400,1,10.015700,0
2022-05-11,sh.603985,21.0000,22.9000,21.0000,22.4600,20.9800,23861087,527811502.2800,3,9.004500,1,7.054300,0
2022-05-12,sh.603985,21.8900,22.2500,21.0100,21.4800,22.4600,14236561,306835600.2800,3,5.372400,1,-4.363300,0
2022-05-13,sh.603985,21.3500,21.4500,20.4000,20.7400,21.4800,8479700,176457442.3500,3,3.200000,1,-3.445100,0
2022-05-16,sh.603985,21.1500,22.0600,20.9200,21.2300,20.7400,9705281,207967732.7000,3,3.662500,1,2.362600,0
2022-05-17,sh.603985,21.4000,22.0200,20.5800,21.8800,21.2300,10346128,220209815.5200,3,3.904300,1,3.061700,0
2022-05-18,sh.603985,21.8800,23.8000,21.5000,23.3800,21.8800,16760703,383542113.9900,3,6.325000,1,6.855600,0
2022-05-19,sh.603985,23.2000,25.6000,22.8500,24.9100,23.3800,21357007,519321293.0800,3,8.059500,1,6.544100,0
2022-05-20,sh.603985,24.9100,25.7500,24.6800,25.5200,24.9100,13443021,339982629.4900,3,5.073000,1,2.448800,0
2022-05-23,sh.603985,25.5200,28.0700,25.0900,28.0700,25.5200,12473165,326512009.3400,3,4.707000,1,9.992200,0
2022-05-24,sh.603985,28.8000,29.7300,26.5300,26.5900,28.0700,17560829,490146456.8000,3,6.626900,1,-5.272500,0
2022-05-25,sh.603985,26.4800,26.9700,24.8700,25.8000,26.5900,14297924,367435644.0300,3,5.395600,1,-2.971000,0
2022-05-26,sh.603985,25.8200,27.9800,25.5000,26.9900,25.8000,18449522,495809273.8200,3,6.962300,1,4.612400,0
2022-05-27,sh.603985,26.8000,27.8000,26.5600,27.0800,26.9900,7943405,215965179.4200,3,2.997600,1,0.333500,0
2022-05-30,sh.603985,27.0000,27.9400,26.4600,27.7600,27.0800,7119874,193700443.5300,3,2.686800,1,2.511100,0
2022-05-31,sh.603985,28.6900,30.5400,27.6000,30.5400,27.7600,15099826,447830804.1700,3,5.698200,1,10.014400,0
2022-06-01,sh.603985,29.8200,30.5900,28.8800,29.9200,30.5400,10379935,308860103.7100,3,3.917100,1,-2.030100,0
2022-06-02,sh.603985,29.9300,32.4900,29.9200,31.6000,29.9200,12302449,384793981.4900,3,4.642600,1,5.615000,0
2022-06-06,sh.603985,31.6500,32.8600,30.9800,32.0000,31.6000,8721883,277634108.1700,3,3.291400,1,1.265800,0
2022-06-07,sh.603985,32.3700,32.3800,29.8100,30.4000,32.0000,10319464,316376450.5700,3,3.894300,1,-5.000000,0
2022-06-08,sh.603985,30.5100,30.7600,27.8700,28.7000,30.4000,16447907,477134354.3200,3,6.206900,1,-5.592100,0
2022-06-09,sh.603985,28.6600,28.6600,26.8500,27.6400,28.7000,14456722,398584566.7400,3,5.455500,1,-3.693400,0
2022-06-10,sh.603985,21.3100,22.7300,20.9000,22.3000,21.1800,11276963,248935929.9600,3,3.273500,1,5.288000,0
2022-06-13,sh.603985,21.8800,23.7900,21.5000,22.8800,22.3000,14265436,327513618.1900,3,4.141000,1,2.600900,0
2022-06-14,sh.603985,22.5300,22.5300,21.6000,22.0800,22.8800,11025888,242269077.5100,3,3.200600,1,-3.496500,0
2022-06-15,sh.603985,21.7000,22.5000,21.2500,21.2500,22.0800,10352244,224017717.3300,3,3.005100,1,-3.759100,0
2022-06-16,sh.603985,21.0200,22.0800,21.0200,21.6500,21.2500,13817434,299557641.5700,3,4.011000,1,1.882400,0
2022-06-17,sh.603985,21.5900,23.8200,21.3500,23.8200,21.6500,22474538,527116960.4700,3,6.524000,1,10.023100,0
2022-06-20,sh.603985,25.0000,26.2000,24.9900,26.2000,23.8200,17009487,441863412.7000,3,4.937600,1,9.991600,0
2022-06-21,sh.603985,26.3900,28.7400,25.0300,27.0300,26.2000,41591761,1095421541.3200,3,12.073400,1,3.167900,0
2022-06-22,sh.603985,26.5600,29.7300,25.9800,28.4400,27.0300,41980694,1194652258.2200,3,12.186300,1,5.216400,0
2022-06-23,sh.603985,27.8000,28.2000,26.3000,27.9700,28.4400,27842590,760583462.1800,3,8.082300,1,-1.652600,0
2022-06-24,sh.603985,27.7000,30.7700,27.6500,29.2500,27.9700,27245354,802669475.6400,3,7.908900,1,4.576300,0
2022-06-27,sh.603985,29.3000,30.5000,28.6800,29.6600,29.2500,18821720,552870613.9000,3,5.463700,1,1.401700,0
2022-06-28,sh.603985,29.6600,29.9200,28.5800,29.3200,29.6600,14709239,430041134.2400,3,4.269900,1,-1.146300,0
2022-06-29,sh.603985,28.8500,28.8700,27.0500,27.1100,29.3200,17463118,486586809.3100,3,5.069300,1,-7.537500,0
2022-06-30,sh.603985,27.1800,28.8800,27.1300,28.1400,27.1100,11792339,332252543.2700,3,3.423100,1,3.799300,0
2022-07-01,sh.603985,27.6000,28.6300,27.6000,28.2500,28.1400,7143274,202174031.7300,3,2.073600,1,0.390900,0
2022-07-04,sh.603985,28.2500,29.0000,27.2800,28.4000,28.2500,12342527,350616476.0200,3,3.582800,1,0.531000,0
2022-07-05,sh.603985,28.2700,28.4200,27.7200,28.2100,28.4000,7724549,216238122.7200,3,2.242300,1,-0.669000,0
2022-07-06,sh.603985,28.5000,29.8500,28.1800,28.6100,28.2100,11571165,332689176.0000,3,3.358900,1,1.417900,0
2022-07-07,sh.603985,28.2000,29.5000,28.0000,29.0500,28.6100,11428765,331026168.6400,3,3.317600,1,1.537900,0
2022-07-08,sh.603985,29.6500,29.6500,27.2900,27.4800,29.0500,13756967,384344223.8400,3,3.993400,1,-5.404500,0
2022-07-11,sh.603985,27.2000,28.8800,27.0200,28.4500,27.4800,11443387,323730167.2100,3,3.321800,1,3.529800,0
2022-07-12,sh.603985,28.0500,31.3000,27.9300,31.3000,28.4500,25719057,788844395.9000,3,7.465800,1,10.017600,0
2022-07-13,sh.603985,31.4200,34.4300,30.8100,34.4300,31.3000,22972665,759849264.5800,3,6.668600,1,10.000000,0
2022-07-14,sh.603985,34.8000,36.5000,32.8000,35.1300,34.4300,28362063,984867813.7300,3,8.233100,1,2.033100,0
2022-07-15,sh.603985,35.1400,36.4000,34.1100,35.3000,35.1300,17131444,603824853.5900,3,4.973000,1,0.483900,0
2022-07-18,sh.603985,35.0000,35.8000,33.4100,35.3000,35.3000,16516086,575128491.8100,3,4.794400,1,0.000000,0
2022-07-19,sh.603985,34.8400,35.8300,33.0100,34.2500,35.3000,16007537,551747150.9000,3,4.646700,1,-2.974500,0
2022-07-20,sh.603985,33.6000,36.8800,33.4500,36.3800,34.2500,16473633,587916575.7900,3,4.782000,1,6.219000,0
2022-07-21,sh.603985,35.7300,37.3400,35.6000,35.8200,36.3800,15203246,554003050.4100,3,4.413300,1,-1.539300,0
2022-07-22,sh.603985,35.8200,36.2800,33.0200,34.2000,35.8200,21265687,731316346.7800,3,6.173100,1,-4.522600,0
2022-07-25,sh.603985,33.6400,34.0300,31.4100,31.9300,34.2000,18180676,585576454.4200,3,5.277600,1,-6.637400,0
2022-07-26,sh.603985,32.1600,33.5000,31.6800,32.8500,31.9300,11341483,370858853.1400,3,3.292300,1,2.881300,0
2022-07-27,sh.603985,32.8600,33.4700,31.8800,33.1100,32.8500,10235550,336895642.8300,3,2.971200,1,0.791500,0
2022-07-28,sh.603985,33.0100,33.5300,31.6000,32.1200,33.1100,10403383,338272077.6900,3,3.019900,1,-2.990000,0
2022-07-29,sh.603985,32.1100,33.8300,31.8800,33.5500,32.1200,11070992,368243728.2600,3,3.213700,1,4.452100,0
2022-08-01,sh.603985,33.6900,34.2400,31.9100,32.7500,33.5500,15581365,509198917.7400,3,4.523000,1,-2.384500,0
2022-08-02,sh.603985,32.0000,32.5000,30.8000,30.9800,32.7500,10717375,337747286.7500,3,3.111100,1,-5.404600,0
2022-08-03,sh.603985,30.9600,33.3100,30.7500,31.3200,30.9800,14420977,460147897.7500,3,4.186200,1,1.097500,0
2022-08-04,sh.603985,31.7600,32.0000,29.6000,29.9800,31.3200,10749867,326622860.0000,3,3.120500,1,-4.278400,0
2022-08-05,sh.603985,30.0500,30.7900,28.8700,29.5900,29.9800,11498074,339814123.0000,3,3.337700,1,-1.300900,0
2022-08-08,sh.603985,29.4100,31.0000,29.0200,30.4000,29.5900,9684109,292390527.0000,3,2.811100,1,2.737400,0
2022-08-09,sh.603985,30.3700,32.4800,29.8000,31.3600,30.4000,12036369,380632954.0000,3,3.494000,1,3.157900,0
2022-08-10,sh.603985,31.0600,31.8000,30.4000,30.7800,31.3600,8145038,252066541.0000,3,2.364400,1,-1.849500,0
2022-08-11,sh.603985,30.9300,31.4100,30.1600,30.9100,30.7800,6097724,187986248.0000,3,1.770100,1,0.422400,0
2022-08-12,sh.603985,30.9000,31.3200,29.8800,29.9900,30.9100,6439722,195408433.0000,3,1.869400,1,-2.976400,0
2022-08-15,sh.603985,29.6900,31.7600,29.6000,31.1700,29.9900,8360775,259233898.5700,3,2.427000,1,3.934600,0
2022-08-16,sh.603985,31.8200,33.5000,31.3400,31.6000,31.1700,16742186,541296406.6400,3,4.860000,1,1.379500,0
2022-08-17,sh.603985,32.0400,32.7000,31.0600,31.4700,31.6000,11241866,357665750.9300,3,3.263300,1,-0.411400,0
2022-08-18,sh.603985,31.5200,34.6200,31.3800,34.6200,31.4700,21529591,733593658.6400,3,6.249700,1,10.009500,0
2022-08-19,sh.603985,34.9700,35.2800,32.4900,32.5400,34.6200,20272633,676427895.1900,3,5.884800,1,-6.008100,0
2022-08-22,sh.603985,32.0000,32.3400,30.6600,31.4500,32.5400,10149821,317412019.7000,3,2.946300,1,-3.349700,0
2022-08-23,sh.603985,31.3800,32.7600,31.0000,32.2700,31.4500,8266569,264704776.9600,3,2.399700,1,2.607300,0
2022-08-24,sh.603985,32.2700,32.3000,30.6500,30.7100,32.2700,7895524,246083865.9400,3,2.291900,1,-4.834200,0
2022-08-25,sh.603985,30.7100,30.9900,28.2000,28.8400,30.7100,13298547,385896075.6700,3,3.860400,1,-6.089200,0
2022-08-26,sh.603985,28.8400,29.6000,27.3700,27.5300,28.8400,11540931,326398255.4200,3,3.350200,1,-4.542300,0
2022-08-29,sh.603985,26.4000,28.7400,25.6700,28.3500,27.5300,9498325,264476400.0300,3,2.757200,1,2.978600,0
2022-08-30,sh.603985,28.4100,29.0100,27.0000,27.0700,28.3500,9625147,267046960.1400,3,2.794000,1,-4.515000,0
2022-08-31,sh.603985,27.3300,27.3300,24.9000,25.4200,27.0700,14875505,381713610.2500,3,4.318100,1,-6.095300,0
2022-09-01,sh.603985,26.1100,27.4600,25.8000,25.9700,25.4200,7858357,207585897.9700,3,2.281200,1,2.163700,0
