date,code,open,high,low,close,preclose,volume,amount,adjustflag,turn,tradestatus,pctChg,isST
2022-01-04,sz.002383,7.2500,7.3200,7.2000,7.2800,7.2400,11054676,80329241.8800,3,1.822800,1,0.552500,0
2022-01-05,sz.002383,7.2500,7.4500,7.0500,7.1000,7.2800,11557769,83380841.0800,3,1.905800,1,-2.472500,0
2022-01-06,sz.002383,7.1400,7.3200,7.0500,7.2400,7.1000,9048531,64936429.3700,3,1.492000,1,1.971800,0
2022-01-07,sz.002383,7.1900,7.2900,7.0500,7.0600,7.2400,8661014,62092251.5700,3,1.428100,1,-2.486200,0
2022-01-10,sz.002383,7.0200,7.1500,6.8500,7.0700,7.0600,7876217,55303861.6000,3,1.298700,1,0.141600,0
2022-01-11,sz.002383,7.4500,7.4500,7.1600,7.2400,7.0700,16939338,123642794.2400,3,2.793100,1,2.404500,0
2022-01-12,sz.002383,7.1800,7.2500,7.0900,7.1900,7.2400,8160490,58391179.0600,3,1.345600,1,-0.690600,0
2022-01-13,sz.002383,7.2500,7.3400,7.1200,7.1600,7.1900,7453807,53834967.6900,3,1.229100,1,-0.417200,0
2022-01-14,sz.002383,7.0800,7.2000,6.9500,7.0000,7.1600,7581658,53699177.2000,3,1.250100,1,-2.234600,0
2022-01-17,sz.002383,7.0400,7.4300,7.0400,7.3700,7.0000,20939617,153110543.7400,3,3.452700,1,5.285700,0
2022-01-18,sz.002383,7.2700,7.5800,7.2700,7.4000,7.3700,16343080,121195900.0500,3,2.694800,1,0.407100,0
2022-01-19,sz.002383,7.3600,7.4400,7.2700,7.3600,7.4000,10201029,74834647.4100,3,1.682100,1,-0.540500,0
2022-01-20,sz.002383,7.3800,7.4200,7.0200,7.0600,7.3600,12291689,87914665.1000,3,2.026800,1,-4.076100,0
2022-01-21,sz.002383,7.0800,7.1700,6.9500,7.1500,7.0600,8985442,63532275.6800,3,1.481600,1,1.274800,0
2022-01-24,sz.002383,7.1100,7.1900,6.8400,6.8900,7.1500,8621900,60246801.7200,3,1.421700,1,-3.636400,0
2022-01-25,sz.002383,6.9200,7.0600,6.4500,6.4800,6.8900,11116131,74469847.7900,3,1.832900,1,-5.950700,0
2022-01-26,sz.002383,6.5100,6.6000,6.3500,6.5200,6.4800,6094226,39625400.0400,3,1.004900,1,0.617300,0
2022-01-27,sz.002383,6.5400,6.5400,6.2300,6.2400,6.5200,5939200,37819585.6200,3,0.979300,1,-4.294500,0
2022-01-28,sz.002383,6.3300,6.4900,6.2400,6.4100,6.2400,4907532,31315373.8600,3,0.809200,1,2.724400,0
2022-02-07,sz.002383,6.7100,7.0500,6.5100,7.0500,6.4100,11382337,78176267.4600,3,1.876800,1,9.984400,0
2022-02-08,sz.002383,7.1200,7.2800,6.9700,7.2200,7.0500,22970921,164280009.8000,3,3.787700,1,2.411300,0
2022-02-09,sz.002383,7.2800,7.3500,7.1100,7.3000,7.2200,19063274,138506882.3900,3,3.143400,1,1.108000,0
2022-02-10,sz.002383,7.3300,7.3400,7.1700,7.2800,7.3000,13846702,100529836.1600,3,2.283200,1,-0.274000,0
2022-02-11,sz.002383,7.2700,7.2700,7.1000,7.1100,7.2800,8855300,63477840.8900,3,1.460200,1,-2.335200,0
2022-02-14,sz.002383,7.0900,7.8200,7.0800,7.8200,7.1100,17924193,136551360.2400,3,2.955500,1,9.985900,0
2022-02-15,sz.002383,8.4500,8.4800,7.4800,7.5200,7.8200,54413756,427231884.5600,3,8.972300,1,-3.836300,0
2022-02-16,sz.002383,7.4400,7.6100,7.3700,7.4800,7.5200,26087006,194988346.6300,3,4.301500,1,-0.531900,0
2022-02-17,sz.002383,7.4000,7.8300,7.3400,7.6300,7.4800,32409459,247864071.2500,3,5.344000,1,2.005300,0
2022-02-18,sz.002383,7.6300,7.9000,7.4800,7.7800,7.6300,31537574,243794063.4900,3,5.200300,1,1.965900,0
2022-02-21,sz.002383,7.8000,7.9500,7.6600,7.8000,7.7800,25604233,199634933.2300,3,4.221900,1,0.257100,0
2022-02-22,sz.002383,7.7100,7.8600,7.6100,7.7100,7.8000,19120409,147568450.8400,3,3.152800,1,-1.153800,0
2022-02-23,sz.002383,7.6400,7.8400,7.5800,7.7900,7.7100,20426948,158173895.6000,3,3.368200,1,1.037600,0
2022-02-24,sz.002383,7.7200,8.1800,7.6400,7.7900,7.7900,41689493,327801632.4200,3,6.874200,1,0.000000,0
2022-02-25,sz.002383,7.6800,7.7500,7.4000,7.6600,7.7900,23574316,180252488.2200,3,3.887200,1,-1.668800,0
2022-02-28,sz.002383,7.6700,7.8100,7.4900,7.5900,7.6600,16717880,127384012.0000,3,2.756600,1,-0.913800,0
2022-03-01,sz.002383,7.6400,8.1000,7.6100,7.9400,7.5900,30347756,239306804.0000,3,5.004100,1,4.611300,0
2022-03-02,sz.002383,7.9600,8.1300,7.8900,7.9400,7.9400,23202008,184885447.0000,3,3.825800,1,0.000000,0
2022-03-03,sz.002383,7.8900,7.9600,7.7300,7.7800,7.9400,17008916,133236948.0000,3,2.804600,1,-2.015100,0
2022-03-04,sz.002383,7.6400,7.7800,7.5300,7.5500,7.7800,16912292,129263957.0000,3,2.788700,1,-2.956300,0
2022-03-07,sz.002383,7.5200,7.5500,7.3000,7.3600,7.5500,13146149,97328700.0000,3,2.167700,1,-2.516600,0
2022-03-08,sz.002383,7.4500,7.4500,7.1200,7.1500,7.3600,11984596,87176716.0000,3,1.976100,1,-2.853300,0
2022-03-09,sz.002383,7.1900,7.3300,6.7800,7.1000,7.1500,13844409,98072227.0000,3,2.282800,1,-0.699300,0
2022-03-10,sz.002383,7.2500,7.3200,7.1700,7.2500,7.1000,10849609,78642680.0000,3,1.789000,1,2.112700,0
2022-03-11,sz.002383,7.1400,7.2900,7.0200,7.2900,7.2500,8327500,59611660.0000,3,1.373100,1,0.551700,0
2022-03-14,sz.002383,7.2800,7.4700,7.1900,7.2600,7.2900,14855275,109245141.0000,3,2.449500,1,-0.411500,0
2022-03-15,sz.002383,7.4200,7.5200,7.0400,7.0500,7.2600,18683314,136555517.0000,3,3.080700,1,-2.892600,0
2022-03-16,sz.002383,7.2500,7.3500,6.8600,7.3000,7.0500,17308774,123798272.0000,3,2.854100,1,3.546100,0
2022-03-17,sz.002383,7.3300,7.8500,7.2700,7.6400,7.3000,26140785,199609805.0000,3,4.310400,1,4.657500,0
2022-03-18,sz.002383,7.4700,7.9600,7.4500,7.9400,7.6400,25127532,195916724.3300,3,4.143300,1,3.926700,0
2022-03-21,sz.002383,8.0400,8.7300,7.8700,8.3800,7.9400,72659020,616602599.2900,3,11.980800,1,5.541600,0
2022-03-22,sz.002383,8.2100,8.5600,8.0500,8.1900,8.3800,44325963,367911743.9300,3,7.308900,1,-2.267300,0
2022-03-23,sz.002383,8.1000,8.2500,8.0800,8.1500,8.1900,23473582,191512662.0100,3,3.870600,1,-0.488400,0
2022-03-24,sz.002383,8.1100,8.2200,7.8200,7.9000,8.1500,24207055,192788338.2000,3,3.991500,1,-3.067500,0
2022-03-25,sz.002383,7.9000,7.9000,7.5600,7.5900,7.9000,15544086,119774610.3200,3,2.563100,1,-3.924100,0
2022-03-28,sz.002383,7.5000,7.6800,7.4300,7.6200,7.5900,11006189,83437884.2800,3,1.814800,1,0.395300,0
2022-03-29,sz.002383,7.6400,7.7800,7.4800,7.5600,7.6200,11961734,91121461.6600,3,1.972400,1,-0.787400,0
2022-03-30,sz.002383,7.6200,8.3200,7.5000,8.0900,7.5600,31264448,251124827.9200,3,5.155200,1,7.010600,0
2022-03-31,sz.002383,7.7000,8.1800,7.5000,8.1300,8.0900,33343675,262223818.0700,3,5.498100,1,0.494400,0
2022-04-01,sz.002383,8.0000,8.3900,7.9000,8.2100,8.1300,24564996,201711227.3000,3,4.050500,1,0.984000,0
2022-04-06,sz.002383,8.1500,8.3500,7.9400,8.0400,8.2100,24230834,196614820.4600,3,3.995400,1,-2.070600,0
2022-04-07,sz.002383,8.0800,8.1400,7.6000,7.6800,8.0400,19399894,152548454.0100,3,3.198900,1,-4.477600,0
2022-04-08,sz.002383,7.8100,7.8100,7.0300,7.1100,7.6800,32587341,235979181.8600,3,5.373400,1,-7.421900,0
2022-04-11,sz.002383,7.1400,7.1600,6.6600,6.7200,7.1100,18588109,126879690.1400,3,3.065000,1,-5.485200,0
2022-04-12,sz.002383,6.6500,6.7600,6.4900,6.7300,6.7200,14226641,94278833.0600,3,2.345800,1,0.148800,0
2022-04-13,sz.002383,6.7000,6.7000,6.4000,6.4100,6.7300,13175652,85391707.1400,3,2.172500,1,-4.754800,0
2022-04-14,sz.002383,6.5000,6.5300,6.4000,6.4200,6.4100,10525319,67900330.2200,3,1.735500,1,0.156000,0
2022-04-15,sz.002383,6.4700,6.7200,6.4600,6.4800,6.4200,19132521,125312567.6400,3,3.154800,1,0.934600,0
2022-04-18,sz.002383,6.4800,6.6500,6.2700,6.5900,6.4800,11705938,75839440.5900,3,1.930200,1,1.697500,0
2022-04-19,sz.002383,6.6800,6.7500,6.5100,6.6000,6.5900,10980528,72654389.2600,3,1.810600,1,0.151700,0
2022-04-20,sz.002383,6.6100,6.6600,6.4700,6.5000,6.6000,10221501,67232668.2500,3,1.685400,1,-1.515200,0
2022-04-21,sz.002383,6.4800,6.5000,6.1300,6.1500,6.5000,12241003,77148288.1600,3,2.018400,1,-5.384600,0
2022-04-22,sz.002383,6.1800,6.3000,6.0100,6.2500,6.1500,11531924,71052198.5700,3,1.901500,1,1.626000,0
2022-04-25,sz.002383,6.0900,6.1100,5.8700,5.8800,6.2500,13879066,83158631.9700,3,2.288500,1,-5.920000,0
2022-04-26,sz.002383,5.8800,5.9200,5.3800,5.4100,5.8800,12056688,67671991.2200,3,1.988000,1,-7.993200,0
2022-04-27,sz.002383,5.3600,5.6000,5.1800,5.5800,5.4100,11258467,60440425.6700,3,1.856400,1,3.142300,0
2022-04-28,sz.002383,5.5000,5.6600,5.4500,5.5000,5.5800,8406413,46673221.8800,3,1.386100,1,-1.433700,0
2022-04-29,sz.002383,5.5700,5.8900,5.5000,5.7900,5.5000,10160593,58051364.2500,3,1.675400,1,5.272700,0
2022-05-05,sz.002383,5.8000,6.0200,5.7000,5.9200,5.7900,8994941,52947232.7600,3,1.483200,1,2.245300,0
2022-05-06,sz.002383,5.8000,5.9400,5.7400,5.8900,5.9200,5618756,32854580.1100,3,0.926500,1,-0.506800,0
2022-05-09,sz.002383,5.8400,6.0100,5.8000,5.9400,5.8900,5342564,31771505.9400,3,0.880900,1,0.848900,0
2022-05-10,sz.002383,5.8300,6.0500,5.8300,6.0000,5.9400,7500621,44719994.0200,3,1.236800,1,1.010100,0
2022-05-11,sz.002383,5.4000,5.4000,5.4000,5.4000,6.0000,6325400,34157160.0000,3,1.043000,1,-10.000000,0
2022-05-12,sz.002383,4.8600,5.1000,4.8600,5.0300,5.4000,55541039,276245374.4800,3,9.158200,1,-6.851900,0
2022-05-13,sz.002383,5.0100,5.2500,4.9200,5.1400,5.0300,33832531,170472749.1400,3,5.578700,1,2.186900,0
2022-05-16,sz.002383,5.1400,5.2500,5.0100,5.0700,5.1400,20828086,105530055.0200,3,3.434400,1,-1.361900,0
2022-05-17,sz.002383,5.0300,5.1000,4.9500,5.0600,5.0700,12794628,64121454.6800,3,2.109700,1,-0.197200,0
2022-05-18,sz.002383,5.0400,5.2900,5.0200,5.2300,5.0600,20251308,105156683.6100,3,3.339300,1,3.359700,0
2022-05-19,sz.002383,5.1800,5.4000,5.1400,5.3600,5.2300,17206820,91360105.0000,3,2.837200,1,2.485700,0
2022-05-20,sz.002383,5.4300,5.6500,5.3700,5.5400,5.3600,16658326,91861710.5200,3,2.746800,1,3.358200,0
2022-05-23,sz.002383,5.5500,5.6200,5.3900,5.5800,5.5400,12937284,71245508.6900,3,2.133200,1,0.722000,0
2022-05-24,sz.002383,5.6000,5.6600,5.3200,5.3300,5.5800,12370600,67760740.0000,3,2.039800,1,-4.480300,0
2022-05-25,sz.002383,5.3300,5.5200,5.3100,5.5200,5.3300,8023766,43740200.3600,3,1.323000,1,3.564700,0
2022-05-26,sz.002383,5.4700,5.6400,5.3800,5.5200,5.5200,10431283,57557838.3000,3,1.720000,1,0.000000,0
2022-05-27,sz.002383,5.5700,5.6400,5.4000,5.4500,5.5200,8544596,46902404.3600,3,1.408900,1,-1.268100,0
2022-05-30,sz.002383,5.4700,5.4800,5.3800,5.4300,5.4500,8637122,46882440.0200,3,1.424200,1,-0.367000,0
2022-05-31,sz.002383,5.4200,5.5200,5.3000,5.5000,5.4300,9988222,54310386.0000,3,1.647000,1,1.289100,0
2022-06-01,sz.002383,5.5000,5.6200,5.4500,5.5400,5.5000,9438551,52213414.2500,3,1.556300,1,0.727300,0
2022-06-02,sz.002383,5.6300,5.6300,5.4800,5.6200,5.5400,8776645,48880874.2400,3,1.447200,1,1.444000,0
2022-06-06,sz.002383,5.6100,6.1800,5.6000,5.8500,5.6200,31657523,187882262.2400,3,5.220000,1,4.092500,0
2022-06-07,sz.002383,5.8400,6.4400,5.7800,6.4400,5.8500,40467700,255317753.2600,3,6.672700,1,10.085500,0
2022-06-08,sz.002383,6.3700,6.8500,6.1700,6.4600,6.4400,71116324,464374268.5300,3,11.726400,1,0.310600,0
2022-06-09,sz.002383,6.3200,6.4300,5.9600,5.9800,6.4600,45387243,278011968.9400,3,7.483900,1,-7.430300,0
2022-06-10,sz.002383,5.9800,6.1200,5.9100,5.9900,5.9800,22715413,136475526.4000,3,3.745600,1,0.167200,0
2022-06-13,sz.002383,6.0000,6.1000,5.9600,6.0700,5.9900,18014417,108485750.3400,3,2.970400,1,1.335600,0
2022-06-14,sz.002383,6.0000,6.0100,5.8200,6.0000,6.0700,18180518,107236425.9500,3,2.997800,1,-1.153200,0
2022-06-15,sz.002383,6.0300,6.1400,5.9600,5.9900,6.0000,19309631,116498935.3300,3,3.184000,1,-0.166700,0
2022-06-16,sz.002383,5.9200,6.0200,5.9000,5.9800,5.9900,11629378,69528654.5600,3,1.917600,1,-0.166900,0
2022-06-17,sz.002383,5.9200,6.0400,5.8300,6.0100,5.9800,11238870,66982757.3000,3,1.853200,1,0.501700,0
2022-06-20,sz.002383,6.0100,6.3000,6.0000,6.2000,6.0100,21515618,132112734.9200,3,3.547700,1,3.161400,0
2022-06-21,sz.002383,6.1600,6.1900,5.9600,6.0500,6.2000,15984286,96904578.0000,3,2.635700,1,-2.419400,0
2022-06-22,sz.002383,6.0400,6.0500,5.9000,5.9100,6.0500,9277798,55303008.0200,3,1.529800,1,-2.314000,0
2022-06-23,sz.002383,5.8600,6.1200,5.8500,6.1100,5.9100,15187348,91453129.1400,3,2.504300,1,3.384100,0
2022-06-24,sz.002383,6.1900,6.2000,6.0400,6.0700,6.1100,13308042,81259178.3200,3,2.194400,1,-0.654700,0
2022-06-27,sz.002383,6.0700,6.1300,6.0300,6.0500,6.0700,9845763,59647969.6200,3,1.623500,1,-0.329500,0
2022-06-28,sz.002383,6.0100,6.1800,6.0000,6.1700,6.0500,14293109,87451006.2600,3,2.356800,1,1.983500,0
2022-06-29,sz.002383,6.1700,6.2600,6.0200,6.0200,6.1700,13400171,81885316.5100,3,2.209600,1,-2.431100,0
2022-06-30,sz.002383,6.0400,6.1000,5.9600,5.9700,6.0200,11567911,69484168.7000,3,1.907400,1,-0.830600,0
2022-07-01,sz.002383,5.9400,6.0800,5.9200,5.9900,5.9700,9047713,54278875.2600,3,1.491900,1,0.335000,0
2022-07-04,sz.002383,6.0200,6.0800,5.9400,6.0600,5.9900,8934856,53872187.6200,3,1.473300,1,1.168600,0
2022-07-05,sz.002383,6.0400,6.0600,5.8500,5.9300,6.0600,10441889,62055683.2200,3,1.721800,1,-2.145200,0
2022-07-06,sz.002383,5.8800,5.9500,5.7800,5.8100,5.9300,7243703,42406310.6200,3,1.194400,1,-2.023600,0
2022-07-07,sz.002383,5.7900,6.3900,5.7900,6.2100,5.8100,35061340,216801298.0100,3,5.781300,1,6.884700,0
2022-07-08,sz.002383,6.2100,6.6600,6.1700,6.4100,6.2100,39264790,250816938.6700,3,6.474400,1,3.220600,0
2022-07-11,sz.002383,6.4100,6.4400,6.1800,6.3200,6.4100,20536153,128598250.7800,3,3.386200,1,-1.404100,0
2022-07-12,sz.002383,6.3600,6.9500,6.2300,6.9500,6.3200,23331660,156572101.4400,3,3.847200,1,9.968400,0
2022-07-13,sz.002383,7.5600,7.6500,6.7600,7.6500,6.9500,102616764,753685922.4300,3,16.920600,1,10.071900,0
2022-07-14,sz.002383,7.2000,7.5900,6.8900,6.8900,7.6500,83480539,603020287.3500,3,13.765200,1,-9.934600,0
2022-07-15,sz.002383,6.6500,7.3500,6.5100,7.1100,6.8900,71222887,490691343.4800,3,11.744000,1,3.193000,0
2022-07-18,sz.002383,6.8800,7.2800,6.8200,7.0700,7.1100,49456159,349947706.9000,3,8.154900,1,-0.562600,0
2022-07-19,sz.002383,6.9600,7.6500,6.9500,7.4300,7.0700,59261810,435872317.1000,3,9.771700,1,5.091900,0
2022-07-20,sz.002383,7.3500,8.1700,7.1800,7.5500,7.4300,65910490,503499575.0300,3,10.868000,1,1.615100,0
2022-07-21,sz.002383,7.4100,7.7200,7.2500,7.3200,7.5500,50097960,374686559.4500,3,8.260700,1,-3.046400,0
2022-07-22,sz.002383,7.3200,7.4800,7.0900,7.1600,7.3200,37456939,270155391.5100,3,6.176300,1,-2.185800,0
2022-07-25,sz.002383,7.1700,7.2500,6.9300,6.9700,7.1600,25493225,179906528.9400,3,4.203600,1,-2.653600,0
2022-07-26,sz.002383,6.9800,7.1000,6.8800,7.0500,6.9700,21958322,153847877.1200,3,3.620700,1,1.147800,0
2022-07-27,sz.002383,7.0300,7.1800,6.9900,7.1000,7.0500,25540142,181155380.2100,3,4.211300,1,0.709200,0
2022-07-28,sz.002383,7.0900,7.2300,7.0400,7.1600,7.1000,23777238,170369737.2400,3,3.920600,1,0.845100,0
2022-07-29,sz.002383,7.1700,7.2000,6.9700,7.1300,7.1600,23594275,167057498.1400,3,3.890500,1,-0.419000,0
2022-08-01,sz.002383,7.1100,7.3000,7.0500,7.1600,7.1300,26984072,193774300.5000,3,4.449400,1,0.420800,0
2022-08-02,sz.002383,7.1600,7.3700,6.6800,6.7600,7.1600,34183753,237456866.5900,3,5.636600,1,-5.586600,0
2022-08-03,sz.002383,6.7900,7.2500,6.7700,7.1700,6.7600,47085975,335227341.2300,3,7.764000,1,6.065100,0
2022-08-04,sz.002383,7.2300,7.2400,6.9200,7.0500,7.1700,27343675,192292919.1300,3,4.508700,1,-1.673600,0
2022-08-05,sz.002383,7.0000,7.6500,6.9500,7.5000,7.0500,55424624,407637904.4100,3,9.139000,1,6.383000,0
2022-08-08,sz.002383,7.4000,7.9300,7.3600,7.8900,7.5000,56729566,436527986.5200,3,9.354200,1,5.200000,0
2022-08-09,sz.002383,7.8000,7.8700,7.6200,7.8300,7.8900,41057075,317435351.1400,3,6.769900,1,-0.760500,0
2022-08-10,sz.002383,7.8100,7.8100,7.6000,7.6200,7.8300,31398786,241078099.0000,3,5.177400,1,-2.682000,0
2022-08-11,sz.002383,7.6000,8.0800,7.5900,7.7500,7.6200,41895388,327506348.5200,3,6.908200,1,1.706000,0
2022-08-12,sz.002383,7.6300,7.8800,7.5300,7.5400,7.7500,30351009,232353059.5900,3,5.004600,1,-2.709700,0
2022-08-15,sz.002383,7.5200,7.6400,7.4100,7.5800,7.5400,19193750,144515319.1800,3,3.164900,1,0.530500,0
2022-08-16,sz.002383,7.5400,7.7200,7.5200,7.6500,7.5800,19499965,148590464.4700,3,3.215400,1,0.923500,0
2022-08-17,sz.002383,7.6000,7.6500,7.4200,7.5300,7.6500,17466710,131012314.4400,3,2.880100,1,-1.568600,0
2022-08-18,sz.002383,7.4800,7.6100,7.4100,7.5400,7.5300,13068456,98392061.4700,3,2.154900,1,0.132800,0
2022-08-19,sz.002383,7.5000,7.7300,7.2900,7.3400,7.5400,25553866,190093794.3100,3,4.475800,1,-2.652500,0
2022-08-22,sz.002383,7.1600,7.2800,7.0200,7.0900,7.3400,18820348,134205195.5100,3,3.296400,1,-3.406000,0
2022-08-23,sz.002383,7.0300,7.2600,7.0300,7.1200,7.0900,12977666,92706575.1500,3,2.273100,1,0.423100,0
2022-08-24,sz.002383,7.1200,7.1400,6.7700,6.8100,7.1200,18983823,130967115.7100,3,3.325100,1,-4.353900,0
2022-08-25,sz.002383,6.8500,6.8800,6.6100,6.7600,6.8100,11412683,76838922.3300,3,1.999000,1,-0.734200,0
2022-08-26,sz.002383,6.7900,7.2100,6.7800,6.9300,6.7600,19055603,132951611.6600,3,3.337600,1,2.514800,0
2022-08-29,sz.002383,6.9200,6.9400,6.6800,6.8600,6.9300,13311191,90709420.0700,3,2.331500,1,-1.010100,0
2022-08-30,sz.002383,6.8300,7.5500,6.8000,7.5500,6.8600,41781816,300789845.3700,3,7.318200,1,10.058300,0
2022-08-31,sz.002383,8.0000,8.3100,7.7600,7.8500,7.5500,126291152,1030910996.2400,3,22.120200,1,3.973500,0
2022-09-01,sz.002383,7.3400,7.7700,7.1800,7.4700,7.8500,90080139,672777444.8000,3,15.777700,1,-4.840800,0
