date,code,open,high,low,close,preclose,volume,amount,adjustflag,turn,tradestatus,pctChg,isST
2022-01-04,sz.002622,4.4200,4.4900,4.3900,4.4400,4.4000,14878200,65932292.0000,3,1.771300,1,0.909100,0
2022-01-05,sz.002622,4.4200,4.5900,4.3900,4.5500,4.4400,25865158,116048018.3200,3,3.079300,1,2.477500,0
2022-01-06,sz.002622,4.5000,4.5300,4.4500,4.5100,4.5500,13882680,62345619.8000,3,1.652700,1,-0.879100,0
2022-01-07,sz.002622,4.4900,4.5300,4.4100,4.4100,4.5100,12234734,54559112.2800,3,1.456600,1,-2.217300,0
2022-01-10,sz.002622,4.3900,4.4400,4.3600,4.4000,4.4100,7748843,34049091.9100,3,0.922500,1,-0.226800,0
2022-01-11,sz.002622,4.4100,4.4400,4.3200,4.3700,4.4000,11196952,49158457.2200,3,1.333000,1,-0.681800,0
2022-01-12,sz.002622,4.3800,4.4300,4.3700,4.4000,4.3700,8127815,35667400.1500,3,0.967600,1,0.686500,0
2022-01-13,sz.002622,4.4100,4.4100,4.3400,4.3400,4.4000,11002415,48044612.1000,3,1.309800,1,-1.363600,0
2022-01-14,sz.002622,4.3500,4.3600,4.0900,4.1300,4.3400,25206580,106124913.4000,3,3.000900,1,-4.838700,0
2022-01-17,sz.002622,4.1300,4.2200,4.1100,4.1800,4.1300,11137900,46404678.0000,3,1.326000,1,1.210700,0
2022-01-18,sz.002622,4.1700,4.1800,4.0300,4.0400,4.1800,17750404,72280477.1200,3,2.113200,1,-3.349300,0
2022-01-19,sz.002622,4.0200,4.0800,3.9400,3.9900,4.0400,16838765,67587627.2500,3,2.004700,1,-1.237600,0
2022-01-20,sz.002622,3.9900,4.2100,3.8700,4.1400,3.9900,36094240,145613166.6100,3,4.297100,1,3.759400,0
2022-01-21,sz.002622,4.0400,4.1900,3.8800,3.8900,4.1400,22214900,87289096.0000,3,2.644700,1,-6.038600,0
2022-01-24,sz.002622,3.8900,3.9000,3.7500,3.8300,3.8900,12893807,48993884.2200,3,1.535000,1,-1.542400,0
2022-01-25,sz.002622,3.8200,3.8200,3.6100,3.6200,3.8300,16309500,60293099.0000,3,1.941700,1,-5.483000,0
2022-01-26,sz.002622,3.6000,3.7100,3.6000,3.6900,3.6200,10500000,38510326.0000,3,1.250000,1,1.933700,0
2022-01-27,sz.002622,3.6900,3.7300,3.5300,3.5500,3.6900,11102700,39929245.0000,3,1.321800,1,-3.794000,0
2022-01-28,sz.002622,3.5500,3.7900,3.5500,3.7300,3.5500,18194600,66846103.0000,3,2.166100,1,5.070400,0
2022-02-07,sz.002622,3.7400,3.8000,3.6300,3.6900,3.7300,14010100,51522280.5600,3,1.667900,1,-1.072400,0
2022-02-08,sz.002622,3.7000,3.8300,3.6700,3.8000,3.6900,12230000,46140942.0000,3,1.456000,1,2.981000,0
2022-02-09,sz.002622,3.8100,3.8500,3.7700,3.8400,3.8000,9380900,35788152.0000,3,1.116800,1,1.052600,0
2022-02-10,sz.002622,3.8300,3.8300,3.7900,3.8200,3.8400,6933306,26413037.5800,3,0.825400,1,-0.520800,0
2022-02-11,sz.002622,3.8000,3.8100,3.7400,3.7400,3.8200,7424200,27964221.0000,3,0.883900,1,-2.094200,0
2022-02-14,sz.002622,3.7300,3.7900,3.7000,3.7400,3.7400,5299978,19898108.9000,3,0.631000,1,0.000000,0
2022-02-15,sz.002622,3.7500,3.7600,3.6700,3.7200,3.7400,6914406,25637583.3200,3,0.823200,1,-0.534800,0
2022-02-16,sz.002622,3.7300,3.8700,3.7100,3.7900,3.7200,10028900,38012225.0000,3,1.194000,1,1.881700,0
2022-02-17,sz.002622,3.7800,3.8200,3.7600,3.7700,3.7900,7454900,28170698.0000,3,0.887500,1,-0.527700,0
2022-02-18,sz.002622,3.7600,3.7800,3.7200,3.7700,3.7700,5376900,20189747.0000,3,0.640100,1,0.000000,0
2022-02-21,sz.002622,3.7700,3.8900,3.7600,3.8600,3.7700,13783860,53079234.2000,3,1.641000,1,2.387300,0
2022-02-22,sz.002622,3.8600,3.9000,3.7900,3.8400,3.8600,10669600,41036063.0000,3,1.270200,1,-0.518100,0
2022-02-23,sz.002622,3.8600,3.8800,3.8100,3.8400,3.8400,9797160,37684818.2000,3,1.166400,1,0.000000,0
2022-02-24,sz.002622,3.8300,3.8800,3.6200,3.6800,3.8400,21370960,80088028.2000,3,2.544200,1,-4.166700,0
2022-02-25,sz.002622,3.7300,3.8200,3.7000,3.7800,3.6800,14831667,56031211.5300,3,1.765700,1,2.717400,0
2022-02-28,sz.002622,3.7700,3.8100,3.6500,3.7200,3.7800,9203600,34169435.0000,3,1.095700,1,-1.587300,0
2022-03-01,sz.002622,3.7200,3.8100,3.7200,3.7900,3.7200,9213000,34907130.0000,3,1.096800,1,1.881700,0
2022-03-02,sz.002622,3.8100,3.8600,3.7700,3.8100,3.7900,7356500,28002178.0000,3,0.875800,1,0.527700,0
2022-03-03,sz.002622,3.8400,3.8400,3.7500,3.7600,3.8100,9561600,36139521.0000,3,1.138300,1,-1.312300,0
2022-03-04,sz.002622,3.7400,3.7600,3.6500,3.6700,3.7600,11172100,41224404.0000,3,1.330100,1,-2.393600,0
2022-03-07,sz.002622,3.6700,3.6700,3.5600,3.5900,3.6700,9003600,32450924.0000,3,1.071900,1,-2.179800,0
2022-03-08,sz.002622,3.6000,3.6100,3.4000,3.4300,3.5900,12519300,43467375.0000,3,1.490400,1,-4.456800,0
2022-03-09,sz.002622,3.4200,3.4700,3.2000,3.3900,3.4300,13594706,45467005.0000,3,1.618500,1,-1.166200,0
2022-03-10,sz.002622,3.4400,3.4600,3.3800,3.4000,3.3900,7385300,25216274.0000,3,0.879200,1,0.295000,0
2022-03-11,sz.002622,3.3900,3.5200,3.3100,3.5000,3.4000,11466400,39125040.0000,3,1.365100,1,2.941200,0
2022-03-14,sz.002622,3.4400,3.5400,3.4400,3.4400,3.5000,7312700,25449254.0000,3,0.870600,1,-1.714300,0
2022-03-15,sz.002622,3.4300,3.4300,3.2000,3.2000,3.4400,11371768,37737321.0000,3,1.353800,1,-6.976700,0
2022-03-16,sz.002622,3.2600,3.2700,3.0900,3.2600,3.2000,14710000,47097979.0000,3,1.751200,1,1.875000,0
2022-03-17,sz.002622,3.2900,3.4000,3.2900,3.3200,3.2600,11115772,37176568.0000,3,1.323300,1,1.840500,0
2022-03-18,sz.002622,3.3400,3.4000,3.2900,3.3800,3.3200,8319000,28043384.0000,3,0.990400,1,1.807200,0
2022-03-21,sz.002622,3.3800,3.4100,3.3300,3.3800,3.3800,8182100,27643211.0000,3,0.974100,1,0.000000,0
2022-03-22,sz.002622,3.3900,3.4100,3.3300,3.3800,3.3800,7049600,23757950.0000,3,0.839300,1,0.000000,0
2022-03-23,sz.002622,3.3800,3.4100,3.3600,3.4000,3.3800,8719400,29565152.0000,3,1.038100,1,0.591700,0
2022-03-24,sz.002622,3.3900,3.3900,3.2900,3.3100,3.4000,8425900,28001619.0000,3,1.003100,1,-2.647100,0
2022-03-25,sz.002622,3.3000,3.6400,3.3000,3.6400,3.3100,17132000,60993855.0000,3,2.039600,1,9.969800,0
2022-03-28,sz.002622,3.5400,3.6900,3.4300,3.5700,3.6400,46974600,167943175.3400,3,5.592400,1,-1.923100,0
2022-03-29,sz.002622,3.5700,3.8400,3.5100,3.6400,3.5700,41835872,152633981.9800,3,4.980600,1,1.960800,0
2022-03-30,sz.002622,3.6800,3.7400,3.5500,3.7300,3.6400,34389644,124943112.8400,3,4.094100,1,2.472500,0
2022-03-31,sz.002622,3.7400,4.1000,3.7300,3.9600,3.7300,83172140,332452537.7900,3,9.901700,1,6.166200,0
2022-04-01,sz.002622,3.8200,4.0900,3.7800,3.9700,3.9600,63657342,248980458.1800,3,7.578500,1,0.252500,0
2022-04-06,sz.002622,3.8700,3.9400,3.7800,3.8400,3.9700,36473500,140672890.0000,3,4.342200,1,-3.274600,0
2022-04-07,sz.002622,3.8100,3.8200,3.6600,3.6900,3.8400,25332217,94140940.5800,3,3.015800,1,-3.906300,0
2022-04-08,sz.002622,3.6700,3.7100,3.5400,3.5700,3.6900,22018800,79144775.0000,3,2.621400,1,-3.252000,0
2022-04-11,sz.002622,3.5400,3.5700,3.3900,3.4100,3.5700,15555900,54018430.0000,3,1.851900,1,-4.481800,0
2022-04-12,sz.002622,3.3700,3.4700,3.3700,3.4700,3.4100,10072300,34550661.0000,3,1.199100,1,1.759500,0
2022-04-13,sz.002622,3.5000,3.5000,3.3500,3.3800,3.4700,12576500,42637235.0000,3,1.497200,1,-2.593700,0
2022-04-14,sz.002622,3.4000,3.4300,3.3600,3.3600,3.3800,11530800,38979324.0000,3,1.372800,1,-0.591700,0
2022-04-15,sz.002622,3.3500,3.3600,3.2500,3.2900,3.3600,12572700,41402312.0000,3,1.496800,1,-2.083300,0
2022-04-18,sz.002622,3.2800,3.3500,3.2300,3.3300,3.2900,9037734,29891608.8800,3,1.076000,1,1.215800,0
2022-04-19,sz.002622,3.3100,3.3700,3.2900,3.3300,3.3300,7263893,24187667.6200,3,0.864800,1,0.000000,0
2022-04-20,sz.002622,3.3500,3.3700,3.2500,3.2800,3.3300,9243509,30542791.4300,3,1.100500,1,-1.501500,0
2022-04-21,sz.002622,3.2900,3.3000,3.0900,3.1200,3.2800,12197572,38546796.9200,3,1.452100,1,-4.878000,0
2022-04-22,sz.002622,3.1000,3.1700,3.0200,3.1300,3.1200,8056300,24967591.0000,3,0.959100,1,0.320500,0
2022-04-25,sz.002622,3.0900,3.0900,2.8500,2.8500,3.1300,14090400,41524307.0000,3,1.677500,1,-8.945700,0
2022-04-26,sz.002622,2.8600,2.9300,2.6600,2.6900,2.8500,9934872,27677712.6000,3,1.182800,1,-5.614000,0
2022-04-27,sz.002622,2.6400,2.7800,2.5600,2.7800,2.6900,11024760,29398599.8000,3,1.312500,1,3.345700,0
2022-04-28,sz.002622,2.7700,2.7900,2.6600,2.6900,2.7800,7871200,21416272.0000,3,0.937100,1,-3.237400,0
2022-04-29,sz.002622,2.6700,2.9300,2.6700,2.8800,2.6900,12442846,35346687.5400,3,1.481300,1,7.063200,0
2022-05-05,sz.002622,2.8800,2.9400,2.8500,2.9000,2.8800,8635400,25043775.0000,3,1.028100,1,0.694400,0
2022-05-06,sz.002622,2.8500,2.8600,2.8000,2.8300,2.9000,5584200,15840406.0000,3,0.664800,1,-2.413800,0
2022-05-09,sz.002622,2.8000,2.9100,2.8000,2.9000,2.8300,6737530,19431801.7000,3,0.802100,1,2.473500,0
2022-05-10,sz.002622,2.8800,3.0900,2.8500,2.9700,2.9000,13080800,39157354.0000,3,1.557300,1,2.413800,0
2022-05-11,sz.002622,2.9300,3.0600,2.9200,2.9400,2.9700,10864400,32414310.0000,3,1.293400,1,-1.010100,0
2022-05-12,sz.002622,2.9300,3.0000,2.9200,2.9800,2.9400,6898200,20482180.0000,3,0.821200,1,1.360500,0
2022-05-13,sz.002622,3.0000,3.0300,2.9500,2.9800,2.9800,5382000,16050794.0000,3,0.640700,1,0.000000,0
2022-05-16,sz.002622,2.9800,3.0300,2.9500,2.9900,2.9800,6273200,18743136.0000,3,0.746800,1,0.335600,0
2022-05-17,sz.002622,3.0000,3.0000,2.9300,2.9800,2.9900,4484000,13277427.0000,3,0.533800,1,-0.334400,0
2022-05-18,sz.002622,2.9900,3.0700,2.9900,3.0300,2.9800,7723100,23409664.0000,3,0.919400,1,1.677900,0
2022-05-19,sz.002622,2.9900,3.0700,2.9600,3.0600,3.0300,6707400,20364752.0000,3,0.798500,1,0.990100,0
2022-05-20,sz.002622,3.1100,3.1400,3.0700,3.1400,3.0600,8650800,26887424.0000,3,1.029900,1,2.614400,0
2022-05-23,sz.002622,3.1900,3.1900,3.1300,3.1700,3.1400,5595192,17659568.6400,3,0.666100,1,0.955400,0
2022-05-24,sz.002622,3.1900,3.2000,2.9900,3.0000,3.1700,9255800,28427521.0000,3,1.101900,1,-5.362800,0
2022-05-25,sz.002622,2.9900,3.0900,2.9800,3.0800,3.0000,6899400,21037341.0000,3,0.821400,1,2.666700,0
2022-05-26,sz.002622,3.1000,3.1100,3.0300,3.0600,3.0800,5927600,18165554.0000,3,0.705700,1,-0.649400,0
2022-05-27,sz.002622,3.0600,3.1000,3.0100,3.0400,3.0600,4958000,15124579.0000,3,0.590300,1,-0.653600,0
2022-05-30,sz.002622,3.0500,3.0700,3.0200,3.0600,3.0400,6407600,19518925.0000,3,0.762800,1,0.657900,0
2022-05-31,sz.002622,3.0700,3.1100,3.0400,3.0700,3.0600,5486107,16824234.3500,3,0.653100,1,0.326800,0
2022-06-01,sz.002622,3.0700,3.1400,3.0500,3.1000,3.0700,7441830,23105562.0000,3,0.886000,1,0.977200,0
2022-06-02,sz.002622,3.1300,3.1300,3.0600,3.0900,3.1000,4514300,13928208.0000,3,0.537400,1,-0.322600,0
2022-06-06,sz.002622,3.1300,3.1800,3.1200,3.1700,3.0900,8735500,27570623.0000,3,1.040000,1,2.589000,0
2022-06-07,sz.002622,3.1700,3.1900,3.0800,3.1000,3.1700,7498600,23319569.0000,3,0.892700,1,-2.208200,0
2022-06-08,sz.002622,3.1000,3.1200,3.0100,3.0600,3.1000,8332874,25477209.1800,3,0.992000,1,-1.290300,0
2022-06-09,sz.002622,3.0800,3.0800,2.9800,3.0000,3.0600,8301080,25020782.2000,3,0.988300,1,-1.960800,0
2022-06-10,sz.002622,2.9600,3.0600,2.9600,3.0200,3.0000,6693880,20250330.8000,3,0.796900,1,0.666700,0
2022-06-13,sz.002622,3.0100,3.0500,3.0000,3.0400,3.0200,5927060,17947521.8000,3,0.705600,1,0.662300,0
2022-06-14,sz.002622,3.0200,3.0400,2.9200,3.0300,3.0400,9888500,29482278.0000,3,1.177200,1,-0.328900,0
2022-06-15,sz.002622,3.0500,3.1400,3.0400,3.0600,3.0300,13427391,41464264.9700,3,1.598500,1,0.990100,0
2022-06-16,sz.002622,3.0500,3.1200,3.0500,3.1000,3.0600,11260899,34817786.7300,3,1.340600,1,1.307200,0
2022-06-17,sz.002622,3.1600,3.2000,3.0900,3.1200,3.1000,14183800,44467357.0000,3,1.688600,1,0.645200,0
2022-06-20,sz.002622,3.1300,3.1800,3.0800,3.1400,3.1200,12940294,40474551.3400,3,1.540600,1,0.641000,0
2022-06-21,sz.002622,3.1700,3.1800,3.1200,3.1500,3.1400,10003094,31558915.0400,3,1.190900,1,0.318500,0
2022-06-22,sz.002622,3.1800,3.1800,3.1000,3.1000,3.1500,7179206,22571989.9000,3,0.854700,1,-1.587300,0
2022-06-23,sz.002622,3.1600,3.1700,3.0900,3.1700,3.1000,9167806,28784344.8400,3,1.091400,1,2.258100,0
2022-06-24,sz.002622,3.1700,3.2400,3.1500,3.1600,3.1700,9144532,29135829.1200,3,1.088700,1,-0.315500,0
2022-06-27,sz.002622,3.1600,3.1800,3.1100,3.1300,3.1600,9542000,29886104.0000,3,1.136000,1,-0.949400,0
2022-06-28,sz.002622,3.1400,3.2500,3.1100,3.2400,3.1300,17746700,56872254.0000,3,2.112800,1,3.514400,0
2022-06-29,sz.002622,3.2400,3.2600,3.1800,3.2100,3.2400,12460506,40093848.3800,3,1.483400,1,-0.925900,0
2022-06-30,sz.002622,3.2100,3.2500,3.1800,3.2000,3.2100,10808474,34815317.6600,3,1.286800,1,-0.311500,0
2022-07-01,sz.002622,3.2700,3.4800,3.2200,3.2500,3.2000,30500600,101442196.1800,3,3.631100,1,1.562500,0
2022-07-04,sz.002622,3.2000,3.2500,3.1600,3.1800,3.2500,13002130,41465123.4000,3,1.547900,1,-2.153800,0
2022-07-05,sz.002622,3.1700,3.2200,3.1100,3.1600,3.1800,10158300,32056698.0000,3,1.209400,1,-0.628900,0
2022-07-06,sz.002622,3.1600,3.1700,3.0500,3.1000,3.1600,16018600,49607321.0000,3,1.907000,1,-1.898700,0
2022-07-07,sz.002622,3.1400,3.2200,3.0800,3.1900,3.1000,12538030,39802047.7000,3,1.492700,1,2.903200,0
2022-07-08,sz.002622,3.2300,3.3400,3.2000,3.2400,3.1900,16867600,55387032.0000,3,2.008100,1,1.567400,0
2022-07-11,sz.002622,3.2100,3.2700,3.1800,3.2600,3.2400,11368800,36730255.0000,3,1.353500,1,0.617300,0
2022-07-12,sz.002622,3.2800,3.2800,3.1900,3.2000,3.2600,9136500,29502835.7000,3,1.087700,1,-1.840500,0
2022-07-13,sz.002622,3.2300,3.2600,3.1800,3.2600,3.2000,10663906,34518337.3800,3,1.269600,1,1.875000,0
2022-07-14,sz.002622,3.2700,3.2700,3.2200,3.2600,3.2600,9091306,29524021.5000,3,1.082300,1,0.000000,0
2022-07-15,sz.002622,3.1800,3.2300,3.1100,3.1300,3.2600,11698700,36908582.0000,3,1.392700,1,-3.987700,0
2022-07-18,sz.002622,3.1300,3.3000,3.1000,3.2700,3.1300,18035600,58630930.0000,3,2.147200,1,4.472800,0
2022-07-19,sz.002622,3.2700,3.3400,3.2500,3.2900,3.2700,11530080,37926169.8000,3,1.372700,1,0.611600,0
2022-07-20,sz.002622,3.3000,3.4700,3.2700,3.3500,3.2900,22661826,76301049.2400,3,2.697900,1,1.823700,0
2022-07-21,sz.002622,3.3800,3.4800,3.3600,3.3900,3.3500,23088706,78838359.1400,3,2.748700,1,1.194000,0
2022-07-22,sz.002622,3.3700,3.4200,3.3300,3.3500,3.3900,14858200,50011009.0000,3,1.768900,1,-1.179900,0
2022-07-25,sz.002622,3.3800,3.3900,3.3000,3.3100,3.3500,10796500,36046585.0000,3,1.285300,1,-1.194000,0
2022-07-26,sz.002622,3.3000,3.6400,3.2500,3.6400,3.3100,29952661,106320197.5000,3,3.565900,1,9.969800,0
2022-07-27,sz.002622,3.8000,4.0000,3.8000,4.0000,3.6400,38905659,153624631.0000,3,4.631800,1,9.890100,0
2022-07-28,sz.002622,4.3300,4.3300,3.8800,3.9000,4.0000,126732700,519773673.0300,3,15.087700,1,-2.500000,0
2022-07-29,sz.002622,3.7500,4.2000,3.7500,3.9900,3.9000,106059996,417408031.0200,3,12.626600,1,2.307700,0
2022-08-01,sz.002622,3.8400,3.9100,3.6700,3.7900,3.9900,62756485,236763337.0100,3,7.471200,1,-5.012500,0
2022-08-02,sz.002622,3.6900,3.7700,3.4500,3.4800,3.7900,48247980,171404632.4000,3,5.744000,1,-8.179400,0
2022-08-03,sz.002622,3.4800,3.6600,3.3700,3.4200,3.4800,32404786,113975623.3000,3,3.857800,1,-1.724100,0
2022-08-04,sz.002622,3.4200,3.5900,3.4100,3.5500,3.4200,28456770,100250654.3800,3,3.387800,1,3.801200,0
2022-08-05,sz.002622,3.5200,3.5500,3.4300,3.4800,3.5500,20301306,70470606.5800,3,2.416900,1,-1.971800,0
2022-08-08,sz.002622,3.4700,3.5200,3.4100,3.5100,3.4800,13028706,45443223.9400,3,1.551100,1,0.862100,0
2022-08-09,sz.002622,3.5000,3.5500,3.4700,3.4800,3.5100,13515406,47231970.0000,3,1.609000,1,-0.854700,0
2022-08-10,sz.002622,3.4800,3.5100,3.4200,3.4800,3.4800,14734400,50884765.0000,3,1.754100,1,0.000000,0
2022-08-11,sz.002622,3.5200,3.5500,3.4500,3.5500,3.4800,16073960,56302668.8000,3,1.913600,1,2.011500,0
2022-08-12,sz.002622,3.5200,3.5500,3.5000,3.5300,3.5500,12966400,45626966.0000,3,1.543700,1,-0.563400,0
2022-08-15,sz.002622,3.4900,3.5200,3.4500,3.5200,3.5300,11399000,39767264.0000,3,1.357100,1,-0.283300,0
2022-08-16,sz.002622,3.5200,3.5800,3.5200,3.5700,3.5200,14788000,52444029.0000,3,1.760500,1,1.420500,0
2022-08-17,sz.002622,3.5900,3.9300,3.5600,3.7300,3.5700,65593500,248383163.2000,3,7.809000,1,4.481800,0
2022-08-18,sz.002622,3.6600,3.7200,3.5900,3.6400,3.7300,34391900,124721879.0000,3,4.094400,1,-2.412900,0
2022-08-19,sz.002622,3.6000,3.6200,3.5200,3.5600,3.6400,21799573,77613261.3400,3,2.595300,1,-2.197800,0
2022-08-22,sz.002622,3.5300,3.5500,3.4800,3.5400,3.5600,15237973,53386047.5000,3,1.814100,1,-0.561800,0
2022-08-23,sz.002622,3.5400,3.5400,3.4500,3.4700,3.5400,12569400,43683593.0000,3,1.496400,1,-1.977400,0
2022-08-24,sz.002622,3.4800,3.8200,3.4800,3.8200,3.4700,37364373,139862432.8600,3,4.448300,1,10.086500,0
2022-08-25,sz.002622,4.0100,4.2000,4.0000,4.2000,3.8200,162900159,674805587.4900,3,19.393400,1,9.947600,0
2022-08-26,sz.002622,3.9500,4.2200,3.7800,3.8100,4.2000,129223347,514958848.1700,3,15.384200,1,-9.285700,0
2022-08-29,sz.002622,3.6900,3.8800,3.6400,3.8000,3.8100,70861061,263759658.4500,3,8.436100,1,-0.262500,0
2022-08-30,sz.002622,3.8100,3.8800,3.6300,3.6600,3.8000,50750732,188378430.6800,3,6.041900,1,-3.684200,0
2022-08-31,sz.002622,3.6100,3.6700,3.4200,3.4500,3.6600,47008932,164665221.0000,3,5.596500,1,-5.737700,0
2022-09-01,sz.002622,3.4700,3.4700,3.3400,3.3500,3.4500,25578800,87053766.0000,3,3.045200,1,-2.898600,0
