date,code,open,high,low,close,preclose,volume,amount,adjustflag,turn,tradestatus,pctChg,isST
2022-01-04,sz.002788,7.9200,8.5900,7.9200,8.5900,7.8100,8494370,72615975.9600,3,2.243200,1,9.987200,0
2022-01-05,sz.002788,8.6000,9.0200,8.1600,8.3000,8.5900,40098890,345926264.4300,3,10.589500,1,-3.376000,0
2022-01-06,sz.002788,8.2900,8.6300,8.2900,8.5100,8.3000,18646791,157355758.0500,3,4.924400,1,2.530100,0
2022-01-07,sz.002788,8.3900,9.1800,8.3900,8.6800,8.5100,27315597,239597523.8200,3,7.213700,1,1.997600,0
2022-01-10,sz.002788,8.6000,8.6700,8.4100,8.4900,8.6800,15317317,130544232.1700,3,4.045100,1,-2.188900,0
2022-01-11,sz.002788,8.4600,8.7700,8.4200,8.6800,8.4900,15227649,131177284.7600,3,4.021400,1,2.237900,0
2022-01-12,sz.002788,8.6700,8.8000,8.5300,8.6900,8.6800,13274887,114740710.4700,3,3.505700,1,0.115200,0
2022-01-13,sz.002788,8.6300,8.6600,8.3800,8.4700,8.6900,13634536,115690183.6800,3,3.600700,1,-2.531600,0
2022-01-14,sz.002788,8.3800,8.5800,8.3700,8.4400,8.4700,9543646,80913167.1100,3,2.520300,1,-0.354200,0
2022-01-17,sz.002788,8.4400,8.5600,8.2800,8.3900,8.4400,8586566,72286763.5500,3,2.267600,1,-0.592400,0
2022-01-18,sz.002788,8.4400,8.4500,8.0200,8.0600,8.3900,13599397,110973747.7500,3,3.591400,1,-3.933300,0
2022-01-19,sz.002788,8.0000,8.1600,8.0000,8.1200,8.0600,6797692,55068807.7800,3,1.795200,1,0.744400,0
2022-01-20,sz.002788,8.1600,8.2400,7.9100,7.9300,8.1200,6528843,52625014.1900,3,1.724200,1,-2.339900,0
2022-01-21,sz.002788,7.9300,8.0000,7.7800,7.8900,7.9300,6269676,49342699.7600,3,1.655700,1,-0.504400,0
2022-01-24,sz.002788,7.8800,7.9000,7.7200,7.7500,7.8900,3828607,29821171.0700,3,1.011100,1,-1.774400,0
2022-01-25,sz.002788,7.7500,7.8000,7.3800,7.4000,7.7500,6232102,47050231.3000,3,1.645800,1,-4.516100,0
2022-01-26,sz.002788,7.4200,7.5400,7.3300,7.5200,7.4000,4979480,37107188.0600,3,1.315000,1,1.621600,0
2022-01-27,sz.002788,7.5300,7.5600,7.3100,7.3900,7.5200,4031379,29886538.8400,3,1.064600,1,-1.728700,0
2022-01-28,sz.002788,7.3900,7.5200,7.3400,7.4700,7.3900,3118234,23227710.6100,3,0.823500,1,1.082500,0
2022-02-07,sz.002788,7.6000,7.6100,7.4500,7.5100,7.4700,4007788,30122189.1600,3,1.058400,1,0.535500,0
2022-02-08,sz.002788,7.5100,7.7400,7.5000,7.7200,7.5100,4987428,38193069.9000,3,1.317100,1,2.796300,0
2022-02-09,sz.002788,7.7500,7.8200,7.6600,7.7900,7.7200,3874304,30015232.8800,3,1.023100,1,0.906700,0
2022-02-10,sz.002788,7.7900,7.8200,7.6900,7.7300,7.7900,3175437,24588105.7200,3,0.838600,1,-0.770200,0
2022-02-11,sz.002788,7.7300,7.7300,7.5000,7.5300,7.7300,4894567,37108148.6300,3,1.292600,1,-2.587300,0
2022-02-14,sz.002788,7.5300,7.6800,7.5200,7.5600,7.5300,3008522,22869915.9700,3,0.794500,1,0.398400,0
2022-02-15,sz.002788,7.6000,7.6700,7.4800,7.5300,7.5600,3378732,25582339.3500,3,0.892300,1,-0.396800,0
2022-02-16,sz.002788,7.5800,7.6600,7.5600,7.6500,7.5300,3109334,23701886.1500,3,0.821100,1,1.593600,0
2022-02-17,sz.002788,7.6300,7.6900,7.5000,7.5000,7.6500,4246511,32197860.3100,3,1.121400,1,-1.960800,0
2022-02-18,sz.002788,7.4900,7.6100,7.4600,7.5900,7.5000,2659160,20075217.6800,3,0.702200,1,1.200000,0
2022-02-21,sz.002788,7.6000,7.8000,7.6000,7.7800,7.5900,4501384,34666123.9400,3,1.188800,1,2.503300,0
2022-02-22,sz.002788,7.7200,7.8700,7.6800,7.7700,7.7800,4655944,36029432.8700,3,1.229600,1,-0.128500,0
2022-02-23,sz.002788,7.7800,7.8300,7.7500,7.8100,7.7700,4342491,33804455.9900,3,1.146800,1,0.514800,0
2022-02-24,sz.002788,7.7700,7.8600,7.5500,7.6300,7.8100,5529834,42615363.0500,3,1.460400,1,-2.304700,0
2022-02-25,sz.002788,7.7000,7.8100,7.6400,7.7400,7.6300,3882177,30045474.0300,3,1.025200,1,1.441700,0
2022-02-28,sz.002788,7.7700,7.8100,7.6100,7.6800,7.7400,2738175,20986994.0000,3,0.723100,1,-0.775200,0
2022-03-01,sz.002788,7.6900,7.8000,7.6700,7.7800,7.6800,3735889,28958234.0000,3,0.986600,1,1.302100,0
2022-03-02,sz.002788,7.7600,7.9100,7.7300,7.8800,7.7800,4641772,36406778.0000,3,1.225800,1,1.285300,0
2022-03-03,sz.002788,7.9000,7.9800,7.8700,7.9400,7.8800,4688877,37149748.0000,3,1.238300,1,0.761400,0
2022-03-04,sz.002788,8.0000,8.3500,7.9600,8.1900,7.9400,14876458,122024835.0000,3,3.928700,1,3.148600,0
2022-03-07,sz.002788,8.1400,8.3800,8.0600,8.2600,8.1900,14443129,118794887.0000,3,3.814200,1,0.854700,0
2022-03-08,sz.002788,8.1300,8.1800,7.8000,7.9000,8.2600,11712190,93218616.0000,3,3.093000,1,-4.358400,0
2022-03-09,sz.002788,8.0200,8.0400,7.3800,7.6600,7.9000,12577847,96931869.0000,3,3.321600,1,-3.038000,0
2022-03-10,sz.002788,7.9800,8.4300,7.8500,8.4300,7.6600,9231891,76478655.0000,3,2.438000,1,10.052200,0
2022-03-11,sz.002788,8.6800,8.9600,8.3700,8.6900,8.4300,52615336,456121616.0000,3,13.895000,1,3.084200,0
2022-03-14,sz.002788,8.5800,9.5600,8.4000,8.8100,8.6900,58147350,529026512.0000,3,15.355900,1,1.380900,0
2022-03-15,sz.002788,8.4000,9.3300,8.3600,8.7500,8.8100,54347932,482098688.0000,3,14.352500,1,-0.681000,0
2022-03-16,sz.002788,8.6900,9.2300,8.6900,9.1400,8.7500,48793331,437177712.0000,3,12.885600,1,4.457100,0
2022-03-17,sz.002788,9.2500,9.4000,8.7800,8.9100,9.1400,53701077,490727376.0000,3,14.181700,1,-2.516400,0
2022-03-18,sz.002788,8.6700,9.3600,8.6100,9.0300,8.9100,33652885,302810269.3200,3,8.887200,1,1.346800,0
2022-03-21,sz.002788,8.9300,9.5400,8.9200,9.3800,9.0300,45362166,422592480.4700,3,11.979500,1,3.876000,0
2022-03-22,sz.002788,9.4000,9.4000,8.9000,9.0200,9.3800,33194920,300590591.0800,3,8.766300,1,-3.838000,0
2022-03-23,sz.002788,8.9700,9.0900,8.7200,8.8200,9.0200,24553434,217154501.1000,3,6.484200,1,-2.217300,0
2022-03-24,sz.002788,8.7400,9.3500,8.6800,9.1000,8.8200,27575197,249686782.2700,3,7.282200,1,3.174600,0
2022-03-25,sz.002788,9.0200,9.1400,8.8100,8.8500,9.1000,18777770,168239833.2700,3,4.958900,1,-2.747300,0
2022-03-28,sz.002788,8.7800,8.8900,8.6200,8.6900,8.8500,13515399,118076415.7800,3,3.569200,1,-1.807900,0
2022-03-29,sz.002788,8.6800,8.8100,8.5000,8.5700,8.6900,13526717,116857190.1800,3,3.572200,1,-1.380900,0
2022-03-30,sz.002788,8.5800,9.1400,8.5000,8.9600,8.5700,20246409,179419821.0200,3,5.346800,1,4.550800,0
2022-03-31,sz.002788,8.9000,9.3700,8.9000,9.1000,8.9600,24065168,221290111.0800,3,6.355300,1,1.562500,0
2022-04-01,sz.002788,8.8900,8.9800,8.6000,8.6200,9.1000,18300768,159619282.5700,3,4.833000,1,-5.274700,0
2022-04-06,sz.002788,8.6500,9.1000,8.6500,8.9300,8.6200,18724213,167104494.9100,3,4.944800,1,3.596300,0
2022-04-07,sz.002788,8.8900,9.0900,8.6500,8.7000,8.9300,14147788,124631917.7700,3,3.736200,1,-2.575600,0
2022-04-08,sz.002788,8.8800,8.8800,8.2900,8.3500,8.7000,12927460,108906912.4900,3,3.414000,1,-4.023000,0
2022-04-11,sz.002788,8.2900,8.6100,8.2500,8.3100,8.3500,10649109,89476333.8300,3,2.812300,1,-0.479000,0
2022-04-12,sz.002788,8.3400,8.5400,8.3200,8.5000,8.3100,8241397,69580302.6500,3,2.176400,1,2.286400,0
2022-04-13,sz.002788,8.4800,8.4800,8.1900,8.2600,8.5000,7343374,60859692.1700,3,1.939300,1,-2.823500,0
2022-04-14,sz.002788,8.3100,8.5100,8.2600,8.3700,8.2600,6369105,53509407.4100,3,1.682000,1,1.331700,0
2022-04-15,sz.002788,8.3000,8.3600,8.0300,8.0500,8.3700,7755636,63203340.4100,3,2.048200,1,-3.823200,0
2022-04-18,sz.002788,8.0600,8.0800,7.7100,8.0600,8.0500,6487152,51551613.6400,3,1.713200,1,0.124200,0
2022-04-19,sz.002788,8.0200,8.2700,7.9500,8.1800,8.0600,6292819,51197226.8700,3,1.661800,1,1.488800,0
2022-04-20,sz.002788,8.1800,8.2300,7.9400,8.0000,8.1800,5982760,48302862.4200,3,1.580000,1,-2.200500,0
2022-04-21,sz.002788,8.0900,8.0900,7.6000,7.6200,8.0000,7290677,56552701.6200,3,1.925400,1,-4.750000,0
2022-04-22,sz.002788,7.6500,7.6800,7.5000,7.6100,7.6200,7040174,53393649.8700,3,1.859200,1,-0.131200,0
2022-04-25,sz.002788,7.4700,7.6100,7.0500,7.0500,7.6100,10343689,75662571.6700,3,2.731600,1,-7.358700,0
2022-04-26,sz.002788,7.1800,7.3800,7.0300,7.1300,7.0500,9692138,69868506.0800,3,2.559600,1,1.134800,0
2022-04-27,sz.002788,7.0600,7.2100,6.8200,7.1900,7.1300,9999963,70232628.7800,3,2.640800,1,0.841500,0
2022-04-28,sz.002788,7.1800,7.2000,6.9300,7.0400,7.1900,7886431,55844381.3300,3,2.082700,1,-2.086200,0
2022-04-29,sz.002788,7.1400,7.4000,7.0900,7.3000,7.0400,9132888,66399693.3200,3,2.411900,1,3.693200,0
2022-05-05,sz.002788,7.3400,8.0300,7.2300,8.0300,7.3000,15248251,116862405.8800,3,4.026800,1,10.000000,0
2022-05-06,sz.002788,7.6000,7.9600,7.5600,7.8300,8.0300,19469914,151633032.9800,3,5.141700,1,-2.490700,0
2022-05-09,sz.002788,7.7300,8.0100,7.7100,7.9600,7.8300,16166119,127414035.0800,3,4.269200,1,1.660300,0
2022-05-10,sz.002788,7.8300,7.9200,7.6800,7.8700,7.9600,12466161,97137630.4000,3,3.292100,1,-1.130700,0
2022-05-11,sz.002788,7.9300,8.2100,7.8700,7.9200,7.8700,15741968,126794476.7500,3,4.157200,1,0.635300,0
2022-05-12,sz.002788,7.9800,8.2800,7.8800,8.2600,7.9200,16372661,133719152.9700,3,4.323800,1,4.292900,0
2022-05-13,sz.002788,8.2800,8.3600,8.1100,8.1900,8.2600,10614816,87142452.2800,3,2.803200,1,-0.847500,0
2022-05-16,sz.002788,8.2900,8.3000,8.0400,8.1300,8.1900,8348727,68022433.7600,3,2.204800,1,-0.732600,0
2022-05-17,sz.002788,8.1000,8.1600,7.8800,7.9700,8.1300,7359475,58578962.8200,3,1.943500,1,-1.968000,0
2022-05-18,sz.002788,7.9600,8.0300,7.8500,7.8800,7.9700,6774626,53622555.9900,3,1.789100,1,-1.129200,0
2022-05-19,sz.002788,7.7800,7.9400,7.7600,7.9200,7.8800,5592538,43938576.8800,3,1.476900,1,0.507600,0
2022-05-20,sz.002788,7.9200,8.1700,7.9200,8.1000,7.9200,8720397,70354379.4200,3,2.302900,1,2.272700,0
2022-05-23,sz.002788,8.1100,8.2100,8.0800,8.1500,8.1000,6119423,49749058.8600,3,1.616100,1,0.617300,0
2022-05-24,sz.002788,8.2000,8.2000,7.7100,7.7100,8.1500,10563175,83393128.0800,3,2.789600,1,-5.398800,0
2022-05-25,sz.002788,7.7200,7.8800,7.6800,7.8700,7.7100,4638814,36195191.3400,3,1.225000,1,2.075200,0
2022-05-26,sz.002788,7.8700,7.9800,7.7200,7.9500,7.8700,5871135,46318487.0300,3,1.550500,1,1.016500,0
2022-05-27,sz.002788,7.9700,8.1400,7.9200,8.0700,7.9500,6589435,52957690.9700,3,1.740200,1,1.509400,0
2022-05-30,sz.002788,8.0900,8.1400,7.9500,8.0400,8.0700,5439494,43640381.0400,3,1.436500,1,-0.371700,0
2022-05-31,sz.002788,8.0400,8.0500,7.8400,8.0000,8.0400,5946676,47213088.1300,3,1.570400,1,-0.497500,0
2022-06-01,sz.002788,8.0000,8.0400,7.8500,7.9200,8.0000,5746616,45575209.5400,3,1.517600,1,-1.000000,0
2022-06-02,sz.002788,7.9100,7.9300,7.8100,7.9100,7.9200,5968673,46890103.2100,3,1.576200,1,-0.126300,0
2022-06-06,sz.002788,7.9300,8.0400,7.8400,8.0300,7.9100,6835175,54411429.8100,3,1.805100,1,1.517100,0
2022-06-07,sz.002788,8.0400,8.1500,7.9600,8.1500,8.0300,7818116,63020572.5900,3,2.064700,1,1.494400,0
2022-06-08,sz.002788,8.1200,8.1300,7.9100,8.0600,8.1500,7633878,61318134.9900,3,2.016000,1,-1.104300,0
2022-06-09,sz.002788,8.1000,8.1200,7.8300,7.8600,8.0600,5721856,45372715.6000,3,1.511100,1,-2.481400,0
2022-06-10,sz.002788,7.8500,8.0500,7.8100,8.0100,7.8600,5545308,44251225.9100,3,1.464400,1,1.908400,0
2022-06-13,sz.002788,8.0000,8.1000,7.9100,7.9900,8.0100,5695664,45599210.6600,3,1.504100,1,-0.249700,0
2022-06-14,sz.002788,7.9800,7.9800,7.7400,7.9400,7.9900,6309104,49527706.3000,3,1.666100,1,-0.625800,0
2022-06-15,sz.002788,7.9400,8.0200,7.9100,7.9400,7.9400,6699378,53427651.1600,3,1.769200,1,0.000000,0
2022-06-16,sz.002788,7.9300,8.1900,7.9100,8.1100,7.9400,8622957,69808566.8500,3,2.277200,1,2.141100,0
2022-06-17,sz.002788,8.1200,8.1300,7.8800,7.9700,8.1100,7052094,56232145.4000,3,1.862400,1,-1.726300,0
2022-06-20,sz.002788,7.9700,8.0400,7.9400,8.0100,7.9700,4197697,33569952.4900,3,1.108600,1,0.501900,0
2022-06-21,sz.002788,8.0400,8.2600,8.0000,8.1200,8.0100,9646725,78423028.2000,3,2.547600,1,1.373300,0
2022-06-22,sz.002788,8.1200,8.3500,8.0300,8.2100,8.1200,12334925,101378270.4800,3,3.257500,1,1.108400,0
2022-06-23,sz.002788,8.2400,8.4000,8.1100,8.2400,8.2100,10392681,85267886.6900,3,2.744600,1,0.365400,0
2022-06-24,sz.002788,8.2600,8.3800,8.1600,8.2500,8.2400,8504458,70308671.8500,3,2.245900,1,0.121400,0
2022-06-27,sz.002788,8.2700,8.4800,8.2600,8.3200,8.2500,9192515,76680207.8100,3,2.427600,1,0.848500,0
2022-06-28,sz.002788,8.2700,8.3900,8.2100,8.3800,8.3200,8096795,67312604.7400,3,2.138200,1,0.721200,0
2022-06-29,sz.002788,8.4300,8.5800,8.3500,8.3800,8.3800,11880934,100409248.4700,3,3.137600,1,0.000000,0
2022-06-30,sz.002788,8.3400,8.6900,8.3400,8.5900,8.3800,11922861,102261518.0200,3,3.148700,1,2.506000,0
2022-07-01,sz.002788,8.5700,8.6700,8.4600,8.5600,8.5900,6893716,58974952.2100,3,1.820500,1,-0.349200,0
2022-07-04,sz.002788,8.5600,8.6300,8.4900,8.5600,8.5600,7215999,61701607.6500,3,1.905600,1,0.000000,0
2022-07-05,sz.002788,8.5600,8.6000,8.3600,8.4600,8.5600,8880798,74993371.0300,3,2.345300,1,-1.168200,0
2022-07-06,sz.002788,8.2700,8.2900,7.9800,8.0300,8.1600,7844603,63311496.3900,3,2.071600,1,-1.593100,0
2022-07-07,sz.002788,8.1000,8.1100,8.0100,8.0300,8.0300,4365674,35137799.8100,3,1.152900,1,0.000000,0
2022-07-08,sz.002788,8.0500,8.1200,8.0000,8.0800,8.0300,4198572,33822042.9100,3,1.108800,1,0.622700,0
2022-07-11,sz.002788,8.1600,8.5600,8.1400,8.3600,8.0800,12652461,105559513.5300,3,3.341300,1,3.465300,0
2022-07-12,sz.002788,8.3600,8.3600,8.1100,8.1300,8.3600,7622587,62607469.4700,3,2.013000,1,-2.751200,0
2022-07-13,sz.002788,8.1500,8.1600,8.0700,8.1300,8.1300,4122261,33458899.1400,3,1.088600,1,0.000000,0
2022-07-14,sz.002788,8.1300,8.1600,8.0000,8.0500,8.1300,6038186,48703508.2400,3,1.594600,1,-0.984000,0
2022-07-15,sz.002788,8.0300,8.0400,7.7900,7.7900,8.0500,6535745,51452912.2800,3,1.726000,1,-3.229800,0
2022-07-18,sz.002788,7.7600,7.9500,7.7500,7.9500,7.7900,4932630,38958938.0800,3,1.302600,1,2.053900,0
2022-07-19,sz.002788,7.9800,8.0300,7.9100,8.0100,7.9500,4832821,38521346.9700,3,1.276300,1,0.754700,0
2022-07-20,sz.002788,8.0500,8.0700,7.9800,8.0400,8.0100,3722178,29853771.4800,3,0.983000,1,0.374500,0
2022-07-21,sz.002788,8.0400,8.1000,7.9700,8.0300,8.0400,5089580,40936993.3400,3,1.344100,1,-0.124400,0
2022-07-22,sz.002788,8.0200,8.1900,8.0200,8.0900,8.0300,6339699,51469531.8000,3,1.674200,1,0.747200,0
2022-07-25,sz.002788,8.0900,8.1700,8.0600,8.1100,8.0900,4538388,36796768.8100,3,1.198500,1,0.247200,0
2022-07-26,sz.002788,8.1200,8.1400,7.9400,8.0700,8.1100,3766654,30242148.8700,3,0.994700,1,-0.493200,0
2022-07-27,sz.002788,8.0400,8.1600,8.0200,8.1400,8.0700,4621797,37421399.4500,3,1.220600,1,0.867400,0
2022-07-28,sz.002788,8.1500,8.1800,8.0800,8.1000,8.1400,4916801,39918645.2800,3,1.298500,1,-0.491400,0
2022-07-29,sz.002788,8.1200,8.1200,7.9300,7.9600,8.1000,5053858,40499139.3300,3,1.334700,1,-1.728400,0
2022-08-01,sz.002788,7.9600,7.9900,7.9000,7.9100,7.9600,4821217,38277953.1300,3,1.273200,1,-0.628100,0
2022-08-02,sz.002788,7.9400,7.9400,7.3100,7.4100,7.9100,12156117,91166332.5700,3,3.210300,1,-6.321100,0
2022-08-03,sz.002788,7.4200,7.5600,7.3100,7.3300,7.4100,5797708,43201096.9700,3,1.531100,1,-1.079600,0
2022-08-04,sz.002788,7.3600,7.5000,7.3600,7.5000,7.3300,4282803,31900284.5600,3,1.131000,1,2.319200,0
2022-08-05,sz.002788,7.5200,7.5900,7.4600,7.5900,7.5000,4012977,30222011.8400,3,1.059800,1,1.200000,0
2022-08-08,sz.002788,7.5600,7.6900,7.5300,7.6500,7.5900,3795645,29004117.8400,3,1.002400,1,0.790500,0
2022-08-09,sz.002788,7.6700,7.6700,7.5600,7.6200,7.6500,3475622,26453922.5300,3,0.917900,1,-0.392200,0
2022-08-10,sz.002788,7.5800,7.6200,7.5400,7.5800,7.6200,2805711,21254461.1900,3,0.740900,1,-0.524900,0
2022-08-11,sz.002788,7.5900,7.7300,7.5800,7.7100,7.5800,4296959,33013744.9600,3,1.134800,1,1.715000,0
2022-08-12,sz.002788,7.7100,7.7500,7.6500,7.7300,7.7100,2681285,20700309.6900,3,0.708100,1,0.259400,0
2022-08-15,sz.002788,7.7200,7.7500,7.6500,7.7200,7.7300,3060671,23583247.9400,3,0.808300,1,-0.129400,0
2022-08-16,sz.002788,7.7500,7.8300,7.6900,7.7700,7.7200,3257181,25190602.4400,3,0.860200,1,0.647700,0
2022-08-17,sz.002788,7.7700,7.8100,7.6900,7.7500,7.7700,3003196,23239758.4900,3,0.793100,1,-0.257400,0
2022-08-18,sz.002788,7.7500,7.7600,7.6800,7.7300,7.7500,2528228,19520407.4000,3,0.667700,1,-0.258100,0
2022-08-19,sz.002788,7.7400,7.7700,7.7000,7.7100,7.7300,2490542,19253414.7900,3,0.657700,1,-0.258700,0
2022-08-22,sz.002788,7.7000,7.7700,7.6100,7.7600,7.7100,3310639,25555260.5300,3,0.872700,1,0.648500,0
2022-08-23,sz.002788,7.9200,8.0200,7.8500,7.9700,7.7600,9150178,72687002.8100,3,2.411900,1,2.706200,0
2022-08-24,sz.002788,8.0000,8.1600,7.9700,7.9900,7.9700,9275704,74835980.0900,3,2.445000,1,0.250900,0
2022-08-25,sz.002788,8.0900,8.0900,7.8700,8.0200,7.9900,6219356,49560574.4100,3,1.639400,1,0.375500,0
2022-08-26,sz.002788,8.0600,8.1400,8.0000,8.0800,8.0200,6055047,48956653.6300,3,1.596100,1,0.748100,0
2022-08-29,sz.002788,8.0500,8.2100,7.9400,8.2000,8.0800,6546446,53049268.5800,3,1.725600,1,1.485100,0
2022-08-30,sz.002788,8.2000,8.3400,8.1600,8.2300,8.2000,5503591,45200436.1000,3,1.450700,1,0.365900,0
2022-08-31,sz.002788,8.2700,8.3000,8.0800,8.1000,8.2300,7222502,59073856.3500,3,1.903800,1,-1.579600,0
2022-09-01,sz.002788,8.1500,8.2900,8.1000,8.2100,8.1000,6111817,50228375.7600,3,1.611000,1,1.358000,0
