date,code,open,high,low,close,preclose,volume,amount,adjustflag,turn,tradestatus,pctChg,isST
2022-01-04,sz.002742,7.2200,7.4000,7.1800,7.2300,7.3800,12140000,88218541.0000,3,2.963000,1,-2.032500,0
2022-01-05,sz.002742,7.2300,7.3300,7.0300,7.0800,7.2300,7226900,51520535.0000,3,1.763800,1,-2.074700,0
2022-01-06,sz.002742,7.0800,7.1700,7.0200,7.0400,7.0800,4890626,34525373.3000,3,1.193600,1,-0.565000,0
2022-01-07,sz.002742,7.0800,7.1300,6.8600,6.8800,7.0400,6650300,46537022.6000,3,1.623100,1,-2.272700,0
2022-01-10,sz.002742,6.8100,7.4000,6.8000,7.2500,6.8800,10781910,77173838.8000,3,2.631500,1,5.377900,0
2022-01-11,sz.002742,7.2000,7.8300,7.1300,7.6400,7.2500,19495567,147347083.4100,3,4.758200,1,5.379300,0
2022-01-12,sz.002742,7.6700,7.7200,7.4800,7.5300,7.6400,11719104,88741103.0800,3,2.860200,1,-1.439800,0
2022-01-13,sz.002742,7.6000,7.6500,7.3800,7.3800,7.5300,6960300,51772389.0000,3,1.698800,1,-1.992000,0
2022-01-14,sz.002742,7.4100,7.4400,7.2500,7.3900,7.3800,6428804,47168353.2800,3,1.569100,1,0.135500,0
2022-01-17,sz.002742,7.4000,7.4100,7.1500,7.2200,7.3900,5836551,42299450.1500,3,1.424500,1,-2.300400,0
2022-01-18,sz.002742,7.2200,7.3800,7.0900,7.1900,7.2200,4539400,32490237.0000,3,1.107900,1,-0.415500,0
2022-01-19,sz.002742,7.1900,7.4300,7.1200,7.2200,7.1900,6443700,46769473.0000,3,1.572700,1,0.417200,0
2022-01-20,sz.002742,7.2000,7.2500,6.8600,6.9100,7.2200,7350350,51436871.0000,3,1.794000,1,-4.293600,0
2022-01-21,sz.002742,6.9100,7.0500,6.8300,6.9200,6.9100,4744230,32957626.4000,3,1.157900,1,0.144700,0
2022-01-24,sz.002742,6.9400,6.9800,6.6700,6.6700,6.9200,4683700,31708158.4000,3,1.143100,1,-3.612700,0
2022-01-25,sz.002742,6.7000,6.7300,6.3500,6.4100,6.6700,6717134,43682232.4400,3,1.639400,1,-3.898100,0
2022-01-26,sz.002742,6.3100,6.4800,6.2000,6.2800,6.4100,7199300,45586940.0000,3,1.757100,1,-2.028100,0
2022-01-27,sz.002742,6.2900,6.2900,6.0500,6.0500,6.2800,4938000,30373820.0000,3,1.205200,1,-3.662400,0
2022-01-28,sz.002742,6.1300,6.5800,6.0800,6.4800,6.0500,7027022,44804632.0200,3,1.715100,1,7.107400,0
2022-02-07,sz.002742,6.3500,6.4800,6.1100,6.3900,6.4800,6441900,40854686.0000,3,1.572200,1,-1.388900,0
2022-02-08,sz.002742,6.4200,6.9000,6.3500,6.8800,6.3900,8235500,55141070.0000,3,2.010000,1,7.668200,0
2022-02-09,sz.002742,6.9600,7.0000,6.6900,6.7200,6.8800,5972200,40779299.0000,3,1.457600,1,-2.325600,0
2022-02-10,sz.002742,6.7100,6.7700,6.5800,6.6200,6.7200,4529600,30170621.0000,3,1.105500,1,-1.488100,0
2022-02-11,sz.002742,6.6000,6.6300,6.4200,6.4600,6.6200,3355200,21811261.0000,3,0.818900,1,-2.416900,0
2022-02-14,sz.002742,6.6300,6.7300,6.4500,6.5000,6.4600,5277822,34782447.7800,3,1.288100,1,0.619200,0
2022-02-15,sz.002742,6.5700,6.5800,6.3600,6.4100,6.5000,3416300,21989787.0000,3,0.833800,1,-1.384600,0
2022-02-16,sz.002742,6.4100,6.5300,6.3700,6.4900,6.4100,2282200,14769776.0000,3,0.557000,1,1.248000,0
2022-02-17,sz.002742,6.5000,6.5400,6.3900,6.4500,6.4900,2594200,16791757.0000,3,0.633200,1,-0.616300,0
2022-02-18,sz.002742,6.4100,6.5700,6.3700,6.5700,6.4500,2976400,19349223.0000,3,0.726400,1,1.860500,0
2022-02-21,sz.002742,6.5700,6.7900,6.5100,6.6800,6.5700,4403900,29512617.0000,3,1.074800,1,1.674300,0
2022-02-22,sz.002742,6.6300,6.7900,6.5500,6.5700,6.6800,5484500,36421848.0000,3,1.338600,1,-1.646700,0
2022-02-23,sz.002742,6.5900,6.7800,6.5900,6.6800,6.5700,3564775,23879960.0000,3,0.870000,1,1.674300,0
2022-02-24,sz.002742,6.6800,6.7400,6.4200,6.5900,6.6800,5071500,33468257.0000,3,1.237800,1,-1.347300,0
2022-02-25,sz.002742,6.6200,6.8600,6.6100,6.8300,6.5900,7005171,47550352.7300,3,1.709700,1,3.641900,0
2022-02-28,sz.002742,6.7800,6.9700,6.7200,6.9400,6.8300,4624900,31824532.0000,3,1.128800,1,1.610500,0
2022-03-01,sz.002742,6.9200,7.4300,6.8500,7.2700,6.9400,10815721,78282087.0000,3,2.639800,1,4.755000,0
2022-03-02,sz.002742,7.3300,7.3800,7.2200,7.3100,7.2700,5390050,39291507.0000,3,1.315500,1,0.550200,0
2022-03-03,sz.002742,7.3800,7.3800,7.2100,7.3000,7.3100,3706600,26989210.0000,3,0.904700,1,-0.136800,0
2022-03-04,sz.002742,7.2800,7.3100,7.1600,7.2100,7.3000,5295500,38263574.0000,3,1.292500,1,-1.232900,0
2022-03-07,sz.002742,7.1400,7.3100,7.1100,7.1200,7.2100,3772600,27071111.0000,3,0.920800,1,-1.248300,0
2022-03-08,sz.002742,7.2300,7.2300,6.9900,7.0500,7.1200,7238100,51478180.0000,3,1.766600,1,-0.983100,0
2022-03-09,sz.002742,7.1100,7.2300,6.8000,7.1200,7.0500,7893650,55736498.0000,3,1.926600,1,0.992900,0
2022-03-10,sz.002742,7.3000,7.3000,7.0500,7.0800,7.1200,3664700,26164643.0000,3,0.894400,1,-0.561800,0
2022-03-11,sz.002742,7.0100,7.1900,6.9200,7.1600,7.0800,4902050,34711687.0000,3,1.196400,1,1.129900,0
2022-03-14,sz.002742,7.1800,7.3000,7.0000,7.0000,7.1600,5475600,38789622.0000,3,1.336400,1,-2.234600,0
2022-03-15,sz.002742,7.0000,7.0000,6.3000,6.4000,7.0000,9502900,63123490.0000,3,2.319300,1,-8.571400,0
2022-03-16,sz.002742,6.5500,6.7700,6.2000,6.7700,6.4000,7256082,47070761.0000,3,1.771000,1,5.781300,0
2022-03-17,sz.002742,6.8600,7.0200,6.6000,6.6300,6.7700,5965700,40586778.0000,3,1.456000,1,-2.067900,0
2022-03-18,sz.002742,6.6300,6.7700,6.5000,6.7100,6.6300,3611500,24155449.0000,3,0.881400,1,1.206600,0
2022-03-21,sz.002742,6.7500,6.8700,6.5000,6.6000,6.7100,4942650,32827413.5000,3,1.206300,1,-1.639300,0
2022-03-22,sz.002742,6.5800,6.5900,6.4500,6.5000,6.6000,2726750,17735301.5000,3,0.665500,1,-1.515200,0
2022-03-23,sz.002742,6.5400,6.5400,6.4000,6.4400,6.5000,2806600,18087326.0000,3,0.685000,1,-0.923100,0
2022-03-24,sz.002742,6.4200,6.5300,6.3400,6.4800,6.4400,2575900,16534361.0000,3,0.628700,1,0.621100,0
2022-03-25,sz.002742,6.4800,6.4800,6.3600,6.3900,6.4800,2407200,15431366.0000,3,0.587500,1,-1.388900,0
2022-03-28,sz.002742,6.4400,6.4400,6.2500,6.3800,6.3900,4528250,28712994.5000,3,1.105200,1,-0.156500,0
2022-03-29,sz.002742,6.4000,6.4600,6.2900,6.3800,6.3800,2560200,16303645.0000,3,0.624900,1,0.000000,0
2022-03-30,sz.002742,6.4200,6.5000,6.3000,6.5000,6.3800,2842500,18185563.4400,3,0.693800,1,1.880900,0
2022-03-31,sz.002742,6.4600,6.5700,6.4200,6.5400,6.5000,2779800,18099388.0000,3,0.678500,1,0.615400,0
2022-04-01,sz.002742,6.5000,6.5000,6.3700,6.3800,6.5400,2573100,16526950.0000,3,0.628000,1,-2.446500,0
2022-04-06,sz.002742,6.3500,6.9300,6.3000,6.6500,6.3800,6840282,45017316.3400,3,1.669500,1,4.232000,0
2022-04-07,sz.002742,6.6000,6.9200,6.5100,6.5200,6.6500,6620300,44349248.0000,3,1.615800,1,-1.954900,0
2022-04-08,sz.002742,6.5600,6.6000,6.3100,6.5400,6.5200,5170122,33354508.4600,3,1.261900,1,0.306700,0
2022-04-11,sz.002742,6.4800,6.4900,6.3000,6.4000,6.5400,4351600,27809635.0000,3,1.062100,1,-2.140700,0
2022-04-12,sz.002742,6.3300,6.4400,6.2300,6.4200,6.4000,2918600,18460564.0000,3,0.712300,1,0.312500,0
2022-04-13,sz.002742,6.4200,6.4200,6.2500,6.2600,6.4200,2186850,13760997.5000,3,0.533700,1,-2.492200,0
2022-04-14,sz.002742,6.2700,6.3500,6.2200,6.2700,6.2600,2669100,16774161.0000,3,0.651400,1,0.159700,0
2022-04-15,sz.002742,6.2700,6.3000,6.0600,6.2400,6.2700,3108000,19133935.0000,3,0.758600,1,-0.478500,0
2022-04-18,sz.002742,6.1400,6.2500,6.0500,6.2300,6.2400,2335800,14437501.0000,3,0.570100,1,-0.160300,0
2022-04-19,sz.002742,6.2400,6.2900,6.1000,6.2200,6.2300,1832200,11375495.0000,3,0.447200,1,-0.160500,0
2022-04-20,sz.002742,6.1600,6.2400,6.1000,6.1200,6.2200,1662550,10238394.0000,3,0.405800,1,-1.607700,0
2022-04-21,sz.002742,6.1200,6.1400,5.8600,5.9700,6.1200,4036900,24184413.0000,3,0.985300,1,-2.451000,0
2022-04-22,sz.002742,5.9700,6.0500,5.8000,5.9800,5.9700,2881600,17136169.0000,3,0.703300,1,0.167500,0
2022-04-25,sz.002742,5.9000,6.0700,5.6000,5.6200,5.9800,4825800,28055261.0000,3,1.177800,1,-6.020100,0
2022-04-26,sz.002742,5.6200,5.6600,5.2900,5.3500,5.6200,3196578,17464970.0800,3,0.780200,1,-4.804300,0
2022-04-27,sz.002742,5.3500,5.6200,5.1400,5.5600,5.3500,3767700,19933674.0000,3,0.919600,1,3.925200,0
2022-04-28,sz.002742,5.4200,5.7400,5.3900,5.6300,5.5600,2536300,14206128.0000,3,0.624900,1,1.259000,0
2022-04-29,sz.002742,5.6600,5.8400,5.6400,5.8000,5.6300,3191000,18389684.0000,3,0.786300,1,3.019500,0
2022-05-05,sz.002742,5.8000,5.8600,5.6800,5.7500,5.8000,3269300,18778999.0000,3,0.805600,1,-0.862100,0
2022-05-06,sz.002742,5.6300,5.6300,5.5100,5.6000,5.7500,2001700,11165073.0000,3,0.493200,1,-2.608700,0
2022-05-09,sz.002742,5.6000,5.7900,5.5300,5.7500,5.6000,2783900,15757739.0000,3,0.686000,1,2.678600,0
2022-05-10,sz.002742,5.6500,5.8700,5.6500,5.8400,5.7500,1610800,9320639.0000,3,0.396900,1,1.565200,0
2022-05-11,sz.002742,5.9300,6.4200,5.7800,6.4200,5.8400,7074928,44190715.7600,3,1.743300,1,9.931500,0
2022-05-12,sz.002742,6.4200,6.6000,6.1500,6.2700,6.4200,10952068,69678999.9200,3,2.698600,1,-2.336400,0
2022-05-13,sz.002742,6.2400,6.5000,6.1300,6.3600,6.2700,8480744,53418502.7600,3,2.089700,1,1.435400,0
2022-05-16,sz.002742,6.3100,6.4900,6.1800,6.3900,6.3600,7094768,44659697.4400,3,1.748100,1,0.471700,0
2022-05-17,sz.002742,6.3100,6.5000,6.2600,6.4200,6.3900,7094250,45207844.0000,3,1.748000,1,0.469500,0
2022-05-18,sz.002742,6.4000,6.5000,6.2100,6.4800,6.4200,4551800,29143555.0000,3,1.121600,1,0.934600,0
2022-05-19,sz.002742,6.4500,6.8000,6.3500,6.6200,6.4800,8512800,56386686.0000,3,2.097600,1,2.160500,0
2022-05-20,sz.002742,6.6200,6.7000,6.5400,6.6200,6.6200,4711845,31146661.8600,3,1.161000,1,0.000000,0
2022-05-23,sz.002742,6.6300,6.7800,6.5800,6.7200,6.6200,4202450,28081302.5000,3,1.035500,1,1.510600,0
2022-05-24,sz.002742,6.7800,6.8000,6.4100,6.4100,6.7200,5620800,36891081.0000,3,1.385000,1,-4.613100,0
2022-05-25,sz.002742,6.4100,6.5800,6.4100,6.5200,6.4100,3286000,21361973.0000,3,0.809700,1,1.716100,0
2022-05-26,sz.002742,6.5100,6.5800,6.4100,6.5700,6.5200,2791100,18180200.0000,3,0.687700,1,0.766900,0
2022-05-27,sz.002742,6.5800,6.6200,6.5000,6.5700,6.5700,2104000,13795606.0000,3,0.518400,1,0.000000,0
2022-05-30,sz.002742,6.5900,6.6400,6.5000,6.6100,6.5700,2006400,13223875.0000,3,0.494400,1,0.608800,0
2022-05-31,sz.002742,6.6000,6.6400,6.4200,6.5200,6.6100,3126600,20366404.0000,3,0.770400,1,-1.361600,0
2022-06-01,sz.002742,6.5000,6.5200,6.3300,6.4000,6.5200,3481100,22328504.0000,3,0.857700,1,-1.840500,0
2022-06-02,sz.002742,6.4100,6.4400,6.2200,6.3500,6.4000,3152950,19962214.0000,3,0.776900,1,-0.781300,0
2022-06-06,sz.002742,6.3500,6.6400,6.3100,6.5200,6.3500,5688900,37023978.0000,3,1.401700,1,2.677200,0
2022-06-07,sz.002742,6.5200,6.5800,6.3000,6.3400,6.5200,4226500,26992251.0000,3,1.041400,1,-2.760700,0
2022-06-08,sz.002742,6.3500,6.4000,6.1200,6.2700,6.3400,4430200,27627385.0000,3,1.091600,1,-1.104100,0
2022-06-09,sz.002742,6.2400,6.2900,6.0900,6.0900,6.2700,3891550,23885243.0000,3,0.958900,1,-2.870800,0
2022-06-10,sz.002742,6.0300,6.2900,6.0300,6.2600,6.0900,2479900,15437935.0000,3,0.611000,1,2.791500,0
2022-06-13,sz.002742,6.2000,6.3300,6.1600,6.2200,6.2600,1985200,12349055.0000,3,0.489200,1,-0.639000,0
2022-06-14,sz.002742,6.1700,6.1900,6.0900,6.1900,6.2200,2314913,14192663.9500,3,0.570400,1,-0.482300,0
2022-06-15,sz.002742,6.2300,6.2800,6.1100,6.1200,6.1900,2470695,15299507.4500,3,0.608800,1,-1.130900,0
2022-06-16,sz.002742,6.1000,6.1500,5.9600,6.0500,6.1200,5599996,33852389.7200,3,1.379800,1,-1.143800,0
2022-06-17,sz.002742,6.0000,6.0800,5.8600,5.9700,6.0500,5382650,32089764.0000,3,1.326300,1,-1.322300,0
2022-06-20,sz.002742,5.9900,6.0300,5.8900,5.9200,5.9700,2627300,15592920.0000,3,0.647400,1,-0.837500,0
2022-06-21,sz.002742,5.9700,5.9700,5.7500,5.8300,5.9200,3443400,20128363.0000,3,0.848500,1,-1.520300,0
2022-06-22,sz.002742,5.8600,5.9400,5.7400,5.7900,5.8300,3085400,17949244.0000,3,0.760200,1,-0.686100,0
2022-06-23,sz.002742,5.8000,6.1000,5.7100,6.0600,5.7900,5544200,32778622.0000,3,1.366100,1,4.663200,0
2022-06-24,sz.002742,6.0300,6.6000,5.9900,6.3400,6.0600,7283406,45417262.6400,3,1.794600,1,4.620500,0
2022-06-27,sz.002742,6.3200,6.5700,6.2400,6.4600,6.3400,5489279,35216241.5400,3,1.352600,1,1.892700,0
2022-06-28,sz.002742,6.5500,6.6300,6.3900,6.6300,6.4600,6522900,42335595.0000,3,1.607200,1,2.631600,0
2022-06-29,sz.002742,6.6000,6.6000,6.4200,6.4300,6.6300,3242600,20972521.0000,3,0.799000,1,-3.016600,0
2022-06-30,sz.002742,6.3700,6.5500,6.3000,6.4300,6.4300,5913750,37897978.5000,3,1.457100,1,0.000000,0
2022-07-01,sz.002742,6.4300,6.7500,6.3100,6.5500,6.4300,7280505,47719735.3000,3,1.793900,1,1.866300,0
2022-07-04,sz.002742,6.5400,6.6600,6.4700,6.6000,6.5500,4522700,29726598.0000,3,1.114400,1,0.763400,0
2022-07-05,sz.002742,6.6000,6.6800,6.4700,6.5600,6.6000,2724500,17883466.0000,3,0.671300,1,-0.606100,0
2022-07-06,sz.002742,6.4900,6.5900,6.4300,6.5700,6.5600,3045400,19875094.0000,3,0.750400,1,0.152400,0
2022-07-07,sz.002742,6.5800,6.7500,6.5000,6.6300,6.5700,4063000,27092966.0000,3,1.001100,1,0.913200,0
2022-07-08,sz.002742,6.6400,6.7200,6.6200,6.6900,6.6300,2544200,16983597.0000,3,0.626900,1,0.905000,0
2022-07-11,sz.002742,6.6800,7.1200,6.6300,6.9600,6.6900,7671800,53011895.0000,3,1.890300,1,4.035900,0
2022-07-12,sz.002742,6.8800,7.0600,6.8800,7.0000,6.9600,4704100,32692917.0000,3,1.159100,1,0.574700,0
2022-07-13,sz.002742,6.9800,7.0000,6.8100,6.8800,7.0000,3012600,20690655.0000,3,0.742300,1,-1.714300,0
2022-07-14,sz.002742,6.8700,6.9800,6.8000,6.8600,6.8800,2885700,19905492.0000,3,0.711000,1,-0.290700,0
2022-07-15,sz.002742,6.8400,6.8500,6.5800,6.6600,6.8600,5260550,35034617.5000,3,1.296200,1,-2.915500,0
2022-07-18,sz.002742,6.6900,6.7600,6.0000,6.5800,6.6600,6973600,46072632.0000,3,1.718300,1,-1.201200,0
2022-07-19,sz.002742,6.5900,6.7900,6.5200,6.7800,6.5800,5369900,35874455.0000,3,1.323100,1,3.039500,0
2022-07-20,sz.002742,6.7300,6.7700,6.5000,6.5500,6.7800,5824450,38390544.0000,3,1.435100,1,-3.392300,0
2022-07-21,sz.002742,6.5600,6.6900,6.5100,6.6000,6.5500,2755700,18196400.0000,3,0.679000,1,0.763400,0
2022-07-22,sz.002742,6.5600,6.6500,6.4300,6.5200,6.6000,3391350,22114949.0000,3,0.835600,1,-1.212100,0
2022-07-25,sz.002742,6.5700,6.8500,6.5400,6.6000,6.5200,3806800,25287281.0000,3,0.938000,1,1.227000,0
2022-07-26,sz.002742,6.5800,6.6600,6.4600,6.5700,6.6000,3921400,25676863.0000,3,0.966200,1,-0.454500,0
2022-07-27,sz.002742,6.5800,6.6500,6.2200,6.4300,6.5700,9588200,61129206.0000,3,2.362500,1,-2.130900,0
2022-07-28,sz.002742,6.3900,6.3900,6.2000,6.2200,6.4300,6899000,43280991.0000,3,1.699900,1,-3.265900,0
2022-07-29,sz.002742,6.2300,6.2700,6.1700,6.2000,6.2200,3093900,19228918.0000,3,0.762300,1,-0.321500,0
2022-08-01,sz.002742,6.2600,6.2700,6.1500,6.2700,6.2000,2969410,18418035.7000,3,0.731700,1,1.129000,0
2022-08-02,sz.002742,6.2300,6.3400,5.8000,6.2500,6.2700,9033800,54938439.9000,3,2.225900,1,-0.319000,0
2022-08-03,sz.002742,6.2200,6.6500,6.1700,6.2600,6.2500,11562278,73910543.7800,3,2.848900,1,0.160000,0
2022-08-04,sz.002742,6.4400,6.5000,5.9400,6.1100,6.2600,10894200,67108741.0000,3,2.684300,1,-2.396200,0
2022-08-05,sz.002742,5.9500,6.1600,5.9300,6.1500,6.1100,4595100,27949465.0000,3,1.132200,1,0.654700,0
2022-08-08,sz.002742,6.1900,6.6000,6.1400,6.3000,6.1500,9082000,57849667.5000,3,2.237800,1,2.439000,0
2022-08-09,sz.002742,6.3300,6.3300,6.1000,6.1300,6.3000,5877200,36397627.0000,3,1.448100,1,-2.698400,0
2022-08-10,sz.002742,6.1800,6.2500,6.0300,6.1400,6.1300,6798950,41683808.0000,3,1.675300,1,0.163100,0
2022-08-11,sz.002742,6.1500,6.3200,6.1000,6.1700,6.1400,4921600,30409467.0000,3,1.212700,1,0.488600,0
2022-08-12,sz.002742,6.1900,6.2100,6.1300,6.1700,6.1700,3643200,22524605.0000,3,0.897700,1,0.000000,0
2022-08-15,sz.002742,6.1600,6.2800,6.1200,6.1500,6.1700,4379800,27019946.0000,3,1.079200,1,-0.324100,0
2022-08-16,sz.002742,6.1600,6.3300,6.1300,6.3100,6.1500,6512200,40792113.0000,3,1.604600,1,2.601600,0
2022-08-17,sz.002742,6.3800,6.4200,6.2000,6.2300,6.3100,6422200,40566107.0000,3,1.582400,1,-1.267800,0
2022-08-18,sz.002742,6.2500,6.2600,6.0300,6.0700,6.2300,8651700,52884603.5000,3,2.131800,1,-2.568200,0
2022-08-19,sz.002742,6.0500,6.1100,5.9300,5.9500,6.0700,5279400,31765901.0000,3,1.300800,1,-1.976900,0
2022-08-22,sz.002742,6.0000,6.1100,5.9500,6.0600,5.9500,3575600,21586970.0000,3,0.881000,1,1.848700,0
2022-08-23,sz.002742,6.0600,6.1400,6.0200,6.0400,6.0600,2878850,17467170.5000,3,0.709300,1,-0.330000,0
2022-08-24,sz.002742,6.0400,6.0800,5.7800,5.8200,6.0400,6020400,35367009.0000,3,1.483400,1,-3.642400,0
2022-08-25,sz.002742,5.8400,5.8800,5.6000,5.7800,5.8200,3861600,22279187.0000,3,0.951500,1,-0.687300,0
2022-08-26,sz.002742,5.7400,5.8200,5.6400,5.6700,5.7800,3684700,21039981.0000,3,0.893500,1,-1.903100,0
2022-08-29,sz.002742,5.6000,5.7900,5.5500,5.7300,5.6700,3442400,19649963.0000,3,0.834800,1,1.058200,0
2022-08-30,sz.002742,5.7500,5.9600,5.7300,5.8400,5.7300,4639000,27183599.0000,3,1.124900,1,1.919700,0
2022-08-31,sz.002742,5.8500,5.8600,5.6100,5.6600,5.8400,3364678,19221095.8200,3,0.815900,1,-3.082200,0
2022-09-01,sz.002742,5.6600,5.7800,5.6100,5.6200,5.6600,2813950,16006405.0000,3,0.682400,1,-0.706700,0
