date,code,open,high,low,close,preclose,volume,amount,adjustflag,turn,tradestatus,pctChg,isST
2022-01-04,sz.002500,6.6100,6.6400,6.5600,6.6300,6.6000,18091733,119500349.9900,3,0.504000,1,0.454500,0
2022-01-05,sz.002500,6.6200,6.6500,6.5800,6.6000,6.6300,17703660,117205845.6700,3,0.493200,1,-0.452500,0
2022-01-06,sz.002500,6.5700,6.6100,6.5300,6.5400,6.6000,17099480,112215315.6800,3,0.476300,1,-0.909100,0
2022-01-07,sz.002500,6.5600,6.5900,6.5400,6.5600,6.5400,12527640,82242875.9000,3,0.349000,1,0.305800,0
2022-01-10,sz.002500,6.5500,6.6000,6.5400,6.5800,6.5600,14067322,92419503.6300,3,0.391900,1,0.304900,0
2022-01-11,sz.002500,6.5600,6.6400,6.5600,6.6000,6.5800,18359593,121197798.2000,3,0.511400,1,0.304000,0
2022-01-12,sz.002500,6.6000,6.6200,6.5600,6.5900,6.6000,11280226,74340941.3300,3,0.314200,1,-0.151500,0
2022-01-13,sz.002500,6.6000,6.6400,6.5900,6.6000,6.5900,14201007,93861845.4000,3,0.395600,1,0.151700,0
2022-01-14,sz.002500,6.5800,6.5900,6.4600,6.4800,6.6000,18376935,119794998.3100,3,0.511900,1,-1.818200,0
2022-01-17,sz.002500,6.4800,6.5200,6.4600,6.4700,6.4800,9730014,63104327.2100,3,0.271000,1,-0.154300,0
2022-01-18,sz.002500,6.2700,6.2700,6.0500,6.1500,6.4700,54687324,337309053.4400,3,1.523400,1,-4.945900,0
2022-01-19,sz.002500,6.0600,6.1400,6.0200,6.1200,6.1500,30021913,182836798.5400,3,0.836300,1,-0.487800,0
2022-01-20,sz.002500,6.1100,6.2000,6.0700,6.1100,6.1200,28628835,175348859.8700,3,0.797500,1,-0.163400,0
2022-01-21,sz.002500,6.1000,6.1800,6.0800,6.1300,6.1100,17654863,108065857.4300,3,0.491800,1,0.327300,0
2022-01-24,sz.002500,6.1300,6.1500,6.0800,6.1000,6.1300,11836957,72372540.6100,3,0.329700,1,-0.489400,0
2022-01-25,sz.002500,6.1000,6.1100,6.0000,6.0100,6.1000,19626482,119163322.0800,3,0.546700,1,-1.475400,0
2022-01-26,sz.002500,6.0100,6.0800,5.9600,6.0500,6.0100,12960110,78063438.0100,3,0.361000,1,0.665600,0
2022-01-27,sz.002500,6.0300,6.0600,5.9000,5.9000,6.0500,15134970,90231474.0500,3,0.421600,1,-2.479300,0
2022-01-28,sz.002500,5.9500,5.9900,5.9000,5.9100,5.9000,11173615,66393968.2700,3,0.311300,1,0.169500,0
2022-02-07,sz.002500,5.9600,5.9900,5.9200,5.9500,5.9100,10612134,63126724.9100,3,0.295600,1,0.676800,0
2022-02-08,sz.002500,5.9300,6.0800,5.9200,6.0800,5.9500,16942361,101867770.3700,3,0.472000,1,2.184900,0
2022-02-09,sz.002500,6.0700,6.1200,6.0500,6.0900,6.0800,10964230,66820171.2700,3,0.305400,1,0.164500,0
2022-02-10,sz.002500,6.1100,6.1100,6.0500,6.1000,6.0900,8189279,49794316.7900,3,0.228100,1,0.164200,0
2022-02-11,sz.002500,6.0700,6.1500,6.0600,6.1100,6.1000,13218195,80672719.1900,3,0.368200,1,0.163900,0
2022-02-14,sz.002500,6.0800,6.1000,6.0200,6.0400,6.1100,13352452,80943525.5600,3,0.372000,1,-1.145700,0
2022-02-15,sz.002500,6.0600,6.0800,6.0400,6.0700,6.0400,6753753,40903911.0400,3,0.188100,1,0.496700,0
2022-02-16,sz.002500,6.0700,6.1000,6.0600,6.0900,6.0700,6218521,37797436.5600,3,0.173200,1,0.329500,0
2022-02-17,sz.002500,6.0800,6.0900,6.0300,6.0400,6.0900,6965777,42206501.5300,3,0.194000,1,-0.821000,0
2022-02-18,sz.002500,6.0100,6.0800,6.0000,6.0700,6.0400,6286972,38011179.5700,3,0.175100,1,0.496700,0
2022-02-21,sz.002500,6.0800,6.0900,6.0500,6.0900,6.0700,7928983,48121741.3600,3,0.220900,1,0.329500,0
2022-02-22,sz.002500,6.0600,6.0900,6.0200,6.0500,6.0900,8312163,50296365.8900,3,0.231600,1,-0.656800,0
2022-02-23,sz.002500,6.0500,6.0900,6.0400,6.0700,6.0500,7841661,47558561.1600,3,0.218400,1,0.330600,0
2022-02-24,sz.002500,6.0700,6.0700,5.8900,5.9400,6.0700,17365002,103656727.5500,3,0.483700,1,-2.141700,0
2022-02-25,sz.002500,5.9600,6.0000,5.9300,5.9500,5.9400,9200329,54869940.0100,3,0.256300,1,0.168400,0
2022-02-28,sz.002500,5.9500,5.9800,5.8800,5.9000,5.9500,10095962,59704964.0000,3,0.281200,1,-0.840300,0
2022-03-01,sz.002500,5.9200,5.9400,5.8800,5.9300,5.9000,10786883,63720393.0000,3,0.300500,1,0.508500,0
2022-03-02,sz.002500,5.9100,5.9600,5.9000,5.9500,5.9300,9594080,56899707.0000,3,0.267300,1,0.337300,0
2022-03-03,sz.002500,5.9500,6.0000,5.9400,5.9700,5.9500,10710818,63905462.0000,3,0.298400,1,0.336100,0
2022-03-04,sz.002500,5.9700,5.9800,5.9000,5.9300,5.9700,10284114,60926221.0000,3,0.286500,1,-0.670000,0
2022-03-07,sz.002500,5.9300,5.9400,5.8300,5.8400,5.9300,13247460,78001015.0000,3,0.369000,1,-1.517700,0
2022-03-08,sz.002500,5.8400,5.8800,5.6100,5.6100,5.8400,21237230,122220742.0000,3,0.591600,1,-3.938400,0
2022-03-09,sz.002500,5.6400,5.6400,5.2000,5.3800,5.6100,29609693,160594181.0000,3,0.824800,1,-4.099800,0
2022-03-10,sz.002500,5.4900,5.5400,5.4100,5.4200,5.3800,14325845,78311600.0000,3,0.399100,1,0.743500,0
2022-03-11,sz.002500,5.4000,5.8400,5.3100,5.7300,5.4200,33705093,187554952.0000,3,0.938900,1,5.719600,0
2022-03-14,sz.002500,5.6200,5.7600,5.5900,5.6100,5.7300,20738758,117436105.0000,3,0.577700,1,-2.094200,0
2022-03-15,sz.002500,5.5200,5.6600,5.3500,5.3600,5.6100,25774154,142455527.0000,3,0.718000,1,-4.456300,0
2022-03-16,sz.002500,5.4300,5.7500,5.3400,5.6900,5.3600,32746700,182161077.0000,3,0.912200,1,6.156700,0
2022-03-17,sz.002500,5.7200,5.7700,5.6300,5.6700,5.6900,26688148,151746137.0000,3,0.743400,1,-0.351500,0
2022-03-18,sz.002500,5.6600,5.7200,5.6100,5.6700,5.6700,18797522,106500413.9500,3,0.523600,1,0.000000,0
2022-03-21,sz.002500,5.6300,5.6500,5.5300,5.5600,5.6700,18885791,105512836.5400,3,0.526100,1,-1.940000,0
2022-03-22,sz.002500,5.5300,5.6200,5.5200,5.5600,5.5600,10758250,59927871.2000,3,0.299700,1,0.000000,0
2022-03-23,sz.002500,5.5800,5.6000,5.5500,5.5700,5.5600,10044652,56030141.6400,3,0.279800,1,0.179900,0
2022-03-24,sz.002500,5.5300,5.5600,5.4800,5.4900,5.5700,11805079,65007639.2500,3,0.328900,1,-1.436300,0
2022-03-25,sz.002500,5.4900,5.5800,5.4500,5.4500,5.4900,12383249,68136946.9500,3,0.345000,1,-0.728600,0
2022-03-28,sz.002500,5.4300,5.5500,5.3900,5.5100,5.4500,12810064,70214474.5300,3,0.356800,1,1.100900,0
2022-03-29,sz.002500,5.5400,5.5500,5.4600,5.4900,5.5100,9354070,51472406.3000,3,0.260600,1,-0.363000,0
2022-03-30,sz.002500,5.5400,5.6800,5.5200,5.6500,5.4900,20240781,113519640.0700,3,0.563800,1,2.914400,0
2022-03-31,sz.002500,5.6100,5.7000,5.6000,5.6600,5.6500,13656240,77156861.9900,3,0.380400,1,0.177000,0
2022-04-01,sz.002500,5.6300,5.7300,5.6100,5.7200,5.6600,19261612,109822071.4100,3,0.536600,1,1.060100,0
2022-04-06,sz.002500,5.7000,5.7500,5.6600,5.7400,5.7200,14719597,84166753.8600,3,0.410000,1,0.349700,0
2022-04-07,sz.002500,5.7300,5.7600,5.6000,5.6000,5.7400,13690386,77607739.8700,3,0.381400,1,-2.439000,0
2022-04-08,sz.002500,5.6400,5.6900,5.5300,5.6400,5.6000,15029390,84370464.3800,3,0.418700,1,0.714300,0
2022-04-11,sz.002500,5.6400,5.6600,5.4600,5.5000,5.6400,15171382,84121901.9300,3,0.422600,1,-2.482300,0
2022-04-12,sz.002500,5.5000,5.7100,5.4500,5.6900,5.5000,22408210,125501894.9800,3,0.624200,1,3.454500,0
2022-04-13,sz.002500,5.6500,5.7200,5.6100,5.6200,5.6900,16374057,92603128.9600,3,0.456100,1,-1.230200,0
2022-04-14,sz.002500,5.6500,5.7600,5.6500,5.6600,5.6200,18156111,103529789.1700,3,0.505800,1,0.711700,0
2022-04-15,sz.002500,5.6400,5.7100,5.5900,5.6200,5.6600,14185365,80045906.6600,3,0.395200,1,-0.706700,0
2022-04-18,sz.002500,5.5300,5.6100,5.5100,5.5700,5.6200,15484072,85883983.8700,3,0.431300,1,-0.889700,0
2022-04-19,sz.002500,5.5800,5.6000,5.5400,5.5700,5.5700,10479198,58366249.1000,3,0.291900,1,0.000000,0
2022-04-20,sz.002500,5.5700,5.6100,5.5000,5.5200,5.5700,12482489,69353733.3600,3,0.347700,1,-0.897700,0
2022-04-21,sz.002500,5.5200,5.5700,5.4000,5.4100,5.5200,16182307,88670151.1300,3,0.450800,1,-1.992800,0
2022-04-22,sz.002500,5.4100,5.5100,5.3700,5.4600,5.4100,14413353,78229348.3600,3,0.401500,1,0.924200,0
2022-04-25,sz.002500,5.4100,5.4200,5.1100,5.1400,5.4600,24593504,130248742.8700,3,0.685100,1,-5.860800,0
2022-04-26,sz.002500,5.2000,5.2000,4.8100,4.8200,5.1400,40660014,202700502.5500,3,1.132700,1,-6.225700,0
2022-04-27,sz.002500,4.7300,4.9000,4.7200,4.8800,4.8200,27074256,130184042.5400,3,0.754200,1,1.244800,0
2022-04-28,sz.002500,4.8200,4.9800,4.7800,4.8700,4.8800,21236249,103483447.2400,3,0.591600,1,-0.204900,0
2022-04-29,sz.002500,5.0400,5.0900,4.8900,5.0100,4.8700,29116176,145367640.6500,3,0.811100,1,2.874700,0
2022-05-05,sz.002500,4.9600,5.0500,4.9300,5.0000,5.0100,17686632,88304092.2200,3,0.492700,1,-0.199600,0
2022-05-06,sz.002500,4.9500,4.9900,4.8700,4.9000,5.0000,15842420,78080379.4900,3,0.441300,1,-2.000000,0
2022-05-09,sz.002500,4.9000,4.9800,4.8600,4.9300,4.9000,12178793,60095363.5100,3,0.339300,1,0.612200,0
2022-05-10,sz.002500,4.9100,5.2200,4.9000,5.1600,4.9300,41929412,214477602.2200,3,1.168000,1,4.665300,0
2022-05-11,sz.002500,5.1000,5.2100,5.0700,5.0700,5.1600,32798102,168234592.4800,3,0.913700,1,-1.744200,0
2022-05-12,sz.002500,5.0500,5.1300,5.0200,5.0600,5.0700,14900278,75424888.9600,3,0.415100,1,-0.197200,0
2022-05-13,sz.002500,5.1000,5.1100,5.0500,5.0800,5.0600,10495183,53304368.0100,3,0.292400,1,0.395300,0
2022-05-16,sz.002500,5.1100,5.1200,5.0200,5.0400,5.0800,10663029,53916560.2900,3,0.297000,1,-0.787400,0
2022-05-17,sz.002500,5.0500,5.0500,4.9800,5.0300,5.0400,10238090,51352192.8000,3,0.285200,1,-0.198400,0
2022-05-18,sz.002500,5.0200,5.0800,5.0100,5.0400,5.0300,10868708,54829029.3900,3,0.302800,1,0.198800,0
2022-05-19,sz.002500,4.9900,5.0300,4.9600,5.0200,5.0400,9848897,49181583.5400,3,0.274400,1,-0.396800,0
2022-05-20,sz.002500,5.0400,5.1200,5.0300,5.1000,5.0200,15135728,76874771.1900,3,0.421600,1,1.593600,0
2022-05-23,sz.002500,5.1100,5.1500,5.0900,5.1300,5.1000,12111017,61995001.7800,3,0.337400,1,0.588200,0
2022-05-24,sz.002500,5.1300,5.1600,4.9600,4.9700,5.1300,15525841,78450308.1800,3,0.432500,1,-3.118900,0
2022-05-25,sz.002500,4.9700,5.0400,4.9700,5.0300,4.9700,9249752,46347517.4400,3,0.257700,1,1.207200,0
2022-05-26,sz.002500,5.0400,5.1800,5.0200,5.1300,5.0300,14693987,74928958.5400,3,0.409300,1,1.988100,0
2022-05-27,sz.002500,5.1400,5.1600,5.0700,5.1000,5.1300,11581086,59302840.3900,3,0.322600,1,-0.584800,0
2022-05-30,sz.002500,5.1200,5.1400,5.0900,5.1400,5.1000,11424411,58510478.1700,3,0.318200,1,0.784300,0
2022-05-31,sz.002500,5.1500,5.2100,5.1100,5.1800,5.1400,16954020,87782696.3800,3,0.472300,1,0.778200,0
2022-06-01,sz.002500,5.1700,5.2800,5.1600,5.2300,5.1800,14692548,76833858.3500,3,0.409300,1,0.965300,0
2022-06-02,sz.002500,5.2100,5.7500,5.2000,5.5300,5.2300,89973578,503333724.9000,3,2.506400,1,5.736100,0
2022-06-06,sz.002500,5.4200,5.7000,5.4200,5.5700,5.5300,72267828,400707795.7800,3,2.013200,1,0.723300,0
2022-06-07,sz.002500,5.5800,5.6000,5.4600,5.4800,5.5700,39107447,215905270.5200,3,1.089400,1,-1.615800,0
2022-06-08,sz.002500,5.4900,5.5600,5.4500,5.5300,5.4800,29415524,161920959.8300,3,0.819400,1,0.912400,0
2022-06-09,sz.002500,5.5400,5.6900,5.4900,5.5600,5.5300,38329615,213653303.6000,3,1.067700,1,0.542500,0
2022-06-10,sz.002500,5.4600,5.6900,5.4500,5.6700,5.5600,39093320,218547799.8600,3,1.089000,1,1.978400,0
2022-06-13,sz.002500,5.6000,5.6400,5.5000,5.5600,5.6700,28344844,157843364.2300,3,0.789600,1,-1.940000,0
2022-06-14,sz.002500,5.5400,5.8800,5.5100,5.8300,5.5600,62810072,358561842.9100,3,1.749700,1,4.856100,0
2022-06-15,sz.002500,5.9000,6.1800,5.8500,6.0000,5.8300,109122372,657539038.1500,3,3.039800,1,2.916000,0
2022-06-16,sz.002500,5.9700,5.9800,5.7300,5.7400,6.0000,58890574,343367820.1400,3,1.640500,1,-4.333300,0
2022-06-17,sz.002500,5.7200,6.0000,5.6800,5.8800,5.7400,55142751,321345450.3600,3,1.536100,1,2.439000,0
2022-06-20,sz.002500,5.8000,5.8300,5.6700,5.6900,5.8800,37865141,216972601.1100,3,1.054800,1,-3.231300,0
2022-06-21,sz.002500,5.6700,5.7200,5.5700,5.6100,5.6900,27322501,153706305.9200,3,0.761100,1,-1.406000,0
2022-06-22,sz.002500,5.6400,5.6500,5.5200,5.5200,5.6100,23096349,129012028.5600,3,0.643400,1,-1.604300,0
2022-06-23,sz.002500,5.5000,5.7000,5.5000,5.6600,5.5200,27894238,156570502.1200,3,0.777000,1,2.536200,0
2022-06-24,sz.002500,5.6700,5.7600,5.6300,5.6700,5.6600,21854456,124331347.8000,3,0.608800,1,0.176700,0
2022-06-27,sz.002500,5.7000,5.7300,5.6100,5.6200,5.6700,18113532,102647894.4100,3,0.504600,1,-0.881800,0
2022-06-28,sz.002500,5.6100,5.7200,5.6000,5.7000,5.6200,20930158,118343136.6000,3,0.583000,1,1.423500,0
2022-06-29,sz.002500,5.6300,5.9400,5.6000,5.6500,5.5800,68754183,396852345.3500,3,1.915300,1,1.254500,0
2022-06-30,sz.002500,5.6000,5.8300,5.5800,5.7400,5.6500,52624692,300987814.1400,3,1.466000,1,1.592900,0
2022-07-01,sz.002500,5.7400,5.7500,5.6000,5.6100,5.7400,25444874,144027929.7600,3,0.708800,1,-2.264800,0
2022-07-04,sz.002500,5.6300,5.6600,5.5500,5.6200,5.6100,18143830,101855894.7100,3,0.505400,1,0.178300,0
2022-07-05,sz.002500,5.6500,5.6600,5.5200,5.5500,5.6200,22642119,126016781.2300,3,0.630700,1,-1.245600,0
2022-07-06,sz.002500,5.5200,5.5500,5.4600,5.5000,5.5500,18692010,102815240.4300,3,0.520700,1,-0.900900,0
2022-07-07,sz.002500,5.4800,5.5800,5.4700,5.4900,5.5000,13758339,75955109.0800,3,0.383300,1,-0.181800,0
2022-07-08,sz.002500,5.5200,5.5600,5.4500,5.4500,5.4900,14094608,77531686.7800,3,0.392600,1,-0.728600,0
2022-07-11,sz.002500,5.4500,5.5400,5.4300,5.4600,5.4500,12744607,69980779.5000,3,0.355000,1,0.183500,0
2022-07-12,sz.002500,5.4600,5.5700,5.4300,5.4900,5.4600,15122553,83158324.3800,3,0.421300,1,0.549500,0
2022-07-13,sz.002500,5.4700,5.5500,5.4700,5.5200,5.4900,11360810,62665687.1900,3,0.316500,1,0.546400,0
2022-07-14,sz.002500,5.5000,5.5500,5.4700,5.5000,5.5200,13860210,76312671.3000,3,0.386100,1,-0.362300,0
2022-07-15,sz.002500,5.4800,5.5200,5.3200,5.3300,5.5000,17794473,96672484.7700,3,0.495700,1,-3.090900,0
2022-07-18,sz.002500,5.3400,5.5200,5.3000,5.5100,5.3300,17074671,93457468.5600,3,0.475600,1,3.377100,0
2022-07-19,sz.002500,5.5100,5.6200,5.5000,5.6000,5.5100,17043140,94861959.5000,3,0.474800,1,1.633400,0
2022-07-20,sz.002500,5.6000,5.6300,5.5500,5.6000,5.6000,12657890,70892795.8000,3,0.352600,1,0.000000,0
2022-07-21,sz.002500,5.6000,5.6100,5.5400,5.5600,5.6000,11228688,62635116.8600,3,0.312800,1,-0.714300,0
2022-07-22,sz.002500,5.5600,5.6300,5.4900,5.5400,5.5600,12164485,67596159.2200,3,0.338900,1,-0.359700,0
2022-07-25,sz.002500,5.5600,5.5800,5.5000,5.5200,5.5400,10527154,58323546.9200,3,0.293300,1,-0.361000,0
2022-07-26,sz.002500,5.5100,5.5700,5.4900,5.5300,5.5200,8152391,45092423.5300,3,0.227100,1,0.181200,0
2022-07-27,sz.002500,5.5300,5.5300,5.4600,5.4800,5.5300,7824314,43017788.8400,3,0.218000,1,-0.904200,0
2022-07-28,sz.002500,5.5000,5.6000,5.5000,5.5100,5.4800,13671209,75719789.9200,3,0.380800,1,0.547400,0
2022-07-29,sz.002500,5.5000,5.5300,5.4300,5.4500,5.5100,10481127,57395320.8900,3,0.292000,1,-1.088900,0
2022-08-01,sz.002500,5.4400,5.4800,5.3800,5.4600,5.4500,12795531,69535384.1900,3,0.356400,1,0.183500,0
2022-08-02,sz.002500,5.4200,5.4200,5.2000,5.2700,5.4600,19990925,105771188.9900,3,0.556900,1,-3.479900,0
2022-08-03,sz.002500,5.2500,5.3600,5.1600,5.1600,5.2700,13952334,73382773.0200,3,0.388700,1,-2.087300,0
2022-08-04,sz.002500,5.2000,5.2600,5.1600,5.2300,5.1600,8752001,45660441.4400,3,0.243800,1,1.356600,0
2022-08-05,sz.002500,5.2400,5.6300,5.2400,5.5200,5.2300,36786860,200499548.4500,3,1.024800,1,5.544900,0
2022-08-08,sz.002500,5.4700,5.4700,5.3700,5.3900,5.5200,21420390,115910672.2200,3,0.596700,1,-2.355100,0
2022-08-09,sz.002500,5.3800,5.4100,5.3300,5.3500,5.3900,15010860,80447525.6600,3,0.418200,1,-0.742100,0
2022-08-10,sz.002500,5.3400,5.4300,5.3100,5.3400,5.3500,11387282,61066680.8100,3,0.317200,1,-0.186900,0
2022-08-11,sz.002500,5.3700,5.6200,5.3600,5.6000,5.3400,41635249,230158409.8000,3,1.159800,1,4.868900,0
2022-08-12,sz.002500,5.5800,5.7400,5.5400,5.7000,5.6000,38820968,219984379.0300,3,1.081400,1,1.785700,0
2022-08-15,sz.002500,5.6700,5.7100,5.6300,5.6400,5.7000,21666746,122793175.4000,3,0.603600,1,-1.052600,0
2022-08-16,sz.002500,5.7000,5.8000,5.6300,5.6800,5.6400,22164358,126376466.0100,3,0.617400,1,0.709200,0
2022-08-17,sz.002500,5.7200,5.8600,5.6600,5.7900,5.6800,37204293,215035875.9700,3,1.036400,1,1.936600,0
2022-08-18,sz.002500,5.7500,5.8200,5.7200,5.7700,5.7900,23487720,135406660.5100,3,0.654300,1,-0.345400,0
2022-08-19,sz.002500,5.7700,5.8100,5.7200,5.7300,5.7700,19272031,110948952.6400,3,0.536900,1,-0.693200,0
2022-08-22,sz.002500,5.6800,5.7500,5.6400,5.6900,5.7300,18748795,106628667.5900,3,0.522300,1,-0.698100,0
2022-08-23,sz.002500,5.7100,5.8000,5.6100,5.7400,5.6900,23976138,136659713.4600,3,0.667900,1,0.878700,0
2022-08-24,sz.002500,5.7200,5.8600,5.6400,5.6500,5.7400,30563985,175654934.6000,3,0.851400,1,-1.567900,0
2022-08-25,sz.002500,5.7000,5.8000,5.6300,5.7400,5.6500,25123132,143522440.3400,3,0.699900,1,1.592900,0
2022-08-26,sz.002500,5.7000,5.8200,5.6500,5.7700,5.7400,28326227,163033274.7100,3,0.789100,1,0.522600,0
2022-08-29,sz.002500,5.7000,5.7600,5.6500,5.7100,5.7700,21672523,123416303.6700,3,0.603700,1,-1.039900,0
2022-08-30,sz.002500,5.7100,6.2800,5.6800,6.0500,5.7100,119941295,728315004.6800,3,3.341200,1,5.954500,0
2022-08-31,sz.002500,5.9900,6.1400,5.7800,5.8200,6.0500,110513550,653589259.1400,3,3.078600,1,-3.801700,0
2022-09-01,sz.002500,5.7500,5.8000,5.5500,5.5500,5.8200,66866225,379102247.6500,3,1.862700,1,-4.639200,0
