date,code,open,high,low,close,preclose,volume,amount,adjustflag,turn,tradestatus,pctChg,isST
2022-01-04,sz.002173,7.8500,8.7300,7.8500,8.3000,8.3500,38646111,316607230.8900,3,10.410200,1,-0.598800,0
2022-01-05,sz.002173,8.2400,8.3500,7.5500,7.8600,8.3000,30701092,239648872.2000,3,8.270000,1,-5.301200,0
2022-01-06,sz.002173,7.7800,8.0300,7.7400,7.8700,7.8600,20091764,158177712.9900,3,5.412100,1,0.127200,0
2022-01-07,sz.002173,7.8000,8.1500,7.6600,7.9800,7.8700,24330396,193465110.7000,3,6.553900,1,1.397700,0
2022-01-10,sz.002173,7.7600,8.1400,7.6000,8.1000,7.9800,27406813,216785900.8100,3,7.382600,1,1.503800,0
2022-01-11,sz.002173,8.0100,8.3000,7.8700,8.0300,8.1000,27140420,220344385.7200,3,7.310800,1,-0.864200,0
2022-01-12,sz.002173,7.9300,8.3000,7.5500,8.0100,8.0300,21068834,168736253.7400,3,5.675300,1,-0.249100,0
2022-01-13,sz.002173,7.9000,8.1100,7.5400,7.5900,8.0100,24134178,187316859.0200,3,6.501100,1,-5.243400,0
2022-01-14,sz.002173,7.5600,8.0500,7.4700,7.8500,7.5900,26910041,211487656.5000,3,7.248800,1,3.425600,0
2022-01-17,sz.002173,7.8000,8.2000,7.6500,8.0000,7.8500,24365800,194216390.7600,3,6.563400,1,1.910800,0
2022-01-18,sz.002173,7.9900,7.9900,7.4800,7.5000,8.0000,21542300,164252570.0000,3,5.802900,1,-6.250000,0
2022-01-19,sz.002173,7.3700,7.6400,7.3100,7.6200,7.5000,12645800,94959293.0000,3,3.406400,1,1.600000,0
2022-01-20,sz.002173,7.6200,7.6700,7.2500,7.2600,7.6200,11690938,86414201.4000,3,3.149200,1,-4.724400,0
2022-01-21,sz.002173,7.0400,7.3500,7.0400,7.3100,7.2600,9906500,71342749.0000,3,2.668500,1,0.688700,0
2022-01-24,sz.002173,7.2400,7.3500,7.1200,7.3000,7.3100,6484500,47071163.0000,3,1.746700,1,-0.136800,0
2022-01-25,sz.002173,7.2800,7.2800,6.7500,6.7600,7.3000,8470100,58623765.0000,3,2.281600,1,-7.397300,0
2022-01-26,sz.002173,6.7600,6.8600,6.6000,6.7500,6.7600,7888000,53007742.0000,3,2.124800,1,-0.147900,0
2022-01-27,sz.002173,6.7500,6.8000,6.5300,6.5900,6.7500,7466400,49464106.0000,3,2.011200,1,-2.370400,0
2022-01-28,sz.002173,6.6000,6.8700,6.6000,6.7800,6.5900,6637400,44919261.0000,3,1.787900,1,2.883200,0
2022-02-07,sz.002173,6.8700,6.9700,6.6500,6.6700,6.7800,6048401,40752365.7900,3,1.629300,1,-1.622400,0
2022-02-08,sz.002173,6.8900,7.0300,6.7100,6.8900,6.6700,7498701,51571631.8900,3,2.019900,1,3.298400,0
2022-02-09,sz.002173,6.9300,6.9700,6.7700,6.8900,6.8900,5357600,36829886.0000,3,1.443200,1,0.000000,0
2022-02-10,sz.002173,6.8600,6.9100,6.7100,6.7200,6.8900,7041301,47868608.8300,3,1.896700,1,-2.467300,0
2022-02-11,sz.002173,6.7200,6.7300,6.3600,6.3900,6.7200,8723800,56791718.0000,3,2.349900,1,-4.910700,0
2022-02-14,sz.002173,6.3300,6.5600,6.3100,6.4200,6.3900,6411104,41314985.5200,3,1.727000,1,0.469500,0
2022-02-15,sz.002173,6.4500,6.5400,6.3200,6.4500,6.4200,5516200,35646005.0000,3,1.485700,1,0.467300,0
2022-02-16,sz.002173,6.4600,6.5700,6.4200,6.5100,6.4500,5249401,34109591.5300,3,1.413900,1,0.930200,0
2022-02-17,sz.002173,6.5100,6.5400,6.3600,6.3800,6.5100,6229639,40132394.8100,3,1.677900,1,-1.996900,0
2022-02-18,sz.002173,6.3700,6.5800,6.3400,6.5200,6.3800,7375800,47880856.0000,3,1.986600,1,2.194400,0
2022-02-21,sz.002173,6.5300,7.1700,6.5000,7.1700,6.5200,13415001,92032852.1700,3,3.613100,1,9.969300,0
2022-02-22,sz.002173,7.1700,7.3500,6.8500,6.9200,7.1700,26787712,187529314.0500,3,7.214900,1,-3.486800,0
2022-02-23,sz.002173,6.9000,7.1900,6.8300,7.0100,6.9200,20361744,142822372.2300,3,5.484200,1,1.300600,0
2022-02-24,sz.002173,7.0300,7.0600,6.5600,6.7100,7.0100,16848511,114918774.1200,3,4.537900,1,-4.279600,0
2022-02-25,sz.002173,6.7100,6.9800,6.7100,6.8800,6.7100,12143200,83409504.0000,3,3.270600,1,2.533500,0
2022-02-28,sz.002173,6.8700,6.9500,6.6800,6.8600,6.8800,9297546,63438515.0000,3,2.497600,1,-0.290700,0
2022-03-01,sz.002173,6.8600,6.9500,6.7900,6.8200,6.8600,7323004,50200859.0000,3,1.967200,1,-0.583100,0
2022-03-02,sz.002173,6.8300,7.0300,6.7600,7.0000,6.8200,10512801,72906605.0000,3,2.824100,1,2.639300,0
2022-03-03,sz.002173,7.0100,7.1600,6.9400,7.0600,7.0000,11465001,80533634.0000,3,3.079900,1,0.857100,0
2022-03-04,sz.002173,7.0100,7.3200,6.9500,6.9900,7.0600,17308411,123794784.0000,3,4.649600,1,-0.991500,0
2022-03-07,sz.002173,6.9000,7.6900,6.8400,7.6900,6.9900,26091511,191984315.0000,3,7.009100,1,10.014300,0
2022-03-08,sz.002173,7.8600,7.9600,7.1100,7.3200,7.6900,34762115,258450264.0000,3,9.338300,1,-4.811400,0
2022-03-09,sz.002173,7.2400,7.4000,6.5900,7.0100,7.3200,24334800,171707818.0000,3,6.537200,1,-4.235000,0
2022-03-10,sz.002173,7.0200,7.2800,7.0000,7.0400,7.0100,18807401,133420892.0000,3,5.052300,1,0.428000,0
2022-03-11,sz.002173,6.8700,7.7400,6.8300,7.7400,7.0400,21727780,162624134.0000,3,5.836800,1,9.943200,0
2022-03-14,sz.002173,7.7500,8.5000,7.6000,7.7500,7.7400,49145380,390643376.0000,3,13.202100,1,0.129200,0
2022-03-15,sz.002173,7.7200,7.7600,7.1900,7.2200,7.7500,27678002,207387582.0000,3,7.435300,1,-6.838700,0
2022-03-16,sz.002173,7.3800,7.8300,7.3000,7.6600,7.2200,29396812,221288305.0000,3,7.897000,1,6.094200,0
2022-03-17,sz.002173,7.5300,8.3000,7.4400,7.8900,7.6600,36343402,286006720.0000,3,9.763100,1,3.002600,0
2022-03-18,sz.002173,7.7700,7.8700,7.6500,7.7700,7.8900,21749804,168552473.7200,3,5.842700,1,-1.520900,0
2022-03-21,sz.002173,7.7200,7.8600,7.5000,7.8000,7.7700,21140010,162579533.8000,3,5.678900,1,0.386100,0
2022-03-22,sz.002173,7.8000,7.8000,7.3400,7.4100,7.8000,18995502,142158109.9000,3,5.102800,1,-5.000000,0
2022-03-23,sz.002173,7.4300,7.4800,7.2100,7.2900,7.4100,13140192,96218508.0800,3,3.529900,1,-1.619400,0
2022-03-24,sz.002173,7.2200,7.4200,7.0700,7.3600,7.2900,14972600,108439338.9800,3,4.022200,1,0.960200,0
2022-03-25,sz.002173,7.3600,7.3600,7.0200,7.0400,7.3600,13613501,97474378.1100,3,3.657100,1,-4.347800,0
2022-03-28,sz.002173,7.1700,7.7400,7.1500,7.7400,7.0400,15278903,115961642.2200,3,4.104400,1,9.943200,0
2022-03-29,sz.002173,8.0900,8.5100,7.8100,8.5100,7.7400,40547581,337342905.2100,3,10.892500,1,9.948300,0
2022-03-30,sz.002173,8.6300,9.3600,7.6600,9.3600,8.5100,79175171,683623139.0700,3,21.269200,1,9.988200,0
2022-03-31,sz.002173,9.0700,10.2500,8.8000,9.0600,9.3600,88680453,844376055.6100,3,23.822600,1,-3.205100,0
2022-04-01,sz.002173,8.2300,8.6200,8.1500,8.1500,9.0600,43136501,356294833.2500,3,11.587900,1,-10.044200,0
2022-04-06,sz.002173,7.7800,7.9600,7.5400,7.6700,8.1500,45759323,352339336.5000,3,12.292500,1,-5.889600,0
2022-04-07,sz.002173,7.6800,7.6800,7.2300,7.2800,7.6700,30193499,222381436.7000,3,8.111000,1,-5.084700,0
2022-04-08,sz.002173,7.2900,7.2900,7.0200,7.0600,7.2800,19777260,140612021.6000,3,5.312900,1,-3.022000,0
2022-04-11,sz.002173,7.0000,7.1300,6.7200,6.9300,7.0600,19657700,136412605.0000,3,5.280700,1,-1.841400,0
2022-04-12,sz.002173,6.9300,7.0700,6.8600,7.0600,6.9300,13741960,96070786.0000,3,3.691600,1,1.875900,0
2022-04-13,sz.002173,7.0000,7.5400,6.7300,7.3300,7.0600,31574760,227698603.8000,3,8.482100,1,3.824400,0
2022-04-14,sz.002173,7.3200,7.5400,7.2100,7.3600,7.3300,22951240,169898484.8000,3,6.165500,1,0.409300,0
2022-04-15,sz.002173,7.2100,7.3600,6.8800,6.9200,7.3600,17959300,127230582.0000,3,4.824500,1,-5.978300,0
2022-04-18,sz.002173,6.8400,7.0000,6.7200,6.9300,6.9200,9201380,63355619.8000,3,2.471800,1,0.144500,0
2022-04-19,sz.002173,6.8900,6.9200,6.7700,6.8400,6.9300,9163500,62569768.0000,3,2.461600,1,-1.298700,0
2022-04-20,sz.002173,6.8500,6.9100,6.6600,6.8000,6.8400,12215230,82630458.1000,3,3.281400,1,-0.584800,0
2022-04-21,sz.002173,6.7000,6.8000,6.3200,6.4700,6.8000,14414760,94411082.3900,3,3.872300,1,-4.852900,0
2022-04-22,sz.002173,6.3000,6.5000,6.2100,6.4000,6.4700,9010500,57589322.0000,3,2.420500,1,-1.081900,0
2022-04-25,sz.002173,6.2800,6.3000,5.8000,5.8000,6.4000,12373100,75340517.0000,3,3.323800,1,-9.375000,0
2022-04-26,sz.002173,5.6000,5.7500,5.3000,5.4500,5.8000,19060100,106801594.0000,3,5.120200,1,-6.034500,0
2022-04-27,sz.002173,5.3400,5.6000,5.2200,5.6000,5.4500,11532200,62346939.0000,3,3.097900,1,2.752300,0
2022-04-28,sz.002173,5.5700,5.5700,5.1800,5.2300,5.6000,10714200,57164263.0000,3,2.878200,1,-6.607100,0
2022-04-29,sz.002173,5.3200,5.6700,5.3200,5.5700,5.2300,11459897,63324123.3100,3,3.078500,1,6.501000,0
2022-05-05,sz.002173,5.5600,5.8000,5.4700,5.7400,5.5700,9883300,56212030.0000,3,2.655000,1,3.052100,0
2022-05-06,sz.002173,5.5800,6.3100,5.5400,6.3100,5.7400,18478500,109786532.0000,3,4.964000,1,9.930300,0
2022-05-09,sz.002173,6.2000,6.4700,6.0500,6.2100,6.3100,24173501,149971388.2300,3,6.493800,1,-1.584800,0
2022-05-10,sz.002173,6.0500,6.1300,5.9500,6.1000,6.2100,13269300,80161792.0000,3,3.564600,1,-1.771300,0
2022-05-11,sz.002173,6.0900,6.1700,5.9500,5.9600,6.1000,12703900,77365350.0000,3,3.412700,1,-2.295100,0
2022-05-12,sz.002173,5.8800,6.0800,5.8500,6.0100,5.9600,7759002,46327982.9000,3,2.084300,1,0.838900,0
2022-05-13,sz.002173,5.9900,6.0900,5.9100,5.9600,6.0100,5892242,35206083.7000,3,1.582900,1,-0.831900,0
2022-05-16,sz.002173,5.9800,6.0500,5.9100,5.9500,5.9600,6111800,36442993.0000,3,1.641800,1,-0.167800,0
2022-05-17,sz.002173,5.9200,5.9500,5.7000,5.8200,5.9500,7624900,44106505.0000,3,2.048300,1,-2.184900,0
2022-05-18,sz.002173,5.8200,5.8900,5.7500,5.8200,5.8200,4991600,29179382.0000,3,1.340900,1,0.000000,0
2022-05-19,sz.002173,5.7500,5.9400,5.6900,5.8800,5.8200,7252330,42246606.5700,3,1.948200,1,1.030900,0
2022-05-20,sz.002173,5.8800,5.9500,5.8500,5.9200,5.8800,5892877,34834027.3000,3,1.583000,1,0.680300,0
2022-05-23,sz.002173,5.9500,6.1900,5.9400,6.1100,5.9200,8279100,50475198.0000,3,2.224100,1,3.209500,0
2022-05-24,sz.002173,6.1400,6.1400,5.6500,5.6700,6.1100,9755900,57331832.0000,3,2.620800,1,-7.201300,0
2022-05-25,sz.002173,5.6200,5.7800,5.5800,5.7700,5.6700,6388700,36550263.0000,3,1.716200,1,1.763700,0
2022-05-26,sz.002173,5.8200,5.8200,5.6000,5.7200,5.7700,5090500,29040249.0000,3,1.367500,1,-0.866600,0
2022-05-27,sz.002173,5.7400,5.7900,5.6000,5.7000,5.7200,4842162,27600226.0200,3,1.300800,1,-0.349700,0
2022-05-30,sz.002173,5.7000,5.7200,5.5600,5.6000,5.7000,5346300,30084690.0000,3,1.436200,1,-1.754400,0
2022-05-31,sz.002173,5.5800,5.6500,5.4900,5.6400,5.6000,5481700,30656227.0000,3,1.472600,1,0.714300,0
2022-06-01,sz.002173,5.6300,5.7800,5.6000,5.7400,5.6400,6396400,36374693.0000,3,1.718300,1,1.773000,0
2022-06-02,sz.002173,5.7200,5.7600,5.5800,5.6400,5.7400,5670000,31991082.0000,3,1.523200,1,-1.742200,0
2022-06-06,sz.002173,5.6600,5.8000,5.6100,5.7200,5.6400,7262600,41574100.0000,3,1.951000,1,1.418400,0
2022-06-07,sz.002173,5.7300,5.8200,5.7200,5.8000,5.7200,7187400,41554219.0000,3,1.930800,1,1.398600,0
2022-06-08,sz.002173,5.8200,5.8400,5.6700,5.7700,5.8000,6854600,39493219.0000,3,1.841400,1,-0.517200,0
2022-06-09,sz.002173,5.7600,5.7700,5.5600,5.6100,5.7700,5499301,31061657.6000,3,1.477300,1,-2.773000,0
2022-06-10,sz.002173,5.5800,5.6600,5.5600,5.6600,5.6100,3763300,21185919.0000,3,1.011000,1,0.891300,0
2022-06-13,sz.002173,5.6600,5.6600,5.4900,5.5700,5.6600,5696300,31673876.0000,3,1.530200,1,-1.590100,0
2022-06-14,sz.002173,5.5000,5.5300,5.3000,5.4800,5.5700,6441100,34825286.0000,3,1.730300,1,-1.615800,0
2022-06-15,sz.002173,5.4800,5.6100,5.4600,5.5200,5.4800,5360100,29725903.0000,3,1.439900,1,0.729900,0
2022-06-16,sz.002173,5.5600,5.6700,5.5100,5.6400,5.5200,5188201,29146721.6000,3,1.393700,1,2.173900,0
2022-06-17,sz.002173,5.6800,5.6800,5.5200,5.6400,5.6400,4596980,25719046.3900,3,1.234900,1,0.000000,0
2022-06-20,sz.002173,5.6400,5.7900,5.6400,5.7800,5.6400,6385800,36702663.0000,3,1.715400,1,2.482300,0
2022-06-21,sz.002173,5.7600,5.9700,5.7500,5.8100,5.7800,7670401,44853575.9400,3,2.060500,1,0.519000,0
2022-06-22,sz.002173,5.8000,5.8500,5.7000,5.7600,5.8100,4997400,28891949.0000,3,1.342500,1,-0.860600,0
2022-06-23,sz.002173,5.7700,5.8500,5.7300,5.7900,5.7600,4020500,23240940.0000,3,1.080000,1,0.520800,0
2022-06-24,sz.002173,5.8400,5.9000,5.7800,5.8600,5.7900,5255000,30776047.0000,3,1.411700,1,1.209000,0
2022-06-27,sz.002173,5.9000,6.0000,5.8700,5.9000,5.8600,5395700,31898863.0000,3,1.449500,1,0.682600,0
2022-06-28,sz.002173,5.9000,6.3300,5.8100,6.0900,5.9000,13284801,80404522.0600,3,3.568800,1,3.220300,0
2022-06-29,sz.002173,6.1600,6.6100,6.1600,6.3300,6.0900,22762531,144765982.5900,3,6.114800,1,3.940900,0
2022-06-30,sz.002173,6.2000,6.3000,6.0700,6.1300,6.3300,13669000,84257475.0000,3,3.672000,1,-3.159600,0
2022-07-01,sz.002173,6.1100,6.1500,6.0200,6.0600,6.1300,8240400,50154980.0000,3,2.213700,1,-1.141900,0
2022-07-04,sz.002173,6.0300,6.2300,6.0200,6.2200,6.0600,10204500,62784350.9400,3,2.741300,1,2.640300,0
2022-07-05,sz.002173,6.1900,6.1900,5.9900,6.0800,6.2200,7658600,46513631.0000,3,2.057400,1,-2.250800,0
2022-07-06,sz.002173,6.0200,6.2800,5.9900,6.1400,6.0800,9152991,55976717.6500,3,2.458800,1,0.986800,0
2022-07-07,sz.002173,6.1000,6.1300,5.9500,5.9800,6.1400,7336500,43920120.0000,3,1.970800,1,-2.605900,0
2022-07-08,sz.002173,5.9400,6.1400,5.9300,6.0800,5.9800,7694600,46502184.0000,3,2.067000,1,1.672200,0
2022-07-11,sz.002173,6.0800,6.2100,6.0500,6.1700,6.0800,8349400,51402320.0000,3,2.242900,1,1.480300,0
2022-07-12,sz.002173,6.1700,6.2000,6.0200,6.0700,6.1700,5877200,35735117.0000,3,1.578800,1,-1.620700,0
2022-07-13,sz.002173,6.0200,6.1000,5.9800,6.0400,6.0700,5193239,31336254.5600,3,1.395100,1,-0.494200,0
2022-07-14,sz.002173,6.0500,6.2700,6.0500,6.1400,6.0400,7504003,46201456.3300,3,2.015800,1,1.655600,0
2022-07-15,sz.002173,6.0300,6.0600,5.6000,5.6200,6.1400,12460939,71569054.1800,3,3.347400,1,-8.469100,0
2022-07-18,sz.002173,5.6200,6.0000,5.6200,5.9000,5.6200,11921500,69964228.0000,3,3.202500,1,4.982200,0
2022-07-19,sz.002173,5.9400,6.4900,5.8000,6.4900,5.9000,14050202,87550963.9800,3,3.774400,1,10.000000,0
2022-07-20,sz.002173,7.1400,7.1400,7.1400,7.1400,6.4900,4193501,29941597.1400,3,1.126500,1,10.015400,0
2022-07-21,sz.002173,7.5900,7.8500,7.3900,7.8500,7.1400,61874803,474786035.9400,3,16.621700,1,9.944000,0
2022-07-22,sz.002173,7.5100,7.6100,7.0700,7.2900,7.8500,57619645,421394741.7100,3,15.478600,1,-7.133800,0
2022-07-25,sz.002173,7.1000,7.1700,6.7200,6.9900,7.2900,41731442,289550577.7000,3,11.210500,1,-4.115200,0
2022-07-26,sz.002173,6.8700,7.0900,6.7600,7.0400,6.9900,36973103,255557669.3100,3,9.932200,1,0.715300,0
2022-07-27,sz.002173,6.9900,7.1700,6.8400,6.9500,7.0400,28427904,198520847.2400,3,7.636700,1,-1.278400,0
2022-07-28,sz.002173,6.9200,7.3400,6.8900,6.9600,6.9500,31398506,222191915.2800,3,8.434700,1,0.143900,0
2022-07-29,sz.002173,7.0200,7.0700,6.7300,6.7700,6.9600,21996101,151274015.9200,3,5.908900,1,-2.729900,0
2022-08-01,sz.002173,6.7100,6.9700,6.6000,6.7800,6.7700,17287104,117353648.0300,3,4.643900,1,0.147700,0
2022-08-02,sz.002173,6.6500,6.7100,6.2100,6.3000,6.7800,19899700,127384188.0000,3,5.345700,1,-7.079600,0
2022-08-03,sz.002173,6.3200,6.5200,6.1800,6.2200,6.3000,11413503,72460832.0500,3,3.066100,1,-1.269800,0
2022-08-04,sz.002173,6.2800,6.4100,6.2100,6.4100,6.2200,7392892,46712087.9400,3,1.986000,1,3.054700,0
2022-08-05,sz.002173,6.5100,6.8500,6.2800,6.3800,6.4100,16495401,107094395.9200,3,4.431200,1,-0.468000,0
2022-08-08,sz.002173,6.2600,6.6500,6.2300,6.4800,6.3800,14021391,90542187.3100,3,3.766600,1,1.567400,0
2022-08-09,sz.002173,6.4100,6.4800,6.3600,6.4200,6.4800,9608900,61670951.0000,3,2.581300,1,-0.925900,0
2022-08-10,sz.002173,6.3700,6.4100,6.2900,6.3500,6.4200,6990100,44231700.0000,3,1.877800,1,-1.090300,0
2022-08-11,sz.002173,6.3700,6.4800,6.3500,6.4200,6.3500,7890402,50615249.8400,3,2.119600,1,1.102400,0
2022-08-12,sz.002173,6.4300,6.6600,6.4000,6.6200,6.4200,16178900,106168726.0200,3,4.346200,1,3.115300,0
2022-08-15,sz.002173,6.6100,6.8900,6.4300,6.7100,6.6200,18415401,122632470.6700,3,4.947000,1,1.359500,0
2022-08-16,sz.002173,6.6400,6.6900,6.5400,6.6000,6.7100,10284100,67854613.0000,3,2.762700,1,-1.639300,0
2022-08-17,sz.002173,6.6000,6.7300,6.5100,6.6300,6.6000,11876300,78319054.0000,3,3.190400,1,0.454500,0
2022-08-18,sz.002173,6.6000,6.8000,6.4600,6.7400,6.6300,17465894,116164587.6500,3,4.691900,1,1.659100,0
2022-08-19,sz.002173,6.8000,6.9500,6.6200,6.6300,6.7400,19222445,130411551.8500,3,5.163800,1,-1.632000,0
2022-08-22,sz.002173,6.6200,7.2900,6.6000,7.2900,6.6300,14029900,100450977.0000,3,3.768900,1,9.954800,0
2022-08-23,sz.002173,7.3100,7.4300,6.9400,7.0300,7.2900,35394080,250863875.2500,3,9.508100,1,-3.566500,0
2022-08-24,sz.002173,7.0200,7.1600,6.8300,6.8700,7.0300,26824503,187983041.6700,3,7.206000,1,-2.276000,0
2022-08-25,sz.002173,6.8900,6.9400,6.5500,6.6900,6.8700,15321301,102989333.6500,3,4.115800,1,-2.620100,0
2022-08-26,sz.002173,6.6200,7.3600,6.6200,7.0200,6.6900,30874889,217434357.6600,3,8.294100,1,4.932700,0
2022-08-29,sz.002173,6.8200,7.0300,6.7500,6.9700,7.0200,16358386,112239698.7300,3,4.394400,1,-0.712300,0
2022-08-30,sz.002173,6.8700,7.3500,6.8700,7.1600,6.9700,25867900,184305409.0000,3,6.949000,1,2.726000,0
2022-08-31,sz.002173,7.1000,7.8800,6.9600,7.5700,7.1600,61401357,466460207.4900,3,16.494600,1,5.726300,0
2022-09-01,sz.002173,7.4000,7.4000,6.8200,6.9300,7.5700,44732053,317531414.2100,3,12.016600,1,-8.454400,0
