date,code,open,high,low,close,preclose,volume,amount,adjustflag,turn,tradestatus,pctChg,isST
2022-01-04,sz.300657,16.5700,17.0200,16.5200,16.7800,16.5100,6206545,104101949.3000,3,1.467700,1,1.635400,0
2022-01-05,sz.300657,16.6800,16.7900,16.1300,16.3500,16.7800,7322915,120090998.5500,3,1.731700,1,-2.562600,0
2022-01-06,sz.300657,16.1500,17.0000,15.8400,16.8000,16.3500,7130960,117294304.9900,3,1.686300,1,2.752300,0
2022-01-07,sz.300657,16.7300,17.4000,16.4400,16.5700,16.8000,11251439,190520207.5600,3,2.660700,1,-1.369000,0
2022-01-10,sz.300657,16.3500,16.4600,15.9000,16.2000,16.5700,5857293,94883033.4900,3,1.385100,1,-2.233000,0
2022-01-11,sz.300657,16.2000,16.4500,15.8800,15.8800,16.2000,5637664,90522609.0000,3,1.333200,1,-1.975300,0
2022-01-12,sz.300657,16.0000,16.1500,15.9000,16.1000,15.8800,3580459,57458489.5100,3,0.846700,1,1.385400,0
2022-01-13,sz.300657,16.0100,16.1300,15.5900,15.5900,16.1000,6336215,100165839.9200,3,1.498400,1,-3.167700,0
2022-01-14,sz.300657,15.5400,16.3000,15.4800,15.9800,15.5900,7096120,113024523.0200,3,1.678100,1,2.501600,0
2022-01-17,sz.300657,16.0200,17.0000,15.9800,16.8100,15.9800,13735859,228445228.4400,3,3.248200,1,5.194000,0
2022-01-18,sz.300657,16.7700,16.9600,16.4800,16.5500,16.8100,7224753,120138899.8900,3,1.708500,1,-1.546700,0
2022-01-19,sz.300657,16.5000,16.5500,16.0300,16.0700,16.5500,5969788,96992312.5200,3,1.411700,1,-2.900300,0
2022-01-20,sz.300657,16.1400,16.1900,15.5700,15.6900,16.0700,6504502,102765429.1200,3,1.538200,1,-2.364700,0
2022-01-21,sz.300657,15.6100,15.7400,14.7000,14.7700,15.6900,8725716,130693159.8800,3,2.063500,1,-5.863600,0
2022-01-24,sz.300657,14.6700,14.9800,14.5900,14.7300,14.7700,6049354,89214074.9600,3,1.430500,1,-0.270800,0
2022-01-25,sz.300657,14.6900,14.8400,14.0300,14.0900,14.7300,7621288,109049752.5100,3,1.802300,1,-4.344900,0
2022-01-26,sz.300657,14.1600,14.3800,13.8900,14.3300,14.0900,4627877,65398361.5700,3,1.094400,1,1.703300,0
2022-01-27,sz.300657,14.3900,14.6000,13.6600,13.7900,14.3300,6313687,88590345.7700,3,1.493100,1,-3.768300,0
2022-01-28,sz.300657,13.9900,14.2000,13.4100,13.5800,13.7900,4606027,63150604.6000,3,1.089200,1,-1.522800,0
2022-02-07,sz.300657,13.7300,14.1300,13.7000,14.0100,13.5800,3806481,53072708.8500,3,0.900200,1,3.166400,0
2022-02-08,sz.300657,13.9700,14.1600,13.7900,13.9900,14.0100,4755196,66385680.6800,3,1.124500,1,-0.142800,0
2022-02-09,sz.300657,13.9900,14.1500,13.7500,14.1200,13.9900,4331470,60859164.6200,3,1.024300,1,0.929200,0
2022-02-10,sz.300657,14.1200,14.2200,13.7100,13.7500,14.1200,5519636,76479834.3000,3,1.305300,1,-2.620400,0
2022-02-11,sz.300657,13.6800,13.7400,13.1000,13.2200,13.7500,6220156,82841001.1900,3,1.470900,1,-3.854500,0
2022-02-14,sz.300657,13.2000,13.2900,12.9300,13.0800,13.2200,4593834,60006100.1200,3,1.086300,1,-1.059000,0
2022-02-15,sz.300657,13.1100,13.2500,12.8800,13.0600,13.0800,3991563,52258105.7300,3,0.943900,1,-0.152900,0
2022-02-16,sz.300657,13.1000,13.6600,13.1000,13.5400,13.0600,5356661,72142138.7900,3,1.266700,1,3.675300,0
2022-02-17,sz.300657,13.5400,13.6200,13.3500,13.5500,13.5400,4205761,56672396.2300,3,0.994600,1,0.073900,0
2022-02-18,sz.300657,13.4700,13.5800,13.3000,13.4400,13.5500,3351958,44958252.9100,3,0.792700,1,-0.811800,0
2022-02-21,sz.300657,13.4500,13.6500,13.3900,13.5000,13.4400,3211523,43387684.6700,3,0.759500,1,0.446400,0
2022-02-22,sz.300657,13.4100,13.4200,13.1900,13.4000,13.5000,4231472,56283893.8400,3,1.000700,1,-0.740700,0
2022-02-23,sz.300657,13.3900,13.7900,13.3000,13.7100,13.4000,5966721,81465672.6700,3,1.411000,1,2.313400,0
2022-02-24,sz.300657,13.7000,13.7600,12.9900,13.1700,13.7100,7317375,97797980.7200,3,1.730400,1,-3.938700,0
2022-02-25,sz.300657,13.2800,13.6300,13.1600,13.2600,13.1700,6582549,88063192.0600,3,1.556600,1,0.683400,0
2022-02-28,sz.300657,13.2600,13.3800,13.0000,13.2300,13.2600,3813374,50373612.0000,3,0.901800,1,-0.226200,0
2022-03-01,sz.300657,13.4500,13.5200,13.2300,13.3900,13.2300,3503447,46800046.0000,3,0.828500,1,1.209400,0
2022-03-02,sz.300657,13.3900,13.3900,13.0600,13.3100,13.3900,2725236,36043711.0000,3,0.644500,1,-0.597500,0
2022-03-03,sz.300657,13.4400,13.4500,13.1000,13.1400,13.3100,4062333,53617924.0000,3,0.960700,1,-1.277200,0
2022-03-04,sz.300657,13.0300,13.1600,12.6000,12.6800,13.1400,6457652,83136133.0000,3,1.527100,1,-3.500800,0
2022-03-07,sz.300657,12.5700,12.6800,12.0800,12.2000,12.6800,6782756,83437277.0000,3,1.604000,1,-3.785500,0
2022-03-08,sz.300657,12.1300,12.3500,11.6000,11.7900,12.2000,7530589,89539961.0000,3,1.780800,1,-3.360700,0
2022-03-09,sz.300657,11.8300,12.0100,11.0500,11.6300,11.7900,7226140,83464038.0000,3,1.708800,1,-1.357100,0
2022-03-10,sz.300657,11.8600,12.1000,11.7800,11.8800,11.6300,5495410,65541939.0000,3,1.299600,1,2.149600,0
2022-03-11,sz.300657,11.8700,12.0900,11.5100,12.0300,11.8800,4255995,50062832.0000,3,1.006500,1,1.262600,0
2022-03-14,sz.300657,11.8800,12.0200,11.4400,11.4600,12.0300,4579414,53238926.0000,3,1.082900,1,-4.738200,0
2022-03-15,sz.300657,11.3900,11.4900,10.6600,10.6600,11.4600,4979921,55228127.0000,3,1.177600,1,-6.980800,0
2022-03-16,sz.300657,10.9400,11.1200,10.4000,11.0700,10.6600,7191700,77806301.0000,3,1.700700,1,3.846200,0
2022-03-17,sz.300657,11.2200,11.7800,11.1600,11.4500,11.0700,6434514,73771002.0000,3,1.521600,1,3.432700,0
2022-03-18,sz.300657,11.4600,11.5000,11.2500,11.4100,11.4500,3266045,37187146.0600,3,0.772400,1,-0.349300,0
2022-03-21,sz.300657,11.5100,11.6000,11.2500,11.4900,11.4100,3829700,43916102.2500,3,0.905600,1,0.701100,0
2022-03-22,sz.300657,11.4900,11.6100,11.2600,11.4300,11.4900,3987998,45576276.8900,3,0.943100,1,-0.522200,0
2022-03-23,sz.300657,11.4300,11.7300,11.2500,11.4000,11.4300,3886833,44357567.6100,3,0.919200,1,-0.262500,0
2022-03-24,sz.300657,11.2600,11.3800,11.0200,11.1400,11.4000,4016193,44930871.0400,3,0.949700,1,-2.280700,0
2022-03-25,sz.300657,11.2400,11.3100,11.0500,11.0900,11.1400,2773524,30989830.0400,3,0.655900,1,-0.448800,0
2022-03-28,sz.300657,11.0200,11.1900,10.7400,11.0100,11.0900,3289865,36115972.5700,3,0.778000,1,-0.721400,0
2022-03-29,sz.300657,11.1200,11.1200,10.5700,10.6100,11.0100,4289581,46041189.5100,3,1.014400,1,-3.633100,0
2022-03-30,sz.300657,10.6900,11.0100,10.6300,11.0100,10.6100,3418403,37166672.3500,3,0.808400,1,3.770000,0
2022-03-31,sz.300657,11.0000,11.0500,10.7800,10.8400,11.0100,2560003,27918470.4900,3,0.605400,1,-1.544100,0
2022-04-01,sz.300657,10.8000,10.8200,10.6000,10.7400,10.8400,2799873,30039571.6700,3,0.662100,1,-0.922500,0
2022-04-06,sz.300657,10.6800,10.8000,10.5000,10.5800,10.7400,4101840,43545160.4000,3,0.970000,1,-1.489800,0
2022-04-07,sz.300657,10.5400,10.5800,10.1300,10.1500,10.5800,4124130,42516984.9100,3,0.975300,1,-4.064300,0
2022-04-08,sz.300657,10.2700,10.3900,9.8200,9.9100,10.1500,4325172,42994487.4800,3,1.022800,1,-2.364500,0
2022-04-11,sz.300657,9.9400,9.9600,9.3400,9.4200,9.9100,4961625,47456862.5100,3,1.173300,1,-4.944500,0
2022-04-12,sz.300657,9.3100,9.6100,9.2800,9.6000,9.4200,4516665,42696619.1500,3,1.068100,1,1.910800,0
2022-04-13,sz.300657,9.6000,9.6000,9.2500,9.2600,9.6000,4528020,42386992.6000,3,1.070800,1,-3.541700,0
2022-04-14,sz.300657,9.2700,9.4900,9.2700,9.4200,9.2600,3294332,30996707.3300,3,0.779000,1,1.727900,0
2022-04-15,sz.300657,9.4100,9.4400,9.2000,9.3800,9.4200,2616620,24398859.0000,3,0.618800,1,-0.424600,0
2022-04-18,sz.300657,9.9800,9.9800,9.4000,9.4500,9.3800,8219524,78913387.5200,3,1.943700,1,0.746300,0
2022-04-19,sz.300657,9.1000,9.5500,9.0200,9.2600,9.4500,6316964,58723473.4000,3,1.493800,1,-2.010600,0
2022-04-20,sz.300657,9.2500,9.6000,9.2200,9.3000,9.2600,5501721,51909796.9500,3,1.301000,1,0.432000,0
2022-04-21,sz.300657,9.3000,9.3800,8.8900,8.9200,9.3000,4863382,44356674.7000,3,1.150100,1,-4.086000,0
2022-04-22,sz.300657,8.9500,9.0400,8.7000,8.7600,8.9200,4379097,38659116.7100,3,1.035600,1,-1.793700,0
2022-04-25,sz.300657,8.6500,8.6500,7.7500,7.7700,8.7600,6900810,56116734.5900,3,1.631900,1,-11.301400,0
2022-04-26,sz.300657,7.7200,7.9700,7.3100,7.3800,7.7700,6304737,47985710.1800,3,1.490900,1,-5.019300,0
2022-04-27,sz.300657,7.3000,7.6700,7.0800,7.6600,7.3800,8188748,60334857.0800,3,1.936500,1,3.794000,0
2022-04-28,sz.300657,7.5300,7.6800,7.3100,7.4300,7.6600,4622882,34391308.6600,3,1.093200,1,-3.002600,0
2022-04-29,sz.300657,7.8300,8.3200,7.6000,8.2200,7.4300,9809884,78252923.9700,3,2.319800,1,10.632600,0
2022-05-05,sz.300657,8.1800,8.4800,8.1500,8.2900,8.2200,5352397,44524196.6100,3,1.265700,1,0.851600,0
2022-05-06,sz.300657,8.1500,8.3700,8.0000,8.3100,8.2900,4018203,33073030.2700,3,0.950200,1,0.241300,0
2022-05-09,sz.300657,8.2800,8.5100,8.2300,8.3200,8.3100,3581179,30044117.2800,3,0.846900,1,0.120300,0
2022-05-10,sz.300657,8.3000,8.5300,8.2500,8.4300,8.3200,3668396,30909591.9600,3,0.867500,1,1.322100,0
2022-05-11,sz.300657,8.4800,9.1000,8.4600,8.6500,8.4300,7193886,63572156.7200,3,1.701200,1,2.609700,0
2022-05-12,sz.300657,8.7200,8.8200,8.5000,8.6500,8.6500,4516493,39056642.6800,3,1.068100,1,0.000000,0
2022-05-13,sz.300657,8.7100,8.7300,8.5500,8.7100,8.6500,3292245,28457198.6000,3,0.778500,1,0.693600,0
2022-05-16,sz.300657,8.8200,8.9300,8.5400,8.6000,8.7100,4221104,36803054.4400,3,0.998200,1,-1.262900,0
2022-05-17,sz.300657,8.5900,8.7200,8.5000,8.7100,8.6000,3389046,29226718.0200,3,0.801400,1,1.279100,0
2022-05-18,sz.300657,8.7100,8.9500,8.6100,8.8400,8.7100,4610485,40869958.9600,3,1.090300,1,1.492500,0
2022-05-19,sz.300657,8.6800,8.9300,8.6400,8.9300,8.8400,3473398,30664609.3200,3,0.821400,1,1.018100,0
2022-05-20,sz.300657,8.9700,9.1000,8.8600,9.0500,8.9300,3987300,35843039.4200,3,0.942900,1,1.343800,0
2022-05-23,sz.300657,9.1500,9.3000,9.0600,9.2500,9.0500,3703626,34047614.3600,3,0.875800,1,2.209900,0
2022-05-24,sz.300657,9.2600,9.4500,8.7600,8.7900,9.2500,5537308,50415260.9200,3,1.309500,1,-4.973000,0
2022-05-25,sz.300657,8.8200,9.0200,8.7200,8.9700,8.7900,4253744,37724267.4000,3,1.005900,1,2.047800,0
2022-05-26,sz.300657,9.0000,9.1200,8.8100,9.0600,8.9700,4213432,37870024.5200,3,0.996400,1,1.003300,0
2022-05-27,sz.300657,9.1500,9.2300,8.8800,8.9000,9.0600,3806008,34408719.7400,3,0.900000,1,-1.766000,0
2022-05-30,sz.300657,9.0200,9.0200,8.7700,8.8900,8.9000,3183295,28188873.8900,3,0.752800,1,-0.112400,0
2022-05-31,sz.300657,8.9200,9.5000,8.7200,9.4500,8.8900,8896608,82086701.9200,3,2.103900,1,6.299200,0
2022-06-01,sz.300657,9.4400,9.5200,9.2500,9.3100,9.4500,5117585,47953379.1800,3,1.210200,1,-1.481500,0
2022-06-02,sz.300657,9.2500,9.5000,9.2500,9.4600,9.3100,4902140,46184407.4000,3,1.159300,1,1.611200,0
2022-06-06,sz.300657,9.5300,9.9400,9.5200,9.8700,9.4600,7452122,73182340.9000,3,1.762300,1,4.334000,0
2022-06-07,sz.300657,9.9000,9.9100,9.5900,9.6500,9.8700,4297638,41661804.6800,3,1.016300,1,-2.229000,0
2022-06-08,sz.300657,9.7400,9.7700,9.2900,9.5500,9.6500,5549717,52775130.6400,3,1.312400,1,-1.036300,0
2022-06-09,sz.300657,9.5400,9.5400,9.0600,9.1100,9.5500,5160942,47660882.4200,3,1.220500,1,-4.607300,0
2022-06-10,sz.300657,9.0200,9.4300,9.0200,9.3500,9.1100,4247950,39484592.6600,3,1.004600,1,2.634500,0
2022-06-13,sz.300657,9.3100,9.5500,9.2800,9.4500,9.3500,6294339,59414290.1100,3,1.488500,1,1.069500,0
2022-06-14,sz.300657,9.3500,9.3800,9.0600,9.3500,9.4500,5222901,48193727.2600,3,1.235100,1,-1.058200,0
2022-06-15,sz.300657,9.3900,9.5600,9.2300,9.2400,9.3500,4626832,43452375.8800,3,1.094200,1,-1.176500,0
2022-06-16,sz.300657,9.3400,9.6400,9.1700,9.4600,9.2400,6685812,63314115.9200,3,1.581100,1,2.381000,0
2022-06-17,sz.300657,9.4600,9.7700,9.3000,9.7000,9.4600,8045801,77021780.7900,3,1.902700,1,2.537000,0
2022-06-20,sz.300657,9.8600,10.3000,9.7000,9.7900,9.7000,8034500,79155471.0000,3,1.900000,1,0.927800,0
2022-06-21,sz.300657,9.8400,11.2600,9.7400,10.9100,9.7900,24317554,258555956.5000,3,5.750600,1,11.440200,0
2022-06-22,sz.300657,10.8200,10.8800,10.0500,10.1000,10.9100,23175428,240175354.3500,3,5.480500,1,-7.424400,0
2022-06-23,sz.300657,10.0300,10.6300,9.9300,10.3400,10.1000,17947663,185612374.3000,3,4.244300,1,2.376200,0
2022-06-24,sz.300657,10.6700,12.0000,10.6200,11.3600,10.3400,32013990,360852289.0200,3,7.570600,1,9.864600,0
2022-06-27,sz.300657,11.3500,11.6900,11.1100,11.4300,11.3600,22315702,253759464.1400,3,5.277200,1,0.616200,0
2022-06-28,sz.300657,11.4100,11.9800,11.2000,11.8100,11.4300,18617185,216859184.3900,3,4.402600,1,3.324600,0
2022-06-29,sz.300657,11.8100,12.0100,11.3600,11.3700,11.8100,14917377,173475882.5800,3,3.527700,1,-3.725700,0
2022-06-30,sz.300657,11.5200,11.7500,11.3500,11.6200,11.3700,10437775,120575354.9600,3,2.468300,1,2.198800,0
2022-07-01,sz.300657,11.6100,11.6900,11.3600,11.3800,11.6200,6991765,80245318.2600,3,1.653400,1,-2.065400,0
2022-07-04,sz.300657,11.2900,11.4000,11.0100,11.3000,11.3800,8585416,96602710.4300,3,2.030300,1,-0.703000,0
2022-07-05,sz.300657,11.2800,11.4600,11.0100,11.2800,11.3000,9151795,102572523.4700,3,2.164200,1,-0.177000,0
2022-07-06,sz.300657,11.2200,11.8500,11.1400,11.6400,11.2800,11907571,137862808.4800,3,2.815900,1,3.191500,0
2022-07-07,sz.300657,11.6600,13.3300,11.5600,13.1200,11.6400,26595779,338382173.8500,3,6.289400,1,12.714800,0
2022-07-08,sz.300657,13.0900,13.5000,13.0200,13.2000,13.1200,16585224,219369971.2700,3,3.922100,1,0.609800,0
2022-07-11,sz.300657,13.2600,13.6400,13.0000,13.2000,13.2000,13144979,175140042.0800,3,3.108500,1,0.000000,0
2022-07-12,sz.300657,13.3300,13.3300,12.4200,12.4800,13.2000,13389642,169921117.6900,3,3.166400,1,-5.454500,0
2022-07-13,sz.300657,12.5300,12.6800,12.3000,12.5100,12.4800,8507240,105856665.1800,3,2.011800,1,0.240400,0
2022-07-14,sz.300657,12.3800,13.0200,12.2100,12.8700,12.5100,10341810,131761662.5200,3,2.445600,1,2.877700,0
2022-07-15,sz.300657,12.8700,13.1100,12.6000,12.7500,12.8700,7502494,96586347.7700,3,1.774200,1,-0.932400,0
2022-07-18,sz.300657,13.1300,14.7600,13.0700,14.6500,12.7500,28797177,410498434.8500,3,6.809900,1,14.902000,0
2022-07-19,sz.300657,14.8800,14.9900,14.3800,14.6700,14.6500,16091270,236203093.5100,3,3.805300,1,0.136500,0
2022-07-20,sz.300657,14.6400,15.2000,14.5500,14.8600,14.6700,12008690,178744065.2900,3,2.839800,1,1.295200,0
2022-07-21,sz.300657,14.8800,15.3600,14.7000,15.0200,14.8600,10546234,158518640.2500,3,2.494000,1,1.076700,0
2022-07-22,sz.300657,15.0400,15.6000,14.8500,15.5000,15.0200,15267547,232108036.4400,3,3.610500,1,3.195700,0
2022-07-25,sz.300657,15.4000,15.9300,14.8500,14.9000,15.5000,17041142,261728517.2600,3,4.029900,1,-3.871000,0
2022-07-26,sz.300657,14.9900,15.1300,14.3000,15.0900,14.9000,11502621,170200554.4500,3,2.720100,1,1.275200,0
2022-07-27,sz.300657,15.1400,15.4000,14.8800,15.1800,15.0900,8415086,127335337.4900,3,1.990000,1,0.596400,0
2022-07-28,sz.300657,15.2300,15.5500,15.1800,15.4900,15.1800,9371262,144297578.3400,3,2.216100,1,2.042200,0
2022-07-29,sz.300657,15.4500,16.6900,15.3100,16.4900,15.4900,19223356,310580778.2300,3,4.545900,1,6.455800,0
2022-08-01,sz.300657,16.6700,17.5000,16.3400,16.9500,16.4900,17719206,302422323.5900,3,4.190200,1,2.789600,0
2022-08-02,sz.300657,16.6900,16.9500,15.7800,16.1100,16.9500,19589939,319192211.9300,3,4.632600,1,-4.955800,0
2022-08-03,sz.300657,16.3200,16.7200,15.4100,15.5000,16.1100,17262169,275920761.2500,3,4.082100,1,-3.786500,0
2022-08-04,sz.300657,15.8000,16.2000,15.0900,15.6700,15.5000,14899511,233490024.6900,3,3.523400,1,1.096800,0
2022-08-05,sz.300657,15.8100,16.8900,15.4200,16.7700,15.6700,17164556,280153013.0100,3,4.059100,1,7.019800,0
2022-08-08,sz.300657,16.9900,17.5600,15.9000,15.9500,16.7700,20895184,345882811.5000,3,4.941300,1,-4.889700,0
2022-08-09,sz.300657,15.9100,16.2800,15.4700,16.1700,15.9500,13758841,219821401.9000,3,3.253700,1,1.379300,0
2022-08-10,sz.300657,16.2900,16.8300,15.8200,16.0200,16.1700,10843578,176991595.1100,3,2.564300,1,-0.927600,0
2022-08-11,sz.300657,16.2400,16.3000,15.9500,16.2900,16.0200,8562578,138055361.2500,3,2.024900,1,1.685400,0
2022-08-12,sz.300657,16.8000,17.4800,16.4800,16.8000,16.2900,18105883,306028069.1500,3,4.281700,1,3.130800,0
2022-08-15,sz.300657,16.2900,16.3800,15.7900,15.8000,16.8000,15786303,252358321.7900,3,3.733100,1,-5.952400,0
2022-08-16,sz.300657,15.5800,15.9800,15.3000,15.8000,15.8000,12926425,202272569.2600,3,3.056800,1,0.000000,0
2022-08-17,sz.300657,15.7900,16.1100,15.5200,15.8000,15.8000,8460383,133590052.2300,3,2.000700,1,0.000000,0
2022-08-18,sz.300657,15.7000,15.9300,15.6100,15.7800,15.8000,5434054,85867445.6000,3,1.285000,1,-0.126600,0
2022-08-19,sz.300657,15.7800,15.9800,15.0700,15.1400,15.7800,10784563,165496637.1800,3,2.550300,1,-4.055800,0
2022-08-22,sz.300657,14.9500,15.6900,14.8000,15.1900,15.1400,11741205,178529502.7400,3,2.776600,1,0.330300,0
2022-08-23,sz.300657,15.2500,15.5600,15.0400,15.1600,15.1900,6811510,103613882.7100,3,1.610800,1,-0.197500,0
2022-08-24,sz.300657,15.1800,15.3000,14.2300,14.2700,15.1600,10174248,147762863.4300,3,2.406000,1,-5.870700,0
2022-08-25,sz.300657,14.4800,14.5000,13.7200,14.2500,14.2700,10831018,151629432.4600,3,2.561300,1,-0.140200,0
2022-08-26,sz.300657,14.4300,14.4300,13.9300,14.0500,14.2500,5760442,81755439.6000,3,1.362200,1,-1.403500,0
2022-08-29,sz.300657,13.9200,14.5900,13.7500,14.3600,14.0500,5444407,77757193.8600,3,1.287500,1,2.206400,0
2022-08-30,sz.300657,14.4600,14.7800,14.1100,14.1900,14.3600,6388438,91920968.4800,3,1.502700,1,-1.183800,0
2022-08-31,sz.300657,14.1400,14.2900,13.1100,13.2600,14.1900,10079696,136641861.1600,3,2.371000,1,-6.553900,0
2022-09-01,sz.300657,13.2800,13.3600,12.8900,12.9700,13.2600,8532751,111621478.2400,3,2.007100,1,-2.187000,0
