date,code,open,high,low,close,preclose,volume,amount,adjustflag,turn,tradestatus,pctChg,isST
2022-01-04,sz.399687,3594.2276,3598.4582,3526.4914,3565.5525,3566.4117,4850683330,86760719993.4900,3,2.297210,1,-0.024091,0
2022-01-05,sz.399687,3551.0900,3561.8167,3445.0945,3471.7211,3565.5525,5426336109,94503312786.4200,3,2.569465,1,-2.631609,0
2022-01-06,sz.399687,3441.7572,3453.1719,3400.9105,3426.8734,3471.7211,4657050032,73602443309.6000,3,2.205195,1,-1.291800,0
2022-01-07,sz.399687,3435.4786,3458.0957,3382.4404,3387.8266,3426.8734,4672513364,72049951948.4400,3,2.212515,1,-1.139429,0
2022-01-10,sz.399687,3371.3017,3432.9506,3334.5083,3410.1636,3387.8266,4343533146,73177529726.8200,3,0.000000,1,0.659331,0
2022-01-11,sz.399687,3411.6508,3412.4439,3337.5034,3342.6878,3410.1636,3976427159,68740738238.6800,3,1.882873,1,-1.978668,0
2022-01-12,sz.399687,3362.5810,3390.9900,3353.2549,3386.4107,3342.6878,3400168945,66667654737.0700,3,1.609994,1,1.308016,0
2022-01-13,sz.399687,3395.0999,3395.0999,3322.4705,3323.2668,3386.4107,3569840445,60935657660.6000,3,1.690210,1,-1.864626,0
2022-01-14,sz.399687,3309.4254,3366.1158,3303.1388,3346.7240,3323.2668,3598190474,64279762291.0400,3,1.719036,1,0.705848,0
2022-01-17,sz.399687,3352.9654,3436.1913,3352.9654,3426.8724,3346.7240,4939924986,84534796141.2100,3,2.338786,1,2.394831,0
2022-01-18,sz.399687,3430.4041,3498.3260,3419.8452,3446.3949,3426.8724,5381694634,90980509539.2900,3,2.547939,1,0.569689,0
2022-01-19,sz.399687,3435.6554,3454.8211,3379.0824,3401.9847,3446.3949,4571953396,77856341351.9800,3,2.164556,1,-1.288599,0
2022-01-20,sz.399687,3399.5831,3415.4621,3367.3613,3373.5225,3401.9847,4013034930,69552364743.0700,3,1.899933,1,-0.836635,0
2022-01-21,sz.399687,3364.0931,3381.2235,3321.5497,3329.3175,3373.5225,3785508659,63882904901.2200,3,1.792212,1,-1.310351,0
2022-01-24,sz.399687,3309.1206,3382.5581,3303.9124,3362.4049,3329.3175,3162781757,61945219869.7500,3,1.497301,1,0.993819,0
2022-01-25,sz.399687,3346.5650,3373.0733,3259.4349,3259.4349,3362.4049,4181751609,65767121881.0500,3,1.979695,1,-3.062391,0
2022-01-26,sz.399687,3266.7225,3295.2711,3223.5972,3274.6135,3259.4349,2943583194,55974527967.7700,3,1.393320,1,0.465682,0
2022-01-27,sz.399687,3271.9000,3273.0827,3159.8383,3160.6793,3274.6135,3606827417,60041020570.0200,3,1.707260,1,-3.479317,0
2022-01-28,sz.399687,3185.1369,3201.8860,3129.5948,3144.3947,3160.6793,2926249935,53781196627.3100,3,1.385115,1,-0.515225,0
2022-02-07,sz.399687,3195.7992,3212.3680,3125.4518,3137.5035,3144.3947,2995621352,57145729408.0700,3,1.417948,1,-0.219158,0
2022-02-08,sz.399687,3130.2824,3130.2824,3027.7465,3086.1913,3137.5035,3126452301,60641088411.2100,3,1.491325,1,-1.635447,0
2022-02-09,sz.399687,3085.7003,3143.5557,3073.2336,3140.7036,3086.1913,3395538878,60039850977.6000,3,1.619680,1,1.766329,0
2022-02-10,sz.399687,3143.8862,3151.8543,3100.6518,3118.8002,3140.7036,3198917775,54028163792.4400,3,1.525889,1,-0.697404,0
2022-02-11,sz.399687,3100.8959,3116.7610,3047.9245,3053.1623,3118.8002,3485311568,58881917551.4300,3,1.654608,1,-2.104588,0
2022-02-14,sz.399687,3034.2169,3082.0108,3012.2687,3041.1418,3053.1623,2760792001,53654898246.4500,3,1.307671,1,-0.393707,0
2022-02-15,sz.399687,3046.0469,3119.2288,3045.4672,3118.5510,3041.1418,2394104582,50683011102.5200,3,1.133987,1,2.545399,0
2022-02-16,sz.399687,3139.1566,3144.1882,3098.5472,3106.9021,3118.5510,2320023689,45312339200.6000,3,1.098893,1,-0.373536,0
2022-02-17,sz.399687,3100.8667,3141.6566,3088.1769,3114.2777,3106.9021,2595563540,50715407248.2600,3,1.229393,1,0.237394,0
2022-02-18,sz.399687,3096.2389,3117.6900,3092.1812,3117.4094,3114.2777,2629201024,47178742759.4000,3,1.245316,1,0.100559,0
2022-02-21,sz.399687,3118.2230,3146.1869,3116.9347,3145.5497,3117.4094,3900799197,63142015831.5600,3,1.822171,1,0.902682,0
2022-02-22,sz.399687,3115.7184,3115.7184,3071.9093,3104.6909,3145.5497,3859540449,67566544745.7400,3,1.802911,1,-1.298940,0
2022-02-23,sz.399687,3112.2184,3213.2138,3112.2184,3211.4191,3104.6909,3527739878,75120449406.2700,3,1.647922,1,3.437643,0
2022-02-24,sz.399687,3193.5549,3208.0039,3089.7539,3133.8585,3211.4191,5014642438,84082001850.3400,3,2.342412,1,-2.415150,0
2022-02-25,sz.399687,3171.5614,3203.8310,3159.8746,3164.4109,3133.8585,2916748933,60035158409.7000,3,1.362455,1,0.974913,0
2022-02-28,sz.399687,3162.2541,3181.8812,3133.9739,3170.2153,3164.4109,2802139229,54429638647.8100,3,1.308920,1,0.183428,0
2022-03-01,sz.399687,3173.5101,3181.1770,3143.9207,3161.9852,3170.2153,2544903424,52765219842.2900,3,1.188640,1,-0.259607,0
2022-03-02,sz.399687,3141.3855,3141.3855,3105.5002,3119.8433,3161.9852,2347234818,48984982394.4600,3,1.096300,1,-1.332767,0
2022-03-03,sz.399687,3132.7675,3133.6562,3047.3889,3049.9541,3119.8433,2478075296,51614474872.4100,3,1.157410,1,-2.240151,0
2022-03-04,sz.399687,3020.5274,3053.6767,3003.4246,3015.3484,3049.9541,2759955446,55043419966.8700,3,1.289044,1,-1.134630,0
2022-03-07,sz.399687,2993.9077,2993.9077,2881.4728,2895.3225,3015.3484,3342991278,61340846261.3900,3,1.561340,1,-3.980499,0
2022-03-08,sz.399687,2901.7480,2920.7395,2816.9618,2847.5373,2895.3225,3453238426,63662440970.2500,3,1.612126,1,-1.650428,0
2022-03-09,sz.399687,2861.2899,2882.1044,2706.2063,2831.7156,2847.5373,3888169261,69589921404.0300,3,1.815138,1,-0.555627,0
2022-03-10,sz.399687,2902.8581,2909.5183,2869.2371,2872.1539,2831.7156,3322176873,64234028540.0400,3,1.550913,1,1.428049,0
2022-03-11,sz.399687,2820.3002,2876.5636,2779.7909,2876.5396,2872.1539,3154573880,60700080423.3200,3,1.472118,1,0.152697,0
2022-03-14,sz.399687,2842.2270,2868.3994,2791.4497,2791.4497,2876.5396,2523152654,46709395141.9900,3,1.177454,1,-2.958065,0
2022-03-15,sz.399687,2769.5585,2818.7284,2687.5105,2687.5105,2791.4497,3483027928,62187756329.1300,3,1.624926,1,-3.723485,0
2022-03-16,sz.399687,2742.0644,2791.0958,2625.7200,2788.4986,2687.5105,3821953342,74844579208.0600,3,1.783044,1,3.757682,0
2022-03-17,sz.399687,2840.1446,2890.0362,2829.5198,2848.5202,2788.4986,3706065533,79210089012.2200,3,1.729231,1,2.152470,0
2022-03-18,sz.399687,2832.8100,2844.8481,2795.0831,2840.1060,2848.5202,2539460076,54427281576.3200,3,1.184867,1,-0.295388,0
2022-03-21,sz.399687,2859.5973,2881.6663,2828.8343,2857.0462,2840.1060,2849897404,55176843774.2200,3,1.329482,1,0.596464,0
2022-03-22,sz.399687,2852.1248,2864.1835,2828.4488,2837.3853,2857.0462,2259846210,43088475680.6100,3,1.054222,1,-0.688155,0
2022-03-23,sz.399687,2847.6545,2863.6109,2820.8720,2853.1251,2837.3853,2242584807,42722336156.6300,3,1.046171,1,0.554729,0
2022-03-24,sz.399687,2834.8071,2834.8071,2785.5568,2800.2208,2853.1251,2115433152,39766847779.0700,3,0.986854,1,-1.854258,0
2022-03-25,sz.399687,2810.5318,2819.6022,2754.7947,2754.7947,2800.2208,2010107301,38055125077.0700,3,0.937703,1,-1.622233,0
2022-03-28,sz.399687,2728.6037,2751.0682,2709.6434,2727.8800,2754.7947,2181322752,37201754172.0900,3,1.017548,1,-0.977013,0
2022-03-29,sz.399687,2737.1025,2747.5346,2681.6895,2690.1000,2727.8800,2446651968,44051987448.0800,3,1.140024,1,-1.384958,0
2022-03-30,sz.399687,2712.2348,2765.2747,2711.5487,2765.2747,2690.1000,2567986842,49173401335.2400,3,1.196782,1,2.794495,0
2022-03-31,sz.399687,2754.0930,2754.0930,2716.0671,2720.4436,2765.2747,2280318835,41280002160.5800,3,1.062719,1,-1.621217,0
2022-04-01,sz.399687,2705.2157,2749.0162,2696.6133,2731.9582,2720.4436,2645311607,41530319551.4800,3,1.232820,1,0.423262,0
2022-04-06,sz.399687,2726.5203,2726.5203,2672.9488,2688.3019,2731.9582,2594008168,43710978072.3000,3,1.208738,1,-1.597986,0
2022-04-07,sz.399687,2677.9301,2694.3563,2633.4120,2633.4120,2688.3019,2662295307,41404713537.9800,3,1.240558,1,-2.041806,0
2022-04-08,sz.399687,2642.8892,2645.5599,2581.7567,2616.2482,2633.4120,2542007951,41473455883.8400,3,1.184507,1,-0.651770,0
2022-04-11,sz.399687,2601.3123,2601.3123,2480.0018,2490.0683,2616.2482,2675568813,45988847945.9600,3,1.246741,1,-4.822933,0
2022-04-12,sz.399687,2500.0880,2540.4273,2462.9803,2540.4273,2490.0683,2613122258,44820340600.3900,3,1.217351,1,2.022394,0
2022-04-13,sz.399687,2519.8115,2521.8379,2484.1730,2484.1730,2540.4273,1983787720,34405133426.1100,3,0.924168,1,-2.214364,0
2022-04-14,sz.399687,2507.2302,2532.3900,2484.9174,2518.3870,2484.1730,1825873653,36259323737.8200,3,0.850602,1,1.377279,0
2022-04-15,sz.399687,2496.2169,2524.9913,2474.0376,2505.6278,2518.3870,2025965740,37132666115.0000,3,0.943728,1,-0.506642,0
2022-04-18,sz.399687,2495.5027,2561.9639,2486.1259,2560.1502,2505.6278,1852956356,37890616957.2100,3,0.863138,1,2.175998,0
2022-04-19,sz.399687,2559.2735,2575.3041,2523.0488,2532.5739,2560.1502,1838452228,33117864859.7200,3,0.856387,1,-1.077136,0
2022-04-20,sz.399687,2544.5222,2551.6458,2503.5708,2507.8799,2532.5739,2098939618,34185673556.7800,3,0.977661,1,-0.975055,0
2022-04-21,sz.399687,2490.6584,2530.5506,2434.4754,2443.8670,2507.8799,2722373146,42345564905.7300,3,1.268049,1,-2.552471,0
2022-04-22,sz.399687,2429.5296,2434.2481,2386.9016,2405.4334,2443.8670,2327632137,38989214533.3800,3,1.084160,1,-1.572655,0
2022-04-25,sz.399687,2358.2517,2358.2517,2227.6808,2228.5161,2405.4334,3399335432,47216950173.8100,3,1.583308,1,-7.354903,0
2022-04-26,sz.399687,2235.2569,2259.1100,2158.8662,2162.6080,2228.5161,3252773196,45893115493.3100,3,1.516294,1,-2.957488,0
2022-04-27,sz.399687,2139.3401,2297.6286,2137.9486,2295.7491,2162.6080,3502282064,53122638038.6700,3,1.631918,1,6.156506,0
2022-04-28,sz.399687,2290.0692,2325.0173,2259.7183,2295.2365,2295.7491,2983066897,49245449559.8400,3,1.388482,1,-0.022328,0
2022-04-29,sz.399687,2320.7197,2424.1099,2306.1483,2412.5008,2295.2365,3568471401,57748427089.6000,3,1.660950,1,5.109029,0
2022-05-05,sz.399687,2390.7689,2434.0077,2378.1026,2404.4004,2412.5008,3015720129,52703125389.6500,3,1.402140,1,-0.335768,0
2022-05-06,sz.399687,2334.2326,2380.5791,2328.3286,2349.0244,2404.4004,2866934515,45031366533.3800,3,1.332956,1,-2.303111,0
2022-05-09,sz.399687,2334.6678,2363.8984,2323.8477,2337.1657,2349.0244,2406650189,36395678981.0000,3,1.116257,1,-0.504835,0
2022-05-10,sz.399687,2301.9895,2400.5924,2291.6384,2392.0150,2337.1657,2950820555,50400479956.7100,3,1.367843,1,2.346830,0
2022-05-11,sz.399687,2393.6343,2511.5456,2392.3688,2446.7930,2392.0150,4182760480,66266365306.7400,3,1.938905,1,2.290036,0
2022-05-12,sz.399687,2427.3681,2463.7426,2423.0876,2444.7526,2446.7930,2518973858,41116473573.2700,3,1.167662,1,-0.083391,0
2022-05-13,sz.399687,2458.3582,2463.9411,2415.0205,2432.9144,2444.7526,2157493698,37275603266.3500,3,1.000045,1,-0.484229,0
2022-05-16,sz.399687,2452.0733,2474.7290,2413.9792,2420.9687,2432.9144,2222740010,36909888409.3000,3,1.030231,1,-0.491004,0
2022-05-17,sz.399687,2420.3228,2462.2357,2412.5571,2462.2357,2420.9687,2256579057,41019873226.7700,3,1.045915,1,1.704566,0
2022-05-18,sz.399687,2472.9615,2494.6759,2457.6402,2472.0875,2462.2357,2520182673,42548676135.1200,3,1.167915,1,0.400116,0
2022-05-19,sz.399687,2431.7244,2493.1294,2427.7766,2493.1294,2472.0875,2575804817,42763786989.8100,3,1.192721,1,0.851179,0
2022-05-20,sz.399687,2502.7806,2524.5189,2479.2829,2517.2497,2493.1294,3058377042,46849289844.0200,3,1.416168,1,0.967471,0
2022-05-23,sz.399687,2524.3365,2525.7001,2492.2203,2522.3113,2517.2497,2608621573,42647270402.5400,3,1.207905,1,0.201077,0
2022-05-24,sz.399687,2517.3396,2532.5114,2419.5114,2419.8169,2522.3113,3137696500,50053741661.0000,3,1.452310,1,-4.063511,0
2022-05-25,sz.399687,2420.2394,2441.5649,2404.9420,2435.2076,2419.8169,2149917942,35960721700.5100,3,0.995109,1,0.636027,0
2022-05-26,sz.399687,2434.7390,2477.1308,2390.7615,2456.9530,2435.2076,2644454781,43385464686.6400,3,1.219794,1,0.892959,0
2022-05-27,sz.399687,2481.7056,2502.7056,2436.5068,2453.2511,2456.9530,2382561787,40182837745.2700,3,1.098992,1,-0.150670,0
2022-05-30,sz.399687,2455.7426,2484.7823,2443.7053,2478.8714,2453.2511,2355029602,39231444158.4600,3,1.085181,1,1.044341,0
2022-05-31,sz.399687,2481.8978,2547.9517,2450.0712,2544.6051,2478.8714,3384456274,58895840144.0100,3,1.559486,1,2.651759,0
2022-06-01,sz.399687,2538.2006,2559.6241,2529.0009,2545.7377,2544.6051,2865326837,52043140982.6900,3,1.320254,1,0.044510,0
2022-06-02,sz.399687,2537.1695,2587.0411,2530.1758,2585.1510,2545.7377,2691025229,51151013065.8300,3,1.239906,1,1.548207,0
2022-06-06,sz.399687,2592.8296,2674.8816,2587.2209,2671.7555,2585.1510,3792755969,72916077575.5000,3,1.747578,1,3.350075,0
2022-06-07,sz.399687,2670.0532,2671.2616,2629.3399,2648.3423,2671.7555,2950812786,55060154265.9600,3,1.359638,1,-0.876323,0
2022-06-08,sz.399687,2651.6734,2689.8469,2621.1471,2660.5667,2648.3423,3404099570,64748337021.7800,3,1.565182,1,0.461587,0
2022-06-09,sz.399687,2657.2673,2657.2673,2573.9728,2584.8842,2660.5667,2919984442,54144622104.0300,3,1.342589,1,-2.844601,0
2022-06-10,sz.399687,2569.0727,2638.3785,2566.4168,2636.3932,2584.8842,3096665322,60220267347.8200,3,1.423822,1,1.992700,0
2022-06-13,sz.399687,2616.8842,2631.6146,2594.1351,2617.6047,2636.3932,2659850046,47576834056.0200,3,1.302739,1,-0.712659,0
2022-06-14,sz.399687,2588.5554,2597.6436,2506.0528,2596.0214,2617.6047,2859365560,50663494853.5900,3,1.400458,1,-0.824544,0
2022-06-15,sz.399687,2596.6102,2686.6980,2596.5139,2644.0933,2596.0214,5092406728,67804715786.1200,3,2.494140,1,1.851753,0
2022-06-16,sz.399687,2649.0196,2688.8726,2645.5913,2658.1452,2644.0933,4516942951,59777161551.1600,3,2.212291,1,0.531445,0
2022-06-17,sz.399687,2635.2633,2666.2976,2608.2912,2661.7561,2658.1452,3276292788,52362635487.9500,3,1.603867,1,0.135843,0
2022-06-20,sz.399687,2677.9048,2698.9661,2654.4080,2686.4538,2661.7561,3123667861,58203291022.6600,3,1.528693,1,0.927872,0
2022-06-21,sz.399687,2689.5035,2711.6994,2662.4488,2692.1217,2686.4538,3801180801,61770175707.5600,3,1.860275,1,0.210981,0
2022-06-22,sz.399687,2694.5221,2696.5512,2611.6570,2612.2062,2692.1217,3425064613,61818302594.8000,3,1.674016,1,-2.968495,0
2022-06-23,sz.399687,2609.8197,2682.7248,2605.4193,2682.5565,2612.2062,3792980451,67011563853.0300,3,1.853851,1,2.693137,0
2022-06-24,sz.399687,2689.3587,2717.8980,2683.7482,2712.8996,2682.5565,3720411764,67824676703.0500,3,1.815955,1,1.131126,0
2022-06-27,sz.399687,2718.1170,2739.0448,2705.7413,2725.2425,2712.8996,3495966175,62778902992.4300,3,1.706303,1,0.454971,0
2022-06-28,sz.399687,2721.9825,2789.5304,2692.3279,2786.7870,2725.2425,4500961653,73207528937.3100,3,2.196133,1,2.258313,0
2022-06-29,sz.399687,2778.5340,2808.0394,2730.2022,2731.3016,2786.7870,4383515878,76235136743.5300,3,2.138635,1,-1.991017,0
2022-06-30,sz.399687,2730.2519,2772.5941,2726.6176,2750.1193,2731.3016,3565245448,62800411089.6600,3,1.738079,1,0.688965,0
2022-07-01,sz.399687,2758.1987,2778.6150,2734.6823,2745.9731,2750.1193,3025471573,60082919342.7200,3,1.473005,1,-0.150764,0
2022-07-04,sz.399687,2736.6447,2736.6447,2690.6310,2732.4724,2745.9731,2928728027,61106871486.1600,3,1.420094,1,-0.491654,0
2022-07-05,sz.399687,2733.6568,2741.7423,2663.6141,2699.4856,2732.4724,3250515940,61520147269.7400,3,1.576147,1,-1.207214,0
2022-07-06,sz.399687,2690.8700,2730.0202,2666.5758,2690.0659,2699.4856,2578776709,53362848916.0000,3,1.250426,1,-0.348944,0
2022-07-07,sz.399687,2693.2191,2719.5304,2668.4832,2709.0490,2690.0659,3120319041,54950124193.2700,3,1.513014,1,0.705674,0
2022-07-08,sz.399687,2715.1341,2753.8499,2713.0327,2713.0327,2709.0490,2975403886,56764402423.8600,3,1.442688,1,0.147052,0
2022-07-11,sz.399687,2705.4692,2705.4692,2637.3275,2655.0582,2713.0327,2486815445,45926422491.1800,3,1.205563,1,-2.136889,0
2022-07-12,sz.399687,2655.9295,2660.1086,2612.9832,2613.4212,2655.0582,2131344346,41193525182.4900,3,1.033036,1,-1.568214,0
2022-07-13,sz.399687,2612.5453,2617.8534,2577.4927,2596.1025,2613.4212,1997138841,37705708350.4800,3,0.967986,1,-0.662683,0
2022-07-14,sz.399687,2588.5425,2639.5276,2582.4703,2616.9257,2596.1025,2129050160,39010384235.1300,3,1.031922,1,0.802095,0
2022-07-15,sz.399687,2606.0888,2639.7172,2583.2669,2583.2669,2616.9257,2934008668,48839831433.2000,3,1.422074,1,-1.286196,0
2022-07-18,sz.399687,2587.4275,2613.0002,2557.2821,2610.3718,2583.2669,2504809144,46868343049.5800,3,1.213124,1,1.049249,0
2022-07-19,sz.399687,2606.0011,2635.5722,2598.4550,2632.9369,2610.3718,2796149019,45343957288.5200,3,1.354166,1,0.864440,0
2022-07-20,sz.399687,2643.7250,2659.3041,2636.8804,2646.2804,2632.9369,2542558100,43026738012.8900,3,1.231353,1,0.506791,0
2022-07-21,sz.399687,2643.9888,2681.4915,2632.3500,2655.2091,2646.2804,2861300972,51671505100.9200,3,1.385719,1,0.337406,0
2022-07-22,sz.399687,2663.4851,2664.3398,2606.0431,2629.3064,2655.2091,2468410234,42480886007.4400,3,1.195397,1,-0.975543,0
2022-07-25,sz.399687,2628.5635,2637.2976,2583.7647,2594.7424,2629.3064,2531818922,37561466117.0000,3,0.000000,1,-1.314567,0
2022-07-26,sz.399687,2596.8522,2614.9028,2580.9164,2614.4984,2594.7424,2457019952,35098031756.9100,3,1.189869,1,0.761386,0
2022-07-27,sz.399687,2607.6165,2621.3265,2602.2921,2613.1772,2614.4984,2252459170,34460503333.9200,3,1.090806,1,-0.050534,0
2022-07-28,sz.399687,2627.6353,2697.5969,2627.6353,2674.4026,2613.1772,3815670710,58892514703.6000,3,1.847783,1,2.342949,0
2022-07-29,sz.399687,2672.4363,2675.9865,2628.7459,2631.7394,2674.4026,2919334747,53482810816.4800,3,1.413722,1,-1.595242,0
2022-08-01,sz.399687,2626.3333,2686.8128,2599.9120,2686.8128,2631.7394,2978058217,56587393847.6900,3,0.000000,1,2.092662,0
2022-08-02,sz.399687,2656.6856,2656.6856,2594.0025,2619.6037,2686.8128,4188863418,68019564324.8600,3,2.028504,1,-2.501443,0
2022-08-03,sz.399687,2627.8512,2690.3003,2623.5373,2633.5885,2619.6037,3664644502,68814462648.4600,3,1.774645,1,0.533852,0
2022-08-04,sz.399687,2653.6534,2668.5410,2628.5430,2653.8806,2633.5885,2657474928,51637966095.5000,3,1.286912,1,0.770511,0
2022-08-05,sz.399687,2662.4724,2749.1535,2652.8657,2748.1877,2653.8806,3953974037,76197344162.7600,3,1.914697,1,3.553555,0
2022-08-08,sz.399687,2755.8823,2768.1010,2739.6564,2764.4201,2748.1877,3341421051,67990289431.3500,3,1.618070,1,0.590658,0
2022-08-09,sz.399687,2754.6800,2771.2414,2719.6160,2770.2518,2764.4201,2928301614,59155761588.9300,3,1.418015,1,0.210956,0
2022-08-10,sz.399687,2750.1177,2779.1749,2736.6431,2745.9852,2770.2518,3117819468,63070553603.3900,3,1.509792,1,-0.875971,0
2022-08-11,sz.399687,2761.9935,2821.6877,2754.5173,2821.0845,2745.9852,4320812489,78236604944.6500,3,2.092339,1,2.734876,0
2022-08-12,sz.399687,2819.6389,2828.0176,2786.8537,2787.3721,2821.0845,3970506128,70063708220.3400,3,1.922220,1,-1.195016,0
2022-08-15,sz.399687,2777.9487,2782.9221,2759.9690,2767.7508,2787.3721,3240678053,60361564852.7100,3,1.567324,1,-0.703935,0
2022-08-16,sz.399687,2761.3874,2782.5314,2743.3586,2750.7425,2767.7508,2905995594,54912597158.8700,3,1.405446,1,-0.614517,0
2022-08-17,sz.399687,2750.9777,2798.5110,2729.8962,2794.5761,2750.7425,3890817624,67811015397.9800,3,1.881737,1,1.593519,0
2022-08-18,sz.399687,2783.5799,2806.5858,2767.0497,2799.3223,2794.5761,3823641992,63634122714.0600,3,1.849248,1,0.169836,0
2022-08-19,sz.399687,2799.1055,2826.0739,2745.7112,2745.7112,2799.3223,3971270136,64203567608.2400,3,1.920631,1,-1.915146,0
2022-08-22,sz.399687,2737.6391,2789.1418,2719.7722,2774.7077,2745.7112,3232759511,56304296492.8100,3,1.563464,1,1.056065,0
2022-08-23,sz.399687,2771.6942,2785.9214,2756.9407,2766.3692,2774.7077,2713681853,48867951820.2900,3,1.312289,1,-0.300518,0
2022-08-24,sz.399687,2767.6624,2767.6624,2653.1055,2657.6170,2766.3692,3465287556,59472119442.0600,3,1.675730,1,-3.931225,0
2022-08-25,sz.399687,2667.0038,2676.7116,2627.2245,2655.7077,2657.6170,2536877507,44110506823.8400,3,1.225201,1,-0.071843,0
2022-08-26,sz.399687,2674.5987,2684.7723,2631.9337,2636.0947,2655.7077,2370251677,44875146186.4900,3,1.144729,1,-0.738523,0
2022-08-29,sz.399687,2596.6856,2637.1275,2591.9027,2623.7160,2636.0947,2098036915,38052847723.5500,3,1.013261,1,-0.469585,0
2022-08-30,sz.399687,2619.6084,2638.9764,2598.3685,2617.7807,2623.7160,2480525523,40320435060.7800,3,1.197671,1,-0.226217,0
2022-08-31,sz.399687,2607.4108,2626.3634,2570.5221,2585.0717,2617.7807,2751306377,44431781886.1300,3,1.328106,1,-1.249494,0
2022-09-01,sz.399687,2582.1112,2604.0209,2550.3747,2554.1129,2585.0717,2318503967,38704408167.6500,3,1.119184,1,-1.197599,0
