date,code,open,high,low,close,preclose,volume,amount,adjustflag,turn,tradestatus,pctChg,isST
2022-01-04,sz.300301,3.7100,3.8700,3.7000,3.8500,3.7200,36017182,137559049.0600,3,4.558500,1,3.494600,0
2022-01-05,sz.300301,3.8600,4.0100,3.8100,3.8900,3.8500,46392122,180557833.4000,3,5.871600,1,1.039000,0
2022-01-06,sz.300301,3.9000,3.9400,3.8400,3.9100,3.8900,29842000,116398733.0000,3,3.776900,1,0.514100,0
2022-01-07,sz.300301,3.9200,3.9300,3.7700,3.7800,3.9100,27319790,105047059.2000,3,3.457700,1,-3.324800,0
2022-01-10,sz.300301,3.8000,3.8100,3.7200,3.7500,3.7800,21744000,81649116.0000,3,2.752000,1,-0.793700,0
2022-01-11,sz.300301,3.7300,3.9200,3.7200,3.7800,3.7500,31700390,120705247.0000,3,4.012200,1,0.800000,0
2022-01-12,sz.300301,3.7600,3.9300,3.7300,3.8700,3.7800,38850562,150100636.3000,3,4.917100,1,2.381000,0
2022-01-13,sz.300301,3.8700,3.9700,3.8400,3.9100,3.8700,42420500,166106060.0000,3,5.368900,1,1.033600,0
2022-01-14,sz.300301,3.9000,3.9100,3.8000,3.8200,3.9100,26971022,103834785.9200,3,3.413600,1,-2.301800,0
2022-01-17,sz.300301,3.8500,3.9800,3.8100,3.9500,3.8200,38352523,150337061.4500,3,4.854100,1,3.403100,0
2022-01-18,sz.300301,3.9600,3.9700,3.8000,3.8200,3.9500,31594200,122120097.0000,3,3.998700,1,-3.291100,0
2022-01-19,sz.300301,3.7800,3.8900,3.7500,3.8700,3.8200,23767100,91412366.0000,3,3.008100,1,1.308900,0
2022-01-20,sz.300301,3.8600,3.8700,3.6500,3.6800,3.8700,36629900,136182351.0000,3,4.636100,1,-4.909600,0
2022-01-21,sz.300301,3.6700,3.7100,3.5600,3.6000,3.6800,22740400,81958667.0000,3,2.878100,1,-2.173900,0
2022-01-24,sz.300301,3.5900,3.6700,3.5000,3.5100,3.6000,20447791,72757514.8700,3,2.588000,1,-2.500000,0
2022-01-25,sz.300301,3.4700,3.5100,3.3000,3.3100,3.5100,24302900,81989570.0000,3,3.075900,1,-5.698000,0
2022-01-26,sz.300301,3.3100,3.4100,3.3000,3.3700,3.3100,19299696,64958502.5200,3,2.442700,1,1.812700,0
2022-01-27,sz.300301,3.3500,3.3800,3.2100,3.2100,3.3700,17808104,58523481.8400,3,2.253900,1,-4.747800,0
2022-01-28,sz.300301,3.2400,3.4300,3.2400,3.3900,3.2100,21743800,72788281.0000,3,2.752000,1,5.607500,0
2022-02-07,sz.300301,3.3000,3.3400,3.1100,3.1800,3.3900,35591171,114223435.0000,3,4.504600,1,-6.194700,0
2022-02-08,sz.300301,3.1700,3.3200,3.1500,3.2900,3.1800,27447030,89285730.7000,3,3.473800,1,3.459100,0
2022-02-09,sz.300301,3.2800,3.3600,3.2600,3.3500,3.2900,18206060,60542007.6000,3,2.304200,1,1.823700,0
2022-02-10,sz.300301,3.3500,3.3800,3.2900,3.3300,3.3500,15764800,52472324.0000,3,1.995300,1,-0.597000,0
2022-02-11,sz.300301,3.3100,3.3300,2.6600,3.1500,3.3300,29054731,92269626.9600,3,3.677300,1,-5.405400,0
2022-02-14,sz.300301,3.0900,3.1800,3.0600,3.1300,3.1500,18549700,58076106.0000,3,2.347700,1,-0.634900,0
2022-02-15,sz.300301,3.1500,3.1600,3.0600,3.0900,3.1300,16340881,50719469.3400,3,2.068200,1,-1.278000,0
2022-02-16,sz.300301,3.1200,3.1700,3.1000,3.1400,3.0900,12653150,39588890.0000,3,1.601400,1,1.618100,0
2022-02-17,sz.300301,3.1500,3.2100,3.0900,3.0900,3.1400,16177320,50662976.8000,3,2.047500,1,-1.592400,0
2022-02-18,sz.300301,3.0800,3.1300,3.0600,3.1100,3.0900,10977720,33945712.3400,3,1.389400,1,0.647200,0
2022-02-21,sz.300301,3.1000,3.2400,3.0900,3.2400,3.1100,20784000,66219299.0000,3,2.630500,1,4.180100,0
2022-02-22,sz.300301,3.2100,3.2400,3.1400,3.1700,3.2400,14683300,46706658.0000,3,1.858400,1,-2.160500,0
2022-02-23,sz.300301,3.1600,3.2300,3.1500,3.2200,3.1700,13051402,41798439.4000,3,1.651800,1,1.577300,0
2022-02-24,sz.300301,3.2100,3.2700,3.1000,3.1600,3.2200,21884350,69856889.5000,3,2.769800,1,-1.863400,0
2022-02-25,sz.300301,3.1700,3.2400,3.1200,3.1300,3.1600,16111800,50991610.0000,3,2.039200,1,-0.949400,0
2022-02-28,sz.300301,3.1000,3.1500,3.0600,3.0900,3.1300,14433700,44641566.0000,3,1.826800,1,-1.278000,0
2022-03-01,sz.300301,3.0800,3.1500,3.0800,3.1500,3.0900,12649259,39522679.0000,3,1.601000,1,1.941700,0
2022-03-02,sz.300301,3.1300,3.2300,3.1200,3.2100,3.1500,16196628,51778504.0000,3,2.049900,1,1.904800,0
2022-03-03,sz.300301,3.2500,3.2500,3.1600,3.1700,3.2100,12191112,38840365.0000,3,1.543000,1,-1.246100,0
2022-03-04,sz.300301,3.1700,3.2100,3.1500,3.1700,3.1700,13116294,41742574.0000,3,1.660100,1,0.000000,0
2022-03-07,sz.300301,3.1700,3.1900,3.0900,3.1100,3.1700,10976324,34428075.0000,3,1.389200,1,-1.892700,0
2022-03-08,sz.300301,3.1200,3.1400,3.0100,3.0400,3.1100,12320907,37706552.0000,3,1.559400,1,-2.250800,0
2022-03-09,sz.300301,3.0500,3.0900,2.8300,3.0100,3.0400,14777800,43976505.0000,3,1.870400,1,-0.986800,0
2022-03-10,sz.300301,3.0500,3.0900,3.0300,3.0600,3.0100,9106358,27907913.0000,3,1.152500,1,1.661100,0
2022-03-11,sz.300301,3.0400,3.0900,2.9800,3.0800,3.0600,9300400,28142320.0000,3,1.177100,1,0.653600,0
2022-03-14,sz.300301,3.0500,3.0800,2.9600,2.9600,3.0800,11960900,35999011.0000,3,1.513800,1,-3.896100,0
2022-03-15,sz.300301,2.9500,2.9600,2.7100,2.7300,2.9600,15824600,44901881.0000,3,2.002800,1,-7.770300,0
2022-03-16,sz.300301,2.7900,2.9000,2.7400,2.8900,2.7300,17836402,50465497.0000,3,2.257500,1,5.860800,0
2022-03-17,sz.300301,2.8700,3.0000,2.8700,2.9400,2.8900,15344900,45349252.0000,3,1.942100,1,1.730100,0
2022-03-18,sz.300301,2.9400,3.0200,2.9200,3.0000,2.9400,10886900,32485519.0000,3,1.377900,1,2.040800,0
2022-03-21,sz.300301,2.9900,3.0900,2.9900,3.0700,3.0000,12763663,38899514.1500,3,1.615400,1,2.333300,0
2022-03-22,sz.300301,3.0800,3.0900,3.0300,3.0600,3.0700,9554500,29218893.0000,3,1.209300,1,-0.325700,0
2022-03-23,sz.300301,3.0500,3.0900,3.0300,3.0400,3.0600,12132900,37008146.0000,3,1.535600,1,-0.653600,0
2022-03-24,sz.300301,3.0400,3.0500,2.9600,2.9700,3.0400,9912563,29641538.3700,3,1.254600,1,-2.302600,0
2022-03-25,sz.300301,2.9500,3.0100,2.9400,2.9600,2.9700,10257609,30611603.6400,3,1.298300,1,-0.336700,0
2022-03-28,sz.300301,2.9800,3.0000,2.9100,2.9500,2.9600,9042700,26671140.0000,3,1.144500,1,-0.337800,0
2022-03-29,sz.300301,2.9400,2.9600,2.8600,2.8700,2.9500,10965300,31804517.0000,3,1.387800,1,-2.711900,0
2022-03-30,sz.300301,2.9100,2.9200,2.8300,2.8900,2.8700,10286000,29654758.0000,3,1.301800,1,0.696900,0
2022-03-31,sz.300301,2.9000,2.9300,2.8700,2.8900,2.8900,9397800,27206176.0000,3,1.189400,1,0.000000,0
2022-04-01,sz.300301,2.8700,2.8900,2.8200,2.8700,2.8900,10572700,30232986.0000,3,1.338100,1,-0.692000,0
2022-04-06,sz.300301,2.8600,3.0100,2.8500,2.9900,2.8700,19809400,59029080.0000,3,2.507200,1,4.181200,0
2022-04-07,sz.300301,3.0000,3.0000,2.8800,2.8800,2.9900,15625800,45616032.0000,3,1.977700,1,-3.678900,0
2022-04-08,sz.300301,2.8800,2.8800,2.7400,2.7900,2.8800,15796600,44104109.0000,3,1.999300,1,-3.125000,0
2022-04-11,sz.300301,2.7700,2.7800,2.6700,2.7200,2.7900,11829600,32127968.0000,3,1.497200,1,-2.509000,0
2022-04-12,sz.300301,2.7000,2.9100,2.6700,2.8200,2.7200,24543335,68770134.0500,3,3.106300,1,3.676500,0
2022-04-13,sz.300301,2.7900,2.8100,2.7300,2.7500,2.8200,12092600,33360026.0000,3,1.530500,1,-2.482300,0
2022-04-14,sz.300301,2.7400,2.7900,2.7300,2.7500,2.7500,8189600,22592562.0000,3,1.036500,1,0.000000,0
2022-04-15,sz.300301,2.7300,2.7500,2.6600,2.6800,2.7500,9644200,25964894.0000,3,1.220600,1,-2.545500,0
2022-04-18,sz.300301,2.6800,2.7300,2.6000,2.7200,2.6800,8910224,23908820.4600,3,1.127700,1,1.492500,0
2022-04-19,sz.300301,2.6900,2.7600,2.6900,2.7200,2.7200,8032900,21830554.0000,3,1.016700,1,0.000000,0
2022-04-20,sz.300301,2.7200,2.7500,2.6700,2.6800,2.7200,8396000,22780180.0000,3,1.062600,1,-1.470600,0
2022-04-21,sz.300301,2.6400,2.6600,2.5300,2.5400,2.6800,13528200,35034145.0000,3,1.712200,1,-5.223900,0
2022-04-22,sz.300301,2.5400,2.5400,2.4200,2.4500,2.5400,19273445,47787472.9500,3,2.439300,1,-3.543300,0
2022-04-25,sz.300301,2.4300,2.4400,2.3100,2.3200,2.4500,20498600,48646116.0000,3,2.594400,1,-5.306100,0
2022-04-26,sz.300301,2.2900,2.3700,2.2300,2.2300,2.3200,22193000,50764169.0000,3,2.808900,1,-3.879300,0
2022-04-27,sz.300301,2.0700,2.1900,2.0300,2.1100,2.2300,44783900,93793902.0000,3,5.668100,1,-5.381200,0
2022-04-28,sz.300301,2.0300,2.0600,1.8400,1.9300,2.1100,57278276,112021683.3200,3,7.249400,1,-8.530800,0
2022-04-29,sz.300301,1.9600,2.2900,1.9600,2.2000,1.9300,60296600,129390072.2000,3,7.631400,1,13.989600,0
2022-05-05,sz.300301,2.2000,2.2000,2.2000,2.2000,2.2000,0,0.0000,3,,0,0.000000,0
2022-05-06,sz.300301,1.7600,1.7600,1.7600,1.7600,2.2000,1880700,3310032.0000,3,0.238000,1,-20.000000,1
2022-05-09,sz.300301,1.5000,1.6900,1.4800,1.6600,1.7600,98674986,151782304.0400,3,12.488800,1,-5.681800,1
2022-05-10,sz.300301,1.5800,1.6300,1.5400,1.5600,1.6600,67089466,105769857.7400,3,8.491200,1,-6.024100,1
2022-05-11,sz.300301,1.5600,1.5900,1.5200,1.5300,1.5600,49796760,77479105.8500,3,6.302500,1,-1.923100,1
2022-05-12,sz.300301,1.5200,1.5700,1.4900,1.5100,1.5300,38068565,58165002.9000,3,4.818100,1,-1.307200,1
2022-05-13,sz.300301,1.5100,1.5600,1.4900,1.5500,1.5100,29097552,44372559.7000,3,3.682700,1,2.649000,1
2022-05-16,sz.300301,1.5700,1.6600,1.5700,1.6100,1.5500,40293098,64904098.1200,3,5.099700,1,3.871000,1
2022-05-17,sz.300301,1.6100,1.7600,1.6100,1.6400,1.6100,38766800,64420931.0000,3,4.906500,1,1.863400,1
2022-05-18,sz.300301,1.6100,1.7100,1.6000,1.6700,1.6400,33631556,55721624.1200,3,4.256600,1,1.829300,1
2022-05-19,sz.300301,1.7000,1.8400,1.6700,1.8000,1.6700,55811234,99212730.2000,3,7.063700,1,7.784400,1
2022-05-20,sz.300301,1.7700,1.9300,1.7400,1.8800,1.8000,50099055,91509027.1000,3,6.340800,1,4.444400,1
2022-05-23,sz.300301,1.9900,2.0300,1.9000,1.9900,1.8800,44027854,86142680.8400,3,5.572400,1,5.851100,1
2022-05-24,sz.300301,2.0300,2.0800,1.8600,1.8800,1.9900,40975900,80219327.0000,3,5.186100,1,-5.527600,1
2022-05-25,sz.300301,1.8300,1.9500,1.8300,1.9500,1.8800,24654000,46777351.0000,3,3.120300,1,3.723400,1
2022-05-26,sz.300301,1.9500,1.9700,1.8600,1.8600,1.9500,23704600,44946980.0000,3,3.000200,1,-4.615400,1
2022-05-27,sz.300301,1.8500,1.8800,1.7600,1.7900,1.8600,24879188,44982861.6300,3,3.148800,1,-3.763400,1
2022-05-30,sz.300301,1.7800,1.8400,1.7700,1.7900,1.7900,11820474,21266309.9600,3,1.496100,1,0.000000,1
2022-05-31,sz.300301,1.8000,1.8300,1.7800,1.8100,1.7900,12742900,23001074.0000,3,1.612800,1,1.117300,1
2022-06-01,sz.300301,1.8100,1.8500,1.7800,1.7900,1.8100,13690189,24766522.9800,3,1.732700,1,-1.105000,1
2022-06-02,sz.300301,1.8000,1.8000,1.7500,1.7600,1.7900,15352820,27264771.4000,3,1.943100,1,-1.676000,1
2022-06-06,sz.300301,1.7400,1.8000,1.7300,1.7900,1.7600,14808598,26331303.4400,3,1.874200,1,1.704500,1
2022-06-07,sz.300301,1.8700,1.9800,1.8100,1.8600,1.7900,29367104,55362160.6800,3,3.716800,1,3.910600,1
2022-06-08,sz.300301,1.8200,1.9100,1.8200,1.9000,1.8600,23449904,43597104.2800,3,2.967900,1,2.150500,1
2022-06-09,sz.300301,1.8800,1.9000,1.7800,1.7900,1.9000,20050700,36705795.0000,3,2.537700,1,-5.789500,1
2022-06-10,sz.300301,1.7600,1.8000,1.7500,1.7700,1.7900,13899700,24631042.0000,3,1.759200,1,-1.117300,1
2022-06-13,sz.300301,1.7700,1.7900,1.7400,1.7700,1.7700,13110340,23136323.4000,3,1.659300,1,0.000000,1
2022-06-14,sz.300301,1.7600,1.8400,1.7500,1.8200,1.7700,21350500,38312005.2000,3,2.702200,1,2.824900,1
2022-06-15,sz.300301,1.8400,1.8800,1.8100,1.8200,1.8200,18230200,33567018.0000,3,2.307300,1,0.000000,1
2022-06-16,sz.300301,1.8000,1.8800,1.7900,1.8600,1.8200,18906420,34597266.2000,3,2.392900,1,2.197800,1
2022-06-17,sz.300301,1.8300,1.8700,1.8200,1.8500,1.8600,11830620,21836041.0000,3,1.497300,1,-0.537600,1
2022-06-20,sz.300301,1.8200,1.8400,1.7900,1.8000,1.8500,16005100,29048423.0000,3,2.025700,1,-2.702700,1
2022-06-21,sz.300301,1.8200,1.8300,1.7800,1.7900,1.8000,11890000,21411939.0000,3,1.504900,1,-0.555600,1
2022-06-22,sz.300301,1.7900,1.7900,1.7300,1.7400,1.7900,13339600,23468719.0000,3,1.688300,1,-2.793300,1
2022-06-23,sz.300301,1.7100,1.7400,1.6800,1.7000,1.7400,17949460,30528882.6000,3,2.271800,1,-2.298900,1
2022-06-24,sz.300301,1.7000,1.7300,1.6900,1.7000,1.7000,12942336,22093577.2000,3,1.638000,1,0.000000,1
2022-06-27,sz.300301,1.7100,1.7300,1.6900,1.7100,1.7000,11226280,19189299.0000,3,1.420900,1,0.588200,1
2022-06-28,sz.300301,1.7000,1.7000,1.6000,1.6500,1.7100,32421442,53019449.0800,3,4.103400,1,-3.508800,1
2022-06-29,sz.300301,1.6300,1.6500,1.6000,1.6100,1.6500,18567500,30136358.0000,3,2.350000,1,-2.424200,1
2022-06-30,sz.300301,1.6000,1.6500,1.5800,1.6200,1.6100,17993100,29029667.0000,3,2.277300,1,0.621100,1
2022-07-01,sz.300301,1.6000,1.6700,1.5900,1.6500,1.6200,17915600,29193438.0000,3,2.267500,1,1.851900,1
2022-07-04,sz.300301,1.6600,1.6800,1.6300,1.6400,1.6500,13265000,21896729.0000,3,1.678900,1,-0.606100,1
2022-07-05,sz.300301,1.6200,1.6400,1.5800,1.6100,1.6400,14759124,23681377.4700,3,1.868000,1,-1.829300,1
2022-07-06,sz.300301,1.6000,1.7000,1.5900,1.6700,1.6100,25525031,42340612.4600,3,3.230600,1,3.726700,1
2022-07-07,sz.300301,1.6600,1.7300,1.6500,1.6900,1.6700,19053800,32297392.0000,3,2.411500,1,1.197600,1
2022-07-08,sz.300301,1.6800,1.7100,1.6700,1.6800,1.6900,12967600,21863231.0000,3,1.641200,1,-0.591700,1
2022-07-11,sz.300301,1.6700,1.7600,1.6700,1.7400,1.6800,16732500,28472729.0000,3,2.117700,1,3.571400,1
2022-07-12,sz.300301,1.7200,1.8100,1.7000,1.7800,1.7400,23290623,41224939.7600,3,2.947800,1,2.298900,1
2022-07-13,sz.300301,1.8300,1.9000,1.8000,1.8100,1.7800,27140419,50034932.9600,3,3.435000,1,1.685400,1
2022-07-14,sz.300301,1.7900,1.8100,1.7400,1.7600,1.8100,16644019,29437098.4400,3,2.106500,1,-2.762400,1
2022-07-15,sz.300301,1.7200,1.7400,1.6600,1.6800,1.7600,16804400,28458705.0000,3,2.126800,1,-4.545500,1
2022-07-18,sz.300301,1.6600,1.7600,1.6600,1.7600,1.6800,15583000,26868398.0000,3,1.972300,1,4.761900,1
2022-07-19,sz.300301,1.7400,1.7900,1.7300,1.7700,1.7600,13892205,24436294.7000,3,1.758300,1,0.568200,1
2022-07-20,sz.300301,1.7600,1.8400,1.7600,1.8200,1.7700,14972800,27113296.0000,3,1.895000,1,2.824900,1
2022-07-21,sz.300301,1.8300,1.9200,1.8300,1.8800,1.8200,23216200,43619075.0000,3,2.938400,1,3.296700,1
2022-07-22,sz.300301,1.8800,1.8900,1.8400,1.8600,1.8800,15649270,29107444.6000,3,1.980600,1,-1.063800,1
2022-07-25,sz.300301,1.8800,1.9300,1.8500,1.9000,1.8600,21133380,40113891.2000,3,2.674700,1,2.150500,1
2022-07-26,sz.300301,1.9200,1.9600,1.8600,1.9100,1.9000,17550500,33359233.0000,3,2.221300,1,0.526300,1
2022-07-27,sz.300301,1.9100,1.9300,1.8400,1.8400,1.9100,20195100,37786412.0000,3,2.556000,1,-3.664900,1
2022-07-28,sz.300301,1.8400,1.9300,1.8200,1.9200,1.8400,20365265,38432377.2500,3,2.577500,1,4.347800,1
2022-07-29,sz.300301,1.9100,1.9500,1.8600,1.8700,1.9200,18589700,35316930.0000,3,2.352800,1,-2.604200,1
2022-08-01,sz.300301,1.8300,1.8900,1.8100,1.8500,1.8700,12503302,23187701.6600,3,1.582500,1,-1.069500,1
2022-08-02,sz.300301,1.8300,1.8500,1.7200,1.7500,1.8500,18113580,32203047.0000,3,2.292500,1,-5.405400,1
2022-08-03,sz.300301,1.7500,1.8400,1.7300,1.7900,1.7500,15528440,27929734.6000,3,1.965400,1,2.285700,1
2022-08-04,sz.300301,1.7900,2.0600,1.7800,1.9900,1.7900,45400933,88346582.2000,3,5.746200,1,11.173200,1
2022-08-05,sz.300301,1.9400,2.1100,1.9400,2.0200,1.9900,39466240,80579699.0000,3,4.995000,1,1.507500,1
2022-08-08,sz.300301,2.0300,2.1800,2.0300,2.1000,2.0200,32890200,69319962.0000,3,4.162700,1,3.960400,1
2022-08-09,sz.300301,2.1400,2.1800,2.0700,2.1100,2.1000,34034900,71750500.0000,3,4.307600,1,0.476200,1
2022-08-10,sz.300301,2.1200,2.3900,2.0800,2.3300,2.1100,58498100,130142403.2000,3,7.403800,1,10.426500,1
2022-08-11,sz.300301,2.0700,2.2200,2.0000,2.0300,2.3300,87026171,182059050.8500,3,11.014500,1,-12.875500,1
2022-08-12,sz.300301,1.9900,2.0600,1.9700,1.9900,2.0300,40263926,80788315.3800,3,5.096000,1,-1.970400,1
2022-08-15,sz.300301,1.9500,2.0300,1.9500,2.0200,1.9900,23943760,48000509.6000,3,3.030400,1,1.507500,1
2022-08-16,sz.300301,2.0100,2.0300,1.9400,1.9700,2.0200,37797100,74604343.0000,3,4.783800,1,-2.475200,1
2022-08-17,sz.300301,1.9800,2.1500,1.9800,2.1300,1.9700,53600722,111929252.5600,3,6.784000,1,8.121800,1
2022-08-18,sz.300301,2.1100,2.2600,2.0800,2.1000,2.1300,45057400,97388157.8000,3,5.702700,1,-1.408500,1
2022-08-19,sz.300301,2.1300,2.2400,2.1000,2.2100,2.1000,45521381,99370556.6300,3,5.761400,1,5.238100,1
2022-08-22,sz.300301,2.2500,2.3900,2.2200,2.3400,2.2100,53944120,125673136.6000,3,6.827400,1,5.882400,1
2022-08-23,sz.300301,2.4000,2.5600,2.2800,2.2800,2.3400,49871300,118222799.0000,3,6.312000,1,-2.564100,1
2022-08-24,sz.300301,2.2600,2.4200,2.2500,2.3400,2.2800,39404020,91843034.6000,3,4.987200,1,2.631600,1
2022-08-25,sz.300301,2.3300,2.3400,2.2100,2.2100,2.3400,31050720,70061305.8000,3,3.929900,1,-5.555600,1
2022-08-26,sz.300301,2.2000,2.3200,2.1700,2.2200,2.2100,26107760,58475355.0000,3,3.304300,1,0.452500,1
2022-08-29,sz.300301,2.2400,2.4300,2.1300,2.3800,2.2200,40065731,92478692.1600,3,5.070900,1,7.207200,1
2022-08-30,sz.300301,2.3300,2.3800,2.2400,2.3200,2.3800,43023200,98855872.0000,3,5.445200,1,-2.521000,1
2022-08-31,sz.300301,2.3000,2.4200,2.2700,2.3400,2.3200,37005600,87083597.0000,3,4.683600,1,0.862100,1
2022-09-01,sz.300301,2.3800,2.4800,2.3000,2.3600,2.3400,34319800,82119615.0000,3,4.343700,1,0.854700,1
