date,code,open,high,low,close,preclose,volume,amount,adjustflag,turn,tradestatus,pctChg,isST
2022-01-04,sz.300388,7.8700,7.9700,7.8200,7.9300,7.8500,4743198,37569514.0400,3,0.680200,1,1.019100,0
2022-01-05,sz.300388,7.9000,7.9300,7.7800,7.8400,7.9300,4804124,37643772.0000,3,0.688900,1,-1.134900,0
2022-01-06,sz.300388,7.8300,8.0400,7.7900,8.0100,7.8400,6008992,47850542.3800,3,0.861700,1,2.168400,0
2022-01-07,sz.300388,8.0200,8.0300,7.8600,7.8600,8.0100,4192599,33304044.4200,3,0.601200,1,-1.872700,0
2022-01-10,sz.300388,7.8700,8.0200,7.8200,7.9300,7.8600,3447763,27405393.4100,3,0.494400,1,0.890600,0
2022-01-11,sz.300388,7.9500,8.0300,7.8700,7.9000,7.9300,3922752,31229449.1200,3,0.562500,1,-0.378300,0
2022-01-12,sz.300388,8.0000,8.0200,7.9000,7.9400,7.9000,3652320,29021531.6000,3,0.523700,1,0.506300,0
2022-01-13,sz.300388,7.9800,7.9900,7.8400,7.8500,7.9400,3909969,30887441.6400,3,0.560700,1,-1.133500,0
2022-01-14,sz.300388,7.8500,7.9000,7.6400,7.6500,7.8500,5509096,42671105.7800,3,0.790000,1,-2.547800,0
2022-01-17,sz.300388,7.6500,7.8000,7.6500,7.7600,7.6500,3639277,28179221.1800,3,0.521900,1,1.437900,0
2022-01-18,sz.300388,7.8100,7.8600,7.6400,7.6800,7.7600,3665323,28223109.5400,3,0.525600,1,-1.030900,0
2022-01-19,sz.300388,7.6600,7.8600,7.6600,7.8100,7.6800,3793940,29505602.8000,3,0.544100,1,1.692700,0
2022-01-20,sz.300388,7.7800,7.8300,7.5800,7.6000,7.8100,4930621,37805164.0000,3,0.707100,1,-2.688900,0
2022-01-21,sz.300388,7.6100,7.6500,7.5400,7.5800,7.6000,2655481,20162401.3800,3,0.380800,1,-0.263200,0
2022-01-24,sz.300388,7.6200,7.6200,7.4300,7.4400,7.5800,3508040,26270855.2000,3,0.503100,1,-1.847000,0
2022-01-25,sz.300388,7.4500,7.5000,7.1800,7.2000,7.4400,4368307,31825195.6700,3,0.626400,1,-3.225800,0
2022-01-26,sz.300388,7.2100,7.2600,7.1400,7.2200,7.2000,2422867,17429644.4700,3,0.347400,1,0.277800,0
2022-01-27,sz.300388,7.1800,7.2200,7.0900,7.0900,7.2200,2360367,16824165.0300,3,0.338500,1,-1.800600,0
2022-01-28,sz.300388,7.1100,7.1900,7.0400,7.1600,7.0900,2966832,21129520.6400,3,0.425400,1,0.987300,0
2022-02-07,sz.300388,7.2500,7.3000,7.1700,7.2600,7.1600,3474300,25192321.4000,3,0.498200,1,1.396600,0
2022-02-08,sz.300388,7.2700,7.4100,7.2400,7.4100,7.2600,3476880,25482161.6000,3,0.498600,1,2.066100,0
2022-02-09,sz.300388,7.4400,7.5200,7.3900,7.4900,7.4100,3542484,26404380.7400,3,0.508000,1,1.079600,0
2022-02-10,sz.300388,7.7000,7.8300,7.5500,7.5800,7.4900,6200042,47508465.4100,3,0.889100,1,1.201600,0
2022-02-11,sz.300388,7.5000,7.6200,7.4500,7.5200,7.5800,4226871,31886589.5000,3,0.606100,1,-0.791600,0
2022-02-14,sz.300388,7.4600,7.6500,7.4400,7.5600,7.5200,3711151,28037799.5800,3,0.532200,1,0.531900,0
2022-02-15,sz.300388,7.6400,7.6400,7.4400,7.5200,7.5600,2922985,21897039.1500,3,0.419200,1,-0.529100,0
2022-02-16,sz.300388,7.5400,7.6500,7.5400,7.6100,7.5200,2878884,21897833.0500,3,0.412800,1,1.196800,0
2022-02-17,sz.300388,7.6300,7.9100,7.6000,7.7700,7.6100,8607399,67202638.4300,3,1.234300,1,2.102500,0
2022-02-18,sz.300388,7.7000,7.9200,7.6300,7.8900,7.7700,6598660,51555735.2000,3,0.946300,1,1.544400,0
2022-02-21,sz.300388,7.8600,7.8700,7.7700,7.8600,7.8900,3991604,31228447.2000,3,0.572400,1,-0.380200,0
2022-02-22,sz.300388,7.7800,7.9000,7.7400,7.8400,7.8600,5013780,39175892.8000,3,0.719000,1,-0.254500,0
2022-02-23,sz.300388,7.9000,7.9000,7.7700,7.8100,7.8400,3390560,26466578.4000,3,0.486200,1,-0.382700,0
2022-02-24,sz.300388,7.7700,7.8200,7.5200,7.6000,7.8100,5414499,41499992.8600,3,0.776400,1,-2.688900,0
2022-02-25,sz.300388,7.6600,7.7200,7.5800,7.6600,7.6000,3577320,27390642.4000,3,0.513000,1,0.789500,0
2022-02-28,sz.300388,7.6800,7.7200,7.5800,7.6700,7.6600,3597563,27541989.0000,3,0.515900,1,0.130500,0
2022-03-01,sz.300388,7.7700,7.8400,7.6400,7.8300,7.6700,5287560,41194000.0000,3,0.758200,1,2.086000,0
2022-03-02,sz.300388,7.8100,7.8400,7.7400,7.8000,7.8300,3683508,28677346.0000,3,0.528200,1,-0.383100,0
2022-03-03,sz.300388,7.8400,7.9200,7.7500,7.8700,7.8000,4619808,36233039.0000,3,0.662500,1,0.897400,0
2022-03-04,sz.300388,7.8100,7.9500,7.7100,7.8600,7.8700,5788389,45463157.0000,3,0.830100,1,-0.127100,0
2022-03-07,sz.300388,7.8500,7.9400,7.7500,7.8700,7.8600,5896709,46364623.0000,3,0.845600,1,0.127200,0
2022-03-08,sz.300388,7.8200,7.9100,7.6300,7.6900,7.8700,4721329,36615474.0000,3,0.677000,1,-2.287200,0
2022-03-09,sz.300388,7.7600,7.8400,7.2800,7.6100,7.6900,7100897,54115638.0000,3,1.018300,1,-1.040300,0
2022-03-10,sz.300388,7.7200,7.9400,7.6700,7.9100,7.6100,8902538,69842534.0000,3,1.276600,1,3.942200,0
2022-03-11,sz.300388,7.8200,7.8600,7.5700,7.8200,7.9100,7607103,58556164.0000,3,1.090900,1,-1.137800,0
2022-03-14,sz.300388,7.7600,7.7600,7.3700,7.3700,7.8200,6897018,52140640.0000,3,0.989000,1,-5.754500,0
2022-03-15,sz.300388,7.3600,7.3600,6.8800,6.8900,7.3700,8815960,62624295.0000,3,1.264200,1,-6.512900,0
2022-03-16,sz.300388,6.9900,7.0500,6.7200,7.0000,6.8900,5415619,37513064.0000,3,0.776600,1,1.596500,0
2022-03-17,sz.300388,7.0800,7.1500,7.0100,7.0500,7.0000,4282004,30321835.0000,3,0.614000,1,0.714300,0
2022-03-18,sz.300388,7.0600,7.1700,6.9700,7.1500,7.0500,3528690,25110973.0000,3,0.506000,1,1.418400,0
2022-03-21,sz.300388,7.1500,7.2100,7.1000,7.2000,7.1500,3447857,24640006.8300,3,0.494400,1,0.699300,0
2022-03-22,sz.300388,7.1600,7.2400,7.1300,7.1700,7.2000,2369134,17008815.5800,3,0.339700,1,-0.416700,0
2022-03-23,sz.300388,7.1900,7.2100,7.1000,7.1400,7.1700,2426355,17333411.7000,3,0.347900,1,-0.418400,0
2022-03-24,sz.300388,7.1300,7.2200,7.0400,7.2000,7.1400,3489810,24810505.3000,3,0.500400,1,0.840300,0
2022-03-25,sz.300388,7.1900,7.3400,7.1400,7.2300,7.2000,5429181,39206012.9300,3,0.778600,1,0.416700,0
2022-03-28,sz.300388,7.2200,7.4400,7.1100,7.2900,7.2300,5345808,38801314.7400,3,0.766600,1,0.829900,0
2022-03-29,sz.300388,7.3200,7.4400,7.1500,7.2200,7.2900,4947200,35963443.9600,3,0.709400,1,-0.960200,0
2022-03-30,sz.300388,7.2400,7.2500,7.1300,7.1800,7.2200,3385882,24332987.7600,3,0.485500,1,-0.554000,0
2022-03-31,sz.300388,7.1900,7.3200,7.1800,7.2700,7.1800,4079494,29627654.4200,3,0.585000,1,1.253500,0
2022-04-01,sz.300388,7.2500,7.2500,7.1600,7.2000,7.2700,3023652,21738081.3600,3,0.433600,1,-0.962900,0
2022-04-06,sz.300388,7.1900,7.3200,7.1700,7.3000,7.2000,3221500,23429228.2000,3,0.461900,1,1.388900,0
2022-04-07,sz.300388,7.3300,7.3300,7.1800,7.1800,7.3000,2619000,18930607.0000,3,0.375500,1,-1.643800,0
2022-04-08,sz.300388,7.1900,7.2700,7.1100,7.2200,7.1800,3129583,22513164.9800,3,0.448700,1,0.557100,0
2022-04-11,sz.300388,7.2000,7.2200,7.0000,7.0500,7.2200,2594434,18463967.7600,3,0.372000,1,-2.354600,0
2022-04-12,sz.300388,7.0200,7.2100,6.9600,7.1600,7.0500,2585317,18351272.3400,3,0.370700,1,1.560300,0
2022-04-13,sz.300388,7.1900,7.1900,7.0700,7.0900,7.1600,2246500,15974728.8000,3,0.322100,1,-0.977700,0
2022-04-14,sz.300388,7.0800,7.2700,7.0800,7.2400,7.0900,2538897,18286787.2900,3,0.364000,1,2.115700,0
2022-04-15,sz.300388,7.2600,7.3100,7.0600,7.1000,7.2400,3349986,24087631.3800,3,0.480300,1,-1.933700,0
2022-04-18,sz.300388,7.1300,7.1300,6.9600,7.1200,7.1000,1807280,12740327.0000,3,0.259100,1,0.281700,0
2022-04-19,sz.300388,7.0800,7.2100,7.0800,7.2000,7.1200,1989460,14237896.6000,3,0.285200,1,1.123600,0
2022-04-20,sz.300388,7.2000,7.2800,7.1400,7.2700,7.2000,3662840,26453002.2000,3,0.525200,1,0.972200,0
2022-04-21,sz.300388,7.2400,7.2500,7.0200,7.1300,7.2700,3823622,27224780.0900,3,0.548200,1,-1.925700,0
2022-04-22,sz.300388,7.1500,7.2700,7.0800,7.1900,7.1300,6174639,44212926.6900,3,0.885300,1,0.841500,0
2022-04-25,sz.300388,7.1000,7.1000,6.4800,6.5300,7.1900,8065985,54660215.1500,3,1.156500,1,-9.179400,0
2022-04-26,sz.300388,6.5800,6.6600,6.2600,6.3200,6.5300,3742788,24214632.5800,3,0.536600,1,-3.215900,0
2022-04-27,sz.300388,6.3200,6.4400,6.0800,6.4300,6.3200,4660758,28998896.3400,3,0.668200,1,1.740500,0
2022-04-28,sz.300388,6.4000,6.4600,6.1600,6.2200,6.4300,3424088,21552199.5300,3,0.490900,1,-3.265900,0
2022-04-29,sz.300388,6.2900,6.4200,6.1800,6.3700,6.2200,3566940,22531174.8000,3,0.511400,1,2.411600,0
2022-05-05,sz.300388,6.3600,6.4900,6.2900,6.4300,6.3700,2746583,17642953.8900,3,0.393800,1,0.941900,0
2022-05-06,sz.300388,6.3000,6.3600,6.2500,6.3000,6.4300,2101020,13244769.2000,3,0.301200,1,-2.021800,0
2022-05-09,sz.300388,6.3000,6.4900,6.2700,6.4500,6.3000,2564127,16469653.5200,3,0.367600,1,2.381000,0
2022-05-10,sz.300388,6.4000,6.7700,6.3600,6.7300,6.4500,5809868,38509836.3200,3,0.833000,1,4.341100,0
2022-05-11,sz.300388,6.7300,6.9500,6.6300,6.7000,6.7300,5930003,40605887.3600,3,0.850200,1,-0.445800,0
2022-05-12,sz.300388,6.6100,6.7600,6.5800,6.7200,6.7000,3608063,24159706.6300,3,0.517300,1,0.298500,0
2022-05-13,sz.300388,6.6500,6.7600,6.6400,6.6700,6.7200,2301723,15395793.8100,3,0.330000,1,-0.744000,0
2022-05-16,sz.300388,6.6600,6.7000,6.5700,6.5900,6.6700,1997420,13206522.4000,3,0.286400,1,-1.199400,0
2022-05-17,sz.300388,6.6300,6.6300,6.4600,6.5500,6.5900,1729080,11305531.1600,3,0.247900,1,-0.607000,0
2022-05-18,sz.300388,6.5700,6.6500,6.5200,6.5600,6.5500,1945360,12810229.6000,3,0.278900,1,0.152700,0
2022-05-19,sz.300388,6.5000,6.6000,6.4600,6.5700,6.5600,1931064,12632078.6800,3,0.276900,1,0.152400,0
2022-05-20,sz.300388,6.5700,6.7400,6.5700,6.6300,6.5700,2798460,18608447.6000,3,0.401200,1,0.913200,0
2022-05-23,sz.300388,6.6200,6.7500,6.6100,6.7400,6.6300,2812968,18829581.6800,3,0.403300,1,1.659100,0
2022-05-24,sz.300388,6.7400,6.7700,6.4100,6.4200,6.7400,3259300,21430382.8000,3,0.467300,1,-4.747800,0
2022-05-25,sz.300388,6.4600,6.5900,6.4200,6.5800,6.4200,2068360,13480416.0000,3,0.296500,1,2.492200,0
2022-05-26,sz.300388,6.5900,6.7400,6.5500,6.6900,6.5800,2763600,18406106.4000,3,0.396200,1,1.671700,0
2022-05-27,sz.300388,6.6800,6.7600,6.5800,6.7600,6.6900,4391140,29349959.1700,3,0.629600,1,1.046300,0
2022-05-30,sz.300388,6.8500,7.0600,6.8300,6.9400,6.7600,6207753,43014631.2200,3,0.890000,1,2.662700,0
2022-05-31,sz.300388,6.9100,7.0200,6.8300,6.8900,6.9400,4340100,29982009.0000,3,0.622300,1,-0.720500,0
2022-06-01,sz.300388,6.8400,7.2700,6.8100,7.0400,6.8900,6854164,48507404.4200,3,0.982700,1,2.177100,0
2022-06-02,sz.300388,7.0300,7.0500,6.8900,6.9900,7.0400,4263416,29623278.6400,3,0.611300,1,-0.710200,0
2022-06-06,sz.300388,7.0900,7.2100,6.9900,7.0800,6.9900,5754805,40728481.4000,3,0.825100,1,1.287600,0
2022-06-07,sz.300388,7.0600,7.0600,6.8700,6.9500,7.0800,4123600,28637438.0000,3,0.591200,1,-1.836200,0
2022-06-08,sz.300388,6.9900,6.9900,6.7800,6.8900,6.9500,3648240,25122536.0000,3,0.523100,1,-0.863300,0
2022-06-09,sz.300388,6.8300,6.9300,6.7300,6.7800,6.8900,3646072,24840526.0300,3,0.522800,1,-1.596500,0
2022-06-10,sz.300388,6.7700,6.8400,6.7000,6.8100,6.7800,4305444,29194876.8000,3,0.617300,1,0.442500,0
2022-06-13,sz.300388,6.7500,6.7900,6.5700,6.6900,6.8100,5893759,39355232.0700,3,0.845000,1,-1.762100,0
2022-06-14,sz.300388,6.5500,6.5800,6.4400,6.5600,6.5700,3688677,24002793.6700,3,0.528900,1,-0.152200,0
2022-06-15,sz.300388,6.5900,6.6600,6.5700,6.5900,6.5600,3699851,24458493.4600,3,0.530500,1,0.457300,0
2022-06-16,sz.300388,6.6000,6.6500,6.5000,6.6100,6.5900,3339711,22049567.7100,3,0.478800,1,0.303500,0
2022-06-17,sz.300388,6.5900,6.6500,6.4700,6.5800,6.6100,3099475,20349668.1500,3,0.444400,1,-0.453900,0
2022-06-20,sz.300388,6.5700,6.6500,6.5400,6.6500,6.5800,3155280,20850243.6000,3,0.452400,1,1.063800,0
2022-06-21,sz.300388,6.6300,6.6600,6.5800,6.6300,6.6500,2862580,18968940.6000,3,0.410400,1,-0.300800,0
2022-06-22,sz.300388,6.6400,6.6400,6.5400,6.5400,6.6300,2123360,13961857.6000,3,0.304400,1,-1.357500,0
2022-06-23,sz.300388,6.5300,6.5900,6.5000,6.5800,6.5400,2518520,16500610.6000,3,0.361100,1,0.611600,0
2022-06-24,sz.300388,6.5900,6.6000,6.5200,6.5900,6.5800,1990060,13085207.8000,3,0.285300,1,0.152000,0
2022-06-27,sz.300388,6.6000,6.6300,6.5400,6.6100,6.5900,2786360,18358897.6000,3,0.399500,1,0.303500,0
2022-06-28,sz.300388,6.5800,6.6900,6.5800,6.6900,6.6100,3817196,25383134.6000,3,0.547300,1,1.210300,0
2022-06-29,sz.300388,6.6900,6.7100,6.6000,6.6100,6.6900,3140418,20903751.4000,3,0.450300,1,-1.195800,0
2022-06-30,sz.300388,6.6000,6.6800,6.6000,6.6300,6.6100,2461240,16345288.0000,3,0.352900,1,0.302600,0
2022-07-01,sz.300388,6.6300,6.8000,6.6100,6.7600,6.6300,5104723,34409550.2400,3,0.731900,1,1.960800,0
2022-07-04,sz.300388,6.7700,6.8000,6.6700,6.7500,6.7600,3302020,22236712.2000,3,0.473400,1,-0.147900,0
2022-07-05,sz.300388,6.7900,6.8000,6.6200,6.7100,6.7500,3278276,21998774.0000,3,0.470000,1,-0.592600,0
2022-07-06,sz.300388,6.6900,6.7100,6.5300,6.5800,6.7100,3033980,19997719.8000,3,0.435000,1,-1.937400,0
2022-07-07,sz.300388,6.5700,6.6500,6.5500,6.6100,6.5800,2319642,15353691.8200,3,0.332600,1,0.455900,0
2022-07-08,sz.300388,6.6500,6.7000,6.6200,6.6900,6.6100,2432240,16217539.2000,3,0.348700,1,1.210300,0
2022-07-11,sz.300388,6.6500,6.6800,6.5900,6.6500,6.6900,1875790,12439506.5000,3,0.268900,1,-0.597900,0
2022-07-12,sz.300388,6.6500,6.7000,6.5900,6.6700,6.6500,2744510,18271999.1000,3,0.393500,1,0.300800,0
2022-07-13,sz.300388,6.7000,6.7700,6.6400,6.7600,6.6700,3333820,22449709.0000,3,0.478000,1,1.349300,0
2022-07-14,sz.300388,6.7500,6.7600,6.6500,6.7000,6.7600,2935333,19657390.5800,3,0.420900,1,-0.887600,0
2022-07-15,sz.300388,6.6600,6.9000,6.5500,6.7000,6.7000,6767576,45322822.7200,3,0.970300,1,0.000000,0
2022-07-18,sz.300388,6.7000,7.1000,6.6900,6.9900,6.7000,11407281,79743498.1800,3,1.635500,1,4.328400,0
2022-07-19,sz.300388,7.0800,7.1500,6.9800,7.0900,6.9900,8431488,59549001.8400,3,1.208900,1,1.430600,0
2022-07-20,sz.300388,7.0900,7.1100,7.0200,7.0900,7.0900,4656220,32905682.0000,3,0.667600,1,0.000000,0
2022-07-21,sz.300388,7.0800,7.1300,7.0000,7.0000,7.0900,3369160,23713489.4000,3,0.483100,1,-1.269400,0
2022-07-22,sz.300388,7.0000,7.2400,7.0000,7.1600,7.0000,7974382,57016962.4200,3,1.143300,1,2.285700,0
2022-07-25,sz.300388,7.1200,7.2500,7.0200,7.0500,7.1600,4162128,29602674.5600,3,0.596700,1,-1.536300,0
2022-07-26,sz.300388,7.0600,7.0800,6.9300,7.0700,7.0500,3374412,23644960.0200,3,0.483800,1,0.283700,0
2022-07-27,sz.300388,7.0500,7.1300,7.0000,7.0800,7.0700,2323580,16440511.0000,3,0.333100,1,0.141400,0
2022-07-28,sz.300388,7.0900,7.1300,7.0200,7.0400,7.0800,2708720,19148323.6000,3,0.388400,1,-0.565000,0
2022-07-29,sz.300388,7.0300,7.0700,6.9600,6.9600,7.0400,2485118,17448686.1800,3,0.356300,1,-1.136400,0
2022-08-01,sz.300388,7.0500,7.0900,6.9300,7.0100,6.9600,2869218,20071091.2600,3,0.411400,1,0.718400,0
2022-08-02,sz.300388,6.9500,6.9900,6.6000,6.6600,7.0100,4841816,32533839.9000,3,0.694200,1,-4.992900,0
2022-08-03,sz.300388,6.6800,6.8500,6.6100,6.6200,6.6600,3295604,22217864.2800,3,0.472500,1,-0.600600,0
2022-08-04,sz.300388,6.6200,6.7100,6.5800,6.7000,6.6200,2552480,16990630.2000,3,0.366000,1,1.208500,0
2022-08-05,sz.300388,6.7100,6.7800,6.6500,6.7300,6.7000,1938860,12980804.2000,3,0.278000,1,0.447800,0
2022-08-08,sz.300388,6.7200,6.7500,6.6800,6.7500,6.7300,1692020,11385741.0000,3,0.242600,1,0.297200,0
2022-08-09,sz.300388,6.7400,6.7600,6.6800,6.7100,6.7500,1987720,13334650.2000,3,0.285000,1,-0.592600,0
2022-08-10,sz.300388,6.7000,6.7200,6.6400,6.6500,6.7100,2214155,14755177.7500,3,0.317500,1,-0.894200,0
2022-08-11,sz.300388,6.6600,6.7900,6.6600,6.7700,6.6500,3215303,21699966.8100,3,0.461000,1,1.804500,0
2022-08-12,sz.300388,6.7800,6.8500,6.7500,6.7800,6.7700,2522695,17129401.5000,3,0.361700,1,0.147700,0
2022-08-15,sz.300388,6.7700,6.8300,6.7200,6.7700,6.7800,2252900,15216407.0000,3,0.323000,1,-0.147500,0
2022-08-16,sz.300388,6.7900,6.8600,6.7600,6.8300,6.7700,2407958,16401807.1400,3,0.345200,1,0.886300,0
2022-08-17,sz.300388,6.8200,6.8700,6.8100,6.8600,6.8300,2506640,17156486.2000,3,0.359400,1,0.439200,0
2022-08-18,sz.300388,6.8500,6.8600,6.7600,6.7700,6.8600,2169420,14728039.6400,3,0.311000,1,-1.312000,0
2022-08-19,sz.300388,6.7600,6.8300,6.7600,6.8000,6.7700,2287596,15559808.2400,3,0.328000,1,0.443100,0
2022-08-22,sz.300388,6.9600,7.4400,6.9200,7.3800,6.8000,21957789,158196930.2800,3,3.148200,1,8.529400,0
2022-08-23,sz.300388,7.3700,7.5000,7.2800,7.3800,7.3800,14810056,109293032.3600,3,2.123400,1,0.000000,0
2022-08-24,sz.300388,7.4000,7.5500,7.2900,7.3100,7.3800,10090071,74742370.8800,3,1.446700,1,-0.948500,0
2022-08-25,sz.300388,7.3800,7.3800,7.1900,7.2700,7.3100,7325720,53302051.8000,3,1.050300,1,-0.547200,0
2022-08-26,sz.300388,7.3400,7.3400,7.1700,7.1800,7.2700,6041744,43708190.5600,3,0.866200,1,-1.238000,0
2022-08-29,sz.300388,7.1400,7.2500,7.0500,7.2200,7.1800,4605936,32973059.4000,3,0.660400,1,0.557100,0
2022-08-30,sz.300388,7.2400,7.3400,7.1000,7.1700,7.2200,4440292,31800858.1600,3,0.636600,1,-0.692500,0
2022-08-31,sz.300388,7.1800,7.2000,7.0000,7.0500,7.1700,6373640,45100108.2000,3,0.913800,1,-1.673600,0
2022-09-01,sz.300388,7.0000,7.1800,6.9500,7.1000,7.0500,4977500,35330897.8000,3,0.713600,1,0.709200,0
