date,code,open,high,low,close,volume,amount,adjustflag,turn,pctChg
2021-08-20,sh.605069,18.1600,29.0100,18.1600,26.1100,18171597,514811072.9100,3,44.635400,72.571100
2021-08-27,sh.605069,23.5000,24.5900,20.7000,21.3000,46676347,1023664544.3700,3,114.652700,-18.422100
2021-09-03,sh.605069,21.0000,22.4000,20.3500,20.8600,30444887,641685573.6700,3,74.782700,-2.065700
2021-09-10,sh.605069,20.7900,22.5000,20.6000,21.0500,31433277,680499365.6000,3,77.210600,0.910800
2021-09-17,sh.605069,21.4500,21.9700,19.2600,19.4300,18063171,371357194.1900,3,44.369100,-7.696000
2021-09-24,sh.605069,19.1300,20.5000,19.1300,19.3800,8867429,175488767.5200,3,21.781300,-0.257300
2021-09-30,sh.605069,19.4500,19.5900,18.6400,18.9000,6756177,128370382.0500,3,16.595400,-2.476800
2021-10-08,sh.605069,19.2700,19.2700,18.9800,19.0800,1072688,20459389.4800,3,2.634900,0.952400
2021-10-15,sh.605069,19.2500,20.8600,18.8000,19.3800,12561845,246318651.1300,3,30.856000,1.572300
2021-10-22,sh.605069,19.2000,19.5200,18.6800,18.7100,8293009,157935118.6900,3,20.370300,-3.457200
2021-10-29,sh.605069,18.7100,19.0600,17.3900,17.7400,6804233,124223309.0600,3,16.713400,-5.184400
2021-11-05,sh.605069,17.7800,18.1400,17.3600,17.8700,6362982,112896281.3100,3,15.629600,0.732800
2021-11-12,sh.605069,18.1500,19.3800,17.8800,18.9900,15456842,287731754.1400,3,37.967200,6.267500
2021-11-19,sh.605069,18.9900,19.2100,18.4800,18.7800,8914808,167960423.7000,3,21.897800,-1.105800
2021-11-26,sh.605069,18.8000,19.3800,18.6300,19.2500,9223752,175195488.5200,3,22.656500,2.502700
2021-12-03,sh.605069,18.8500,20.1700,18.7100,19.2200,14606812,283772290.4300,3,35.879200,-0.155800
2021-12-10,sh.605069,19.2200,19.3200,18.4000,18.9600,7770147,145549160.9700,3,19.086000,-1.352800
2021-12-17,sh.605069,18.9600,20.1200,18.8300,19.5300,12142157,236634683.0300,3,29.825300,3.006300
2021-12-24,sh.605069,19.4800,22.6800,19.2500,20.7000,55422983,1175091427.0900,3,136.137200,5.990800
2021-12-31,sh.605069,20.4100,20.4900,19.1800,19.2200,22618351,446580983.6100,3,55.558100,-7.149800
