date,code,open,high,low,close,volume,amount,adjustflag,turn,pctChg
2021-01-08,sh.603776,16.2900,17.1600,15.5500,16.1900,10709419,176474211.8800,3,5.709200,-2.234300
2021-01-15,sh.603776,16.2100,16.2900,15.1900,15.8600,9880519,154755811.5800,3,5.267200,-2.038295
2021-01-22,sh.603776,15.7600,16.4500,15.7000,15.9200,8539684,136855352.0000,3,4.555100,0.378310
2021-01-29,sh.603776,15.8200,15.9200,14.4000,14.5600,8503260,129774900.1900,3,4.547300,-8.542714
2021-02-05,sh.603776,14.6100,14.9900,13.8200,14.0900,9207877,132487345.0700,3,4.924000,-3.228022
2021-02-10,sh.603776,14.7000,17.4300,14.6000,16.4100,18964533,308790775.0900,3,10.141600,16.465578
2021-02-19,sh.603776,16.5100,17.1000,16.3100,16.9800,8999893,150248391.0000,3,4.812900,3.473492
2021-02-26,sh.603776,16.9100,18.2900,16.1800,17.7900,18554140,317769864.2900,3,9.922300,4.770318
2021-03-05,sh.603776,17.6800,18.6800,17.5600,18.1900,15701843,282996441.0000,3,8.396900,2.248454
2021-03-12,sh.603776,18.3200,20.1200,16.8500,19.1600,19097053,352008683.0000,3,10.212500,5.332600
2021-03-19,sh.603776,19.0000,20.5000,18.9900,20.4000,19332494,386809094.0000,3,10.338500,6.471816
2021-03-26,sh.603776,20.2800,20.8800,19.0500,19.8900,14835686,295293274.3500,3,7.933600,-2.500000
2021-04-02,sh.603776,20.1000,20.5800,19.7000,20.1500,11235940,225376048.0000,3,6.008600,1.307190
2021-04-09,sh.603776,20.4200,20.9800,19.7800,20.7800,12047540,245496358.0000,3,6.442600,3.126551
2021-04-16,sh.603776,20.9800,21.5100,19.8100,21.0600,20714177,427476101.0000,3,11.077300,1.347449
2021-04-23,sh.603776,21.1400,24.4900,20.8200,24.0500,29985640,693604447.2600,3,16.035400,14.197500
2021-04-30,sh.603776,26.3500,28.8800,24.2000,27.9300,47860269,1255701040.9200,3,25.594300,16.133100
2021-05-07,sh.603776,29.7400,31.7000,28.8000,31.1200,27377052,833829451.3000,3,14.640400,11.421400
2021-05-14,sh.603776,31.5000,31.5000,25.9000,27.0500,36041734,1017360870.5700,3,19.274100,-13.078400
2021-05-21,sh.603776,26.6000,27.4400,25.1300,26.2800,25498911,669847349.4300,3,13.636100,-2.846600
2021-05-28,sh.603776,26.1900,27.1000,23.7400,24.1400,31801638,790683523.3700,3,17.006600,-8.143100
2021-06-04,sh.603776,23.9700,26.2000,23.6000,25.5900,28940611,720984388.6600,3,15.476600,6.006600
2021-06-11,sh.603776,25.6200,26.4600,20.1800,20.2000,20549404,503060324.0100,3,10.336900,-3.166400
2021-06-18,sh.603776,20.1400,20.2200,17.9900,19.6700,23662086,454057676.1100,3,10.312800,-2.623800
2021-06-25,sh.603776,19.1900,19.5100,18.3000,18.6300,17898966,339054276.5600,3,7.801000,-5.287200
2021-07-02,sh.603776,18.5100,18.9400,17.5000,17.5900,16670452,301926030.8400,3,7.265600,-5.582400
2021-07-09,sh.603776,19.3500,20.2300,17.3100,19.9000,51714216,987777342.0800,3,22.538900,13.132500
2021-07-16,sh.603776,20.0000,20.3900,17.7000,19.1300,35515671,673510259.9600,3,15.479100,-3.869300
2021-07-23,sh.603776,18.7800,18.8900,17.6000,17.7600,24066333,441403760.7100,3,10.488900,-7.161500
2021-07-30,sh.603776,17.6600,17.9100,15.5500,16.2500,19643165,326244728.1400,3,8.561200,-8.502300
2021-08-06,sh.603776,16.1800,17.3700,16.0200,16.3000,15267047,254182685.2400,3,6.560000,0.307700
2021-08-13,sh.603776,16.4000,17.8900,16.3400,17.6000,22265497,385007825.1500,3,9.567200,7.975500
2021-08-20,sh.603776,17.6500,19.8800,17.3000,17.8200,36451692,672861313.4600,3,15.662800,1.250000
2021-08-27,sh.603776,17.8200,19.6000,17.5300,18.9500,39922568,753283278.6000,3,17.154200,6.341200
2021-09-03,sh.603776,18.9700,19.1300,17.3000,18.4800,32355889,588037560.4600,3,13.902800,-2.480200
2021-09-10,sh.603776,18.5600,18.8700,17.9300,18.0000,19250103,356072543.6000,3,8.271400,-2.597400
2021-09-17,sh.603776,17.9600,18.7500,16.0000,16.4500,25412058,447601738.0900,3,10.919200,-8.611100
2021-09-24,sh.603776,16.1600,16.7800,16.1000,16.2300,8550727,140822780.2200,3,3.674100,-1.337400
2021-09-30,sh.603776,16.2000,16.3300,15.5800,15.8400,9268055,146983072.9200,3,3.982400,-2.403000
2021-10-08,sh.603776,16.0000,16.2800,15.9800,16.1700,2178135,35053852.0200,3,0.935900,2.083300
2021-10-15,sh.603776,16.1500,16.7500,15.7100,16.2700,10862862,175087900.2700,3,4.667200,0.618400
2021-10-22,sh.603776,16.3800,16.5000,15.9000,15.9500,8320414,134820904.3200,3,3.574900,-1.966800
2021-10-29,sh.603776,15.9500,16.4400,15.2700,15.5100,9260690,147049512.0900,3,3.978900,-2.758600
2021-11-05,sh.603776,15.4500,16.2900,15.1000,16.1300,13611752,213211162.2900,3,5.848300,3.997400
2021-11-12,sh.603776,16.7500,17.3500,16.2300,16.7700,16458468,274338070.5800,3,7.071500,3.967800
2021-11-19,sh.603776,16.7600,18.1600,16.6100,17.9800,23694346,413259748.4100,3,10.180400,7.215300
2021-11-26,sh.603776,17.8400,18.8300,17.1800,18.4300,26103032,467648284.4000,3,11.215400,2.502800
2021-12-03,sh.603776,18.0000,19.7800,17.6600,18.9600,49421429,935562596.7800,3,21.313600,2.875700
2021-12-10,sh.603776,18.6000,19.6100,18.1000,19.2700,27410122,518838163.0400,3,11.821000,1.635000
2021-12-17,sh.603776,19.1500,20.5800,19.0400,19.7500,29253894,582189326.3100,3,12.616000,2.490900
2021-12-24,sh.603776,19.7700,21.2300,18.4100,20.4200,62206891,1247157358.0100,3,26.827200,3.392400
2021-12-31,sh.603776,20.1900,22.5900,20.1200,20.7300,50147348,1075625812.6700,3,21.626400,1.518100
