date,code,open,high,low,close,volume,amount,adjustflag,turn,pctChg
2021-06-25,sh.688276,120.0000,135.8800,110.0000,118.5000,20776161,2521493288.0300,3,66.113800,225.997200
2021-07-02,sh.688276,108.5500,115.8600,98.8000,101.5100,25001848,2651560910.2500,3,79.560700,-14.337600
2021-07-09,sh.688276,101.3200,104.6500,90.5000,95.1800,10801662,1050387165.6900,3,34.372900,-6.235800
2021-07-16,sh.688276,94.9900,109.8000,91.8100,104.0000,8707074,891735895.3800,3,27.707600,9.266700
2021-07-23,sh.688276,104.1800,105.9900,89.2000,90.4000,5483918,532369647.2900,3,17.451000,-13.076900
2021-07-30,sh.688276,89.8700,92.2000,77.0000,87.0000,7876456,663978808.2500,3,25.064400,-3.761100
2021-08-06,sh.688276,86.9200,93.5000,78.1100,82.0700,7237995,611010520.2300,3,23.032700,-5.666700
2021-08-13,sh.688276,82.2700,85.6600,80.1500,85.0700,3088455,258215106.3800,3,9.828100,3.655400
2021-08-20,sh.688276,85.3800,85.8600,72.5000,72.9800,5893873,460281792.4600,3,17.835900,-14.211800
2021-08-27,sh.688276,72.8700,83.2800,72.6000,82.6000,4894991,387266671.5100,3,14.813200,13.181700
2021-09-03,sh.688276,82.6000,87.8000,77.0700,82.2000,4155358,343631858.7000,3,12.574800,-0.484300
2021-09-10,sh.688276,82.2000,95.0200,81.5000,93.0100,5547188,492170504.2700,3,16.786800,13.150900
2021-09-17,sh.688276,92.3600,103.2000,87.1100,91.0600,5780818,548237754.9900,3,17.493800,-2.096500
2021-09-24,sh.688276,90.0500,93.0000,86.9000,89.7700,1873448,167093495.1100,3,5.669400,-1.416600
2021-09-30,sh.688276,90.5300,99.5100,88.1700,97.9800,3379050,312682316.2600,3,10.225700,9.145600
2021-10-08,sh.688276,96.0100,103.1800,93.6600,94.7200,977307,95428621.4800,3,2.957500,-3.327200
2021-10-15,sh.688276,95.3600,96.5700,80.6600,81.9400,4148736,366751520.4100,3,12.554800,-13.492400
2021-10-22,sh.688276,80.8600,83.5000,76.0000,76.3000,2662512,211340639.6900,3,8.057300,-6.883100
2021-10-29,sh.688276,76.2000,76.9700,65.5800,67.5500,5433328,384456528.4900,3,16.442300,-11.467900
2021-11-05,sh.688276,67.5400,70.0000,64.0500,65.6900,7104727,473559563.6000,3,21.500300,-2.753500
2021-11-12,sh.688276,65.6900,69.0000,62.6000,68.4700,5392039,356837153.7800,3,16.317400,4.232000
2021-11-19,sh.688276,69.9800,79.0000,68.1900,76.0100,5140377,384268773.5000,3,15.555700,11.012100
2021-11-26,sh.688276,75.8800,78.0000,70.5100,76.7100,7200208,534391567.4300,3,21.789200,0.920900
2021-12-03,sh.688276,75.9800,79.8800,74.2400,77.1200,4916535,379752206.7500,3,14.878400,0.534500
2021-12-10,sh.688276,77.8400,83.0000,76.2000,77.5200,5061263,398844921.9800,3,15.316400,0.518700
2021-12-17,sh.688276,77.5500,78.7800,71.0000,72.3000,3081107,230243493.8400,3,9.324000,-6.733700
2021-12-24,sh.688276,71.6000,72.6000,67.0300,67.3500,2236173,156613793.6200,3,6.767000,-6.846500
2021-12-31,sh.688276,66.1000,71.1700,64.8800,68.6000,4272367,289190163.1300,3,12.330700,1.856000
