date,code,open,high,low,close,volume,amount,adjustflag,turn,pctChg
2021-01-08,sz.399242,1315.1587,1344.6773,1253.6607,1316.3630,4231033067,33001775221.0900,3,8.882274,0.198800
2021-01-15,sz.399242,1317.5199,1360.8439,1275.8003,1315.4809,3903498535,30659553024.8300,3,8.194676,-0.067000
2021-01-22,sz.399242,1308.9842,1374.2961,1308.9842,1345.2500,3883903460,30153859225.6800,3,8.153539,2.263000
2021-01-29,sz.399242,1346.9614,1386.2942,1272.3959,1294.3029,4455615197,33055616622.5700,3,9.352741,-3.787200
2021-02-05,sz.399242,1292.8751,1355.4621,1288.1143,1320.0130,3872569939,29628524515.9700,3,8.128723,1.986400
2021-02-10,sz.399242,1322.7964,1371.4430,1283.0268,1363.3763,1989292582,15718658847.2600,3,4.175555,3.285100
2021-02-19,sz.399242,1407.5207,1439.0718,1375.5946,1416.3828,1912602954,14843139262.2500,3,4.014583,3.887900
2021-02-26,sz.399242,1417.6629,1423.5746,1303.1024,1312.2824,4230410852,31915760672.1000,3,8.879557,-7.349700
2021-03-05,sz.399242,1330.1258,1363.0937,1275.0564,1310.7578,4017534984,29640733682.6600,3,8.432734,-0.116200
2021-03-12,sz.399242,1318.0424,1341.7605,1226.4598,1269.7176,5013567965,36245337106.3300,3,10.523269,-3.131000
2021-03-19,sz.399242,1255.9791,1325.9418,1249.6870,1277.6927,4131965047,29823711864.4900,3,8.672678,0.628100
2021-03-26,sz.399242,1273.2947,1308.5387,1255.0995,1292.0574,3625223386,27138497520.6600,3,7.609066,1.124300
2021-04-02,sz.399242,1259.5423,1259.5423,1207.8584,1237.6272,3579891634,26283514976.3500,3,7.498152,-4.212700
2021-04-09,sz.399242,1239.5102,1256.0378,1233.3452,1246.5179,3174465890,21923591424.8000,3,6.636388,0.718400
2021-04-16,sz.399242,1249.3674,1264.9931,1200.3162,1240.5265,4587552426,30375558617.1300,3,9.590519,-0.480700
2021-04-23,sz.399242,1237.1062,1305.6951,1233.5764,1269.6775,4100688734,28073272925.4600,3,8.571282,2.349900
2021-04-30,sz.399242,1266.9876,1301.4173,1265.0389,1291.2878,3520845233,24631756072.3400,3,7.332264,1.702000
2021-05-07,sz.399242,1292.1924,1310.5695,1272.2727,1276.6739,1327008849,9907551973.8500,3,2.763239,-1.131700
2021-05-14,sz.399242,1275.3713,1282.1828,1238.0128,1271.0094,3304781708,26008371388.4500,3,6.881569,-0.443700
2021-05-21,sz.399242,1270.5400,1306.5132,1269.8541,1287.3452,3120912261,24697669197.9500,3,6.500983,1.285300
2021-05-28,sz.399242,1280.7490,1333.4382,1279.8697,1310.1174,3778399290,29797532240.5700,3,7.871613,1.768900
2021-06-04,sz.399242,1305.4766,1311.1144,1265.9273,1285.8928,3925666806,28210149360.3000,3,8.174558,-1.849000
2021-06-11,sz.399242,1286.2212,1302.8311,1263.4930,1271.6146,3632706262,26827606556.0600,3,7.548689,-1.110400
2021-06-18,sz.399242,1269.8787,1270.6905,1215.0674,1229.9141,2714565167,19937554599.5600,3,5.636317,-3.279300
2021-06-25,sz.399242,1228.4900,1247.6928,1202.9480,1228.8269,3473194089,27160499095.7600,3,7.211615,-0.088400
2021-07-02,sz.399242,1226.0373,1256.9682,1202.5510,1207.7438,3117584003,24953449811.9800,3,6.490611,-1.715700
2021-07-09,sz.399242,1210.5560,1216.2896,1166.4995,1186.9181,3318168083,26872659297.4000,3,6.922944,-1.724300
2021-07-16,sz.399242,1193.0090,1226.0115,1179.8791,1199.4039,3041996294,25176239031.6400,3,6.346220,1.052000
2021-07-23,sz.399242,1189.9056,1216.7373,1170.1537,1172.0368,3317581730,25078131218.2700,3,6.920714,-2.281700
2021-07-30,sz.399242,1159.4535,1162.0894,1070.4995,1093.5555,3387913469,23271645821.7000,3,7.065996,-6.696100
2021-08-06,sz.399242,1089.7780,1124.6363,1072.0491,1077.2937,2702803863,17153574442.0700,3,5.712045,-1.487100
2021-08-13,sz.399242,1073.9750,1161.3176,1072.7570,1110.8244,2827214162,17912243578.7600,3,6.167550,3.112500
2021-08-20,sz.399242,1113.4051,1138.0713,1067.6423,1080.9150,2866023887,18867796713.0200,3,6.190599,-2.692500
2021-08-27,sz.399242,1083.1358,1164.2451,1082.5090,1103.3234,3257140887,22495277911.3500,3,6.955983,2.073100
2021-09-03,sz.399242,1098.8585,1113.5212,1077.3748,1109.2158,3860888201,28900333950.8100,3,8.320588,0.534100
2021-09-10,sz.399242,1109.4172,1150.5780,1106.6270,1135.9816,4227076616,31411631333.4600,3,9.105622,2.413000
2021-09-17,sz.399242,1134.3645,1138.5463,1086.2980,1102.1175,3479381810,25263382061.9900,3,7.492238,-2.981000
2021-09-24,sz.399242,1088.5343,1115.8578,1084.6365,1098.8403,1709880107,13148406109.5000,3,3.705450,-0.297400
2021-09-30,sz.399242,1099.0081,1108.1080,1055.5000,1070.3081,2280380266,15770224041.4400,3,4.884993,-2.596600
2021-10-08,sz.399242,1081.9569,1115.8208,1080.3842,1110.5339,741782938,5032449858.1300,3,1.663418,3.758300
2021-10-15,sz.399242,1114.8863,1130.0957,1082.3237,1120.6035,2873720522,20354967444.7000,3,6.228789,0.906700
2021-10-22,sz.399242,1117.9513,1122.6734,1089.6088,1107.6593,3498421431,24445779784.9000,3,7.592934,-1.155100
2021-10-29,sz.399242,1104.9128,1110.3790,1032.1799,1089.5115,3916970722,26609209779.1500,3,8.485118,-1.638400
2021-11-05,sz.399242,1079.0433,1134.2390,1072.5682,1120.7383,4445406090,33278267990.2300,3,9.657298,2.866100
2021-11-12,sz.399242,1119.3440,1142.2252,1113.4314,1126.6456,4605926842,34731238744.9300,3,9.973238,0.527100
2021-11-19,sz.399242,1120.9126,1170.9855,1117.5821,1141.7546,5139698886,37842178019.5600,3,10.760400,1.341100
2021-11-26,sz.399242,1143.2686,1157.3297,1131.4520,1144.7304,5086402439,34385652868.4000,3,10.484840,0.260600
2021-12-03,sz.399242,1128.1584,1142.7324,1119.4329,1125.4927,5112867998,35379681068.8000,3,10.429051,-1.680500
2021-12-10,sz.399242,1119.7550,1204.4160,1107.9646,1190.4843,6174584791,42052189433.9000,3,12.224679,5.774500
2021-12-17,sz.399242,1204.6430,1256.5380,1203.5821,1237.7913,8127635170,65283132999.4600,3,16.030379,3.973800
2021-12-24,sz.399242,1231.3397,1266.4596,1213.2045,1234.4833,6301869994,52858910951.3500,3,11.961133,-0.267300
2021-12-31,sz.399242,1237.2914,1271.9898,1219.2855,1266.3283,5934586563,49344537512.7100,3,11.159258,2.579600
