date,code,open,high,low,close,volume,amount,adjustflag,turn,pctChg
2022-01-07,sh.000071,4125.0320,4128.3015,4001.7523,4030.7855,12110431200,142472415666.0000,3,5.091974,-2.085700
2022-01-14,sh.000071,4034.6013,4093.3762,3968.2129,3974.2484,16982631500,195236958745.0000,3,7.140548,-1.402600
2022-01-21,sh.000071,3960.0713,4033.0842,3916.3259,3932.7103,12755416400,153335938012.0000,3,5.362462,-1.045200
2022-01-28,sh.000071,3913.8551,3960.7729,3662.2588,3718.5867,11721393900,132368115652.0000,3,4.927752,-5.444700
2022-02-11,sh.000071,3768.4044,4057.4400,3768.4044,3983.4830,15903386200,186163349138.0000,3,6.685889,7.123600
2022-02-18,sh.000071,3974.8206,4059.2153,3921.6091,4058.3056,13697723200,179907117588.0000,3,5.758614,1.878300
2022-02-25,sh.000071,4055.4560,4124.4699,4003.0826,4075.4505,18192440300,228866826122.0000,3,7.648222,0.422500
2022-03-04,sh.000071,4088.0718,4160.1219,4052.9809,4064.3022,20251204600,242848005206.0000,3,8.513741,-0.273500
2022-03-11,sh.000071,4088.2539,4114.1300,3667.6226,3848.6929,21304516000,258272967864.0000,3,8.956560,-5.305000
2022-03-18,sh.000071,3795.8396,3846.2806,3419.6059,3722.9757,16974526800,203196218407.0000,3,7.136204,-3.266500
2022-03-25,sh.000071,3730.7219,3808.6312,3699.0724,3741.3454,12761005900,151300594137.0000,3,5.341016,0.493400
2022-04-01,sh.000071,3709.8457,3771.8079,3657.0520,3752.2696,11047452300,143481718555.0000,3,4.609656,0.292000
2022-04-08,sh.000071,3745.5024,3835.7563,3707.6711,3834.6214,9082608800,104455073881.0000,3,3.789752,2.194700
2022-04-15,sh.000071,3819.0811,3825.6915,3689.7868,3738.1386,15205962000,180138007059.0000,3,6.344744,-2.516100
2022-04-22,sh.000071,3712.4325,3760.4690,3400.6129,3484.4812,11880239900,134399252257.0000,3,4.953611,-6.785700
2022-04-29,sh.000071,3417.9430,3417.9430,3100.4101,3412.9574,14841951800,158276972308.0000,3,6.186074,-2.052600
2022-05-06,sh.000071,3397.2915,3478.7263,3336.4284,3356.1521,5081735500,59119819092.0000,3,2.118050,-1.664400
2022-05-13,sh.000071,3340.0475,3474.0252,3298.5908,3406.6380,12307496400,136435331575.0000,3,5.129714,1.504300
2022-05-20,sh.000071,3433.7679,3546.1833,3374.5392,3545.5111,11348909400,129371174658.0000,3,4.730140,4.076500
2022-05-27,sh.000071,3549.4036,3601.2354,3451.6031,3512.9900,14964667400,147866168298.0000,3,6.239691,-0.917200
2022-06-02,sh.000071,3523.9993,3583.9384,3506.3343,3579.3817,9588100300,110833162350.0000,3,3.995761,1.889900
2022-06-10,sh.000071,3582.4939,3750.4722,3582.4939,3741.9072,17956997100,203486504827.0000,3,7.471947,4.540600
2022-06-17,sh.000071,3712.9123,3829.0595,3661.2964,3793.4388,20632879200,247638940385.0000,3,9.079092,1.377100
2022-06-24,sh.000071,3801.7507,3813.7201,3606.6898,3752.6450,27128615600,251949514035.0000,3,11.937121,-1.075400
2022-07-01,sh.000071,3762.6755,3839.6621,3738.0296,3815.1026,22387773600,221326887785.0000,3,9.827481,1.664400
2022-07-08,sh.000071,3811.0676,3901.0303,3725.8284,3736.2268,17863614000,214752496007.0000,3,7.841544,-2.067500
