date,code,open,high,low,close,volume,amount,adjustflag,turn,pctChg
2022-01-07,sh.603029,14.2800,14.8600,14.2000,14.3400,4446116,64663239.1600,3,4.763300,0.279700
2022-01-14,sh.603029,14.3300,14.8600,14.0000,14.3700,4941800,71966104.0000,3,5.294400,0.209200
2022-01-21,sh.603029,14.5700,14.9200,13.7900,14.1300,5731500,82706691.0000,3,6.140500,-1.670100
2022-01-28,sh.603029,14.1300,15.1800,12.6000,13.8600,10912168,147976321.1100,3,11.690800,-1.910800
2022-02-11,sh.603029,14.1000,14.9500,13.5500,14.5100,13756083,199785507.6900,3,14.737600,4.689800
2022-02-18,sh.603029,14.5100,23.3800,14.4600,23.3800,51133632,1025104231.4600,3,54.782100,61.130300
2022-02-25,sh.603029,22.2500,27.2000,21.6400,21.6400,79548985,1957343603.0500,3,85.225000,-7.442300
2022-03-04,sh.603029,19.9100,21.4000,18.5900,21.4000,51303471,1026104166.0000,3,54.963900,-1.109100
2022-03-11,sh.603029,21.4900,21.8000,16.0000,17.4600,49095330,880719671.0000,3,52.598300,-18.411200
2022-03-18,sh.603029,17.0400,17.7700,16.4900,17.3600,29409681,508217744.8900,3,31.508100,-0.572700
2022-03-25,sh.603029,17.3600,19.0800,16.9800,17.4800,33337923,591558489.3200,3,35.716700,0.691200
2022-04-01,sh.603029,17.4400,19.3200,17.1500,18.3100,34807296,635397642.1400,3,37.290900,4.748300
2022-04-08,sh.603029,17.5800,17.9000,16.1300,16.2400,17535050,297865213.5200,3,18.786200,-11.305300
2022-04-15,sh.603029,16.4100,17.3000,15.2600,15.2700,27159216,448341663.0000,3,29.097000,-5.972900
2022-04-22,sh.603029,14.8700,16.4900,14.7000,15.0600,14399850,223778017.5000,3,15.427300,-1.375200
2022-04-29,sh.603029,14.9400,15.0000,12.4100,13.8700,15170494,203683006.3700,3,16.253000,-7.901700
2022-05-06,sh.603029,13.5600,13.9800,13.2000,13.9100,5293100,72419412.0000,3,5.670700,0.288400
2022-05-13,sh.603029,14.1800,14.8400,13.9500,14.5200,12350178,178529788.5600,3,13.231400,4.385300
2022-05-20,sh.603029,14.5200,15.3000,14.1600,14.9100,10770033,158438388.0000,3,11.538400,2.686000
2022-05-27,sh.603029,14.9200,15.5900,11.5000,12.5200,15613412,216544735.1200,3,15.157100,9.990500
2022-06-02,sh.603029,12.3000,12.8500,12.0500,12.6100,20043129,248304777.7000,3,16.517900,0.718800
2022-06-10,sh.603029,12.5700,14.1000,12.2300,12.6600,35721308,462667009.6500,3,29.438500,0.396500
2022-06-17,sh.603029,12.5000,12.7800,12.1800,12.3900,27374375,339824016.6400,3,22.559700,-2.132700
2022-06-24,sh.603029,12.4200,12.4700,11.8900,12.0800,10937269,132737819.1000,3,9.013600,-2.502000
2022-07-01,sh.603029,12.0800,12.2400,11.7300,12.0100,13910616,167214708.6800,3,11.463900,-0.579500
2022-07-08,sh.603029,12.2000,12.2000,11.7900,11.9000,8616594,102625055.2000,3,7.101200,-0.915900
