date,code,open,high,low,close,volume,amount,adjustflag,turn,pctChg
2022-01-07,sh.600731,8.5600,8.6800,8.1700,8.1700,96273656,810206865.6700,3,20.882300,-4.778600
2022-01-14,sh.600731,8.1000,8.3300,8.0200,8.0600,51804928,424617331.3400,3,11.236800,-1.346400
2022-01-21,sh.600731,8.0100,8.1200,7.5700,7.6000,47054023,371992400.2600,3,10.206400,-5.707200
2022-01-28,sh.600731,7.6000,7.6800,7.2000,7.2900,29196848,215483530.6000,3,6.332900,-4.078900
2022-02-11,sh.600731,7.3600,7.6600,7.3600,7.4700,23114208,174282903.4400,3,5.013600,2.469100
2022-02-18,sh.600731,7.4500,7.7700,7.4100,7.7100,29120463,221526050.7700,3,6.316400,3.212900
2022-02-25,sh.600731,7.7300,7.9900,7.6200,7.7500,40245839,313504256.6300,3,8.729600,0.518800
2022-03-04,sh.600731,7.8500,7.9100,7.6400,7.6800,30088527,234555998.0000,3,6.526300,-0.903200
2022-03-11,sh.600731,7.6800,7.7100,6.8000,7.1700,31980596,231770836.0000,3,6.936800,-6.640600
2022-03-18,sh.600731,7.1100,7.2000,6.3800,6.8500,31901490,215856102.6400,3,6.919600,-4.463000
2022-03-25,sh.600731,6.8100,7.6000,6.8100,7.6000,50454135,370236908.8100,3,10.943700,10.948900
2022-04-01,sh.600731,7.7000,8.1400,7.5000,7.6600,177115774,1385944659.3100,3,38.417500,0.789500
2022-04-08,sh.600731,7.6600,7.8800,7.3000,7.4600,45768529,346655976.2200,3,9.927400,-2.611000
2022-04-15,sh.600731,7.6000,7.6400,7.1000,7.1100,43939935,323617548.4700,3,9.530900,-4.691700
2022-04-22,sh.600731,7.1100,7.5000,6.7200,6.8100,43985794,314648639.7200,3,9.540800,-4.219400
2022-04-29,sh.600731,6.7700,6.7700,5.8000,6.4100,42363259,264362738.7600,3,9.188900,-5.873700
2022-05-06,sh.600731,6.4000,6.6400,6.3600,6.4900,11822173,77018787.0800,3,2.564300,1.248000
2022-05-13,sh.600731,6.5200,6.9100,6.4400,6.7900,41759275,278656642.3300,3,9.057800,4.622500
2022-05-20,sh.600731,6.7500,7.4700,6.7500,7.2100,72106152,520904789.2500,3,15.640200,6.185600
2022-05-27,sh.600731,7.1900,7.2600,6.9000,7.1700,32632407,231809636.6900,3,7.078200,-0.554800
2022-06-02,sh.600731,7.2300,7.6300,7.0200,7.0700,55160625,401340501.2400,3,11.964700,-1.394700
2022-06-10,sh.600731,7.0700,7.3200,6.8800,7.0100,34923050,246306147.9000,3,7.575100,-0.848700
2022-06-17,sh.600731,6.9900,7.2100,6.8800,7.0900,36626131,258081250.6900,3,7.944400,1.141200
2022-06-24,sh.600731,7.1000,7.1900,6.8300,7.1400,34155426,239968252.1800,3,7.408500,0.705200
2022-07-01,sh.600731,7.1400,7.3600,7.0900,7.2200,33733359,244078852.0100,3,7.317000,1.120400
2022-07-08,sh.600731,7.2300,7.7500,7.0300,7.4700,53075588,389897152.4600,3,11.512400,3.462600
