date,code,open,high,low,close,volume,amount,adjustflag,turn,pctChg
2022-01-07,sh.688559,59.0200,61.0000,53.9100,55.2400,9371155,530149003.4900,3,7.316900,-7.486200
2022-01-14,sh.688559,54.8000,56.4000,49.8400,51.9400,10264663,543555841.7400,3,8.014700,-5.973900
2022-01-21,sh.688559,53.4000,56.6600,50.4000,50.4900,11392438,611058575.7600,3,8.895100,-2.791700
2022-01-28,sh.688559,50.8000,52.6000,47.4700,49.0900,6564111,329535932.9200,3,5.125200,-2.772800
2022-02-11,sh.688559,50.1100,50.8500,41.7000,42.4800,11821734,537637384.6100,3,9.230300,-13.465100
2022-02-18,sh.688559,42.4800,46.6800,41.3400,43.5500,12215552,536506500.5800,3,9.537900,2.518800
2022-02-25,sh.688559,43.6400,47.9600,41.5000,46.0000,12074347,540487179.0300,3,9.427500,5.625700
2022-03-04,sh.688559,47.3800,48.4800,44.5000,45.1500,12252442,568382379.0000,3,9.566700,-1.847800
2022-03-11,sh.688559,45.1500,48.3900,39.6000,48.2100,13093183,576893775.0000,3,10.223000,6.777400
2022-03-18,sh.688559,49.5300,60.0000,48.1900,58.1100,26953342,1449567130.3100,3,21.044900,20.535200
2022-03-25,sh.688559,57.0100,67.5000,57.0000,60.1700,23919927,1483272987.2800,3,18.676500,3.545000
2022-04-01,sh.688559,59.0100,65.4000,55.7000,63.0100,20279917,1226367767.5000,3,15.834500,4.720000
2022-04-08,sh.688559,61.4400,63.4800,58.6000,59.4000,8672045,529665152.1700,3,6.771100,-5.729200
2022-04-15,sh.688559,60.2000,63.8900,55.1200,62.8000,17235566,1021183847.6800,3,13.457400,5.723900
2022-04-22,sh.688559,65.4000,69.5800,54.5800,55.0000,41520310,2588072800.6300,3,32.418700,-12.420400
2022-04-29,sh.688559,54.0000,59.8700,44.7200,57.9300,25763500,1361384731.2100,3,20.065400,5.327300
2022-05-06,sh.688559,56.4800,60.8000,55.1300,57.1000,8065660,467109381.1100,3,6.257500,-1.432800
2022-05-13,sh.688559,56.7900,62.0000,54.0000,57.6800,18031403,1044435571.2200,3,13.989100,1.015800
2022-05-20,sh.688559,57.6800,61.8000,55.0000,57.8100,25489147,1477986310.3300,3,19.774900,0.225400
2022-05-27,sh.688559,57.8500,58.2000,51.5000,52.1800,16812629,913260205.0900,3,13.043600,-9.738800
2022-06-02,sh.688559,52.0000,59.7800,50.7600,59.4400,17639644,980609918.6600,3,13.685300,13.913400
2022-06-10,sh.688559,61.6100,71.3000,60.9000,69.0000,39172534,2616865508.4400,3,30.390800,16.083400
2022-06-17,sh.688559,69.1700,81.8000,68.5400,81.0000,31622911,2442264085.9300,3,24.533700,17.391300
2022-06-24,sh.688559,82.5100,84.8800,77.0200,79.6500,26156398,2106510468.7000,3,20.292700,-1.666700
2022-07-01,sh.688559,78.0100,81.5900,71.0000,73.3000,27023675,2034209984.8800,3,20.965600,-7.972400
2022-07-08,sh.688559,73.5000,81.4900,72.3000,78.6100,20654823,1597452293.3700,3,16.024500,7.244200
