date,code,open,high,low,close,volume,amount,adjustflag,turn,pctChg
2022-01-07,sh.688027,173.5300,174.5000,169.5000,170.2600,1167018,200650330.0300,3,2.550800,-1.810800
2022-01-14,sh.688027,170.0000,173.6000,167.7700,171.6800,1399842,239384153.8500,3,3.059700,0.834000
2022-01-21,sh.688027,171.8700,176.0000,168.0100,168.1000,1798046,310030658.8300,3,3.930100,-2.085300
2022-01-28,sh.688027,167.0200,168.8000,146.0300,146.7300,2209028,346996507.7800,3,4.828500,-12.712700
2022-02-11,sh.688027,148.0300,149.2100,140.9000,145.0000,1580089,228218401.2300,3,3.453700,-1.179000
2022-02-18,sh.688027,144.0000,154.8800,141.6000,148.8700,1548004,227147079.9900,3,3.383700,2.669000
2022-02-25,sh.688027,149.9800,152.4900,141.0000,143.8900,1919902,277648937.3800,3,4.196500,-3.345200
2022-03-04,sh.688027,143.8900,143.9000,137.3000,138.4100,1535686,212628709.0000,3,3.356700,-3.808500
2022-03-11,sh.688027,138.5000,138.5000,119.3700,124.1800,1902450,242329864.0000,3,4.158200,-10.281000
2022-03-18,sh.688027,124.1200,124.1300,105.0000,115.2900,3348138,380491064.4600,3,7.318300,-7.159000
2022-03-25,sh.688027,114.0000,115.6000,109.9900,110.7000,1893011,213867033.7600,3,4.137800,-3.981300
2022-04-01,sh.688027,110.0000,114.9800,106.1100,109.5300,1798118,197004327.9900,3,3.930200,-1.056900
2022-04-08,sh.688027,108.9600,110.0000,101.6600,102.9500,1142753,121364506.2100,3,2.497900,-6.007500
2022-04-15,sh.688027,102.0200,103.9800,95.1500,97.5000,1964793,194320455.2200,3,4.294600,-5.293800
2022-04-22,sh.688027,97.0000,99.9000,90.8800,91.1600,1603023,153635106.6000,3,3.503900,-6.502600
2022-04-29,sh.688027,91.0000,91.0000,72.7000,81.3500,3264801,259209142.9400,3,7.002600,-10.761300
2022-05-06,sh.688027,81.3900,86.0000,80.7900,84.5600,991015,83140648.0500,3,2.125600,3.945900
2022-05-13,sh.688027,84.8900,91.8800,84.6700,88.8000,2400991,211995027.6900,3,5.149900,5.014200
2022-05-20,sh.688027,89.8000,94.7100,88.0500,93.2000,2522802,233046125.0700,3,5.411200,4.955000
2022-05-27,sh.688027,93.9000,94.5000,86.8800,89.3200,1869654,170042531.8500,3,4.010100,-4.163100
2022-06-02,sh.688027,90.0000,104.5000,88.1100,102.4900,3203594,307688584.9600,3,6.871300,14.744700
2022-06-10,sh.688027,103.1700,110.6500,96.1300,98.5300,4671313,478081303.6200,3,10.019500,-3.863800
2022-06-17,sh.688027,99.5300,103.9900,96.4000,100.2000,2811854,281124968.6600,3,6.031100,1.694900
2022-06-24,sh.688027,100.2000,105.8000,98.0100,104.0700,2102751,213148512.3700,3,4.510100,3.862300
2022-07-01,sh.688027,104.9900,105.1800,99.8000,99.9600,2063319,210714636.2500,3,4.425500,-3.949300
2022-07-08,sh.688027,100.2200,102.8500,96.0000,100.9900,2242041,222062055.1700,3,4.808800,1.030400
