date,code,open,high,low,close,volume,amount,adjustflag,turn,pctChg
2022-01-07,sh.688819,42.9200,42.9600,41.5000,41.9100,7570818,318335764.0200,3,7.127100,-2.079400
2022-01-14,sh.688819,41.9000,42.4000,41.0500,41.4700,7701000,322702400.2200,3,7.249700,-1.049900
2022-01-21,sh.688819,41.3900,42.7200,40.4100,40.4500,9520811,396315807.0600,3,7.695600,-2.459600
2022-01-28,sh.688819,40.4400,41.0000,36.8200,37.0400,8003084,310140046.4000,3,6.227800,-8.430200
2022-02-11,sh.688819,37.9300,38.5700,37.5000,37.7400,5912718,225091350.8300,3,4.601100,1.889800
2022-02-18,sh.688819,37.4700,39.1800,37.3800,38.0200,6134366,234237995.0700,3,4.773600,0.741900
2022-02-25,sh.688819,38.0700,38.8000,37.0000,37.3700,8651056,327501520.7800,3,6.732100,-1.709600
2022-03-04,sh.688819,36.9500,37.7700,34.8000,35.1500,10579879,382390097.0000,3,8.232900,-5.940600
2022-03-11,sh.688819,35.3000,35.3400,31.0200,32.7100,9014815,296681391.0000,3,7.015000,-6.941700
2022-03-18,sh.688819,32.4800,32.6200,30.1900,31.9500,7547649,238214255.5100,3,5.873400,-2.323400
2022-03-25,sh.688819,31.9500,34.2900,31.7900,31.8400,9446249,310860291.7300,3,7.350700,-0.344300
2022-04-01,sh.688819,31.5700,33.2900,30.8800,31.9600,6709065,213673658.4200,3,5.220800,0.376900
2022-04-08,sh.688819,31.9500,32.3000,30.6000,30.9000,3261080,102873985.2000,3,2.537600,-3.316600
2022-04-15,sh.688819,30.7600,30.9800,28.3100,28.3700,6025153,176880997.9700,3,4.688500,-8.187700
2022-04-22,sh.688819,28.2600,29.7200,27.0000,27.0500,5207747,148404342.4900,3,4.052400,-4.652800
2022-04-29,sh.688819,26.8000,26.8000,22.9900,25.3900,9963483,245448768.7600,3,7.753200,-6.136800
2022-05-06,sh.688819,25.6000,28.4200,25.6000,27.9500,6482850,177255711.7700,3,5.044700,10.082700
2022-05-13,sh.688819,27.8600,29.6300,27.0500,28.9000,10066680,287624215.2500,3,7.833500,3.398900
2022-05-20,sh.688819,29.1100,30.7500,28.7000,30.5800,10813637,321999114.8900,3,8.414800,5.813100
2022-05-27,sh.688819,30.5500,32.2700,29.4900,30.2600,11174863,343385725.6900,3,8.695900,-1.046400
2022-06-02,sh.688819,30.5600,33.9800,30.2100,33.6400,12306363,395662605.4000,3,9.576400,11.169900
2022-06-10,sh.688819,34.2000,35.6500,33.6500,34.7300,18843680,654209082.0500,3,14.663500,3.240200
2022-06-17,sh.688819,34.4000,35.7700,34.0000,35.4100,13186257,462940462.1900,3,10.261100,1.958000
2022-06-24,sh.688819,35.7700,37.3500,34.2600,36.5700,14266581,511049219.2300,3,11.101700,5.056000
2022-07-01,sh.688819,37.0000,37.1500,34.0500,34.0800,12270242,432249816.2700,3,9.548300,-6.808900
2022-07-08,sh.688819,34.2000,37.6600,33.7000,35.4700,15439509,555785806.4600,3,12.014500,4.078600
