date,code,open,high,low,close,volume,amount,adjustflag,turn,pctChg
2022-01-07,sh.603356,12.9500,13.6900,12.6800,13.1600,6813139,90813747.6000,3,5.109600,0.842900
2022-01-14,sh.603356,13.1600,13.4900,12.9400,13.1200,5339400,70901888.0000,3,4.004400,-0.304000
2022-01-21,sh.603356,13.1200,13.5000,12.7000,12.8200,9162573,119357095.2900,3,6.871600,-2.286600
2022-01-28,sh.603356,12.7400,13.0000,11.2400,12.0500,7611572,90513192.9900,3,5.708300,-6.006200
2022-02-11,sh.603356,12.1200,12.6400,11.9200,12.0900,4544300,56218165.0000,3,3.408200,0.332000
2022-02-18,sh.603356,12.0400,12.2800,11.7100,12.1500,4078500,48992240.0000,3,3.058700,0.496300
2022-02-25,sh.603356,12.2000,12.2300,11.5400,11.9700,6193234,74033981.7000,3,4.644800,-1.481500
2022-03-04,sh.603356,11.9800,12.8500,11.6000,12.4900,6988534,86084799.0000,3,5.241100,4.344200
2022-03-11,sh.603356,12.5000,12.9300,11.7400,12.5800,6706454,83239496.0000,3,5.029600,0.720600
2022-03-18,sh.603356,12.4700,13.2500,12.3500,13.1900,15078621,195296098.0000,3,11.308400,4.849000
2022-03-25,sh.603356,13.2700,13.9900,12.8600,12.8600,9042363,120464833.6500,3,6.781300,-2.501900
2022-04-01,sh.603356,12.8400,12.9500,11.9600,11.9900,6228446,77069934.5000,3,4.671100,-6.765200
2022-04-08,sh.603356,11.9900,12.7800,11.9700,12.2300,4075589,50578201.5700,3,3.056600,2.001700
2022-04-15,sh.603356,12.2400,12.3600,11.3800,11.5200,6370866,76193012.9000,3,4.777900,-5.805400
2022-04-22,sh.603356,11.5100,12.0000,11.0500,11.5500,5255363,61364731.3800,3,3.941300,0.260400
2022-04-29,sh.603356,11.5500,11.5500,9.5500,10.6900,8204300,85573532.3400,3,6.153000,-7.445900
2022-05-06,sh.603356,10.8800,11.1700,10.5500,11.0300,2019039,22091916.1700,3,1.514200,3.180500
2022-05-13,sh.603356,11.0300,11.9800,10.7300,11.5600,9998604,113840593.7000,3,7.498600,4.805100
2022-05-20,sh.603356,11.6800,13.9500,11.5700,13.2000,25425456,328942590.4700,3,19.068100,14.186900
2022-05-27,sh.603356,13.1900,14.0000,12.8600,13.4600,20504961,276568615.3100,3,15.378000,1.969700
2022-06-02,sh.603356,13.1700,13.5000,12.6000,13.2000,10453456,137495226.6500,3,7.839800,-1.931600
2022-06-10,sh.603356,13.3200,13.7700,12.2900,12.4800,18394030,238408291.9200,3,13.794700,-5.454500
2022-06-17,sh.603356,12.4100,13.1500,12.0300,12.8600,17514321,219485593.6200,3,13.135000,3.044900
2022-06-24,sh.603356,12.8600,13.8800,12.7300,13.5500,20061401,267256783.0000,3,15.045400,5.365500
2022-07-01,sh.603356,13.4500,13.7600,12.7000,12.8000,16528100,219042115.0000,3,12.395400,-5.535100
2022-07-08,sh.603356,12.9700,13.2900,12.3300,13.0300,9475400,120973168.0000,3,7.106200,1.796900
