date,code,open,high,low,close,volume,amount,adjustflag,turn,pctChg
2022-01-07,sh.603922,21.2700,22.4800,20.8800,21.0500,6423600,138520850.0000,3,5.018500,-0.987800
2022-01-14,sh.603922,21.1500,21.4500,20.5200,20.5300,4742332,99721291.9600,3,3.704900,-2.470300
2022-01-21,sh.603922,20.5300,21.0900,19.3200,19.6900,5085400,103036126.0000,3,3.973000,-4.091600
2022-01-28,sh.603922,19.6800,20.1000,18.0500,18.7500,4196089,79740495.9000,3,3.278300,-4.774000
2022-02-11,sh.603922,18.9000,20.5000,18.9000,19.5000,3654468,72332985.3300,3,2.855000,4.000000
2022-02-18,sh.603922,19.4500,20.4000,19.3300,20.1200,2683600,53447781.0000,3,2.096600,3.179500
2022-02-25,sh.603922,20.0000,20.8600,19.7700,20.2700,4453300,90176028.0000,3,3.479100,0.745500
2022-03-04,sh.603922,20.0000,22.0900,19.6100,20.9500,8342400,175217188.0000,3,6.517500,3.354700
2022-03-11,sh.603922,21.5400,21.5400,18.1500,18.9000,6367073,123951298.0000,3,4.974100,-9.785200
2022-03-18,sh.603922,18.9000,21.9500,18.1900,20.8000,13779244,280990577.1200,3,10.765100,10.052900
2022-03-25,sh.603922,20.7000,23.7900,20.7000,23.7900,11845071,261127446.2500,3,9.253900,14.375000
2022-04-01,sh.603922,23.8700,27.5800,23.1800,27.3100,24139604,604752211.1300,3,18.859000,14.796100
2022-04-08,sh.603922,27.2700,27.2900,24.4000,24.4800,11481398,294697949.5600,3,8.969900,-10.362500
2022-04-15,sh.603922,23.7200,24.4800,22.1500,23.6000,10201420,238263394.0100,3,7.969900,-3.594800
2022-04-22,sh.603922,23.5900,24.1000,20.3000,20.6600,7184423,161417275.5600,3,5.612800,-12.457600
2022-04-29,sh.603922,19.2000,20.6600,15.9600,18.9100,11834100,216812612.0000,3,9.245400,-8.470500
2022-05-06,sh.603922,18.6600,19.0300,17.9300,18.2500,2096200,38981377.0000,3,1.637700,-3.490200
2022-05-13,sh.603922,18.2900,20.3000,18.0300,20.3000,5989200,114927955.0000,3,4.679100,11.232900
2022-05-20,sh.603922,21.0700,21.0700,19.4500,20.4800,9444700,191021171.0300,3,7.378600,0.886700
2022-05-27,sh.603922,20.5300,21.7900,20.2000,20.8700,8046100,168733648.3200,3,6.286000,1.904300
2022-06-02,sh.603922,20.8700,22.7500,20.5000,22.4300,5606772,122800423.2800,3,4.380300,7.474800
2022-06-10,sh.603922,22.3900,22.9500,19.8000,21.4400,7725372,163695065.8000,3,6.035400,-4.200200
2022-06-17,sh.603922,21.8500,21.9700,20.6800,21.2500,4978372,106462457.3200,3,3.889400,-0.886200
2022-06-24,sh.603922,21.4100,24.3000,21.1300,23.9000,10826669,248698878.8300,3,8.458300,12.470600
2022-07-01,sh.603922,23.8000,24.3000,22.0500,23.9200,11802741,273026050.6000,3,9.220800,0.083700
2022-07-08,sh.603922,24.1600,24.1600,22.0000,22.4400,9414423,215022491.5800,3,7.355000,-6.187300
