date,code,open,high,low,close,volume,amount,adjustflag,turn,pctChg
2022-01-07,sz.002502,4.3500,4.6600,4.3200,4.4200,66536714,301203075.5800,3,7.988300,1.609200
2022-01-14,sz.002502,4.4900,4.7400,4.2700,4.3500,79482610,357628926.0400,3,9.542700,-1.583700
2022-01-21,sz.002502,4.3500,4.5300,4.0600,4.0900,61082115,262237903.4900,3,7.333600,-5.977000
2022-01-28,sz.002502,4.0900,4.1300,3.6700,3.8300,41756937,161247143.5200,3,5.013400,-6.357000
2022-02-11,sz.002502,3.9800,4.0200,3.7700,3.8600,35316272,137986393.8400,3,4.240200,0.783300
2022-02-18,sz.002502,3.8700,3.9500,3.7200,3.8300,35551609,136405348.4400,3,4.268400,-0.777200
2022-02-25,sz.002502,3.8000,3.8800,3.5300,3.6600,45429204,169235407.2000,3,5.454300,-4.438600
2022-03-04,sz.002502,3.6800,3.7900,3.5600,3.6400,40553100,149486460.0000,3,4.868900,-0.546400
2022-03-11,sz.002502,3.6400,3.7500,3.3800,3.6100,46718800,167291123.0000,3,5.609100,-0.824200
2022-03-18,sz.002502,3.5400,3.6300,3.2400,3.5800,48126751,166227862.0000,3,5.778100,-0.831000
2022-03-25,sz.002502,3.5800,3.7800,3.5500,3.5700,36444308,132686469.7500,3,4.375400,-0.279300
2022-04-01,sz.002502,3.5400,4.4000,3.5100,4.4000,125365462,504094578.2600,3,15.051500,23.249300
2022-04-08,sz.002502,4.4000,4.8400,3.7400,3.8400,268049387,1156643414.5500,3,32.182200,-12.727300
2022-04-15,sz.002502,3.7800,3.8700,3.2600,3.2700,156240067,557420805.5400,3,18.758300,-14.843800
2022-04-22,sz.002502,3.3000,3.4600,3.0700,3.1400,84492836,275377662.7200,3,10.144200,-3.975500
2022-04-29,sz.002502,3.0600,3.1100,2.5900,2.8900,74166421,210188190.5300,3,8.904500,-7.961800
2022-05-06,sz.002502,2.9200,2.9400,2.7800,2.8700,20555403,58898431.4700,3,2.468300,-0.692000
2022-05-13,sz.002502,2.8700,3.0300,2.7800,2.8600,62197404,180656509.8800,3,7.468700,-0.348400
2022-05-20,sz.002502,2.8600,2.9500,2.8100,2.9000,62605002,180049245.3000,3,7.517800,1.398600
2022-05-27,sz.002502,2.9600,3.0800,2.7900,2.9400,76960620,226912005.6000,3,9.241600,1.379300
2022-06-02,sz.002502,2.9400,3.0500,2.8900,2.9600,43202701,128458624.6500,3,5.187700,0.680300
2022-06-10,sz.002502,2.9500,2.9800,2.7600,2.8200,52409200,151016282.9800,3,6.293300,-4.729700
2022-06-17,sz.002502,2.7900,3.2500,2.6300,3.0400,125998590,376755339.6400,3,15.130100,7.801400
2022-06-24,sz.002502,2.9400,3.4200,2.9300,3.1000,166516797,523891690.7300,3,19.995400,1.973700
2022-07-01,sz.002502,3.1100,3.7200,3.0500,3.7200,104186806,349736290.9800,3,12.510900,20.000000
2022-07-08,sz.002502,3.6000,3.9800,3.2000,3.2500,347907995,1225879793.6900,3,41.776900,-12.634400
