date,code,open,high,low,close,volume,amount,adjustflag,turn,pctChg
2022-01-07,sz.002090,9.5000,9.6300,8.9500,8.9800,24384203,227684712.3100,3,6.105300,-5.174200
2022-01-14,sz.002090,8.9900,9.1400,8.8000,8.8300,19451020,174804904.9000,3,4.870100,-1.670400
2022-01-21,sz.002090,8.8100,9.0500,8.4200,8.5300,21812702,192340943.2400,3,5.461400,-3.397500
2022-01-28,sz.002090,8.5200,8.6900,8.0800,8.2700,25418732,213453635.1200,3,6.364400,-3.048100
2022-02-11,sz.002090,8.4100,8.6800,8.3300,8.4400,14984155,127795895.5800,3,3.751700,2.055600
2022-02-18,sz.002090,8.3700,8.7800,8.3200,8.7700,17067462,147055621.5800,3,4.273300,3.910000
2022-02-25,sz.002090,8.7500,8.9600,8.5000,8.7500,17494648,154127376.4400,3,4.380200,-0.228100
2022-03-04,sz.002090,8.8100,8.9400,8.5800,8.7500,12103332,106130818.0000,3,3.030400,0.000000
2022-03-11,sz.002090,8.7700,8.7700,7.7800,8.2300,13454333,111392117.0000,3,3.368600,-5.942900
2022-03-18,sz.002090,8.1800,8.2400,7.2100,7.8500,15650080,121230740.4000,3,3.918500,-4.617300
2022-03-25,sz.002090,7.8800,9.4000,7.7200,8.6000,61114067,538113876.3000,3,15.301600,9.554100
2022-04-01,sz.002090,8.4700,8.7900,8.1800,8.7300,38110243,324908496.0400,3,9.542100,1.511600
2022-04-08,sz.002090,8.6300,9.0000,8.4700,8.6200,19960852,175224274.7600,3,4.997700,-1.260000
2022-04-15,sz.002090,8.7000,8.7000,7.7300,7.7500,29510457,242786319.5200,3,7.388800,-10.092800
2022-04-22,sz.002090,7.7500,8.0700,7.0100,7.0800,27159620,206055710.1000,3,6.800100,-8.645200
2022-04-29,sz.002090,7.0300,7.0300,6.2900,6.7900,21149663,140795982.1600,3,5.295500,-4.096000
2022-05-06,sz.002090,6.6700,6.8300,6.4300,6.7300,7039266,46961449.5000,3,1.762400,-0.883700
2022-05-13,sz.002090,6.6900,7.1300,6.6000,7.0100,14234269,98745276.2500,3,3.563900,4.160500
2022-05-20,sz.002090,7.0600,7.6000,6.9000,7.5200,15325576,111060799.6600,3,3.837200,7.275300
2022-05-27,sz.002090,7.5300,8.0600,7.5000,7.9200,18313423,143839082.0300,3,4.585200,5.319100
2022-06-02,sz.002090,7.9100,8.0800,7.8200,8.0700,10221303,81350842.2000,3,2.559100,1.893900
2022-06-10,sz.002090,8.1200,8.3600,7.8500,7.9800,13062941,106368300.8400,3,3.270700,-1.115200
2022-06-17,sz.002090,7.9700,8.1200,7.8100,7.9800,9727742,77479257.1700,3,2.435600,0.000000
2022-06-24,sz.002090,8.0000,9.0700,8.0000,9.0200,27896010,240440734.6800,3,6.984600,13.032600
2022-07-01,sz.002090,9.0100,9.4100,8.7900,8.9000,25038352,226896828.1600,3,6.269200,-1.116100
2022-07-08,sz.002090,8.8900,14.3400,8.7800,14.3400,195962769,2472200597.7900,3,49.064700,61.123600
