date,code,open,high,low,close,volume,amount,adjustflag,turn,pctChg
2022-01-07,sz.300945,21.0400,21.4400,19.0000,19.1300,25824336,526112976.1600,3,50.636000,-9.034700
2022-01-14,sz.300945,19.1200,20.0700,18.9800,19.2400,17338261,340349806.5200,3,33.996600,0.575000
2022-01-21,sz.300945,19.2900,20.4600,17.3200,17.5400,25987069,487727183.1600,3,50.954900,-8.835800
2022-01-28,sz.300945,17.5400,19.5000,15.8800,16.7800,37366006,656469099.6700,3,73.266700,-4.333000
2022-02-11,sz.300945,17.1700,17.7700,16.4400,16.6800,26210475,445832606.8300,3,42.237500,-0.595900
2022-02-18,sz.300945,17.0600,22.8800,16.9800,20.6600,101672233,2007176423.7800,3,133.629000,23.860900
2022-02-25,sz.300945,20.2900,27.0200,20.0700,22.6300,126076127,2876178105.2000,3,165.703400,9.535300
2022-03-04,sz.300945,22.5000,23.6300,20.0000,20.0700,78598711,1683162836.0000,3,103.303100,-11.312400
2022-03-11,sz.300945,20.6600,22.2000,18.3600,18.8500,82868247,1700575232.0000,3,108.914700,-6.078700
2022-03-18,sz.300945,18.4200,19.1500,16.9300,18.6300,46889145,852005326.0400,3,61.627100,-1.167100
2022-03-25,sz.300945,18.6300,19.7200,17.8500,17.8600,47624351,888781290.4100,3,62.593300,-4.133100
2022-04-01,sz.300945,17.8700,18.0700,16.8300,17.2000,26264729,455911732.1300,3,34.520000,-3.695400
2022-04-08,sz.300945,16.9400,19.3000,16.9300,19.1100,35936049,659371376.3600,3,47.231200,11.104700
2022-04-15,sz.300945,18.7900,19.8000,16.2800,16.4400,51374537,922947552.7500,3,67.522200,-13.971700
2022-04-22,sz.300945,16.4500,17.4400,15.6800,16.4900,31575791,526033084.2100,3,41.500500,0.304100
2022-04-29,sz.300945,16.1900,16.4800,13.1900,14.5600,31451102,455451677.6300,3,41.336600,-11.704100
2022-05-06,sz.300945,14.4400,14.9700,14.2700,14.3600,8336749,121703989.0200,3,10.957100,-1.373600
2022-05-13,sz.300945,14.2100,15.6500,14.2100,15.0800,20202598,302898576.0400,3,26.552500,5.013900
2022-05-20,sz.300945,15.1900,15.6700,14.8800,15.2500,22376753,341615650.7600,3,29.410000,1.127300
2022-05-27,sz.300945,15.1100,15.6300,14.1000,14.4400,24892720,369170837.7200,3,32.716800,-5.311500
2022-06-02,sz.300945,14.4400,14.7500,13.9200,14.4700,12937010,186159830.9400,3,17.003300,0.207800
2022-06-10,sz.300945,14.5400,15.5000,13.7100,15.1200,39901275,585374982.9900,3,52.442700,5.226900
2022-06-17,sz.300945,15.3500,17.4100,14.8100,16.9900,64509869,1033954571.4200,3,84.786200,12.367700
2022-06-24,sz.300945,16.7000,17.2600,15.6100,16.3000,40387504,660212507.0200,3,53.081800,-4.061200
2022-07-01,sz.300945,16.3700,16.8700,15.7400,16.4900,38415024,627347616.0200,3,50.489300,1.165600
2022-07-08,sz.300945,16.4000,16.8800,15.0900,15.4100,28420057,452567952.1600,3,37.353000,-6.549400
