date,code,open,high,low,close,volume,amount,adjustflag,turn,pctChg
2022-01-07,sz.399319,2335.9495,2339.5339,2263.6233,2281.4764,22563040041,206385015068.7800,3,3.742307,-1.586100
2022-01-14,sz.399319,2283.0156,2357.7549,2276.8156,2285.5874,30195760469,263126534557.2300,3,5.008270,0.180200
2022-01-21,sz.399319,2284.0496,2324.5961,2262.3011,2283.5801,24356313637,227319068814.6000,3,4.039724,-0.087800
2022-01-28,sz.399319,2270.3991,2303.1295,2124.2907,2154.3650,22943085797,222700181485.0800,3,3.805089,-5.658400
2022-02-11,sz.399319,2199.8076,2416.5894,2199.8076,2372.3644,31631167895,293229307005.4200,3,5.244533,10.119000
2022-02-18,sz.399319,2374.7468,2437.7162,2336.0950,2436.3983,25495330234,265792081784.1000,3,4.226993,2.699200
2022-02-25,sz.399319,2435.7933,2488.8845,2422.7828,2443.5348,35056708240,353549497975.4100,3,5.812218,0.292900
2022-03-04,sz.399319,2454.3268,2570.6350,2446.0176,2512.2388,37857726240,366719741984.7000,3,6.275921,2.811700
2022-03-11,sz.399319,2551.6899,2558.1229,2284.9059,2375.3613,38268401330,371479780482.3800,3,6.343861,-5.448400
2022-03-18,sz.399319,2333.7529,2369.9610,2087.8670,2280.0386,31041862956,287042239411.4400,3,5.146102,-4.013000
2022-03-25,sz.399319,2287.3300,2391.2155,2279.9974,2348.9047,23508696411,233449807637.5400,3,3.897210,3.020400
2022-04-01,sz.399319,2339.2834,2388.9009,2313.8446,2355.7951,21208675602,216561045225.2200,3,3.515929,0.293300
2022-04-08,sz.399319,2351.0119,2375.7215,2312.6697,2368.0077,15163612515,136130568564.4100,3,2.513915,0.518400
2022-04-15,sz.399319,2356.0776,2450.0538,2273.5578,2372.6380,30633858916,293382166709.8900,3,5.078402,0.195500
2022-04-22,sz.399319,2347.6835,2385.3170,2154.1281,2197.1802,25426273797,230151936048.2100,3,4.214998,-7.395100
2022-04-29,sz.399319,2138.9946,2153.6209,1947.2754,2152.5619,27006507820,238876687350.3100,3,4.476764,-2.030700
2022-05-06,sz.399319,2143.0919,2160.4584,2071.4965,2078.5755,8847439797,81424910798.6200,3,1.466600,-3.437100
2022-05-13,sz.399319,2059.5641,2132.8282,2011.1997,2107.5605,22781014417,207308772565.2400,3,3.776290,1.394500
2022-05-20,sz.399319,2123.8071,2221.3743,2096.3585,2220.6749,22055537710,214780707311.0000,3,3.666627,5.367100
2022-05-27,sz.399319,2232.2335,2291.4603,2194.5045,2266.8802,27929221352,260238116675.5400,3,4.642609,2.080700
2022-06-02,sz.399319,2276.5928,2283.3400,2241.3570,2273.2799,17451420143,170662626231.9800,3,2.897763,0.282300
2022-06-10,sz.399319,2281.8802,2438.9660,2281.8802,2433.5584,32862788633,321680446086.0400,3,5.455183,7.050500
2022-06-17,sz.399319,2412.1192,2483.9652,2376.3948,2427.4484,34008363317,389707351914.8900,3,6.077519,-0.251100
2022-06-24,sz.399319,2413.3592,2413.3592,2279.6261,2345.1949,38554703011,370785917630.9600,3,6.352748,-3.388500
2022-07-01,sz.399319,2351.6466,2447.4156,2349.6686,2436.3597,33361496962,368443924808.7200,3,5.489251,3.887300
2022-07-08,sz.399319,2422.3336,2505.2102,2403.4408,2423.7224,34024226613,383110960665.8300,3,5.589630,-0.518700
