date,code,open,high,low,close,volume,amount,adjustflag,turn,pctChg
2022-01-07,sz.300073,91.8700,93.0000,80.0100,80.7200,42768021,3651326783.4000,3,9.818500,-7.079500
2022-01-14,sz.300073,80.3000,86.5500,77.6500,85.3100,49918450,4121615091.1000,3,11.460100,5.686300
2022-01-21,sz.300073,85.5000,91.2400,80.4000,83.3000,49295306,4225582420.1500,3,11.317000,-2.356100
2022-01-28,sz.300073,82.5200,89.8000,81.1800,86.0000,44651166,3849670717.9700,3,10.250800,3.241300
2022-02-11,sz.300073,87.9900,89.5800,72.8000,74.1400,55467972,4339504804.5300,3,12.734100,-13.790700
2022-02-18,sz.300073,73.0100,82.2000,72.8800,81.2600,41921133,3318596220.5000,3,9.624000,9.603500
2022-02-25,sz.300073,82.7000,86.3500,78.8800,84.6900,34184630,2827527397.4100,3,7.847900,4.221000
2022-03-04,sz.300073,84.7300,86.2500,77.1800,77.6500,28615442,2353260432.0000,3,6.569400,-8.312700
2022-03-11,sz.300073,77.6500,78.9800,68.0800,76.4900,59733125,4396365904.0000,3,13.713400,-1.493900
2022-03-18,sz.300073,75.0100,85.2400,74.7200,83.0700,49964416,3976695895.5700,3,11.470700,8.602400
2022-03-25,sz.300073,83.0700,85.3700,77.0300,77.0800,31635138,2594698360.5200,3,7.262700,-7.210800
2022-04-01,sz.300073,76.8000,80.7400,73.3800,75.4100,34708820,2656405476.8000,3,7.968200,-2.166600
2022-04-08,sz.300073,76.3500,76.3500,72.3000,72.8300,18836640,1385126120.1100,3,4.324400,-3.421300
2022-04-15,sz.300073,73.3800,74.0000,67.3300,69.4600,36385637,2573592006.7300,3,8.353200,-4.627200
2022-04-22,sz.300073,69.5000,73.6000,64.0000,64.6900,25876234,1784130000.8200,3,5.940600,-6.867300
2022-04-29,sz.300073,63.0000,67.8600,56.8800,66.9800,45546204,2888422060.5200,3,10.456300,3.540000
2022-05-06,sz.300073,66.8500,68.1500,64.9100,66.5100,10538193,702882941.0900,3,2.419400,-0.701700
2022-05-13,sz.300073,66.4700,72.8800,65.5500,70.1000,28671579,1998319716.8300,3,6.582200,5.397700
2022-05-20,sz.300073,70.5000,73.0000,68.0600,72.1200,27683121,1955292452.0400,3,6.355400,2.881600
2022-05-27,sz.300073,71.8300,72.7700,65.0100,67.7300,30112496,2061167039.3600,3,6.913200,-5.491100
2022-06-02,sz.300073,68.8000,77.3700,67.4300,74.9000,30769723,2228418729.6500,3,7.064000,10.586200
2022-06-10,sz.300073,75.0000,80.4500,75.0000,79.6100,51488473,4024880886.3000,3,10.590300,6.288400
2022-06-17,sz.300073,80.6000,96.1200,80.0000,94.1300,85139587,7435348044.8900,3,17.511700,18.238900
2022-06-24,sz.300073,94.7600,95.8800,90.0500,95.5000,55640943,5187497709.7200,3,11.444200,1.455400
2022-07-01,sz.300073,96.1600,97.7800,88.8000,90.4300,46169786,4264780874.0100,3,9.496300,-5.308900
2022-07-08,sz.300073,89.9500,112.0000,88.9000,104.5400,112556335,11764334464.4500,3,23.150800,15.603200
