date,code,open,high,low,close,volume,amount,adjustflag,turn,pctChg
2021-01-29,sh.601177,8.0600,8.1600,7.1800,7.2600,45152520,345836282.3900,3,11.286300,-9.925558
2021-02-26,sh.601177,7.2700,7.5400,6.8900,7.3800,19502880,140663608.5900,3,4.875100,1.652893
2021-03-31,sh.601177,7.3800,7.9400,7.2200,7.9200,50690856,385943923.7500,3,12.671000,7.317073
2021-04-30,sh.601177,7.9100,8.0400,7.3700,7.7700,40576329,313039529.7300,3,10.142400,-1.893900
2021-05-31,sh.601177,7.7700,8.1000,7.6400,7.8400,30921939,243152027.3600,3,7.729400,0.900900
2021-06-30,sh.601177,7.8400,8.6200,7.7300,8.0700,57018728,464487445.1300,3,14.252500,3.193300
2021-07-30,sh.601177,8.0600,8.3100,7.5600,7.9000,56640743,455729513.4200,3,14.157800,-2.106600
2021-08-31,sh.601177,7.9000,9.2800,7.8600,8.9100,101922215,884085271.7700,3,25.476800,12.784800
2021-09-30,sh.601177,8.8900,10.8000,8.7200,8.8600,226136562,2193574425.9000,3,56.525600,-0.561200
2021-10-29,sh.601177,8.9000,9.5500,7.9600,8.2200,59189556,511530306.7000,3,14.795200,-7.223500
2021-11-30,sh.601177,8.1700,10.4300,8.1200,9.5400,118062733,1089487501.7900,3,29.511400,16.058400
2021-12-31,sh.601177,9.5400,9.6800,8.5000,9.0100,76727345,692566989.1100,3,19.178900,-5.555600
