date,code,open,high,low,close,volume,amount,adjustflag,turn,pctChg
2021-01-29,sh.603099,7.8100,8.8700,6.9800,7.4400,36231417,283926645.1500,3,13.586600,-5.941846
2021-02-26,sh.603099,7.4400,8.3300,7.1500,8.0200,20681689,161433332.6600,3,7.755700,7.795699
2021-03-31,sh.603099,7.9800,8.8000,7.7000,8.5000,32691603,275345291.0300,3,12.259100,5.985037
2021-04-30,sh.603099,8.4700,9.4900,8.1800,8.3100,32755956,285477216.1200,3,12.283200,-2.235300
2021-05-31,sh.603099,8.2000,8.2400,7.7900,7.8300,14403919,114246715.3600,3,5.401400,-5.776200
2021-06-30,sh.603099,7.8600,8.2500,7.7600,8.0300,15443284,123099440.0900,3,5.790900,2.554300
2021-07-30,sh.603099,8.1000,9.5000,7.8300,8.1800,74539345,646918233.6200,3,27.952000,1.868000
2021-08-31,sh.603099,8.1100,10.8400,7.8900,10.3500,102869455,961209403.6100,3,38.575400,26.528100
2021-09-30,sh.603099,10.3300,11.9400,9.8200,10.5000,160959944,1739078048.9900,3,60.359400,1.449300
2021-10-29,sh.603099,10.2700,13.2800,9.4000,9.9900,113397835,1290665526.8600,3,42.523600,-4.857100
2021-11-30,sh.603099,9.9000,12.5500,9.5900,10.7900,118418269,1314492179.6800,3,44.406400,8.008000
2021-12-31,sh.603099,10.8000,11.4200,9.6800,10.9600,101171815,1074604769.5000,3,37.939000,1.575500
