date,code,open,high,low,close,volume,amount,adjustflag,turn,pctChg
2021-01-29,sh.600746,6.2600,8.9100,5.9000,8.4300,232723328,1675284913.1900,3,76.387300,33.597464
2021-02-26,sh.600746,8.2700,14.9400,7.5200,11.7200,323736161,3348493161.7300,3,106.260800,39.027284
2021-03-31,sh.600746,11.4100,13.9000,10.2000,10.3300,436150124,5231039434.4300,3,143.158900,-11.860068
2021-04-30,sh.600746,10.5000,15.5000,10.3800,14.5100,409378984,5469981464.3200,3,134.371600,40.464700
2021-05-31,sh.600746,14.4100,15.5900,12.1200,13.1000,209854714,2890903638.1200,3,68.881000,-9.717400
2021-06-30,sh.600746,13.1500,17.6100,13.0000,15.3400,296926472,4665945654.1600,3,97.461200,18.268200
2021-07-30,sh.600746,15.2400,21.2500,14.1300,18.8700,515586928,9742344585.8200,3,169.232200,23.011700
2021-08-31,sh.600746,18.7000,25.6200,17.8600,23.1800,585035286,12933524405.0900,3,192.027600,22.840500
2021-09-30,sh.600746,23.4700,24.2600,17.0300,17.7800,332099144,7259831823.7100,3,109.005900,-23.295900
2021-10-29,sh.600746,18.1100,19.5000,14.8400,14.9900,335129866,5539938309.9900,3,83.645600,-15.691800
2021-11-30,sh.600746,14.9700,15.5600,12.9300,14.7400,465115802,6589654534.8600,3,109.656500,-1.667800
2021-12-31,sh.600746,14.5800,15.1900,13.3000,13.8000,219994339,3173179211.2300,3,51.866300,-6.377200
