date,code,open,high,low,close,volume,amount,adjustflag,turn,pctChg
2021-01-29,sh.600257,5.7500,7.3300,5.0000,5.0200,1208908536,7475990795.7900,3,251.208400,-12.695652
2021-02-26,sh.600257,5.0200,5.2300,4.2100,5.0500,441401615,2091329269.3300,3,91.722100,0.597610
2021-03-31,sh.600257,5.1000,5.4800,4.5600,4.7100,622735631,3084342215.1900,3,129.402800,-6.732673
2021-04-30,sh.600257,4.7200,8.3400,4.6200,5.6300,1380402322,9194107749.4700,3,286.844600,19.532900
2021-05-31,sh.600257,5.7400,7.7400,5.6900,7.4400,1461459363,9903004975.9400,3,303.687900,32.149200
2021-06-30,sh.600257,7.3000,9.4700,7.1000,7.2400,1448763012,11417462005.8600,3,301.049900,-2.688200
2021-07-30,sh.600257,7.2200,7.5300,5.6900,6.0000,657510187,4591493846.1100,3,136.629100,-17.127100
2021-08-31,sh.600257,5.9800,6.7800,5.6700,6.5700,481223703,3006070283.9900,3,99.997300,9.500000
2021-09-30,sh.600257,6.5800,7.5700,6.3500,7.1800,829288860,5724945676.0700,3,172.324300,9.284600
2021-10-29,sh.600257,7.1900,7.4400,5.6500,5.7900,388297255,2524087920.1900,3,80.687300,-19.359300
2021-11-30,sh.600257,5.9500,6.6500,5.8500,6.0900,467565184,2936366548.1300,3,97.159200,5.181300
2021-12-31,sh.600257,6.1500,7.7700,6.0800,7.3500,967780421,6759199372.6500,3,201.102500,20.689700
