date,code,open,high,low,close,volume,amount,adjustflag,turn,pctChg
2021-01-29,sh.600844,4.0400,6.0200,3.4500,5.2200,1538365689,7172347186.8500,3,186.983100,26.699029
2021-02-26,sh.600844,5.1500,6.3000,4.7000,4.8500,1204024187,6411341175.9800,3,146.344600,-7.088123
2021-03-31,sh.600844,4.9900,6.1800,4.6400,4.7100,1239505504,6796711248.9200,3,150.657500,-2.886598
2021-04-30,sh.600844,4.7100,4.8200,3.9000,3.9300,415247438,1810660963.3800,3,50.471700,-16.560500
2021-05-31,sh.600844,3.8800,5.6000,3.8600,5.3600,529725035,2529587383.8700,3,64.386100,36.386800
2021-06-30,sh.600844,5.1900,5.9000,4.3700,4.4200,693005579,3464452041.0000,3,84.232500,-17.537300
2021-07-30,sh.600844,4.4200,5.0000,4.0600,4.3100,483176348,2223481255.9300,3,58.728700,-2.488700
2021-08-31,sh.600844,4.3000,4.5900,4.0200,4.2200,340639997,1459037429.2200,3,41.403500,-2.088200
2021-09-30,sh.600844,4.1800,5.3600,3.9200,4.0000,764728367,3555529892.0300,3,92.950000,-5.213300
2021-10-29,sh.600844,4.0300,4.0700,3.1000,3.2600,280285084,1018380819.0100,3,34.067700,-18.500000
2021-11-30,sh.600844,3.2400,3.5300,3.0800,3.4600,257736704,854881014.1800,3,31.327300,6.135000
2021-12-31,sh.600844,3.4600,4.2800,3.3800,3.7100,586597449,2219908971.7500,3,71.299000,7.225400
