date,code,open,high,low,close,volume,amount,adjustflag,turn,pctChg
2021-01-29,sz.002346,9.2800,10.8000,9.0700,9.7600,26219068,254413261.4400,3,6.643900,4.833512
2021-02-26,sz.002346,9.9700,10.3400,9.4300,10.0000,14297555,142575208.5700,3,3.623100,2.459016
2021-03-31,sz.002346,10.0400,11.2800,9.5800,10.3500,48832033,511269468.2700,3,12.374200,3.500000
2021-04-30,sz.002346,10.3800,11.1200,9.9800,10.5600,41023852,434089726.9400,3,10.395500,2.029000
2021-05-31,sz.002346,10.4800,11.3300,10.1500,10.3000,42886972,460573654.2800,3,10.867600,-0.625200
2021-06-30,sz.002346,10.3000,21.8000,10.2500,18.1300,526163578,9708590229.9700,3,133.329900,76.019400
2021-07-30,sz.002346,18.1300,23.5800,15.7200,18.3000,381193754,7512678905.9500,3,96.594300,0.937700
2021-08-31,sz.002346,18.3000,23.5000,18.0200,20.7500,334904745,6820759887.5800,3,84.864900,13.388000
2021-09-30,sz.002346,21.4000,25.0000,17.8400,18.8000,261926197,5754921066.9600,3,66.372300,-9.397600
2021-10-29,sz.002346,18.9900,21.4400,18.0100,19.9000,107713575,2149164442.3400,3,27.294800,5.851100
2021-11-30,sz.002346,20.0400,20.8000,18.1300,19.7300,115213409,2255286188.2300,3,29.195100,-0.854300
2021-12-31,sz.002346,19.5700,20.2300,17.5000,19.1700,77547470,1462728268.3100,3,19.650500,-2.838300
