date,code,open,high,low,close,volume,amount,adjustflag,turn,pctChg
2021-01-29,sz.002562,5.1700,5.4900,4.7800,4.8900,185374405,954024482.2400,3,31.714400,-5.415861
2021-02-26,sz.002562,4.8100,5.3200,4.8000,5.2000,119339687,606057284.7800,3,20.416700,6.339468
2021-03-31,sz.002562,5.2200,5.2800,4.9000,4.9300,130692265,663906622.6900,3,22.359200,-5.192308
2021-04-30,sz.002562,4.9300,5.4700,4.6300,4.6500,180880162,911581685.5800,3,30.928400,-5.679500
2021-05-31,sz.002562,4.6600,4.7500,4.4400,4.5300,110896289,506795269.5000,3,18.961200,-2.580600
2021-06-30,sz.002562,4.5200,4.5600,4.1300,4.2000,106045819,464486482.5300,3,18.131800,-7.284800
2021-07-30,sz.002562,4.1900,4.2700,3.4300,3.5700,198546401,769995200.2700,3,28.905700,-15.000000
2021-08-31,sz.002562,3.5400,3.8800,3.5400,3.6500,129029376,481301518.3400,3,18.430700,2.240900
2021-09-30,sz.002562,3.6600,4.3200,3.6100,3.9500,300406003,1218583073.1200,3,42.910200,8.219200
2021-10-29,sz.002562,3.9800,4.1600,3.8600,4.1100,113123428,456690648.6200,3,16.158700,4.050600
2021-11-30,sz.002562,4.0900,4.9200,4.0800,4.6400,491940671,2240084944.5600,3,70.269100,12.895400
2021-12-31,sz.002562,4.6200,5.1300,4.2600,4.9900,505457110,2369606860.8400,3,72.199600,7.543100
