date,code,open,high,low,close,volume,amount,adjustflag,turn,pctChg
2021-01-29,sz.002176,3.7300,7.4000,3.7300,6.6400,1417379940,7915770531.4000,3,83.102200,78.016086
2021-02-26,sz.002176,6.3100,6.3100,4.8300,5.6800,880182346,4975929843.6200,3,51.606000,-14.457831
2021-03-31,sz.002176,5.8000,7.1400,5.0600,7.0800,1034827275,6396597108.8100,3,60.673300,24.647887
2021-04-30,sz.002176,7.1900,7.8500,6.2600,7.3300,1445636399,10177336016.5500,3,84.759300,3.531100
2021-05-31,sz.002176,7.6200,9.4300,7.6200,8.4300,2774122462,23825474856.0900,3,162.650400,15.006800
2021-06-30,sz.002176,8.3600,8.6500,7.1700,7.6900,1608844424,12619354294.2700,3,94.328900,-8.778200
2021-07-30,sz.002176,7.7100,18.8000,7.6500,18.2800,4308373999,56061120013.4900,3,252.605700,137.711300
2021-08-31,sz.002176,19.9000,26.5400,19.0000,26.2700,4830695645,110252070428.9700,3,283.230000,43.709000
2021-09-30,sz.002176,27.0300,32.5600,21.5500,23.4000,3744817849,99737163389.5600,3,219.563400,-10.925000
2021-10-29,sz.002176,24.1400,25.1500,18.4800,23.0500,2602201741,58568533507.9300,3,152.570400,-1.495700
2021-11-30,sz.002176,23.1900,25.1300,19.0000,24.7500,2914105965,64020340719.4200,3,170.857700,7.375300
2021-12-31,sz.002176,24.8300,27.5900,17.3600,20.7600,2840950768,62397484794.9000,3,166.568600,-16.121200
