date,code,open,high,low,close,volume,amount,adjustflag,turn,pctChg
2021-01-29,sz.002241,37.3500,44.5000,32.3700,33.2000,2481587713,97893284918.7600,3,88.494300,-11.039657
2021-02-26,sz.002241,33.2000,36.4400,30.2300,32.0000,1622970334,54231123243.9100,3,55.708200,-3.614458
2021-03-31,sz.002241,32.0000,35.2600,25.1500,27.1500,1751061197,50934938020.8100,3,58.849500,-15.156250
2021-04-30,sz.002241,27.3600,38.2200,27.0400,37.7000,1737465316,57919418335.4700,3,58.358600,38.858200
2021-05-31,sz.002241,37.9300,41.1200,32.1300,38.9500,1403861782,52546925701.9700,3,47.153400,3.711300
2021-06-30,sz.002241,38.6800,44.8800,36.1100,42.7400,1733578447,69649982515.7500,3,58.228100,9.730400
2021-07-30,sz.002241,42.8800,44.2300,35.3700,38.1100,2042859265,82053748053.5200,3,68.616000,-10.832900
2021-08-31,sz.002241,37.5800,51.2000,37.2900,46.5400,1494930102,64363264590.8000,3,50.212100,22.120200
2021-09-30,sz.002241,46.9000,52.2500,42.0600,43.1000,1375400518,64821986813.0900,3,46.197300,-7.391500
2021-10-29,sz.002241,43.8700,44.8000,39.1000,43.5400,770551228,32086567534.7300,3,25.881500,1.020900
2021-11-30,sz.002241,44.4400,55.1000,43.5500,52.0800,1785550996,88379939591.1200,3,59.973600,19.614100
2021-12-31,sz.002241,52.8900,58.4300,49.7600,54.1000,1213125601,65550084154.8000,3,40.746800,3.878600
