date,code,open,high,low,close,volume,amount,adjustflag,turn,pctChg
2021-01-29,sz.002892,23.0100,24.5300,19.8000,19.9100,37240427,834954141.3600,3,44.778800,-13.018785
2021-02-26,sz.002892,19.7500,21.6500,17.0300,20.9400,15599667,306823169.3800,3,18.757600,5.173280
2021-03-31,sz.002892,20.9400,22.0000,19.5400,21.9000,13876594,289747844.8400,3,16.685500,4.584527
2021-04-30,sz.002892,21.9600,21.9800,20.3900,20.5900,9302419,195421207.4300,3,11.195800,-5.981700
2021-05-31,sz.002892,20.1700,21.0000,19.4500,20.6800,7142039,145089746.1900,3,8.609000,0.437100
2021-06-30,sz.002892,20.7000,34.1200,20.0000,34.1200,104871682,2820630203.3800,3,126.411300,64.990300
2021-07-30,sz.002892,24.8100,28.8900,20.7900,25.1700,186331745,4586210491.7300,3,160.430600,4.657000
2021-08-31,sz.002892,25.5000,31.3300,25.0000,29.6600,113267765,3171999915.0400,3,97.522500,17.838700
2021-09-30,sz.002892,29.7500,33.6800,23.6000,24.5300,60365300,1746267017.9800,3,51.973800,-17.296000
2021-10-29,sz.002892,24.7000,27.1800,21.7600,25.1600,34960502,852326478.2400,3,30.100700,2.568300
2021-11-30,sz.002892,25.1600,26.7700,23.4800,25.0000,47323637,1193508258.7500,3,40.745600,-0.635900
2021-12-31,sz.002892,24.9700,34.5000,24.2500,32.5000,94286837,2708667079.0800,3,81.180300,30.000000
