date,code,open,high,low,close,volume,amount,adjustflag,turn,pctChg
2021-01-29,sz.300097,10.3400,10.6100,7.8700,7.9800,112309107,1016226552.2600,3,51.673400,-23.121387
2021-02-26,sz.300097,8.0400,9.2500,7.3800,9.0800,82642462,688020570.6600,3,38.023800,13.784461
2021-03-31,sz.300097,9.0000,9.7900,8.0300,9.1900,150642152,1334804765.4400,3,69.310600,1.211454
2021-04-30,sz.300097,9.3600,9.3700,7.3000,7.4200,139722590,1209168230.5700,3,62.414500,-19.260100
2021-05-31,sz.300097,7.4000,7.9900,7.0300,7.6300,68373905,506000676.6800,3,25.914700,2.830200
2021-06-30,sz.300097,7.6000,8.7500,7.5900,8.3000,107888340,884133366.6400,3,40.891200,8.781100
2021-07-30,sz.300097,8.3000,12.1700,7.8600,10.2600,448856248,4620565716.1000,3,170.123100,23.614500
2021-08-31,sz.300097,10.2100,12.8800,9.8900,10.0000,356771279,3986476268.6400,3,134.552300,-2.534100
2021-09-30,sz.300097,10.1100,10.1800,7.9500,8.5100,119306283,1101657442.9700,3,44.184300,-14.900000
2021-10-29,sz.300097,8.6000,9.1600,8.1200,8.5600,52974550,459148455.5500,3,19.618900,0.587500
2021-11-30,sz.300097,8.5500,9.8800,8.4100,9.6200,102077576,953759028.0000,3,37.803800,12.383200
2021-12-31,sz.300097,9.4800,9.8200,8.2400,8.4700,92590609,820499433.8600,3,34.290300,-11.954300
