date,code,open,high,low,close,volume,amount,adjustflag,turn,pctChg
2021-01-29,sz.300370,2.6900,2.7000,2.1800,2.2500,507182061,1233842785.5400,3,72.557100,-16.044776
2021-02-26,sz.300370,2.2100,2.4500,1.9100,2.3900,353901482,783278055.6400,3,50.629000,6.222222
2021-03-31,sz.300370,2.3900,2.5600,2.1300,2.1600,517998029,1219741611.0500,3,74.104600,-9.623431
2021-04-30,sz.300370,2.1600,2.3600,1.6100,1.6700,453765191,902542068.0800,3,56.659400,-22.685200
2021-05-31,sz.300370,1.6600,1.9200,1.4700,1.6500,512356356,864897092.9200,3,54.390800,-1.197600
2021-06-30,sz.300370,1.8100,2.2900,1.6600,2.1000,582038609,1154103560.3200,3,61.788000,27.272700
2021-07-30,sz.300370,2.1100,2.5000,1.9800,2.1600,519650073,1173919507.9400,3,55.165000,2.857100
2021-08-31,sz.300370,2.1500,2.4100,1.9800,2.0400,404356237,883031826.6300,3,42.928100,-5.555600
2021-09-30,sz.300370,2.0600,2.4900,2.0000,2.4600,368431736,815180180.7200,3,39.134200,20.588200
2021-10-29,sz.300370,2.5700,2.8500,2.3000,2.4700,433375949,1123970037.2400,3,46.032600,0.406500
2021-11-30,sz.300370,2.4500,2.7200,2.3500,2.4800,264441888,668439796.7100,3,28.088700,0.404900
2021-12-31,sz.300370,2.4700,2.6700,2.1700,2.2400,294344250,723271856.7600,3,31.264800,-9.677400
