date,time,code,open,high,low,close,volume,amount,adjustflag
2021-01-04,20210104103000000,sh.600370,3.0600,3.1000,3.0100,3.0500,1540800,4699455.0000,3
2021-01-04,20210104113000000,sh.600370,3.0500,3.0700,3.0300,3.0600,555800,1693963.0000,3
2021-01-04,20210104140000000,sh.600370,3.0600,3.0700,3.0500,3.0700,509900,1560517.0000,3
2021-01-04,20210104150000000,sh.600370,3.0700,3.0700,3.0400,3.0400,578083,1762565.0000,3
2021-01-05,20210105103000000,sh.600370,3.0300,3.0600,3.0300,3.0500,758400,2307519.0000,3
2021-01-05,20210105113000000,sh.600370,3.0500,3.0700,3.0400,3.0500,752650,2300383.0000,3
2021-01-05,20210105140000000,sh.600370,3.0600,3.0700,3.0500,3.0500,356200,1088712.0000,3
2021-01-05,20210105150000000,sh.600370,3.0500,3.0600,3.0400,3.0500,337374,1029669.0000,3
2021-01-06,20210106103000000,sh.600370,3.0600,3.0800,3.0100,3.0700,1558550,4740978.0000,3
2021-01-06,20210106113000000,sh.600370,3.0700,3.1100,3.0400,3.0400,1275800,3932031.0000,3
2021-01-06,20210106140000000,sh.600370,3.0400,3.0600,3.0400,3.0500,237000,723179.0000,3
2021-01-06,20210106150000000,sh.600370,3.0500,3.0600,3.0400,3.0500,493500,1503382.0000,3
2021-01-07,20210107103000000,sh.600370,3.0500,3.0500,3.0200,3.0300,957420,2899754.0000,3
2021-01-07,20210107113000000,sh.600370,3.0300,3.0400,3.0200,3.0300,272550,824291.0000,3
2021-01-07,20210107140000000,sh.600370,3.0300,3.0500,2.9900,3.0000,1026800,3092968.0000,3
2021-01-07,20210107150000000,sh.600370,2.9900,3.0100,2.9800,2.9900,581900,1741044.0000,3
2021-01-08,20210108103000000,sh.600370,2.9900,3.0200,2.9400,3.0000,1246550,3709076.0000,3
2021-01-08,20210108113000000,sh.600370,3.0000,3.0200,2.9800,2.9900,284800,855323.0000,3
2021-01-08,20210108140000000,sh.600370,2.9900,3.0000,2.9400,2.9800,1562300,4627007.0000,3
2021-01-08,20210108150000000,sh.600370,2.9800,3.0100,2.9600,3.0000,707185,2111650.0000,3
2021-01-11,20210111103000000,sh.600370,2.9800,3.0000,2.9400,2.9500,1595285,4734387.0000,3
2021-01-11,20210111113000000,sh.600370,2.9500,2.9600,2.9400,2.9500,553842,1631773.0000,3
2021-01-11,20210111140000000,sh.600370,2.9500,2.9500,2.9300,2.9300,806900,2371100.0000,3
2021-01-11,20210111150000000,sh.600370,2.9300,2.9400,2.9000,2.9100,1373100,4006460.0000,3
2021-01-12,20210112103000000,sh.600370,2.9000,2.9300,2.8800,2.9300,645000,1874853.0000,3
2021-01-12,20210112113000000,sh.600370,2.9300,2.9300,2.9100,2.9100,208350,608501.0000,3
2021-01-12,20210112140000000,sh.600370,2.9100,2.9200,2.9000,2.9200,202700,590812.0000,3
2021-01-12,20210112150000000,sh.600370,2.9200,2.9300,2.9000,2.9200,415600,1210883.0000,3
2021-01-13,20210113103000000,sh.600370,2.9200,2.9200,2.8500,2.8600,1394400,4022730.0000,3
2021-01-13,20210113113000000,sh.600370,2.8600,2.8800,2.8600,2.8700,486000,1392480.0000,3
2021-01-13,20210113140000000,sh.600370,2.8700,2.8700,2.8400,2.8500,951950,2715166.0000,3
2021-01-13,20210113150000000,sh.600370,2.8500,2.8500,2.8200,2.8200,1144650,3238888.0000,3
2021-01-14,20210114103000000,sh.600370,2.8300,2.9000,2.8000,2.8700,1413610,4016968.0000,3
2021-01-14,20210114113000000,sh.600370,2.8700,2.8900,2.8600,2.8900,299150,860299.0000,3
2021-01-14,20210114140000000,sh.600370,2.8900,2.8900,2.8800,2.8800,227913,657252.0000,3
2021-01-14,20210114150000000,sh.600370,2.8800,2.9000,2.8700,2.8700,376049,1085366.0000,3
2021-01-15,20210115103000000,sh.600370,2.8800,3.1600,2.8800,3.1600,5048998,15573016.0000,3
2021-01-15,20210115113000000,sh.600370,3.1600,3.1600,3.1600,3.1600,315203,996042.0000,3
2021-01-15,20210115140000000,sh.600370,3.1600,3.1600,3.1600,3.1600,394250,1245830.0000,3
2021-01-15,20210115150000000,sh.600370,3.1600,3.1600,3.1600,3.1600,174250,550630.0000,3
2021-01-18,20210118103000000,sh.600370,3.1900,3.3400,3.1600,3.2900,10868210,35635129.0000,3
2021-01-18,20210118113000000,sh.600370,3.2900,3.3300,3.2800,3.3100,1686510,5577165.0000,3
2021-01-18,20210118140000000,sh.600370,3.3100,3.3100,3.2700,3.2800,1220625,4010308.0000,3
2021-01-18,20210118150000000,sh.600370,3.2800,3.2800,3.1800,3.1900,2724230,8782395.0000,3
2021-01-19,20210119103000000,sh.600370,3.2100,3.3000,3.1700,3.2200,4747730,15332039.0000,3
2021-01-19,20210119113000000,sh.600370,3.2200,3.2400,3.2100,3.2200,903800,2917491.0000,3
2021-01-19,20210119140000000,sh.600370,3.2200,3.2900,3.2200,3.2400,1612800,5260267.0000,3
2021-01-19,20210119150000000,sh.600370,3.2400,3.2400,3.2100,3.2300,869650,2805890.0000,3
2021-01-20,20210120103000000,sh.600370,3.2300,3.2800,3.1800,3.2000,2103490,6768525.0000,3
2021-01-20,20210120113000000,sh.600370,3.2000,3.2100,3.1600,3.1700,1318800,4193560.0000,3
2021-01-20,20210120140000000,sh.600370,3.1700,3.1800,3.1200,3.1500,1828971,5770966.0000,3
2021-01-20,20210120150000000,sh.600370,3.1500,3.1600,3.1300,3.1400,1629200,5118820.0000,3
2021-01-21,20210121103000000,sh.600370,3.1500,3.1800,3.0800,3.1100,1900975,5924659.0000,3
2021-01-21,20210121113000000,sh.600370,3.1100,3.1500,3.1100,3.1400,768600,2404206.0000,3
2021-01-21,20210121140000000,sh.600370,3.1400,3.1400,3.1200,3.1400,439500,1375780.0000,3
2021-01-21,20210121150000000,sh.600370,3.1400,3.1500,3.1000,3.1500,1393000,4348836.0000,3
2021-01-22,20210122103000000,sh.600370,3.1900,3.1900,3.0900,3.1000,1859800,5795253.0000,3
2021-01-22,20210122113000000,sh.600370,3.1000,3.1600,3.0900,3.1600,1238000,3879393.0000,3
2021-01-22,20210122140000000,sh.600370,3.1500,3.2800,3.1200,3.2800,3134100,10052126.0000,3
2021-01-22,20210122150000000,sh.600370,3.2700,3.3500,3.2500,3.2700,5137738,16973424.0000,3
2021-01-25,20210125103000000,sh.600370,3.2600,3.2800,3.1900,3.2300,2420003,7801013.0000,3
2021-01-25,20210125113000000,sh.600370,3.2300,3.3500,3.2200,3.2900,2332350,7700737.0000,3
2021-01-25,20210125140000000,sh.600370,3.2900,3.2900,3.2400,3.2500,801400,2615385.0000,3
2021-01-25,20210125150000000,sh.600370,3.2500,3.2600,3.2100,3.2600,865800,2801380.0000,3
2021-01-26,20210126103000000,sh.600370,3.3300,3.5800,3.3200,3.3700,7402738,25453324.0000,3
2021-01-26,20210126113000000,sh.600370,3.3700,3.4400,3.3600,3.4400,1529690,5198934.0000,3
2021-01-26,20210126140000000,sh.600370,3.4300,3.4500,3.3700,3.3700,1162012,3964557.0000,3
2021-01-26,20210126150000000,sh.600370,3.3700,3.3900,3.3200,3.3600,2012590,6749873.0000,3
2021-01-27,20210127103000000,sh.600370,3.3600,3.4900,3.2800,3.4200,5872300,20068609.0000,3
2021-01-27,20210127113000000,sh.600370,3.4200,3.4200,3.3400,3.3500,1339290,4529354.0000,3
2021-01-27,20210127140000000,sh.600370,3.3400,3.4000,3.3300,3.3700,1231102,4144554.0000,3
2021-01-27,20210127150000000,sh.600370,3.3600,3.3700,3.3400,3.3600,1087063,3644887.0000,3
2021-01-28,20210128103000000,sh.600370,3.3300,3.3500,3.2500,3.2500,3957100,13028454.0000,3
2021-01-28,20210128113000000,sh.600370,3.2500,3.2600,3.1900,3.2100,2766600,8901285.0000,3
2021-01-28,20210128140000000,sh.600370,3.2200,3.2700,3.2000,3.2500,604400,1948524.0000,3
2021-01-28,20210128150000000,sh.600370,3.2500,3.2500,3.1900,3.2100,1319525,4230576.0000,3
2021-01-29,20210129103000000,sh.600370,3.2400,3.2500,3.1200,3.1300,2146100,6820647.0000,3
2021-01-29,20210129113000000,sh.600370,3.1400,3.1500,3.1200,3.1200,663100,2078458.0000,3
2021-01-29,20210129140000000,sh.600370,3.1300,3.1500,3.1000,3.1200,1013100,3161766.0000,3
2021-01-29,20210129150000000,sh.600370,3.1200,3.1600,3.1000,3.1300,935738,2929192.0000,3
2021-02-01,20210201103000000,sh.600370,3.1500,3.2300,3.1200,3.1700,1799350,5694914.0000,3
2021-02-01,20210201113000000,sh.600370,3.1700,3.1700,3.1500,3.1600,381100,1203968.0000,3
2021-02-01,20210201140000000,sh.600370,3.1600,3.1700,3.1500,3.1600,205250,648859.0000,3
2021-02-01,20210201150000000,sh.600370,3.1600,3.2300,3.1600,3.2100,1029200,3281972.0000,3
2021-02-02,20210202103000000,sh.600370,3.2200,3.2400,3.1500,3.1700,1302000,4146449.0000,3
2021-02-02,20210202113000000,sh.600370,3.1700,3.1800,3.1600,3.1600,445300,1408299.0000,3
2021-02-02,20210202140000000,sh.600370,3.1600,3.1800,3.1600,3.1800,201600,639695.0000,3
2021-02-02,20210202150000000,sh.600370,3.1800,3.1900,3.1400,3.1600,922600,2916597.0000,3
2021-02-03,20210203103000000,sh.600370,3.1800,3.2200,3.1100,3.1800,1515653,4787425.0000,3
2021-02-03,20210203113000000,sh.600370,3.1800,3.1900,3.1500,3.1600,310402,984900.0000,3
2021-02-03,20210203140000000,sh.600370,3.1700,3.1800,3.1600,3.1600,324500,1027338.0000,3
2021-02-03,20210203150000000,sh.600370,3.1600,3.1700,3.1400,3.1400,555000,1748270.0000,3
2021-02-04,20210204103000000,sh.600370,3.1400,3.1500,3.0500,3.0700,1951550,6028081.0000,3
2021-02-04,20210204113000000,sh.600370,3.0600,3.0700,3.0100,3.0400,782603,2374390.0000,3
2021-02-04,20210204140000000,sh.600370,3.0300,3.0500,3.0300,3.0300,352400,1070294.0000,3
2021-02-04,20210204150000000,sh.600370,3.0300,3.0500,3.0300,3.0300,609000,1849946.0000,3
2021-02-05,20210205103000000,sh.600370,3.0300,3.0900,3.0200,3.0400,772500,2358454.0000,3
2021-02-05,20210205113000000,sh.600370,3.0400,3.0600,3.0200,3.0400,304550,925751.0000,3
2021-02-05,20210205140000000,sh.600370,3.0400,3.0600,3.0300,3.0400,146600,446132.0000,3
2021-02-05,20210205150000000,sh.600370,3.0400,3.0600,3.0400,3.0500,544900,1661398.0000,3
2021-02-08,20210208103000000,sh.600370,3.0900,3.1400,3.0500,3.1200,945400,2931405.0000,3
2021-02-08,20210208113000000,sh.600370,3.1200,3.2400,3.1200,3.2000,2134250,6801633.0000,3
2021-02-08,20210208140000000,sh.600370,3.2000,3.2000,3.1800,3.1900,418150,1332842.0000,3
2021-02-08,20210208150000000,sh.600370,3.1900,3.1900,3.1300,3.1700,1243300,3936437.0000,3
2021-02-09,20210209103000000,sh.600370,3.1800,3.2000,3.1500,3.2000,1114600,3547912.0000,3
2021-02-09,20210209113000000,sh.600370,3.2000,3.2100,3.1800,3.1900,201500,642850.0000,3
2021-02-09,20210209140000000,sh.600370,3.1900,3.2000,3.1800,3.1900,698300,2223925.0000,3
2021-02-09,20210209150000000,sh.600370,3.1900,3.3000,3.1800,3.2500,2785525,9037251.0000,3
2021-02-10,20210210103000000,sh.600370,3.2300,3.2500,3.2000,3.2400,1090475,3524633.0000,3
2021-02-10,20210210113000000,sh.600370,3.2400,3.2500,3.2100,3.2200,216200,696162.0000,3
2021-02-10,20210210140000000,sh.600370,3.2300,3.2600,3.2100,3.2100,531400,1716585.0000,3
2021-02-10,20210210150000000,sh.600370,3.2100,3.2700,3.2100,3.2500,780400,2535978.0000,3
2021-02-18,20210218103000000,sh.600370,3.3000,3.3400,3.2600,3.2700,1698000,5582365.0000,3
2021-02-18,20210218113000000,sh.600370,3.2700,3.2800,3.2500,3.2700,780675,2551296.0000,3
2021-02-18,20210218140000000,sh.600370,3.2700,3.3000,3.2700,3.2900,1017400,3341204.0000,3
2021-02-18,20210218150000000,sh.600370,3.2900,3.3000,3.2600,3.2700,1383400,4532160.0000,3
2021-02-19,20210219103000000,sh.600370,3.3000,3.3300,3.2600,3.2900,3047800,10057187.0000,3
2021-02-19,20210219113000000,sh.600370,3.2900,3.3200,3.2800,3.3100,890913,2942164.0000,3
2021-02-19,20210219140000000,sh.600370,3.3100,3.3300,3.3000,3.3200,824600,2736119.0000,3
2021-02-19,20210219150000000,sh.600370,3.3200,3.3400,3.3100,3.3400,1485857,4943327.0000,3
2021-02-22,20210222103000000,sh.600370,3.3600,3.4900,3.3500,3.4400,4295113,14711509.0000,3
2021-02-22,20210222113000000,sh.600370,3.4400,3.4800,3.3900,3.4700,1971600,6801627.0000,3
2021-02-22,20210222140000000,sh.600370,3.4700,3.5300,3.4600,3.4800,4549822,15927153.0000,3
2021-02-22,20210222150000000,sh.600370,3.4800,3.4800,3.4200,3.4300,2184003,7523500.0000,3
2021-02-23,20210223103000000,sh.600370,3.4100,3.5300,3.4000,3.5000,4389050,15252942.0000,3
2021-02-23,20210223113000000,sh.600370,3.5000,3.5500,3.4800,3.4900,3382600,11893756.0000,3
2021-02-23,20210223140000000,sh.600370,3.4900,3.5400,3.4900,3.5200,1610600,5665899.0000,3
2021-02-23,20210223150000000,sh.600370,3.5200,3.5400,3.5100,3.5300,2316050,8156101.0000,3
2021-02-24,20210224103000000,sh.600370,3.5300,3.5600,3.4700,3.5000,2861650,10026437.0000,3
2021-02-24,20210224113000000,sh.600370,3.5000,3.5500,3.4800,3.5100,1595250,5600620.0000,3
2021-02-24,20210224140000000,sh.600370,3.5100,3.5200,3.4900,3.4900,1265000,4428457.0000,3
2021-02-24,20210224150000000,sh.600370,3.4900,3.4900,3.4200,3.4400,3028150,10456077.0000,3
2021-02-25,20210225103000000,sh.600370,3.4700,3.6000,3.4700,3.5200,5369950,18984693.0000,3
2021-02-25,20210225113000000,sh.600370,3.5200,3.5200,3.4500,3.4700,1586150,5511404.0000,3
2021-02-25,20210225140000000,sh.600370,3.4700,3.5400,3.4700,3.4900,767400,2685469.0000,3
2021-02-25,20210225150000000,sh.600370,3.4900,3.5000,3.4600,3.4600,933100,3241622.0000,3
2021-02-26,20210226103000000,sh.600370,3.4100,3.4600,3.3300,3.4300,2818700,9602647.0000,3
2021-02-26,20210226113000000,sh.600370,3.4200,3.4400,3.3900,3.4200,1136350,3872657.0000,3
2021-02-26,20210226140000000,sh.600370,3.4300,3.4300,3.3400,3.3600,2284750,7713400.0000,3
2021-02-26,20210226150000000,sh.600370,3.3700,3.4100,3.3600,3.4100,1392103,4722006.0000,3
2021-03-01,20210301103000000,sh.600370,3.4300,3.4400,3.3700,3.4200,1913100,6520848.0000,3
2021-03-01,20210301113000000,sh.600370,3.4200,3.4800,3.4100,3.4100,1286400,4427042.0000,3
2021-03-01,20210301140000000,sh.600370,3.4100,3.4700,3.4100,3.4500,1050200,3621624.0000,3
2021-03-01,20210301150000000,sh.600370,3.4500,3.4800,3.4200,3.4800,1774450,6147337.0000,3
2021-03-02,20210302103000000,sh.600370,3.4800,3.5000,3.4000,3.4100,2569637,8861753.0000,3
2021-03-02,20210302113000000,sh.600370,3.4100,3.4200,3.3900,3.3900,1194200,4063793.0000,3
2021-03-02,20210302140000000,sh.600370,3.4000,3.4000,3.3000,3.3300,3500250,11701750.0000,3
2021-03-02,20210302150000000,sh.600370,3.3400,3.3700,3.2800,3.3700,3094850,10303140.0000,3
2021-03-03,20210303103000000,sh.600370,3.3800,3.4000,3.3300,3.3800,1351900,4556148.0000,3
2021-03-03,20210303113000000,sh.600370,3.3800,3.4100,3.3600,3.4000,1568800,5300263.0000,3
2021-03-03,20210303140000000,sh.600370,3.4000,3.4200,3.3400,3.3600,2400400,8093049.0000,3
2021-03-03,20210303150000000,sh.600370,3.3600,3.4000,3.3400,3.4000,1905900,6425549.0000,3
2021-03-04,20210304103000000,sh.600370,3.3800,3.4100,3.3300,3.3400,1814300,6113117.0000,3
2021-03-04,20210304113000000,sh.600370,3.3400,3.3600,3.3000,3.3400,1270800,4240884.0000,3
2021-03-04,20210304140000000,sh.600370,3.3400,3.3400,3.3200,3.3200,1189350,3963368.0000,3
2021-03-04,20210304150000000,sh.600370,3.3200,3.3300,3.3000,3.3000,2716950,8987525.0000,3
2021-03-05,20210305103000000,sh.600370,3.2900,3.3500,3.2800,3.3400,1793300,5956725.0000,3
2021-03-05,20210305113000000,sh.600370,3.3400,3.3500,3.3200,3.3500,564450,1884007.0000,3
2021-03-05,20210305140000000,sh.600370,3.3300,3.3600,3.3200,3.3500,761600,2543493.0000,3
2021-03-05,20210305150000000,sh.600370,3.3500,3.3600,3.3300,3.3400,835887,2798441.0000,3
2021-03-08,20210308103000000,sh.600370,3.3800,3.4600,3.2900,3.4600,3931100,13442180.0000,3
2021-03-08,20210308113000000,sh.600370,3.4600,3.5500,3.4400,3.4700,2924900,10205904.0000,3
2021-03-08,20210308140000000,sh.600370,3.4700,3.4800,3.4200,3.4400,1289150,4438037.0000,3
2021-03-08,20210308150000000,sh.600370,3.4400,3.4400,3.4000,3.4100,1417770,4842585.0000,3
2021-03-09,20210309103000000,sh.600370,3.3900,3.4100,3.3100,3.3500,2717500,9146807.0000,3
2021-03-09,20210309113000000,sh.600370,3.3500,3.4300,3.3400,3.4000,1258025,4247333.0000,3
2021-03-09,20210309140000000,sh.600370,3.4000,3.4700,3.3700,3.3700,2122402,7265443.0000,3
2021-03-09,20210309150000000,sh.600370,3.3700,3.3900,3.3500,3.3600,1331500,4482975.0000,3
2021-03-10,20210310103000000,sh.600370,3.3800,3.4000,3.2900,3.3100,2643200,8772472.0000,3
2021-03-10,20210310113000000,sh.600370,3.3100,3.3200,3.3000,3.3100,427903,1415840.0000,3
2021-03-10,20210310140000000,sh.600370,3.3100,3.3100,3.2500,3.2700,1484097,4859954.0000,3
2021-03-10,20210310150000000,sh.600370,3.2700,3.2800,3.2000,3.2300,2167952,7024185.0000,3
2021-03-11,20210311103000000,sh.600370,3.2500,3.3100,3.2200,3.2700,1563900,5116452.0000,3
2021-03-11,20210311113000000,sh.600370,3.2700,3.2900,3.2600,3.2600,511800,1676698.0000,3
2021-03-11,20210311140000000,sh.600370,3.2700,3.2900,3.2600,3.2900,320702,1050261.0000,3
2021-03-11,20210311150000000,sh.600370,3.2900,3.3000,3.2700,3.3000,626300,2058567.0000,3
2021-03-12,20210312103000000,sh.600370,3.3000,3.3100,3.2600,3.2800,848100,2780114.0000,3
2021-03-12,20210312113000000,sh.600370,3.2800,3.2900,3.2600,3.2900,807200,2639040.0000,3
2021-03-12,20210312140000000,sh.600370,3.2800,3.3300,3.2800,3.3100,970050,3200485.0000,3
2021-03-12,20210312150000000,sh.600370,3.3100,3.3200,3.2700,3.3100,963600,3173048.0000,3
2021-03-15,20210315103000000,sh.600370,3.3000,3.3200,3.2600,3.3200,1209900,3981216.0000,3
2021-03-15,20210315113000000,sh.600370,3.3200,3.3300,3.2800,3.3000,598100,1976440.0000,3
2021-03-15,20210315140000000,sh.600370,3.3000,3.3000,3.2600,3.2800,768900,2516023.0000,3
2021-03-15,20210315150000000,sh.600370,3.2800,3.2900,3.2600,3.2900,535337,1754238.0000,3
2021-03-16,20210316103000000,sh.600370,3.2900,3.3000,3.2600,3.2800,1071900,3513419.0000,3
2021-03-16,20210316113000000,sh.600370,3.2800,3.2900,3.2600,3.2900,559500,1836217.0000,3
2021-03-16,20210316140000000,sh.600370,3.2900,3.3300,3.2900,3.3200,1068503,3542818.0000,3
2021-03-16,20210316150000000,sh.600370,3.3200,3.3400,3.3000,3.3200,1777300,5906930.0000,3
2021-03-17,20210317103000000,sh.600370,3.3400,3.4400,3.3100,3.3800,2966800,10047209.0000,3
2021-03-17,20210317113000000,sh.600370,3.3800,3.3900,3.3500,3.3800,661300,2226901.0000,3
2021-03-17,20210317140000000,sh.600370,3.3700,3.4000,3.3600,3.3900,756237,2560349.0000,3
2021-03-17,20210317150000000,sh.600370,3.3900,3.4100,3.3700,3.4100,1621500,5498800.0000,3
2021-03-18,20210318103000000,sh.600370,3.4100,3.4200,3.3600,3.3700,1631600,5524342.0000,3
2021-03-18,20210318113000000,sh.600370,3.3700,3.3800,3.3500,3.3600,1383800,4654177.0000,3
2021-03-18,20210318140000000,sh.600370,3.3600,3.3800,3.3500,3.3600,645000,2168636.0000,3
2021-03-18,20210318150000000,sh.600370,3.3600,3.3800,3.3400,3.3800,1064287,3580672.0000,3
2021-03-19,20210319103000000,sh.600370,3.3500,3.4300,3.3200,3.4200,1837453,6221587.0000,3
2021-03-19,20210319113000000,sh.600370,3.4200,3.4300,3.4000,3.4200,1504100,5135644.0000,3
2021-03-19,20210319140000000,sh.600370,3.4200,3.4300,3.3800,3.3800,716400,2432548.0000,3
2021-03-19,20210319150000000,sh.600370,3.3800,3.3800,3.3500,3.3700,919700,3090670.0000,3
2021-03-22,20210322103000000,sh.600370,3.3400,3.3900,3.3300,3.3500,1618424,5433895.0000,3
2021-03-22,20210322113000000,sh.600370,3.3700,3.3700,3.3200,3.3700,661000,2216883.0000,3
2021-03-22,20210322140000000,sh.600370,3.3600,3.3700,3.3400,3.3400,1100400,3693727.0000,3
2021-03-22,20210322150000000,sh.600370,3.3400,3.3600,3.3400,3.3500,972000,3254837.0000,3
2021-03-23,20210323103000000,sh.600370,3.3500,3.3700,3.3300,3.3300,960500,3214615.0000,3
2021-03-23,20210323113000000,sh.600370,3.3300,3.3400,3.3100,3.3200,663400,2205899.0000,3
2021-03-23,20210323140000000,sh.600370,3.3200,3.3400,3.3100,3.3200,468100,1555372.0000,3
2021-03-23,20210323150000000,sh.600370,3.3200,3.3300,3.2800,3.3000,1667300,5509719.0000,3
2021-03-24,20210324103000000,sh.600370,3.2800,3.2900,3.2500,3.2800,1040453,3401945.0000,3
2021-03-24,20210324113000000,sh.600370,3.2800,3.2900,3.2600,3.2700,358200,1173115.0000,3
2021-03-24,20210324140000000,sh.600370,3.2600,3.2800,3.2500,3.2600,529500,1726972.0000,3
2021-03-24,20210324150000000,sh.600370,3.2600,3.2800,3.2500,3.2600,730400,2382552.0000,3
2021-03-25,20210325103000000,sh.600370,3.2500,3.3100,3.2500,3.3000,1078800,3538425.0000,3
2021-03-25,20210325113000000,sh.600370,3.3000,3.3100,3.2800,3.2800,184903,609282.0000,3
2021-03-25,20210325140000000,sh.600370,3.2900,3.2900,3.2700,3.2800,292997,959988.0000,3
2021-03-25,20210325150000000,sh.600370,3.2800,3.2800,3.2500,3.2500,701900,2290511.0000,3
2021-03-26,20210326103000000,sh.600370,3.2600,3.3100,3.2500,3.2900,1101500,3620461.0000,3
2021-03-26,20210326113000000,sh.600370,3.2900,3.3000,3.2600,3.2800,555800,1824453.0000,3
2021-03-26,20210326140000000,sh.600370,3.2800,3.2900,3.2600,3.2900,528603,1732709.0000,3
2021-03-26,20210326150000000,sh.600370,3.2900,3.3000,3.2700,3.3000,827500,2719620.0000,3
2021-03-29,20210329103000000,sh.600370,3.3100,3.3300,3.2500,3.2700,999200,3270887.0000,3
2021-03-29,20210329113000000,sh.600370,3.2700,3.2800,3.2400,3.2500,1150900,3748361.0000,3
2021-03-29,20210329140000000,sh.600370,3.2500,3.2800,3.2500,3.2600,585950,1908654.0000,3
2021-03-29,20210329150000000,sh.600370,3.2600,3.2700,3.2600,3.2600,414500,1352661.0000,3
2021-03-30,20210330103000000,sh.600370,3.2500,3.2600,3.2200,3.2300,1298600,4206595.0000,3
2021-03-30,20210330113000000,sh.600370,3.2300,3.2400,3.2300,3.2400,404300,1307413.0000,3
2021-03-30,20210330140000000,sh.600370,3.2300,3.2400,3.2200,3.2400,280800,907371.0000,3
2021-03-30,20210330150000000,sh.600370,3.2400,3.2400,3.2200,3.2300,560100,1807799.0000,3
2021-03-31,20210331103000000,sh.600370,3.2300,3.2400,3.2100,3.2200,584300,1882959.0000,3
2021-03-31,20210331113000000,sh.600370,3.2200,3.2200,3.2000,3.2200,342700,1101028.0000,3
2021-03-31,20210331140000000,sh.600370,3.2200,3.2300,3.2100,3.2300,201150,647870.0000,3
2021-03-31,20210331150000000,sh.600370,3.2300,3.2600,3.2200,3.2500,429550,1393413.0000,3
2021-04-01,20210401103000000,sh.600370,3.2500,3.2500,3.2200,3.2300,569200,1842311.0000,3
2021-04-01,20210401113000000,sh.600370,3.2300,3.2400,3.2100,3.2300,432700,1394340.0000,3
2021-04-01,20210401140000000,sh.600370,3.2300,3.2300,3.2100,3.2200,239800,772684.0000,3
2021-04-01,20210401150000000,sh.600370,3.2200,3.2300,3.2100,3.2300,559920,1803064.0000,3
2021-04-02,20210402103000000,sh.600370,3.2100,3.2400,3.1700,3.2100,1761478,5622312.0000,3
2021-04-02,20210402113000000,sh.600370,3.2100,3.2300,3.2100,3.2100,272000,874761.0000,3
2021-04-02,20210402140000000,sh.600370,3.2100,3.2200,3.2000,3.2100,338100,1083406.0000,3
2021-04-02,20210402150000000,sh.600370,3.2000,3.2400,3.2000,3.2400,613300,1973780.0000,3
2021-04-06,20210406103000000,sh.600370,3.2400,3.2500,3.2000,3.2400,1163500,3752795.0000,3
2021-04-06,20210406113000000,sh.600370,3.2400,3.2500,3.2300,3.2400,297600,964479.0000,3
2021-04-06,20210406140000000,sh.600370,3.2400,3.2600,3.2400,3.2500,351600,1142445.0000,3
2021-04-06,20210406150000000,sh.600370,3.2500,3.2700,3.2500,3.2700,429300,1397830.0000,3
2021-04-07,20210407103000000,sh.600370,3.2800,3.3500,3.2700,3.3100,2547550,8453244.0000,3
2021-04-07,20210407113000000,sh.600370,3.3100,3.3100,3.2700,3.2900,648000,2128408.0000,3
2021-04-07,20210407140000000,sh.600370,3.2900,3.3000,3.2800,3.2800,566100,1859243.0000,3
2021-04-07,20210407150000000,sh.600370,3.2800,3.3000,3.2700,3.2900,657800,2160840.0000,3
2021-04-08,20210408103000000,sh.600370,3.2900,3.3000,3.2500,3.2800,1337650,4376711.0000,3
2021-04-08,20210408113000000,sh.600370,3.2800,3.2900,3.2600,3.2700,309700,1012452.0000,3
2021-04-08,20210408140000000,sh.600370,3.2700,3.2700,3.2400,3.2500,650800,2118663.0000,3
2021-04-08,20210408150000000,sh.600370,3.2500,3.2600,3.2200,3.2300,1006850,3258659.0000,3
2021-04-09,20210409103000000,sh.600370,3.2200,3.2500,3.2100,3.2200,784750,2533871.0000,3
2021-04-09,20210409113000000,sh.600370,3.2200,3.2300,3.2100,3.2300,544750,1754022.0000,3
2021-04-09,20210409140000000,sh.600370,3.2300,3.2400,3.2200,3.2200,233000,751678.0000,3
2021-04-09,20210409150000000,sh.600370,3.2200,3.2700,3.2100,3.2700,1375224,4459625.0000,3
2021-04-12,20210412103000000,sh.600370,3.2600,3.2600,3.2000,3.2200,1675724,5385325.0000,3
2021-04-12,20210412113000000,sh.600370,3.2200,3.2300,3.2100,3.2200,334700,1076662.0000,3
2021-04-12,20210412140000000,sh.600370,3.2200,3.2300,3.2100,3.2200,215000,691333.0000,3
2021-04-12,20210412150000000,sh.600370,3.2300,3.2300,3.1900,3.2100,1012500,3243261.0000,3
2021-04-13,20210413103000000,sh.600370,3.2100,3.2100,3.1800,3.2000,561500,1793070.0000,3
2021-04-13,20210413113000000,sh.600370,3.2000,3.2100,3.1600,3.1800,1526100,4858228.0000,3
2021-04-13,20210413140000000,sh.600370,3.1800,3.1800,3.1600,3.1700,349200,1106930.0000,3
2021-04-13,20210413150000000,sh.600370,3.1700,3.1800,3.1500,3.1600,676600,2138850.0000,3
2021-04-14,20210414103000000,sh.600370,3.1700,3.1800,3.1300,3.1500,1391000,4383720.0000,3
2021-04-14,20210414113000000,sh.600370,3.1500,3.1600,3.1400,3.1500,423700,1333518.0000,3
2021-04-14,20210414140000000,sh.600370,3.1600,3.1800,3.1500,3.1800,628125,1992282.0000,3
2021-04-14,20210414150000000,sh.600370,3.1800,3.1900,3.1600,3.1800,664475,2109029.0000,3
2021-04-15,20210415103000000,sh.600370,3.1700,3.2100,3.1600,3.2100,811900,2587475.0000,3
2021-04-15,20210415113000000,sh.600370,3.2100,3.2100,3.1800,3.1900,426000,1359666.0000,3
2021-04-15,20210415140000000,sh.600370,3.1900,3.1900,3.1800,3.1900,168850,538202.0000,3
2021-04-15,20210415150000000,sh.600370,3.1900,3.2000,3.1800,3.1900,388800,1239269.0000,3
2021-04-16,20210416103000000,sh.600370,3.1900,3.2100,3.1700,3.2100,568700,1817456.0000,3
2021-04-16,20210416113000000,sh.600370,3.2100,3.2300,3.2000,3.2300,394700,1268650.0000,3
2021-04-16,20210416140000000,sh.600370,3.2300,3.2400,3.2200,3.2400,391100,1265562.0000,3
2021-04-16,20210416150000000,sh.600370,3.2400,3.2400,3.2200,3.2300,601900,1946112.0000,3
2021-04-19,20210419103000000,sh.600370,3.2300,3.2500,3.2300,3.2500,851600,2759349.0000,3
2021-04-19,20210419113000000,sh.600370,3.2500,3.2500,3.2300,3.2400,441203,1430424.0000,3
2021-04-19,20210419140000000,sh.600370,3.2400,3.2500,3.2300,3.2500,547300,1774428.0000,3
2021-04-19,20210419150000000,sh.600370,3.2500,3.2500,3.2300,3.2400,702276,2276913.0000,3
2021-04-20,20210420103000000,sh.600370,3.2500,3.2900,3.2400,3.2600,1425450,4656901.0000,3
2021-04-20,20210420113000000,sh.600370,3.2600,3.2700,3.2500,3.2500,431900,1408016.0000,3
2021-04-20,20210420140000000,sh.600370,3.2500,3.2700,3.2500,3.2600,536850,1750152.0000,3
2021-04-20,20210420150000000,sh.600370,3.2600,3.2700,3.2400,3.2400,816400,2659698.0000,3
2021-04-21,20210421103000000,sh.600370,3.2400,3.3000,3.2300,3.2700,2106600,6911437.0000,3
2021-04-21,20210421113000000,sh.600370,3.2700,3.2900,3.2700,3.2900,331100,1085928.0000,3
2021-04-21,20210421140000000,sh.600370,3.2800,3.2900,3.2700,3.2800,411300,1349089.0000,3
2021-04-21,20210421150000000,sh.600370,3.2800,3.2900,3.2500,3.2600,736900,2407596.0000,3
2021-04-22,20210422103000000,sh.600370,3.2800,3.2900,3.2500,3.2700,1009052,3302921.0000,3
2021-04-22,20210422113000000,sh.600370,3.2700,3.2800,3.2600,3.2700,277700,907187.0000,3
2021-04-22,20210422140000000,sh.600370,3.2600,3.2700,3.2500,3.2600,277300,903461.0000,3
2021-04-22,20210422150000000,sh.600370,3.2600,3.2600,3.2300,3.2500,931900,3020294.0000,3
2021-04-23,20210423103000000,sh.600370,3.2400,3.2400,3.1900,3.2000,1308600,4204069.0000,3
2021-04-23,20210423113000000,sh.600370,3.2000,3.2100,3.1800,3.2000,542100,1731967.0000,3
2021-04-23,20210423140000000,sh.600370,3.2000,3.2000,3.1700,3.2000,539600,1718830.0000,3
2021-04-23,20210423150000000,sh.600370,3.2000,3.2000,3.1800,3.1900,611400,1951643.0000,3
2021-04-26,20210426103000000,sh.600370,3.2200,3.2200,3.1800,3.1800,754400,2408325.0000,3
2021-04-26,20210426113000000,sh.600370,3.1800,3.2000,3.1800,3.1900,285900,910618.0000,3
2021-04-26,20210426140000000,sh.600370,3.1900,3.2000,3.1600,3.1800,387400,1231507.0000,3
2021-04-26,20210426150000000,sh.600370,3.1800,3.1800,3.1600,3.1600,568074,1799097.0000,3
2021-04-27,20210427103000000,sh.600370,3.1500,3.1800,3.1400,3.1700,1142800,3612630.0000,3
2021-04-27,20210427113000000,sh.600370,3.1700,3.1700,3.1400,3.1600,455000,1432732.0000,3
2021-04-27,20210427140000000,sh.600370,3.1600,3.1800,3.1400,3.1700,753700,2386102.0000,3
2021-04-27,20210427150000000,sh.600370,3.1700,3.1800,3.1600,3.1700,345861,1095938.0000,3
2021-04-28,20210428103000000,sh.600370,3.1900,3.1900,3.1200,3.1300,1122800,3535375.0000,3
2021-04-28,20210428113000000,sh.600370,3.1300,3.1500,3.1200,3.1400,567300,1779214.0000,3
2021-04-28,20210428140000000,sh.600370,3.1400,3.1500,3.1300,3.1400,313700,986419.0000,3
2021-04-28,20210428150000000,sh.600370,3.1400,3.1600,3.1300,3.1400,679300,2137731.0000,3
2021-04-29,20210429103000000,sh.600370,3.1700,3.2000,3.1600,3.1800,963000,3061250.0000,3
2021-04-29,20210429113000000,sh.600370,3.1800,3.1900,3.1500,3.1700,750850,2380249.0000,3
2021-04-29,20210429140000000,sh.600370,3.1700,3.1800,3.1700,3.1800,221700,704588.0000,3
2021-04-29,20210429150000000,sh.600370,3.1800,3.1800,3.1600,3.1700,571800,1813816.0000,3
2021-04-30,20210430103000000,sh.600370,3.1600,3.1800,3.1300,3.1400,804150,2529761.0000,3
2021-04-30,20210430113000000,sh.600370,3.1400,3.1600,3.1300,3.1300,737300,2318541.0000,3
2021-04-30,20210430140000000,sh.600370,3.1300,3.1500,3.1200,3.1200,550500,1723548.0000,3
2021-04-30,20210430150000000,sh.600370,3.1200,3.1300,3.0700,3.0900,2800700,8672802.0000,3
2021-05-06,20210506103000000,sh.600370,3.1000,3.1000,3.0700,3.0800,1355200,4173920.0000,3
2021-05-06,20210506113000000,sh.600370,3.0800,3.0900,3.0600,3.0800,620100,1907548.0000,3
2021-05-06,20210506140000000,sh.600370,3.0700,3.0900,3.0700,3.0700,185650,571537.0000,3
2021-05-06,20210506150000000,sh.600370,3.0700,3.0900,3.0700,3.0900,647800,1997950.0000,3
2021-05-07,20210507103000000,sh.600370,3.0800,3.1000,3.0300,3.0900,1324400,4054379.0000,3
2021-05-07,20210507113000000,sh.600370,3.0900,3.1200,3.0900,3.1100,628500,1952929.0000,3
2021-05-07,20210507140000000,sh.600370,3.1100,3.1100,3.0900,3.1000,406300,1260099.0000,3
2021-05-07,20210507150000000,sh.600370,3.1000,3.1100,3.0800,3.1000,631141,1949590.0000,3
2021-05-10,20210510103000000,sh.600370,3.1000,3.1300,3.0600,3.0700,795100,2454170.0000,3
2021-05-10,20210510113000000,sh.600370,3.0700,3.1100,3.0700,3.0900,309100,957244.0000,3
2021-05-10,20210510140000000,sh.600370,3.0900,3.1100,3.0900,3.1100,399600,1237264.0000,3
2021-05-10,20210510150000000,sh.600370,3.1100,3.1200,3.1000,3.1100,655950,2037908.0000,3
2021-05-11,20210511103000000,sh.600370,3.1300,3.1400,3.0900,3.0900,700300,2175677.0000,3
2021-05-11,20210511113000000,sh.600370,3.0900,3.1100,3.0800,3.1000,289100,895139.0000,3
2021-05-11,20210511140000000,sh.600370,3.1000,3.1300,3.1000,3.1200,303400,945609.0000,3
2021-05-11,20210511150000000,sh.600370,3.1200,3.1200,3.1100,3.1200,424300,1322405.0000,3
2021-05-12,20210512103000000,sh.600370,3.1200,3.1200,3.0700,3.1000,520800,1612113.0000,3
2021-05-12,20210512113000000,sh.600370,3.1100,3.1100,3.0900,3.1000,187800,582699.0000,3
2021-05-12,20210512140000000,sh.600370,3.1000,3.1400,3.1000,3.1300,813550,2542762.0000,3
2021-05-12,20210512150000000,sh.600370,3.1300,3.1500,3.1300,3.1500,613900,1928500.0000,3
2021-05-13,20210513103000000,sh.600370,3.1100,3.1800,3.1100,3.1700,1157200,3649712.0000,3
2021-05-13,20210513113000000,sh.600370,3.1700,3.1700,3.1500,3.1700,450200,1423101.0000,3
2021-05-13,20210513140000000,sh.600370,3.1600,3.1700,3.1400,3.1400,393100,1241260.0000,3
2021-05-13,20210513150000000,sh.600370,3.1400,3.1700,3.1400,3.1700,626000,1978253.0000,3
2021-05-14,20210514103000000,sh.600370,3.1600,3.1800,3.1500,3.1600,531200,1679520.0000,3
2021-05-14,20210514113000000,sh.600370,3.1600,3.2000,3.1600,3.1900,788800,2508029.0000,3
2021-05-14,20210514140000000,sh.600370,3.1800,3.1900,3.1500,3.1700,1238853,3923739.0000,3
2021-05-14,20210514150000000,sh.600370,3.1700,3.1800,3.1600,3.1700,422055,1338979.0000,3
2021-05-17,20210517103000000,sh.600370,3.1900,3.1900,3.1500,3.1600,830200,2626736.0000,3
2021-05-17,20210517113000000,sh.600370,3.1600,3.2000,3.1500,3.1900,751600,2391279.0000,3
2021-05-17,20210517140000000,sh.600370,3.1900,3.2000,3.1600,3.1600,574250,1822873.0000,3
2021-05-17,20210517150000000,sh.600370,3.1600,3.1600,3.1400,3.1500,768100,2422142.0000,3
2021-05-18,20210518103000000,sh.600370,3.1400,3.1600,3.1200,3.1200,945200,2961052.0000,3
2021-05-18,20210518113000000,sh.600370,3.1200,3.1400,3.1100,3.1300,665400,2078407.0000,3
2021-05-18,20210518140000000,sh.600370,3.1300,3.1600,3.1200,3.1400,413700,1297799.0000,3
2021-05-18,20210518150000000,sh.600370,3.1400,3.1700,3.1300,3.1600,822203,2592331.0000,3
2021-05-19,20210519103000000,sh.600370,3.1600,3.1700,3.1400,3.1500,416700,1313557.0000,3
2021-05-19,20210519113000000,sh.600370,3.1500,3.1600,3.1400,3.1500,211800,667476.0000,3
2021-05-19,20210519140000000,sh.600370,3.1500,3.1700,3.1500,3.1600,334072,1056811.0000,3
2021-05-19,20210519150000000,sh.600370,3.1600,3.1700,3.1500,3.1600,291400,920107.0000,3
2021-05-20,20210520103000000,sh.600370,3.1700,3.2000,3.1600,3.2000,1130554,3601060.0000,3
2021-05-20,20210520113000000,sh.600370,3.2000,3.2400,3.1900,3.2000,1562550,5020011.0000,3
2021-05-20,20210520140000000,sh.600370,3.2000,3.2600,3.1900,3.2500,1979950,6403862.0000,3
2021-05-20,20210520150000000,sh.600370,3.2500,3.2600,3.2300,3.2500,1188700,3857307.0000,3
2021-05-21,20210521103000000,sh.600370,3.2800,3.2900,3.2300,3.2600,1582700,5157388.0000,3
2021-05-21,20210521113000000,sh.600370,3.2600,3.2800,3.2500,3.2700,653400,2128891.0000,3
2021-05-21,20210521140000000,sh.600370,3.2700,3.2700,3.2500,3.2600,363000,1184498.0000,3
2021-05-21,20210521150000000,sh.600370,3.2600,3.2600,3.2200,3.2300,934700,3029268.0000,3
2021-05-24,20210524103000000,sh.600370,3.2300,3.2900,3.2300,3.2800,1093400,3568024.0000,3
2021-05-24,20210524113000000,sh.600370,3.2800,3.2800,3.2600,3.2600,459700,1503844.0000,3
2021-05-24,20210524140000000,sh.600370,3.2700,3.2800,3.2500,3.2500,423300,1380391.0000,3
2021-05-24,20210524150000000,sh.600370,3.2500,3.2600,3.2400,3.2500,448500,1458119.0000,3
2021-05-25,20210525103000000,sh.600370,3.2600,3.2600,3.2200,3.2200,889000,2877617.0000,3
2021-05-25,20210525113000000,sh.600370,3.2200,3.2300,3.2000,3.2100,970100,3117721.0000,3
2021-05-25,20210525140000000,sh.600370,3.2100,3.2400,3.2000,3.2300,541067,1745465.0000,3
2021-05-25,20210525150000000,sh.600370,3.2300,3.2500,3.2200,3.2300,679800,2201303.0000,3
2021-05-26,20210526103000000,sh.600370,3.1700,3.1800,3.1100,3.1700,1648373,5200670.0000,3
2021-05-26,20210526113000000,sh.600370,3.1700,3.1900,3.1500,3.1900,1230371,3905350.0000,3
2021-05-26,20210526140000000,sh.600370,3.1900,3.2800,3.1900,3.2300,2809500,9096425.0000,3
2021-05-26,20210526150000000,sh.600370,3.2300,3.2300,3.2000,3.2000,1115681,3586817.0000,3
2021-05-27,20210527103000000,sh.600370,3.1700,3.2500,3.1700,3.2100,2306000,7381951.0000,3
2021-05-27,20210527113000000,sh.600370,3.2100,3.2100,3.1600,3.1700,1143900,3635182.0000,3
2021-05-27,20210527140000000,sh.600370,3.1700,3.1700,3.1500,3.1500,810600,2561257.0000,3
2021-05-27,20210527150000000,sh.600370,3.1500,3.1700,3.1500,3.1600,782850,2474038.0000,3
2021-05-28,20210528103000000,sh.600370,3.1500,3.2000,3.1400,3.1600,1364250,4318160.0000,3
2021-05-28,20210528113000000,sh.600370,3.1600,3.1700,3.1300,3.1400,922750,2898161.0000,3
2021-05-28,20210528140000000,sh.600370,3.1400,3.1500,3.1300,3.1400,471450,1479120.0000,3
2021-05-28,20210528150000000,sh.600370,3.1400,3.1400,3.1200,3.1300,835400,2615823.0000,3
2021-05-31,20210531103000000,sh.600370,3.1600,3.1700,3.1100,3.1200,1145300,3580647.0000,3
2021-05-31,20210531113000000,sh.600370,3.1200,3.1400,3.1100,3.1300,746000,2326550.0000,3
2021-05-31,20210531140000000,sh.600370,3.1200,3.1300,3.1200,3.1200,572800,1790887.0000,3
2021-05-31,20210531150000000,sh.600370,3.1200,3.1400,3.1200,3.1200,605900,1893706.0000,3
2021-06-01,20210601103000000,sh.600370,3.1400,3.1500,3.1200,3.1300,492350,1541946.0000,3
2021-06-01,20210601113000000,sh.600370,3.1300,3.1400,3.1200,3.1300,277700,868930.0000,3
2021-06-01,20210601140000000,sh.600370,3.1300,3.1400,3.1200,3.1300,337300,1056367.0000,3
2021-06-01,20210601150000000,sh.600370,3.1300,3.1600,3.1300,3.1400,772100,2426066.0000,3
2021-06-02,20210602103000000,sh.600370,3.1400,3.1400,3.1100,3.1300,1147000,3588608.0000,3
2021-06-02,20210602113000000,sh.600370,3.1300,3.1400,3.1200,3.1200,526700,1647407.0000,3
2021-06-02,20210602140000000,sh.600370,3.1300,3.1400,3.1100,3.1200,540850,1689756.0000,3
2021-06-02,20210602150000000,sh.600370,3.1200,3.1300,3.1100,3.1200,740700,2306982.0000,3
2021-06-03,20210603103000000,sh.600370,3.1500,3.1500,3.1200,3.1300,806500,2530747.0000,3
2021-06-03,20210603113000000,sh.600370,3.1300,3.1500,3.1300,3.1400,371500,1165978.0000,3
2021-06-03,20210603140000000,sh.600370,3.1400,3.1600,3.1400,3.1500,1153800,3634998.0000,3
2021-06-03,20210603150000000,sh.600370,3.1500,3.1500,3.1300,3.1400,621061,1946102.0000,3
2021-06-04,20210604103000000,sh.600370,3.1400,3.1400,3.1100,3.1100,912450,2843943.0000,3
2021-06-04,20210604113000000,sh.600370,3.1100,3.1200,3.1000,3.1200,522700,1626799.0000,3
2021-06-04,20210604140000000,sh.600370,3.1100,3.1300,3.1100,3.1200,502300,1566015.0000,3
2021-06-04,20210604150000000,sh.600370,3.1200,3.1200,3.1000,3.1000,715550,2224382.0000,3
2021-06-07,20210607103000000,sh.600370,3.0900,3.1000,3.0800,3.0900,1171300,3618306.0000,3
2021-06-07,20210607113000000,sh.600370,3.0900,3.0900,3.0800,3.0800,325700,1003800.0000,3
2021-06-07,20210607140000000,sh.600370,3.0900,3.0900,3.0700,3.0800,259800,799365.0000,3
2021-06-07,20210607150000000,sh.600370,3.0800,3.0800,3.0600,3.0700,620950,1907358.0000,3
2021-06-08,20210608103000000,sh.600370,3.0600,3.0700,3.0500,3.0600,1041000,3181688.0000,3
2021-06-08,20210608113000000,sh.600370,3.0600,3.0600,3.0400,3.0500,952600,2901870.0000,3
2021-06-08,20210608140000000,sh.600370,3.0500,3.0600,3.0400,3.0500,355900,1084758.0000,3
2021-06-08,20210608150000000,sh.600370,3.0500,3.0500,3.0400,3.0400,586000,1783320.0000,3
2021-06-09,20210609103000000,sh.600370,3.0400,3.0700,3.0300,3.0600,1002650,3057479.0000,3
2021-06-09,20210609113000000,sh.600370,3.0600,3.0900,3.0600,3.0800,408400,1256219.0000,3
2021-06-09,20210609140000000,sh.600370,3.0800,3.0800,3.0600,3.0700,191000,586112.0000,3
2021-06-09,20210609150000000,sh.600370,3.0700,3.0800,3.0600,3.0700,459600,1410753.0000,3
2021-06-10,20210610103000000,sh.600370,3.0800,3.0900,3.0500,3.0500,821000,2515254.0000,3
2021-06-10,20210610113000000,sh.600370,3.0500,3.0600,3.0400,3.0500,321000,978333.0000,3
2021-06-10,20210610140000000,sh.600370,3.0500,3.0600,3.0400,3.0400,801600,2438880.0000,3
2021-06-10,20210610150000000,sh.600370,3.0400,3.0600,3.0400,3.0500,335900,1023709.0000,3
2021-06-11,20210611103000000,sh.600370,3.0400,3.0700,3.0300,3.0600,543550,1656412.0000,3
2021-06-11,20210611113000000,sh.600370,3.0500,3.0600,3.0500,3.0600,187700,573385.0000,3
2021-06-11,20210611140000000,sh.600370,3.0600,3.0600,3.0500,3.0500,220600,674582.0000,3
2021-06-11,20210611150000000,sh.600370,3.0500,3.0600,3.0500,3.0500,522300,1594089.0000,3
2021-06-15,20210615103000000,sh.600370,3.0700,3.0800,3.0200,3.0300,1356803,4121553.0000,3
2021-06-15,20210615113000000,sh.600370,3.0300,3.0400,3.0200,3.0300,431900,1307765.0000,3
2021-06-15,20210615140000000,sh.600370,3.0200,3.0300,3.0200,3.0300,138400,418654.0000,3
2021-06-15,20210615150000000,sh.600370,3.0300,3.0400,3.0200,3.0300,534600,1619311.0000,3
2021-06-16,20210616103000000,sh.600370,3.0300,3.0400,3.0000,3.0200,542550,1637059.0000,3
2021-06-16,20210616113000000,sh.600370,3.0200,3.0200,3.0100,3.0200,235050,708155.0000,3
2021-06-16,20210616140000000,sh.600370,3.0200,3.0200,2.9800,3.0000,702850,2110597.0000,3
2021-06-16,20210616150000000,sh.600370,3.0000,3.0000,2.9900,3.0000,591744,1771590.0000,3
2021-06-17,20210617103000000,sh.600370,3.0000,3.0200,2.9800,3.0000,362500,1089214.0000,3
2021-06-17,20210617113000000,sh.600370,3.0000,3.0100,3.0000,3.0000,226000,678099.0000,3
2021-06-17,20210617140000000,sh.600370,3.0000,3.0100,2.9900,3.0000,295900,887436.0000,3
2021-06-17,20210617150000000,sh.600370,3.0000,3.0100,2.9900,2.9900,300175,900155.0000,3
2021-06-18,20210618103000000,sh.600370,2.9900,3.0300,2.9900,3.0200,563600,1695856.0000,3
2021-06-18,20210618113000000,sh.600370,3.0200,3.0300,3.0100,3.0100,487100,1470394.0000,3
2021-06-18,20210618140000000,sh.600370,3.0100,3.0200,3.0000,3.0100,235910,710289.0000,3
2021-06-18,20210618150000000,sh.600370,3.0100,3.0200,3.0100,3.0200,440400,1327607.0000,3
2021-06-21,20210621103000000,sh.600370,3.0200,3.0300,3.0100,3.0200,522800,1579645.0000,3
2021-06-21,20210621113000000,sh.600370,3.0200,3.0300,3.0000,3.0100,390400,1175678.0000,3
2021-06-21,20210621140000000,sh.600370,3.0100,3.0200,3.0000,3.0100,357100,1072544.0000,3
2021-06-21,20210621150000000,sh.600370,3.0100,3.0200,3.0000,3.0100,184100,553842.0000,3
2021-06-22,20210622103000000,sh.600370,3.0200,3.0400,3.0000,3.0300,577794,1746531.0000,3
2021-06-22,20210622113000000,sh.600370,3.0300,3.0400,3.0200,3.0300,422300,1281930.0000,3
2021-06-22,20210622140000000,sh.600370,3.0300,3.0400,3.0200,3.0200,296800,898532.0000,3
2021-06-22,20210622150000000,sh.600370,3.0200,3.0500,3.0200,3.0400,630300,1913610.0000,3
2021-06-23,20210623103000000,sh.600370,3.0400,3.0500,3.0300,3.0300,564100,1712256.0000,3
2021-06-23,20210623113000000,sh.600370,3.0300,3.0500,3.0200,3.0400,329600,999931.0000,3
2021-06-23,20210623140000000,sh.600370,3.0400,3.0500,3.0300,3.0500,468400,1423443.0000,3
2021-06-23,20210623150000000,sh.600370,3.0500,3.0700,3.0400,3.0500,801405,2447542.0000,3
2021-06-24,20210624103000000,sh.600370,3.0500,3.0600,3.0200,3.0400,993400,3018282.0000,3
2021-06-24,20210624113000000,sh.600370,3.0400,3.0500,3.0300,3.0300,260500,791729.0000,3
2021-06-24,20210624140000000,sh.600370,3.0400,3.0500,3.0300,3.0400,205800,626249.0000,3
2021-06-24,20210624150000000,sh.600370,3.0400,3.0500,3.0300,3.0400,331000,1005784.0000,3
2021-06-25,20210625103000000,sh.600370,3.0400,3.0600,3.0300,3.0500,902700,2750425.0000,3
2021-06-25,20210625113000000,sh.600370,3.0500,3.0600,3.0400,3.0500,282400,860855.0000,3
2021-06-25,20210625140000000,sh.600370,3.0500,3.0500,3.0400,3.0500,260300,792858.0000,3
2021-06-25,20210625150000000,sh.600370,3.0500,3.0500,3.0400,3.0500,440400,1340145.0000,3
2021-06-28,20210628103000000,sh.600370,3.0500,3.0600,3.0200,3.0300,649200,1968750.0000,3
2021-06-28,20210628113000000,sh.600370,3.0300,3.0400,3.0200,3.0400,335350,1016091.0000,3
2021-06-28,20210628140000000,sh.600370,3.0400,3.0400,3.0300,3.0300,264200,800567.0000,3
2021-06-28,20210628150000000,sh.600370,3.0300,3.0300,3.0100,3.0200,731600,2210796.0000,3
2021-06-29,20210629103000000,sh.600370,3.0300,3.0300,3.0100,3.0200,682900,2063827.0000,3
2021-06-29,20210629113000000,sh.600370,3.0200,3.0300,3.0100,3.0200,343500,1037553.0000,3
2021-06-29,20210629140000000,sh.600370,3.0200,3.0200,3.0100,3.0100,243900,735067.0000,3
2021-06-29,20210629150000000,sh.600370,3.0100,3.0200,3.0000,3.0000,518100,1557562.0000,3
2021-06-30,20210630103000000,sh.600370,3.0000,3.0200,2.9900,3.0100,712550,2142352.0000,3
2021-06-30,20210630113000000,sh.600370,3.0100,3.0100,2.9900,3.0100,313950,942513.0000,3
2021-06-30,20210630140000000,sh.600370,3.0100,3.0100,2.9900,2.9900,279500,838316.0000,3
2021-06-30,20210630150000000,sh.600370,2.9900,3.0000,2.9900,3.0000,461250,1380424.0000,3
2021-07-01,20210701103000000,sh.600370,3.0100,3.0100,2.9800,3.0000,1005000,3005913.0000,3
2021-07-01,20210701113000000,sh.600370,3.0000,3.0000,2.9900,2.9900,260100,779216.0000,3
2021-07-01,20210701140000000,sh.600370,2.9900,3.0000,2.9900,3.0000,173300,518754.0000,3
2021-07-01,20210701150000000,sh.600370,3.0000,3.0000,2.9700,2.9800,895900,2673175.0000,3
2021-07-02,20210702103000000,sh.600370,2.9800,2.9900,2.9600,2.9800,580000,1723099.0000,3
2021-07-02,20210702113000000,sh.600370,2.9600,2.9800,2.9600,2.9700,308900,916197.0000,3
2021-07-02,20210702140000000,sh.600370,2.9700,2.9800,2.9600,2.9800,381200,1131148.0000,3
2021-07-02,20210702150000000,sh.600370,2.9800,2.9800,2.9600,2.9600,340700,1011540.0000,3
2021-07-05,20210705103000000,sh.600370,2.9700,2.9800,2.9500,2.9600,511900,1516164.0000,3
2021-07-05,20210705113000000,sh.600370,2.9600,2.9900,2.9600,2.9800,253500,754165.0000,3
2021-07-05,20210705140000000,sh.600370,2.9800,2.9800,2.9700,2.9800,117625,349865.2500,3
2021-07-05,20210705150000000,sh.600370,2.9800,2.9900,2.9700,2.9900,323850,965971.5000,3
2021-07-06,20210706103000000,sh.600370,2.9900,3.0900,2.9700,3.0500,1919200,5834498.9400,3
2021-07-06,20210706113000000,sh.600370,3.0500,3.0500,3.0100,3.0300,769600,2330571.0000,3
2021-07-06,20210706140000000,sh.600370,3.0300,3.0400,3.0200,3.0300,307900,934040.0000,3
2021-07-06,20210706150000000,sh.600370,3.0300,3.0700,3.0200,3.0600,1218255,3715079.2000,3
2021-07-07,20210707103000000,sh.600370,3.0400,3.0700,3.0100,3.0400,1131300,3445149.0000,3
2021-07-07,20210707113000000,sh.600370,3.0300,3.1800,3.0300,3.1200,4753200,14812631.0000,3
2021-07-07,20210707140000000,sh.600370,3.1200,3.1300,3.1100,3.1300,1073570,3349854.4000,3
2021-07-07,20210707150000000,sh.600370,3.1300,3.1400,3.1100,3.1100,1975430,6171972.2000,3
2021-07-08,20210708103000000,sh.600370,3.1000,3.1200,3.0400,3.0500,2975600,9156323.5000,3
2021-07-08,20210708113000000,sh.600370,3.0500,3.0800,3.0500,3.0700,636400,1950268.0000,3
2021-07-08,20210708140000000,sh.600370,3.0700,3.0700,3.0400,3.0500,828400,2530225.0000,3
2021-07-08,20210708150000000,sh.600370,3.0500,3.0800,3.0500,3.0700,502650,1539508.5000,3
2021-07-09,20210709103000000,sh.600370,3.0700,3.0700,3.0300,3.0400,1108300,3376547.0000,3
2021-07-09,20210709113000000,sh.600370,3.0400,3.0500,3.0300,3.0400,570800,1733876.0000,3
2021-07-09,20210709140000000,sh.600370,3.0400,3.0600,3.0300,3.0600,772650,2357438.5000,3
2021-07-09,20210709150000000,sh.600370,3.0500,3.1900,3.0400,3.1400,2762400,8585017.5000,3
2021-07-12,20210712103000000,sh.600370,3.1500,3.1500,3.0600,3.0900,2318600,7190074.0000,3
2021-07-12,20210712113000000,sh.600370,3.0900,3.1300,3.0900,3.1100,914200,2847786.0000,3
2021-07-12,20210712140000000,sh.600370,3.1100,3.1400,3.1100,3.1100,616612,1926076.9400,3
2021-07-12,20210712150000000,sh.600370,3.1100,3.1200,3.1000,3.1000,594903,1847773.3000,3
2021-07-13,20210713103000000,sh.600370,3.0900,3.1400,3.0700,3.1100,1233900,3827445.0000,3
2021-07-13,20210713113000000,sh.600370,3.1100,3.1200,3.1000,3.1200,453800,1411282.0000,3
2021-07-13,20210713140000000,sh.600370,3.1200,3.1500,3.1000,3.1400,1353650,4227286.0000,3
2021-07-13,20210713150000000,sh.600370,3.1400,3.1500,3.1100,3.1300,758000,2372636.0000,3
2021-07-14,20210714103000000,sh.600370,3.1300,3.1300,3.0800,3.1000,1153655,3573953.0000,3
2021-07-14,20210714113000000,sh.600370,3.1000,3.1100,3.0900,3.1000,489095,1517058.5000,3
2021-07-14,20210714140000000,sh.600370,3.1000,3.2500,3.1000,3.1600,5469528,17436060.7000,3
2021-07-14,20210714150000000,sh.600370,3.1600,3.1900,3.1500,3.1700,1478650,4688860.0000,3
2021-07-15,20210715103000000,sh.600370,3.1500,3.1900,3.1000,3.1200,2642023,8280637.7000,3
2021-07-15,20210715113000000,sh.600370,3.1200,3.1300,3.0900,3.1000,1082300,3363969.0000,3
2021-07-15,20210715140000000,sh.600370,3.1100,3.1500,3.1100,3.1500,586900,1832545.0000,3
2021-07-15,20210715150000000,sh.600370,3.1500,3.1600,3.1100,3.1500,2959600,9247369.5000,3
2021-07-16,20210716103000000,sh.600370,3.1500,3.1500,3.1000,3.1100,1139000,3551201.0000,3
2021-07-16,20210716113000000,sh.600370,3.1100,3.1300,3.1000,3.1100,691200,2148356.0000,3
2021-07-16,20210716140000000,sh.600370,3.1100,3.1200,3.0900,3.1000,1262000,3913214.0000,3
2021-07-16,20210716150000000,sh.600370,3.1000,3.1100,3.0800,3.0900,1231213,3806017.0400,3
2021-07-19,20210719103000000,sh.600370,3.0900,3.0900,3.0500,3.0500,1380400,4237267.0000,3
2021-07-19,20210719113000000,sh.600370,3.0500,3.0900,3.0500,3.0800,462125,1414672.7500,3
2021-07-19,20210719140000000,sh.600370,3.0800,3.0900,3.0700,3.0800,297150,915477.5000,3
2021-07-19,20210719150000000,sh.600370,3.0800,3.0900,3.0600,3.0900,714300,2196051.0000,3
2021-07-20,20210720103000000,sh.600370,3.0800,3.0800,3.0600,3.0700,466600,1431344.0000,3
2021-07-20,20210720113000000,sh.600370,3.0700,3.0800,3.0600,3.0700,329200,1008537.0000,3
2021-07-20,20210720140000000,sh.600370,3.0700,3.0700,3.0500,3.0500,374300,1145718.0000,3
2021-07-20,20210720150000000,sh.600370,3.0500,3.0800,3.0500,3.0700,415303,1273644.1500,3
2021-07-21,20210721103000000,sh.600370,3.0700,3.0900,3.0700,3.0800,761258,2343704.0600,3
2021-07-21,20210721113000000,sh.600370,3.0800,3.0800,3.0700,3.0800,519300,1596765.0000,3
2021-07-21,20210721140000000,sh.600370,3.0800,3.0900,3.0700,3.0700,467700,1440243.0000,3
2021-07-21,20210721150000000,sh.600370,3.0700,3.1100,3.0700,3.1100,1229088,3800678.4200,3
2021-07-22,20210722103000000,sh.600370,3.1300,3.1400,3.0900,3.1000,1638750,5096288.5000,3
2021-07-22,20210722113000000,sh.600370,3.1000,3.1100,3.0900,3.1100,698900,2165183.0000,3
2021-07-22,20210722140000000,sh.600370,3.1100,3.1700,3.1000,3.1300,2572450,8084841.6200,3
2021-07-22,20210722150000000,sh.600370,3.1300,3.1500,3.1200,3.1400,1462878,4579970.3600,3
2021-07-23,20210723103000000,sh.600370,3.1400,3.1400,3.1100,3.1200,2647700,8273802.0000,3
2021-07-23,20210723113000000,sh.600370,3.1200,3.1200,3.0800,3.1100,1170400,3629067.0000,3
2021-07-23,20210723140000000,sh.600370,3.1100,3.1100,3.0900,3.1000,545900,1691255.0000,3
2021-07-23,20210723150000000,sh.600370,3.1000,3.1000,3.0800,3.0900,667950,2064796.5000,3
2021-07-26,20210726103000000,sh.600370,3.0900,3.1000,3.0600,3.0700,1350301,4146179.0600,3
2021-07-26,20210726113000000,sh.600370,3.0700,3.0700,3.0200,3.0400,1427868,4356107.0100,3
2021-07-26,20210726140000000,sh.600370,3.0400,3.0400,3.0000,3.0200,1151832,3477635.9300,3
2021-07-26,20210726150000000,sh.600370,3.0200,3.0300,3.0000,3.0200,924700,2786540.0000,3
2021-07-27,20210727103000000,sh.600370,3.0100,3.0600,3.0100,3.0400,1614300,4901946.0000,3
2021-07-27,20210727113000000,sh.600370,3.0400,3.0900,3.0300,3.0800,988800,3031606.0000,3
2021-07-27,20210727140000000,sh.600370,3.0800,3.0800,3.0500,3.0700,369900,1133366.0000,3
2021-07-27,20210727150000000,sh.600370,3.0700,3.0700,3.0200,3.0200,1123750,3415824.0000,3
2021-07-28,20210728103000000,sh.600370,3.0100,3.0300,2.9100,2.9800,2504900,7397673.0000,3
2021-07-28,20210728113000000,sh.600370,2.9800,3.0000,2.9500,2.9600,1111700,3301487.0000,3
2021-07-28,20210728140000000,sh.600370,2.9600,2.9700,2.9200,2.9500,952900,2805633.0000,3
2021-07-28,20210728150000000,sh.600370,2.9500,2.9700,2.9400,2.9400,398938,1176742.1000,3
2021-07-29,20210729103000000,sh.600370,2.9500,2.9900,2.9500,2.9600,591200,1757959.0000,3
2021-07-29,20210729113000000,sh.600370,2.9600,2.9800,2.9400,2.9700,728400,2152724.0000,3
2021-07-29,20210729140000000,sh.600370,2.9700,2.9700,2.9400,2.9600,432400,1276680.0000,3
2021-07-29,20210729150000000,sh.600370,2.9600,2.9600,2.9500,2.9600,641300,1894024.0000,3
2021-07-30,20210730103000000,sh.600370,2.9600,2.9700,2.8800,2.9300,2546718,7402670.8400,3
2021-07-30,20210730113000000,sh.600370,2.9300,2.9400,2.9100,2.9200,418450,1223454.0000,3
2021-07-30,20210730140000000,sh.600370,2.9200,2.9200,2.9000,2.9100,491500,1432102.0000,3
2021-07-30,20210730150000000,sh.600370,2.9100,2.9300,2.9000,2.9100,963700,2806856.0000,3
2021-08-02,20210802103000000,sh.600370,2.9000,2.9400,2.9000,2.9300,1139311,3328270.1200,3
2021-08-02,20210802113000000,sh.600370,2.9300,2.9600,2.9200,2.9600,699350,2054880.0000,3
2021-08-02,20210802140000000,sh.600370,2.9600,2.9900,2.9600,2.9700,1347050,4005008.5000,3
2021-08-02,20210802150000000,sh.600370,2.9700,2.9800,2.9600,2.9800,600600,1785618.0000,3
2021-08-03,20210803103000000,sh.600370,2.9800,3.0100,2.9600,2.9800,1144650,3419578.0000,3
2021-08-03,20210803113000000,sh.600370,2.9800,2.9900,2.9600,2.9700,831400,2472497.0000,3
2021-08-03,20210803140000000,sh.600370,2.9700,2.9800,2.9600,2.9700,333100,989128.0000,3
2021-08-03,20210803150000000,sh.600370,2.9700,2.9800,2.9500,2.9700,1014400,3006370.0000,3
2021-08-04,20210804103000000,sh.600370,2.9500,3.0100,2.9500,2.9700,1230500,3673293.0000,3
2021-08-04,20210804113000000,sh.600370,2.9700,2.9800,2.9600,2.9700,333800,992812.0000,3
2021-08-04,20210804140000000,sh.600370,2.9700,2.9800,2.9600,2.9700,332900,990144.0000,3
2021-08-04,20210804150000000,sh.600370,2.9700,2.9900,2.9700,2.9700,439050,1306070.5000,3
2021-08-05,20210805103000000,sh.600370,2.9900,2.9900,2.9600,2.9800,607100,1806353.0000,3
2021-08-05,20210805113000000,sh.600370,2.9700,2.9800,2.9700,2.9800,263300,783467.0000,3
2021-08-05,20210805140000000,sh.600370,2.9800,2.9800,2.9600,2.9600,206300,612191.0000,3
2021-08-05,20210805150000000,sh.600370,2.9600,2.9800,2.9400,2.9600,1082400,3200713.0000,3
2021-08-06,20210806103000000,sh.600370,2.9600,2.9600,2.9400,2.9400,582000,1713142.0000,3
2021-08-06,20210806113000000,sh.600370,2.9400,2.9500,2.9300,2.9500,259800,763725.0000,3
2021-08-06,20210806140000000,sh.600370,2.9500,2.9500,2.9300,2.9300,459000,1349000.0000,3
2021-08-06,20210806150000000,sh.600370,2.9300,2.9400,2.9300,2.9300,276700,812227.0000,3
2021-08-09,20210809103000000,sh.600370,2.9500,2.9700,2.9400,2.9600,991200,2929251.0000,3
2021-08-09,20210809113000000,sh.600370,2.9600,2.9700,2.9500,2.9700,843400,2496579.0000,3
2021-08-09,20210809140000000,sh.600370,2.9600,2.9800,2.9600,2.9800,339800,1011963.0000,3
2021-08-09,20210809150000000,sh.600370,2.9800,2.9900,2.9700,2.9900,741000,2209518.0000,3
2021-08-10,20210810103000000,sh.600370,2.9900,3.0000,2.9400,2.9600,2611550,7722490.0000,3
2021-08-10,20210810113000000,sh.600370,2.9600,2.9700,2.9300,2.9600,1866000,5491507.0000,3
2021-08-10,20210810140000000,sh.600370,2.9600,2.9700,2.9300,2.9600,1238800,3645672.0000,3
2021-08-10,20210810150000000,sh.600370,2.9600,2.9700,2.9500,2.9700,391700,1157972.0000,3
2021-08-11,20210811103000000,sh.600370,2.9700,2.9700,2.9200,2.9400,3759210,11037792.0000,3
2021-08-11,20210811113000000,sh.600370,2.9400,2.9600,2.9300,2.9500,514650,1515688.0000,3
2021-08-11,20210811140000000,sh.600370,2.9500,2.9500,2.9400,2.9400,316550,931686.0000,3
2021-08-11,20210811150000000,sh.600370,2.9400,2.9500,2.9400,2.9400,820202,2413425.0000,3
2021-08-12,20210812103000000,sh.600370,2.9500,2.9500,2.9100,2.9300,2282700,6677325.0000,3
2021-08-12,20210812113000000,sh.600370,2.9300,2.9400,2.9200,2.9400,444800,1302724.0000,3
2021-08-12,20210812140000000,sh.600370,2.9300,2.9400,2.9300,2.9300,474100,1390134.0000,3
2021-08-12,20210812150000000,sh.600370,2.9300,2.9400,2.9200,2.9200,924302,2707335.0000,3
2021-08-13,20210813103000000,sh.600370,2.9100,2.9400,2.9000,2.9200,2459300,7164962.0000,3
2021-08-13,20210813113000000,sh.600370,2.9300,2.9300,2.9200,2.9200,535900,1565733.0000,3
2021-08-13,20210813140000000,sh.600370,2.9300,2.9400,2.9200,2.9200,568700,1663135.0000,3
2021-08-13,20210813150000000,sh.600370,2.9200,2.9300,2.9200,2.9200,542700,1587626.0000,3
2021-08-16,20210816103000000,sh.600370,2.9300,2.9400,2.9100,2.9300,1665750,4872888.0000,3
2021-08-16,20210816113000000,sh.600370,2.9300,2.9400,2.9200,2.9300,661353,1935377.0000,3
2021-08-16,20210816140000000,sh.600370,2.9400,2.9500,2.9300,2.9400,898200,2638991.0000,3
2021-08-16,20210816150000000,sh.600370,2.9400,2.9500,2.9200,2.9400,757550,2225536.0000,3
2021-08-17,20210817103000000,sh.600370,2.9400,2.9700,2.9300,2.9400,1406100,4154038.0000,3
2021-08-17,20210817113000000,sh.600370,2.9400,2.9600,2.9300,2.9300,325000,956317.0000,3
2021-08-17,20210817140000000,sh.600370,2.9300,2.9400,2.9100,2.9100,836800,2445760.0000,3
2021-08-17,20210817150000000,sh.600370,2.9100,2.9300,2.9100,2.9100,924250,2695252.0000,3
2021-08-18,20210818103000000,sh.600370,2.8900,2.9200,2.8900,2.9000,896850,2600621.0000,3
2021-08-18,20210818113000000,sh.600370,2.9000,2.9100,2.9000,2.9000,355500,1031813.0000,3
2021-08-18,20210818140000000,sh.600370,2.9000,2.9100,2.9000,2.9000,465500,1351882.0000,3
2021-08-18,20210818150000000,sh.600370,2.9100,2.9200,2.9000,2.9100,615300,1790155.0000,3
2021-08-19,20210819103000000,sh.600370,2.9200,2.9200,2.9000,2.9000,800100,2323890.0000,3
2021-08-19,20210819113000000,sh.600370,2.9000,2.9100,2.9000,2.9100,380100,1104340.0000,3
2021-08-19,20210819140000000,sh.600370,2.9100,2.9200,2.9000,2.9200,364850,1061995.0000,3
2021-08-19,20210819150000000,sh.600370,2.9200,2.9200,2.9100,2.9100,384400,1121435.0000,3
2021-08-20,20210820103000000,sh.600370,2.9100,2.9100,2.8900,2.9100,719199,2085128.0000,3
2021-08-20,20210820113000000,sh.600370,2.9100,2.9100,2.8900,2.9000,425700,1234406.0000,3
2021-08-20,20210820140000000,sh.600370,2.9000,2.9000,2.8900,2.8900,320400,927291.0000,3
2021-08-20,20210820150000000,sh.600370,2.8900,2.9300,2.8900,2.9200,604400,1756997.0000,3
2021-08-23,20210823103000000,sh.600370,2.9200,2.9500,2.9200,2.9400,1350250,3968691.0000,3
2021-08-23,20210823113000000,sh.600370,2.9400,2.9600,2.9400,2.9500,641300,1891065.0000,3
2021-08-23,20210823140000000,sh.600370,2.9500,2.9500,2.9400,2.9500,676450,1994160.0000,3
2021-08-23,20210823150000000,sh.600370,2.9500,2.9600,2.9400,2.9500,1091500,3220724.0000,3
2021-08-24,20210824103000000,sh.600370,2.9500,2.9700,2.9500,2.9600,665600,1970767.0000,3
2021-08-24,20210824113000000,sh.600370,2.9600,2.9700,2.9500,2.9500,673200,1991861.0000,3
2021-08-24,20210824140000000,sh.600370,2.9600,2.9600,2.9500,2.9500,546300,1614797.0000,3
2021-08-24,20210824150000000,sh.600370,2.9500,2.9600,2.9500,2.9500,448700,1325418.0000,3
2021-08-25,20210825103000000,sh.600370,2.9500,2.9700,2.9300,2.9500,935250,2757747.0000,3
2021-08-25,20210825113000000,sh.600370,2.9500,2.9600,2.9400,2.9500,425700,1256248.0000,3
2021-08-25,20210825140000000,sh.600370,2.9500,2.9600,2.9400,2.9500,479100,1413975.0000,3
2021-08-25,20210825150000000,sh.600370,2.9500,2.9600,2.9500,2.9600,760100,2246358.0000,3
2021-08-26,20210826103000000,sh.600370,2.9600,2.9700,2.9500,2.9500,890700,2631921.0000,3
2021-08-26,20210826113000000,sh.600370,2.9500,2.9600,2.9400,2.9600,781500,2306951.0000,3
2021-08-26,20210826140000000,sh.600370,2.9500,2.9700,2.9500,2.9700,618100,1833102.0000,3
2021-08-26,20210826150000000,sh.600370,2.9700,2.9700,2.9500,2.9700,956800,2831624.0000,3
2021-08-27,20210827103000000,sh.600370,2.9700,2.9700,2.9300,2.9500,825350,2431899.0000,3
2021-08-27,20210827113000000,sh.600370,2.9500,2.9700,2.9400,2.9500,800300,2363530.0000,3
2021-08-27,20210827140000000,sh.600370,2.9600,2.9700,2.9500,2.9600,515700,1526282.0000,3
2021-08-27,20210827150000000,sh.600370,2.9600,2.9900,2.9600,2.9900,1245350,3703111.0000,3
2021-08-30,20210830103000000,sh.600370,2.9900,3.0000,2.9600,2.9900,2408100,7191455.0000,3
2021-08-30,20210830113000000,sh.600370,2.9900,2.9900,2.9700,2.9700,487100,1453904.0000,3
2021-08-30,20210830140000000,sh.600370,2.9700,2.9800,2.9600,2.9700,695600,2067492.0000,3
2021-08-30,20210830150000000,sh.600370,2.9700,2.9900,2.9600,2.9800,715000,2126050.0000,3
2021-08-31,20210831103000000,sh.600370,2.9600,2.9800,2.9500,2.9600,1525900,4514669.0000,3
2021-08-31,20210831113000000,sh.600370,2.9600,2.9700,2.9500,2.9500,463400,1370164.0000,3
2021-08-31,20210831140000000,sh.600370,2.9500,2.9800,2.9500,2.9700,431200,1275719.0000,3
2021-08-31,20210831150000000,sh.600370,2.9700,2.9800,2.9700,2.9700,768000,2282115.0000,3
2021-09-01,20210901103000000,sh.600370,2.9700,3.1500,2.9600,3.1000,9011900,27735511.0000,3
2021-09-01,20210901113000000,sh.600370,3.1000,3.1000,3.0700,3.0700,1322400,4079286.0000,3
2021-09-01,20210901140000000,sh.600370,3.0800,3.0800,3.0300,3.0500,1149000,3505983.0000,3
2021-09-01,20210901150000000,sh.600370,3.0500,3.0600,3.0400,3.0500,902500,2750110.0000,3
2021-09-02,20210902103000000,sh.600370,3.0500,3.0500,3.0000,3.0500,2643000,7978626.0000,3
2021-09-02,20210902113000000,sh.600370,3.0500,3.0700,3.0400,3.0500,1189232,3627373.0000,3
2021-09-02,20210902140000000,sh.600370,3.0500,3.0600,3.0300,3.0400,1020100,3106684.0000,3
2021-09-02,20210902150000000,sh.600370,3.0400,3.0600,3.0400,3.0500,1115670,3401043.0000,3
2021-09-03,20210903103000000,sh.600370,3.0500,3.0900,3.0400,3.0600,2174200,6647396.0000,3
2021-09-03,20210903113000000,sh.600370,3.0600,3.0600,3.0200,3.0400,1128000,3435495.0000,3
2021-09-03,20210903140000000,sh.600370,3.0400,3.0500,3.0400,3.0400,404650,1231617.0000,3
2021-09-03,20210903150000000,sh.600370,3.0400,3.0600,3.0400,3.0500,615050,1875093.0000,3
2021-09-06,20210906103000000,sh.600370,3.0500,3.0700,3.0400,3.0600,1366400,4176003.0000,3
2021-09-06,20210906113000000,sh.600370,3.0600,3.0700,3.0500,3.0600,571369,1747118.0000,3
2021-09-06,20210906140000000,sh.600370,3.0600,3.0700,3.0500,3.0600,613050,1875590.0000,3
2021-09-06,20210906150000000,sh.600370,3.0600,3.0800,3.0500,3.0700,1678095,5140173.0000,3
2021-09-07,20210907103000000,sh.600370,3.1000,3.1800,3.0800,3.1500,5340733,16795517.0000,3
2021-09-07,20210907113000000,sh.600370,3.1600,3.1600,3.1500,3.1600,836200,2639520.0000,3
2021-09-07,20210907140000000,sh.600370,3.1600,3.1700,3.1500,3.1600,1822000,5749392.0000,3
2021-09-07,20210907150000000,sh.600370,3.1600,3.1600,3.1300,3.1500,2454200,7707336.0000,3
2021-09-08,20210908103000000,sh.600370,3.1500,3.1900,3.1500,3.1600,3470067,10996398.0000,3
2021-09-08,20210908113000000,sh.600370,3.1600,3.1700,3.1500,3.1600,1072924,3385250.0000,3
2021-09-08,20210908140000000,sh.600370,3.1600,3.1700,3.1600,3.1700,851700,2693920.0000,3
2021-09-08,20210908150000000,sh.600370,3.1700,3.2000,3.1600,3.1900,2645100,8403165.0000,3
2021-09-09,20210909103000000,sh.600370,3.2100,3.4100,3.1700,3.4000,7270607,23836377.0000,3
2021-09-09,20210909113000000,sh.600370,3.4000,3.5100,3.3200,3.5100,15885209,54545381.0000,3
2021-09-09,20210909140000000,sh.600370,3.5100,3.5100,3.5100,3.5100,2887070,10133616.0000,3
2021-09-09,20210909150000000,sh.600370,3.5100,3.5100,3.5100,3.5100,727500,2553525.0000,3
2021-09-10,20210910103000000,sh.600370,3.5900,3.8600,3.5200,3.7100,31626384,117901804.0000,3
2021-09-10,20210910113000000,sh.600370,3.7000,3.7100,3.6000,3.6700,6409500,23464148.0000,3
2021-09-10,20210910140000000,sh.600370,3.6600,3.6900,3.6300,3.6400,3150153,11530374.0000,3
2021-09-10,20210910150000000,sh.600370,3.6400,3.7000,3.6100,3.6900,6673390,24429028.0000,3
2021-09-13,20210913103000000,sh.600370,3.6400,3.6900,3.5300,3.6100,17142842,61515168.0000,3
2021-09-13,20210913113000000,sh.600370,3.6100,3.6200,3.5700,3.6000,2967750,10655020.0000,3
2021-09-13,20210913140000000,sh.600370,3.6000,4.0600,3.6000,3.9300,13729855,52944037.0000,3
2021-09-13,20210913150000000,sh.600370,3.9300,3.9300,3.8400,3.8800,7910303,30759209.0000,3
2021-09-14,20210914103000000,sh.600370,3.8000,3.8500,3.6800,3.7300,13293200,49755289.0000,3
2021-09-14,20210914113000000,sh.600370,3.7300,3.7800,3.7100,3.7600,2155550,8052308.0000,3
2021-09-14,20210914140000000,sh.600370,3.7600,3.7700,3.6600,3.6700,5033279,18620011.0000,3
2021-09-14,20210914150000000,sh.600370,3.6600,3.7000,3.5800,3.6100,10235550,37094828.0000,3
2021-09-15,20210915103000000,sh.600370,3.6000,3.6800,3.5800,3.6100,8307624,30179323.0000,3
2021-09-15,20210915113000000,sh.600370,3.6200,3.6500,3.6100,3.6400,2591858,9415006.0000,3
2021-09-15,20210915140000000,sh.600370,3.6400,3.7300,3.6400,3.6800,4441200,16412356.0000,3
2021-09-15,20210915150000000,sh.600370,3.6800,3.7000,3.6500,3.6600,4420600,16242652.0000,3
2021-09-16,20210916103000000,sh.600370,3.6600,3.8500,3.5900,3.7400,14303089,53492819.0000,3
2021-09-16,20210916113000000,sh.600370,3.7400,3.7600,3.7000,3.7500,3014100,11250015.0000,3
2021-09-16,20210916140000000,sh.600370,3.7500,3.8300,3.7200,3.7700,5940150,22490060.0000,3
2021-09-16,20210916150000000,sh.600370,3.7800,3.8000,3.7500,3.7600,6350400,23964257.0000,3
2021-09-17,20210917103000000,sh.600370,3.7000,3.9500,3.5300,3.6200,22729903,83620234.0000,3
2021-09-17,20210917113000000,sh.600370,3.6200,3.6400,3.5700,3.5900,2712450,9767957.0000,3
2021-09-17,20210917140000000,sh.600370,3.6000,3.6200,3.5300,3.6000,3075695,10976580.0000,3
2021-09-17,20210917150000000,sh.600370,3.6000,3.6400,3.5900,3.6200,2495250,9019510.0000,3
2021-09-22,20210922103000000,sh.600370,3.5100,3.5900,3.3400,3.4600,18931000,65290667.0000,3
2021-09-22,20210922113000000,sh.600370,3.4600,3.5000,3.4100,3.5000,1824400,6299508.0000,3
2021-09-22,20210922140000000,sh.600370,3.5000,3.5800,3.4600,3.5000,5460600,19208683.0000,3
2021-09-22,20210922150000000,sh.600370,3.5000,3.5600,3.4700,3.5100,4539450,15931750.0000,3
2021-09-23,20210923103000000,sh.600370,3.5500,3.6500,3.5000,3.5400,10149945,36269713.0000,3
2021-09-23,20210923113000000,sh.600370,3.5400,3.5600,3.5200,3.5300,1524200,5389336.0000,3
2021-09-23,20210923140000000,sh.600370,3.5300,3.5400,3.5000,3.5200,1773800,6238014.0000,3
2021-09-23,20210923150000000,sh.600370,3.5200,3.5500,3.4800,3.5400,3945450,13827443.0000,3
2021-09-24,20210924103000000,sh.600370,3.5000,3.5300,3.4300,3.4800,4973000,17293844.0000,3
2021-09-24,20210924113000000,sh.600370,3.4800,3.5200,3.4500,3.5100,2071500,7196523.0000,3
2021-09-24,20210924140000000,sh.600370,3.5100,3.7400,3.5000,3.6400,14417375,52851936.0000,3
2021-09-24,20210924150000000,sh.600370,3.6400,3.6700,3.6000,3.6500,5466400,19885602.0000,3
2021-09-27,20210927103000000,sh.600370,3.7000,3.7300,3.4600,3.4600,12177129,43307027.0000,3
2021-09-27,20210927113000000,sh.600370,3.4700,3.7300,3.4500,3.6000,8594902,31059509.0000,3
2021-09-27,20210927140000000,sh.600370,3.6000,3.6000,3.5300,3.5900,1988500,7096159.0000,3
2021-09-27,20210927150000000,sh.600370,3.5900,3.6400,3.5500,3.5800,3343500,12003630.0000,3
2021-09-28,20210928103000000,sh.600370,3.5200,3.6000,3.5100,3.5800,3978000,14138422.0000,3
2021-09-28,20210928113000000,sh.600370,3.5800,3.5800,3.5000,3.5300,1793700,6337244.0000,3
2021-09-28,20210928140000000,sh.600370,3.5300,3.6500,3.5200,3.5900,5142700,18541902.0000,3
2021-09-28,20210928150000000,sh.600370,3.5900,3.6200,3.5600,3.5600,3748550,13465037.0000,3
2021-09-29,20210929103000000,sh.600370,3.5100,3.6100,3.5100,3.5600,4327480,15439313.0000,3
2021-09-29,20210929113000000,sh.600370,3.5700,3.5700,3.4800,3.5200,2727550,9594141.0000,3
2021-09-29,20210929140000000,sh.600370,3.5200,3.5900,3.5100,3.5700,1702800,6063341.0000,3
2021-09-29,20210929150000000,sh.600370,3.5700,3.5900,3.5400,3.5400,3098079,11040276.0000,3
2021-09-30,20210930103000000,sh.600370,3.5400,3.6100,3.5200,3.5700,2953700,10520919.0000,3
2021-09-30,20210930113000000,sh.600370,3.5600,3.5700,3.5100,3.5300,1963800,6934961.0000,3
2021-09-30,20210930140000000,sh.600370,3.5400,3.5400,3.5100,3.5200,1803100,6359257.0000,3
2021-09-30,20210930150000000,sh.600370,3.5200,3.5200,3.4700,3.4700,4812654,16807135.0000,3
2021-10-08,20211008103000000,sh.600370,3.4600,3.5500,3.3200,3.3700,15368825,52038367.0000,3
2021-10-08,20211008113000000,sh.600370,3.3700,3.3800,3.3300,3.3500,2266600,7609673.0000,3
2021-10-08,20211008140000000,sh.600370,3.3500,3.3900,3.3200,3.3300,2460900,8232335.0000,3
2021-10-08,20211008150000000,sh.600370,3.3300,3.3800,3.3100,3.3800,3518450,11753048.0000,3
2021-10-11,20211011103000000,sh.600370,3.3600,3.3900,3.2600,3.3000,11887679,39237266.0000,3
2021-10-11,20211011113000000,sh.600370,3.3000,3.3000,3.2400,3.2500,4179700,13679413.0000,3
2021-10-11,20211011140000000,sh.600370,3.2500,3.2700,3.2400,3.2500,1786700,5821063.0000,3
2021-10-11,20211011150000000,sh.600370,3.2500,3.2600,3.2000,3.2200,7579200,24436486.0000,3
2021-10-12,20211012103000000,sh.600370,3.2100,3.2500,3.1900,3.2000,6638150,21352042.0000,3
2021-10-12,20211012113000000,sh.600370,3.2000,3.2100,3.1600,3.1700,2628500,8369259.0000,3
2021-10-12,20211012140000000,sh.600370,3.1700,3.1800,3.0800,3.1000,5865700,18277785.0000,3
2021-10-12,20211012150000000,sh.600370,3.1000,3.1200,3.0500,3.1000,9254900,28599839.0000,3
2021-10-13,20211013103000000,sh.600370,3.0900,3.1000,3.0400,3.0400,5720300,17539223.0000,3
2021-10-13,20211013113000000,sh.600370,3.0400,3.0600,3.0300,3.0500,1529800,4656986.0000,3
2021-10-13,20211013140000000,sh.600370,3.0400,3.1300,3.0400,3.1200,2446200,7548135.0000,3
2021-10-13,20211013150000000,sh.600370,3.1200,3.1400,3.0700,3.0900,3355100,10398250.0000,3
2021-10-14,20211014103000000,sh.600370,3.0700,3.0900,3.0300,3.0800,2982300,9103243.0000,3
2021-10-14,20211014113000000,sh.600370,3.0800,3.1100,3.0700,3.1100,1754700,5421966.0000,3
2021-10-14,20211014140000000,sh.600370,3.1100,3.1200,3.0900,3.1200,1517150,4711579.0000,3
2021-10-14,20211014150000000,sh.600370,3.1100,3.1200,3.0900,3.1000,1502300,4662771.0000,3
2021-10-15,20211015103000000,sh.600370,3.0700,3.1000,3.0400,3.0500,3324200,10178848.0000,3
2021-10-15,20211015113000000,sh.600370,3.0500,3.0600,3.0200,3.0400,2316200,7038864.0000,3
2021-10-15,20211015140000000,sh.600370,3.0400,3.0600,3.0300,3.0400,1285750,3911651.0000,3
2021-10-15,20211015150000000,sh.600370,3.0400,3.0500,3.0100,3.0100,2960250,8972344.0000,3
2021-10-18,20211018103000000,sh.600370,3.0100,3.0700,3.0000,3.0500,3593400,10907029.0000,3
2021-10-18,20211018113000000,sh.600370,3.0500,3.0700,3.0500,3.0600,1208800,3697443.0000,3
2021-10-18,20211018140000000,sh.600370,3.0600,3.0900,3.0600,3.0800,2570100,7906621.0000,3
2021-10-18,20211018150000000,sh.600370,3.0800,3.0800,3.0600,3.0600,1740800,5341938.0000,3
2021-10-19,20211019103000000,sh.600370,3.0700,3.0700,3.0400,3.0600,2296200,7022099.0000,3
2021-10-19,20211019113000000,sh.600370,3.0600,3.0700,3.0400,3.0700,1347300,4112290.0000,3
2021-10-19,20211019140000000,sh.600370,3.0700,3.0900,3.0600,3.0600,1340729,4119572.0000,3
2021-10-19,20211019150000000,sh.600370,3.0600,3.0700,3.0500,3.0500,1468500,4485750.0000,3
2021-10-20,20211020103000000,sh.600370,3.0700,3.0800,3.0300,3.0400,1682600,5121879.0000,3
2021-10-20,20211020113000000,sh.600370,3.0400,3.0500,3.0300,3.0400,928000,2819333.0000,3
2021-10-20,20211020140000000,sh.600370,3.0500,3.0700,3.0400,3.0600,1375300,4200809.0000,3
2021-10-20,20211020150000000,sh.600370,3.0600,3.0700,3.0400,3.0600,1631950,4986463.0000,3
2021-10-21,20211021103000000,sh.600370,3.0600,3.0900,3.0400,3.0500,4975500,15215552.0000,3
2021-10-21,20211021113000000,sh.600370,3.0500,3.0600,3.0400,3.0600,641400,1957457.0000,3
2021-10-21,20211021140000000,sh.600370,3.0600,3.0600,3.0100,3.0300,3028000,9194247.0000,3
2021-10-21,20211021150000000,sh.600370,3.0300,3.0400,3.0200,3.0300,1930700,5845695.0000,3
2021-10-22,20211022103000000,sh.600370,3.0400,3.0500,2.9800,2.9900,4176303,12541466.0000,3
2021-10-22,20211022113000000,sh.600370,3.0000,3.0000,2.9900,2.9900,946500,2833763.0000,3
2021-10-22,20211022140000000,sh.600370,3.0000,3.0100,2.9900,3.0100,998500,2995963.0000,3
2021-10-22,20211022150000000,sh.600370,3.0100,3.0100,2.9800,2.9900,1869800,5591780.0000,3
2021-10-25,20211025103000000,sh.600370,2.9900,2.9900,2.9400,2.9500,2487600,7366664.0000,3
2021-10-25,20211025113000000,sh.600370,2.9500,2.9700,2.9500,2.9600,788750,2334357.0000,3
2021-10-25,20211025140000000,sh.600370,2.9600,2.9800,2.9600,2.9800,535900,1592516.0000,3
2021-10-25,20211025150000000,sh.600370,2.9800,2.9800,2.9600,2.9800,1038100,3082958.0000,3
2021-10-26,20211026103000000,sh.600370,2.9700,3.0000,2.9500,2.9900,1556300,4632127.0000,3
2021-10-26,20211026113000000,sh.600370,2.9800,3.0000,2.9800,2.9900,868600,2596410.0000,3
2021-10-26,20211026140000000,sh.600370,2.9900,3.0000,2.9700,2.9800,645500,1924526.0000,3
2021-10-26,20211026150000000,sh.600370,2.9800,2.9900,2.9700,2.9900,627400,1871789.0000,3
2021-10-27,20211027103000000,sh.600370,2.9900,2.9900,2.9200,2.9300,3030300,8915009.0000,3
2021-10-27,20211027113000000,sh.600370,2.9300,2.9400,2.9000,2.9300,1985500,5791931.0000,3
2021-10-27,20211027140000000,sh.600370,2.9300,2.9400,2.9200,2.9400,640900,1877003.0000,3
2021-10-27,20211027150000000,sh.600370,2.9400,2.9400,2.9200,2.9300,1417300,4150686.0000,3
2021-10-28,20211028103000000,sh.600370,2.9100,2.9500,2.8800,2.9000,2420000,7034360.0000,3
2021-10-28,20211028113000000,sh.600370,2.9000,2.9000,2.8800,2.8900,1025400,2963858.0000,3
2021-10-28,20211028140000000,sh.600370,2.9000,2.9100,2.8900,2.9000,1173400,3403066.0000,3
2021-10-28,20211028150000000,sh.600370,2.9000,2.9100,2.8900,2.9100,977000,2833575.0000,3
2021-10-29,20211029103000000,sh.600370,2.9200,2.9400,2.9000,2.9200,2262200,6609004.0000,3
2021-10-29,20211029113000000,sh.600370,2.9200,2.9400,2.9100,2.9300,900600,2634536.0000,3
2021-10-29,20211029140000000,sh.600370,2.9300,2.9500,2.9200,2.9300,1201400,3525699.0000,3
2021-10-29,20211029150000000,sh.600370,2.9300,2.9400,2.9200,2.9200,1246500,3647042.0000,3
2021-11-01,20211101103000000,sh.600370,2.9100,2.9200,2.8300,2.8900,4762500,13698660.0000,3
2021-11-01,20211101113000000,sh.600370,2.8900,2.9300,2.8800,2.9300,1124452,3264489.0000,3
2021-11-01,20211101140000000,sh.600370,2.9300,2.9600,2.9200,2.9400,2452050,7213672.0000,3
2021-11-01,20211101150000000,sh.600370,2.9400,2.9600,2.9400,2.9400,1697000,5006693.0000,3
2021-11-02,20211102103000000,sh.600370,2.9200,2.9400,2.9100,2.9100,1630800,4774014.0000,3
2021-11-02,20211102113000000,sh.600370,2.9100,2.9200,2.8800,2.8900,1049600,3044990.0000,3
2021-11-02,20211102140000000,sh.600370,2.8900,2.9000,2.8300,2.8500,3167500,9037635.0000,3
2021-11-02,20211102150000000,sh.600370,2.8500,2.8700,2.8300,2.8500,1885300,5376794.0000,3
2021-11-03,20211103103000000,sh.600370,2.8500,2.8800,2.8400,2.8600,1462500,4185532.0000,3
2021-11-03,20211103113000000,sh.600370,2.8600,2.8900,2.8600,2.8700,1168100,3357743.0000,3
2021-11-03,20211103140000000,sh.600370,2.8600,2.8800,2.8500,2.8600,705100,2020778.0000,3
2021-11-03,20211103150000000,sh.600370,2.8600,2.8800,2.8500,2.8600,791150,2266394.0000,3
2021-11-04,20211104103000000,sh.600370,2.8700,2.8900,2.8500,2.8800,1153300,3310413.0000,3
2021-11-04,20211104113000000,sh.600370,2.8800,2.9000,2.8700,2.8900,953600,2751058.0000,3
2021-11-04,20211104140000000,sh.600370,2.9000,2.9000,2.8600,2.8800,2066100,5945144.0000,3
2021-11-04,20211104150000000,sh.600370,2.8800,2.8900,2.8700,2.8800,728400,2098435.0000,3
2021-11-05,20211105103000000,sh.600370,2.8800,2.9400,2.8600,2.9200,2589650,7544689.0000,3
2021-11-05,20211105113000000,sh.600370,2.9200,2.9400,2.9200,2.9400,800400,2348976.0000,3
2021-11-05,20211105140000000,sh.600370,2.9300,2.9700,2.9300,2.9600,1641850,4839005.0000,3
2021-11-05,20211105150000000,sh.600370,2.9600,2.9700,2.9400,2.9400,2331100,6889746.0000,3
2021-11-08,20211108103000000,sh.600370,2.9600,3.0400,2.9500,3.0100,4258700,12787662.0000,3
2021-11-08,20211108113000000,sh.600370,3.0100,3.0100,2.9900,3.0100,819900,2459273.0000,3
2021-11-08,20211108140000000,sh.600370,3.0100,3.0100,3.0000,3.0100,898850,2701218.0000,3
2021-11-08,20211108150000000,sh.600370,3.0100,3.0200,3.0000,3.0000,1037100,3118231.0000,3
2021-11-09,20211109103000000,sh.600370,3.0000,3.0200,2.9500,2.9700,3199000,9497740.0000,3
2021-11-09,20211109113000000,sh.600370,2.9700,2.9800,2.9600,2.9700,546350,1621348.0000,3
2021-11-09,20211109140000000,sh.600370,2.9700,2.9800,2.9600,2.9700,639300,1896862.0000,3
2021-11-09,20211109150000000,sh.600370,2.9700,2.9800,2.9600,2.9700,791800,2353691.0000,3
2021-11-10,20211110103000000,sh.600370,2.9700,2.9700,2.9000,2.9300,3220503,9431762.0000,3
2021-11-10,20211110113000000,sh.600370,2.9300,2.9400,2.9000,2.9300,1701800,4957593.0000,3
2021-11-10,20211110140000000,sh.600370,2.9400,2.9400,2.8800,2.9400,1878398,5466226.0000,3
2021-11-10,20211110150000000,sh.600370,2.9400,2.9600,2.9300,2.9600,864100,2547356.0000,3
2021-11-11,20211111103000000,sh.600370,2.9500,2.9800,2.9400,2.9800,1689500,5006283.0000,3
2021-11-11,20211111113000000,sh.600370,2.9800,2.9800,2.9500,2.9700,1555900,4612316.0000,3
2021-11-11,20211111140000000,sh.600370,2.9700,2.9800,2.9300,2.9700,2521792,7455701.0000,3
2021-11-11,20211111150000000,sh.600370,2.9700,2.9700,2.9500,2.9500,1491902,4410001.0000,3
2021-11-12,20211112103000000,sh.600370,2.9500,2.9500,2.9100,2.9200,2691400,7886499.0000,3
2021-11-12,20211112113000000,sh.600370,2.9200,2.9300,2.9000,2.9300,1712700,4986735.0000,3
2021-11-12,20211112140000000,sh.600370,2.9300,2.9400,2.9200,2.9300,892500,2614179.0000,3
2021-11-12,20211112150000000,sh.600370,2.9300,2.9500,2.9300,2.9300,1127850,3310649.0000,3
2021-11-15,20211115103000000,sh.600370,2.9500,3.0000,2.9300,2.9800,3114150,9238990.0000,3
2021-11-15,20211115113000000,sh.600370,2.9800,2.9900,2.9600,2.9900,1090500,3246685.0000,3
2021-11-15,20211115140000000,sh.600370,2.9900,3.0200,2.9800,3.0200,2947850,8840957.0000,3
2021-11-15,20211115150000000,sh.600370,3.0200,3.0500,3.0000,3.0100,5001950,15105922.0000,3
2021-11-16,20211116103000000,sh.600370,3.0200,3.0300,2.9500,3.0000,3546130,10585227.0000,3
2021-11-16,20211116113000000,sh.600370,3.0000,3.0000,2.9600,2.9800,1215100,3613139.0000,3
2021-11-16,20211116140000000,sh.600370,2.9800,3.0000,2.9700,2.9800,865800,2581380.0000,3
2021-11-16,20211116150000000,sh.600370,2.9800,3.0000,2.9700,2.9800,1457500,4354890.0000,3
2021-11-17,20211117103000000,sh.600370,2.9800,2.9900,2.9700,2.9800,1406800,4191458.0000,3
2021-11-17,20211117113000000,sh.600370,2.9800,3.0000,2.9800,3.0000,1089900,3261291.0000,3
2021-11-17,20211117140000000,sh.600370,3.0000,3.0100,2.9900,3.0100,1270000,3815754.0000,3
2021-11-17,20211117150000000,sh.600370,3.0100,3.0100,2.9900,3.0000,1009180,3027394.0000,3
2021-11-18,20211118103000000,sh.600370,3.0000,3.0700,2.9900,3.0300,3708455,11252246.0000,3
2021-11-18,20211118113000000,sh.600370,3.0300,3.0400,3.0200,3.0200,752100,2278360.0000,3
2021-11-18,20211118140000000,sh.600370,3.0200,3.0300,3.0100,3.0100,764800,2309686.0000,3
2021-11-18,20211118150000000,sh.600370,3.0100,3.0400,3.0100,3.0300,2043015,6192215.0000,3
2021-11-19,20211119103000000,sh.600370,3.0300,3.0300,2.9900,3.0000,1456400,4376986.0000,3
2021-11-19,20211119113000000,sh.600370,3.0000,3.0300,3.0000,3.0200,1091200,3282275.0000,3
2021-11-19,20211119140000000,sh.600370,3.0100,3.0300,3.0100,3.0300,731400,2210926.0000,3
2021-11-19,20211119150000000,sh.600370,3.0300,3.0300,3.0200,3.0300,1186750,3593239.0000,3
2021-11-22,20211122103000000,sh.600370,3.0300,3.0600,3.0100,3.0300,2135684,6478850.0000,3
2021-11-22,20211122113000000,sh.600370,3.0300,3.0500,3.0300,3.0400,732400,2226980.0000,3
2021-11-22,20211122140000000,sh.600370,3.0500,3.0500,3.0300,3.0400,685500,2083800.0000,3
2021-11-22,20211122150000000,sh.600370,3.0400,3.0500,3.0300,3.0500,1375200,4182427.0000,3
2021-11-23,20211123103000000,sh.600370,3.0300,3.0800,3.0300,3.0700,2829648,8654577.0000,3
2021-11-23,20211123113000000,sh.600370,3.0700,3.1000,3.0700,3.0900,2404450,7429758.0000,3
2021-11-23,20211123140000000,sh.600370,3.0900,3.1000,3.0700,3.0800,1188800,3663605.0000,3
2021-11-23,20211123150000000,sh.600370,3.0800,3.0900,3.0700,3.0800,1108100,3414489.0000,3
2021-11-24,20211124103000000,sh.600370,3.0800,3.2900,3.0700,3.2500,12623178,40353940.0000,3
2021-11-24,20211124113000000,sh.600370,3.2500,3.2900,3.2000,3.2300,4781115,15489621.0000,3
2021-11-24,20211124140000000,sh.600370,3.2300,3.2400,3.1900,3.2100,2137600,6856255.0000,3
2021-11-24,20211124150000000,sh.600370,3.2100,3.2100,3.1600,3.2000,4180350,13298790.0000,3
2021-11-25,20211125103000000,sh.600370,3.2400,3.2400,3.1700,3.1800,5167700,16565550.0000,3
2021-11-25,20211125113000000,sh.600370,3.1800,3.2300,3.1600,3.2200,2261650,7217537.0000,3
2021-11-25,20211125140000000,sh.600370,3.2100,3.2300,3.2000,3.2100,1284600,4125922.0000,3
2021-11-25,20211125150000000,sh.600370,3.2100,3.2100,3.1800,3.2000,1978400,6323237.0000,3
2021-11-26,20211126103000000,sh.600370,3.1900,3.2300,3.1800,3.1800,2738100,8756804.0000,3
2021-11-26,20211126113000000,sh.600370,3.1800,3.1900,3.1700,3.1800,1017900,3239917.0000,3
2021-11-26,20211126140000000,sh.600370,3.1900,3.2000,3.1800,3.2000,1259100,4012281.0000,3
2021-11-26,20211126150000000,sh.600370,3.1900,3.2100,3.1800,3.2100,1517300,4853437.0000,3
2021-11-29,20211129103000000,sh.600370,3.1600,3.1700,3.1000,3.1200,4770700,14908328.0000,3
2021-11-29,20211129113000000,sh.600370,3.1200,3.1400,3.1100,3.1200,1477700,4616178.0000,3
2021-11-29,20211129140000000,sh.600370,3.1100,3.1300,3.1000,3.1200,943700,2937407.0000,3
2021-11-29,20211129150000000,sh.600370,3.1200,3.1200,3.0800,3.1000,2858100,8848328.0000,3
2021-11-30,20211130103000000,sh.600370,3.1000,3.1300,3.1000,3.1200,2060203,6428429.0000,3
2021-11-30,20211130113000000,sh.600370,3.1200,3.1300,3.0900,3.1100,1991200,6175738.0000,3
2021-11-30,20211130140000000,sh.600370,3.1000,3.1200,3.1000,3.1100,1205750,3746910.0000,3
2021-11-30,20211130150000000,sh.600370,3.1100,3.1200,3.1000,3.1000,1610500,5002874.0000,3
2021-12-01,20211201103000000,sh.600370,3.1000,3.1400,3.0800,3.1300,2443400,7604634.0000,3
2021-12-01,20211201113000000,sh.600370,3.1300,3.1600,3.1200,3.1500,1480700,4653706.0000,3
2021-12-01,20211201140000000,sh.600370,3.1500,3.1500,3.1300,3.1400,597450,1876480.0000,3
2021-12-01,20211201150000000,sh.600370,3.1400,3.1500,3.1300,3.1500,1244200,3914822.0000,3
2021-12-02,20211202103000000,sh.600370,3.1400,3.1800,3.1200,3.1300,1656900,5209392.0000,3
2021-12-02,20211202113000000,sh.600370,3.1300,3.1300,3.1100,3.1200,1051100,3278389.0000,3
2021-12-02,20211202140000000,sh.600370,3.1200,3.1300,3.1200,3.1300,511000,1597445.0000,3
2021-12-02,20211202150000000,sh.600370,3.1300,3.1300,3.0900,3.1000,1617300,5020632.0000,3
2021-12-03,20211203103000000,sh.600370,3.1000,3.1300,3.0600,3.1000,1417600,4370892.0000,3
2021-12-03,20211203113000000,sh.600370,3.1000,3.1100,3.0800,3.1000,769600,2381913.0000,3
2021-12-03,20211203140000000,sh.600370,3.1000,3.1000,3.0700,3.0900,1186300,3660141.0000,3
2021-12-03,20211203150000000,sh.600370,3.0900,3.1000,3.0800,3.0900,1275900,3946794.0000,3
2021-12-06,20211206103000000,sh.600370,3.0800,3.1300,3.0600,3.1100,3239050,10024383.0000,3
2021-12-06,20211206113000000,sh.600370,3.1100,3.1200,3.0700,3.1100,1708100,5303465.0000,3
2021-12-06,20211206140000000,sh.600370,3.1100,3.1200,3.0900,3.1000,784700,2437918.0000,3
2021-12-06,20211206150000000,sh.600370,3.1000,3.1100,3.0800,3.0800,1362900,4212693.0000,3
2021-12-07,20211207103000000,sh.600370,3.0800,3.2700,3.0800,3.1500,7756703,24522713.0000,3
2021-12-07,20211207113000000,sh.600370,3.1500,3.1900,3.1300,3.1600,2294900,7255365.0000,3
2021-12-07,20211207140000000,sh.600370,3.1700,3.1700,3.1200,3.1300,1630300,5125432.0000,3
2021-12-07,20211207150000000,sh.600370,3.1300,3.1700,3.1300,3.1700,2020800,6371813.0000,3
2021-12-08,20211208103000000,sh.600370,3.1500,3.1600,3.1000,3.1200,4136400,12910844.0000,3
2021-12-08,20211208113000000,sh.600370,3.1200,3.1300,3.1000,3.1200,1085600,3380154.0000,3
2021-12-08,20211208140000000,sh.600370,3.1300,3.1300,3.1100,3.1200,1294700,4034164.0000,3
2021-12-08,20211208150000000,sh.600370,3.1200,3.1400,3.1200,3.1300,1238600,3874093.0000,3
2021-12-09,20211209103000000,sh.600370,3.1300,3.1300,3.1000,3.1200,1476300,4594996.0000,3
2021-12-09,20211209113000000,sh.600370,3.1200,3.1200,3.1100,3.1100,811300,2526864.0000,3
2021-12-09,20211209140000000,sh.600370,3.1100,3.1200,3.1100,3.1100,860700,2680095.0000,3
2021-12-09,20211209150000000,sh.600370,3.1100,3.1200,3.1000,3.1000,2115200,6570986.0000,3
2021-12-10,20211210103000000,sh.600370,3.0900,3.1200,3.0900,3.1000,2101500,6509632.0000,3
2021-12-10,20211210113000000,sh.600370,3.1000,3.1100,3.0900,3.1000,1168578,3619477.0000,3
2021-12-10,20211210140000000,sh.600370,3.1000,3.1100,3.0900,3.1100,779600,2418604.0000,3
2021-12-10,20211210150000000,sh.600370,3.1100,3.1100,3.0900,3.1100,1242200,3851430.0000,3
2021-12-13,20211213103000000,sh.600370,3.1000,3.1400,3.0900,3.1100,2267100,7067328.0000,3
2021-12-13,20211213113000000,sh.600370,3.1100,3.1200,3.1000,3.1200,570950,1776962.0000,3
2021-12-13,20211213140000000,sh.600370,3.1200,3.1200,3.1000,3.1000,741850,2306438.0000,3
2021-12-13,20211213150000000,sh.600370,3.1000,3.1300,3.1000,3.1000,2462100,7655285.0000,3
2021-12-14,20211214103000000,sh.600370,3.1000,3.1000,3.0700,3.0700,1658300,5105833.0000,3
2021-12-14,20211214113000000,sh.600370,3.0700,3.0800,3.0600,3.0700,1220150,3739021.0000,3
2021-12-14,20211214140000000,sh.600370,3.0700,3.0700,3.0600,3.0700,897100,2746736.0000,3
2021-12-14,20211214150000000,sh.600370,3.0700,3.0700,3.0500,3.0500,1675050,5117044.0000,3
2021-12-15,20211215103000000,sh.600370,3.0600,3.0700,3.0400,3.0600,1540600,4710547.0000,3
2021-12-15,20211215113000000,sh.600370,3.0600,3.0800,3.0600,3.0800,713200,2189167.0000,3
2021-12-15,20211215140000000,sh.600370,3.0800,3.0800,3.0500,3.0700,807800,2473662.0000,3
2021-12-15,20211215150000000,sh.600370,3.0700,3.1300,3.0600,3.1000,3376300,10467335.0000,3
2021-12-16,20211216103000000,sh.600370,3.1000,3.1200,3.0900,3.1000,1522150,4724053.0000,3
2021-12-16,20211216113000000,sh.600370,3.1000,3.1100,3.0900,3.1000,1159000,3590363.0000,3
2021-12-16,20211216140000000,sh.600370,3.1000,3.1100,3.1000,3.1000,577400,1793330.0000,3
2021-12-16,20211216150000000,sh.600370,3.1000,3.1200,3.1000,3.1100,1307800,4070090.0000,3
2021-12-17,20211217103000000,sh.600370,3.1200,3.2300,3.1100,3.1800,8090645,25649937.0000,3
2021-12-17,20211217113000000,sh.600370,3.1800,3.1900,3.1600,3.1700,1594400,5060544.0000,3
2021-12-17,20211217140000000,sh.600370,3.1800,3.1800,3.1500,3.1700,1529600,4843972.0000,3
2021-12-17,20211217150000000,sh.600370,3.1700,3.1800,3.1500,3.1500,2121100,6717501.0000,3
2021-12-20,20211220103000000,sh.600370,3.1800,3.2500,3.1300,3.2200,8153384,26093859.0000,3
2021-12-20,20211220113000000,sh.600370,3.2200,3.2400,3.2100,3.2400,2149475,6945822.0000,3
2021-12-20,20211220140000000,sh.600370,3.2400,3.3600,3.2300,3.2900,8282812,27252676.0000,3
2021-12-20,20211220150000000,sh.600370,3.2900,3.3000,3.2600,3.2800,4972700,16297063.0000,3
2021-12-21,20211221103000000,sh.600370,3.3300,3.3900,3.2600,3.3300,11418903,37993158.0000,3
2021-12-21,20211221113000000,sh.600370,3.3300,3.3400,3.3100,3.3400,2210250,7344856.0000,3
2021-12-21,20211221140000000,sh.600370,3.3400,3.3600,3.3400,3.3600,2496400,8359095.0000,3
2021-12-21,20211221150000000,sh.600370,3.3600,3.3700,3.3400,3.3700,4423825,14836972.0000,3
2021-12-22,20211222103000000,sh.600370,3.3700,3.3700,3.2600,3.2700,7040128,23202986.0000,3
2021-12-22,20211222113000000,sh.600370,3.2700,3.3200,3.2700,3.2700,2503125,8246833.0000,3
2021-12-22,20211222140000000,sh.600370,3.2700,3.2900,3.2700,3.2800,1184900,3888235.0000,3
2021-12-22,20211222150000000,sh.600370,3.2800,3.2900,3.2500,3.2600,2824275,9222123.0000,3
2021-12-23,20211223103000000,sh.600370,3.2600,3.3200,3.2300,3.3000,4474600,14669054.0000,3
2021-12-23,20211223113000000,sh.600370,3.2900,3.3200,3.2900,3.3000,1477750,4887114.0000,3
2021-12-23,20211223140000000,sh.600370,3.3000,3.3000,3.2700,3.2900,1024400,3363315.0000,3
2021-12-23,20211223150000000,sh.600370,3.2900,3.2900,3.2700,3.2800,1749903,5741050.0000,3
2021-12-24,20211224103000000,sh.600370,3.2700,3.3000,3.2200,3.2200,4882500,15842892.0000,3
2021-12-24,20211224113000000,sh.600370,3.2200,3.2500,3.2100,3.2400,1531700,4935721.0000,3
2021-12-24,20211224140000000,sh.600370,3.2400,3.2400,3.2100,3.2100,1222700,3940777.0000,3
2021-12-24,20211224150000000,sh.600370,3.2100,3.2400,3.2000,3.2400,2194375,7083244.0000,3
2021-12-27,20211227103000000,sh.600370,3.2400,3.2400,3.2100,3.2200,2059300,6642517.0000,3
2021-12-27,20211227113000000,sh.600370,3.2200,3.2200,3.2000,3.2000,2342550,7515851.0000,3
2021-12-27,20211227140000000,sh.600370,3.2000,3.2100,3.1800,3.1900,1308550,4175586.0000,3
2021-12-27,20211227150000000,sh.600370,3.1900,3.1900,3.1700,3.1900,1756775,5592213.0000,3
2021-12-28,20211228103000000,sh.600370,3.1900,3.2400,3.1700,3.2100,2348450,7549198.0000,3
2021-12-28,20211228113000000,sh.600370,3.2100,3.2200,3.1900,3.1900,503900,1615859.0000,3
2021-12-28,20211228140000000,sh.600370,3.1900,3.2100,3.1900,3.1900,682164,2182136.0000,3
2021-12-28,20211228150000000,sh.600370,3.1900,3.2100,3.1900,3.2000,1283600,4105333.0000,3
2021-12-29,20211229103000000,sh.600370,3.1900,3.2300,3.1700,3.2300,1908300,6106707.0000,3
2021-12-29,20211229113000000,sh.600370,3.2300,3.2300,3.2100,3.2100,1135900,3657217.0000,3
2021-12-29,20211229140000000,sh.600370,3.2100,3.2300,3.2100,3.2100,1007200,3240463.0000,3
2021-12-29,20211229150000000,sh.600370,3.2100,3.2200,3.1900,3.2100,2030200,6513325.0000,3
2021-12-30,20211230103000000,sh.600370,3.1900,3.2300,3.1900,3.2200,1220300,3912928.0000,3
2021-12-30,20211230113000000,sh.600370,3.2200,3.2200,3.2000,3.2000,1249950,4005381.0000,3
2021-12-30,20211230140000000,sh.600370,3.2000,3.2100,3.1900,3.2000,758100,2426140.0000,3
2021-12-30,20211230150000000,sh.600370,3.2000,3.2100,3.1900,3.2000,1122400,3597499.0000,3
2021-12-31,20211231103000000,sh.600370,3.2000,3.3300,3.1900,3.3000,5486300,17985521.0000,3
2021-12-31,20211231113000000,sh.600370,3.3000,3.3000,3.2700,3.2700,1382953,4533149.0000,3
2021-12-31,20211231140000000,sh.600370,3.2800,3.2800,3.2600,3.2800,874800,2860649.0000,3
2021-12-31,20211231150000000,sh.600370,3.2800,3.2800,3.2600,3.2600,1350152,4408895.0000,3
