date,time,code,open,high,low,close,volume,amount,adjustflag
2021-01-04,20210104103000000,sh.600188,10.0600,10.2000,9.9500,10.1500,11235840,113310133.0000,3
2021-01-04,20210104113000000,sh.600188,10.1400,10.1700,10.0400,10.1400,5632201,56813132.0000,3
2021-01-04,20210104140000000,sh.600188,10.1400,10.2300,10.1000,10.1500,9792402,99479695.0000,3
2021-01-04,20210104150000000,sh.600188,10.1500,10.2500,10.1500,10.1900,9832438,100386752.0000,3
2021-01-05,20210105103000000,sh.600188,10.1500,10.1500,9.8600,9.9100,19655784,195601742.0000,3
2021-01-05,20210105113000000,sh.600188,9.9100,10.0400,9.8800,9.9900,8847767,88249938.0000,3
2021-01-05,20210105140000000,sh.600188,9.9800,10.0500,9.9300,10.0400,5423030,54174496.0000,3
2021-01-05,20210105150000000,sh.600188,10.0400,10.1100,9.9700,10.0500,7895945,79250592.0000,3
2021-01-06,20210106103000000,sh.600188,10.0600,10.1700,10.0200,10.0700,10447895,105352931.0000,3
2021-01-06,20210106113000000,sh.600188,10.0700,10.0800,9.9300,9.9600,7527600,75204812.0000,3
2021-01-06,20210106140000000,sh.600188,9.9700,10.0100,9.9300,9.9700,4952250,49361696.0000,3
2021-01-06,20210106150000000,sh.600188,9.9700,10.0300,9.9300,9.9900,7136668,71190257.0000,3
2021-01-07,20210107103000000,sh.600188,10.0400,10.2900,9.9800,10.2900,21887401,222424095.0000,3
2021-01-07,20210107113000000,sh.600188,10.2900,10.3800,10.2400,10.2500,11831300,122052065.0000,3
2021-01-07,20210107140000000,sh.600188,10.2600,10.3200,10.1100,10.1500,9850159,100562960.0000,3
2021-01-07,20210107150000000,sh.600188,10.1400,10.2000,10.0700,10.1900,9349572,94827024.0000,3
2021-01-08,20210108103000000,sh.600188,10.2100,10.3000,10.1000,10.1700,16672764,170122520.0000,3
2021-01-08,20210108113000000,sh.600188,10.1700,10.5100,10.1600,10.3100,15701896,162963176.0000,3
2021-01-08,20210108140000000,sh.600188,10.3100,10.3900,10.2800,10.3000,4246372,43832816.0000,3
2021-01-08,20210108150000000,sh.600188,10.3000,10.3600,10.2200,10.3200,7180696,73980928.0000,3
2021-01-11,20210111103000000,sh.600188,10.2400,10.2500,9.9200,10.0500,17035344,170896730.0000,3
2021-01-11,20210111113000000,sh.600188,10.0400,10.0600,9.9500,9.9800,7088100,70839369.0000,3
2021-01-11,20210111140000000,sh.600188,9.9700,10.0100,9.8800,9.8800,8377923,83276477.0000,3
2021-01-11,20210111150000000,sh.600188,9.8800,9.9700,9.8600,9.9200,6272920,62155104.0000,3
2021-01-12,20210112103000000,sh.600188,9.8800,10.0000,9.8800,9.9200,6402752,63701985.0000,3
2021-01-12,20210112113000000,sh.600188,9.9200,10.0500,9.8900,9.9000,6343314,63070263.0000,3
2021-01-12,20210112140000000,sh.600188,9.9100,9.9400,9.8300,9.9200,7216482,71271408.0000,3
2021-01-12,20210112150000000,sh.600188,9.9200,10.0000,9.8800,10.0000,5683857,56582950.0000,3
2021-01-13,20210113103000000,sh.600188,10.0000,10.0700,9.9100,9.9200,9066004,90615114.0000,3
2021-01-13,20210113113000000,sh.600188,9.9200,10.0700,9.9100,10.0400,6438936,64453205.0000,3
2021-01-13,20210113140000000,sh.600188,10.0500,10.2300,10.0000,10.0500,10133187,102580782.0000,3
2021-01-13,20210113150000000,sh.600188,10.0500,10.1200,10.0200,10.0700,4286549,43108083.0000,3
2021-01-14,20210114103000000,sh.600188,10.1200,10.1300,9.9400,9.9500,10093062,101238662.0000,3
2021-01-14,20210114113000000,sh.600188,9.9500,10.0100,9.9200,9.9400,5419700,53919262.0000,3
2021-01-14,20210114140000000,sh.600188,9.9400,9.9700,9.9000,9.9400,4857225,48192882.0000,3
2021-01-14,20210114150000000,sh.600188,9.9400,9.9600,9.8900,9.8900,5884863,58307141.0000,3
2021-01-15,20210115103000000,sh.600188,10.0000,10.1200,9.9500,10.0400,10832823,109004429.0000,3
2021-01-15,20210115113000000,sh.600188,10.0400,10.0900,9.9700,9.9800,4406200,44253621.0000,3
2021-01-15,20210115140000000,sh.600188,9.9800,10.0400,9.9600,9.9900,3110400,31098808.0000,3
2021-01-15,20210115150000000,sh.600188,9.9900,10.0700,9.9800,10.0000,4658600,46688725.0000,3
2021-01-18,20210118103000000,sh.600188,10.0400,10.1600,9.9900,10.1100,10341335,104488425.0000,3
2021-01-18,20210118113000000,sh.600188,10.1100,10.2600,10.1100,10.1800,9104400,92890322.0000,3
2021-01-18,20210118140000000,sh.600188,10.1800,10.2200,10.1600,10.2000,4312271,43925386.0000,3
2021-01-18,20210118150000000,sh.600188,10.2000,10.2000,10.1500,10.1600,5977900,60836747.0000,3
2021-01-19,20210119103000000,sh.600188,10.0900,10.5000,10.0700,10.3500,20483382,212007753.0000,3
2021-01-19,20210119113000000,sh.600188,10.3500,10.3500,10.2200,10.2900,5577154,57312759.0000,3
2021-01-19,20210119140000000,sh.600188,10.2900,10.3300,10.1500,10.1700,5843500,59722496.0000,3
2021-01-19,20210119150000000,sh.600188,10.1600,10.1900,10.1400,10.1600,5888706,59833792.0000,3
2021-01-20,20210120103000000,sh.600188,10.1500,10.1500,9.9700,10.0300,10678418,107210631.0000,3
2021-01-20,20210120113000000,sh.600188,10.0300,10.0600,9.9900,9.9900,4357800,43674861.0000,3
2021-01-20,20210120140000000,sh.600188,10.0000,10.0700,9.9800,10.0100,5954796,59590892.0000,3
2021-01-20,20210120150000000,sh.600188,10.0100,10.0400,10.0000,10.0200,3589346,35962321.0000,3
2021-01-21,20210121103000000,sh.600188,10.0900,10.2200,10.0400,10.1000,12190644,123556493.0000,3
2021-01-21,20210121113000000,sh.600188,10.0900,10.4100,10.0900,10.3400,15548427,159956355.0000,3
2021-01-21,20210121140000000,sh.600188,10.3400,10.3800,10.2600,10.2900,5960201,61471056.0000,3
2021-01-21,20210121150000000,sh.600188,10.2900,10.3000,10.1500,10.2500,7898561,80624016.0000,3
2021-01-22,20210122103000000,sh.600188,10.2000,10.2000,9.9700,9.9900,16187255,162537440.0000,3
2021-01-22,20210122113000000,sh.600188,9.9900,10.0200,9.9400,9.9700,6066559,60505938.0000,3
2021-01-22,20210122140000000,sh.600188,9.9700,9.9800,9.9100,9.9100,5929940,59003470.0000,3
2021-01-22,20210122150000000,sh.600188,9.9100,9.9400,9.8600,9.8900,10258153,101497792.0000,3
2021-01-25,20210125103000000,sh.600188,9.8500,9.8800,9.2100,9.4100,22240863,210500562.0000,3
2021-01-25,20210125113000000,sh.600188,9.4100,9.4300,9.3300,9.3800,5894630,55242831.0000,3
2021-01-25,20210125140000000,sh.600188,9.3500,9.4000,9.3000,9.3500,6530262,61054735.0000,3
2021-01-25,20210125150000000,sh.600188,9.3500,9.3500,9.2400,9.2900,9470913,88050816.0000,3
2021-01-26,20210126103000000,sh.600188,9.3300,9.4500,9.2800,9.3100,10009182,93840762.0000,3
2021-01-26,20210126113000000,sh.600188,9.3000,9.3300,9.2400,9.3000,4013293,37212721.0000,3
2021-01-26,20210126140000000,sh.600188,9.3100,9.3400,9.2700,9.2800,2662434,24748591.0000,3
2021-01-26,20210126150000000,sh.600188,9.2800,9.3300,9.2500,9.3000,3475486,32295311.0000,3
2021-01-27,20210127103000000,sh.600188,9.2800,9.4200,9.2000,9.2300,7969000,74170787.0000,3
2021-01-27,20210127113000000,sh.600188,9.2400,9.2700,9.1800,9.2000,4702332,43344020.0000,3
2021-01-27,20210127140000000,sh.600188,9.2000,9.2400,9.1700,9.2300,3625700,33331182.0000,3
2021-01-27,20210127150000000,sh.600188,9.2300,9.2300,9.1900,9.2000,2714700,25001651.0000,3
2021-01-28,20210128103000000,sh.600188,9.1000,9.1400,9.0200,9.0600,6867666,62275138.0000,3
2021-01-28,20210128113000000,sh.600188,9.0600,9.0600,9.0100,9.0300,3667100,33101739.0000,3
2021-01-28,20210128140000000,sh.600188,9.0200,9.0400,9.0000,9.0100,2989627,26962565.0000,3
2021-01-28,20210128150000000,sh.600188,9.0200,9.0200,8.9600,8.9600,6001073,53924987.0000,3
2021-01-29,20210129103000000,sh.600188,8.9700,9.0600,8.7800,8.8000,9370200,83433954.0000,3
2021-01-29,20210129113000000,sh.600188,8.7900,8.8600,8.7700,8.8000,4104922,36124825.0000,3
2021-01-29,20210129140000000,sh.600188,8.8000,8.8100,8.6400,8.7100,5887006,51316779.0000,3
2021-01-29,20210129150000000,sh.600188,8.7000,8.7200,8.6300,8.6900,5552572,48174602.0000,3
2021-02-01,20210201103000000,sh.600188,8.7100,8.8000,8.6400,8.6700,5973321,52016046.0000,3
2021-02-01,20210201113000000,sh.600188,8.6700,8.6800,8.5900,8.6300,3260271,28119812.0000,3
2021-02-01,20210201140000000,sh.600188,8.6600,8.8200,8.6400,8.8000,3038142,26549551.0000,3
2021-02-01,20210201150000000,sh.600188,8.8000,8.8100,8.7300,8.7500,3952866,34602741.0000,3
2021-02-02,20210202103000000,sh.600188,8.7700,8.7800,8.6100,8.6300,6096056,52771152.0000,3
2021-02-02,20210202113000000,sh.600188,8.6300,8.6600,8.6100,8.6200,2908326,25094328.0000,3
2021-02-02,20210202140000000,sh.600188,8.6200,8.6500,8.6100,8.6400,2133424,18408732.0000,3
2021-02-02,20210202150000000,sh.600188,8.6400,8.6800,8.6400,8.6500,2731399,23627288.0000,3
2021-02-03,20210203103000000,sh.600188,8.6300,8.6600,8.5100,8.6300,5225705,44838501.0000,3
2021-02-03,20210203113000000,sh.600188,8.6300,8.6500,8.5900,8.6400,1921191,16562221.0000,3
2021-02-03,20210203140000000,sh.600188,8.6400,8.7200,8.6200,8.6400,2545301,22058120.0000,3
2021-02-03,20210203150000000,sh.600188,8.6400,8.6600,8.6000,8.6000,2589800,22333227.0000,3
2021-02-04,20210204103000000,sh.600188,8.6400,8.7500,8.6000,8.7400,6056601,52465097.0000,3
2021-02-04,20210204113000000,sh.600188,8.7400,8.7400,8.4600,8.4700,6318700,54206851.0000,3
2021-02-04,20210204140000000,sh.600188,8.4700,8.5300,8.4300,8.4900,2966647,25125635.0000,3
2021-02-04,20210204150000000,sh.600188,8.4900,8.5500,8.4600,8.5400,2778500,23627504.0000,3
2021-02-05,20210205103000000,sh.600188,8.5400,8.6200,8.4600,8.4900,5095591,43414984.0000,3
2021-02-05,20210205113000000,sh.600188,8.4900,8.5300,8.4600,8.5000,2079250,17650093.0000,3
2021-02-05,20210205140000000,sh.600188,8.5200,8.5400,8.4500,8.5100,2364400,20078654.0000,3
2021-02-05,20210205150000000,sh.600188,8.5100,8.5300,8.4900,8.5300,3199800,27228516.0000,3
2021-02-08,20210208103000000,sh.600188,8.5200,8.6500,8.4700,8.6400,4735840,40514375.0000,3
2021-02-08,20210208113000000,sh.600188,8.6400,8.6900,8.6300,8.6400,4289300,37186215.0000,3
2021-02-08,20210208140000000,sh.600188,8.6400,8.6500,8.5900,8.6200,1668094,14366106.0000,3
2021-02-08,20210208150000000,sh.600188,8.6200,8.6600,8.6200,8.6500,2418054,20896973.0000,3
2021-02-09,20210209103000000,sh.600188,8.6700,8.7900,8.6300,8.7200,6457810,56305806.0000,3
2021-02-09,20210209113000000,sh.600188,8.7100,8.7200,8.6600,8.6900,3985954,34612255.0000,3
2021-02-09,20210209140000000,sh.600188,8.6900,8.7300,8.6800,8.7100,3283601,28567714.0000,3
2021-02-09,20210209150000000,sh.600188,8.7200,8.7800,8.6900,8.7500,4053800,35411050.0000,3
2021-02-10,20210210103000000,sh.600188,8.7300,8.8300,8.6900,8.7500,7958046,69914361.0000,3
2021-02-10,20210210113000000,sh.600188,8.7500,8.7900,8.7400,8.7900,2124009,18611932.0000,3
2021-02-10,20210210140000000,sh.600188,8.8000,8.9600,8.7900,8.9100,5394140,47908571.0000,3
2021-02-10,20210210150000000,sh.600188,8.9200,8.9200,8.8500,8.8800,3367310,29946484.0000,3
2021-02-18,20210218103000000,sh.600188,9.0100,9.2500,9.0100,9.1400,15644818,143337550.0000,3
2021-02-18,20210218113000000,sh.600188,9.1400,9.2200,9.1100,9.1300,4725020,43337003.0000,3
2021-02-18,20210218140000000,sh.600188,9.1200,9.3500,9.1200,9.3000,8685600,80192779.0000,3
2021-02-18,20210218150000000,sh.600188,9.2900,9.3000,9.2300,9.2700,5235372,48523644.0000,3
2021-02-19,20210219103000000,sh.600188,9.2800,9.3300,9.1700,9.2800,10299886,95337957.0000,3
2021-02-19,20210219113000000,sh.600188,9.2800,9.4400,9.2300,9.4400,7003904,65424455.0000,3
2021-02-19,20210219140000000,sh.600188,9.4600,9.5600,9.4300,9.5300,10792101,102524808.0000,3
2021-02-19,20210219150000000,sh.600188,9.5200,9.5300,9.4700,9.5000,5549601,52731692.0000,3
2021-02-22,20210222103000000,sh.600188,9.5000,9.8900,9.5000,9.8400,19555538,190298994.0000,3
2021-02-22,20210222113000000,sh.600188,9.8300,9.9300,9.7600,9.9100,9017749,88881534.0000,3
2021-02-22,20210222140000000,sh.600188,9.9200,10.2500,9.9200,10.0300,14905099,150152784.0000,3
2021-02-22,20210222150000000,sh.600188,10.0200,10.0200,9.8000,9.8400,10632039,105013520.0000,3
2021-02-23,20210223103000000,sh.600188,9.7500,9.7600,9.4100,9.4400,22135898,211638645.0000,3
2021-02-23,20210223113000000,sh.600188,9.4400,9.6100,9.4400,9.5700,4724300,44997696.0000,3
2021-02-23,20210223140000000,sh.600188,9.5700,9.6500,9.5500,9.5900,3677000,35322603.0000,3
2021-02-23,20210223150000000,sh.600188,9.5900,9.6200,9.4500,9.5200,6580304,62605920.0000,3
2021-02-24,20210224103000000,sh.600188,9.5100,9.7200,9.4600,9.5900,9945307,95569918.0000,3
2021-02-24,20210224113000000,sh.600188,9.5900,9.6100,9.4800,9.5200,4221085,40257666.0000,3
2021-02-24,20210224140000000,sh.600188,9.5200,9.5500,9.4600,9.4800,3332499,31654971.0000,3
2021-02-24,20210224150000000,sh.600188,9.4800,9.5500,9.3800,9.5100,5605540,53038231.0000,3
2021-02-25,20210225103000000,sh.600188,9.6400,9.9000,9.6400,9.7600,13555042,132380305.0000,3
2021-02-25,20210225113000000,sh.600188,9.7600,9.7800,9.7000,9.7800,2898431,28225516.0000,3
2021-02-25,20210225140000000,sh.600188,9.7700,9.8400,9.7500,9.8100,5237500,51333359.0000,3
2021-02-25,20210225150000000,sh.600188,9.8000,9.8600,9.7500,9.8400,9931419,97583460.0000,3
2021-02-26,20210226103000000,sh.600188,9.6100,9.8400,9.5400,9.7000,8976749,87284639.0000,3
2021-02-26,20210226113000000,sh.600188,9.7000,9.7800,9.6800,9.6900,3381637,32854127.0000,3
2021-02-26,20210226140000000,sh.600188,9.6800,9.7600,9.6200,9.6300,4693892,45485408.0000,3
2021-02-26,20210226150000000,sh.600188,9.6300,9.7200,9.6200,9.6400,3906517,37778723.0000,3
2021-03-01,20210301103000000,sh.600188,9.6100,9.9000,9.5400,9.8500,15953348,155042748.0000,3
2021-03-01,20210301113000000,sh.600188,9.8500,10.1800,9.8100,10.0900,15146072,151652340.0000,3
2021-03-01,20210301140000000,sh.600188,10.0900,10.6000,10.0900,10.5000,45499487,477883280.0000,3
2021-03-01,20210301150000000,sh.600188,10.5000,10.5000,10.3900,10.4500,10622380,110960400.0000,3
2021-03-02,20210302103000000,sh.600188,10.9800,11.5000,10.7100,11.2700,92949733,1053706784.0000,3
2021-03-02,20210302113000000,sh.600188,11.2700,11.4800,11.1600,11.4700,17629515,198914832.0000,3
2021-03-02,20210302140000000,sh.600188,11.4000,11.4800,11.2800,11.4500,13117775,149477712.0000,3
2021-03-02,20210302150000000,sh.600188,11.4400,11.4500,11.3000,11.3900,10615754,120604560.0000,3
2021-03-03,20210303103000000,sh.600188,11.2000,12.2800,11.0000,11.9500,73299374,850065424.0000,3
2021-03-03,20210303113000000,sh.600188,11.9500,12.1700,11.8000,11.9100,11417728,136482640.0000,3
2021-03-03,20210303140000000,sh.600188,11.9100,12.3500,11.9100,12.1600,18053946,218982336.0000,3
2021-03-03,20210303150000000,sh.600188,12.1600,12.4900,12.1300,12.2000,18119880,221645632.0000,3
2021-03-04,20210304103000000,sh.600188,12.5600,13.0600,12.5100,12.5800,60304502,769601360.0000,3
2021-03-04,20210304113000000,sh.600188,12.5800,12.7900,12.4700,12.7900,14332362,181052000.0000,3
2021-03-04,20210304140000000,sh.600188,12.7900,12.9400,12.5000,12.5200,13211921,167985904.0000,3
2021-03-04,20210304150000000,sh.600188,12.5300,12.8100,12.5000,12.7100,17941011,227053664.0000,3
2021-03-05,20210305103000000,sh.600188,12.2800,12.3800,11.6500,11.9400,45099114,538559264.0000,3
2021-03-05,20210305113000000,sh.600188,11.9400,11.9500,11.6500,11.8500,10441813,123395184.0000,3
2021-03-05,20210305140000000,sh.600188,11.8600,11.9200,11.7500,11.8700,8002903,94651632.0000,3
2021-03-05,20210305150000000,sh.600188,11.8700,11.9800,11.7900,11.8800,13615103,161491200.0000,3
2021-03-08,20210308103000000,sh.600188,11.9800,12.2000,11.8000,11.8200,26822344,323044816.0000,3
2021-03-08,20210308113000000,sh.600188,11.8200,12.0400,11.7600,11.9500,11182109,133455104.0000,3
2021-03-08,20210308140000000,sh.600188,12.0000,12.0600,11.8400,11.8700,10031000,119977856.0000,3
2021-03-08,20210308150000000,sh.600188,11.8700,11.9200,11.6900,11.7500,11904011,140582960.0000,3
2021-03-09,20210309103000000,sh.600188,11.8500,11.9800,11.3300,11.6600,27677219,322733200.0000,3
2021-03-09,20210309113000000,sh.600188,11.6900,11.9000,11.5900,11.7900,7268600,85363488.0000,3
2021-03-09,20210309140000000,sh.600188,11.8300,12.0400,11.7900,11.8500,10402900,123907200.0000,3
2021-03-09,20210309150000000,sh.600188,11.8500,11.9800,11.6800,11.6800,10369500,122536048.0000,3
2021-03-10,20210310103000000,sh.600188,11.6900,12.0500,11.6200,12.0300,22366538,265332038.0000,3
2021-03-10,20210310113000000,sh.600188,12.0200,12.0200,11.7600,11.8800,6734000,79969850.0000,3
2021-03-10,20210310140000000,sh.600188,11.8800,11.9100,11.6900,11.7200,5437800,63970976.0000,3
2021-03-10,20210310150000000,sh.600188,11.7500,11.8100,11.6800,11.7500,6263287,73487408.0000,3
2021-03-11,20210311103000000,sh.600188,11.6800,12.0300,11.6000,12.0000,18698096,221223494.0000,3
2021-03-11,20210311113000000,sh.600188,12.0000,12.1000,11.8700,12.0200,10496868,125812474.0000,3
2021-03-11,20210311140000000,sh.600188,12.0200,12.2600,11.9000,12.2200,10251668,123848912.0000,3
2021-03-11,20210311150000000,sh.600188,12.2100,12.2100,12.0100,12.0800,8891099,107465488.0000,3
2021-03-12,20210312103000000,sh.600188,12.2100,12.7500,12.0800,12.7200,30812809,383172528.0000,3
2021-03-12,20210312113000000,sh.600188,12.7200,13.2900,12.6200,13.2900,21830856,282879984.0000,3
2021-03-12,20210312140000000,sh.600188,13.2900,13.2900,13.0900,13.2800,17741185,234530864.0000,3
2021-03-12,20210312150000000,sh.600188,13.2800,13.2900,13.1600,13.2900,13177387,174669008.0000,3
2021-03-15,20210315103000000,sh.600188,13.0100,13.4500,12.9000,13.2500,27462181,361441024.0000,3
2021-03-15,20210315113000000,sh.600188,13.2500,13.8100,13.2000,13.5500,17274090,232544192.0000,3
2021-03-15,20210315140000000,sh.600188,13.5700,13.5800,13.1200,13.5100,10411909,138588864.0000,3
2021-03-15,20210315150000000,sh.600188,13.5000,13.5100,13.1400,13.3900,12545050,167398368.0000,3
2021-03-16,20210316103000000,sh.600188,13.3600,13.4400,12.6300,12.7600,28828202,375933040.0000,3
2021-03-16,20210316113000000,sh.600188,12.7700,12.7800,12.4100,12.5400,13321677,167258464.0000,3
2021-03-16,20210316140000000,sh.600188,12.5300,12.6300,12.4500,12.5600,7826195,98080752.0000,3
2021-03-16,20210316150000000,sh.600188,12.5600,12.6600,12.4800,12.5900,8148833,102477968.0000,3
2021-03-17,20210317103000000,sh.600188,12.5200,12.7800,12.3600,12.4200,16841401,212073207.0000,3
2021-03-17,20210317113000000,sh.600188,12.4000,12.5800,12.2900,12.4100,10202771,126760969.0000,3
2021-03-17,20210317140000000,sh.600188,12.4200,12.5100,12.2200,12.4000,8319990,102894224.0000,3
2021-03-17,20210317150000000,sh.600188,12.4000,12.7000,12.3600,12.7000,10014873,125987920.0000,3
2021-03-18,20210318103000000,sh.600188,12.4700,12.5100,12.0000,12.3900,19874496,241877480.0000,3
2021-03-18,20210318113000000,sh.600188,12.4000,12.6300,12.3200,12.5500,7470800,93291928.0000,3
2021-03-18,20210318140000000,sh.600188,12.5200,12.7600,12.4300,12.7600,9574414,120676784.0000,3
2021-03-18,20210318150000000,sh.600188,12.7500,12.7700,12.4800,12.6600,10836156,136975344.0000,3
2021-03-19,20210319103000000,sh.600188,12.2500,12.8600,12.1300,12.8300,14832145,185900046.0000,3
2021-03-19,20210319113000000,sh.600188,12.8400,13.1800,12.7100,12.8400,11788316,153125378.0000,3
2021-03-19,20210319140000000,sh.600188,12.8400,12.9200,12.7500,12.8800,6684972,85746656.0000,3
2021-03-19,20210319150000000,sh.600188,12.8600,12.9400,12.7000,12.8400,8017503,102945968.0000,3
2021-03-22,20210322103000000,sh.600188,12.8300,12.9900,12.5300,12.7500,9049600,114650515.0000,3
2021-03-22,20210322113000000,sh.600188,12.7400,13.1800,12.6400,13.1400,7012501,90438266.0000,3
2021-03-22,20210322140000000,sh.600188,13.1300,13.1400,12.7800,12.8400,5451200,70351331.0000,3
2021-03-22,20210322150000000,sh.600188,12.8300,12.9700,12.7700,12.8700,5603836,72180400.0000,3
2021-03-23,20210323103000000,sh.600188,12.8100,12.9600,12.2000,12.4600,14996249,186657587.0000,3
2021-03-23,20210323113000000,sh.600188,12.4600,12.7400,12.4200,12.7100,5396976,68154556.0000,3
2021-03-23,20210323140000000,sh.600188,12.7000,12.7200,12.5300,12.6200,4379014,55264113.0000,3
2021-03-23,20210323150000000,sh.600188,12.6100,12.6500,12.4600,12.5400,7206571,90335552.0000,3
2021-03-24,20210324103000000,sh.600188,12.4200,12.5300,12.0000,12.0100,12381048,151303579.0000,3
2021-03-24,20210324113000000,sh.600188,12.0200,12.0700,11.8700,11.9200,10624300,127154117.0000,3
2021-03-24,20210324140000000,sh.600188,11.9200,12.2500,11.8700,12.2100,7360002,88927600.0000,3
2021-03-24,20210324150000000,sh.600188,12.1900,12.2800,12.0600,12.0800,6553106,79649344.0000,3
2021-03-25,20210325103000000,sh.600188,12.1400,13.0900,12.0800,12.9000,23107972,291319232.0000,3
2021-03-25,20210325113000000,sh.600188,12.8900,13.0800,12.7000,12.8200,10101000,129693456.0000,3
2021-03-25,20210325140000000,sh.600188,12.8200,12.9300,12.6300,12.8900,7610455,97306352.0000,3
2021-03-25,20210325150000000,sh.600188,12.8800,12.9900,12.7300,12.8700,8860175,113966512.0000,3
2021-03-26,20210326103000000,sh.600188,12.8200,13.2600,12.5100,12.9500,17294278,222968463.0000,3
2021-03-26,20210326113000000,sh.600188,12.9500,13.0300,12.8100,12.8700,4041175,52153041.0000,3
2021-03-26,20210326140000000,sh.600188,12.8400,12.9000,12.7300,12.8200,4744058,60692816.0000,3
2021-03-26,20210326150000000,sh.600188,12.8000,13.3100,12.7700,13.1800,13162784,171867856.0000,3
2021-03-29,20210329103000000,sh.600188,13.6000,14.5000,13.4700,14.2000,44239224,625668400.0000,3
2021-03-29,20210329113000000,sh.600188,14.1900,14.3000,14.0200,14.2000,7808800,110463424.0000,3
2021-03-29,20210329140000000,sh.600188,14.2200,14.3900,14.1000,14.2300,6751824,96374368.0000,3
2021-03-29,20210329150000000,sh.600188,14.2300,14.4600,14.1800,14.4500,6934749,99496144.0000,3
2021-03-30,20210330103000000,sh.600188,13.9400,13.9400,13.2500,13.4000,30686762,417895632.0000,3
2021-03-30,20210330113000000,sh.600188,13.4000,13.5700,13.2800,13.4700,9914494,132799040.0000,3
2021-03-30,20210330140000000,sh.600188,13.4800,13.5700,13.3700,13.4700,6619600,89216096.0000,3
2021-03-30,20210330150000000,sh.600188,13.4500,13.6400,13.4500,13.5000,11231190,152168944.0000,3
2021-03-31,20210331103000000,sh.600188,13.4500,13.5800,13.2800,13.3700,12426974,166862011.0000,3
2021-03-31,20210331113000000,sh.600188,13.3600,13.4400,13.2100,13.2700,6739643,89629436.0000,3
2021-03-31,20210331140000000,sh.600188,13.2800,13.3400,13.2000,13.2700,5064268,67146873.0000,3
2021-03-31,20210331150000000,sh.600188,13.2900,13.3200,13.1300,13.2300,6498757,85881200.0000,3
2021-04-01,20210401103000000,sh.600188,13.2000,13.3800,12.8800,13.3500,13188788,172916095.0000,3
2021-04-01,20210401113000000,sh.600188,13.3300,13.4200,13.2800,13.3200,3170900,42353718.0000,3
2021-04-01,20210401140000000,sh.600188,13.3300,13.5500,13.3200,13.5200,4943950,66581675.0000,3
2021-04-01,20210401150000000,sh.600188,13.5100,13.6900,13.5000,13.5100,7158375,97233328.0000,3
2021-04-02,20210402103000000,sh.600188,13.4800,13.5700,13.2000,13.2900,8543132,113968772.0000,3
2021-04-02,20210402113000000,sh.600188,13.3100,13.5400,13.2500,13.4800,4167939,55794210.0000,3
2021-04-02,20210402140000000,sh.600188,13.4800,13.5000,13.3400,13.3700,2637130,35322629.0000,3
2021-04-02,20210402150000000,sh.600188,13.3800,13.4400,13.3100,13.3900,4497000,60094640.0000,3
2021-04-06,20210406103000000,sh.600188,13.2500,13.3800,13.0100,13.0900,8715400,114601584.0000,3
2021-04-06,20210406113000000,sh.600188,13.0800,13.3200,13.0600,13.1800,2442200,32175933.0000,3
2021-04-06,20210406140000000,sh.600188,13.2000,13.2600,13.0900,13.2600,2403400,31621438.0000,3
2021-04-06,20210406150000000,sh.600188,13.2600,13.2600,13.1500,13.1800,4105400,54252975.0000,3
2021-04-07,20210407103000000,sh.600188,13.1700,13.2100,12.7800,13.1800,13183602,171263896.0000,3
2021-04-07,20210407113000000,sh.600188,13.1800,13.5200,13.1500,13.5200,7805693,104234616.0000,3
2021-04-07,20210407140000000,sh.600188,13.5300,13.6700,13.4200,13.5700,8452711,114466672.0000,3
2021-04-07,20210407150000000,sh.600188,13.5700,13.6300,13.5200,13.5500,5506000,74740912.0000,3
2021-04-08,20210408103000000,sh.600188,14.0000,14.2000,13.3600,13.4100,17935079,246243418.0000,3
2021-04-08,20210408113000000,sh.600188,13.4100,13.8000,13.3000,13.6300,5370750,72417622.0000,3
2021-04-08,20210408140000000,sh.600188,13.6300,13.8700,13.5900,13.7600,5517099,75843600.0000,3
2021-04-08,20210408150000000,sh.600188,13.7700,13.8500,13.6200,13.6800,6077443,83256192.0000,3
2021-04-09,20210409103000000,sh.600188,13.3100,13.6300,13.2500,13.5700,7742038,103972279.0000,3
2021-04-09,20210409113000000,sh.600188,13.5700,13.7200,13.4700,13.5400,3359800,45618331.0000,3
2021-04-09,20210409140000000,sh.600188,13.5400,13.6600,13.5000,13.5900,2543297,34514551.0000,3
2021-04-09,20210409150000000,sh.600188,13.5900,13.6800,13.5400,13.5800,3903093,53137056.0000,3
2021-04-12,20210412103000000,sh.600188,13.5600,13.7300,13.3800,13.4300,7587269,102907907.0000,3
2021-04-12,20210412113000000,sh.600188,13.4300,13.4900,13.3300,13.4200,3268600,43786105.0000,3
2021-04-12,20210412140000000,sh.600188,13.4200,13.4500,13.3600,13.3800,2153900,28874854.0000,3
2021-04-12,20210412150000000,sh.600188,13.3800,13.4800,13.2500,13.4300,4810897,64306585.0000,3
2021-04-13,20210413103000000,sh.600188,13.3400,13.4500,13.1500,13.3200,4652656,61806613.0000,3
2021-04-13,20210413113000000,sh.600188,13.3200,13.4000,13.2700,13.3900,1646207,21948695.0000,3
2021-04-13,20210413140000000,sh.600188,13.3900,13.4200,13.2700,13.3400,1943200,25923956.0000,3
2021-04-13,20210413150000000,sh.600188,13.3400,13.3400,13.2300,13.2400,2739127,36327399.0000,3
2021-04-14,20210414103000000,sh.600188,13.3000,13.3000,12.9600,12.9700,7989511,104596125.0000,3
2021-04-14,20210414113000000,sh.600188,12.9700,13.3100,12.9300,13.2600,3790399,49805694.0000,3
2021-04-14,20210414140000000,sh.600188,13.2600,13.5000,13.2500,13.4700,3201800,42946693.0000,3
2021-04-14,20210414150000000,sh.600188,13.4800,13.5500,13.4200,13.4800,3825600,51564266.0000,3
2021-04-15,20210415103000000,sh.600188,13.4800,14.0500,13.2900,13.7100,12547880,172777198.0000,3
2021-04-15,20210415113000000,sh.600188,13.7100,13.7500,13.5600,13.6200,2440833,33370370.0000,3
2021-04-15,20210415140000000,sh.600188,13.6300,13.7200,13.5600,13.7000,3351238,45679394.0000,3
2021-04-15,20210415150000000,sh.600188,13.6700,13.7600,13.6400,13.6800,4346127,59614398.0000,3
2021-04-16,20210416103000000,sh.600188,13.9500,15.0500,13.9500,15.0000,28919551,425316800.0000,3
2021-04-16,20210416113000000,sh.600188,15.0000,15.0500,14.9200,14.9900,7899161,118492432.0000,3
2021-04-16,20210416140000000,sh.600188,15.0000,15.0300,14.8000,14.9400,6259262,93316128.0000,3
2021-04-16,20210416150000000,sh.600188,14.9300,15.0100,14.8800,14.9700,6776181,101364528.0000,3
2021-04-19,20210419103000000,sh.600188,14.7000,14.9500,14.4500,14.7000,14176430,207702519.0000,3
2021-04-19,20210419113000000,sh.600188,14.6900,14.6900,14.5400,14.6100,3658232,53465616.0000,3
2021-04-19,20210419140000000,sh.600188,14.6000,14.6200,14.4000,14.4300,5508517,79795001.0000,3
2021-04-19,20210419150000000,sh.600188,14.4300,14.4400,14.3000,14.3400,6589903,94605024.0000,3
2021-04-20,20210420103000000,sh.600188,14.2400,14.4600,14.1800,14.2300,8225432,117544307.0000,3
2021-04-20,20210420113000000,sh.600188,14.2200,14.2700,14.1300,14.2100,3465700,49174992.0000,3
2021-04-20,20210420140000000,sh.600188,14.2100,14.4100,14.1500,14.1800,6894401,98345811.0000,3
2021-04-20,20210420150000000,sh.600188,14.1600,14.1800,14.0200,14.0800,6401203,90204138.0000,3
2021-04-21,20210421103000000,sh.600188,13.9400,14.0500,13.6500,14.0500,9926253,137049925.0000,3
2021-04-21,20210421113000000,sh.600188,14.0500,14.0500,13.8100,13.9200,3954612,54997956.0000,3
2021-04-21,20210421140000000,sh.600188,13.9300,14.2400,13.9200,14.1300,5445500,76679031.0000,3
2021-04-21,20210421150000000,sh.600188,14.1300,14.2100,14.0000,14.0400,6749050,95031504.0000,3
2021-04-22,20210422103000000,sh.600188,14.1900,14.5300,14.1100,14.2000,13018590,186732995.0000,3
2021-04-22,20210422113000000,sh.600188,14.1900,14.3700,14.1000,14.2400,4516621,64274344.0000,3
2021-04-22,20210422140000000,sh.600188,14.2500,14.2500,13.9200,13.9600,5214700,73399061.0000,3
2021-04-22,20210422150000000,sh.600188,13.9500,14.0000,13.8800,13.9200,5349687,74480384.0000,3
2021-04-23,20210423103000000,sh.600188,13.7000,13.9500,13.6500,13.7500,7515725,103458990.0000,3
2021-04-23,20210423113000000,sh.600188,13.7600,13.7800,13.4500,13.5500,5446075,74290261.0000,3
2021-04-23,20210423140000000,sh.600188,13.5500,13.8000,13.5500,13.7500,3861494,52881493.0000,3
2021-04-23,20210423150000000,sh.600188,13.7500,13.7900,13.7000,13.7800,3848501,52906712.0000,3
2021-04-26,20210426103000000,sh.600188,13.9400,14.0900,13.8100,13.8700,8765901,122187533.0000,3
2021-04-26,20210426113000000,sh.600188,13.8800,13.9500,13.8200,13.9100,2792100,38739176.0000,3
2021-04-26,20210426140000000,sh.600188,13.9000,14.0200,13.8600,13.9300,3487810,48633784.0000,3
2021-04-26,20210426150000000,sh.600188,13.9300,14.1200,13.9000,14.0000,8496441,119215011.0000,3
2021-04-27,20210427103000000,sh.600188,13.9400,14.0400,13.6200,13.6600,6690200,92139714.0000,3
2021-04-27,20210427113000000,sh.600188,13.6600,13.6600,13.4600,13.4700,4354200,58993651.0000,3
2021-04-27,20210427140000000,sh.600188,13.4800,13.5800,13.2500,13.5700,5323900,71370966.0000,3
2021-04-27,20210427150000000,sh.600188,13.5700,13.7300,13.5000,13.6500,3694168,50294117.0000,3
2021-04-28,20210428103000000,sh.600188,13.5700,14.1000,13.5000,13.9200,7966116,110715180.0000,3
2021-04-28,20210428113000000,sh.600188,13.9200,14.0500,13.8300,13.9000,3466857,48384021.0000,3
2021-04-28,20210428140000000,sh.600188,13.9000,13.9700,13.7500,13.9700,3529707,48900281.0000,3
2021-04-28,20210428150000000,sh.600188,13.9600,14.2400,13.9600,14.2000,8553919,121071270.0000,3
2021-04-29,20210429103000000,sh.600188,14.0700,14.2200,13.8300,14.1600,6403170,89588872.0000,3
2021-04-29,20210429113000000,sh.600188,14.1600,14.3500,14.1100,14.3000,3982513,56678395.0000,3
2021-04-29,20210429140000000,sh.600188,14.3300,14.3600,14.1800,14.2100,2549500,36369697.0000,3
2021-04-29,20210429150000000,sh.600188,14.2200,14.6100,14.2200,14.4200,9533146,137883276.0000,3
2021-04-30,20210430103000000,sh.600188,13.2100,13.5600,12.9800,12.9900,34461437,450776544.0000,3
2021-04-30,20210430113000000,sh.600188,12.9800,12.9900,12.9800,12.9800,1839000,23871152.0000,3
2021-04-30,20210430140000000,sh.600188,12.9800,13.2000,12.9800,13.0700,15535921,202238896.0000,3
2021-04-30,20210430150000000,sh.600188,13.0700,13.2300,12.9800,12.9900,10305794,135029904.0000,3
2021-05-06,20210506103000000,sh.600188,12.9500,13.9400,12.9500,13.8400,20078894,270785728.0000,3
2021-05-06,20210506113000000,sh.600188,13.8300,14.0900,13.6900,13.9100,9442845,131467536.0000,3
2021-05-06,20210506140000000,sh.600188,13.9100,13.9400,13.7500,13.8700,3619783,50128672.0000,3
2021-05-06,20210506150000000,sh.600188,13.8700,14.0500,13.8700,13.8700,6994396,97484768.0000,3
2021-05-07,20210507103000000,sh.600188,14.0000,14.3000,13.6000,14.2100,18930127,264870587.0000,3
2021-05-07,20210507113000000,sh.600188,14.2100,14.8900,14.1700,14.7500,19521434,283222005.0000,3
2021-05-07,20210507140000000,sh.600188,14.7300,15.0000,14.6600,14.8300,10823624,160620704.0000,3
2021-05-07,20210507150000000,sh.600188,14.8300,15.0000,14.7700,14.8900,15144225,225646144.0000,3
2021-05-10,20210510103000000,sh.600188,14.8900,15.1600,14.7100,14.8400,18752974,280207904.0000,3
2021-05-10,20210510113000000,sh.600188,14.8400,15.1300,14.8000,14.9800,8358691,125427648.0000,3
2021-05-10,20210510140000000,sh.600188,14.9800,15.0200,14.6800,15.0000,8721755,129587008.0000,3
2021-05-10,20210510150000000,sh.600188,15.0000,15.6000,15.0000,15.3800,18604298,285130000.0000,3
2021-05-11,20210511103000000,sh.600188,14.9300,14.9300,14.3000,14.4500,21434027,312558512.0000,3
2021-05-11,20210511113000000,sh.600188,14.4500,14.9200,14.4500,14.8000,10936519,161001488.0000,3
2021-05-11,20210511140000000,sh.600188,14.8000,14.8000,14.6000,14.7300,7042517,103394208.0000,3
2021-05-11,20210511150000000,sh.600188,14.7400,15.0100,14.6600,14.8300,12908900,191742656.0000,3
2021-05-12,20210512103000000,sh.600188,14.9100,15.1700,14.5100,14.6100,13069568,193900989.0000,3
2021-05-12,20210512113000000,sh.600188,14.6200,14.9300,14.6200,14.8800,3159136,46774780.0000,3
2021-05-12,20210512140000000,sh.600188,14.8400,14.8600,14.6600,14.8000,3155200,46568599.0000,3
2021-05-12,20210512150000000,sh.600188,14.8000,14.9500,14.7700,14.9500,6330600,94307712.0000,3
2021-05-13,20210513103000000,sh.600188,14.5500,14.6900,14.2700,14.3700,8354107,120710408.0000,3
2021-05-13,20210513113000000,sh.600188,14.4000,14.4500,14.3000,14.3100,4008100,57531084.0000,3
2021-05-13,20210513140000000,sh.600188,14.3200,14.3200,14.1000,14.1400,4597545,65289734.0000,3
2021-05-13,20210513150000000,sh.600188,14.1300,14.2400,14.0000,14.1300,6354282,89541174.0000,3
2021-05-14,20210514103000000,sh.600188,14.2000,14.2000,13.7200,13.9000,7008404,97610925.0000,3
2021-05-14,20210514113000000,sh.600188,13.9000,14.0200,13.7900,13.8000,3558660,49517289.0000,3
2021-05-14,20210514140000000,sh.600188,13.7500,13.7800,13.3500,13.4600,14207750,191622506.0000,3
2021-05-14,20210514150000000,sh.600188,13.4800,13.6300,13.4400,13.6200,6016200,81555856.0000,3
2021-05-17,20210517103000000,sh.600188,13.6200,13.7700,13.4800,13.7100,7997176,108912498.0000,3
2021-05-17,20210517113000000,sh.600188,13.7200,13.9700,13.7000,13.9100,5277800,73228666.0000,3
2021-05-17,20210517140000000,sh.600188,13.9100,13.9100,13.5800,13.5900,3562100,48822493.0000,3
2021-05-17,20210517150000000,sh.600188,13.5800,13.7000,13.4700,13.5100,10579659,143329479.0000,3
2021-05-18,20210518103000000,sh.600188,13.7200,14.1700,13.6600,14.1400,12630630,175808872.0000,3
2021-05-18,20210518113000000,sh.600188,14.1500,14.2100,13.9600,14.0500,4270000,60107326.0000,3
2021-05-18,20210518140000000,sh.600188,14.0600,14.0600,13.8800,13.9800,2840768,39629850.0000,3
2021-05-18,20210518150000000,sh.600188,13.9900,14.0500,13.8800,14.0400,3567740,49934768.0000,3
2021-05-19,20210519103000000,sh.600188,13.9000,13.9500,13.4000,13.5800,10013210,135684511.0000,3
2021-05-19,20210519113000000,sh.600188,13.5800,13.6300,13.5400,13.6100,1706640,23175938.0000,3
2021-05-19,20210519140000000,sh.600188,13.6100,13.6700,13.5300,13.6300,2180000,29622148.0000,3
2021-05-19,20210519150000000,sh.600188,13.6400,13.6900,13.5900,13.6200,2615207,35643385.0000,3
2021-05-20,20210520103000000,sh.600188,12.9600,12.9600,12.2600,12.3700,27270298,340019808.0000,3
2021-05-20,20210520113000000,sh.600188,12.3600,12.6200,12.3500,12.4800,6389000,79689760.0000,3
2021-05-20,20210520140000000,sh.600188,12.4900,12.6500,12.3800,12.6300,5532746,69045088.0000,3
2021-05-20,20210520150000000,sh.600188,12.6400,12.6400,12.4500,12.5400,4128519,51728256.0000,3
2021-05-21,20210521103000000,sh.600188,12.5300,12.7500,12.4200,12.7400,10657467,134372490.0000,3
2021-05-21,20210521113000000,sh.600188,12.7400,13.1100,12.7300,13.1100,7751712,100173573.0000,3
2021-05-21,20210521140000000,sh.600188,13.1000,13.3400,13.0100,13.1000,9540745,125842321.0000,3
2021-05-21,20210521150000000,sh.600188,13.1000,13.2900,13.0700,13.2800,8058536,106745280.0000,3
2021-05-24,20210524103000000,sh.600188,13.2800,13.4500,13.2000,13.3200,8424211,112510590.0000,3
2021-05-24,20210524113000000,sh.600188,13.3300,13.3500,13.1500,13.2100,2896517,38341083.0000,3
2021-05-24,20210524140000000,sh.600188,13.2000,13.2200,13.0700,13.0700,2239000,29389591.0000,3
2021-05-24,20210524150000000,sh.600188,13.0700,13.1600,12.9800,13.1400,3171520,41450664.0000,3
2021-05-25,20210525103000000,sh.600188,13.2700,13.2800,12.6800,13.0200,8697800,111725270.0000,3
2021-05-25,20210525113000000,sh.600188,13.0300,13.2200,12.9900,13.1400,4070400,53339513.0000,3
2021-05-25,20210525140000000,sh.600188,13.1500,13.4300,13.1300,13.2000,6085800,80900730.0000,3
2021-05-25,20210525150000000,sh.600188,13.2000,13.2600,13.1500,13.1700,4151507,54778071.0000,3
2021-05-26,20210526103000000,sh.600188,13.1800,13.2600,13.0200,13.1900,4000720,52559925.0000,3
2021-05-26,20210526113000000,sh.600188,13.2000,13.3800,13.1200,13.3000,2924352,38755630.0000,3
2021-05-26,20210526140000000,sh.600188,13.3000,13.3600,13.2700,13.2800,2274800,30278886.0000,3
2021-05-26,20210526150000000,sh.600188,13.3000,13.3400,13.2300,13.2800,2905500,38587469.0000,3
2021-05-27,20210527103000000,sh.600188,13.1900,13.6700,13.1900,13.5800,7713847,103919497.0000,3
2021-05-27,20210527113000000,sh.600188,13.5800,13.5800,13.3700,13.4000,2930586,39399231.0000,3
2021-05-27,20210527140000000,sh.600188,13.4000,13.5200,13.3700,13.5100,2238900,30080660.0000,3
2021-05-27,20210527150000000,sh.600188,13.5000,13.5700,13.4600,13.4600,5087126,68691575.0000,3
2021-05-28,20210528103000000,sh.600188,13.4700,13.7800,13.4700,13.5200,7259681,99075983.0000,3
2021-05-28,20210528113000000,sh.600188,13.5200,13.6500,13.5000,13.5400,2307700,31260297.0000,3
2021-05-28,20210528140000000,sh.600188,13.5100,13.5400,13.2700,13.2700,2648179,35414813.0000,3
2021-05-28,20210528150000000,sh.600188,13.2800,13.4000,13.2500,13.3400,2708442,36081747.0000,3
2021-05-31,20210531103000000,sh.600188,13.4700,13.5200,13.2500,13.4200,3911292,52360263.0000,3
2021-05-31,20210531113000000,sh.600188,13.4300,13.4600,13.3300,13.4500,2042200,27388404.0000,3
2021-05-31,20210531140000000,sh.600188,13.4500,13.5500,13.3900,13.5100,3155142,42547416.0000,3
2021-05-31,20210531150000000,sh.600188,13.5000,13.6000,13.4500,13.5400,7643165,103315383.0000,3
2021-06-01,20210601103000000,sh.600188,13.5400,13.6100,13.2000,13.2100,5527602,73913849.0000,3
2021-06-01,20210601113000000,sh.600188,13.2100,13.6400,13.2000,13.5400,3239741,43463725.0000,3
2021-06-01,20210601140000000,sh.600188,13.5300,13.9100,13.4300,13.7900,7181600,98687760.0000,3
2021-06-01,20210601150000000,sh.600188,13.7900,14.2100,13.7900,14.1000,9559591,134469210.0000,3
2021-06-02,20210602103000000,sh.600188,13.9900,14.4700,13.8900,14.2300,14936922,211866269.0000,3
2021-06-02,20210602113000000,sh.600188,14.2200,14.4000,14.1200,14.2500,6024301,86002771.0000,3
2021-06-02,20210602140000000,sh.600188,14.2600,14.2600,14.0100,14.0200,3353000,47343776.0000,3
2021-06-02,20210602150000000,sh.600188,14.0200,14.0700,13.9200,13.9300,4695100,65648224.0000,3
2021-06-03,20210603103000000,sh.600188,14.1500,14.8600,14.1500,14.5700,16174161,235750751.0000,3
2021-06-03,20210603113000000,sh.600188,14.5800,14.8500,14.5500,14.8200,6555139,96667009.0000,3
2021-06-03,20210603140000000,sh.600188,14.8200,14.8800,14.6400,14.6800,4489793,66274912.0000,3
2021-06-03,20210603150000000,sh.600188,14.6900,14.6900,14.5100,14.5500,4264784,62132576.0000,3
2021-06-04,20210604103000000,sh.600188,14.1000,14.1900,13.8100,14.0400,10095132,140839095.0000,3
2021-06-04,20210604113000000,sh.600188,14.0300,14.4400,14.0300,14.4200,4655705,66413655.0000,3
2021-06-04,20210604140000000,sh.600188,14.4200,14.6300,14.3600,14.4800,4651260,67551378.0000,3
2021-06-04,20210604150000000,sh.600188,14.4800,14.5600,14.3700,14.5000,4685099,67812272.0000,3
2021-06-07,20210607103000000,sh.600188,14.5900,15.0500,14.5900,14.8700,13403511,199492723.0000,3
2021-06-07,20210607113000000,sh.600188,14.8600,14.8900,14.5400,14.7100,5155418,75855917.0000,3
2021-06-07,20210607140000000,sh.600188,14.7100,14.7600,14.5900,14.6000,2798001,41044864.0000,3
2021-06-07,20210607150000000,sh.600188,14.6100,14.6200,14.5100,14.5800,3903818,56843792.0000,3
2021-06-08,20210608103000000,sh.600188,14.4800,14.6500,14.4100,14.4300,6077417,88200471.0000,3
2021-06-08,20210608113000000,sh.600188,14.4300,14.4400,14.2400,14.3300,3977032,57027643.0000,3
2021-06-08,20210608140000000,sh.600188,14.3000,14.4800,14.3000,14.3800,3103200,44646016.0000,3
2021-06-08,20210608150000000,sh.600188,14.3700,14.4900,14.3300,14.4600,2921029,42097858.0000,3
2021-06-09,20210609103000000,sh.600188,14.5700,15.3700,14.3500,15.2300,13959194,208818989.0000,3
2021-06-09,20210609113000000,sh.600188,15.2400,15.6500,15.2400,15.6200,10674138,165395667.0000,3
2021-06-09,20210609140000000,sh.600188,15.6000,15.7500,15.3800,15.4300,5335927,83126880.0000,3
2021-06-09,20210609150000000,sh.600188,15.4500,15.4600,15.3400,15.4400,4811041,74086928.0000,3
2021-06-10,20210610103000000,sh.600188,15.2700,15.3400,14.9800,15.0100,11838398,179130899.0000,3
2021-06-10,20210610113000000,sh.600188,15.0100,15.2300,14.8500,15.2100,8117449,121803965.0000,3
2021-06-10,20210610140000000,sh.600188,15.2000,15.2100,14.8900,14.9000,3880600,58285664.0000,3
2021-06-10,20210610150000000,sh.600188,14.9000,15.1100,14.8900,14.9600,6226972,93452240.0000,3
2021-06-11,20210611103000000,sh.600188,15.0800,15.3200,14.9600,14.9800,8509990,128654769.0000,3
2021-06-11,20210611113000000,sh.600188,14.9800,15.1200,14.9100,15.0700,3018310,45298234.0000,3
2021-06-11,20210611140000000,sh.600188,15.0400,15.1400,14.9200,15.0500,3181944,47721137.0000,3
2021-06-11,20210611150000000,sh.600188,15.0800,15.1200,14.8900,14.9300,4903591,73573444.0000,3
2021-06-15,20210615103000000,sh.600188,15.2000,15.3400,14.7900,15.0400,9526741,143327074.0000,3
2021-06-15,20210615113000000,sh.600188,15.0400,15.0400,14.8400,14.9200,2744150,41039588.0000,3
2021-06-15,20210615140000000,sh.600188,14.9400,15.3600,14.9000,15.2600,4854800,73767677.0000,3
2021-06-15,20210615150000000,sh.600188,15.2500,15.4400,15.1400,15.2000,4901927,74781005.0000,3
2021-06-16,20210616103000000,sh.600188,15.1200,15.7300,15.0300,15.2100,11446693,176361535.0000,3
2021-06-16,20210616113000000,sh.600188,15.2100,15.3800,15.1200,15.2300,2733210,41656591.0000,3
2021-06-16,20210616140000000,sh.600188,15.2200,15.3600,15.2000,15.2000,3826600,58390418.0000,3
2021-06-16,20210616150000000,sh.600188,15.2100,15.3400,15.1800,15.2300,5951918,90874608.0000,3
2021-06-17,20210617103000000,sh.600188,14.8400,15.3300,14.6000,15.1600,10057805,151221574.0000,3
2021-06-17,20210617113000000,sh.600188,15.1800,15.4600,15.1500,15.1800,3509500,53672756.0000,3
2021-06-17,20210617140000000,sh.600188,15.2300,15.2700,15.1000,15.2300,3539910,53764104.0000,3
2021-06-17,20210617150000000,sh.600188,15.2300,15.3300,15.1500,15.2000,6617015,100795390.0000,3
2021-06-18,20210618103000000,sh.600188,15.2500,15.2500,14.7000,14.9800,8293252,123506158.0000,3
2021-06-18,20210618113000000,sh.600188,14.9800,15.1800,14.9000,14.9600,3846834,57989777.0000,3
2021-06-18,20210618140000000,sh.600188,14.9400,14.9600,14.7000,14.8400,4569200,67666306.0000,3
2021-06-18,20210618150000000,sh.600188,14.8300,14.9100,14.7900,14.8000,4580633,67934319.0000,3
2021-06-21,20210621103000000,sh.600188,14.5000,14.5400,14.1800,14.4900,8897675,127709241.0000,3
2021-06-21,20210621113000000,sh.600188,14.5000,14.8600,14.4600,14.8300,4446300,65181147.0000,3
2021-06-21,20210621140000000,sh.600188,14.8200,14.8300,14.5600,14.6100,2849420,41870616.0000,3
2021-06-21,20210621150000000,sh.600188,14.6100,14.7200,14.5900,14.6400,3083251,45166612.0000,3
2021-06-22,20210622103000000,sh.600188,14.8700,14.8700,14.5500,14.6100,6099131,89829357.0000,3
2021-06-22,20210622113000000,sh.600188,14.6100,14.6300,14.4000,14.5200,3161812,45833875.0000,3
2021-06-22,20210622140000000,sh.600188,14.5200,14.5400,14.3300,14.3800,2737800,39538298.0000,3
2021-06-22,20210622150000000,sh.600188,14.3800,14.6600,14.3700,14.5000,2893719,41994506.0000,3
2021-06-23,20210623103000000,sh.600188,14.6400,15.0400,14.5200,14.9700,10783457,159645253.0000,3
2021-06-23,20210623113000000,sh.600188,14.9700,15.4200,14.9700,15.2900,6276788,95246739.0000,3
2021-06-23,20210623140000000,sh.600188,15.3000,15.6900,15.2200,15.6600,7919637,122484840.0000,3
2021-06-23,20210623150000000,sh.600188,15.6500,15.6700,15.4100,15.5600,5622878,87397424.0000,3
2021-06-24,20210624103000000,sh.600188,15.6100,16.2800,15.2200,16.1000,15825326,250527419.0000,3
2021-06-24,20210624113000000,sh.600188,16.1100,16.1100,15.7400,15.8500,5864787,93318341.0000,3
2021-06-24,20210624140000000,sh.600188,15.8600,15.8800,15.6000,15.6000,4047355,63683648.0000,3
2021-06-24,20210624150000000,sh.600188,15.6200,15.7800,15.5800,15.6400,5008601,78357088.0000,3
2021-06-25,20210625103000000,sh.600188,16.0900,16.2700,15.7900,15.8000,12045520,192493528.0000,3
2021-06-25,20210625113000000,sh.600188,15.8100,16.0800,15.7700,16.0600,3027701,48177420.0000,3
2021-06-25,20210625140000000,sh.600188,16.0600,16.2900,16.0500,16.1400,5071201,82119260.0000,3
2021-06-25,20210625150000000,sh.600188,16.1300,16.1600,16.0400,16.0600,3808557,61283936.0000,3
2021-06-28,20210628103000000,sh.600188,15.4300,15.5000,14.8000,15.0800,17775009,268832367.0000,3
2021-06-28,20210628113000000,sh.600188,15.0700,15.3900,14.9300,14.9900,5145400,77761864.0000,3
2021-06-28,20210628140000000,sh.600188,14.9900,15.3000,14.9800,15.1100,3947700,59802209.0000,3
2021-06-28,20210628150000000,sh.600188,15.0900,15.1400,14.9900,15.0000,6523649,98159235.0000,3
2021-06-29,20210629103000000,sh.600188,15.0300,15.1100,14.8100,14.8900,7032098,105007716.0000,3
2021-06-29,20210629113000000,sh.600188,14.8900,14.9800,14.7600,14.8900,3794700,56413708.0000,3
2021-06-29,20210629140000000,sh.600188,14.8900,14.9700,14.7800,14.8600,2486700,36937422.0000,3
2021-06-29,20210629150000000,sh.600188,14.8500,14.9000,14.7800,14.7800,4140226,61371279.0000,3
2021-06-30,20210630103000000,sh.600188,14.8400,15.8800,14.8400,15.3400,14768850,229464707.0000,3
2021-06-30,20210630113000000,sh.600188,15.3300,15.5900,15.2800,15.3400,3506160,53854405.0000,3
2021-06-30,20210630140000000,sh.600188,15.3300,15.4300,15.1800,15.2500,3124727,47791982.0000,3
2021-06-30,20210630150000000,sh.600188,15.2300,15.4000,15.2100,15.3600,2703000,41433126.0000,3
2021-07-01,20210701103000000,sh.600188,15.3000,15.5300,15.1500,15.4300,4261109,65428732.4200,3
2021-07-01,20210701113000000,sh.600188,15.4200,15.4300,15.1900,15.2400,2244000,34364204.0000,3
2021-07-01,20210701140000000,sh.600188,15.2400,15.2700,15.0500,15.0700,1973600,29888526.0000,3
2021-07-01,20210701150000000,sh.600188,15.0700,15.0700,14.8000,14.8500,4788895,71422946.5800,3
2021-07-02,20210702103000000,sh.600188,14.8200,15.0000,14.6700,14.7100,4611011,68198398.2500,3
2021-07-02,20210702113000000,sh.600188,14.7100,14.8500,14.6800,14.8400,2299800,33925479.0000,3
2021-07-02,20210702140000000,sh.600188,14.8400,14.8600,14.6900,14.7200,1310800,19321317.0000,3
2021-07-02,20210702150000000,sh.600188,14.7200,14.8000,14.7000,14.7300,2040111,30053905.1800,3
2021-07-05,20210705103000000,sh.600188,14.8900,15.1100,14.7900,15.0500,7230004,108067468.0000,3
2021-07-05,20210705113000000,sh.600188,15.0400,15.2400,14.8700,14.9300,4701200,70681780.0000,3
2021-07-05,20210705140000000,sh.600188,14.9300,15.0500,14.8800,15.0000,3087310,46202144.1000,3
2021-07-05,20210705150000000,sh.600188,15.0000,15.0900,14.9000,15.0500,3457745,51834707.0500,3
2021-07-06,20210706103000000,sh.600188,15.0700,15.2300,14.9100,14.9600,6222400,93862636.9200,3
2021-07-06,20210706113000000,sh.600188,14.9700,15.1900,14.9200,15.0500,3661225,55158468.5000,3
2021-07-06,20210706140000000,sh.600188,15.0500,15.0500,14.8200,14.8600,3070174,45772929.8500,3
2021-07-06,20210706150000000,sh.600188,14.8500,14.9900,14.7600,14.9600,3260797,48462259.4800,3
2021-07-07,20210707103000000,sh.600188,14.7700,14.9200,14.4000,14.4100,7221576,105380777.3400,3
2021-07-07,20210707113000000,sh.600188,14.4200,14.4700,14.3200,14.4000,5018237,72240246.0700,3
2021-07-07,20210707140000000,sh.600188,14.4000,14.5600,14.3500,14.4000,3786400,54544882.0000,3
2021-07-07,20210707150000000,sh.600188,14.4100,14.7500,14.4000,14.6400,7165501,104571977.2000,3
2021-07-08,20210708103000000,sh.600188,14.3600,14.5300,13.9000,14.0300,12009161,169924801.0600,3
2021-07-08,20210708113000000,sh.600188,14.0300,14.0300,13.4500,13.7100,11391054,156352110.4300,3
2021-07-08,20210708140000000,sh.600188,13.7100,13.7800,13.5800,13.6100,5293045,72280495.3300,3
2021-07-08,20210708150000000,sh.600188,13.6100,13.7000,13.5700,13.6100,5805096,79062081.9600,3
2021-07-09,20210709103000000,sh.600188,13.7100,14.0700,13.7000,13.9900,8713925,120983464.0000,3
2021-07-09,20210709113000000,sh.600188,13.9900,14.2800,13.9800,14.2700,5307992,75085330.6600,3
2021-07-09,20210709140000000,sh.600188,14.2700,14.5800,14.2600,14.5600,5648862,81678080.4600,3
2021-07-09,20210709150000000,sh.600188,14.5600,14.6500,14.5200,14.6500,5740680,83809431.2000,3
2021-07-12,20210712103000000,sh.600188,14.5500,14.6100,14.2600,14.5600,10015415,144344793.6500,3
2021-07-12,20210712113000000,sh.600188,14.5600,14.5600,14.3000,14.3300,5510100,79315870.3000,3
2021-07-12,20210712140000000,sh.600188,14.3300,14.4200,14.1800,14.3000,4353245,62148405.7000,3
2021-07-12,20210712150000000,sh.600188,14.3000,14.3700,14.1500,14.2700,6972577,99274102.3000,3
2021-07-13,20210713103000000,sh.600188,14.2800,14.9200,14.0200,14.8000,11380201,165806010.6500,3
2021-07-13,20210713113000000,sh.600188,14.8000,15.2700,14.7900,15.1900,9334000,140592021.0000,3
2021-07-13,20210713140000000,sh.600188,15.1900,15.5900,15.1800,15.3800,9691218,148896982.7700,3
2021-07-13,20210713150000000,sh.600188,15.3900,15.4200,15.2600,15.3900,4720100,72545157.0000,3
2021-07-14,20210714103000000,sh.600188,15.4400,16.9300,15.4100,16.9300,26677294,441686266.4800,3
2021-07-14,20210714113000000,sh.600188,16.9300,16.9300,16.9300,16.9300,5054501,85572701.9300,3
2021-07-14,20210714140000000,sh.600188,16.9300,16.9300,16.9300,16.9300,1918706,32483692.5800,3
2021-07-14,20210714150000000,sh.600188,16.9300,16.9300,16.9300,16.9300,2540303,43007329.7900,3
2021-07-15,20210715103000000,sh.600188,17.4000,17.4000,16.4700,16.9200,23790291,403483553.4600,3
2021-07-15,20210715113000000,sh.600188,16.9100,17.0800,16.7900,16.9100,7636144,129363643.6000,3
2021-07-15,20210715140000000,sh.600188,16.9100,17.1000,16.7700,17.0800,6910786,117202478.6000,3
2021-07-15,20210715150000000,sh.600188,17.0700,17.2200,17.0000,17.1400,8236116,141013418.4700,3
2021-07-16,20210716103000000,sh.600188,17.2500,18.1600,17.2500,17.9600,20665926,368893527.9200,3
2021-07-16,20210716113000000,sh.600188,17.9400,18.1800,17.8600,18.0100,5808204,104775778.4000,3
2021-07-16,20210716140000000,sh.600188,18.0100,18.1000,17.7400,17.8800,5356078,95826806.0700,3
2021-07-16,20210716150000000,sh.600188,17.8500,18.1300,17.8300,17.9000,7818711,140667205.1500,3
2021-07-19,20210719103000000,sh.600188,18.4500,19.4000,18.1200,18.8800,25059476,475498843.8900,3
2021-07-19,20210719113000000,sh.600188,18.8600,19.0000,18.4000,18.6900,5223401,97671017.5100,3
2021-07-19,20210719140000000,sh.600188,18.6900,18.7200,18.3800,18.4900,4673900,86487155.0600,3
2021-07-19,20210719150000000,sh.600188,18.4900,18.5400,18.2700,18.3200,8674417,159328689.7100,3
2021-07-20,20210720103000000,sh.600188,18.8500,18.9900,17.7500,18.0700,11839107,215281577.3300,3
2021-07-20,20210720113000000,sh.600188,18.0700,18.1500,17.8500,17.9300,6227105,112149089.5000,3
2021-07-20,20210720140000000,sh.600188,17.9300,17.9300,17.6500,17.7600,5543565,98520430.0400,3
2021-07-20,20210720150000000,sh.600188,17.7600,17.9000,17.7500,17.8100,5785900,103012108.8000,3
2021-07-21,20210721103000000,sh.600188,18.0500,18.2900,17.4200,17.4900,13799900,245334046.2900,3
2021-07-21,20210721113000000,sh.600188,17.4900,17.5800,17.2800,17.4000,8508000,148332173.0000,3
2021-07-21,20210721140000000,sh.600188,17.4000,17.5300,17.2500,17.3100,8349328,144795042.0000,3
2021-07-21,20210721150000000,sh.600188,17.3200,17.4600,17.1600,17.2400,12095379,209030880.9900,3
2021-07-22,20210722103000000,sh.600188,17.4100,17.4400,16.7500,17.3700,19701466,337020680.2000,3
2021-07-22,20210722113000000,sh.600188,17.3800,18.0500,17.2700,17.9300,15018950,267057449.4900,3
2021-07-22,20210722140000000,sh.600188,17.9300,17.9300,17.6000,17.9000,6102700,108628557.4900,3
2021-07-22,20210722150000000,sh.600188,17.9000,18.1500,17.8200,18.0000,10621601,191046284.9900,3
2021-07-23,20210723103000000,sh.600188,17.0000,18.0600,16.8800,17.7200,21904705,385595915.9100,3
2021-07-23,20210723113000000,sh.600188,17.7200,17.7300,17.2400,17.3000,7841247,136534500.9900,3
2021-07-23,20210723140000000,sh.600188,17.3000,17.5000,17.1900,17.2000,4438500,76845723.0000,3
2021-07-23,20210723150000000,sh.600188,17.2000,17.2700,17.0600,17.1000,5772340,99014604.6800,3
2021-07-26,20210726103000000,sh.600188,17.2600,17.5700,16.7700,16.9600,10433045,178223510.8200,3
2021-07-26,20210726113000000,sh.600188,16.9800,17.2000,16.7000,16.9000,4732987,80285031.9000,3
2021-07-26,20210726140000000,sh.600188,16.9000,17.0400,16.6000,16.9800,5392326,90526643.6900,3
2021-07-26,20210726150000000,sh.600188,16.9200,17.1200,16.9200,17.0400,5764901,98175629.3900,3
2021-07-27,20210727103000000,sh.600188,17.1000,18.7400,17.1000,18.7400,24103348,446297970.9700,3
2021-07-27,20210727113000000,sh.600188,18.7400,18.7400,18.7400,18.7400,1040800,19504592.0000,3
2021-07-27,20210727140000000,sh.600188,18.7400,18.7400,18.3000,18.3200,11563076,215394686.1400,3
2021-07-27,20210727150000000,sh.600188,18.3200,18.3300,17.6800,17.9300,12625047,226582236.7200,3
2021-07-28,20210728103000000,sh.600188,16.8000,18.3300,16.8000,18.2400,26483908,464975436.6200,3
2021-07-28,20210728113000000,sh.600188,18.2200,18.7600,18.1900,18.3600,8007742,147998188.2900,3
2021-07-28,20210728140000000,sh.600188,18.3800,18.6000,18.1200,18.1900,6044617,110477720.6900,3
2021-07-28,20210728150000000,sh.600188,18.2000,18.3500,17.9700,18.3300,6434921,117027662.2200,3
2021-07-29,20210729103000000,sh.600188,18.6800,19.1600,18.1300,18.3100,15580896,289922310.5300,3
2021-07-29,20210729113000000,sh.600188,18.3100,18.5000,18.2200,18.2600,4703927,86299647.9700,3
2021-07-29,20210729140000000,sh.600188,18.2600,18.5900,18.2100,18.3700,5094600,93884908.5700,3
2021-07-29,20210729150000000,sh.600188,18.3700,18.8300,18.3700,18.6100,8639441,161055963.8400,3
2021-07-30,20210730103000000,sh.600188,19.2000,19.3000,18.2200,18.9000,17160479,320545493.2900,3
2021-07-30,20210730113000000,sh.600188,18.8500,19.3100,18.7200,19.0900,12225913,231953725.4700,3
2021-07-30,20210730140000000,sh.600188,19.0900,19.2900,18.7700,18.8300,4703080,89285073.1600,3
2021-07-30,20210730150000000,sh.600188,18.8200,18.9600,18.7700,18.8000,6163477,116304916.1700,3
2021-08-02,20210802103000000,sh.600188,17.7000,17.7800,16.9200,16.9500,25815053,442727993.0000,3
2021-08-02,20210802113000000,sh.600188,16.9400,17.0800,16.9200,16.9200,5643000,95569722.9200,3
2021-08-02,20210802140000000,sh.600188,16.9200,17.0500,16.9200,17.0200,6651171,112682357.7000,3
2021-08-02,20210802150000000,sh.600188,17.0100,17.1300,16.9200,16.9400,8003157,135614782.4800,3
2021-08-03,20210803103000000,sh.600188,16.8500,17.5600,16.6200,16.6300,17412529,297974491.8000,3
2021-08-03,20210803113000000,sh.600188,16.5900,16.7200,16.4000,16.7200,7576280,125228701.5900,3
2021-08-03,20210803140000000,sh.600188,16.7200,16.7800,16.3400,16.4100,4456000,73420487.0000,3
2021-08-03,20210803150000000,sh.600188,16.4100,16.4900,16.1900,16.3000,7256098,118175567.1400,3
2021-08-04,20210804103000000,sh.600188,16.7200,17.0800,16.3800,16.8400,13255107,222730770.8200,3
2021-08-04,20210804113000000,sh.600188,16.8400,16.9000,16.4700,16.5500,5828178,96653624.2200,3
2021-08-04,20210804140000000,sh.600188,16.5400,16.9500,16.4500,16.7700,6687125,111858699.6500,3
2021-08-04,20210804150000000,sh.600188,16.7700,17.1600,16.7200,17.0700,10403628,176725097.9300,3
2021-08-05,20210805103000000,sh.600188,16.8700,17.3500,16.6900,16.7200,9810094,166332710.1600,3
2021-08-05,20210805113000000,sh.600188,16.7300,16.8500,16.6000,16.7600,3088515,51624384.4000,3
2021-08-05,20210805140000000,sh.600188,16.7600,16.8000,16.5300,16.5800,3497941,58286304.1600,3
2021-08-05,20210805150000000,sh.600188,16.5800,16.7800,16.5000,16.7000,3648800,60738474.0900,3
2021-08-06,20210806103000000,sh.600188,16.7000,16.8700,16.4100,16.7200,7181602,119984247.0000,3
2021-08-06,20210806113000000,sh.600188,16.7200,17.0800,16.6600,17.0000,4157642,69954938.0000,3
2021-08-06,20210806140000000,sh.600188,17.0000,17.1800,16.9300,17.1400,5577526,95171695.0000,3
2021-08-06,20210806150000000,sh.600188,17.1500,17.7200,17.1000,17.5500,10088088,176353456.0000,3
2021-08-09,20210809103000000,sh.600188,17.4000,17.6800,16.9200,17.5200,9628622,165711294.0000,3
2021-08-09,20210809113000000,sh.600188,17.5000,17.7900,17.3800,17.5700,5318118,93279515.0000,3
2021-08-09,20210809140000000,sh.600188,17.6000,17.7000,17.4700,17.6500,3831861,67393079.0000,3
2021-08-09,20210809150000000,sh.600188,17.5900,17.6400,17.1200,17.2800,4591879,79303120.0000,3
2021-08-10,20210810103000000,sh.600188,17.1200,17.3400,16.9700,17.1600,5905696,101354457.0000,3
2021-08-10,20210810113000000,sh.600188,17.1500,17.1500,16.6100,16.6300,8726100,146903984.0000,3
2021-08-10,20210810140000000,sh.600188,16.6600,16.7200,16.3800,16.5000,9723360,160744871.0000,3
2021-08-10,20210810150000000,sh.600188,16.5000,16.5300,16.3000,16.5000,10668768,175015552.0000,3
2021-08-11,20210811103000000,sh.600188,16.6100,16.8800,16.5600,16.8100,9369834,156856088.0000,3
2021-08-11,20210811113000000,sh.600188,16.8100,17.6600,16.7900,17.5100,11926487,206181464.0000,3
2021-08-11,20210811140000000,sh.600188,17.5100,17.5600,17.2300,17.4200,4108827,71435184.0000,3
2021-08-11,20210811150000000,sh.600188,17.4100,17.5200,17.4100,17.4700,7615183,133069568.0000,3
2021-08-12,20210812103000000,sh.600188,17.2000,18.3100,16.7800,18.0900,14729280,256440794.0000,3
2021-08-12,20210812113000000,sh.600188,18.0900,18.5600,17.9400,18.5300,15209967,276893606.0000,3
2021-08-12,20210812140000000,sh.600188,18.5400,19.0500,18.3300,18.6600,11681268,218527616.0000,3
2021-08-12,20210812150000000,sh.600188,18.6600,18.8700,18.6000,18.7600,11837974,221908064.0000,3
2021-08-13,20210813103000000,sh.600188,18.6800,18.6800,17.7000,18.2300,13312452,240150361.0000,3
2021-08-13,20210813113000000,sh.600188,18.2400,18.4900,18.1000,18.4000,4642003,84948055.0000,3
2021-08-13,20210813140000000,sh.600188,18.4000,18.6300,18.3500,18.5900,6403311,118389264.0000,3
2021-08-13,20210813150000000,sh.600188,18.5600,18.5900,18.3400,18.4000,6649353,122725520.0000,3
2021-08-16,20210816103000000,sh.600188,18.3400,18.3900,17.5300,17.6100,11419483,204083012.0000,3
2021-08-16,20210816113000000,sh.600188,17.6200,17.8300,17.4800,17.4800,5619677,99007036.0000,3
2021-08-16,20210816140000000,sh.600188,17.4800,17.5000,17.0500,17.1300,7706201,132541328.0000,3
2021-08-16,20210816150000000,sh.600188,17.1200,17.1300,16.9200,16.9400,9950803,169127504.0000,3
2021-08-17,20210817103000000,sh.600188,16.9400,17.0900,16.6500,16.6500,11602908,195827193.0000,3
2021-08-17,20210817113000000,sh.600188,16.6600,17.0500,16.6500,16.7800,5987900,101047287.0000,3
2021-08-17,20210817140000000,sh.600188,16.7700,16.7700,16.4000,16.4600,6145800,101560848.0000,3
2021-08-17,20210817150000000,sh.600188,16.4500,16.8000,16.4100,16.5300,6688230,110422224.0000,3
2021-08-18,20210818103000000,sh.600188,16.5700,16.8900,16.4600,16.5200,9939805,165465661.0000,3
2021-08-18,20210818113000000,sh.600188,16.5200,16.6100,16.0700,16.3100,7640719,124706051.0000,3
2021-08-18,20210818140000000,sh.600188,16.3000,16.4900,16.0700,16.1500,5581593,90617328.0000,3
2021-08-18,20210818150000000,sh.600188,16.1500,16.2900,16.1100,16.2900,4885224,79096944.0000,3
2021-08-19,20210819103000000,sh.600188,16.2800,16.5600,15.9500,16.3700,11075200,180817826.0000,3
2021-08-19,20210819113000000,sh.600188,16.3900,16.5600,16.2700,16.4800,7072200,116261678.0000,3
2021-08-19,20210819140000000,sh.600188,16.4800,16.7200,16.4700,16.6300,6642900,110528336.0000,3
2021-08-19,20210819150000000,sh.600188,16.6300,16.7900,16.4900,16.6600,7085408,117968864.0000,3
2021-08-20,20210820103000000,sh.600188,16.3600,16.4900,15.9000,16.2900,7780800,125927421.0000,3
2021-08-20,20210820113000000,sh.600188,16.2900,16.5500,16.1900,16.4100,2766472,45164740.0000,3
2021-08-20,20210820140000000,sh.600188,16.4500,16.5400,16.3000,16.4600,2492493,40963592.0000,3
2021-08-20,20210820150000000,sh.600188,16.4600,16.8300,16.4000,16.7600,5564700,92818599.0000,3
2021-08-23,20210823103000000,sh.600188,16.9800,17.7500,16.9800,17.3000,16969178,295745200.0000,3
2021-08-23,20210823113000000,sh.600188,17.2900,17.5000,17.1300,17.2700,3833293,66378864.0000,3
2021-08-23,20210823140000000,sh.600188,17.2600,17.3800,17.1700,17.2800,5098907,87936480.0000,3
2021-08-23,20210823150000000,sh.600188,17.2700,17.3000,17.1200,17.2300,4366200,75211488.0000,3
2021-08-24,20210824103000000,sh.600188,17.5600,17.6600,16.7800,17.0000,12796276,218402008.0000,3
2021-08-24,20210824113000000,sh.600188,16.9900,17.0000,16.7700,16.9200,4628402,77916136.0000,3
2021-08-24,20210824140000000,sh.600188,16.9200,17.3000,16.8900,17.1900,4741900,81134784.0000,3
2021-08-24,20210824150000000,sh.600188,17.1700,17.2100,16.9600,17.1000,3339517,57105632.0000,3
2021-08-25,20210825103000000,sh.600188,17.1000,17.5800,16.9200,17.4100,8599772,148869205.0000,3
2021-08-25,20210825113000000,sh.600188,17.4100,17.4100,17.2500,17.3800,2361632,40890482.0000,3
2021-08-25,20210825140000000,sh.600188,17.3800,17.9100,17.2200,17.7500,9539883,167721641.0000,3
2021-08-25,20210825150000000,sh.600188,17.7500,17.9000,17.6600,17.7200,10656496,189627648.0000,3
2021-08-26,20210826103000000,sh.600188,17.6600,18.5900,17.6000,18.5800,16282416,295252224.0000,3
2021-08-26,20210826113000000,sh.600188,18.5900,19.4900,18.5900,19.4900,28372242,546607712.0000,3
2021-08-26,20210826140000000,sh.600188,19.4900,19.4900,19.3000,19.4900,17795869,346637280.0000,3
2021-08-26,20210826150000000,sh.600188,19.4900,19.4900,19.4900,19.4900,1901679,37063712.0000,3
2021-08-27,20210827103000000,sh.600188,18.8300,20.7800,18.5500,20.6800,35446644,702494336.0000,3
2021-08-27,20210827113000000,sh.600188,20.6500,21.1700,20.6500,21.0700,13969920,292434112.0000,3
2021-08-27,20210827140000000,sh.600188,21.1000,21.2400,20.7000,21.0200,9394266,196871936.0000,3
2021-08-27,20210827150000000,sh.600188,21.0200,21.3900,20.9600,21.3700,9011778,190926784.0000,3
2021-08-30,20210830103000000,sh.600188,21.0100,22.1000,20.8100,21.6500,20145362,434585072.0000,3
2021-08-30,20210830113000000,sh.600188,21.6800,22.8100,21.6500,22.7900,9125204,203844832.0000,3
2021-08-30,20210830140000000,sh.600188,22.7500,23.4500,22.7000,23.1800,9221827,213257856.0000,3
2021-08-30,20210830150000000,sh.600188,23.1700,23.4800,22.9300,23.2100,6165110,143587280.0000,3
2021-08-31,20210831103000000,sh.600188,23.0900,24.4900,22.7100,24.4300,19231000,460249904.0000,3
2021-08-31,20210831113000000,sh.600188,24.4800,24.8700,24.1200,24.1600,9915796,243514864.0000,3
2021-08-31,20210831140000000,sh.600188,24.1500,25.3600,24.1500,25.3100,10395277,258295504.0000,3
2021-08-31,20210831150000000,sh.600188,25.3100,25.5300,25.2700,25.5300,5806174,147963856.0000,3
2021-09-01,20210901103000000,sh.600188,26.8000,26.8000,24.2600,25.5200,26448013,680868272.0000,3
2021-09-01,20210901113000000,sh.600188,25.5100,26.0800,24.8800,25.5200,11419529,290770944.0000,3
2021-09-01,20210901140000000,sh.600188,25.5000,25.5400,24.6400,24.9000,7958661,200505104.0000,3
2021-09-01,20210901150000000,sh.600188,24.9000,25.5800,24.8800,25.1800,6658589,168236352.0000,3
2021-09-02,20210902103000000,sh.600188,25.7000,26.0100,24.9500,25.6000,15718307,400977088.0000,3
2021-09-02,20210902113000000,sh.600188,25.6000,26.4400,25.1600,26.1300,14181100,367890480.0000,3
2021-09-02,20210902140000000,sh.600188,26.2000,26.8500,25.8800,26.3400,11304954,298339776.0000,3
2021-09-02,20210902150000000,sh.600188,26.2900,26.9800,26.2000,26.8000,8742695,232199024.0000,3
2021-09-03,20210903103000000,sh.600188,25.4000,26.8800,25.2500,26.6500,19112672,501319504.0000,3
2021-09-03,20210903113000000,sh.600188,26.6000,26.6000,25.5200,25.6700,8260998,214293328.0000,3
2021-09-03,20210903140000000,sh.600188,25.6600,26.2000,25.5800,25.7800,4905000,127131040.0000,3
2021-09-03,20210903150000000,sh.600188,25.7700,26.0000,25.4700,25.9000,6995837,179938704.0000,3
2021-09-06,20210906103000000,sh.600188,26.2900,27.0000,25.2600,25.3800,15833129,410967200.0000,3
2021-09-06,20210906113000000,sh.600188,25.4000,25.6800,24.9300,25.3800,10267643,260021376.0000,3
2021-09-06,20210906140000000,sh.600188,25.3100,25.9100,25.1200,25.5900,6456600,164811552.0000,3
2021-09-06,20210906150000000,sh.600188,25.6100,26.6500,25.5300,26.2000,10997600,287465536.0000,3
2021-09-07,20210907103000000,sh.600188,26.4700,27.2300,25.7500,27.0800,11965169,316202944.0000,3
2021-09-07,20210907113000000,sh.600188,27.0900,28.6500,26.7400,28.0500,12010035,331401360.0000,3
2021-09-07,20210907140000000,sh.600188,28.0000,28.0800,26.4100,27.1300,11391215,307817680.0000,3
2021-09-07,20210907150000000,sh.600188,27.1200,27.2000,26.6500,26.9500,9340298,251541264.0000,3
2021-09-08,20210908103000000,sh.600188,26.9500,28.5500,26.1900,27.0000,17452238,477763280.0000,3
2021-09-08,20210908113000000,sh.600188,27.0600,27.2900,26.5100,27.1100,7121838,190822352.0000,3
2021-09-08,20210908140000000,sh.600188,27.1200,27.2900,26.3100,26.6300,7258938,193660256.0000,3
2021-09-08,20210908150000000,sh.600188,26.8700,27.0200,26.4000,26.7600,7174169,191221440.0000,3
2021-09-09,20210909103000000,sh.600188,26.7800,28.2800,26.5000,27.6000,19833090,543887200.0000,3
2021-09-09,20210909113000000,sh.600188,27.5300,29.4400,27.4400,29.4400,21044353,605616688.0000,3
2021-09-09,20210909140000000,sh.600188,29.4400,29.4400,29.0000,29.4400,9123939,267877088.0000,3
2021-09-09,20210909150000000,sh.600188,29.4400,29.4400,29.2200,29.4400,5170158,152123200.0000,3
2021-09-10,20210910103000000,sh.600188,29.0000,31.1900,27.7000,31.1000,22306841,664963296.0000,3
2021-09-10,20210910113000000,sh.600188,31.1000,31.3300,30.1300,30.5500,11704884,360283744.0000,3
2021-09-10,20210910140000000,sh.600188,30.4600,30.6500,29.2500,29.2800,7848510,233694880.0000,3
2021-09-10,20210910150000000,sh.600188,29.2600,29.8000,29.0100,29.3200,7656473,224300048.0000,3
2021-09-13,20210913103000000,sh.600188,29.4100,31.8800,29.4100,31.3400,15192071,469660336.0000,3
2021-09-13,20210913113000000,sh.600188,31.3400,32.2500,30.7700,32.2500,8788468,277366960.0000,3
2021-09-13,20210913140000000,sh.600188,32.2500,32.2500,32.2400,32.2500,6059604,195417920.0000,3
2021-09-13,20210913150000000,sh.600188,32.2500,32.2500,32.2400,32.2500,3469201,111879648.0000,3
2021-09-14,20210914103000000,sh.600188,32.0000,34.1500,31.0100,34.0900,19073786,621116128.0000,3
2021-09-14,20210914113000000,sh.600188,34.0800,34.6300,33.5800,33.9400,11575656,394720208.0000,3
2021-09-14,20210914140000000,sh.600188,33.9400,34.1100,32.9000,33.0400,6472152,216445712.0000,3
2021-09-14,20210914150000000,sh.600188,33.0500,33.4200,32.8900,33.3000,5554125,184593600.0000,3
2021-09-15,20210915103000000,sh.600188,32.5000,33.7100,31.2000,32.0400,18615018,597115776.0000,3
2021-09-15,20210915113000000,sh.600188,32.0500,32.9000,31.5200,32.7700,9711374,312158640.0000,3
2021-09-15,20210915140000000,sh.600188,32.7900,33.2000,32.2900,32.3000,5642600,185010640.0000,3
2021-09-15,20210915150000000,sh.600188,32.3000,32.7000,32.1100,32.4400,4390743,141948624.0000,3
2021-09-16,20210916103000000,sh.600188,33.5000,35.6800,33.5000,35.6800,24938592,876422240.0000,3
2021-09-16,20210916113000000,sh.600188,35.6800,35.6800,35.2000,35.6600,7310926,259984208.0000,3
2021-09-16,20210916140000000,sh.600188,35.6500,35.6500,34.6000,34.9000,7463257,262248592.0000,3
2021-09-16,20210916150000000,sh.600188,34.9000,35.2000,34.3500,34.6800,8341519,290699840.0000,3
2021-09-17,20210917103000000,sh.600188,33.4800,36.9500,33.4800,35.2300,13711817,486164848.0000,3
2021-09-17,20210917113000000,sh.600188,35.3700,35.7200,31.2100,31.2100,17256653,572174816.0000,3
2021-09-17,20210917140000000,sh.600188,31.2100,31.2100,31.2100,31.2100,4111200,128310544.0000,3
2021-09-17,20210917150000000,sh.600188,31.2100,31.6900,31.2100,31.2300,10925885,341256560.0000,3
2021-09-22,20210922103000000,sh.600188,31.2300,33.2600,30.7000,33.2600,20330813,647774384.0000,3
2021-09-22,20210922113000000,sh.600188,33.3200,34.3500,33.0700,34.3500,11030197,375825120.0000,3
2021-09-22,20210922140000000,sh.600188,34.3500,34.3500,34.3400,34.3500,2044900,70241328.0000,3
2021-09-22,20210922150000000,sh.600188,34.3500,34.3500,34.3500,34.3500,548101,18827280.0000,3
2021-09-23,20210923103000000,sh.600188,36.0000,36.1000,31.8800,33.2700,25446384,860840912.0000,3
2021-09-23,20210923113000000,sh.600188,33.2700,33.4200,32.0200,32.2500,8113026,264117744.0000,3
2021-09-23,20210923140000000,sh.600188,32.2500,32.4500,31.4000,31.8500,8691301,276648912.0000,3
2021-09-23,20210923150000000,sh.600188,31.8100,32.3300,31.7900,32.1400,9285585,297343632.0000,3
2021-09-24,20210924103000000,sh.600188,32.0000,32.1200,29.2500,30.2600,33873608,1025747104.0000,3
2021-09-24,20210924113000000,sh.600188,30.2100,30.2100,29.4600,29.9000,11595311,345387376.0000,3
2021-09-24,20210924140000000,sh.600188,29.9000,30.0000,28.9500,29.3600,12639671,370487072.0000,3
2021-09-24,20210924150000000,sh.600188,29.3500,29.3900,28.9800,29.1000,9679830,281949248.0000,3
2021-09-27,20210927103000000,sh.600188,29.8000,30.2000,27.6400,29.3100,28696249,833491280.0000,3
2021-09-27,20210927113000000,sh.600188,29.3200,29.8800,28.9300,29.0700,7794210,228417616.0000,3
2021-09-27,20210927140000000,sh.600188,29.2000,29.9000,29.0200,29.8600,8141900,240179632.0000,3
2021-09-27,20210927150000000,sh.600188,29.8400,30.0200,29.2300,29.4900,8805012,260684592.0000,3
2021-09-28,20210928103000000,sh.600188,29.4900,31.4000,29.0400,31.3800,25099572,760717760.0000,3
2021-09-28,20210928113000000,sh.600188,31.4100,32.1000,31.0000,31.3000,9207512,289149088.0000,3
2021-09-28,20210928140000000,sh.600188,31.4000,31.9800,31.2600,31.5300,6979719,220999376.0000,3
2021-09-28,20210928150000000,sh.600188,31.5300,32.3100,31.2400,32.3100,13831801,440542416.0000,3
2021-09-29,20210929103000000,sh.600188,32.3100,33.4300,29.6300,30.1100,34543172,1093593472.0000,3
2021-09-29,20210929113000000,sh.600188,30.1200,30.2700,29.0800,29.0800,6449800,189184560.0000,3
2021-09-29,20210929140000000,sh.600188,29.0800,29.0900,29.0800,29.0800,4795000,139439984.0000,3
2021-09-29,20210929150000000,sh.600188,29.0800,29.0800,29.0800,29.0800,1344400,39095152.0000,3
2021-09-30,20210930103000000,sh.600188,28.0200,28.6700,26.1700,27.1100,40295078,1097173520.0000,3
2021-09-30,20210930113000000,sh.600188,27.1100,28.4500,27.1100,28.3800,6623130,183746592.0000,3
2021-09-30,20210930140000000,sh.600188,28.4300,29.1700,27.9000,28.9000,8176586,233968800.0000,3
2021-09-30,20210930150000000,sh.600188,28.9500,29.1200,28.5000,28.9900,8729369,251533136.0000,3
2021-10-08,20211008103000000,sh.600188,29.3100,29.5600,26.8000,27.0900,30642049,852170880.0000,3
2021-10-08,20211008113000000,sh.600188,27.1000,27.6000,26.5600,26.8100,7847800,211637248.0000,3
2021-10-08,20211008140000000,sh.600188,26.8300,27.0300,26.6400,26.7800,4712300,126282912.0000,3
2021-10-08,20211008150000000,sh.600188,26.7600,27.3800,26.7300,27.2000,6983957,188920576.0000,3
2021-10-11,20211011103000000,sh.600188,27.2000,29.1500,26.9600,28.5700,19564497,549003744.0000,3
2021-10-11,20211011113000000,sh.600188,28.5900,29.1300,28.2200,28.9100,6971266,200658160.0000,3
2021-10-11,20211011140000000,sh.600188,28.9000,29.0300,28.3500,28.6600,5144339,147847120.0000,3
2021-10-11,20211011150000000,sh.600188,28.6600,29.9200,28.6600,29.9200,14743560,436640368.0000,3
2021-10-12,20211012103000000,sh.600188,30.2900,32.5800,28.6600,29.8500,35838935,1098078368.0000,3
2021-10-12,20211012113000000,sh.600188,29.8200,29.8800,28.7100,29.1000,5276611,153435904.0000,3
2021-10-12,20211012140000000,sh.600188,29.1000,29.1500,28.4400,28.9500,5592535,160722608.0000,3
2021-10-12,20211012150000000,sh.600188,28.9000,30.5000,28.6700,30.5000,5362619,157057408.0000,3
2021-10-13,20211013103000000,sh.600188,30.3800,30.3800,27.5600,27.7000,17365185,495444560.0000,3
2021-10-13,20211013113000000,sh.600188,27.6900,28.0500,27.4500,27.8500,9425860,259941888.0000,3
2021-10-13,20211013140000000,sh.600188,27.8500,28.7200,27.8000,28.2400,5850200,165706624.0000,3
2021-10-13,20211013150000000,sh.600188,28.2500,28.4500,27.8900,28.4000,7383584,208132896.0000,3
2021-10-14,20211014103000000,sh.600188,28.0000,28.3000,26.7000,28.0600,16195204,444270304.0000,3
2021-10-14,20211014113000000,sh.600188,28.0400,28.9500,27.9600,28.7500,6529622,186011040.0000,3
2021-10-14,20211014140000000,sh.600188,28.7600,29.0200,28.2100,28.9800,4712350,135494752.0000,3
2021-10-14,20211014150000000,sh.600188,28.9500,29.3200,27.9900,28.0000,7467053,212732352.0000,3
2021-10-15,20211015103000000,sh.600188,28.0900,28.5800,27.4500,27.7000,8749576,243806531.0000,3
2021-10-15,20211015113000000,sh.600188,27.6900,29.4800,27.6900,29.4000,9865170,285330269.0000,3
2021-10-15,20211015140000000,sh.600188,29.4000,30.2900,28.9300,30.0900,7869902,233501488.0000,3
2021-10-15,20211015150000000,sh.600188,30.0500,30.5000,29.9000,30.1500,9782986,295285280.0000,3
2021-10-18,20211018103000000,sh.600188,30.1400,31.4300,29.3000,31.4200,20930077,635811200.0000,3
2021-10-18,20211018113000000,sh.600188,31.4300,32.8600,31.1000,32.4900,12377396,397670832.0000,3
2021-10-18,20211018140000000,sh.600188,32.5000,33.1500,32.1600,32.9700,8073635,264831120.0000,3
2021-10-18,20211018150000000,sh.600188,32.9700,33.0500,32.7300,32.9500,6777984,223185136.0000,3
2021-10-19,20211019103000000,sh.600188,32.7000,33.9800,31.5000,33.3300,21613951,716265376.0000,3
2021-10-19,20211019113000000,sh.600188,33.3300,34.1400,33.0500,33.1900,7650197,257107312.0000,3
2021-10-19,20211019140000000,sh.600188,33.1900,33.6000,32.5000,33.4200,8114056,267676896.0000,3
2021-10-19,20211019150000000,sh.600188,33.4100,33.4200,32.5500,32.6900,8052756,264750432.0000,3
2021-10-20,20211020103000000,sh.600188,29.4200,29.4200,29.4200,29.4200,5776500,169944630.0000,3
2021-10-20,20211020113000000,sh.600188,29.4200,29.4200,29.4200,29.4200,733500,21579570.0000,3
2021-10-20,20211020140000000,sh.600188,29.4200,29.4200,29.4200,29.4200,316900,9323198.0000,3
2021-10-20,20211020150000000,sh.600188,29.4200,29.4200,29.4200,29.4200,500000,14710000.0000,3
2021-10-21,20211021103000000,sh.600188,27.5100,31.1000,27.5100,30.9400,34113980,994829904.0000,3
2021-10-21,20211021113000000,sh.600188,30.9100,31.7000,30.4500,31.6600,7777735,241993360.0000,3
2021-10-21,20211021140000000,sh.600188,31.6500,31.7200,30.7100,30.8500,7212530,224098528.0000,3
2021-10-21,20211021150000000,sh.600188,30.8500,31.5000,30.7400,31.0000,6430284,200231712.0000,3
2021-10-22,20211022103000000,sh.600188,30.7000,31.9000,29.8200,30.2000,20530300,632970848.0000,3
2021-10-22,20211022113000000,sh.600188,30.2100,30.7900,29.2100,29.6300,5986867,179361808.0000,3
2021-10-22,20211022140000000,sh.600188,29.6200,29.6600,28.1000,28.4000,10238898,294274672.0000,3
2021-10-22,20211022150000000,sh.600188,28.4100,28.4200,27.9000,28.3300,11122882,313465872.0000,3
2021-10-25,20211025103000000,sh.600188,28.7200,29.0400,27.6300,28.6800,17271576,492498784.0000,3
2021-10-25,20211025113000000,sh.600188,28.6900,29.3300,28.6600,29.2000,5722950,165887792.0000,3
2021-10-25,20211025140000000,sh.600188,29.2000,29.5000,28.7800,28.8000,4611477,134026560.0000,3
2021-10-25,20211025150000000,sh.600188,28.8000,28.8000,28.2600,28.3900,8129202,230892688.0000,3
2021-10-26,20211026103000000,sh.600188,28.3700,28.7200,27.0200,28.3300,18164301,504899136.0000,3
2021-10-26,20211026113000000,sh.600188,28.3300,28.4700,27.7000,27.8800,4501786,126038000.0000,3
2021-10-26,20211026140000000,sh.600188,27.8600,28.2000,27.6000,27.8900,3361334,93595328.0000,3
2021-10-26,20211026150000000,sh.600188,27.8800,28.1100,27.8800,28.0000,3391141,94976656.0000,3
2021-10-27,20211027103000000,sh.600188,27.0000,27.4900,26.2500,26.4500,19454217,520244048.0000,3
2021-10-27,20211027113000000,sh.600188,26.4400,26.5400,25.6000,25.9100,14490476,377184256.0000,3
2021-10-27,20211027140000000,sh.600188,25.9000,26.3500,25.7100,25.7600,9199964,239498208.0000,3
2021-10-27,20211027150000000,sh.600188,25.7600,25.8600,25.3400,25.6500,17615015,449876992.0000,3
2021-10-28,20211028103000000,sh.600188,24.6500,24.8500,23.0900,23.0900,40168932,946930512.0000,3
2021-10-28,20211028113000000,sh.600188,23.0900,23.0900,23.0900,23.0900,1578600,36449872.0000,3
2021-10-28,20211028140000000,sh.600188,23.0900,23.0900,23.0900,23.0900,916600,21164304.0000,3
2021-10-28,20211028150000000,sh.600188,23.0900,23.6900,23.0900,23.0900,17613403,408281776.0000,3
2021-10-29,20211029103000000,sh.600188,23.1500,23.3000,22.4100,22.4300,22917712,523529984.0000,3
2021-10-29,20211029113000000,sh.600188,22.4600,22.7100,22.2400,22.5000,9230283,207431744.0000,3
2021-10-29,20211029140000000,sh.600188,22.4600,22.6400,22.2900,22.4400,8477800,190638544.0000,3
2021-10-29,20211029150000000,sh.600188,22.4300,22.7000,22.4300,22.5800,9863085,222672240.0000,3
2021-11-01,20211101103000000,sh.600188,22.5000,22.9400,22.1100,22.4800,21088086,475210448.0000,3
2021-11-01,20211101113000000,sh.600188,22.4900,22.9800,22.4100,22.9300,11878056,269271728.0000,3
2021-11-01,20211101140000000,sh.600188,22.9400,23.1500,22.8200,22.8700,8730064,200581072.0000,3
2021-11-01,20211101150000000,sh.600188,22.8600,23.0500,22.7300,22.8300,7345988,167991856.0000,3
2021-11-02,20211102103000000,sh.600188,22.7900,23.2900,22.6000,22.8700,15523841,355452832.0000,3
2021-11-02,20211102113000000,sh.600188,22.8600,22.8600,22.2000,22.4200,7465048,167149232.0000,3
2021-11-02,20211102140000000,sh.600188,22.4100,22.4300,21.7100,21.8200,7798201,171555200.0000,3
2021-11-02,20211102150000000,sh.600188,21.8200,22.8200,21.7700,22.6800,8081679,181824000.0000,3
2021-11-03,20211103103000000,sh.600188,22.9100,24.3800,22.8000,24.1000,31477105,741330256.0000,3
2021-11-03,20211103113000000,sh.600188,24.0900,24.9500,23.9400,24.9500,21929998,542914736.0000,3
2021-11-03,20211103140000000,sh.600188,24.9500,24.9500,24.7900,24.9500,5751700,143399104.0000,3
2021-11-03,20211103150000000,sh.600188,24.9500,24.9500,24.9500,24.9500,735852,18359504.0000,3
2021-11-04,20211104103000000,sh.600188,24.9900,25.1800,23.9000,24.1300,26370933,643053328.0000,3
2021-11-04,20211104113000000,sh.600188,24.1300,24.3000,24.0100,24.0300,4666201,112653616.0000,3
2021-11-04,20211104140000000,sh.600188,24.0300,24.1500,23.9100,24.0200,7391807,177465424.0000,3
2021-11-04,20211104150000000,sh.600188,24.0100,24.7100,23.9600,24.5400,12394827,303255472.0000,3
2021-11-05,20211105103000000,sh.600188,24.7000,24.7600,23.5900,23.9900,13860553,332785392.0000,3
2021-11-05,20211105113000000,sh.600188,24.0100,24.1300,23.5000,23.9100,6691293,158819168.0000,3
2021-11-05,20211105140000000,sh.600188,23.8800,24.1900,23.4500,23.5000,7050407,166622112.0000,3
2021-11-05,20211105150000000,sh.600188,23.5000,23.6000,23.0800,23.0800,9512045,221657952.0000,3
2021-11-08,20211108103000000,sh.600188,23.4100,24.5400,23.1900,24.2500,23230501,555577952.0000,3
2021-11-08,20211108113000000,sh.600188,24.2600,24.4300,23.6900,23.8200,8254812,198783504.0000,3
2021-11-08,20211108140000000,sh.600188,23.8300,24.0200,23.5400,23.9000,5889745,140081632.0000,3
2021-11-08,20211108150000000,sh.600188,23.9200,23.9300,23.7000,23.7000,4779237,113771552.0000,3
2021-11-09,20211109103000000,sh.600188,23.9300,23.9500,22.6300,23.0300,15057870,346881104.0000,3
2021-11-09,20211109113000000,sh.600188,23.0300,23.1200,22.7800,22.9100,4120792,94674592.0000,3
2021-11-09,20211109140000000,sh.600188,22.9000,22.9300,22.5700,22.8300,6562263,148991872.0000,3
2021-11-09,20211109150000000,sh.600188,22.8300,22.9800,22.7700,22.9100,4710983,107800096.0000,3
2021-11-10,20211110103000000,sh.600188,22.5600,22.6200,21.8000,21.9300,13822371,304759552.0000,3
2021-11-10,20211110113000000,sh.600188,21.9500,22.0300,21.5000,21.8700,7739999,167963632.0000,3
2021-11-10,20211110140000000,sh.600188,21.8600,22.1500,21.7600,22.0900,5458200,119823152.0000,3
2021-11-10,20211110150000000,sh.600188,22.1000,22.2400,22.0500,22.1200,7178252,158917120.0000,3
2021-11-11,20211111103000000,sh.600188,22.3600,22.8200,22.1300,22.8000,14524237,325800192.0000,3
2021-11-11,20211111113000000,sh.600188,22.8000,23.1400,22.5800,22.7900,9168206,209508816.0000,3
2021-11-11,20211111140000000,sh.600188,22.7900,23.4100,22.6100,23.0500,9939300,229595552.0000,3
2021-11-11,20211111150000000,sh.600188,23.0500,23.3000,23.0500,23.2000,9254320,214748496.0000,3
2021-11-12,20211112103000000,sh.600188,22.6000,23.6300,22.4700,23.1000,14217146,327727552.0000,3
2021-11-12,20211112113000000,sh.600188,23.0900,23.3200,22.8000,22.8300,4369670,100523824.0000,3
2021-11-12,20211112140000000,sh.600188,22.8300,23.0400,22.7800,22.9700,3269109,74829552.0000,3
2021-11-12,20211112150000000,sh.600188,22.9700,23.0400,22.8000,22.9600,5328496,122002176.0000,3
2021-11-15,20211115103000000,sh.600188,22.4200,23.0300,22.3000,22.5500,9123259,206864403.0000,3
2021-11-15,20211115113000000,sh.600188,22.5500,22.5500,22.1700,22.1700,4957249,110527501.0000,3
2021-11-15,20211115140000000,sh.600188,22.1700,22.4600,22.0500,22.4400,4008301,89101344.0000,3
2021-11-15,20211115150000000,sh.600188,22.4400,22.4400,22.0900,22.1800,6239100,138757104.0000,3
2021-11-16,20211116103000000,sh.600188,22.4100,22.4500,21.7700,21.8900,8055896,177222762.0000,3
2021-11-16,20211116113000000,sh.600188,21.8700,22.1800,21.7300,21.7600,4862233,106498918.0000,3
2021-11-16,20211116140000000,sh.600188,21.7600,22.0800,21.7600,21.9100,3429844,75283664.0000,3
2021-11-16,20211116150000000,sh.600188,21.9100,22.1300,21.8700,21.9300,4728500,103951360.0000,3
2021-11-17,20211117103000000,sh.600188,22.0000,22.1500,21.7100,21.9800,7313805,160558193.0000,3
2021-11-17,20211117113000000,sh.600188,21.9600,21.9600,21.6500,21.8100,4527149,98707021.0000,3
2021-11-17,20211117140000000,sh.600188,21.8200,21.9200,21.7400,21.7900,2726533,59508626.0000,3
2021-11-17,20211117150000000,sh.600188,21.7900,22.0200,21.7700,22.0200,4889989,107297792.0000,3
2021-11-18,20211118103000000,sh.600188,22.4200,22.8500,22.0000,22.1000,24440407,550467648.0000,3
2021-11-18,20211118113000000,sh.600188,22.1000,22.1500,21.8400,22.1300,4916800,108092160.0000,3
2021-11-18,20211118140000000,sh.600188,22.1400,22.7600,22.1400,22.5700,6650698,149559136.0000,3
2021-11-18,20211118150000000,sh.600188,22.5600,22.7500,22.4000,22.4900,8549765,193335248.0000,3
2021-11-19,20211119103000000,sh.600188,22.4500,23.1800,21.6300,22.4400,18934811,421160496.0000,3
2021-11-19,20211119113000000,sh.600188,22.4400,22.5700,22.3200,22.5200,3740282,84006320.0000,3
2021-11-19,20211119140000000,sh.600188,22.5200,22.7500,22.4500,22.6900,3768333,85116528.0000,3
2021-11-19,20211119150000000,sh.600188,22.6900,23.0200,22.5400,22.7600,8482765,193346560.0000,3
2021-11-22,20211122103000000,sh.600188,22.8100,23.9000,22.8100,23.0900,25348429,594344928.0000,3
2021-11-22,20211122113000000,sh.600188,23.1100,23.3000,23.0200,23.0500,5480275,126829168.0000,3
2021-11-22,20211122140000000,sh.600188,23.0500,23.0700,22.6500,22.8300,5668000,129419440.0000,3
2021-11-22,20211122150000000,sh.600188,22.8300,23.0900,22.7800,23.0200,5940750,136363392.0000,3
2021-11-23,20211123103000000,sh.600188,23.3500,24.3100,23.1000,23.6800,22831869,544447648.0000,3
2021-11-23,20211123113000000,sh.600188,23.6900,23.9800,23.5800,23.6900,6369746,151202000.0000,3
2021-11-23,20211123140000000,sh.600188,23.6700,23.7200,23.4500,23.6000,4439550,104820032.0000,3
2021-11-23,20211123150000000,sh.600188,23.6100,23.6100,23.4000,23.4600,7133485,167429984.0000,3
2021-11-24,20211124103000000,sh.600188,24.1900,24.9600,23.8800,24.6900,26445427,650261264.0000,3
2021-11-24,20211124113000000,sh.600188,24.6900,24.7300,24.3600,24.4500,4932342,121045328.0000,3
2021-11-24,20211124140000000,sh.600188,24.4500,24.6100,24.1500,24.5500,5286906,128930032.0000,3
2021-11-24,20211124150000000,sh.600188,24.5500,25.2400,24.5500,25.0900,13551320,339442512.0000,3
2021-11-25,20211125103000000,sh.600188,25.1900,25.8400,24.2200,24.2300,17636143,440228400.0000,3
2021-11-25,20211125113000000,sh.600188,24.2400,24.2600,23.5500,24.0700,10845767,258152672.0000,3
2021-11-25,20211125140000000,sh.600188,24.0700,24.6000,23.5500,24.6000,7674904,184338048.0000,3
2021-11-25,20211125150000000,sh.600188,24.6000,25.1100,24.4800,24.8000,10113582,251171952.0000,3
2021-11-26,20211126103000000,sh.600188,23.9400,24.0500,23.1800,23.6900,12241268,289599488.0000,3
2021-11-26,20211126113000000,sh.600188,23.6900,23.6900,23.2300,23.2700,7973984,186619872.0000,3
2021-11-26,20211126140000000,sh.600188,23.2800,23.3500,22.9800,22.9900,7356639,170286256.0000,3
2021-11-26,20211126150000000,sh.600188,22.9800,23.4500,22.8300,23.2700,8317548,192421424.0000,3
2021-11-29,20211129103000000,sh.600188,22.4000,22.5900,21.8700,22.4900,16093230,357403376.0000,3
2021-11-29,20211129113000000,sh.600188,22.5000,22.6200,22.3600,22.5900,3780843,85008096.0000,3
2021-11-29,20211129140000000,sh.600188,22.5900,22.8900,22.5000,22.8900,3912100,88744144.0000,3
2021-11-29,20211129150000000,sh.600188,22.8900,23.1000,22.8200,22.9700,5481293,125952192.0000,3
2021-11-30,20211130103000000,sh.600188,22.9000,23.7800,22.8100,23.2800,13914090,326847424.0000,3
2021-11-30,20211130113000000,sh.600188,23.2800,23.3300,23.0400,23.1800,3408727,78980576.0000,3
2021-11-30,20211130140000000,sh.600188,23.1800,23.3300,22.9000,22.9300,3920579,90577040.0000,3
2021-11-30,20211130150000000,sh.600188,22.9300,23.0600,22.6600,22.7200,9596784,219019120.0000,3
2021-12-01,20211201103000000,sh.600188,22.9800,23.4400,22.3400,23.3800,12171953,278943184.0000,3
2021-12-01,20211201113000000,sh.600188,23.3700,24.1700,23.3100,23.6300,13887920,329774864.0000,3
2021-12-01,20211201140000000,sh.600188,23.6400,23.7200,23.4500,23.6400,3781516,89195136.0000,3
2021-12-01,20211201150000000,sh.600188,23.6400,23.7300,23.5300,23.7200,6334947,149802672.0000,3
2021-12-02,20211202103000000,sh.600188,23.3200,24.0900,23.3000,23.6200,10972024,259493601.0000,3
2021-12-02,20211202113000000,sh.600188,23.6200,24.1300,23.4600,23.9500,5640708,134735807.0000,3
2021-12-02,20211202140000000,sh.600188,23.9600,24.4600,23.9200,24.3000,6765459,163702816.0000,3
2021-12-02,20211202150000000,sh.600188,24.3000,24.6000,24.1800,24.4500,10303846,252049664.0000,3
2021-12-03,20211203103000000,sh.600188,24.4500,24.9300,23.6800,23.7200,12779942,309071264.0000,3
2021-12-03,20211203113000000,sh.600188,23.7300,25.4400,23.6100,25.4200,9518223,231767840.0000,3
2021-12-03,20211203140000000,sh.600188,25.5500,26.8000,25.5500,25.6600,20446801,534112192.0000,3
2021-12-03,20211203150000000,sh.600188,25.6400,25.9600,25.2400,25.4000,7931318,202150288.0000,3
2021-12-06,20211206103000000,sh.600188,25.0000,26.3200,25.0000,25.5600,21261626,545608080.0000,3
2021-12-06,20211206113000000,sh.600188,25.5600,25.9000,24.9500,25.0500,6611758,167174576.0000,3
2021-12-06,20211206140000000,sh.600188,25.0300,25.2800,24.9700,25.0100,3407210,85445328.0000,3
2021-12-06,20211206150000000,sh.600188,25.0000,25.0600,24.7200,24.7800,5135818,127681760.0000,3
2021-12-07,20211207103000000,sh.600188,25.1100,25.2500,23.6800,23.9600,15734800,382478752.0000,3
2021-12-07,20211207113000000,sh.600188,23.9900,24.4500,23.9300,24.2100,3555610,86092864.0000,3
2021-12-07,20211207140000000,sh.600188,24.2000,24.7200,24.0800,24.4800,3494200,85220576.0000,3
2021-12-07,20211207150000000,sh.600188,24.5400,25.0000,24.4600,24.8200,5181044,127856064.0000,3
2021-12-08,20211208103000000,sh.600188,24.4200,24.7300,23.7500,23.8600,14669100,354051584.0000,3
2021-12-08,20211208113000000,sh.600188,23.8700,24.1100,23.7700,23.8400,6058100,144854592.0000,3
2021-12-08,20211208140000000,sh.600188,23.8600,24.2700,23.8600,23.9300,5719147,137279872.0000,3
2021-12-08,20211208150000000,sh.600188,23.9300,24.0100,23.8500,24.0000,8099901,193780464.0000,3
2021-12-09,20211209103000000,sh.600188,24.0500,24.0600,23.2500,23.2800,16097990,379222864.0000,3
2021-12-09,20211209113000000,sh.600188,23.2800,23.4100,23.0300,23.3300,10807144,250601408.0000,3
2021-12-09,20211209140000000,sh.600188,23.3400,23.4100,23.0300,23.0400,9000916,208423088.0000,3
2021-12-09,20211209150000000,sh.600188,23.0300,23.1000,22.8000,22.9600,15725405,360969808.0000,3
2021-12-10,20211210103000000,sh.600188,22.8100,22.8200,22.2400,22.4300,22730100,511615328.0000,3
2021-12-10,20211210113000000,sh.600188,22.4600,22.5900,22.3200,22.4900,7394256,165947648.0000,3
2021-12-10,20211210140000000,sh.600188,22.5300,22.5700,22.2500,22.3000,10397900,232191360.0000,3
2021-12-10,20211210150000000,sh.600188,22.3000,22.7600,22.2400,22.7600,11106469,248616112.0000,3
2021-12-13,20211213103000000,sh.600188,22.6900,23.2500,22.6900,22.8400,28854591,663685248.0000,3
2021-12-13,20211213113000000,sh.600188,22.8400,22.9000,22.4200,22.7100,12481985,282596256.0000,3
2021-12-13,20211213140000000,sh.600188,22.7300,23.0900,22.6800,22.9200,7282101,166579344.0000,3
2021-12-13,20211213150000000,sh.600188,22.9200,22.9500,22.8200,22.8900,5812324,133040144.0000,3
2021-12-14,20211214103000000,sh.600188,22.7700,22.9900,22.4000,22.7500,16454707,371677760.0000,3
2021-12-14,20211214113000000,sh.600188,22.7700,22.9100,22.5300,22.5300,6090100,138212000.0000,3
2021-12-14,20211214140000000,sh.600188,22.5200,22.6000,22.3000,22.3400,10247571,229568880.0000,3
2021-12-14,20211214150000000,sh.600188,22.3200,22.3400,22.1000,22.2000,12201562,270922384.0000,3
2021-12-15,20211215103000000,sh.600188,22.2200,24.2000,22.0800,23.7500,50298619,1167863088.0000,3
2021-12-15,20211215113000000,sh.600188,23.7800,24.3000,23.6000,24.1300,28027935,673832096.0000,3
2021-12-15,20211215140000000,sh.600188,24.1300,24.4200,24.0700,24.4200,23403036,570653888.0000,3
2021-12-15,20211215150000000,sh.600188,24.4200,24.4200,24.4100,24.4200,5567581,135951456.0000,3
2021-12-16,20211216103000000,sh.600188,25.6000,26.8600,25.0300,26.8600,67792486,1780904240.0000,3
2021-12-16,20211216113000000,sh.600188,26.8600,26.8600,26.8600,26.8600,2512600,67488432.0000,3
2021-12-16,20211216140000000,sh.600188,26.8600,26.8600,26.8600,26.8600,1621564,43555216.0000,3
2021-12-16,20211216150000000,sh.600188,26.8600,26.8600,26.8600,26.8600,693784,18635040.0000,3
2021-12-17,20211217103000000,sh.600188,28.5000,28.8800,26.3200,26.3200,86392364,2391158752.0000,3
2021-12-17,20211217113000000,sh.600188,26.3500,27.0300,25.9000,26.6000,26201720,696277184.0000,3
2021-12-17,20211217140000000,sh.600188,26.6000,27.2600,26.6000,26.9900,15364412,415463808.0000,3
2021-12-17,20211217150000000,sh.600188,26.9900,27.2000,26.8900,26.9800,15121678,408260816.0000,3
2021-12-20,20211220103000000,sh.600188,26.9500,27.5000,24.9000,25.2400,46648986,1212133040.0000,3
2021-12-20,20211220113000000,sh.600188,25.2400,25.5200,24.8800,24.9000,15191499,381924352.0000,3
2021-12-20,20211220140000000,sh.600188,24.9000,25.6300,24.6800,24.7000,13488737,338251136.0000,3
2021-12-20,20211220150000000,sh.600188,24.7000,24.9900,24.5000,24.8400,13575829,335918128.0000,3
2021-12-21,20211221103000000,sh.600188,24.7100,26.3000,24.6100,25.6400,37701898,963043248.0000,3
2021-12-21,20211221113000000,sh.600188,25.6300,26.0100,25.5000,25.7000,9631224,248254160.0000,3
2021-12-21,20211221140000000,sh.600188,25.7100,25.7900,25.3700,25.4500,8851549,226142928.0000,3
2021-12-21,20211221150000000,sh.600188,25.4500,25.5500,25.2300,25.4100,10238252,259852816.0000,3
2021-12-22,20211222103000000,sh.600188,25.2600,25.6000,24.5300,25.2600,22092331,553263360.0000,3
2021-12-22,20211222113000000,sh.600188,25.2600,25.6700,25.0900,25.5100,9178096,233344976.0000,3
2021-12-22,20211222140000000,sh.600188,25.5100,25.9000,25.2800,25.7000,8343823,213889984.0000,3
2021-12-22,20211222150000000,sh.600188,25.7000,25.8200,25.5200,25.6000,11050291,283380272.0000,3
2021-12-23,20211223103000000,sh.600188,25.3000,26.1900,25.1700,26.1200,17678550,455010848.0000,3
2021-12-23,20211223113000000,sh.600188,26.1300,26.5400,25.7600,26.2100,15813457,414381664.0000,3
2021-12-23,20211223140000000,sh.600188,26.2200,27.2500,26.0000,26.9100,20524993,549163936.0000,3
2021-12-23,20211223150000000,sh.600188,26.9000,27.4000,26.8000,26.9800,17368750,469585936.0000,3
2021-12-24,20211224103000000,sh.600188,26.5300,27.0800,26.0300,26.3800,18717518,497534800.0000,3
2021-12-24,20211224113000000,sh.600188,26.3700,26.4500,25.8000,26.2800,10544740,274728080.0000,3
2021-12-24,20211224140000000,sh.600188,26.3100,26.3500,25.9300,25.9800,5061760,132295712.0000,3
2021-12-24,20211224150000000,sh.600188,25.9800,26.1000,25.7000,25.9000,6600551,171071136.0000,3
2021-12-27,20211227103000000,sh.600188,25.7400,26.8700,25.5800,26.4100,17478649,460494160.0000,3
2021-12-27,20211227113000000,sh.600188,26.4100,26.6600,26.1000,26.4200,6534931,172567280.0000,3
2021-12-27,20211227140000000,sh.600188,26.4300,26.6700,26.1000,26.1900,8870991,233950368.0000,3
2021-12-27,20211227150000000,sh.600188,26.1900,26.2300,25.8700,26.0900,7385125,192335968.0000,3
2021-12-28,20211228103000000,sh.600188,26.3300,26.3300,24.3700,24.5900,29530362,735012096.0000,3
2021-12-28,20211228113000000,sh.600188,24.5900,24.5900,24.2000,24.4100,11061716,269349888.0000,3
2021-12-28,20211228140000000,sh.600188,24.4200,24.7500,24.3800,24.4700,6578837,161562848.0000,3
2021-12-28,20211228150000000,sh.600188,24.4800,24.6500,24.3000,24.6000,8672509,212554720.0000,3
2021-12-29,20211229103000000,sh.600188,24.4400,24.8000,24.1500,24.3200,14184678,346614912.0000,3
2021-12-29,20211229113000000,sh.600188,24.3000,24.4000,23.7000,23.7800,16092330,384735600.0000,3
2021-12-29,20211229140000000,sh.600188,23.7800,23.9000,23.5200,23.6000,11291519,267896704.0000,3
2021-12-29,20211229150000000,sh.600188,23.6000,23.7000,23.3600,23.4000,15338444,360306928.0000,3
2021-12-30,20211230103000000,sh.600188,23.2800,23.5400,23.0600,23.3200,16876673,393353728.0000,3
2021-12-30,20211230113000000,sh.600188,23.3300,23.6500,23.2000,23.5200,10037000,235131776.0000,3
2021-12-30,20211230140000000,sh.600188,23.5000,23.6000,23.3300,23.3400,11645612,272794016.0000,3
2021-12-30,20211230150000000,sh.600188,23.3400,23.4500,23.2300,23.3400,10167225,237127184.0000,3
2021-12-31,20211231103000000,sh.600188,23.3600,23.3900,22.6600,22.9700,17671314,407108784.0000,3
2021-12-31,20211231113000000,sh.600188,22.9700,23.2400,22.8800,23.1600,7697900,177473648.0000,3
2021-12-31,20211231140000000,sh.600188,23.1300,23.3500,23.0200,23.3500,6191072,143492864.0000,3
2021-12-31,20211231150000000,sh.600188,23.3500,23.8000,23.1800,23.5300,14126133,331825664.0000,3
