date,time,code,open,high,low,close,volume,amount,adjustflag
2021-01-04,20210104103000000,sh.603032,14.4100,14.7000,14.2000,14.4800,1872339,26915027.0000,3
2021-01-04,20210104113000000,sh.603032,14.4800,14.6900,14.4800,14.5300,441300,6421963.0000,3
2021-01-04,20210104140000000,sh.603032,14.5200,14.6800,14.5000,14.6500,313221,4568283.0000,3
2021-01-04,20210104150000000,sh.603032,14.6500,14.6800,14.4900,14.6600,627157,9143511.0000,3
2021-01-05,20210105103000000,sh.603032,14.5900,14.7000,14.4000,14.5300,833715,12149810.0000,3
2021-01-05,20210105113000000,sh.603032,14.5300,14.5400,14.4100,14.4600,297100,4299364.0000,3
2021-01-05,20210105140000000,sh.603032,14.4800,14.5000,14.4300,14.4600,290020,4195777.0000,3
2021-01-05,20210105150000000,sh.603032,14.4600,14.4800,14.3900,14.4100,505427,7289254.0000,3
2021-01-06,20210106103000000,sh.603032,14.3600,14.5500,14.2600,14.3800,462335,6642584.0000,3
2021-01-06,20210106113000000,sh.603032,14.3800,14.4300,14.3000,14.3600,146500,2104241.0000,3
2021-01-06,20210106140000000,sh.603032,14.3600,14.3800,14.2000,14.2100,469300,6691062.0000,3
2021-01-06,20210106150000000,sh.603032,14.2100,14.2400,14.0300,14.2200,794180,11228543.0000,3
2021-01-07,20210107103000000,sh.603032,14.2000,14.2000,13.3000,13.4000,1233404,16767943.0000,3
2021-01-07,20210107113000000,sh.603032,13.4100,13.4100,13.1000,13.2100,700320,9287191.0000,3
2021-01-07,20210107140000000,sh.603032,13.2600,13.2600,12.8000,12.8100,1621542,20905897.0000,3
2021-01-07,20210107150000000,sh.603032,12.8100,13.3200,12.8000,12.8000,955993,12324884.0000,3
2021-01-08,20210108103000000,sh.603032,12.5500,12.7700,11.5500,12.4400,1209061,14557685.0000,3
2021-01-08,20210108113000000,sh.603032,12.4400,12.5400,12.3000,12.3900,462600,5757021.0000,3
2021-01-08,20210108140000000,sh.603032,12.3900,12.4400,11.9500,12.1400,382500,4632654.0000,3
2021-01-08,20210108150000000,sh.603032,12.1500,12.3000,12.0600,12.2500,512800,6255984.0000,3
2021-01-11,20210111103000000,sh.603032,12.2500,12.2800,11.9600,12.0200,642700,7748336.0000,3
2021-01-11,20210111113000000,sh.603032,12.0100,12.0200,11.4500,11.5000,1265382,14775242.0000,3
2021-01-11,20210111140000000,sh.603032,11.4900,11.6300,11.2700,11.3800,707680,8093174.0000,3
2021-01-11,20210111150000000,sh.603032,11.3700,11.3700,11.2000,11.2100,611742,6899818.0000,3
2021-01-12,20210112103000000,sh.603032,11.0400,11.5900,10.9000,11.4100,1373340,15556942.0000,3
2021-01-12,20210112113000000,sh.603032,11.3900,11.4900,11.3800,11.3800,375900,4287887.0000,3
2021-01-12,20210112140000000,sh.603032,11.3900,11.3900,11.2300,11.2600,300500,3387576.0000,3
2021-01-12,20210112150000000,sh.603032,11.2600,11.3000,11.1500,11.2600,474479,5333489.0000,3
2021-01-13,20210113103000000,sh.603032,11.3500,11.3700,10.8000,10.8300,934765,10287964.0000,3
2021-01-13,20210113113000000,sh.603032,10.8300,10.9400,10.7100,10.7600,549000,5943364.0000,3
2021-01-13,20210113140000000,sh.603032,10.7600,10.9000,10.7400,10.7400,272800,2947519.0000,3
2021-01-13,20210113150000000,sh.603032,10.7400,10.7400,10.6200,10.7000,568124,6075782.0000,3
2021-01-14,20210114103000000,sh.603032,10.7000,11.0100,10.2800,10.6900,1326532,14057537.0000,3
2021-01-14,20210114113000000,sh.603032,10.7000,10.8800,10.6800,10.7800,347747,3746134.0000,3
2021-01-14,20210114140000000,sh.603032,10.7900,11.0000,10.6800,10.7500,505200,5466095.0000,3
2021-01-14,20210114150000000,sh.603032,10.7500,10.8000,10.7200,10.7300,469342,5046650.0000,3
2021-01-15,20210115103000000,sh.603032,10.9300,11.5500,10.8400,10.9100,1787544,19909223.0000,3
2021-01-15,20210115113000000,sh.603032,10.9100,10.9700,10.8000,10.8600,597000,6488162.0000,3
2021-01-15,20210115140000000,sh.603032,10.8700,10.8800,10.7100,10.8000,404331,4356238.0000,3
2021-01-15,20210115150000000,sh.603032,10.8200,11.0100,10.8000,10.9300,370100,4045000.0000,3
2021-01-18,20210118103000000,sh.603032,10.6000,11.0800,10.6000,11.0500,1233400,13441796.0000,3
2021-01-18,20210118113000000,sh.603032,11.0600,11.0800,10.9000,10.9800,267800,2947111.0000,3
2021-01-18,20210118140000000,sh.603032,10.9900,11.0000,10.9400,10.9600,234300,2570939.0000,3
2021-01-18,20210118150000000,sh.603032,10.9600,11.1500,10.9500,11.1000,593111,6560256.0000,3
2021-01-19,20210119103000000,sh.603032,11.0400,11.2800,11.0400,11.1700,670700,7494815.0000,3
2021-01-19,20210119113000000,sh.603032,11.1700,11.3100,11.1200,11.2900,348400,3912146.0000,3
2021-01-19,20210119140000000,sh.603032,11.2900,11.4500,11.2900,11.3300,526014,5975014.0000,3
2021-01-19,20210119150000000,sh.603032,11.3200,11.4500,11.3100,11.3900,573800,6524743.0000,3
2021-01-20,20210120103000000,sh.603032,11.3600,11.4200,11.1600,11.2200,671700,7578069.0000,3
2021-01-20,20210120113000000,sh.603032,11.2200,11.2900,11.2000,11.2100,173000,1943126.0000,3
2021-01-20,20210120140000000,sh.603032,11.2100,11.2500,11.1200,11.1900,195300,2185098.0000,3
2021-01-20,20210120150000000,sh.603032,11.1900,11.2200,11.1200,11.2200,262124,2926197.0000,3
2021-01-21,20210121103000000,sh.603032,11.2400,11.3400,11.0000,11.0900,603600,6674194.0000,3
2021-01-21,20210121113000000,sh.603032,11.0900,11.1700,11.0200,11.1100,259100,2876476.0000,3
2021-01-21,20210121140000000,sh.603032,11.0700,11.1200,11.0700,11.1000,116800,1297067.0000,3
2021-01-21,20210121150000000,sh.603032,11.1000,11.1000,11.0400,11.0400,461100,5098498.0000,3
2021-01-22,20210122103000000,sh.603032,11.0000,11.0700,10.8500,10.9000,598521,6546086.0000,3
2021-01-22,20210122113000000,sh.603032,10.9000,10.9700,10.8800,10.9000,163900,1789561.0000,3
2021-01-22,20210122140000000,sh.603032,10.9000,10.9100,10.8000,10.8600,352710,3832550.0000,3
2021-01-22,20210122150000000,sh.603032,10.8600,10.9100,10.8100,10.8100,340200,3688239.0000,3
2021-01-25,20210125103000000,sh.603032,10.8100,10.8300,10.4800,10.6600,585434,6202022.0000,3
2021-01-25,20210125113000000,sh.603032,10.6600,10.6800,10.5300,10.5600,267860,2834600.0000,3
2021-01-25,20210125140000000,sh.603032,10.5600,10.5600,10.3700,10.4300,310200,3245936.0000,3
2021-01-25,20210125150000000,sh.603032,10.4300,10.4700,10.3700,10.4100,333408,3471669.0000,3
2021-01-26,20210126103000000,sh.603032,10.3500,10.6800,10.2200,10.5100,697610,7330761.0000,3
2021-01-26,20210126113000000,sh.603032,10.5100,10.5200,10.4200,10.5000,140332,1469269.0000,3
2021-01-26,20210126140000000,sh.603032,10.5000,10.5400,10.4300,10.5100,120300,1263577.0000,3
2021-01-26,20210126150000000,sh.603032,10.5100,10.6900,10.5000,10.6200,614200,6531613.0000,3
2021-01-27,20210127103000000,sh.603032,9.5600,9.5600,9.5600,9.5600,478000,4569680.0000,3
2021-01-27,20210127113000000,sh.603032,9.5600,9.5600,9.5600,9.5600,78500,750460.0000,3
2021-01-27,20210127140000000,sh.603032,9.5600,9.5600,9.5600,9.5600,100500,960780.0000,3
2021-01-27,20210127150000000,sh.603032,9.5600,9.5600,9.5600,9.5600,43800,418728.0000,3
2021-01-28,20210128103000000,sh.603032,8.6000,8.6000,8.6000,8.6000,161300,1387180.0000,3
2021-01-28,20210128113000000,sh.603032,8.6000,8.6000,8.6000,8.6000,35100,301860.0000,3
2021-01-28,20210128140000000,sh.603032,8.6000,8.6000,8.6000,8.6000,31900,274340.0000,3
2021-01-28,20210128150000000,sh.603032,8.6000,8.6000,8.6000,8.6000,17700,152220.0000,3
2021-01-29,20210129103000000,sh.603032,7.7400,8.4300,7.7400,7.8400,7016762,54761328.0000,3
2021-01-29,20210129113000000,sh.603032,7.8200,7.9500,7.7500,7.9100,1055045,8281840.0000,3
2021-01-29,20210129140000000,sh.603032,7.9100,7.9600,7.8800,7.8900,628500,4985182.0000,3
2021-01-29,20210129150000000,sh.603032,7.8800,7.9500,7.7400,7.9500,1039280,8129636.0000,3
2021-02-01,20210201103000000,sh.603032,7.8900,7.8900,7.3400,7.4000,3844870,29276600.0000,3
2021-02-01,20210201113000000,sh.603032,7.4000,7.4400,7.3200,7.4000,1014713,7483758.0000,3
2021-02-01,20210201140000000,sh.603032,7.4100,7.5900,7.3600,7.4400,586111,4373662.0000,3
2021-02-01,20210201150000000,sh.603032,7.4400,7.4800,7.3300,7.4200,846600,6268440.0000,3
2021-02-02,20210202103000000,sh.603032,7.4600,7.7500,7.4100,7.7200,2450711,18592287.0000,3
2021-02-02,20210202113000000,sh.603032,7.7200,7.8000,7.4900,7.5000,1017880,7789284.0000,3
2021-02-02,20210202140000000,sh.603032,7.5100,7.5600,7.4600,7.5000,437520,3283083.0000,3
2021-02-02,20210202150000000,sh.603032,7.5000,7.5100,7.4300,7.4400,593900,4435351.0000,3
2021-02-03,20210203103000000,sh.603032,7.3700,7.5400,7.1400,7.2400,1384520,10040920.0000,3
2021-02-03,20210203113000000,sh.603032,7.2400,7.3000,7.1800,7.2600,422400,3058967.0000,3
2021-02-03,20210203140000000,sh.603032,7.2800,7.3900,7.2500,7.3900,489200,3575027.0000,3
2021-02-03,20210203150000000,sh.603032,7.3900,7.4000,7.2400,7.2900,789700,5767716.0000,3
2021-02-04,20210204103000000,sh.603032,7.3000,7.3900,7.0200,7.0300,1015120,7307402.0000,3
2021-02-04,20210204113000000,sh.603032,7.0300,7.0400,6.7600,6.9000,1247883,8584435.0000,3
2021-02-04,20210204140000000,sh.603032,6.9000,6.9400,6.8200,6.8400,424100,2915093.0000,3
2021-02-04,20210204150000000,sh.603032,6.8400,6.9900,6.8200,6.9700,615308,4254082.0000,3
2021-02-05,20210205103000000,sh.603032,7.0000,7.2600,6.9200,7.2200,1318493,9430277.0000,3
2021-02-05,20210205113000000,sh.603032,7.2200,7.2400,7.0900,7.0900,399300,2857213.0000,3
2021-02-05,20210205140000000,sh.603032,7.0900,7.1900,6.9700,7.0800,487700,3455762.0000,3
2021-02-05,20210205150000000,sh.603032,7.0800,7.1300,7.0200,7.0200,551600,3905817.0000,3
2021-02-08,20210208103000000,sh.603032,7.0200,7.1000,6.8100,6.8600,771300,5340017.0000,3
2021-02-08,20210208113000000,sh.603032,6.8700,6.9600,6.8500,6.9300,369500,2557454.0000,3
2021-02-08,20210208140000000,sh.603032,6.9500,7.1200,6.9300,7.0500,348200,2452703.0000,3
2021-02-08,20210208150000000,sh.603032,7.0500,7.1100,6.9800,7.0000,454100,3202977.0000,3
2021-02-09,20210209103000000,sh.603032,7.1100,7.1100,6.8100,6.8500,948893,6599356.0000,3
2021-02-09,20210209113000000,sh.603032,6.8500,6.9100,6.8400,6.8900,279600,1921915.0000,3
2021-02-09,20210209140000000,sh.603032,6.9000,6.9600,6.8800,6.9200,269000,1862774.0000,3
2021-02-09,20210209150000000,sh.603032,6.9200,7.0200,6.9200,7.0200,436500,3053192.0000,3
2021-02-10,20210210103000000,sh.603032,7.0000,7.1400,6.8600,7.0100,739100,5194317.0000,3
2021-02-10,20210210113000000,sh.603032,7.0200,7.0600,7.0100,7.0400,209300,1471660.0000,3
2021-02-10,20210210140000000,sh.603032,7.0400,7.3000,7.0200,7.2600,514900,3697166.0000,3
2021-02-10,20210210150000000,sh.603032,7.2600,7.2600,7.1500,7.1600,369400,2653688.0000,3
2021-02-18,20210218103000000,sh.603032,7.1900,7.6500,7.1900,7.3900,1395390,10360608.0000,3
2021-02-18,20210218113000000,sh.603032,7.3900,7.4300,7.3600,7.4200,371280,2748397.0000,3
2021-02-18,20210218140000000,sh.603032,7.4200,7.5300,7.3900,7.4500,404920,3020287.0000,3
2021-02-18,20210218150000000,sh.603032,7.4400,7.5400,7.4400,7.5200,357400,2683200.0000,3
2021-02-19,20210219103000000,sh.603032,7.5200,7.9600,7.4600,7.8800,2149014,16825227.0000,3
2021-02-19,20210219113000000,sh.603032,7.8800,8.2700,7.8800,8.2700,789408,6422324.0000,3
2021-02-19,20210219140000000,sh.603032,8.2700,8.2700,8.2700,8.2700,45800,378766.0000,3
2021-02-19,20210219150000000,sh.603032,8.2700,8.2700,8.2700,8.2700,27800,229906.0000,3
2021-02-22,20210222103000000,sh.603032,8.9700,9.0600,8.4500,8.9600,3897210,34035946.0000,3
2021-02-22,20210222113000000,sh.603032,8.9500,9.1000,8.9000,9.1000,1846467,16738967.0000,3
2021-02-22,20210222140000000,sh.603032,9.1000,9.1000,9.1000,9.1000,115540,1051391.0000,3
2021-02-22,20210222150000000,sh.603032,9.1000,9.1000,9.1000,9.1000,245800,2236780.0000,3
2021-02-23,20210223103000000,sh.603032,9.4300,10.0100,9.1400,10.0100,7606913,74666211.0000,3
2021-02-23,20210223113000000,sh.603032,10.0100,10.0100,10.0100,10.0100,114800,1149148.0000,3
2021-02-23,20210223140000000,sh.603032,10.0100,10.0100,10.0100,10.0100,27100,271271.0000,3
2021-02-23,20210223150000000,sh.603032,10.0100,10.0100,10.0100,10.0100,39800,398398.0000,3
2021-02-24,20210224103000000,sh.603032,9.0100,10.5500,9.0100,9.7900,6783575,64888639.0000,3
2021-02-24,20210224113000000,sh.603032,9.7900,10.4700,9.7100,9.7800,2212130,22433716.0000,3
2021-02-24,20210224140000000,sh.603032,9.7900,9.9200,9.5700,9.8300,1141000,11103650.0000,3
2021-02-24,20210224150000000,sh.603032,9.7800,9.9500,9.5700,9.6600,1660839,16075826.0000,3
2021-02-25,20210225103000000,sh.603032,9.3600,10.2000,9.3300,10.0100,5438414,52712850.0000,3
2021-02-25,20210225113000000,sh.603032,10.0100,10.1500,9.7800,9.8800,1195800,11920383.0000,3
2021-02-25,20210225140000000,sh.603032,9.8800,10.6000,9.8800,10.5400,3402959,35194092.0000,3
2021-02-25,20210225150000000,sh.603032,10.5400,10.6300,10.3600,10.6300,1210282,12807029.0000,3
2021-02-26,20210226103000000,sh.603032,10.6800,11.6900,10.6800,11.6900,8317520,94843589.0000,3
2021-02-26,20210226113000000,sh.603032,11.6900,11.6900,11.6900,11.6900,118400,1384096.0000,3
2021-02-26,20210226140000000,sh.603032,11.6900,11.6900,11.6900,11.6900,152024,1777160.0000,3
2021-02-26,20210226150000000,sh.603032,11.6900,11.6900,11.6900,11.6900,600000,7014000.0000,3
2021-03-01,20210301103000000,sh.603032,12.5500,12.5500,11.2100,12.5000,8834835,104758503.0000,3
2021-03-01,20210301113000000,sh.603032,12.4500,12.5000,11.7500,11.9900,1487004,18010255.0000,3
2021-03-01,20210301140000000,sh.603032,12.0000,12.4200,11.8000,12.1800,1068901,12914472.0000,3
2021-03-01,20210301150000000,sh.603032,12.1800,12.1800,11.7000,12.0800,1754349,20945899.0000,3
2021-03-02,20210302103000000,sh.603032,11.3700,11.9300,10.9300,11.5200,6576483,75586841.0000,3
2021-03-02,20210302113000000,sh.603032,11.5200,11.7000,11.2000,11.2500,955700,10897459.0000,3
2021-03-02,20210302140000000,sh.603032,11.2500,11.5000,11.1900,11.2300,971200,10938237.0000,3
2021-03-02,20210302150000000,sh.603032,11.2300,11.4800,11.0000,11.0000,1732200,19343992.0000,3
2021-03-03,20210303103000000,sh.603032,10.9700,11.6000,10.7200,11.6000,4392211,48939858.0000,3
2021-03-03,20210303113000000,sh.603032,11.6100,12.1000,11.5200,12.1000,4438642,52672612.0000,3
2021-03-03,20210303140000000,sh.603032,12.1000,12.1000,12.1000,12.1000,595700,7207970.0000,3
2021-03-03,20210303150000000,sh.603032,12.1000,12.1000,12.1000,12.1000,257827,3119707.0000,3
2021-03-04,20210304103000000,sh.603032,12.3500,12.9600,11.8000,12.8400,8471464,105564685.0000,3
2021-03-04,20210304113000000,sh.603032,12.8200,13.3000,12.7100,12.9300,1891384,24587801.0000,3
2021-03-04,20210304140000000,sh.603032,12.9900,13.2800,12.9300,13.0000,864020,11309375.0000,3
2021-03-04,20210304150000000,sh.603032,13.0100,13.1200,12.5000,12.5000,1534000,19637774.0000,3
2021-03-05,20210305103000000,sh.603032,12.4900,13.2500,11.6700,12.9000,5606800,69918184.0000,3
2021-03-05,20210305113000000,sh.603032,12.9000,13.0700,12.6600,12.8100,1033460,13252681.0000,3
2021-03-05,20210305140000000,sh.603032,12.8100,12.9000,12.4000,12.5800,1011200,12784307.0000,3
2021-03-05,20210305150000000,sh.603032,12.6100,12.9000,12.5300,12.5300,1419000,17997212.0000,3
2021-03-08,20210308103000000,sh.603032,12.0600,12.4500,11.8500,12.1800,3776844,45862961.0000,3
2021-03-08,20210308113000000,sh.603032,12.1800,12.3000,11.8600,11.9000,1162218,13984332.0000,3
2021-03-08,20210308140000000,sh.603032,11.9000,12.0600,11.8400,12.0400,868756,10343002.0000,3
2021-03-08,20210308150000000,sh.603032,12.0400,12.0500,11.6700,12.0400,1472345,17463089.0000,3
2021-03-09,20210309103000000,sh.603032,11.8800,11.8800,10.8500,11.3000,3008874,33841843.0000,3
2021-03-09,20210309113000000,sh.603032,11.2800,11.3400,11.0700,11.2800,664100,7438820.0000,3
2021-03-09,20210309140000000,sh.603032,11.3100,11.5000,11.1000,11.1400,623030,7013018.0000,3
2021-03-09,20210309150000000,sh.603032,11.1400,11.1500,10.8400,10.8400,1666300,18248998.0000,3
2021-03-10,20210310103000000,sh.603032,11.0000,11.3200,10.8000,10.8600,2332300,25794348.0000,3
2021-03-10,20210310113000000,sh.603032,10.8900,11.0300,10.8300,10.8400,502600,5488185.0000,3
2021-03-10,20210310140000000,sh.603032,10.8400,11.0700,10.5100,10.7700,820000,8823100.0000,3
2021-03-10,20210310150000000,sh.603032,10.7700,10.9000,10.4800,10.5100,1332600,14137677.0000,3
2021-03-11,20210311103000000,sh.603032,10.7300,11.2500,10.2800,11.2200,1906500,20358573.0000,3
2021-03-11,20210311113000000,sh.603032,11.1900,11.1900,10.7700,10.8900,791100,8627807.0000,3
2021-03-11,20210311140000000,sh.603032,10.9000,11.1900,10.9000,11.1300,649062,7167482.0000,3
2021-03-11,20210311150000000,sh.603032,11.1300,11.1300,10.9200,11.1000,909700,10018349.0000,3
2021-03-12,20210312103000000,sh.603032,11.0000,12.2100,11.0000,12.2100,3129184,37407583.0000,3
2021-03-12,20210312113000000,sh.603032,12.2100,12.2100,12.2100,12.2100,124700,1522587.0000,3
2021-03-12,20210312140000000,sh.603032,12.2100,12.2100,12.2100,12.2100,193800,2366298.0000,3
2021-03-12,20210312150000000,sh.603032,12.2100,12.2100,12.2100,12.2100,115900,1415139.0000,3
2021-03-15,20210315103000000,sh.603032,13.0000,13.4300,12.7700,13.4300,5074345,67286766.0000,3
2021-03-15,20210315113000000,sh.603032,13.4300,13.4300,13.4300,13.4300,107800,1447754.0000,3
2021-03-15,20210315140000000,sh.603032,13.4300,13.4300,13.4300,13.4300,186800,2508724.0000,3
2021-03-15,20210315150000000,sh.603032,13.4300,13.4300,13.4300,13.4300,201400,2704802.0000,3
2021-03-16,20210316103000000,sh.603032,14.0000,14.7700,13.0000,13.6000,10049775,140458697.0000,3
2021-03-16,20210316113000000,sh.603032,13.6000,13.6000,13.4200,13.4300,1071500,14455891.0000,3
2021-03-16,20210316140000000,sh.603032,13.4200,13.6700,13.1800,13.3900,1170560,15744502.0000,3
2021-03-16,20210316150000000,sh.603032,13.3900,13.6700,13.0200,13.5100,2228688,29684787.0000,3
2021-03-17,20210317103000000,sh.603032,12.7900,13.7200,12.3900,13.5100,6071941,78375709.0000,3
2021-03-17,20210317113000000,sh.603032,13.5100,13.5100,13.0200,13.0200,1126971,14911142.0000,3
2021-03-17,20210317140000000,sh.603032,13.0000,13.1300,12.8800,12.9500,784289,10182655.0000,3
2021-03-17,20210317150000000,sh.603032,12.9500,13.4200,12.9000,13.0100,1426600,18622030.0000,3
2021-03-18,20210318103000000,sh.603032,12.7900,13.1300,12.4900,12.7200,3021200,38610912.0000,3
2021-03-18,20210318113000000,sh.603032,12.7200,12.8400,12.6600,12.6700,779463,9918623.0000,3
2021-03-18,20210318140000000,sh.603032,12.6700,12.7400,12.5000,12.5000,1189400,14957979.0000,3
2021-03-18,20210318150000000,sh.603032,12.5000,12.6400,12.4300,12.4600,1803475,22546872.0000,3
2021-03-19,20210319103000000,sh.603032,12.7000,13.2700,12.5100,12.7000,3723627,47799435.0000,3
2021-03-19,20210319113000000,sh.603032,12.7000,12.7700,12.5800,12.6700,622800,7888345.0000,3
2021-03-19,20210319140000000,sh.603032,12.6700,12.9500,12.3000,12.6900,1401900,17654733.0000,3
2021-03-19,20210319150000000,sh.603032,12.6900,12.7500,12.5500,12.6300,1196600,15126723.0000,3
2021-03-22,20210322103000000,sh.603032,12.1800,12.5500,12.1300,12.4700,2759892,33911463.0000,3
2021-03-22,20210322113000000,sh.603032,12.4700,12.4800,12.2700,12.3300,552900,6824758.0000,3
2021-03-22,20210322140000000,sh.603032,12.3300,12.4400,12.3000,12.3700,634700,7837349.0000,3
2021-03-22,20210322150000000,sh.603032,12.3700,12.4300,12.2900,12.4000,1021000,12619030.0000,3
2021-03-23,20210323103000000,sh.603032,12.2500,12.5700,11.9000,12.0300,2496500,30350561.0000,3
2021-03-23,20210323113000000,sh.603032,12.0300,12.0900,11.9500,11.9600,605600,7271275.0000,3
2021-03-23,20210323140000000,sh.603032,11.9600,12.0600,11.9500,11.9800,638920,7658487.0000,3
2021-03-23,20210323150000000,sh.603032,11.9800,11.9900,11.8300,11.9200,1163675,13867028.0000,3
2021-03-24,20210324103000000,sh.603032,11.8000,11.8800,11.4400,11.4700,1881400,21838176.0000,3
2021-03-24,20210324113000000,sh.603032,11.4700,11.5400,11.3000,11.3200,897200,10245573.0000,3
2021-03-24,20210324140000000,sh.603032,11.3200,11.4800,11.2800,11.4500,398700,4548084.0000,3
2021-03-24,20210324150000000,sh.603032,11.4500,11.5900,11.3600,11.4100,809500,9277294.0000,3
2021-03-25,20210325103000000,sh.603032,11.5600,12.5500,11.4500,12.5500,3512161,43346755.0000,3
2021-03-25,20210325113000000,sh.603032,12.5500,12.5500,12.5500,12.5500,145000,1819750.0000,3
2021-03-25,20210325140000000,sh.603032,12.5500,12.5500,12.5500,12.5500,66100,829555.0000,3
2021-03-25,20210325150000000,sh.603032,12.5500,12.5500,12.5500,12.5500,141600,1777080.0000,3
2021-03-26,20210326103000000,sh.603032,13.4000,13.4000,12.0200,12.2600,6189607,78433788.0000,3
2021-03-26,20210326113000000,sh.603032,12.2400,12.5000,12.1200,12.4800,749408,9198298.0000,3
2021-03-26,20210326140000000,sh.603032,12.4800,13.2500,12.2800,12.8500,1637572,21099382.0000,3
2021-03-26,20210326150000000,sh.603032,12.8400,12.8500,12.4600,12.5200,1174028,14756541.0000,3
2021-03-29,20210329103000000,sh.603032,12.4500,12.5500,11.9000,12.1400,2738107,33239381.0000,3
2021-03-29,20210329113000000,sh.603032,12.1400,12.2500,12.0300,12.1000,620441,7510410.0000,3
2021-03-29,20210329140000000,sh.603032,12.1000,12.2000,12.0100,12.0600,434559,5247961.0000,3
2021-03-29,20210329150000000,sh.603032,12.0500,13.1800,12.0400,12.6300,2747560,34911941.0000,3
2021-03-30,20210330103000000,sh.603032,12.5100,13.8900,12.5000,13.8900,6457697,87024349.0000,3
2021-03-30,20210330113000000,sh.603032,13.8900,13.8900,13.8900,13.8900,209900,2915511.0000,3
2021-03-30,20210330140000000,sh.603032,13.8900,13.8900,13.8900,13.8900,205100,2848839.0000,3
2021-03-30,20210330150000000,sh.603032,13.8900,13.8900,13.8900,13.8900,117854,1636992.0000,3
2021-03-31,20210331103000000,sh.603032,14.7100,14.7100,13.4000,13.5700,7233823,101257946.0000,3
2021-03-31,20210331113000000,sh.603032,13.5700,13.9200,13.4000,13.4200,1229300,16728068.0000,3
2021-03-31,20210331140000000,sh.603032,13.4000,13.5400,13.1500,13.2400,1554341,20647026.0000,3
2021-03-31,20210331150000000,sh.603032,13.3200,13.4200,13.1000,13.1100,1759720,23262688.0000,3
2021-04-01,20210401103000000,sh.603032,13.0000,13.1100,12.3100,12.6100,4198422,52953699.0000,3
2021-04-01,20210401113000000,sh.603032,12.6200,12.6200,12.4000,12.4400,1056975,13182249.0000,3
2021-04-01,20210401140000000,sh.603032,12.4100,12.7400,12.4100,12.6700,596141,7513279.0000,3
2021-04-01,20210401150000000,sh.603032,12.6700,12.9200,12.5200,12.5400,1564500,19791951.0000,3
2021-04-02,20210402103000000,sh.603032,12.3000,12.5300,12.2200,12.3300,1646760,20321787.0000,3
2021-04-02,20210402113000000,sh.603032,12.3300,12.4000,12.3200,12.3800,475700,5875966.0000,3
2021-04-02,20210402140000000,sh.603032,12.3800,12.4200,12.3200,12.3900,474800,5870330.0000,3
2021-04-02,20210402150000000,sh.603032,12.3900,13.0000,12.3300,12.7300,3127300,39870477.0000,3
2021-04-06,20210406103000000,sh.603032,12.5100,13.0000,12.3800,12.6000,1557075,19689167.0000,3
2021-04-06,20210406113000000,sh.603032,12.5700,12.6400,12.5400,12.5600,483100,6075556.0000,3
2021-04-06,20210406140000000,sh.603032,12.5600,12.6400,12.5400,12.5800,427600,5379635.0000,3
2021-04-06,20210406150000000,sh.603032,12.5800,12.6100,12.5100,12.5800,1072540,13469190.0000,3
2021-04-07,20210407103000000,sh.603032,12.7500,12.9000,12.4200,12.5100,1809100,22905250.0000,3
2021-04-07,20210407113000000,sh.603032,12.5100,12.5800,12.4800,12.5800,353400,4419155.0000,3
2021-04-07,20210407140000000,sh.603032,12.5800,12.9800,12.5400,12.7200,1315800,16854342.0000,3
2021-04-07,20210407150000000,sh.603032,12.7200,12.7700,12.7200,12.7700,930747,11871336.0000,3
2021-04-08,20210408103000000,sh.603032,12.9500,14.0500,12.9100,13.6600,7466146,102550866.0000,3
2021-04-08,20210408113000000,sh.603032,13.6500,13.6900,13.5500,13.6100,477200,6499089.0000,3
2021-04-08,20210408140000000,sh.603032,13.6100,13.6400,13.4700,13.5300,574241,7777309.0000,3
2021-04-08,20210408150000000,sh.603032,13.5300,13.5400,13.3600,13.4200,1359900,18245427.0000,3
2021-04-09,20210409103000000,sh.603032,12.1500,12.8500,12.1500,12.4600,4494639,55955269.0000,3
2021-04-09,20210409113000000,sh.603032,12.4600,12.5900,12.4500,12.5600,741400,9270387.0000,3
2021-04-09,20210409140000000,sh.603032,12.5500,12.8000,12.4500,12.6900,955800,12054680.0000,3
2021-04-09,20210409150000000,sh.603032,12.6700,12.6700,12.5000,12.5000,1053060,13219074.0000,3
2021-04-12,20210412103000000,sh.603032,12.4100,13.2000,12.1500,12.8300,2627060,33022509.0000,3
2021-04-12,20210412113000000,sh.603032,12.8000,12.8300,12.6000,12.7600,753200,9573022.0000,3
2021-04-12,20210412140000000,sh.603032,12.7700,13.0200,12.5500,12.9300,1031960,13252342.0000,3
2021-04-12,20210412150000000,sh.603032,12.9300,13.7500,12.9100,13.7500,7598655,103437544.0000,3
2021-04-13,20210413103000000,sh.603032,13.9400,14.0800,13.4000,13.4600,4864125,66752226.0000,3
2021-04-13,20210413113000000,sh.603032,13.4600,13.4600,13.1700,13.2900,1441300,19160447.0000,3
2021-04-13,20210413140000000,sh.603032,13.3600,13.4000,12.9000,13.0100,2138600,28031844.0000,3
2021-04-13,20210413150000000,sh.603032,13.0100,13.0500,12.8200,12.9000,1970828,25468868.0000,3
2021-04-14,20210414103000000,sh.603032,12.8800,13.3400,12.6100,13.0000,3144745,40968144.0000,3
2021-04-14,20210414113000000,sh.603032,13.0000,13.2200,12.9300,13.1800,671300,8798203.0000,3
2021-04-14,20210414140000000,sh.603032,13.1800,13.3700,13.1300,13.1800,764400,10104964.0000,3
2021-04-14,20210414150000000,sh.603032,13.1800,13.3400,13.1100,13.3400,1862441,24665688.0000,3
2021-04-15,20210415103000000,sh.603032,13.2700,13.6900,13.1500,13.4500,2833100,37940418.0000,3
2021-04-15,20210415113000000,sh.603032,13.4500,13.5000,13.2800,13.4600,631384,8452063.0000,3
2021-04-15,20210415140000000,sh.603032,13.4600,13.4800,13.3300,13.3300,447500,5991414.0000,3
2021-04-15,20210415150000000,sh.603032,13.3300,13.3300,13.0400,13.0600,1459645,19219550.0000,3
2021-04-16,20210416103000000,sh.603032,12.9400,13.2700,12.8000,12.9600,1903048,24858141.0000,3
2021-04-16,20210416113000000,sh.603032,12.9700,13.0500,12.9200,12.9500,799300,10367301.0000,3
2021-04-16,20210416140000000,sh.603032,12.9600,13.1700,12.9300,13.1600,766700,10006661.0000,3
2021-04-16,20210416150000000,sh.603032,13.1600,13.4600,13.0300,13.3100,1924000,25463022.0000,3
2021-04-19,20210419103000000,sh.603032,13.1900,13.3900,13.0600,13.3100,1623709,21461962.0000,3
2021-04-19,20210419113000000,sh.603032,13.3100,13.3900,13.2500,13.3500,840300,11185670.0000,3
2021-04-19,20210419140000000,sh.603032,13.3600,13.6000,13.3200,13.3800,1227000,16474912.0000,3
2021-04-19,20210419150000000,sh.603032,13.3800,13.5200,13.3400,13.5000,1948980,26195320.0000,3
2021-04-20,20210420103000000,sh.603032,13.3800,13.5000,13.1800,13.3000,1330100,17697706.0000,3
2021-04-20,20210420113000000,sh.603032,13.3000,13.3400,13.1400,13.1600,922500,12194283.0000,3
2021-04-20,20210420140000000,sh.603032,13.1500,13.2000,13.0800,13.1700,577000,7582540.0000,3
2021-04-20,20210420150000000,sh.603032,13.1700,13.3800,13.1500,13.2200,1298200,17206888.0000,3
2021-04-21,20210421103000000,sh.603032,12.8800,13.1700,12.4200,12.7200,2863200,36424317.0000,3
2021-04-21,20210421113000000,sh.603032,12.7200,12.8500,12.7000,12.8300,272800,3484164.0000,3
2021-04-21,20210421140000000,sh.603032,12.8300,12.8500,12.6800,12.7200,641700,8178468.0000,3
2021-04-21,20210421150000000,sh.603032,12.7200,12.7300,12.6000,12.7200,1478720,18726218.0000,3
2021-04-22,20210422103000000,sh.603032,12.7200,12.8500,12.5000,12.5900,1064600,13430069.0000,3
2021-04-22,20210422113000000,sh.603032,12.5900,13.2500,12.5400,12.8300,1535700,19775789.0000,3
2021-04-22,20210422140000000,sh.603032,12.8400,12.8900,12.7800,12.8300,286800,3679258.0000,3
2021-04-22,20210422150000000,sh.603032,12.8300,12.8500,12.6500,12.6600,780000,9946807.0000,3
2021-04-23,20210423103000000,sh.603032,12.6600,12.7200,12.3100,12.4100,1635045,20275270.0000,3
2021-04-23,20210423113000000,sh.603032,12.4000,12.4600,12.3100,12.3200,771000,9540219.0000,3
2021-04-23,20210423140000000,sh.603032,12.3600,12.3600,12.2200,12.3200,592409,7282671.0000,3
2021-04-23,20210423150000000,sh.603032,12.3200,12.3300,12.2200,12.2800,967200,11870868.0000,3
2021-04-26,20210426103000000,sh.603032,12.1800,12.3500,12.0200,12.1300,841536,10233641.0000,3
2021-04-26,20210426113000000,sh.603032,12.1300,12.1500,12.0800,12.0800,362500,4387564.0000,3
2021-04-26,20210426140000000,sh.603032,12.0800,12.1000,12.0200,12.0200,429300,5173766.0000,3
2021-04-26,20210426150000000,sh.603032,12.0200,12.0600,12.0000,12.0100,612625,7367547.0000,3
2021-04-28,20210428103000000,sh.603032,11.4100,11.4100,11.4100,11.4100,194100,2214681.0000,3
2021-04-28,20210428113000000,sh.603032,11.4100,11.4100,11.4100,11.4100,35600,406196.0000,3
2021-04-28,20210428140000000,sh.603032,11.4100,11.4100,11.4100,11.4100,5500,62755.0000,3
2021-04-28,20210428150000000,sh.603032,11.4100,11.4100,11.4100,11.4100,2700,30807.0000,3
2021-04-29,20210429103000000,sh.603032,10.8400,10.8400,10.8400,10.8400,106300,1152292.0000,3
2021-04-29,20210429113000000,sh.603032,10.8400,10.8400,10.8400,10.8400,43800,474792.0000,3
2021-04-29,20210429140000000,sh.603032,10.8400,10.8400,10.8400,10.8400,88200,956088.0000,3
2021-04-29,20210429150000000,sh.603032,10.8400,10.8400,10.8400,10.8400,1400,15176.0000,3
2021-04-30,20210430103000000,sh.603032,10.3000,10.3000,10.3000,10.3000,3378000,34793400.0000,3
2021-04-30,20210430113000000,sh.603032,10.3000,10.5300,10.3000,10.3300,4069823,41977375.0000,3
2021-04-30,20210430140000000,sh.603032,10.3000,10.4300,10.3000,10.3000,1108497,11445741.0000,3
2021-04-30,20210430150000000,sh.603032,10.3000,10.3000,10.3000,10.3000,333600,3436080.0000,3
2021-05-06,20210506103000000,sh.603032,10.0500,10.7700,10.0500,10.4700,2112239,22357748.0000,3
2021-05-06,20210506113000000,sh.603032,10.4700,10.7200,10.4700,10.6900,618200,6590653.0000,3
2021-05-06,20210506140000000,sh.603032,10.7000,10.8200,10.6800,10.8100,884500,9551972.0000,3
2021-05-06,20210506150000000,sh.603032,10.8100,10.8200,10.8000,10.8200,437710,4732896.0000,3
2021-05-07,20210507103000000,sh.603032,10.9000,11.0000,10.8000,10.9400,900515,9818596.0000,3
2021-05-07,20210507113000000,sh.603032,10.9400,11.3000,10.9400,11.2500,560000,6248653.0000,3
2021-05-07,20210507140000000,sh.603032,11.2600,11.3600,11.2500,11.3600,707128,8024587.0000,3
2021-05-07,20210507150000000,sh.603032,11.3600,11.3600,11.3600,11.3600,83714,950991.0000,3
2021-05-10,20210510103000000,sh.603032,11.5700,11.9300,11.5600,11.9300,1009142,11946637.0000,3
2021-05-10,20210510113000000,sh.603032,11.9300,11.9300,11.9300,11.9300,22015,262639.0000,3
2021-05-10,20210510140000000,sh.603032,11.9300,11.9300,11.9300,11.9300,26100,311373.0000,3
2021-05-10,20210510150000000,sh.603032,11.9300,11.9300,11.9300,11.9300,96300,1148859.0000,3
2021-05-11,20210511103000000,sh.603032,12.4200,12.4200,11.5200,11.7200,2282859,27468354.0000,3
2021-05-11,20210511113000000,sh.603032,11.7200,11.9500,11.7200,11.9200,290700,3451558.0000,3
2021-05-11,20210511140000000,sh.603032,11.9200,11.9500,11.8300,11.9200,188000,2238462.0000,3
2021-05-11,20210511150000000,sh.603032,11.9200,11.9300,11.4500,11.5500,863260,10025251.0000,3
2021-05-12,20210512103000000,sh.603032,11.6000,12.0200,11.6000,11.9900,1037120,12294972.0000,3
2021-05-12,20210512113000000,sh.603032,11.9900,12.0400,11.8800,11.9400,352100,4212491.0000,3
2021-05-12,20210512140000000,sh.603032,11.9000,11.9800,11.9000,11.9800,175440,2093109.0000,3
2021-05-12,20210512150000000,sh.603032,11.9900,12.1300,11.9900,12.1300,744060,9012460.0000,3
2021-05-13,20210513103000000,sh.603032,12.2600,12.4700,12.1000,12.3000,936315,11510306.0000,3
2021-05-13,20210513113000000,sh.603032,12.3000,12.7400,12.3000,12.6600,1171360,14823346.0000,3
2021-05-13,20210513140000000,sh.603032,12.6400,12.6700,12.4700,12.5000,315200,3957643.0000,3
2021-05-13,20210513150000000,sh.603032,12.5000,12.6200,12.2900,12.3800,552900,6881681.0000,3
2021-05-14,20210514103000000,sh.603032,12.5000,12.9300,12.4000,12.4800,890840,11256826.0000,3
2021-05-14,20210514113000000,sh.603032,12.4900,12.5200,12.4000,12.5000,259000,3222566.0000,3
2021-05-14,20210514140000000,sh.603032,12.5100,12.5900,12.4500,12.4500,151080,1888959.0000,3
2021-05-14,20210514150000000,sh.603032,12.4500,12.4700,12.3700,12.4100,464025,5756585.0000,3
2021-05-17,20210517103000000,sh.603032,12.3400,12.5500,12.1500,12.2200,498320,6118561.0000,3
2021-05-17,20210517113000000,sh.603032,12.2200,12.2900,12.1500,12.1500,357800,4370033.0000,3
2021-05-17,20210517140000000,sh.603032,12.1600,12.2000,12.0000,12.0800,461920,5573756.0000,3
2021-05-17,20210517150000000,sh.603032,12.0800,12.1000,12.0100,12.0800,292800,3529841.0000,3
2021-05-18,20210518103000000,sh.603032,12.0400,12.3000,11.9000,12.0700,346500,4178765.0000,3
2021-05-18,20210518113000000,sh.603032,12.0300,12.0900,12.0300,12.0800,66800,805578.0000,3
2021-05-18,20210518140000000,sh.603032,12.0900,12.1200,12.0500,12.0500,124900,1511162.0000,3
2021-05-18,20210518150000000,sh.603032,12.0500,12.2000,12.0500,12.1500,173100,2101114.0000,3
2021-05-19,20210519103000000,sh.603032,12.0300,12.2500,12.0300,12.0700,351115,4253623.0000,3
2021-05-19,20210519113000000,sh.603032,12.0700,12.1200,11.9000,11.9400,270085,3236297.0000,3
2021-05-19,20210519140000000,sh.603032,11.9300,12.1500,11.9200,12.1400,246000,2959962.0000,3
2021-05-19,20210519150000000,sh.603032,12.1400,12.5400,11.9700,12.3200,774115,9499499.0000,3
2021-05-20,20210520103000000,sh.603032,12.2800,12.3700,12.1900,12.3700,406300,4995641.0000,3
2021-05-20,20210520113000000,sh.603032,12.3700,12.4400,12.2100,12.2200,162400,1999146.0000,3
2021-05-20,20210520140000000,sh.603032,12.2200,12.2500,12.0100,12.0400,251500,3052269.0000,3
2021-05-20,20210520150000000,sh.603032,12.0400,12.0500,11.9600,11.9700,442000,5301456.0000,3
2021-05-21,20210521103000000,sh.603032,11.9500,11.9500,11.8500,11.9300,191940,2283349.0000,3
2021-05-21,20210521113000000,sh.603032,11.9300,12.0400,11.9200,11.9400,97100,1162958.0000,3
2021-05-21,20210521140000000,sh.603032,11.9200,11.9300,11.8500,11.8500,170500,2026154.0000,3
2021-05-21,20210521150000000,sh.603032,11.8500,11.8500,11.6200,11.6900,461520,5415638.0000,3
2021-05-24,20210524103000000,sh.603032,11.4900,11.8000,11.4900,11.6600,208000,2425717.0000,3
2021-05-24,20210524113000000,sh.603032,11.6600,11.6600,11.6000,11.6200,133000,1546005.0000,3
2021-05-24,20210524140000000,sh.603032,11.6400,11.6400,11.4600,11.5000,178100,2051050.0000,3
2021-05-24,20210524150000000,sh.603032,11.5000,11.5300,11.3400,11.3400,347000,3962100.0000,3
2021-05-25,20210525103000000,sh.603032,11.5000,11.5000,11.0000,11.2000,685415,7658844.0000,3
2021-05-25,20210525113000000,sh.603032,11.2100,11.4300,11.1500,11.4200,196381,2215440.0000,3
2021-05-25,20210525140000000,sh.603032,11.4200,11.8800,11.4100,11.8700,460888,5391006.0000,3
2021-05-25,20210525150000000,sh.603032,11.8700,11.9100,11.8000,11.9100,475300,5636256.0000,3
2021-05-26,20210526103000000,sh.603032,12.1400,12.5100,11.9200,12.3200,989440,12160294.0000,3
2021-05-26,20210526113000000,sh.603032,12.3200,12.4500,12.3100,12.3800,217300,2690817.0000,3
2021-05-26,20210526140000000,sh.603032,12.3800,12.5100,12.3800,12.5100,592740,7409616.0000,3
2021-05-26,20210526150000000,sh.603032,12.5100,12.5100,12.5100,12.5100,44900,561699.0000,3
2021-05-27,20210527103000000,sh.603032,12.7000,12.7000,12.1000,12.2700,1213300,14936443.0000,3
2021-05-27,20210527113000000,sh.603032,12.2800,12.4800,12.2800,12.3800,358700,4443533.0000,3
2021-05-27,20210527140000000,sh.603032,12.3800,12.4300,12.2400,12.2800,223300,2752767.0000,3
2021-05-27,20210527150000000,sh.603032,12.2800,12.3700,12.1500,12.2000,447900,5477045.0000,3
2021-05-28,20210528103000000,sh.603032,12.4000,12.4000,12.2000,12.2800,417300,5128731.0000,3
2021-05-28,20210528113000000,sh.603032,12.2800,12.5400,12.2100,12.3900,384100,4753139.0000,3
2021-05-28,20210528140000000,sh.603032,12.3900,12.4300,12.2300,12.2300,124900,1539323.0000,3
2021-05-28,20210528150000000,sh.603032,12.2200,12.2900,12.1900,12.1900,210100,2567439.0000,3
2021-05-31,20210531103000000,sh.603032,12.0800,12.2800,11.9100,12.1300,516940,6239834.0000,3
2021-05-31,20210531113000000,sh.603032,12.1400,12.1800,12.1200,12.1600,79980,971698.0000,3
2021-05-31,20210531140000000,sh.603032,12.1700,12.1700,11.9800,12.0500,234700,2829007.0000,3
2021-05-31,20210531150000000,sh.603032,12.0500,12.1500,12.0500,12.1200,162400,1966580.0000,3
2021-06-01,20210601103000000,sh.603032,12.0300,12.1200,11.9700,12.0200,384600,4618902.0000,3
2021-06-01,20210601113000000,sh.603032,12.0200,12.0900,12.0000,12.0700,97400,1171285.0000,3
2021-06-01,20210601140000000,sh.603032,12.0700,12.1100,12.0000,12.0800,159200,1916796.0000,3
2021-06-01,20210601150000000,sh.603032,12.0800,12.0800,11.9800,11.9900,261800,3142371.0000,3
2021-06-02,20210602103000000,sh.603032,11.9900,12.0700,11.9000,11.9500,249040,2976366.0000,3
2021-06-02,20210602113000000,sh.603032,11.9500,11.9600,11.8100,11.8400,274500,3262895.0000,3
2021-06-02,20210602140000000,sh.603032,11.8400,11.9300,11.8000,11.8200,253400,3003371.0000,3
2021-06-02,20210602150000000,sh.603032,11.8300,11.8800,11.8000,11.8000,135400,1599873.0000,3
2021-06-03,20210603103000000,sh.603032,12.0000,12.2800,11.8200,12.1300,557562,6747410.0000,3
2021-06-03,20210603113000000,sh.603032,12.1300,12.2200,12.1300,12.1500,102600,1249804.0000,3
2021-06-03,20210603140000000,sh.603032,12.1500,12.3700,12.1500,12.3300,391800,4821376.0000,3
2021-06-03,20210603150000000,sh.603032,12.3300,12.3900,12.2000,12.3100,1266740,15657348.0000,3
2021-06-04,20210604103000000,sh.603032,12.2200,12.3300,12.0600,12.2500,1129800,13779736.0000,3
2021-06-04,20210604113000000,sh.603032,12.2500,12.2700,12.0000,12.1500,411800,4987819.0000,3
2021-06-04,20210604140000000,sh.603032,12.1500,12.6500,12.0700,12.5800,1104480,13686506.0000,3
2021-06-04,20210604150000000,sh.603032,12.5800,12.5900,12.3500,12.3600,966640,12022245.0000,3
2021-06-07,20210607103000000,sh.603032,12.9300,12.9800,12.9000,12.9800,2319460,30078545.0000,3
2021-06-07,20210607113000000,sh.603032,12.9800,12.9800,12.9800,12.9800,36000,467280.0000,3
2021-06-07,20210607140000000,sh.603032,12.9800,12.9800,12.9800,12.9800,15100,195998.0000,3
2021-06-07,20210607150000000,sh.603032,12.9800,12.9800,12.9800,12.9800,27700,359546.0000,3
2021-06-08,20210608103000000,sh.603032,13.6300,13.6300,13.6300,13.6300,164800,2246224.0000,3
2021-06-08,20210608113000000,sh.603032,13.6300,13.6300,13.6300,13.6300,29820,406447.0000,3
2021-06-08,20210608140000000,sh.603032,13.6300,13.6300,13.6300,13.6300,18200,248066.0000,3
2021-06-08,20210608150000000,sh.603032,13.6300,13.6300,13.6300,13.6300,24708,336770.0000,3
2021-06-09,20210609103000000,sh.603032,14.3100,14.3100,14.3100,14.3100,155620,2226922.0000,3
2021-06-09,20210609113000000,sh.603032,14.3100,14.3100,14.3100,14.3100,6800,97308.0000,3
2021-06-09,20210609140000000,sh.603032,14.3100,14.3100,14.3100,14.3100,18500,264735.0000,3
2021-06-09,20210609150000000,sh.603032,14.3100,14.3100,14.3100,14.3100,10800,154548.0000,3
2021-06-10,20210610103000000,sh.603032,15.0300,15.0300,14.0000,14.3600,4432060,64887891.0000,3
2021-06-10,20210610113000000,sh.603032,14.3600,14.5000,14.2400,14.4600,482642,6940816.0000,3
2021-06-10,20210610140000000,sh.603032,14.4600,14.4800,14.2200,14.2500,451980,6473100.0000,3
2021-06-10,20210610150000000,sh.603032,14.2700,14.3500,13.9100,13.9600,1057500,14931299.0000,3
2021-06-11,20210611103000000,sh.603032,14.6000,14.6600,14.3000,14.6100,3186420,46551062.0000,3
2021-06-11,20210611113000000,sh.603032,14.6100,14.6600,14.5900,14.6600,629100,9213805.0000,3
2021-06-11,20210611140000000,sh.603032,14.6600,14.6600,14.6600,14.6600,108100,1584746.0000,3
2021-06-11,20210611150000000,sh.603032,14.6600,14.6600,14.6600,14.6600,57800,847348.0000,3
2021-06-15,20210615103000000,sh.603032,15.3900,15.3900,15.3900,15.3900,161400,2483946.0000,3
2021-06-15,20210615113000000,sh.603032,15.3900,15.3900,15.3900,15.3900,12500,192375.0000,3
2021-06-15,20210615140000000,sh.603032,15.3900,15.3900,15.3900,15.3900,25400,390906.0000,3
2021-06-15,20210615150000000,sh.603032,15.3900,15.3900,15.3900,15.3900,19300,297027.0000,3
2021-06-16,20210616103000000,sh.603032,16.1600,16.1600,16.1600,16.1600,338020,5462403.0000,3
2021-06-16,20210616113000000,sh.603032,16.1600,16.1600,16.1600,16.1600,19300,311888.0000,3
2021-06-16,20210616140000000,sh.603032,16.1600,16.1600,15.0600,16.1600,3590120,57598830.0000,3
2021-06-16,20210616150000000,sh.603032,16.1600,16.1600,16.1600,16.1600,145628,2353348.0000,3
2021-06-17,20210617103000000,sh.603032,16.7500,16.9700,16.2100,16.9700,2078954,34969851.0000,3
2021-06-17,20210617113000000,sh.603032,16.9700,16.9700,16.9700,16.9700,42700,724619.0000,3
2021-06-17,20210617140000000,sh.603032,16.9700,16.9700,16.9700,16.9700,24800,420856.0000,3
2021-06-17,20210617150000000,sh.603032,16.9700,16.9700,16.9700,16.9700,79660,1351831.0000,3
2021-06-18,20210618103000000,sh.603032,17.3000,17.8200,16.9700,17.2900,3207148,55917034.0000,3
2021-06-18,20210618113000000,sh.603032,17.2900,17.5000,17.2800,17.3600,419742,7301244.0000,3
2021-06-18,20210618140000000,sh.603032,17.3500,17.4900,17.2800,17.3800,375714,6541987.0000,3
2021-06-18,20210618150000000,sh.603032,17.3900,17.8200,17.0100,17.6700,1892106,33280648.0000,3
2021-06-21,20210621103000000,sh.603032,17.6900,18.5500,17.6700,18.5500,1433894,26227478.0000,3
2021-06-21,20210621113000000,sh.603032,18.5500,18.5500,18.5500,18.5500,82900,1537795.0000,3
2021-06-21,20210621140000000,sh.603032,18.5500,18.5500,18.5500,18.5500,102700,1905085.0000,3
2021-06-21,20210621150000000,sh.603032,18.5500,18.5500,18.5200,18.5500,537782,9975600.0000,3
2021-06-22,20210622103000000,sh.603032,18.5800,19.4000,17.9800,18.4700,2656430,50316516.0000,3
2021-06-22,20210622113000000,sh.603032,18.4700,18.4700,17.7000,18.0000,1171540,21150580.0000,3
2021-06-22,20210622140000000,sh.603032,18.1000,19.0000,18.1000,18.5800,730100,13650344.0000,3
2021-06-22,20210622150000000,sh.603032,18.5800,19.0000,18.4500,18.7000,550000,10348835.0000,3
2021-06-23,20210623103000000,sh.603032,18.9100,19.4000,18.1600,18.7200,1743400,32917354.0000,3
2021-06-23,20210623113000000,sh.603032,18.7200,19.1500,18.6800,18.9800,470040,8856769.0000,3
2021-06-23,20210623140000000,sh.603032,18.9900,19.1000,18.5100,18.7000,560600,10528099.0000,3
2021-06-23,20210623150000000,sh.603032,18.7000,18.9300,18.4800,18.5000,721100,13439466.0000,3
2021-06-24,20210624103000000,sh.603032,18.0400,18.2000,17.5800,17.5800,1280100,22745291.0000,3
2021-06-24,20210624113000000,sh.603032,17.5800,17.5800,17.5800,17.5800,56300,989754.0000,3
2021-06-24,20210624140000000,sh.603032,17.5800,17.5800,17.5800,17.5800,34000,597720.0000,3
2021-06-24,20210624150000000,sh.603032,17.5800,17.5800,17.5800,17.5800,28900,508062.0000,3
2021-06-25,20210625103000000,sh.603032,16.9000,17.8800,16.9000,17.7600,2571400,44272727.0000,3
2021-06-25,20210625113000000,sh.603032,17.7600,17.8300,17.4000,17.7000,556140,9840756.0000,3
2021-06-25,20210625140000000,sh.603032,17.7000,18.4600,17.6500,18.4600,755159,13775312.0000,3
2021-06-25,20210625150000000,sh.603032,18.4600,18.4600,18.4600,18.4600,376460,6949452.0000,3
2021-06-28,20210628103000000,sh.603032,18.1800,18.6800,17.8600,18.1800,1226399,22303062.0000,3
2021-06-28,20210628113000000,sh.603032,18.1800,18.2600,17.7000,17.7000,561321,10092040.0000,3
2021-06-28,20210628140000000,sh.603032,17.6700,17.6800,17.5400,17.5400,1121900,19704333.0000,3
2021-06-28,20210628150000000,sh.603032,17.5400,17.5400,17.5400,17.5400,263900,4628806.0000,3
2021-06-29,20210629103000000,sh.603032,17.2000,17.8300,16.6600,17.3900,1492179,25590256.0000,3
2021-06-29,20210629113000000,sh.603032,17.3900,17.4800,17.2200,17.2300,177960,3085472.0000,3
2021-06-29,20210629140000000,sh.603032,17.2400,17.5100,17.2400,17.3500,171200,2974667.0000,3
2021-06-29,20210629150000000,sh.603032,17.3500,17.3900,17.1000,17.3800,313240,5398702.0000,3
2021-06-30,20210630103000000,sh.603032,17.4500,18.2000,17.4500,17.9600,716100,12760690.0000,3
2021-06-30,20210630113000000,sh.603032,17.9600,17.9800,17.4500,17.6500,315700,5590926.0000,3
2021-06-30,20210630140000000,sh.603032,17.6500,17.7300,17.5800,17.6700,179234,3162738.0000,3
2021-06-30,20210630150000000,sh.603032,17.6700,18.1900,17.6400,17.9800,524200,9412002.0000,3
2021-07-01,20210701103000000,sh.603032,17.8800,18.8800,17.7000,18.8800,1650570,30470901.4000,3
2021-07-01,20210701113000000,sh.603032,18.8800,18.8800,18.8800,18.8800,69600,1314048.0000,3
2021-07-01,20210701140000000,sh.603032,18.8800,18.8800,18.8800,18.8800,30600,577728.0000,3
2021-07-01,20210701150000000,sh.603032,18.8800,18.8800,18.8800,18.8800,87300,1648224.0000,3
2021-07-02,20210702103000000,sh.603032,19.4500,19.8200,18.5500,19.0100,1850900,36017143.4000,3
2021-07-02,20210702113000000,sh.603032,19.0100,19.0100,18.2300,18.6200,569700,10626537.0000,3
2021-07-02,20210702140000000,sh.603032,18.6200,19.3500,18.3800,19.3500,421579,7966487.9400,3
2021-07-02,20210702150000000,sh.603032,19.3500,19.4500,18.5800,18.6000,463081,8765214.6600,3
2021-07-05,20210705103000000,sh.603032,18.4000,18.6000,17.7200,17.9800,1539793,27739637.9300,3
2021-07-05,20210705113000000,sh.603032,17.9800,18.4800,17.9000,18.1600,389000,7046702.0000,3
2021-07-05,20210705140000000,sh.603032,18.1600,18.2900,17.9000,18.0100,296380,5346520.0000,3
2021-07-05,20210705150000000,sh.603032,18.0100,18.1500,17.7000,17.7000,761040,13563353.0000,3
2021-07-06,20210706103000000,sh.603032,17.4800,17.8800,17.3200,17.6500,861900,15122412.0000,3
2021-07-06,20210706113000000,sh.603032,17.6200,17.7000,17.3600,17.4500,318300,5562584.0000,3
2021-07-06,20210706140000000,sh.603032,17.4500,17.7800,17.3700,17.6200,329300,5778762.0000,3
2021-07-06,20210706150000000,sh.603032,17.6200,17.6400,17.3700,17.5700,364120,6366594.8000,3
2021-07-07,20210707103000000,sh.603032,17.4300,18.2600,17.4000,18.0300,1188220,21375827.2000,3
2021-07-07,20210707113000000,sh.603032,18.0300,18.1900,18.0200,18.1300,151900,2749446.0000,3
2021-07-07,20210707140000000,sh.603032,18.0800,18.1700,18.0300,18.1500,225480,4082382.0000,3
2021-07-07,20210707150000000,sh.603032,18.1500,18.4500,18.1500,18.4500,571200,10514898.0000,3
2021-07-08,20210708103000000,sh.603032,18.8000,18.8000,17.8800,18.0500,1362400,24735187.0000,3
2021-07-08,20210708113000000,sh.603032,18.0400,18.5000,17.9000,18.2000,545600,9926155.0000,3
2021-07-08,20210708140000000,sh.603032,18.2000,18.4100,18.0600,18.2100,226900,4133252.0000,3
2021-07-08,20210708150000000,sh.603032,18.2100,18.4000,18.1200,18.1200,348800,6366982.0000,3
2021-07-09,20210709103000000,sh.603032,17.8000,18.0800,17.4900,17.8000,905700,16059325.0000,3
2021-07-09,20210709113000000,sh.603032,17.8000,17.8600,17.7600,17.8600,141900,2527254.0000,3
2021-07-09,20210709140000000,sh.603032,17.8800,18.4000,17.8100,18.2500,370400,6731908.4000,3
2021-07-09,20210709150000000,sh.603032,18.2500,18.2900,17.8900,17.9100,310600,5617610.0000,3
2021-07-12,20210712103000000,sh.603032,17.9100,18.3200,17.6100,18.0700,673928,12097509.7200,3
2021-07-12,20210712113000000,sh.603032,18.0700,18.1200,17.8000,17.9200,247600,4435427.0000,3
2021-07-12,20210712140000000,sh.603032,17.9200,18.0500,17.8200,17.8700,335000,5999402.0000,3
2021-07-12,20210712150000000,sh.603032,17.8700,17.9700,17.5000,17.6000,577600,10210584.0000,3
2021-07-13,20210713103000000,sh.603032,17.4200,17.9000,17.2000,17.4600,473022,8226390.1400,3
2021-07-13,20210713113000000,sh.603032,17.4600,17.4600,17.2500,17.2600,324700,5629947.1400,3
2021-07-13,20210713140000000,sh.603032,17.2600,17.3200,17.2100,17.3000,196600,3394946.0000,3
2021-07-13,20210713150000000,sh.603032,17.3100,17.3100,17.0000,17.0800,567160,9725195.6000,3
2021-07-14,20210714103000000,sh.603032,17.1100,17.9000,17.0900,17.7000,1084280,19093322.8000,3
2021-07-14,20210714113000000,sh.603032,17.7000,17.9300,17.6300,17.9300,666360,11901340.6000,3
2021-07-14,20210714140000000,sh.603032,17.9300,17.9300,17.9300,17.9300,181600,3256088.0000,3
2021-07-14,20210714150000000,sh.603032,17.9300,17.9300,17.7400,17.9300,1423800,25522561.0000,3
2021-07-15,20210715103000000,sh.603032,17.7000,18.8300,17.7000,18.8300,2112680,39094347.2000,3
2021-07-15,20210715113000000,sh.603032,18.8300,18.8300,18.8300,18.8300,33400,628922.0000,3
2021-07-15,20210715140000000,sh.603032,18.8300,18.8300,18.8300,18.8300,14900,280567.0000,3
2021-07-15,20210715150000000,sh.603032,18.8300,18.8300,18.8300,18.8300,19600,369068.0000,3
2021-07-16,20210716103000000,sh.603032,19.7700,19.7700,19.0200,19.7700,1743240,34434192.4000,3
2021-07-16,20210716113000000,sh.603032,19.7700,19.7700,19.7700,19.7700,34620,684437.4000,3
2021-07-16,20210716140000000,sh.603032,19.7700,19.7700,19.7700,19.7700,30800,608916.0000,3
2021-07-16,20210716150000000,sh.603032,19.7700,19.7700,19.7700,19.7700,30900,610893.0000,3
2021-07-19,20210719103000000,sh.603032,20.7600,20.7600,20.7600,20.7600,104000,2159040.0000,3
2021-07-19,20210719113000000,sh.603032,20.7600,20.7600,20.7600,20.7600,11064,229688.6400,3
2021-07-19,20210719140000000,sh.603032,20.7600,20.7600,20.7600,20.7600,10600,220056.0000,3
2021-07-19,20210719150000000,sh.603032,20.7600,20.7600,20.7600,20.7600,8100,168156.0000,3
2021-07-20,20210720103000000,sh.603032,21.8000,21.8000,21.0000,21.6000,5878467,127382201.1500,3
2021-07-20,20210720113000000,sh.603032,21.6000,21.7900,21.3000,21.4800,654300,14086948.0000,3
2021-07-20,20210720140000000,sh.603032,21.4800,21.7900,21.4000,21.5200,501400,10849029.0000,3
2021-07-20,20210720150000000,sh.603032,21.5200,21.8000,21.5000,21.7700,1093900,23796958.0000,3
2021-07-21,20210721103000000,sh.603032,22.4400,22.7700,21.8000,22.3000,2341201,52270337.2400,3
2021-07-21,20210721113000000,sh.603032,22.3000,22.6900,22.1000,22.4900,532740,11953344.2000,3
2021-07-21,20210721140000000,sh.603032,22.4900,22.8600,22.4700,22.8600,729140,16643054.4000,3
2021-07-21,20210721150000000,sh.603032,22.8600,22.8600,22.8600,22.8600,36100,825246.0000,3
2021-07-22,20210722103000000,sh.603032,23.5000,24.0000,23.3500,24.0000,1795770,42951500.8000,3
2021-07-22,20210722113000000,sh.603032,24.0000,24.0000,24.0000,24.0000,203200,4876800.0000,3
2021-07-22,20210722140000000,sh.603032,24.0000,24.0000,24.0000,24.0000,20600,494400.0000,3
2021-07-22,20210722150000000,sh.603032,24.0000,24.0000,24.0000,24.0000,34920,838080.0000,3
2021-07-23,20210723103000000,sh.603032,24.8000,25.2000,23.4100,25.2000,1555240,38923731.4000,3
2021-07-23,20210723113000000,sh.603032,25.2000,25.2000,24.8500,24.8500,413120,10400446.0000,3
2021-07-23,20210723140000000,sh.603032,24.8500,25.2000,24.1900,25.2000,1739781,43548553.1000,3
2021-07-23,20210723150000000,sh.603032,25.2000,25.2000,25.2000,25.2000,87019,2192878.8000,3
2021-07-26,20210726103000000,sh.603032,25.2000,26.4600,25.2000,26.4600,1864040,48694685.0600,3
2021-07-26,20210726113000000,sh.603032,26.4600,26.4600,24.2700,25.2200,1393320,36136877.0000,3
2021-07-26,20210726140000000,sh.603032,25.2200,26.2000,25.2200,26.0200,508201,13117806.3600,3
2021-07-26,20210726150000000,sh.603032,26.0200,26.4600,25.7600,26.2600,786022,20647681.8800,3
2021-07-27,20210727103000000,sh.603032,25.0200,25.7000,24.9500,24.9500,1195300,29976656.0000,3
2021-07-27,20210727113000000,sh.603032,24.9500,24.9500,24.9500,24.9500,26600,663670.0000,3
2021-07-27,20210727140000000,sh.603032,24.9500,24.9500,24.9500,24.9500,44700,1115265.0000,3
2021-07-27,20210727150000000,sh.603032,24.9500,24.9500,24.9500,24.9500,24700,616265.0000,3
2021-07-28,20210728103000000,sh.603032,23.7000,23.7000,23.7000,23.7000,139000,3294300.0000,3
2021-07-28,20210728113000000,sh.603032,23.7000,23.7000,23.7000,23.7000,25500,604350.0000,3
2021-07-28,20210728140000000,sh.603032,23.7000,23.7000,23.7000,23.7000,9500,225150.0000,3
2021-07-28,20210728150000000,sh.603032,23.7000,23.7000,23.7000,23.7000,12800,303360.0000,3
2021-07-29,20210729103000000,sh.603032,22.7100,24.7300,22.7100,23.0400,2597200,60879103.0000,3
2021-07-29,20210729113000000,sh.603032,23.0400,24.0000,23.0200,23.6900,319980,7502455.2000,3
2021-07-29,20210729140000000,sh.603032,23.6900,23.7500,23.3800,23.4500,288840,6811300.4000,3
2021-07-29,20210729150000000,sh.603032,23.4500,23.6000,22.9900,23.2000,615361,14259838.4300,3
2021-07-30,20210730103000000,sh.603032,22.8600,23.2200,22.0400,22.0400,1605700,35914653.0000,3
2021-07-30,20210730113000000,sh.603032,22.0400,22.5000,22.0400,22.4500,382450,8491006.0000,3
2021-07-30,20210730140000000,sh.603032,22.4500,23.9900,22.4500,23.1800,691620,16052850.0000,3
2021-07-30,20210730150000000,sh.603032,23.1800,23.2400,22.9500,22.9700,210500,4863728.0500,3
2021-08-02,20210802103000000,sh.603032,23.7700,24.1200,23.2000,24.1200,659041,15693784.9200,3
2021-08-02,20210802113000000,sh.603032,24.1200,24.1200,24.1200,24.1200,33500,808020.0000,3
2021-08-02,20210802140000000,sh.603032,24.1200,24.1200,24.1200,24.1200,10500,253260.0000,3
2021-08-02,20210802150000000,sh.603032,24.1200,24.1200,24.1200,24.1200,24700,595764.0000,3
2021-08-03,20210803103000000,sh.603032,25.3300,25.3300,25.3300,25.3300,76200,1930146.0000,3
2021-08-03,20210803113000000,sh.603032,25.3300,25.3300,25.3300,25.3300,23000,582590.0000,3
2021-08-03,20210803140000000,sh.603032,25.3300,25.3300,25.3300,25.3300,12000,303960.0000,3
2021-08-03,20210803150000000,sh.603032,25.3300,25.3300,25.3300,25.3300,22500,569925.0000,3
2021-08-04,20210804103000000,sh.603032,26.6000,26.6000,26.6000,26.6000,205941,5478030.6000,3
2021-08-04,20210804113000000,sh.603032,26.6000,26.6000,26.6000,26.6000,9000,239400.0000,3
2021-08-04,20210804140000000,sh.603032,26.6000,26.6000,26.6000,26.6000,9000,239400.0000,3
2021-08-04,20210804150000000,sh.603032,26.6000,26.6000,26.6000,26.6000,8700,231420.0000,3
2021-08-05,20210805103000000,sh.603032,27.9300,27.9300,27.9300,27.9300,75440,2107039.2000,3
2021-08-05,20210805113000000,sh.603032,27.9300,27.9300,27.9300,27.9300,4500,125685.0000,3
2021-08-05,20210805140000000,sh.603032,27.9300,27.9300,27.9300,27.9300,70800,1977444.0000,3
2021-08-05,20210805150000000,sh.603032,27.9300,27.9300,27.9300,27.9300,20400,569772.0000,3
2021-08-06,20210806103000000,sh.603032,29.3300,29.3300,29.3300,29.3300,260420,7638119.0000,3
2021-08-06,20210806113000000,sh.603032,29.3300,29.3300,29.3300,29.3300,24000,703920.0000,3
2021-08-06,20210806140000000,sh.603032,29.3300,29.3300,29.3300,29.3300,47500,1393175.0000,3
2021-08-06,20210806150000000,sh.603032,29.3300,29.3300,29.3300,29.3300,9700,284501.0000,3
2021-08-09,20210809103000000,sh.603032,30.8000,30.8000,28.0000,30.0000,5133707,152916017.0000,3
2021-08-09,20210809113000000,sh.603032,30.0000,30.8000,29.8500,30.2800,2169681,66419216.0000,3
2021-08-09,20210809140000000,sh.603032,30.2000,30.5000,29.5000,30.3000,611320,18325137.0000,3
2021-08-09,20210809150000000,sh.603032,30.3000,30.4100,29.8000,29.9100,640500,19300593.0000,3
2021-08-10,20210810103000000,sh.603032,29.9100,31.4100,29.9000,31.4100,2320035,72040935.0000,3
2021-08-10,20210810113000000,sh.603032,31.4100,31.4100,31.4100,31.4100,31700,995697.0000,3
2021-08-10,20210810140000000,sh.603032,31.4100,31.4100,31.4100,31.4100,9000,282690.0000,3
2021-08-10,20210810150000000,sh.603032,31.4100,31.4100,31.4100,31.4100,11300,354933.0000,3
2021-08-11,20210811103000000,sh.603032,32.9800,32.9800,32.9800,32.9800,90000,2968200.0000,3
2021-08-11,20210811113000000,sh.603032,32.9800,32.9800,32.9800,32.9800,4800,158304.0000,3
2021-08-11,20210811140000000,sh.603032,32.9800,32.9800,32.9800,32.9800,6600,217668.0000,3
2021-08-11,20210811150000000,sh.603032,32.9800,32.9800,32.9800,32.9800,4800,158304.0000,3
2021-08-12,20210812103000000,sh.603032,34.6300,34.6300,32.3000,34.6300,4434514,152471430.0000,3
2021-08-12,20210812113000000,sh.603032,34.6300,34.6300,34.6300,34.6300,72020,2494053.0000,3
2021-08-12,20210812140000000,sh.603032,34.6300,34.6300,34.6300,34.6300,52400,1814612.0000,3
2021-08-12,20210812150000000,sh.603032,34.6300,34.6300,34.6300,34.6300,15400,533302.0000,3
2021-08-13,20210813103000000,sh.603032,35.1100,36.3600,33.4600,35.9600,3719777,131998738.0000,3
2021-08-13,20210813113000000,sh.603032,35.9600,35.9600,34.5000,34.6800,1053700,36995883.0000,3
2021-08-13,20210813140000000,sh.603032,34.7100,35.0900,33.7600,34.4100,1071393,36990601.0000,3
2021-08-13,20210813150000000,sh.603032,34.4100,34.9200,33.9600,34.1200,999147,34431480.0000,3
2021-08-16,20210816103000000,sh.603032,35.8300,35.8300,34.5000,35.2900,2781040,98686846.0000,3
2021-08-16,20210816113000000,sh.603032,35.2900,35.5100,35.0000,35.3600,390180,13800561.0000,3
2021-08-16,20210816140000000,sh.603032,35.3600,35.3600,34.6500,34.6600,443300,15517365.0000,3
2021-08-16,20210816150000000,sh.603032,34.6500,34.6500,32.4100,32.4200,1191867,39971481.0000,3
2021-08-17,20210817103000000,sh.603032,30.9000,32.4200,30.8500,31.5000,1618440,50860354.0000,3
2021-08-17,20210817113000000,sh.603032,31.5000,33.3300,31.3700,32.1900,700400,22653620.0000,3
2021-08-17,20210817140000000,sh.603032,32.3000,32.9700,32.1900,32.5800,426900,13941047.0000,3
2021-08-17,20210817150000000,sh.603032,32.5800,32.6500,30.8000,30.9000,867780,27270292.0000,3
2021-08-18,20210818103000000,sh.603032,30.9000,31.9800,30.1300,31.2200,1207300,37452188.0000,3
2021-08-18,20210818113000000,sh.603032,31.2200,31.6000,30.7800,31.2500,318706,9986575.0000,3
2021-08-18,20210818140000000,sh.603032,31.2800,31.3500,30.3000,30.6400,339200,10486495.0000,3
2021-08-18,20210818150000000,sh.603032,30.6300,30.6700,29.5000,30.5500,810600,24322879.0000,3
2021-08-19,20210819103000000,sh.603032,30.4000,31.0300,29.7800,30.1500,1205806,36483373.0000,3
2021-08-19,20210819113000000,sh.603032,30.1500,31.3800,30.0200,31.2400,954928,29335468.0000,3
2021-08-19,20210819140000000,sh.603032,31.2500,32.0800,31.2500,32.0800,582700,18587981.0000,3
2021-08-19,20210819150000000,sh.603032,32.0800,32.0800,32.0800,32.0800,28500,914280.0000,3
2021-08-20,20210820103000000,sh.603032,33.0500,33.6800,32.7000,33.6800,732400,24454455.0000,3
2021-08-20,20210820113000000,sh.603032,33.6800,33.6800,33.0300,33.6300,1490080,50032124.0000,3
2021-08-20,20210820140000000,sh.603032,33.6300,33.6800,33.3700,33.6800,912220,30688361.0000,3
2021-08-20,20210820150000000,sh.603032,33.6800,33.6800,33.6600,33.6800,477400,16077934.0000,3
2021-08-23,20210823103000000,sh.603032,33.6900,35.3000,32.8800,35.1400,2138980,73560247.0000,3
2021-08-23,20210823113000000,sh.603032,35.1300,35.3400,34.8000,35.1500,439100,15423652.0000,3
2021-08-23,20210823140000000,sh.603032,35.1500,35.3600,35.1500,35.3600,925160,32697635.0000,3
2021-08-23,20210823150000000,sh.603032,35.3600,35.3600,35.3600,35.3600,24120,852883.0000,3
2021-08-24,20210824103000000,sh.603032,36.0000,36.9400,35.2000,35.8600,1134178,40603607.0000,3
2021-08-24,20210824113000000,sh.603032,35.8500,37.1300,35.8000,36.9800,693101,25523837.0000,3
2021-08-24,20210824140000000,sh.603032,36.9800,37.0000,36.2000,36.7400,227140,8343800.0000,3
2021-08-24,20210824150000000,sh.603032,36.7400,37.1300,36.6800,37.1300,353154,13071731.0000,3
2021-08-25,20210825103000000,sh.603032,37.1300,38.9000,37.1300,38.7000,1001120,38292720.0000,3
2021-08-25,20210825113000000,sh.603032,38.7000,38.9900,38.7000,38.9900,694264,27054976.0000,3
2021-08-25,20210825140000000,sh.603032,38.9900,38.9900,38.9900,38.9900,76800,2994432.0000,3
2021-08-25,20210825150000000,sh.603032,38.9900,38.9900,38.9900,38.9900,24620,959934.0000,3
2021-08-26,20210826103000000,sh.603032,39.1100,40.9200,39.0000,39.6000,1822615,72965354.0000,3
2021-08-26,20210826113000000,sh.603032,39.6000,39.6200,37.2800,38.1900,648805,24977862.0000,3
2021-08-26,20210826140000000,sh.603032,38.1400,38.6800,37.6000,38.5900,412082,15739238.0000,3
2021-08-26,20210826150000000,sh.603032,38.5900,38.6000,37.0400,37.0400,1051600,39310708.0000,3
2021-08-27,20210827103000000,sh.603032,35.1900,35.1900,35.1900,35.1900,389500,13706505.0000,3
2021-08-27,20210827113000000,sh.603032,35.1900,35.1900,35.1900,35.1900,27900,981801.0000,3
2021-08-27,20210827140000000,sh.603032,35.1900,35.1900,35.1900,35.1900,25300,890307.0000,3
2021-08-27,20210827150000000,sh.603032,35.1900,35.1900,35.1900,35.1900,41600,1463904.0000,3
2021-08-30,20210830103000000,sh.603032,33.4300,36.9500,33.4300,35.5500,2800504,95415725.0000,3
2021-08-30,20210830113000000,sh.603032,35.5900,36.9000,35.5900,36.3500,1034028,37533269.0000,3
2021-08-30,20210830140000000,sh.603032,36.3500,36.9200,36.2800,36.3600,490600,17970067.0000,3
2021-08-30,20210830150000000,sh.603032,36.3600,36.9500,36.3300,36.9500,608201,22444444.0000,3
2021-08-31,20210831103000000,sh.603032,35.1000,35.8700,35.1000,35.1000,3323769,117018305.0000,3
2021-08-31,20210831113000000,sh.603032,35.1000,35.1000,35.1000,35.1000,278500,9775350.0000,3
2021-08-31,20210831140000000,sh.603032,35.1000,35.9400,35.1000,35.1000,568990,20103482.0000,3
2021-08-31,20210831150000000,sh.603032,35.1000,35.4000,35.1000,35.1000,174337,6120640.0000,3
2021-09-01,20210901103000000,sh.603032,34.6100,35.7100,33.3500,33.3500,1507300,51089214.0000,3
2021-09-01,20210901113000000,sh.603032,33.3500,33.4900,33.3500,33.4300,598700,19968743.0000,3
2021-09-01,20210901140000000,sh.603032,33.3600,35.0000,33.3600,33.7600,361009,12319544.0000,3
2021-09-01,20210901150000000,sh.603032,33.7600,33.9200,33.3500,33.6900,695400,23255680.0000,3
2021-09-02,20210902103000000,sh.603032,35.0000,35.2000,33.8000,34.8400,1106100,38228866.0000,3
2021-09-02,20210902113000000,sh.603032,34.8400,35.1000,34.6000,35.0500,264306,9231055.0000,3
2021-09-02,20210902140000000,sh.603032,35.1000,35.1000,34.6500,34.8900,273600,9562359.0000,3
2021-09-02,20210902150000000,sh.603032,34.8800,35.3700,34.8800,35.3700,540680,19073410.0000,3
2021-09-03,20210903103000000,sh.603032,36.0000,37.1400,35.1400,37.0000,1608840,58853542.0000,3
2021-09-03,20210903113000000,sh.603032,37.0000,37.0200,35.8000,36.5500,398100,14548357.0000,3
2021-09-03,20210903140000000,sh.603032,36.5300,37.1400,36.4200,37.1000,431620,15894962.0000,3
2021-09-03,20210903150000000,sh.603032,37.1000,37.1400,36.6800,37.0800,402100,14904259.0000,3
2021-09-06,20210906103000000,sh.603032,37.5900,38.9300,37.2000,38.9300,1901024,73603557.0000,3
2021-09-06,20210906113000000,sh.603032,38.9300,38.9300,38.9300,38.9300,36454,1419154.0000,3
2021-09-06,20210906140000000,sh.603032,38.9300,38.9300,38.9300,38.9300,131900,5134867.0000,3
2021-09-06,20210906150000000,sh.603032,38.9300,38.9300,38.9300,38.9300,21600,840888.0000,3
2021-09-07,20210907103000000,sh.603032,40.3800,40.8800,37.8000,38.7000,1510560,60196056.0000,3
2021-09-07,20210907113000000,sh.603032,38.7000,38.7000,36.9800,37.5500,829958,31232537.0000,3
2021-09-07,20210907140000000,sh.603032,37.5600,39.8800,37.4800,38.5500,357300,13839698.0000,3
2021-09-07,20210907150000000,sh.603032,38.5500,39.5000,38.2000,38.2900,298600,11564449.0000,3
2021-09-08,20210908103000000,sh.603032,37.2100,38.7800,37.2100,38.1300,716100,27194032.0000,3
2021-09-08,20210908113000000,sh.603032,38.1300,38.6700,38.1100,38.3000,203901,7806604.0000,3
2021-09-08,20210908140000000,sh.603032,38.3000,38.3000,37.6500,37.8000,286000,10857461.0000,3
2021-09-08,20210908150000000,sh.603032,37.8000,37.8000,36.6600,37.6300,776240,28972832.0000,3
2021-09-09,20210909103000000,sh.603032,37.8300,38.0500,35.7800,36.1800,776700,28359363.0000,3
2021-09-09,20210909113000000,sh.603032,36.1800,36.2900,35.8000,36.0500,258361,9300278.0000,3
2021-09-09,20210909140000000,sh.603032,36.2100,36.2400,35.7600,36.0000,339998,12196738.0000,3
2021-09-09,20210909150000000,sh.603032,36.0000,36.4000,35.9100,36.1600,269200,9750103.0000,3
2021-09-10,20210910103000000,sh.603032,36.1200,36.8000,35.5100,36.4300,408260,14809975.0000,3
2021-09-10,20210910113000000,sh.603032,36.4300,36.5000,35.7800,36.2800,241300,8714886.0000,3
2021-09-10,20210910140000000,sh.603032,36.3000,36.9600,36.2800,36.6100,291300,10687014.0000,3
2021-09-10,20210910150000000,sh.603032,36.6000,37.9700,36.5000,37.9700,521400,19624761.0000,3
2021-09-13,20210913103000000,sh.603032,38.8200,39.4700,37.7300,38.7100,825560,31995787.0000,3
2021-09-13,20210913113000000,sh.603032,38.7100,38.9800,38.3100,38.5100,136220,5249069.0000,3
2021-09-13,20210913140000000,sh.603032,38.5100,38.8400,38.4900,38.5700,128500,4965099.0000,3
2021-09-13,20210913150000000,sh.603032,38.5700,38.6800,37.8000,38.0300,365240,13942609.0000,3
2021-09-14,20210914103000000,sh.603032,38.0300,38.4100,36.6000,37.0800,444500,16502985.0000,3
2021-09-14,20210914113000000,sh.603032,37.0800,37.8500,37.0100,37.5700,112500,4206641.0000,3
2021-09-14,20210914140000000,sh.603032,37.5800,38.3200,37.5800,37.9300,207840,7886202.0000,3
2021-09-14,20210914150000000,sh.603032,37.9300,37.9300,36.6000,36.9000,476400,17726448.0000,3
2021-09-15,20210915103000000,sh.603032,36.3100,37.2500,36.3100,36.4100,400200,14683562.0000,3
2021-09-15,20210915113000000,sh.603032,36.4000,36.7800,36.3200,36.7000,136300,4979483.0000,3
2021-09-15,20210915140000000,sh.603032,36.7100,36.7700,35.9000,36.0000,438000,15862075.0000,3
2021-09-15,20210915150000000,sh.603032,36.0000,36.0000,35.0600,35.7500,678000,24008597.0000,3
2021-09-16,20210916103000000,sh.603032,35.8500,36.4000,34.5100,34.6100,525200,18492945.0000,3
2021-09-16,20210916113000000,sh.603032,34.6100,34.7300,33.9600,33.9600,850204,29003312.0000,3
2021-09-16,20210916140000000,sh.603032,33.9600,34.0100,33.9600,33.9600,238200,8089502.0000,3
2021-09-16,20210916150000000,sh.603032,33.9600,34.2600,33.9600,33.9600,353500,12021533.0000,3
2021-09-17,20210917103000000,sh.603032,33.0100,33.9200,32.8800,33.0800,368890,12242055.0000,3
2021-09-17,20210917113000000,sh.603032,33.0800,33.0800,32.2600,32.2600,706630,22872838.0000,3
2021-09-17,20210917140000000,sh.603032,32.2600,32.3900,32.2600,32.2600,229500,7406399.0000,3
2021-09-17,20210917150000000,sh.603032,32.2600,32.4700,32.2600,32.3600,559791,18123670.0000,3
2021-09-22,20210922103000000,sh.603032,31.2700,32.9900,30.7400,31.0000,1103820,34588933.0000,3
2021-09-22,20210922113000000,sh.603032,31.0000,31.4500,30.8200,31.0800,320800,9946656.0000,3
2021-09-22,20210922140000000,sh.603032,31.1000,31.9900,30.9500,31.6100,253200,7922461.0000,3
2021-09-22,20210922150000000,sh.603032,31.6100,31.9900,31.6100,31.8700,213500,6799566.0000,3
2021-09-23,20210923103000000,sh.603032,31.8000,33.4000,31.7000,32.8500,699820,22881761.0000,3
2021-09-23,20210923113000000,sh.603032,32.8500,33.3900,32.8400,33.1900,372900,12340406.0000,3
2021-09-23,20210923140000000,sh.603032,33.2100,33.4600,33.2100,33.4600,440500,14726400.0000,3
2021-09-23,20210923150000000,sh.603032,33.4600,33.4600,33.4600,33.4600,16500,552090.0000,3
2021-09-24,20210924103000000,sh.603032,34.0000,35.1300,33.5700,35.1300,1102420,38372516.0000,3
2021-09-24,20210924113000000,sh.603032,35.1300,35.1300,35.1300,35.1300,29120,1022985.0000,3
2021-09-24,20210924140000000,sh.603032,35.1300,35.1300,35.1300,35.1300,12000,421560.0000,3
2021-09-24,20210924150000000,sh.603032,35.1300,35.1300,35.1300,35.1300,39400,1384122.0000,3
2021-09-27,20210927103000000,sh.603032,36.0000,36.8900,35.1600,36.1000,2081840,75877158.0000,3
2021-09-27,20210927113000000,sh.603032,36.1600,36.8100,35.5500,36.7000,646040,23597009.0000,3
2021-09-27,20210927140000000,sh.603032,36.5200,36.8900,36.4900,36.7800,554140,20389446.0000,3
2021-09-27,20210927150000000,sh.603032,36.7700,36.8900,35.1100,35.1100,540500,19502262.0000,3
2021-09-28,20210928103000000,sh.603032,35.4000,36.5000,33.6800,35.8400,809860,28349543.0000,3
2021-09-28,20210928113000000,sh.603032,35.8400,36.0000,35.0000,35.8000,272520,9712784.0000,3
2021-09-28,20210928140000000,sh.603032,35.8000,35.9900,35.5000,35.9100,233500,8365721.0000,3
2021-09-28,20210928150000000,sh.603032,35.9100,36.8700,35.7600,36.8700,947100,34680153.0000,3
2021-09-29,20210929103000000,sh.603032,36.4800,37.7000,36.0000,36.3000,699600,25710767.0000,3
2021-09-29,20210929113000000,sh.603032,36.3000,36.6000,36.0200,36.5100,190820,6904212.0000,3
2021-09-29,20210929140000000,sh.603032,36.4900,36.8200,36.1600,36.2300,182700,6645524.0000,3
2021-09-29,20210929150000000,sh.603032,36.2000,36.2900,35.6000,36.0000,329700,11878877.0000,3
2021-09-30,20210930103000000,sh.603032,36.3500,36.8800,35.6200,36.8200,298540,10874473.0000,3
2021-09-30,20210930113000000,sh.603032,36.8200,37.3800,36.5000,37.0500,208500,7702092.0000,3
2021-09-30,20210930140000000,sh.603032,37.0500,37.7000,37.0500,37.4500,217550,8131428.0000,3
2021-09-30,20210930150000000,sh.603032,37.4500,37.4500,36.6000,36.6300,210900,7821800.0000,3
2021-10-08,20211008103000000,sh.603032,36.7000,37.4900,36.0000,36.6000,520300,18918770.0000,3
2021-10-08,20211008113000000,sh.603032,36.6000,37.3300,36.5500,37.2800,215400,7957605.0000,3
2021-10-08,20211008140000000,sh.603032,37.2800,37.9500,36.8100,37.6600,225128,8423496.0000,3
2021-10-08,20211008150000000,sh.603032,37.6600,37.9000,37.1100,37.9000,167570,6287148.0000,3
2021-10-11,20211011103000000,sh.603032,38.1000,38.8000,37.0000,38.2700,649300,24655884.0000,3
2021-10-11,20211011113000000,sh.603032,38.2700,38.2700,37.7700,37.8200,108020,4093172.0000,3
2021-10-11,20211011140000000,sh.603032,37.8300,37.8800,37.5000,37.7000,161380,6092427.0000,3
2021-10-11,20211011150000000,sh.603032,37.7000,37.7900,37.1100,37.2500,296978,11083727.0000,3
2021-10-12,20211012103000000,sh.603032,36.9000,37.3000,35.3900,36.1300,794700,28542363.0000,3
2021-10-12,20211012113000000,sh.603032,36.1300,37.4900,36.0700,36.9200,366090,13430293.0000,3
2021-10-12,20211012140000000,sh.603032,36.9200,36.9600,36.0700,36.2700,168700,6148937.0000,3
2021-10-12,20211012150000000,sh.603032,36.1100,36.2700,35.3900,35.3900,749100,26577589.0000,3
2021-10-13,20211013103000000,sh.603032,35.0100,35.9000,34.8400,35.6100,633940,22441709.0000,3
2021-10-13,20211013113000000,sh.603032,35.6200,35.7300,35.3900,35.4000,164000,5837444.0000,3
2021-10-13,20211013140000000,sh.603032,35.4000,35.5800,35.0500,35.1800,204400,7226814.0000,3
2021-10-13,20211013150000000,sh.603032,35.1800,35.5100,35.0600,35.3800,332900,11756233.0000,3
2021-10-14,20211014103000000,sh.603032,35.5500,35.7200,34.6000,35.0000,373233,13096560.0000,3
2021-10-14,20211014113000000,sh.603032,35.0000,36.9000,35.0000,36.3600,396120,14286853.0000,3
2021-10-14,20211014140000000,sh.603032,36.3600,36.3700,35.5900,35.6700,85800,3085513.0000,3
2021-10-14,20211014150000000,sh.603032,35.6700,35.8600,35.6000,35.8600,122000,4356695.0000,3
2021-10-15,20211015103000000,sh.603032,35.4900,36.1000,35.0400,35.4900,209700,7419883.0000,3
2021-10-15,20211015113000000,sh.603032,35.4900,35.8000,35.4400,35.6600,76700,2730380.0000,3
2021-10-15,20211015140000000,sh.603032,35.6700,35.8400,35.4500,35.4500,103800,3701680.0000,3
2021-10-15,20211015150000000,sh.603032,35.4500,35.6000,35.3000,35.4100,192800,6836845.0000,3
2021-10-18,20211018103000000,sh.603032,35.0500,35.4800,34.5000,34.8500,249700,8724204.0000,3
2021-10-18,20211018113000000,sh.603032,34.8500,34.8500,34.1200,34.2200,288420,9931002.0000,3
2021-10-18,20211018140000000,sh.603032,34.2800,34.7400,33.7000,34.5300,325600,11171195.0000,3
2021-10-18,20211018150000000,sh.603032,34.5300,35.1300,34.3000,35.0400,339900,11803758.0000,3
2021-10-19,20211019103000000,sh.603032,35.3400,35.3400,34.2500,34.5000,251100,8671345.0000,3
2021-10-19,20211019113000000,sh.603032,34.6000,35.5300,34.5000,35.5000,184700,6475253.0000,3
2021-10-19,20211019140000000,sh.603032,35.3800,36.6600,35.0500,36.5000,633000,22894730.0000,3
2021-10-19,20211019150000000,sh.603032,36.5000,36.7900,36.5000,36.7900,379520,13942104.0000,3
2021-10-20,20211020103000000,sh.603032,37.0000,38.0000,36.4000,36.8700,697200,25917606.0000,3
2021-10-20,20211020113000000,sh.603032,36.8700,37.7500,36.8700,37.4900,261000,9766738.0000,3
2021-10-20,20211020140000000,sh.603032,37.4900,37.8800,36.9700,37.2000,353500,13262284.0000,3
2021-10-20,20211020150000000,sh.603032,37.2000,37.4200,37.0100,37.2500,196248,7301517.0000,3
2021-10-21,20211021103000000,sh.603032,37.6500,37.6500,36.7100,36.8500,281200,10442276.0000,3
2021-10-21,20211021113000000,sh.603032,36.8500,37.2600,36.7500,37.0000,202100,7463674.0000,3
2021-10-21,20211021140000000,sh.603032,37.1200,37.1600,36.6900,36.6900,135600,4995079.0000,3
2021-10-21,20211021150000000,sh.603032,36.6000,36.6000,35.5500,36.0000,524800,18871649.0000,3
2021-10-22,20211022103000000,sh.603032,36.0000,37.7000,36.0000,37.5000,654600,24364741.0000,3
2021-10-22,20211022113000000,sh.603032,37.5000,37.8000,37.3200,37.8000,785800,29657279.0000,3
2021-10-22,20211022140000000,sh.603032,37.8000,37.8000,37.8000,37.8000,157800,5964840.0000,3
2021-10-22,20211022150000000,sh.603032,37.8000,37.8000,37.8000,37.8000,41320,1561896.0000,3
2021-10-25,20211025103000000,sh.603032,39.6900,39.6900,39.6000,39.6900,588500,23356932.0000,3
2021-10-25,20211025113000000,sh.603032,39.6900,39.6900,39.6900,39.6900,40600,1611414.0000,3
2021-10-25,20211025140000000,sh.603032,39.6900,39.6900,39.6900,39.6900,4800,190512.0000,3
2021-10-25,20211025150000000,sh.603032,39.6900,39.6900,39.6900,39.6900,5200,206388.0000,3
2021-10-26,20211026103000000,sh.603032,41.6700,41.6700,41.6700,41.6700,75629,3151460.0000,3
2021-10-26,20211026113000000,sh.603032,41.6700,41.6700,41.6700,41.6700,4820,200850.0000,3
2021-10-26,20211026140000000,sh.603032,41.6700,41.6700,41.6700,41.6700,9400,391698.0000,3
2021-10-26,20211026150000000,sh.603032,41.6700,41.6700,41.6700,41.6700,5500,229185.0000,3
2021-10-27,20211027103000000,sh.603032,43.7500,43.7500,42.1000,43.7500,1198168,52297462.0000,3
2021-10-27,20211027113000000,sh.603032,43.7500,43.7500,43.7500,43.7500,31000,1356250.0000,3
2021-10-27,20211027140000000,sh.603032,43.7500,43.7500,43.7500,43.7500,53500,2340625.0000,3
2021-10-27,20211027150000000,sh.603032,43.7500,43.7500,43.7500,43.7500,27200,1190000.0000,3
2021-10-28,20211028103000000,sh.603032,45.0000,45.9400,43.8500,44.8800,2203920,99771421.0000,3
2021-10-28,20211028113000000,sh.603032,44.9100,45.9400,44.9100,45.9400,1096460,50269305.0000,3
2021-10-28,20211028140000000,sh.603032,45.9400,45.9400,45.9000,45.9000,413400,18990226.0000,3
2021-10-28,20211028150000000,sh.603032,45.9000,45.9400,44.8000,45.8800,501900,22855066.0000,3
2021-10-29,20211029103000000,sh.603032,46.0000,46.0000,43.5900,44.6100,1156840,51964826.0000,3
2021-10-29,20211029113000000,sh.603032,44.6100,45.4200,44.5700,44.6900,152700,6846340.0000,3
2021-10-29,20211029140000000,sh.603032,45.3000,45.9800,44.7500,45.5900,283320,12895501.0000,3
2021-10-29,20211029150000000,sh.603032,45.6100,45.9100,45.2900,45.2900,272500,12418970.0000,3
2021-11-01,20211101103000000,sh.603032,47.4400,47.5500,46.0000,46.0100,2649010,125362997.0000,3
2021-11-01,20211101113000000,sh.603032,46.0000,47.2000,45.8800,47.1500,259200,12044230.0000,3
2021-11-01,20211101140000000,sh.603032,47.1500,47.5500,47.0500,47.4100,399100,18957110.0000,3
2021-11-01,20211101150000000,sh.603032,47.5400,47.5500,47.3600,47.5500,428060,20325103.0000,3
2021-11-02,20211102103000000,sh.603032,45.9800,47.7700,45.9800,47.2500,1168790,55115298.0000,3
2021-11-02,20211102113000000,sh.603032,47.2100,47.7000,47.0200,47.2200,356100,16853133.0000,3
2021-11-02,20211102140000000,sh.603032,47.3900,49.9300,47.2200,49.9300,1313180,65057112.0000,3
2021-11-02,20211102150000000,sh.603032,49.9300,49.9300,49.1100,49.9300,638600,31865245.0000,3
2021-11-03,20211103103000000,sh.603032,49.9000,52.0200,49.0000,50.3700,1585020,80645449.0000,3
2021-11-03,20211103113000000,sh.603032,50.3700,51.5000,50.0500,50.6700,483200,24524931.0000,3
2021-11-03,20211103140000000,sh.603032,50.6900,51.9400,50.6800,51.7500,343200,17717431.0000,3
2021-11-03,20211103150000000,sh.603032,51.7500,52.4300,51.5000,52.4300,862060,44972403.0000,3
2021-11-04,20211104103000000,sh.603032,53.3700,54.8800,53.0200,53.9300,978700,52802759.0000,3
2021-11-04,20211104113000000,sh.603032,53.9300,54.2900,53.7500,54.1700,242300,13064354.0000,3
2021-11-04,20211104140000000,sh.603032,54.1800,55.0500,53.9400,55.0500,381700,20886191.0000,3
2021-11-04,20211104150000000,sh.603032,55.0500,55.0500,55.0500,55.0500,273140,15036357.0000,3
2021-11-05,20211105103000000,sh.603032,56.0200,57.2700,52.6000,54.0000,1413129,77587073.0000,3
2021-11-05,20211105113000000,sh.603032,54.0000,55.4500,53.0000,55.3800,433240,23295027.0000,3
2021-11-05,20211105140000000,sh.603032,55.3800,56.2000,54.0000,54.7000,182300,10030665.0000,3
2021-11-05,20211105150000000,sh.603032,54.7000,54.7700,52.3400,52.3400,895960,47470737.0000,3
2021-11-08,20211108103000000,sh.603032,50.7000,53.0000,50.0000,52.1700,1266829,64971670.0000,3
2021-11-08,20211108113000000,sh.603032,52.1600,52.6500,50.2300,50.9300,497700,25703971.0000,3
2021-11-08,20211108140000000,sh.603032,50.9400,53.9600,50.9400,53.9600,609800,31788403.0000,3
2021-11-08,20211108150000000,sh.603032,53.9600,54.9600,53.1600,54.9600,1100360,60098708.0000,3
2021-11-09,20211109103000000,sh.603032,54.7100,57.7100,54.2000,57.7100,1633240,91784755.0000,3
2021-11-09,20211109113000000,sh.603032,57.7100,57.7100,56.9900,57.7100,734000,42194577.0000,3
2021-11-09,20211109140000000,sh.603032,57.7100,57.7100,57.7100,57.7100,42000,2423820.0000,3
2021-11-09,20211109150000000,sh.603032,57.7100,57.7100,57.7100,57.7100,18900,1090719.0000,3
2021-11-10,20211110103000000,sh.603032,58.8500,60.5000,57.7100,60.4000,1773040,105151318.0000,3
2021-11-10,20211110113000000,sh.603032,60.4000,60.4000,58.0000,59.7600,380900,22572925.0000,3
2021-11-10,20211110140000000,sh.603032,59.7500,60.6000,59.3100,60.5000,776000,46885575.0000,3
2021-11-10,20211110150000000,sh.603032,60.5000,60.6000,60.1200,60.6000,401860,24330357.0000,3
2021-11-11,20211111103000000,sh.603032,60.9900,63.6300,60.0000,63.6300,1853282,116272400.0000,3
2021-11-11,20211111113000000,sh.603032,63.6300,63.6300,62.3000,63.6000,937620,59399778.0000,3
2021-11-11,20211111140000000,sh.603032,63.6000,63.6300,63.3300,63.6300,256392,16305724.0000,3
2021-11-11,20211111150000000,sh.603032,63.6300,63.6300,63.6300,63.6300,16900,1075347.0000,3
2021-11-12,20211112103000000,sh.603032,65.0000,66.2000,60.8000,61.6400,1738860,110145428.0000,3
2021-11-12,20211112113000000,sh.603032,61.6400,63.8000,61.4200,63.7500,332100,20791591.0000,3
2021-11-12,20211112140000000,sh.603032,63.6300,63.6500,62.0300,63.2500,390000,24422059.0000,3
2021-11-12,20211112150000000,sh.603032,63.2500,66.6800,63.2500,64.8000,746400,48632604.0000,3
2021-11-15,20211115103000000,sh.603032,64.0000,64.3700,62.0000,62.5000,860920,54355014.0000,3
2021-11-15,20211115113000000,sh.603032,62.5000,63.1400,61.5600,61.5600,556500,34525985.0000,3
2021-11-15,20211115140000000,sh.603032,61.5600,61.5600,61.5600,61.5600,103300,6359148.0000,3
2021-11-15,20211115150000000,sh.603032,61.5600,62.4500,61.5600,61.5600,449260,27735305.0000,3
2021-11-16,20211116103000000,sh.603032,60.2000,62.8100,58.5300,61.3100,1087051,66063447.0000,3
2021-11-16,20211116113000000,sh.603032,61.3100,64.3700,59.9900,63.7800,628180,39382503.0000,3
2021-11-16,20211116140000000,sh.603032,63.7800,64.6400,63.7800,64.6400,733960,47398150.0000,3
2021-11-16,20211116150000000,sh.603032,64.6400,64.6400,64.6400,64.6400,73300,4738112.0000,3
2021-11-17,20211117103000000,sh.603032,65.5000,67.8700,65.0200,67.8700,1592820,107009502.0000,3
2021-11-17,20211117113000000,sh.603032,67.8700,67.8700,67.8700,67.8700,15400,1045198.0000,3
2021-11-17,20211117140000000,sh.603032,67.8700,67.8700,67.8700,67.8700,29900,2029313.0000,3
2021-11-17,20211117150000000,sh.603032,67.8700,67.8700,67.8700,67.8700,17800,1208086.0000,3
2021-11-18,20211118103000000,sh.603032,70.5600,71.2600,66.0100,68.5000,2582400,180710777.0000,3
2021-11-18,20211118113000000,sh.603032,68.5000,70.6000,68.0100,69.8300,340460,23638645.0000,3
2021-11-18,20211118140000000,sh.603032,69.8400,70.3000,68.5100,69.8900,359800,25049844.0000,3
2021-11-18,20211118150000000,sh.603032,69.8400,70.2900,67.8400,67.8400,417980,28718748.0000,3
2021-11-19,20211119103000000,sh.603032,67.8000,70.3400,66.2500,69.0500,1554582,107646959.0000,3
2021-11-19,20211119113000000,sh.603032,69.0300,69.4900,68.5800,69.1200,461200,31858316.0000,3
2021-11-19,20211119140000000,sh.603032,69.2000,69.8700,68.5500,69.4800,211900,14639868.0000,3
2021-11-19,20211119150000000,sh.603032,69.4800,71.2300,69.4000,70.0000,1772200,125552281.0000,3
2021-11-22,20211122103000000,sh.603032,67.0200,69.0800,66.5000,68.1600,2085662,140421183.0000,3
2021-11-22,20211122113000000,sh.603032,68.1800,68.1900,66.5500,66.9700,563900,37885197.0000,3
2021-11-22,20211122140000000,sh.603032,66.9500,67.7700,66.6600,67.7400,184900,12428728.0000,3
2021-11-22,20211122150000000,sh.603032,67.7500,68.4800,66.6000,67.0300,680600,45941721.0000,3
2021-11-23,20211123103000000,sh.603032,67.0000,68.7800,65.7100,66.2200,707600,47291254.0000,3
2021-11-23,20211123113000000,sh.603032,66.2200,66.8000,66.1000,66.4000,182900,12120346.0000,3
2021-11-23,20211123140000000,sh.603032,66.4000,66.4000,63.6800,63.6800,1362160,87936251.0000,3
2021-11-23,20211123150000000,sh.603032,63.6800,64.4000,63.6800,64.3400,593096,37828246.0000,3
2021-11-24,20211124103000000,sh.603032,63.5100,64.5100,62.2700,63.2300,897289,56858740.0000,3
2021-11-24,20211124113000000,sh.603032,63.2300,63.5000,61.6200,62.2800,552980,34460115.0000,3
2021-11-24,20211124140000000,sh.603032,62.2700,62.8800,61.6100,62.3300,420900,26148624.0000,3
2021-11-24,20211124150000000,sh.603032,62.3300,66.6600,62.3000,66.1600,1060380,69276533.0000,3
2021-11-25,20211125103000000,sh.603032,66.6000,66.6000,64.0600,64.1000,918820,59572894.0000,3
2021-11-25,20211125113000000,sh.603032,64.1000,64.1200,62.8500,63.3100,797000,50556943.0000,3
2021-11-25,20211125140000000,sh.603032,63.5000,64.4800,63.3500,64.1000,209782,13428778.0000,3
2021-11-25,20211125150000000,sh.603032,64.1000,64.3100,62.8600,63.2100,353200,22371981.0000,3
2021-11-26,20211126103000000,sh.603032,62.0100,65.0800,61.2700,65.0100,1020504,64185917.0000,3
2021-11-26,20211126113000000,sh.603032,65.0100,65.0100,63.3700,64.2100,244000,15685487.0000,3
2021-11-26,20211126140000000,sh.603032,64.3900,64.9900,63.4900,64.1000,149400,9609333.0000,3
2021-11-26,20211126150000000,sh.603032,64.1000,64.5500,63.5000,63.8700,180600,11531619.0000,3
2021-11-29,20211129103000000,sh.603032,64.0000,67.0600,63.5000,67.0600,2145164,142424884.0000,3
2021-11-29,20211129113000000,sh.603032,67.0600,67.0600,66.8100,67.0600,602090,40359367.0000,3
2021-11-29,20211129140000000,sh.603032,67.0600,67.0600,67.0600,67.0600,109820,7364529.0000,3
2021-11-29,20211129150000000,sh.603032,67.0600,67.0600,66.9300,67.0600,275200,18443029.0000,3
2021-11-30,20211130103000000,sh.603032,68.0300,69.7000,67.2000,68.0500,1209700,82897245.0000,3
2021-11-30,20211130113000000,sh.603032,68.0500,70.4100,68.0500,70.4100,990800,69510410.0000,3
2021-11-30,20211130140000000,sh.603032,70.4100,70.4100,70.4000,70.4100,166800,11744264.0000,3
2021-11-30,20211130150000000,sh.603032,70.4100,70.4100,70.4100,70.4100,33100,2330571.0000,3
2021-12-01,20211201103000000,sh.603032,71.9000,72.9000,67.5000,69.7000,1291300,90779938.0000,3
2021-12-01,20211201113000000,sh.603032,69.7000,69.7000,68.5600,68.6800,263000,18156112.0000,3
2021-12-01,20211201140000000,sh.603032,68.6700,69.1000,67.9000,68.7900,339900,23295532.0000,3
2021-12-01,20211201150000000,sh.603032,68.7900,70.1700,67.5000,67.5000,577520,39551305.0000,3
2021-12-02,20211202103000000,sh.603032,67.0000,70.8600,65.7000,70.7800,1085900,74311991.0000,3
2021-12-02,20211202113000000,sh.603032,70.7200,70.8800,70.7200,70.8800,951642,67446708.0000,3
2021-12-02,20211202140000000,sh.603032,70.8800,70.8800,70.8800,70.8800,61400,4352032.0000,3
2021-12-02,20211202150000000,sh.603032,70.8800,70.8800,70.8800,70.8800,24900,1764912.0000,3
2021-12-03,20211203103000000,sh.603032,73.9900,74.4200,71.5000,74.4200,1459841,107580374.0000,3
2021-12-03,20211203113000000,sh.603032,74.4200,74.4200,74.4200,74.4200,69200,5149864.0000,3
2021-12-03,20211203140000000,sh.603032,74.4200,74.4200,74.4200,74.4200,21900,1629798.0000,3
2021-12-03,20211203150000000,sh.603032,74.4200,74.4200,74.4200,74.4200,48800,3631696.0000,3
2021-12-06,20211206103000000,sh.603032,75.1500,78.1400,74.4200,78.1400,1098261,84824064.0000,3
2021-12-06,20211206113000000,sh.603032,78.1400,78.1400,78.1400,78.1400,10800,843912.0000,3
2021-12-06,20211206140000000,sh.603032,78.1400,78.1400,78.1400,78.1400,17900,1398706.0000,3
2021-12-06,20211206150000000,sh.603032,78.1400,78.1400,74.6700,77.3100,1140159,87618327.0000,3
2021-12-07,20211207103000000,sh.603032,75.9900,80.1800,74.2800,78.9000,1298000,100509512.0000,3
2021-12-07,20211207113000000,sh.603032,78.9000,79.1400,75.0000,77.4500,499500,38219482.0000,3
2021-12-07,20211207140000000,sh.603032,77.4500,77.4500,75.9500,76.8800,194440,14902371.0000,3
2021-12-07,20211207150000000,sh.603032,76.8900,81.1800,76.8800,81.1800,1000724,80346086.0000,3
2021-12-08,20211208103000000,sh.603032,77.5500,83.7000,77.5500,82.9700,1166920,94580040.0000,3
2021-12-08,20211208113000000,sh.603032,82.9700,85.0000,82.7400,83.6500,306890,25778755.0000,3
2021-12-08,20211208140000000,sh.603032,83.6500,84.0000,82.0000,82.4700,267762,22200821.0000,3
2021-12-08,20211208150000000,sh.603032,82.4700,83.1800,81.0000,81.0300,583900,47664181.0000,3
2021-12-09,20211209103000000,sh.603032,81.4400,83.4000,80.0000,81.0500,623647,50970910.0000,3
2021-12-09,20211209113000000,sh.603032,81.0500,81.9000,80.6000,80.6000,193300,15683112.0000,3
2021-12-09,20211209140000000,sh.603032,80.6000,80.9800,79.0000,80.0000,353600,28249432.0000,3
2021-12-09,20211209150000000,sh.603032,80.0000,80.7000,76.9900,78.8000,981300,76692323.0000,3
2021-12-10,20211210103000000,sh.603032,78.0000,81.5800,76.8300,81.5300,964760,76826579.0000,3
2021-12-10,20211210113000000,sh.603032,81.5300,81.5300,79.7300,80.2000,247800,19994525.0000,3
2021-12-10,20211210140000000,sh.603032,80.2100,80.4900,79.0000,79.1900,224800,17867185.0000,3
2021-12-10,20211210150000000,sh.603032,79.2500,80.5000,78.3000,80.5000,338601,26937939.0000,3
2021-12-13,20211213103000000,sh.603032,80.2000,81.0000,78.0000,78.3900,678700,53714640.0000,3
2021-12-13,20211213113000000,sh.603032,78.3900,80.1800,78.3900,79.3100,145200,11524609.0000,3
2021-12-13,20211213140000000,sh.603032,79.3100,82.4000,79.2800,81.4200,374952,30465215.0000,3
2021-12-13,20211213150000000,sh.603032,81.4200,81.9800,80.3400,80.5100,212342,17217777.0000,3
2021-12-14,20211214103000000,sh.603032,79.7700,80.7900,78.5200,79.1100,578200,45827700.0000,3
2021-12-14,20211214113000000,sh.603032,79.1100,79.1700,78.6100,79.1100,112900,8897596.0000,3
2021-12-14,20211214140000000,sh.603032,79.3000,80.5000,78.9900,80.0000,167800,13400629.0000,3
2021-12-14,20211214150000000,sh.603032,80.0000,80.0000,78.5000,78.5000,298700,23620753.0000,3
2021-12-15,20211215103000000,sh.603032,77.9900,81.5000,77.5000,80.5100,508800,40376912.0000,3
2021-12-15,20211215113000000,sh.603032,80.5000,82.4300,80.1500,82.4300,646120,52767764.0000,3
2021-12-15,20211215140000000,sh.603032,82.4300,82.4300,82.4300,82.4300,93100,7674233.0000,3
2021-12-15,20211215150000000,sh.603032,82.4300,82.4300,82.4300,82.4300,36100,2975723.0000,3
2021-12-16,20211216103000000,sh.603032,83.1300,84.8900,82.4500,83.2300,1140400,95752823.0000,3
2021-12-16,20211216113000000,sh.603032,83.2300,86.4000,83.1800,86.0700,387700,32786384.0000,3
2021-12-16,20211216140000000,sh.603032,86.0700,86.5500,86.0500,86.5500,230100,19901347.0000,3
2021-12-16,20211216150000000,sh.603032,86.5500,86.5500,86.5500,86.5500,39600,3427380.0000,3
2021-12-17,20211217103000000,sh.603032,87.0000,90.8000,87.0000,89.9900,1095540,97688981.0000,3
2021-12-17,20211217113000000,sh.603032,89.9900,90.8800,88.0000,89.3000,490920,44042004.0000,3
2021-12-17,20211217140000000,sh.603032,89.3000,90.0000,86.0000,87.5500,485320,42472686.0000,3
2021-12-17,20211217150000000,sh.603032,87.5500,90.8800,87.5500,90.8800,446320,40127860.0000,3
2021-12-20,20211220103000000,sh.603032,90.0000,93.0800,88.6800,89.3700,1008300,91629300.0000,3
2021-12-20,20211220113000000,sh.603032,89.3700,91.7500,89.0000,91.1800,271000,24494072.0000,3
2021-12-20,20211220140000000,sh.603032,91.2000,91.2400,89.6000,89.6200,200200,18047528.0000,3
2021-12-20,20211220150000000,sh.603032,89.6200,89.6900,86.3400,86.3400,824400,72035026.0000,3
2021-12-21,20211221103000000,sh.603032,83.0100,87.6600,82.1600,86.0000,1258400,106207613.0000,3
2021-12-21,20211221113000000,sh.603032,86.0000,86.2800,83.4000,83.7300,252120,21313097.0000,3
2021-12-21,20211221140000000,sh.603032,83.7300,85.0000,83.4000,84.7900,215640,18121515.0000,3
2021-12-21,20211221150000000,sh.603032,84.7900,85.0600,83.0100,84.5500,467660,39417089.0000,3
2021-12-22,20211222103000000,sh.603032,84.9000,88.7800,83.6600,88.7800,1039000,90814805.0000,3
2021-12-22,20211222113000000,sh.603032,88.7800,88.7800,88.7800,88.7800,112800,10014384.0000,3
2021-12-22,20211222140000000,sh.603032,88.7800,88.7800,86.8900,88.3800,901900,79614225.0000,3
2021-12-22,20211222150000000,sh.603032,88.3800,88.7800,88.3800,88.7800,305500,27105526.0000,3
2021-12-23,20211223103000000,sh.603032,88.7800,89.8800,85.3500,86.2900,929760,81269485.0000,3
2021-12-23,20211223113000000,sh.603032,86.1200,87.5200,86.1200,86.8000,221820,19258096.0000,3
2021-12-23,20211223140000000,sh.603032,86.5200,86.9900,85.1300,85.3800,366600,31562738.0000,3
2021-12-23,20211223150000000,sh.603032,85.3800,86.1800,84.6000,85.4000,424700,36212342.0000,3
2021-12-24,20211224103000000,sh.603032,84.9900,84.9900,82.2200,82.7000,589300,49081559.0000,3
2021-12-24,20211224113000000,sh.603032,82.7000,83.0000,81.1300,81.1300,615400,50130457.0000,3
2021-12-24,20211224140000000,sh.603032,81.1300,81.3500,81.1300,81.1300,397600,32263125.0000,3
2021-12-24,20211224150000000,sh.603032,81.1300,81.1400,81.1300,81.1300,298900,24249827.0000,3
2021-12-27,20211227103000000,sh.603032,80.1500,84.6600,78.0200,83.2300,912120,74838269.0000,3
2021-12-27,20211227113000000,sh.603032,83.1700,83.6000,82.3400,83.2900,231500,19217812.0000,3
2021-12-27,20211227140000000,sh.603032,83.3000,83.7500,82.7600,82.8400,230400,19145092.0000,3
2021-12-27,20211227150000000,sh.603032,82.8400,83.0000,81.8900,82.6300,242600,19995952.0000,3
2021-12-28,20211228103000000,sh.603032,82.7200,85.9000,81.0100,84.0000,707340,59517104.0000,3
2021-12-28,20211228113000000,sh.603032,84.0000,84.0100,82.0200,82.6200,303720,25209877.0000,3
2021-12-28,20211228140000000,sh.603032,82.6000,84.0800,82.0900,82.7500,253920,21040122.0000,3
2021-12-28,20211228150000000,sh.603032,82.7500,83.4800,81.2800,83.0000,291700,24023929.0000,3
2021-12-29,20211229103000000,sh.603032,82.4300,83.5600,80.5000,80.7000,491020,40146499.0000,3
2021-12-29,20211229113000000,sh.603032,80.5000,80.8200,79.0400,79.9700,315400,25151210.0000,3
2021-12-29,20211229140000000,sh.603032,80.0000,81.8500,79.1800,80.5500,240320,19298960.0000,3
2021-12-29,20211229150000000,sh.603032,80.5500,80.8800,79.5100,79.5100,320900,25713770.0000,3
2021-12-30,20211230103000000,sh.603032,78.5100,79.6100,76.1500,78.7900,752260,58587011.0000,3
2021-12-30,20211230113000000,sh.603032,78.7900,83.0600,78.7900,82.6100,657240,53602628.0000,3
2021-12-30,20211230140000000,sh.603032,82.9000,83.4800,81.7500,81.7600,509000,42058307.0000,3
2021-12-30,20211230150000000,sh.603032,81.7600,82.4300,80.8000,80.8000,323300,26367095.0000,3
2021-12-31,20211231103000000,sh.603032,80.0000,82.4900,79.4200,81.6600,344320,27967781.0000,3
2021-12-31,20211231113000000,sh.603032,81.6600,81.9600,79.6100,80.8400,364900,29368632.0000,3
2021-12-31,20211231140000000,sh.603032,80.8500,80.8500,79.8000,80.4000,290360,23294271.0000,3
2021-12-31,20211231150000000,sh.603032,80.4000,81.2500,79.9900,80.2700,363800,29312892.0000,3
