date,time,code,open,high,low,close,volume,amount,adjustflag
2021-01-04,20210104103000000,sh.603595,20.0000,20.1900,19.9700,20.1100,582800,11689832.0000,3
2021-01-04,20210104113000000,sh.603595,20.1100,20.8800,20.1100,20.8800,750040,15340245.0000,3
2021-01-04,20210104140000000,sh.603595,21.0000,21.5000,20.9000,21.2000,1817900,38427923.0000,3
2021-01-04,20210104150000000,sh.603595,21.2000,21.2500,20.9900,21.2000,665080,14041278.0000,3
2021-01-05,20210105103000000,sh.603595,20.8900,21.3400,20.7100,20.9500,945840,19911341.0000,3
2021-01-05,20210105113000000,sh.603595,20.9500,23.1800,20.9000,22.5500,2016620,44688513.0000,3
2021-01-05,20210105140000000,sh.603595,22.5200,22.6700,21.9200,22.0000,907900,20154927.0000,3
2021-01-05,20210105150000000,sh.603595,22.0000,22.1000,21.8700,21.9000,711668,15634324.0000,3
2021-01-06,20210106103000000,sh.603595,21.8600,22.0500,21.3100,21.5700,1160648,25082465.0000,3
2021-01-06,20210106113000000,sh.603595,21.5700,21.5700,21.1200,21.4200,461500,9828500.0000,3
2021-01-06,20210106140000000,sh.603595,21.4200,21.4400,21.2600,21.3500,308100,6580814.0000,3
2021-01-06,20210106150000000,sh.603595,21.3500,21.4200,21.2100,21.2800,393028,8367735.0000,3
2021-01-07,20210107103000000,sh.603595,21.1500,21.1500,20.5100,20.7800,781616,16285426.0000,3
2021-01-07,20210107113000000,sh.603595,20.7800,20.8700,20.6000,20.8200,276016,5735894.0000,3
2021-01-07,20210107140000000,sh.603595,20.8000,20.8100,20.2800,20.4000,650660,13346129.0000,3
2021-01-07,20210107150000000,sh.603595,20.4000,20.5500,20.2100,20.3900,416196,8490095.0000,3
2021-01-08,20210108103000000,sh.603595,20.4000,21.1200,20.3000,20.8900,720320,14929245.0000,3
2021-01-08,20210108113000000,sh.603595,20.8900,20.9000,20.6200,20.6200,189134,3922522.0000,3
2021-01-08,20210108140000000,sh.603595,20.6100,20.6600,20.5300,20.6200,117980,2429633.0000,3
2021-01-08,20210108150000000,sh.603595,20.6200,20.6500,20.5100,20.5400,301220,6193952.0000,3
2021-01-11,20210111103000000,sh.603595,21.1700,21.1700,20.2700,20.7500,956180,19923679.0000,3
2021-01-11,20210111113000000,sh.603595,20.7500,20.8400,20.6000,20.7100,291520,6044479.0000,3
2021-01-11,20210111140000000,sh.603595,20.7100,20.7100,20.4900,20.5000,261800,5391552.0000,3
2021-01-11,20210111150000000,sh.603595,20.5000,20.7800,20.4300,20.6700,426708,8798671.0000,3
2021-01-12,20210112103000000,sh.603595,20.3100,20.7400,20.2100,20.4100,496500,10167390.0000,3
2021-01-12,20210112113000000,sh.603595,20.4100,20.4200,20.3000,20.3800,187800,3824107.0000,3
2021-01-12,20210112140000000,sh.603595,20.4200,20.5700,20.3700,20.3900,288692,5906836.0000,3
2021-01-12,20210112150000000,sh.603595,20.3800,20.4500,20.3000,20.4500,374340,7618789.0000,3
2021-01-13,20210113103000000,sh.603595,20.4400,20.4400,19.8100,19.8300,933000,18664327.0000,3
2021-01-13,20210113113000000,sh.603595,19.8300,20.1000,19.8100,20.0100,222800,4452325.0000,3
2021-01-13,20210113140000000,sh.603595,20.0000,20.0000,19.8100,19.8900,275700,5488341.0000,3
2021-01-13,20210113150000000,sh.603595,19.8900,20.0600,19.8400,20.0000,290500,5791065.0000,3
2021-01-14,20210114103000000,sh.603595,19.9900,20.2100,19.7900,20.0700,510440,10220197.0000,3
2021-01-14,20210114113000000,sh.603595,20.0700,20.3900,20.0000,20.3300,332800,6715087.0000,3
2021-01-14,20210114140000000,sh.603595,20.3000,20.3500,20.1800,20.1900,162900,3297753.0000,3
2021-01-14,20210114150000000,sh.603595,20.1900,20.2400,20.0000,20.0600,295000,5924704.0000,3
2021-01-15,20210115103000000,sh.603595,20.2700,20.5300,20.0000,20.4400,890732,18027022.0000,3
2021-01-15,20210115113000000,sh.603595,20.4500,20.4500,20.2700,20.2700,201432,4104089.0000,3
2021-01-15,20210115140000000,sh.603595,20.2600,20.4000,20.1900,20.3800,187300,3800420.0000,3
2021-01-15,20210115150000000,sh.603595,20.3800,20.7000,20.3800,20.6600,495852,10194155.0000,3
2021-01-18,20210118103000000,sh.603595,20.6000,20.9600,20.4000,20.6900,984356,20373931.0000,3
2021-01-18,20210118113000000,sh.603595,20.6900,21.2100,20.6900,21.1000,541600,11367277.0000,3
2021-01-18,20210118140000000,sh.603595,21.1000,21.1400,21.0200,21.0700,311100,6558605.0000,3
2021-01-18,20210118150000000,sh.603595,21.0600,21.1200,21.0100,21.0700,292300,6155985.0000,3
2021-01-19,20210119103000000,sh.603595,21.0000,21.0000,20.7200,20.7600,659200,13725133.0000,3
2021-01-19,20210119113000000,sh.603595,20.7600,20.7800,20.6100,20.6900,576592,11911897.0000,3
2021-01-19,20210119140000000,sh.603595,20.6900,20.7800,20.6100,20.6400,347476,7187624.0000,3
2021-01-19,20210119150000000,sh.603595,20.6400,20.6700,20.4300,20.5800,481724,9891655.0000,3
2021-01-20,20210120103000000,sh.603595,20.4900,20.4900,20.2200,20.4400,353092,7188440.0000,3
2021-01-20,20210120113000000,sh.603595,20.4400,22.6400,20.4000,22.2200,3935567,86689139.0000,3
2021-01-20,20210120140000000,sh.603595,22.2200,22.5000,22.0600,22.5000,863812,19221069.0000,3
2021-01-20,20210120150000000,sh.603595,22.5100,22.6400,22.5100,22.6400,1124252,25449442.0000,3
2021-01-21,20210121103000000,sh.603595,22.6100,23.0500,22.1800,22.4000,2674014,60351428.0000,3
2021-01-21,20210121113000000,sh.603595,22.4000,22.4200,22.1800,22.3400,496700,11068423.0000,3
2021-01-21,20210121140000000,sh.603595,22.3400,24.4100,22.2900,23.4200,2404488,56509045.0000,3
2021-01-21,20210121150000000,sh.603595,23.4200,23.4500,22.9500,23.2200,1017084,23538176.0000,3
2021-01-22,20210122103000000,sh.603595,22.7400,23.0000,22.2000,22.3100,1667710,37354125.0000,3
2021-01-22,20210122113000000,sh.603595,22.3100,22.3800,22.0000,22.0700,811282,17944012.0000,3
2021-01-22,20210122140000000,sh.603595,22.0700,22.3300,22.0000,22.1300,549040,12135805.0000,3
2021-01-22,20210122150000000,sh.603595,22.1300,22.3000,21.9600,22.0900,590079,13032577.0000,3
2021-01-25,20210125103000000,sh.603595,22.1000,22.1200,21.3100,21.8000,1059194,23004566.0000,3
2021-01-25,20210125113000000,sh.603595,21.8000,21.9500,21.6000,21.7000,235300,5126822.0000,3
2021-01-25,20210125140000000,sh.603595,21.7100,21.7700,21.5200,21.5200,408916,8830731.0000,3
2021-01-25,20210125150000000,sh.603595,21.5200,21.6600,21.4200,21.4800,501000,10787488.0000,3
2021-01-26,20210126103000000,sh.603595,21.4000,21.8000,21.1500,21.5700,742656,15986133.0000,3
2021-01-26,20210126113000000,sh.603595,21.5800,22.4200,21.5300,21.9600,773320,16954456.0000,3
2021-01-26,20210126140000000,sh.603595,21.9700,22.0500,21.7800,21.9100,348314,7623933.0000,3
2021-01-26,20210126150000000,sh.603595,21.9100,22.0700,21.7900,22.0600,558100,12272123.0000,3
2021-01-27,20210127103000000,sh.603595,21.9000,21.9400,21.3600,21.7400,769900,16637983.0000,3
2021-01-27,20210127113000000,sh.603595,21.7400,21.8100,21.5100,21.6800,220252,4773886.0000,3
2021-01-27,20210127140000000,sh.603595,21.7000,21.8500,21.5500,21.7000,276052,5983450.0000,3
2021-01-27,20210127150000000,sh.603595,21.7000,21.7400,21.6000,21.6600,322328,6981971.0000,3
2021-01-28,20210128103000000,sh.603595,21.4300,21.7900,21.3300,21.5500,512932,11042005.0000,3
2021-01-28,20210128113000000,sh.603595,21.5500,21.6000,21.4200,21.4300,198360,4261660.0000,3
2021-01-28,20210128140000000,sh.603595,21.4200,21.6200,21.4100,21.4300,183892,3951097.0000,3
2021-01-28,20210128150000000,sh.603595,21.4300,21.5800,21.3500,21.5800,385352,8261748.0000,3
2021-01-29,20210129103000000,sh.603595,21.7000,21.7500,21.2700,21.3000,477136,10235782.0000,3
2021-01-29,20210129113000000,sh.603595,21.2900,22.5300,21.1200,22.1000,1415116,31082022.0000,3
2021-01-29,20210129140000000,sh.603595,22.1000,23.4900,22.1000,22.4100,1211918,27548421.0000,3
2021-01-29,20210129150000000,sh.603595,22.4100,22.7800,22.3500,22.5000,670076,15087096.0000,3
2021-02-01,20210201103000000,sh.603595,22.1800,23.1000,22.0800,22.6600,1431438,32394363.0000,3
2021-02-01,20210201113000000,sh.603595,22.6600,23.0100,22.6600,22.8800,710328,16260170.0000,3
2021-02-01,20210201140000000,sh.603595,22.8600,23.5000,22.8000,23.1400,784712,18166493.0000,3
2021-02-01,20210201150000000,sh.603595,23.1600,23.8000,23.0200,23.6700,1404684,32958014.0000,3
2021-02-02,20210202103000000,sh.603595,23.6000,23.6000,22.6600,22.8800,1655564,38161083.0000,3
2021-02-02,20210202113000000,sh.603595,22.8700,23.3000,22.8600,23.1000,467000,10742917.0000,3
2021-02-02,20210202140000000,sh.603595,23.0600,23.1900,22.8000,23.1800,440700,10119400.0000,3
2021-02-02,20210202150000000,sh.603595,23.1800,23.1800,22.8900,22.8900,452684,10411669.0000,3
2021-02-03,20210203103000000,sh.603595,22.7800,24.0600,22.6000,23.7500,1804380,42406772.0000,3
2021-02-03,20210203113000000,sh.603595,23.7500,24.3000,23.7100,23.8500,791760,18962682.0000,3
2021-02-03,20210203140000000,sh.603595,23.9100,23.9600,23.5100,23.6000,462379,10949570.0000,3
2021-02-03,20210203150000000,sh.603595,23.5700,23.5700,23.1800,23.2200,864100,20142577.0000,3
2021-02-04,20210204103000000,sh.603595,22.8500,23.8200,22.6600,23.4300,1215776,28179876.0000,3
2021-02-04,20210204113000000,sh.603595,23.4300,23.4500,22.8800,23.1600,590780,13621362.0000,3
2021-02-04,20210204140000000,sh.603595,23.1600,23.1600,22.7000,22.9800,313500,7177573.0000,3
2021-02-04,20210204150000000,sh.603595,22.9800,23.5900,22.8600,23.3500,740704,17230900.0000,3
2021-02-05,20210205103000000,sh.603595,23.6000,23.7500,22.9000,22.9600,831208,19309466.0000,3
2021-02-05,20210205113000000,sh.603595,22.9300,23.1500,22.9200,23.1100,208400,4796918.0000,3
2021-02-05,20210205140000000,sh.603595,23.1100,23.8000,23.1100,23.3800,775600,18257934.0000,3
2021-02-05,20210205150000000,sh.603595,23.3800,23.6000,23.1800,23.2200,614500,14360432.0000,3
2021-02-08,20210208103000000,sh.603595,23.1100,23.6000,22.9300,23.6000,923736,21460624.0000,3
2021-02-08,20210208113000000,sh.603595,23.6000,23.7800,23.3100,23.4900,374792,8816731.0000,3
2021-02-08,20210208140000000,sh.603595,23.4900,23.5000,23.0700,23.2000,367810,8569104.0000,3
2021-02-08,20210208150000000,sh.603595,23.2000,23.2000,22.8100,22.8600,629100,14428669.0000,3
2021-02-09,20210209103000000,sh.603595,22.8000,22.8800,22.3500,22.6100,830400,18751762.0000,3
2021-02-09,20210209113000000,sh.603595,22.6000,22.8400,22.4500,22.7700,314900,7135435.0000,3
2021-02-09,20210209140000000,sh.603595,22.7700,23.4500,22.7600,23.2300,992073,22893169.0000,3
2021-02-09,20210209150000000,sh.603595,23.2300,23.3000,23.0000,23.2000,536540,12428886.0000,3
2021-02-10,20210210103000000,sh.603595,22.9500,23.3500,22.7000,22.8800,592292,13555393.0000,3
2021-02-10,20210210113000000,sh.603595,22.8600,23.3000,22.8500,23.2700,249884,5785490.0000,3
2021-02-10,20210210140000000,sh.603595,23.2900,23.2900,22.8300,22.9200,345300,7954175.0000,3
2021-02-10,20210210150000000,sh.603595,22.9200,22.9700,22.4000,22.4300,831732,18876230.0000,3
2021-02-18,20210218103000000,sh.603595,22.3100,22.9000,22.3100,22.6100,1014684,22953173.0000,3
2021-02-18,20210218113000000,sh.603595,22.6200,22.8400,22.6200,22.7000,241512,5496332.0000,3
2021-02-18,20210218140000000,sh.603595,22.7000,22.7000,22.4200,22.5200,524600,11806394.0000,3
2021-02-18,20210218150000000,sh.603595,22.5000,22.5500,22.4300,22.5000,506112,11379167.0000,3
2021-02-19,20210219103000000,sh.603595,22.5000,22.6900,21.8700,22.0300,1142500,25223637.0000,3
2021-02-19,20210219113000000,sh.603595,22.0300,22.5000,22.0300,22.4100,452384,10054753.0000,3
2021-02-19,20210219140000000,sh.603595,22.4100,22.9700,22.4100,22.8600,849288,19305652.0000,3
2021-02-19,20210219150000000,sh.603595,22.8600,23.1500,22.8000,23.1000,983236,22571597.0000,3
2021-02-22,20210222103000000,sh.603595,23.0900,23.7900,22.9900,23.4700,1512600,35499210.0000,3
2021-02-22,20210222113000000,sh.603595,23.4700,23.4700,23.1800,23.4200,576520,13442775.0000,3
2021-02-22,20210222140000000,sh.603595,23.4200,23.5600,23.2800,23.3100,590180,13782494.0000,3
2021-02-22,20210222150000000,sh.603595,23.3000,23.3300,22.9000,22.9400,1119008,25844672.0000,3
2021-02-23,20210223103000000,sh.603595,22.8600,22.8800,22.3100,22.4300,1003857,22591018.0000,3
2021-02-23,20210223113000000,sh.603595,22.4300,22.5400,22.4100,22.4800,286215,6432756.0000,3
2021-02-23,20210223140000000,sh.603595,22.4900,22.6100,22.4300,22.5300,354405,7972265.0000,3
2021-02-23,20210223150000000,sh.603595,22.5300,22.5300,22.2300,22.3600,798036,17835898.0000,3
2021-02-24,20210224103000000,sh.603595,22.2400,22.5900,22.1900,22.4900,541328,12145977.0000,3
2021-02-24,20210224113000000,sh.603595,22.4900,22.5500,22.3200,22.3500,302302,6779927.0000,3
2021-02-24,20210224140000000,sh.603595,22.3500,22.4300,22.2500,22.3100,167800,3746924.0000,3
2021-02-24,20210224150000000,sh.603595,22.3100,22.3900,22.1500,22.2700,426260,9488742.0000,3
2021-02-25,20210225103000000,sh.603595,22.3900,22.4900,21.0700,21.2400,1355520,29353176.0000,3
2021-02-25,20210225113000000,sh.603595,21.2400,21.2900,20.8700,21.2000,597260,12594222.0000,3
2021-02-25,20210225140000000,sh.603595,21.2000,21.2100,21.0800,21.1000,260900,5513176.0000,3
2021-02-25,20210225150000000,sh.603595,21.0900,21.0900,20.7400,20.8800,640388,13423549.0000,3
2021-02-26,20210226103000000,sh.603595,20.2200,20.6900,20.2200,20.4400,703556,14376631.0000,3
2021-02-26,20210226113000000,sh.603595,20.4400,20.6200,20.4400,20.5800,163000,3349041.0000,3
2021-02-26,20210226140000000,sh.603595,20.5600,20.6000,20.4700,20.4800,160100,3285082.0000,3
2021-02-26,20210226150000000,sh.603595,20.4800,20.5700,20.3800,20.4000,349800,7157599.0000,3
2021-03-01,20210301103000000,sh.603595,20.6200,20.9400,20.4900,20.7700,486000,10075256.0000,3
2021-03-01,20210301113000000,sh.603595,20.7800,20.7800,20.6100,20.6400,212400,4395580.0000,3
2021-03-01,20210301140000000,sh.603595,20.6500,20.7800,20.6300,20.7600,219356,4537426.0000,3
2021-03-01,20210301150000000,sh.603595,20.7500,20.8800,20.7000,20.8300,323296,6715111.0000,3
2021-03-02,20210302103000000,sh.603595,21.0000,21.0600,20.7300,20.9200,423800,8858645.0000,3
2021-03-02,20210302113000000,sh.603595,20.9300,20.9300,20.7600,20.8100,161100,3353419.0000,3
2021-03-02,20210302140000000,sh.603595,20.8500,20.8500,20.6900,20.7900,215300,4468391.0000,3
2021-03-02,20210302150000000,sh.603595,20.7200,20.7900,20.6900,20.7300,195000,4041235.0000,3
2021-03-03,20210303103000000,sh.603595,21.0000,21.0000,20.5000,20.6000,285768,5923758.0000,3
2021-03-03,20210303113000000,sh.603595,20.6000,20.7600,20.5300,20.7100,172900,3564795.0000,3
2021-03-03,20210303140000000,sh.603595,20.7300,20.9300,20.7100,20.8100,150000,3119478.0000,3
2021-03-03,20210303150000000,sh.603595,20.8100,20.8800,20.7600,20.8500,238400,4964781.0000,3
2021-03-04,20210304103000000,sh.603595,20.7100,20.9400,20.5500,20.5800,433968,9001239.0000,3
2021-03-04,20210304113000000,sh.603595,20.6000,20.6400,20.5000,20.5500,222400,4573116.0000,3
2021-03-04,20210304140000000,sh.603595,20.5500,20.5800,20.3000,20.4400,263100,5380406.0000,3
2021-03-04,20210304150000000,sh.603595,20.4300,20.5100,20.2500,20.4100,320668,6530758.0000,3
2021-03-05,20210305103000000,sh.603595,20.4000,20.5400,20.1100,20.4000,531516,10837663.0000,3
2021-03-05,20210305113000000,sh.603595,20.4000,20.8500,20.3900,20.6200,539700,11099874.0000,3
2021-03-05,20210305140000000,sh.603595,20.6200,20.6900,20.5800,20.6100,181000,3734247.0000,3
2021-03-05,20210305150000000,sh.603595,20.6100,20.6200,20.5600,20.5900,308600,6356849.0000,3
2021-03-08,20210308103000000,sh.603595,20.9200,20.9200,20.5900,20.6500,526100,10899769.0000,3
2021-03-08,20210308113000000,sh.603595,20.6500,20.6500,20.4600,20.4800,257388,5287078.0000,3
2021-03-08,20210308140000000,sh.603595,20.4800,20.4900,20.2900,20.3600,277772,5663690.0000,3
2021-03-08,20210308150000000,sh.603595,20.3500,20.3600,20.1000,20.1700,435268,8795177.0000,3
2021-03-09,20210309103000000,sh.603595,20.3000,20.3000,18.8900,19.6100,862500,16976799.0000,3
2021-03-09,20210309113000000,sh.603595,19.6000,19.8100,19.3800,19.7600,189096,3695443.0000,3
2021-03-09,20210309140000000,sh.603595,19.7300,19.9000,19.6400,19.7300,168392,3329423.0000,3
2021-03-09,20210309150000000,sh.603595,19.7300,19.7900,19.4000,19.5700,212520,4161061.0000,3
2021-03-10,20210310103000000,sh.603595,20.0000,20.0000,19.4200,19.5500,404200,7929961.0000,3
2021-03-10,20210310113000000,sh.603595,19.5500,19.6500,19.4800,19.4800,91900,1796602.0000,3
2021-03-10,20210310140000000,sh.603595,19.4800,19.4800,19.2600,19.3900,144000,2788274.0000,3
2021-03-10,20210310150000000,sh.603595,19.3900,19.4500,19.3200,19.3500,126900,2458133.0000,3
2021-03-11,20210311103000000,sh.603595,19.1200,19.4000,19.1200,19.2800,379300,7294082.0000,3
2021-03-11,20210311113000000,sh.603595,19.2800,19.4300,19.2600,19.3200,145140,2810372.0000,3
2021-03-11,20210311140000000,sh.603595,19.3300,19.7600,19.3200,19.6000,360600,7060097.0000,3
2021-03-11,20210311150000000,sh.603595,19.6000,19.6100,19.5100,19.6000,194600,3810046.0000,3
2021-03-12,20210312103000000,sh.603595,19.6000,19.7300,19.3700,19.4900,380700,7414939.0000,3
2021-03-12,20210312113000000,sh.603595,19.4900,19.5800,19.3500,19.5500,160100,3112718.0000,3
2021-03-12,20210312140000000,sh.603595,19.5500,19.6200,19.4600,19.5000,82800,1617924.0000,3
2021-03-12,20210312150000000,sh.603595,19.5000,19.5300,19.3000,19.4600,227240,4405056.0000,3
2021-03-15,20210315103000000,sh.603595,19.3000,19.3200,19.0000,19.2000,585040,11188945.0000,3
2021-03-15,20210315113000000,sh.603595,19.2000,19.3800,19.1800,19.1900,129100,2482893.0000,3
2021-03-15,20210315140000000,sh.603595,19.1900,19.2300,18.9700,19.0500,159120,3034397.0000,3
2021-03-15,20210315150000000,sh.603595,19.0500,19.2900,18.9700,19.2100,259280,4950007.0000,3
2021-03-16,20210316103000000,sh.603595,19.3000,19.3700,19.2000,19.2900,289880,5589823.0000,3
2021-03-16,20210316113000000,sh.603595,19.2800,19.3700,19.1900,19.3300,121000,2333981.0000,3
2021-03-16,20210316140000000,sh.603595,19.3300,19.4000,19.3000,19.3400,106200,2056184.0000,3
2021-03-16,20210316150000000,sh.603595,19.3400,19.5400,19.3200,19.5000,257200,5005168.0000,3
2021-03-17,20210317103000000,sh.603595,19.3500,19.6000,19.3300,19.5000,340300,6631641.0000,3
2021-03-17,20210317113000000,sh.603595,19.5000,19.5600,19.4700,19.5200,134812,2630619.0000,3
2021-03-17,20210317140000000,sh.603595,19.5200,19.6500,19.4600,19.6400,170860,3335087.0000,3
2021-03-17,20210317150000000,sh.603595,19.6400,19.6700,19.5600,19.6300,198700,3896552.0000,3
2021-03-18,20210318103000000,sh.603595,19.7100,19.7100,19.5200,19.5600,253056,4956997.0000,3
2021-03-18,20210318113000000,sh.603595,19.5600,19.6300,19.5300,19.5500,110004,2152709.0000,3
2021-03-18,20210318140000000,sh.603595,19.5500,19.5600,19.4100,19.4500,170496,3321899.0000,3
2021-03-18,20210318150000000,sh.603595,19.4500,19.5100,19.3800,19.4500,192400,3744163.0000,3
2021-03-19,20210319103000000,sh.603595,19.2100,19.6300,19.1100,19.5400,251800,4883064.0000,3
2021-03-19,20210319113000000,sh.603595,19.5400,19.5700,19.4500,19.5500,120000,2340698.0000,3
2021-03-19,20210319140000000,sh.603595,19.5500,19.6300,19.3600,19.5100,251700,4907658.0000,3
2021-03-19,20210319150000000,sh.603595,19.5100,19.5700,19.4700,19.5700,171368,3345788.0000,3
2021-03-22,20210322103000000,sh.603595,19.6900,19.7400,19.2700,19.3900,603488,11740212.0000,3
2021-03-22,20210322113000000,sh.603595,19.3900,19.4400,19.2900,19.3400,218300,4225166.0000,3
2021-03-22,20210322140000000,sh.603595,19.3400,19.4000,19.2700,19.3600,237600,4590894.0000,3
2021-03-22,20210322150000000,sh.603595,19.3600,19.4500,19.3600,19.4100,216000,4194703.0000,3
2021-03-23,20210323103000000,sh.603595,19.4500,19.7900,19.4100,19.5900,595900,11699201.0000,3
2021-03-23,20210323113000000,sh.603595,19.5800,19.6700,19.5500,19.6700,157200,3083443.0000,3
2021-03-23,20210323140000000,sh.603595,19.6700,19.7500,19.6200,19.6400,201600,3966539.0000,3
2021-03-23,20210323150000000,sh.603595,19.6400,19.6600,19.5100,19.6400,278600,5458301.0000,3
2021-03-24,20210324103000000,sh.603595,19.6300,19.6300,19.2900,19.3000,463856,9014981.0000,3
2021-03-24,20210324113000000,sh.603595,19.3000,19.3500,19.2000,19.2300,226900,4368351.0000,3
2021-03-24,20210324140000000,sh.603595,19.2400,19.2900,19.1900,19.2400,174600,3356195.0000,3
2021-03-24,20210324150000000,sh.603595,19.2400,19.3000,19.2100,19.2600,204980,3947428.0000,3
2021-03-25,20210325103000000,sh.603595,19.2100,19.2200,18.6200,18.8600,634392,11937141.0000,3
2021-03-25,20210325113000000,sh.603595,18.8500,18.9500,18.7800,18.7900,176800,3334460.0000,3
2021-03-25,20210325140000000,sh.603595,18.7800,19.0200,18.7800,18.8900,155800,2944400.0000,3
2021-03-25,20210325150000000,sh.603595,18.8900,18.9100,18.7700,18.7800,238400,4484827.0000,3
2021-03-26,20210326103000000,sh.603595,18.7900,18.9300,18.7700,18.8100,252400,4749419.0000,3
2021-03-26,20210326113000000,sh.603595,18.8100,18.9900,18.7800,18.9300,222600,4201631.0000,3
2021-03-26,20210326140000000,sh.603595,18.9300,18.9300,18.8300,18.9000,167608,3167814.0000,3
2021-03-26,20210326150000000,sh.603595,18.9000,18.9100,18.8200,18.8600,227740,4294201.0000,3
2021-03-29,20210329103000000,sh.603595,18.8700,19.0500,18.8100,18.9000,304800,5778442.0000,3
2021-03-29,20210329113000000,sh.603595,18.9000,18.9500,18.8600,18.8600,105600,1995706.0000,3
2021-03-29,20210329140000000,sh.603595,18.8600,18.9100,18.8200,18.8300,119100,2246071.0000,3
2021-03-29,20210329150000000,sh.603595,18.8300,18.9500,18.7300,18.8900,243108,4580786.0000,3
2021-03-30,20210330103000000,sh.603595,18.8000,18.9400,18.6400,18.6500,330000,6183621.0000,3
2021-03-30,20210330113000000,sh.603595,18.6500,18.7400,18.6000,18.6700,277700,5184890.0000,3
2021-03-30,20210330140000000,sh.603595,18.6700,18.7200,18.6600,18.6600,93600,1749093.0000,3
2021-03-30,20210330150000000,sh.603595,18.6600,18.7200,18.6600,18.6600,109340,2042115.0000,3
2021-03-31,20210331103000000,sh.603595,18.6600,18.7800,18.6000,18.7000,153800,2871329.0000,3
2021-03-31,20210331113000000,sh.603595,18.6900,18.8000,18.6200,18.7300,117200,2191510.0000,3
2021-03-31,20210331140000000,sh.603595,18.7600,18.7800,18.7000,18.7400,54800,1026933.0000,3
2021-03-31,20210331150000000,sh.603595,18.7400,18.8400,18.7100,18.7900,219312,4116358.0000,3
2021-04-01,20210401103000000,sh.603595,18.8500,18.9000,18.6100,18.8400,302396,5667324.0000,3
2021-04-01,20210401113000000,sh.603595,18.8400,18.9400,18.8300,18.8700,274412,5179916.0000,3
2021-04-01,20210401140000000,sh.603595,18.8700,18.9000,18.8700,18.8800,93800,1771610.0000,3
2021-04-01,20210401150000000,sh.603595,18.8800,18.9900,18.8800,18.9900,368824,6985068.0000,3
2021-04-02,20210402103000000,sh.603595,19.1000,19.5600,19.0100,19.4400,813492,15772497.0000,3
2021-04-02,20210402113000000,sh.603595,19.4400,19.4400,19.3000,19.3400,230500,4463592.0000,3
2021-04-02,20210402140000000,sh.603595,19.3500,19.3900,19.3000,19.3800,198908,3846593.0000,3
2021-04-02,20210402150000000,sh.603595,19.3800,19.4500,19.3400,19.3900,338800,6570227.0000,3
2021-04-06,20210406103000000,sh.603595,19.4000,19.5200,19.2200,19.3500,529992,10263646.0000,3
2021-04-06,20210406113000000,sh.603595,19.3400,19.4000,19.2900,19.3300,199612,3860052.0000,3
2021-04-06,20210406140000000,sh.603595,19.3200,19.4100,19.3000,19.3500,118668,2297024.0000,3
2021-04-06,20210406150000000,sh.603595,19.3500,19.4300,19.3300,19.4300,176300,3418608.0000,3
2021-04-07,20210407103000000,sh.603595,19.3800,19.4300,19.2100,19.2300,344888,6638182.0000,3
2021-04-07,20210407113000000,sh.603595,19.2300,19.2500,19.2000,19.2200,151000,2902304.0000,3
2021-04-07,20210407140000000,sh.603595,19.2200,19.2900,19.2200,19.2400,68500,1318849.0000,3
2021-04-07,20210407150000000,sh.603595,19.2400,19.3600,19.2400,19.3200,171800,3316891.0000,3
2021-04-08,20210408103000000,sh.603595,19.4300,19.4500,19.1600,19.3400,398600,7707595.0000,3
2021-04-08,20210408113000000,sh.603595,19.3400,19.4000,19.3200,19.3300,138300,2678064.0000,3
2021-04-08,20210408140000000,sh.603595,19.3300,19.3500,19.2500,19.2600,105300,2030490.0000,3
2021-04-08,20210408150000000,sh.603595,19.2600,19.2900,19.1100,19.1600,261800,5022815.0000,3
2021-04-09,20210409103000000,sh.603595,19.1500,19.1600,18.9000,18.9500,414100,7852738.0000,3
2021-04-09,20210409113000000,sh.603595,18.9500,19.1000,18.9300,19.0300,151500,2873283.0000,3
2021-04-09,20210409140000000,sh.603595,19.0300,19.0900,18.9800,19.0100,111900,2128929.0000,3
2021-04-09,20210409150000000,sh.603595,19.0100,19.0400,18.9700,19.0200,197200,3750359.0000,3
2021-04-12,20210412103000000,sh.603595,19.0200,19.0900,18.9200,19.0700,275224,5235230.0000,3
2021-04-12,20210412113000000,sh.603595,19.0700,19.0700,18.9200,18.9600,87000,1650106.0000,3
2021-04-12,20210412140000000,sh.603595,18.9600,18.9600,18.8500,18.8800,117300,2216844.0000,3
2021-04-12,20210412150000000,sh.603595,18.8700,18.9100,18.7500,18.7600,208100,3917631.0000,3
2021-04-13,20210413103000000,sh.603595,18.7700,19.2800,18.7700,18.9500,279796,5306753.0000,3
2021-04-13,20210413113000000,sh.603595,18.9500,18.9800,18.8800,18.9600,104200,1972400.0000,3
2021-04-13,20210413140000000,sh.603595,18.9600,18.9700,18.8700,18.9700,67300,1272548.0000,3
2021-04-13,20210413150000000,sh.603595,18.8900,18.9800,18.7700,18.8200,142732,2690733.0000,3
2021-04-14,20210414103000000,sh.603595,18.7100,19.1900,18.7000,19.0900,348780,6625414.0000,3
2021-04-14,20210414113000000,sh.603595,19.0900,19.1300,19.0600,19.1000,88600,1691851.0000,3
2021-04-14,20210414140000000,sh.603595,19.1000,19.1200,19.0800,19.1000,73600,1405797.0000,3
2021-04-14,20210414150000000,sh.603595,19.1000,19.1000,19.0300,19.0600,133896,2552763.0000,3
2021-04-15,20210415103000000,sh.603595,18.9500,19.0700,18.9300,19.0200,150700,2861878.0000,3
2021-04-15,20210415113000000,sh.603595,19.0200,19.0400,18.9800,18.9900,74696,1419663.0000,3
2021-04-15,20210415140000000,sh.603595,19.0000,19.0400,18.9600,19.0400,81000,1539205.0000,3
2021-04-15,20210415150000000,sh.603595,19.0500,19.2100,19.0500,19.1200,249300,4772488.0000,3
2021-04-16,20210416103000000,sh.603595,19.1400,19.4300,19.0600,19.2000,229400,4400404.0000,3
2021-04-16,20210416113000000,sh.603595,19.1900,19.2800,19.1500,19.2500,134000,2575883.0000,3
2021-04-16,20210416140000000,sh.603595,19.2500,19.3300,19.2400,19.3100,138100,2664705.0000,3
2021-04-16,20210416150000000,sh.603595,19.3100,19.3200,19.2400,19.2800,183300,3535331.0000,3
2021-04-19,20210419103000000,sh.603595,19.2900,19.4900,19.2500,19.4500,388700,7538909.0000,3
2021-04-19,20210419113000000,sh.603595,19.4500,19.5400,19.3800,19.5400,245800,4782514.0000,3
2021-04-19,20210419140000000,sh.603595,19.5500,19.5800,19.4400,19.5100,292200,5699160.0000,3
2021-04-19,20210419150000000,sh.603595,19.5100,19.5900,19.4600,19.4700,413242,8064485.0000,3
2021-04-20,20210420103000000,sh.603595,19.4400,19.5700,19.3200,19.4800,350900,6828001.0000,3
2021-04-20,20210420113000000,sh.603595,19.5000,19.5100,19.3800,19.4100,163900,3185687.0000,3
2021-04-20,20210420140000000,sh.603595,19.4100,19.4400,19.3400,19.3400,166896,3237174.0000,3
2021-04-20,20210420150000000,sh.603595,19.3400,19.3900,19.2400,19.2600,245704,4740332.0000,3
2021-04-21,20210421103000000,sh.603595,19.1900,19.1900,19.0000,19.1000,356600,6809779.0000,3
2021-04-21,20210421113000000,sh.603595,19.1000,19.1100,19.0300,19.1000,150100,2861174.0000,3
2021-04-21,20210421140000000,sh.603595,19.1000,19.1500,19.0900,19.1000,75300,1438506.0000,3
2021-04-21,20210421150000000,sh.603595,19.0900,19.1400,19.0500,19.0700,132480,2528525.0000,3
2021-04-22,20210422103000000,sh.603595,19.0500,19.3000,19.0400,19.3000,248388,4776131.0000,3
2021-04-22,20210422113000000,sh.603595,19.2900,19.4400,19.2400,19.3600,261500,5059022.0000,3
2021-04-22,20210422140000000,sh.603595,19.3800,19.4900,19.3300,19.4300,298880,5800721.0000,3
2021-04-22,20210422150000000,sh.603595,19.4300,19.4400,19.3500,19.4400,286100,5550780.0000,3
2021-04-23,20210423103000000,sh.603595,19.4600,19.5500,19.1600,19.2100,354500,6823084.0000,3
2021-04-23,20210423113000000,sh.603595,19.2200,19.2800,19.1700,19.2200,134200,2578660.0000,3
2021-04-23,20210423140000000,sh.603595,19.2200,19.2500,19.1600,19.2400,189800,3643315.0000,3
2021-04-23,20210423150000000,sh.603595,19.2500,19.3900,19.2500,19.3700,293247,5672650.0000,3
2021-04-26,20210426103000000,sh.603595,19.2200,19.2200,18.9700,19.1200,436000,8316727.0000,3
2021-04-26,20210426113000000,sh.603595,19.1200,19.2400,19.1200,19.2100,204880,3926183.0000,3
2021-04-26,20210426140000000,sh.603595,19.1700,19.2300,19.1100,19.1200,205000,3930492.0000,3
2021-04-26,20210426150000000,sh.603595,19.1200,19.1400,19.0200,19.0300,287418,5480188.0000,3
2021-04-27,20210427103000000,sh.603595,18.9300,19.0700,18.5000,18.5200,595780,11146064.0000,3
2021-04-27,20210427113000000,sh.603595,18.5100,18.5200,18.0800,18.2200,511812,9337741.0000,3
2021-04-27,20210427140000000,sh.603595,18.2200,18.3500,18.1600,18.2900,161988,2951419.0000,3
2021-04-27,20210427150000000,sh.603595,18.2800,18.2900,18.1000,18.1300,449952,8168495.0000,3
2021-04-28,20210428103000000,sh.603595,18.0800,18.0900,17.6100,17.7500,466540,8301790.0000,3
2021-04-28,20210428113000000,sh.603595,17.7500,17.8100,17.6000,17.7400,194640,3444144.0000,3
2021-04-28,20210428140000000,sh.603595,17.7400,17.7400,17.3700,17.5000,355260,6229296.0000,3
2021-04-28,20210428150000000,sh.603595,17.5200,17.6000,17.4400,17.5300,252769,4426534.0000,3
2021-04-29,20210429103000000,sh.603595,17.4900,17.7000,17.4500,17.5500,203845,3583619.0000,3
2021-04-29,20210429113000000,sh.603595,17.5500,17.6400,17.5200,17.5500,106462,1869058.0000,3
2021-04-29,20210429140000000,sh.603595,17.5600,17.5600,17.5100,17.5300,111432,1954341.0000,3
2021-04-29,20210429150000000,sh.603595,17.5400,17.6100,17.5400,17.5600,235400,4136178.0000,3
2021-04-30,20210430103000000,sh.603595,17.6900,17.7000,16.5800,16.8000,814192,13794389.0000,3
2021-04-30,20210430113000000,sh.603595,16.8000,16.9000,16.6900,16.7100,196884,3296145.0000,3
2021-04-30,20210430140000000,sh.603595,16.7600,16.7600,16.1700,16.3500,845400,13845994.0000,3
2021-04-30,20210430150000000,sh.603595,16.3500,16.5100,16.2800,16.4100,532536,8722488.0000,3
2021-05-06,20210506103000000,sh.603595,16.1800,16.6500,16.1800,16.2700,432536,7064555.0000,3
2021-05-06,20210506113000000,sh.603595,16.2700,16.4300,16.1500,16.2500,262940,4269902.0000,3
2021-05-06,20210506140000000,sh.603595,16.2500,16.2700,16.1600,16.2500,130296,2111763.0000,3
2021-05-06,20210506150000000,sh.603595,16.2500,16.2700,16.1800,16.2600,202904,3292395.0000,3
2021-05-07,20210507103000000,sh.603595,16.2600,16.3200,16.1400,16.2500,289400,4688831.0000,3
2021-05-07,20210507113000000,sh.603595,16.2400,16.2400,16.1400,16.1600,249300,4031059.0000,3
2021-05-07,20210507140000000,sh.603595,16.1600,16.1600,15.9800,15.9900,288700,4643357.0000,3
2021-05-07,20210507150000000,sh.603595,15.9900,16.0000,15.8700,15.9600,424240,6761344.0000,3
2021-05-10,20210510103000000,sh.603595,16.0100,16.0800,15.4400,15.5800,1030828,16140279.0000,3
2021-05-10,20210510113000000,sh.603595,15.5800,15.6800,15.5000,15.5900,281000,4379172.0000,3
2021-05-10,20210510140000000,sh.603595,15.6000,15.6700,15.5000,15.6100,268600,4180059.0000,3
2021-05-10,20210510150000000,sh.603595,15.6100,15.6500,15.3900,15.6500,667376,10350602.0000,3
2021-05-11,20210511103000000,sh.603595,15.6000,15.9800,15.5100,15.6400,522800,8238407.0000,3
2021-05-11,20210511113000000,sh.603595,15.6600,15.7400,15.6300,15.6900,107300,1683531.0000,3
2021-05-11,20210511140000000,sh.603595,15.6800,16.0600,15.6800,15.9300,444700,7067945.0000,3
2021-05-11,20210511150000000,sh.603595,15.9300,16.0200,15.8600,15.8800,231452,3682821.0000,3
2021-05-12,20210512103000000,sh.603595,15.9600,16.5400,15.8200,16.4400,1303200,21225398.0000,3
2021-05-12,20210512113000000,sh.603595,16.4400,16.5100,16.3100,16.3500,243300,3988975.0000,3
2021-05-12,20210512140000000,sh.603595,16.3500,16.3700,16.2500,16.3300,191092,3117581.0000,3
2021-05-12,20210512150000000,sh.603595,16.3200,16.3900,16.2800,16.3800,330980,5406952.0000,3
2021-05-13,20210513103000000,sh.603595,16.2900,16.5400,16.1800,16.3900,600400,9824756.0000,3
2021-05-13,20210513113000000,sh.603595,16.3900,16.7500,16.3400,16.6600,438700,7265784.0000,3
2021-05-13,20210513140000000,sh.603595,16.6600,16.6700,16.4100,16.4100,245800,4060228.0000,3
2021-05-13,20210513150000000,sh.603595,16.4100,16.4700,16.3500,16.3900,341400,5597297.0000,3
2021-05-14,20210514103000000,sh.603595,16.3800,17.2500,16.3400,16.8900,1122828,18924581.0000,3
2021-05-14,20210514113000000,sh.603595,16.8900,16.9500,16.7100,16.7500,284000,4786358.0000,3
2021-05-14,20210514140000000,sh.603595,16.7600,16.9100,16.7300,16.7700,263352,4427639.0000,3
2021-05-14,20210514150000000,sh.603595,16.7700,16.7700,16.7200,16.7600,299696,5017123.0000,3
2021-05-17,20210517103000000,sh.603595,16.7600,18.0000,16.7600,17.3900,1850056,32312321.0000,3
2021-05-17,20210517113000000,sh.603595,17.3900,17.6200,17.3800,17.4400,205100,3585238.0000,3
2021-05-17,20210517140000000,sh.603595,17.4100,17.4400,17.3800,17.4100,149800,2607370.0000,3
2021-05-17,20210517150000000,sh.603595,17.4100,17.5900,17.3500,17.5900,475580,8307425.0000,3
2021-05-18,20210518103000000,sh.603595,17.3500,17.3500,15.8300,16.4300,1500292,24970615.0000,3
2021-05-18,20210518113000000,sh.603595,16.4200,16.5800,16.3800,16.4300,471296,7750803.0000,3
2021-05-18,20210518140000000,sh.603595,16.4300,16.6000,16.4300,16.5500,225200,3727448.0000,3
2021-05-18,20210518150000000,sh.603595,16.5500,16.5500,16.3900,16.4900,519600,8548961.0000,3
2021-05-19,20210519103000000,sh.603595,16.2700,16.6600,16.2600,16.3400,449100,7361827.0000,3
2021-05-19,20210519113000000,sh.603595,16.3600,16.3700,16.2900,16.3400,240100,3918278.0000,3
2021-05-19,20210519140000000,sh.603595,16.3400,16.4600,16.3000,16.3400,158000,2585607.0000,3
2021-05-19,20210519150000000,sh.603595,16.3400,16.3800,16.3000,16.3000,324720,5301733.0000,3
2021-05-20,20210520103000000,sh.603595,16.3500,16.4300,16.1300,16.2700,416020,6762930.0000,3
2021-05-20,20210520113000000,sh.603595,16.2700,16.2700,16.1500,16.1600,194100,3145463.0000,3
2021-05-20,20210520140000000,sh.603595,16.1600,16.1700,16.0500,16.1000,238500,3837066.0000,3
2021-05-20,20210520150000000,sh.603595,16.1000,16.1300,16.0000,16.0500,434488,6981130.0000,3
2021-05-21,20210521103000000,sh.603595,16.0500,16.2000,16.0500,16.2000,282036,4549517.0000,3
2021-05-21,20210521113000000,sh.603595,16.2000,16.3500,16.1800,16.2500,195700,3181175.0000,3
2021-05-21,20210521140000000,sh.603595,16.2500,16.3000,16.1700,16.1800,99400,1613957.0000,3
2021-05-21,20210521150000000,sh.603595,16.1800,16.2000,16.0700,16.1800,166100,2680287.0000,3
2021-05-24,20210524103000000,sh.603595,16.1000,16.3100,16.0900,16.2400,221100,3580877.0000,3
2021-05-24,20210524113000000,sh.603595,16.2400,16.2700,16.1800,16.2500,91900,1489885.0000,3
2021-05-24,20210524140000000,sh.603595,16.2400,16.4300,16.2300,16.2700,225700,3686069.0000,3
2021-05-24,20210524150000000,sh.603595,16.2900,16.3400,16.2600,16.3300,173600,2830948.0000,3
2021-05-25,20210525103000000,sh.603595,16.3000,16.4200,16.2100,16.2500,193000,3143120.0000,3
2021-05-25,20210525113000000,sh.603595,16.2500,16.3500,16.2300,16.3500,130900,2132130.0000,3
2021-05-25,20210525140000000,sh.603595,16.3600,16.5600,16.3000,16.5000,430748,7085382.0000,3
2021-05-25,20210525150000000,sh.603595,16.4900,16.5300,16.4300,16.4800,284076,4679988.0000,3
2021-05-26,20210526103000000,sh.603595,16.2700,16.5600,16.2700,16.5000,245200,4040644.0000,3
2021-05-26,20210526113000000,sh.603595,16.5000,16.5200,16.4300,16.4300,112800,1858609.0000,3
2021-05-26,20210526140000000,sh.603595,16.4300,16.5200,16.4300,16.5000,90400,1489832.0000,3
2021-05-26,20210526150000000,sh.603595,16.4900,16.5100,16.4100,16.4800,214900,3535952.0000,3
2021-05-27,20210527103000000,sh.603595,16.4200,16.9500,16.3600,16.8400,618100,10352661.0000,3
2021-05-27,20210527113000000,sh.603595,16.8500,17.1000,16.8500,16.9200,327100,5541664.0000,3
2021-05-27,20210527140000000,sh.603595,16.9200,16.9600,16.8000,16.8000,265400,4479939.0000,3
2021-05-27,20210527150000000,sh.603595,16.8000,16.8400,16.7500,16.8100,305200,5125476.0000,3
2021-05-28,20210528103000000,sh.603595,16.9000,16.9600,16.5600,16.7100,976400,16280548.0000,3
2021-05-28,20210528113000000,sh.603595,16.7100,16.7500,16.6500,16.7200,112156,1873220.0000,3
2021-05-28,20210528140000000,sh.603595,16.7200,16.7600,16.5000,16.5900,384900,6385357.0000,3
2021-05-28,20210528150000000,sh.603595,16.5900,16.6100,16.4600,16.4800,327100,5403311.0000,3
2021-05-31,20210531103000000,sh.603595,16.4900,16.7000,16.4400,16.6200,262356,4353116.0000,3
2021-05-31,20210531113000000,sh.603595,16.6600,16.6600,16.3800,16.4800,427400,7044776.0000,3
2021-05-31,20210531140000000,sh.603595,16.4800,16.5800,16.4500,16.4900,232000,3828515.0000,3
2021-05-31,20210531150000000,sh.603595,16.4900,16.6300,16.4000,16.6300,513988,8497982.0000,3
2021-06-01,20210601103000000,sh.603595,16.6000,17.2700,16.5000,17.1600,1343056,22787308.0000,3
2021-06-01,20210601113000000,sh.603595,17.1600,17.1600,16.9000,17.0000,330500,5628734.0000,3
2021-06-01,20210601140000000,sh.603595,17.0000,17.0600,16.8700,16.9400,154840,2621727.0000,3
2021-06-01,20210601150000000,sh.603595,16.9400,16.9800,16.8600,16.9600,320300,5419642.0000,3
2021-06-02,20210602103000000,sh.603595,16.8800,17.2000,16.8800,17.0900,423600,7223321.0000,3
2021-06-02,20210602113000000,sh.603595,17.0900,17.3000,17.0100,17.1800,393600,6754172.0000,3
2021-06-02,20210602140000000,sh.603595,17.1800,17.1800,16.9700,17.0000,232500,3965479.0000,3
2021-06-02,20210602150000000,sh.603595,17.0000,17.1100,16.9800,17.0900,289700,4940017.0000,3
2021-06-03,20210603103000000,sh.603595,17.0600,17.3000,16.9600,17.1600,546724,9393038.0000,3
2021-06-03,20210603113000000,sh.603595,17.1600,17.2100,17.1500,17.1700,112100,1925358.0000,3
2021-06-03,20210603140000000,sh.603595,17.2000,17.2500,17.1700,17.2500,220096,3784084.0000,3
2021-06-03,20210603150000000,sh.603595,17.2400,17.2400,16.9800,17.0400,408940,6976888.0000,3
2021-06-04,20210604103000000,sh.603595,17.1100,17.6500,16.9700,17.3600,788992,13693381.0000,3
2021-06-04,20210604113000000,sh.603595,17.3600,17.7400,17.3600,17.6500,721156,12674303.0000,3
2021-06-04,20210604140000000,sh.603595,17.6700,17.7100,17.5500,17.6400,370600,6531537.0000,3
2021-06-04,20210604150000000,sh.603595,17.6400,17.8800,17.5000,17.7800,1225276,21681997.0000,3
2021-06-07,20210607103000000,sh.603595,17.7800,18.5900,17.7400,17.9300,1538596,27949484.0000,3
2021-06-07,20210607113000000,sh.603595,17.9300,18.4500,17.8900,18.2900,904076,16492920.0000,3
2021-06-07,20210607140000000,sh.603595,18.3000,18.3600,18.2100,18.3000,254300,4650274.0000,3
2021-06-07,20210607150000000,sh.603595,18.3000,18.5900,18.3000,18.5900,807460,14901035.0000,3
2021-06-08,20210608103000000,sh.603595,18.5900,18.8300,18.1700,18.2800,1120398,20643977.0000,3
2021-06-08,20210608113000000,sh.603595,18.2800,18.2800,18.1000,18.2300,804756,14621465.0000,3
2021-06-08,20210608140000000,sh.603595,18.2200,18.4400,18.1600,18.3600,265100,4843535.0000,3
2021-06-08,20210608150000000,sh.603595,18.3600,18.4500,18.3300,18.3900,344800,6335022.0000,3
2021-06-09,20210609103000000,sh.603595,18.3900,18.4800,18.1600,18.2600,552218,10107372.0000,3
2021-06-09,20210609113000000,sh.603595,18.2600,18.3700,18.1200,18.2400,346220,6310518.0000,3
2021-06-09,20210609140000000,sh.603595,18.2300,18.2800,18.1400,18.1700,248080,4511571.0000,3
2021-06-09,20210609150000000,sh.603595,18.1700,18.2000,18.0800,18.1800,402756,7303068.0000,3
2021-06-10,20210610103000000,sh.603595,18.0600,18.3500,17.8700,18.2600,785200,14203699.0000,3
2021-06-10,20210610113000000,sh.603595,18.2600,18.3800,18.2200,18.3200,238500,4365919.0000,3
2021-06-10,20210610140000000,sh.603595,18.3200,19.3300,18.3200,18.9200,1763300,33290628.0000,3
2021-06-10,20210610150000000,sh.603595,18.9200,20.0000,18.9000,19.6500,2898294,57084047.0000,3
2021-06-11,20210611103000000,sh.603595,19.9500,20.0000,18.8500,18.9800,2401207,46551392.0000,3
2021-06-11,20210611113000000,sh.603595,18.9800,19.1200,18.9100,19.0000,471100,8957735.0000,3
2021-06-11,20210611140000000,sh.603595,18.9900,19.0300,18.8000,18.8800,422800,8002013.0000,3
2021-06-11,20210611150000000,sh.603595,18.8800,18.9700,18.7800,18.7900,519100,9786880.0000,3
2021-06-15,20210615103000000,sh.603595,18.7000,18.7900,18.3400,18.5000,752340,13902903.0000,3
2021-06-15,20210615113000000,sh.603595,18.5000,18.5000,18.3000,18.3700,295700,5432680.0000,3
2021-06-15,20210615140000000,sh.603595,18.3700,18.5200,18.3700,18.4100,188200,3465977.0000,3
2021-06-15,20210615150000000,sh.603595,18.4100,18.4900,18.3500,18.3700,429400,7900868.0000,3
2021-06-16,20210616103000000,sh.603595,18.3600,19.2800,18.3000,18.9900,1209054,22736614.0000,3
2021-06-16,20210616113000000,sh.603595,18.9900,18.9900,18.5900,18.6000,323261,6092767.0000,3
2021-06-16,20210616140000000,sh.603595,18.6000,18.7100,18.5800,18.6000,215199,4012141.0000,3
2021-06-16,20210616150000000,sh.603595,18.6000,18.7400,18.5900,18.6500,286701,5348918.0000,3
2021-06-17,20210617103000000,sh.603595,18.7800,19.0700,18.4800,18.9000,683314,12802961.0000,3
2021-06-17,20210617113000000,sh.603595,18.9000,18.9500,18.7500,18.9000,242200,4567122.0000,3
2021-06-17,20210617140000000,sh.603595,18.9700,19.9900,18.9100,19.7000,1643664,32057011.0000,3
2021-06-17,20210617150000000,sh.603595,19.7000,20.1000,19.5500,19.7200,1468828,29174087.0000,3
2021-06-18,20210618103000000,sh.603595,20.0000,20.5700,19.2800,20.4500,2433062,48351587.0000,3
2021-06-18,20210618113000000,sh.603595,20.4500,20.8800,20.1500,20.8500,1193980,24377793.0000,3
2021-06-18,20210618140000000,sh.603595,20.8500,21.6900,20.8500,21.6900,4301722,92612644.0000,3
2021-06-18,20210618150000000,sh.603595,21.6900,21.6900,21.6900,21.6900,381924,8283931.0000,3
2021-06-21,20210621103000000,sh.603595,22.1100,23.8600,22.1100,22.8100,8806825,204379656.0000,3
2021-06-21,20210621113000000,sh.603595,22.8100,23.7000,22.6200,23.3000,1273633,29542483.0000,3
2021-06-21,20210621140000000,sh.603595,23.2900,23.4000,23.0000,23.1600,513400,11905351.0000,3
2021-06-21,20210621150000000,sh.603595,23.1600,23.3000,22.3700,22.5100,1753710,39844222.0000,3
2021-06-22,20210622103000000,sh.603595,22.3300,22.9300,21.6800,21.9600,5130530,113794210.0000,3
2021-06-22,20210622113000000,sh.603595,21.9100,23.1500,21.9100,22.6700,1455730,33050301.0000,3
2021-06-22,20210622140000000,sh.603595,22.6700,22.8400,22.1200,22.1700,671200,15108835.0000,3
2021-06-22,20210622150000000,sh.603595,22.1200,22.3400,21.8900,22.0100,858267,18930245.0000,3
2021-06-23,20210623103000000,sh.603595,22.4000,23.8800,22.1000,23.1200,4973853,114546214.0000,3
2021-06-23,20210623113000000,sh.603595,23.1200,24.2100,23.0100,24.2100,5429256,129892130.0000,3
2021-06-23,20210623140000000,sh.603595,24.2100,24.2100,24.2100,24.2100,222680,5391083.0000,3
2021-06-23,20210623150000000,sh.603595,24.2100,24.2100,24.2100,24.2100,138255,3347153.0000,3
2021-06-24,20210624103000000,sh.603595,23.8900,26.6000,23.4000,25.2000,8504925,214286315.0000,3
2021-06-24,20210624113000000,sh.603595,25.2000,25.7000,24.8800,25.1800,1399796,35320884.0000,3
2021-06-24,20210624140000000,sh.603595,25.1800,26.6300,25.1800,26.6300,2912079,76444961.0000,3
2021-06-24,20210624150000000,sh.603595,26.6300,26.6300,26.6300,26.6300,240244,6397712.0000,3
2021-06-25,20210625103000000,sh.603595,26.6300,29.0000,26.0000,26.2000,8090404,222929584.0000,3
2021-06-25,20210625113000000,sh.603595,26.2000,26.4500,25.3300,25.7000,3028383,77822048.0000,3
2021-06-25,20210625140000000,sh.603595,25.8000,26.3800,25.5000,25.7000,1018748,26276752.0000,3
2021-06-25,20210625150000000,sh.603595,25.7000,28.0900,25.5000,27.0100,2402492,64861456.0000,3
2021-06-28,20210628103000000,sh.603595,26.8000,28.8000,26.8000,28.6900,7732557,217268432.0000,3
2021-06-28,20210628113000000,sh.603595,28.6900,29.2500,28.3000,28.3100,2131444,61320578.0000,3
2021-06-28,20210628140000000,sh.603595,28.3100,28.9400,27.9000,28.2000,1691072,48090296.0000,3
2021-06-28,20210628150000000,sh.603595,28.1800,29.0100,28.1800,28.7000,2112641,60418976.0000,3
2021-06-29,20210629103000000,sh.603595,27.2000,27.7700,25.8400,27.3400,4534148,122593571.0000,3
2021-06-29,20210629113000000,sh.603595,27.5000,28.2700,27.3400,27.6100,1025700,28454820.0000,3
2021-06-29,20210629140000000,sh.603595,27.6100,27.8400,26.9300,27.5100,1312700,35906879.0000,3
2021-06-29,20210629150000000,sh.603595,27.5100,27.5100,26.2400,26.5100,2883409,77030373.0000,3
2021-06-30,20210630103000000,sh.603595,26.0000,27.1500,25.4300,26.7900,3865920,101511632.0000,3
2021-06-30,20210630113000000,sh.603595,26.7900,26.7900,25.7100,25.8300,1704172,44431856.0000,3
2021-06-30,20210630140000000,sh.603595,25.8400,26.4800,25.8400,26.0300,981961,25709602.0000,3
2021-06-30,20210630150000000,sh.603595,26.0400,26.5000,26.0200,26.4300,1263090,33240911.0000,3
2021-07-01,20210701103000000,sh.603595,26.1500,26.1500,24.5000,25.0900,3943918,99461250.4000,3
2021-07-01,20210701113000000,sh.603595,25.0900,25.0900,24.3000,24.4400,2007856,49466519.2800,3
2021-07-01,20210701140000000,sh.603595,24.4400,24.6300,24.0000,24.0100,2035884,49311568.0800,3
2021-07-01,20210701150000000,sh.603595,24.0100,24.2000,23.7900,23.7900,2215200,52889442.2800,3
2021-07-02,20210702103000000,sh.603595,23.2600,23.7300,22.6500,22.9000,3784817,87167622.5300,3
2021-07-02,20210702113000000,sh.603595,22.9000,23.1600,22.7000,23.0200,1081800,24752427.0000,3
2021-07-02,20210702140000000,sh.603595,23.0200,23.0300,22.6200,22.8500,1124200,25623984.0000,3
2021-07-02,20210702150000000,sh.603595,22.8500,23.0700,22.6900,22.9300,1398748,32002102.8800,3
2021-07-05,20210705103000000,sh.603595,23.1000,23.3800,22.4800,22.6600,2441004,55944629.4800,3
2021-07-05,20210705113000000,sh.603595,22.6700,22.9500,22.6300,22.7600,613400,13964839.0000,3
2021-07-05,20210705140000000,sh.603595,22.7600,22.9500,22.5300,22.8500,746700,16947804.0000,3
2021-07-05,20210705150000000,sh.603595,22.8500,23.0600,22.6600,22.9500,1524700,34928553.2800,3
2021-07-06,20210706103000000,sh.603595,23.0500,23.3700,22.6000,23.1500,2324600,53517262.0000,3
2021-07-06,20210706113000000,sh.603595,23.1500,23.2100,22.7300,22.8800,885600,20351965.0000,3
2021-07-06,20210706140000000,sh.603595,22.8800,23.1400,22.7100,22.7100,885100,20239770.0000,3
2021-07-06,20210706150000000,sh.603595,22.7200,23.1800,22.5000,23.1800,1344600,30689820.0000,3
2021-07-07,20210707103000000,sh.603595,23.0000,23.0500,22.2400,22.7000,1809500,40947073.0000,3
2021-07-07,20210707113000000,sh.603595,22.7000,23.0500,22.7000,22.7900,612900,14017289.0000,3
2021-07-07,20210707140000000,sh.603595,22.8000,23.0800,22.7600,23.0300,736300,16892079.0000,3
2021-07-07,20210707150000000,sh.603595,23.0200,23.7600,23.0000,23.6100,3009988,70660875.7200,3
2021-07-08,20210708103000000,sh.603595,23.6000,24.8300,23.5200,24.5100,4593247,111272143.1100,3
2021-07-08,20210708113000000,sh.603595,24.5100,24.6500,24.2500,24.3100,1705900,41596498.0000,3
2021-07-08,20210708140000000,sh.603595,24.3000,24.4900,24.2600,24.3600,798720,19456544.6000,3
2021-07-08,20210708150000000,sh.603595,24.3600,25.9700,24.3600,25.1800,3381472,85305308.2400,3
2021-07-09,20210709103000000,sh.603595,24.5100,24.9900,23.8200,23.9300,3374902,81790501.2000,3
2021-07-09,20210709113000000,sh.603595,23.9400,24.4600,23.9200,24.0200,763300,18462847.0000,3
2021-07-09,20210709140000000,sh.603595,24.0200,24.4000,24.0200,24.2400,579742,14041120.3400,3
2021-07-09,20210709150000000,sh.603595,24.2400,24.6800,24.1300,24.1600,1345894,32772476.4800,3
2021-07-12,20210712103000000,sh.603595,24.1600,24.2900,23.4400,24.2500,2278400,54238510.0000,3
2021-07-12,20210712113000000,sh.603595,24.2500,24.2600,23.8600,23.9600,688914,16547941.2400,3
2021-07-12,20210712140000000,sh.603595,23.9600,24.6200,23.9600,24.2300,1221988,29718542.8400,3
2021-07-12,20210712150000000,sh.603595,24.2400,24.7100,24.1600,24.7100,1444503,35363449.5300,3
2021-07-13,20210713103000000,sh.603595,24.7000,25.7600,24.1200,25.3100,3482756,87838265.5800,3
2021-07-13,20210713113000000,sh.603595,25.3100,26.8500,25.2300,26.2800,2524727,65762120.1500,3
2021-07-13,20210713140000000,sh.603595,26.2800,26.3300,25.4100,25.9200,1297800,33469940.0000,3
2021-07-13,20210713150000000,sh.603595,25.9200,25.9900,25.6600,25.9500,1185532,30688472.1600,3
2021-07-14,20210714103000000,sh.603595,25.9000,25.9000,24.8000,25.0000,2753476,69272555.2000,3
2021-07-14,20210714113000000,sh.603595,25.0000,25.2100,24.6700,24.9300,787400,19609193.0000,3
2021-07-14,20210714140000000,sh.603595,25.1000,26.1300,25.0000,25.7700,2751956,70758871.2800,3
2021-07-14,20210714150000000,sh.603595,25.8000,25.8500,25.2700,25.5100,938100,23972690.5200,3
2021-07-15,20210715103000000,sh.603595,25.1600,25.4000,24.4000,24.6500,1672396,41474184.7200,3
2021-07-15,20210715113000000,sh.603595,24.6600,25.1500,24.6200,24.8900,574700,14342457.0000,3
2021-07-15,20210715140000000,sh.603595,24.8900,25.0000,24.6200,24.7500,627820,15549101.8800,3
2021-07-15,20210715150000000,sh.603595,24.7500,24.7500,24.6000,24.6400,1036312,25569005.8400,3
2021-07-16,20210716103000000,sh.603595,24.5100,24.5100,23.0000,23.0100,3469321,81432515.5200,3
2021-07-16,20210716113000000,sh.603595,23.0200,23.6600,22.8500,23.6000,989340,22948321.8000,3
2021-07-16,20210716140000000,sh.603595,23.6400,23.6500,23.5100,23.5900,380300,8957134.0000,3
2021-07-16,20210716150000000,sh.603595,23.5900,23.8000,23.3200,23.3500,857500,20192926.0000,3
2021-07-19,20210719103000000,sh.603595,22.8500,23.8600,22.7100,23.6700,1842665,42832801.1500,3
2021-07-19,20210719113000000,sh.603595,23.6700,24.4100,23.6100,23.8700,1291440,31010762.0800,3
2021-07-19,20210719140000000,sh.603595,23.8700,24.2100,23.7600,23.7700,576600,13772030.4400,3
2021-07-19,20210719150000000,sh.603595,23.7800,24.2500,23.7700,24.2400,829756,19905962.4400,3
2021-07-20,20210720103000000,sh.603595,23.9800,24.8500,23.5600,24.7900,1835504,44860071.3600,3
2021-07-20,20210720113000000,sh.603595,24.7900,25.3600,24.7000,24.9200,1340392,33465074.0000,3
2021-07-20,20210720140000000,sh.603595,24.9500,25.2500,24.6800,24.9400,767200,19117408.0000,3
2021-07-20,20210720150000000,sh.603595,24.9100,25.2100,24.8600,24.9600,1649750,41261680.0000,3
2021-07-21,20210721103000000,sh.603595,25.5000,25.6000,24.5100,25.2100,2273900,56683948.0000,3
2021-07-21,20210721113000000,sh.603595,25.2100,26.1000,24.8700,25.8000,2796592,71749873.0400,3
2021-07-21,20210721140000000,sh.603595,25.8000,27.4600,25.8000,27.2000,8275520,225938060.6400,3
2021-07-21,20210721150000000,sh.603595,27.2000,27.4600,26.9500,26.9500,2392532,65167682.0000,3
2021-07-22,20210722103000000,sh.603595,27.4700,28.6000,26.6000,27.1200,4653004,126968298.6800,3
2021-07-22,20210722113000000,sh.603595,27.1200,27.4600,26.5000,27.1100,1568480,42462740.0000,3
2021-07-22,20210722140000000,sh.603595,27.1100,27.4500,26.9400,26.9900,1223938,33219602.3600,3
2021-07-22,20210722150000000,sh.603595,26.9900,27.0500,26.7500,26.8700,1188099,31964349.9500,3
2021-07-23,20210723103000000,sh.603595,26.8100,27.2100,24.8800,24.8800,5364196,138843325.3200,3
2021-07-23,20210723113000000,sh.603595,24.8800,24.9600,24.2700,24.3700,2190900,53936597.1000,3
2021-07-23,20210723140000000,sh.603595,24.3500,24.3700,24.1800,24.1800,1553400,37621056.0000,3
2021-07-23,20210723150000000,sh.603595,24.1800,24.1800,24.1800,24.1800,427800,10344204.0000,3
2021-07-26,20210726103000000,sh.603595,23.0200,23.8700,23.0000,23.4000,2186500,51165516.0000,3
2021-07-26,20210726113000000,sh.603595,23.3800,23.4100,22.5500,23.0000,1882400,43231267.4400,3
2021-07-26,20210726140000000,sh.603595,23.0000,23.0400,22.4000,22.8900,1489576,33823092.1200,3
2021-07-26,20210726150000000,sh.603595,22.8900,23.0000,22.6000,22.7400,1602800,36526762.1600,3
2021-07-27,20210727103000000,sh.603595,22.9200,23.3000,22.6200,22.6700,1568665,35984083.0000,3
2021-07-27,20210727113000000,sh.603595,22.6700,23.6500,22.6700,23.2700,1484750,34426318.3000,3
2021-07-27,20210727140000000,sh.603595,23.2900,23.5500,23.1700,23.2800,1041004,24263540.9200,3
2021-07-27,20210727150000000,sh.603595,23.2800,23.3900,22.9000,23.0300,1371668,31626398.5600,3
2021-07-28,20210728103000000,sh.603595,22.6000,23.0000,21.3700,22.7800,2366216,52242246.2800,3
2021-07-28,20210728113000000,sh.603595,22.7700,23.1300,22.5400,22.6800,586100,13378346.0000,3
2021-07-28,20210728140000000,sh.603595,22.6800,22.7300,22.1800,22.6000,614180,13761711.8000,3
2021-07-28,20210728150000000,sh.603595,22.6000,22.6600,22.2100,22.3400,649176,14570040.9600,3
2021-07-29,20210729103000000,sh.603595,22.9000,22.9000,22.2500,22.4600,1796000,40470471.0000,3
2021-07-29,20210729113000000,sh.603595,22.4600,23.0000,22.3000,22.8600,876476,19880365.0800,3
2021-07-29,20210729140000000,sh.603595,22.8900,23.1700,22.8300,23.0100,785880,18058384.0000,3
2021-07-29,20210729150000000,sh.603595,23.0100,23.2300,22.9100,23.1700,935317,21609837.6300,3
2021-07-30,20210730103000000,sh.603595,22.9900,24.0500,22.8900,23.8800,2437764,57794617.3200,3
2021-07-30,20210730113000000,sh.603595,23.8800,24.1700,23.7600,24.1300,1096530,26357533.9200,3
2021-07-30,20210730140000000,sh.603595,24.1500,24.1500,23.5700,23.6800,752400,17901182.2000,3
2021-07-30,20210730150000000,sh.603595,23.6800,24.0000,23.6400,23.8000,825235,19651896.3200,3
2021-08-02,20210802103000000,sh.603595,23.3100,24.3000,23.3100,23.6900,1572113,37352102.0900,3
2021-08-02,20210802113000000,sh.603595,23.6900,23.8000,22.7800,22.8000,1728556,40014284.8000,3
2021-08-02,20210802140000000,sh.603595,22.8000,23.6200,22.7900,23.5200,837396,19527244.7600,3
2021-08-02,20210802150000000,sh.603595,23.5200,24.0000,23.4700,23.9500,1095147,25989952.4400,3
2021-08-03,20210803103000000,sh.603595,23.5800,24.7700,23.4000,24.7700,2488147,60259867.2800,3
2021-08-03,20210803113000000,sh.603595,24.7700,25.4700,24.4300,25.4000,2133098,53273041.7400,3
2021-08-03,20210803140000000,sh.603595,25.4000,25.4900,24.9700,25.2100,1086656,27372438.2000,3
2021-08-03,20210803150000000,sh.603595,25.2400,25.4300,24.6900,24.8000,1306700,32603472.0000,3
2021-08-04,20210804103000000,sh.603595,25.0100,25.3000,24.5200,24.7900,1225500,30608930.0000,3
2021-08-04,20210804113000000,sh.603595,24.7900,25.0700,24.6200,24.8000,708900,17614500.4000,3
2021-08-04,20210804140000000,sh.603595,24.8000,27.2800,24.8000,27.2800,6174239,164394138.1500,3
2021-08-04,20210804150000000,sh.603595,27.2800,27.2800,27.2800,27.2800,503600,13738208.0000,3
2021-08-05,20210805103000000,sh.603595,28.2500,29.2100,27.8200,28.3300,7185742,205475876.3800,3
2021-08-05,20210805113000000,sh.603595,28.3400,28.5600,27.9000,28.4600,1203792,34049442.2800,3
2021-08-05,20210805140000000,sh.603595,28.4600,28.6500,27.8500,28.5300,1680200,47512463.0000,3
2021-08-05,20210805150000000,sh.603595,28.5400,28.5400,27.9200,27.9600,1955676,54941454.5600,3
2021-08-06,20210806103000000,sh.603595,29.1500,29.2800,27.5400,28.4000,3035140,85823983.0000,3
2021-08-06,20210806113000000,sh.603595,28.4100,28.4700,27.6900,27.7900,1442780,40348108.0000,3
2021-08-06,20210806140000000,sh.603595,27.7900,28.3800,27.7800,28.1300,890500,24973240.0000,3
2021-08-06,20210806150000000,sh.603595,28.1300,28.5100,28.0300,28.4000,1537180,43566995.0000,3
2021-08-09,20210809103000000,sh.603595,28.2200,28.5000,27.2800,27.4200,2195108,60564711.0000,3
2021-08-09,20210809113000000,sh.603595,27.4200,28.1800,27.3000,27.9700,815500,22527243.0000,3
2021-08-09,20210809140000000,sh.603595,28.1500,28.2800,27.7800,27.9500,738400,20662756.0000,3
2021-08-09,20210809150000000,sh.603595,27.9300,28.1500,27.8000,28.1500,1069592,29867721.0000,3
2021-08-10,20210810103000000,sh.603595,27.6800,30.2000,27.6100,29.8400,5183640,150954064.0000,3
2021-08-10,20210810113000000,sh.603595,29.8400,30.9700,29.8300,30.9700,3373888,103220953.0000,3
2021-08-10,20210810140000000,sh.603595,30.9700,30.9700,30.9700,30.9700,259900,8049103.0000,3
2021-08-10,20210810150000000,sh.603595,30.9700,30.9700,30.9700,30.9700,177700,5503369.0000,3
2021-08-11,20210811103000000,sh.603595,33.8900,33.8900,31.4300,32.5700,7536568,246759503.0000,3
2021-08-11,20210811113000000,sh.603595,32.5700,33.0100,32.5000,32.7700,846532,27770113.0000,3
2021-08-11,20210811140000000,sh.603595,32.7600,33.3200,32.7600,32.8800,1247650,41294992.0000,3
2021-08-11,20210811150000000,sh.603595,32.8800,33.1600,32.6500,33.0500,2045661,67419248.0000,3
2021-08-12,20210812103000000,sh.603595,33.2500,33.5900,31.8000,32.2200,4528028,146695892.0000,3
2021-08-12,20210812113000000,sh.603595,32.2400,32.7300,32.2100,32.5700,855140,27745169.0000,3
2021-08-12,20210812140000000,sh.603595,32.5900,34.7000,32.5900,34.4100,3123700,106238523.0000,3
2021-08-12,20210812150000000,sh.603595,34.3800,34.6000,34.0400,34.3800,1970772,67673696.0000,3
2021-08-13,20210813103000000,sh.603595,34.4000,34.8700,33.3800,34.4500,2699868,91407626.0000,3
2021-08-13,20210813113000000,sh.603595,34.4500,34.7300,33.7400,34.4700,1500600,51430846.0000,3
2021-08-13,20210813140000000,sh.603595,34.4300,34.8100,34.2000,34.3000,1575284,54339204.0000,3
2021-08-13,20210813150000000,sh.603595,34.3000,34.7900,34.3000,34.5600,1916866,66272424.0000,3
2021-08-16,20210816103000000,sh.603595,35.0000,35.4600,33.3900,33.7000,2205818,75826705.0000,3
2021-08-16,20210816113000000,sh.603595,33.7100,34.1800,33.6900,34.0700,722400,24501071.0000,3
2021-08-16,20210816140000000,sh.603595,34.1400,34.1400,32.8500,32.9900,1205200,40143503.0000,3
2021-08-16,20210816150000000,sh.603595,32.9900,32.9900,32.3200,32.8200,2044600,66851893.0000,3
2021-08-17,20210817103000000,sh.603595,32.8200,33.2900,32.3500,32.8800,1390972,45613653.0000,3
2021-08-17,20210817113000000,sh.603595,32.8900,33.1700,32.6000,32.6400,616400,20265568.0000,3
2021-08-17,20210817140000000,sh.603595,32.6200,32.8800,31.8800,32.3300,1418604,45961290.0000,3
2021-08-17,20210817150000000,sh.603595,32.3300,32.6400,31.9000,32.5000,1460350,47091392.0000,3
2021-08-18,20210818103000000,sh.603595,32.0200,32.8000,31.7000,31.9700,1209760,38871616.0000,3
2021-08-18,20210818113000000,sh.603595,31.9700,32.0000,30.2800,31.0100,2583319,80048999.0000,3
2021-08-18,20210818140000000,sh.603595,30.9700,32.0000,30.9200,31.5200,1046228,32989775.0000,3
2021-08-18,20210818150000000,sh.603595,31.5200,32.0600,31.2300,31.7700,1087992,34400494.0000,3
2021-08-19,20210819103000000,sh.603595,32.1000,33.4700,31.0300,32.4000,2766892,89758944.0000,3
2021-08-19,20210819113000000,sh.603595,32.4000,33.0000,32.0700,32.9100,1051140,34028325.0000,3
2021-08-19,20210819140000000,sh.603595,32.9800,33.3000,32.4500,32.7400,1047200,34470234.0000,3
2021-08-19,20210819150000000,sh.603595,32.7400,33.0000,31.6600,31.8700,1417922,45563238.0000,3
2021-08-20,20210820103000000,sh.603595,31.1500,32.4000,30.5000,31.9000,1614250,51024907.0000,3
2021-08-20,20210820113000000,sh.603595,31.9000,31.9100,31.2300,31.4100,512800,16140431.0000,3
2021-08-20,20210820140000000,sh.603595,31.4100,32.0000,31.1100,31.9900,430400,13605864.0000,3
2021-08-20,20210820150000000,sh.603595,31.9900,32.4300,31.7000,31.7000,926100,29642227.0000,3
2021-08-23,20210823103000000,sh.603595,31.7000,33.5200,30.2300,33.4600,3838921,122001100.0000,3
2021-08-23,20210823113000000,sh.603595,33.4600,33.4800,32.5500,32.6900,1126300,37052516.0000,3
2021-08-23,20210823140000000,sh.603595,32.6900,32.7800,31.9900,32.6100,1027300,33215592.0000,3
2021-08-23,20210823150000000,sh.603595,32.5500,32.7800,32.0300,32.1800,1354268,43893557.0000,3
2021-08-24,20210824103000000,sh.603595,32.1600,33.5300,31.7800,33.2300,2247551,73710145.0000,3
2021-08-24,20210824113000000,sh.603595,33.2500,33.9500,33.0600,33.3400,1360800,45727730.0000,3
2021-08-24,20210824140000000,sh.603595,33.3400,34.3600,33.2600,33.7700,1216272,41112286.0000,3
2021-08-24,20210824150000000,sh.603595,33.7700,33.9900,33.0300,33.3200,1313692,43912620.0000,3
2021-08-25,20210825103000000,sh.603595,33.9400,34.6400,33.0100,33.6800,2236400,75371472.0000,3
2021-08-25,20210825113000000,sh.603595,33.6800,34.6000,33.6800,34.3000,1388000,47622315.0000,3
2021-08-25,20210825140000000,sh.603595,34.3100,35.5000,34.1900,35.4500,1415658,49233853.0000,3
2021-08-25,20210825150000000,sh.603595,35.4500,36.2000,35.1100,35.3000,1654780,58773209.0000,3
2021-08-26,20210826103000000,sh.603595,35.4000,35.7500,34.4000,34.5300,1654350,57769036.0000,3
2021-08-26,20210826113000000,sh.603595,34.5600,34.6000,33.7500,34.4500,1085500,37113273.0000,3
2021-08-26,20210826140000000,sh.603595,34.4300,34.4500,34.0600,34.1400,439056,15016465.0000,3
2021-08-26,20210826150000000,sh.603595,34.1400,34.1600,33.4400,33.9300,1146060,38728535.0000,3
2021-08-27,20210827103000000,sh.603595,33.9300,34.1700,32.2600,32.9400,1822733,59774975.0000,3
2021-08-27,20210827113000000,sh.603595,32.9800,33.6000,32.8400,33.2700,751900,24945410.0000,3
2021-08-27,20210827140000000,sh.603595,33.1500,33.5200,32.8600,33.4100,487800,16169855.0000,3
2021-08-27,20210827150000000,sh.603595,33.5000,33.9000,33.1800,33.5300,959780,32238748.0000,3
2021-08-30,20210830103000000,sh.603595,33.4900,34.6200,33.0000,34.3000,1394071,47506393.0000,3
2021-08-30,20210830113000000,sh.603595,34.2900,34.3100,33.1000,33.4000,896814,30087884.0000,3
2021-08-30,20210830140000000,sh.603595,33.5800,36.2200,33.5300,35.3600,2086984,72952740.0000,3
2021-08-30,20210830150000000,sh.603595,35.3600,35.6700,34.8800,35.6000,799428,28259065.0000,3
2021-08-31,20210831103000000,sh.603595,35.2500,36.8000,34.0800,34.1600,2743841,96073957.0000,3
2021-08-31,20210831113000000,sh.603595,34.1600,34.4400,33.5400,34.0000,825900,27978623.0000,3
2021-08-31,20210831140000000,sh.603595,34.0000,34.8800,33.3500,33.6700,1128600,38032568.0000,3
2021-08-31,20210831150000000,sh.603595,33.6700,33.7300,32.6900,32.9900,1224792,40627940.0000,3
2021-09-01,20210901103000000,sh.603595,32.6800,32.9800,30.6200,31.1300,2976096,94457864.0000,3
2021-09-01,20210901113000000,sh.603595,31.1300,31.2900,30.1800,30.8600,908900,27955524.0000,3
2021-09-01,20210901140000000,sh.603595,30.9500,32.4000,30.8700,32.2400,679416,21400949.0000,3
2021-09-01,20210901150000000,sh.603595,32.3600,32.7900,32.0600,32.5000,763908,24810188.0000,3
2021-09-02,20210902103000000,sh.603595,32.0000,33.2000,31.5100,32.5200,1394400,45222034.0000,3
2021-09-02,20210902113000000,sh.603595,32.5200,32.5800,31.7800,32.4400,775100,24869700.0000,3
2021-09-02,20210902140000000,sh.603595,32.3000,32.5300,32.0000,32.5000,620360,19965584.0000,3
2021-09-02,20210902150000000,sh.603595,32.5000,33.0000,32.4100,32.4600,1208400,39413123.0000,3
2021-09-03,20210903103000000,sh.603595,32.4800,32.8900,31.6000,32.0100,993924,32221160.0000,3
2021-09-03,20210903113000000,sh.603595,32.0000,32.1200,31.1900,31.7800,1125800,35658277.0000,3
2021-09-03,20210903140000000,sh.603595,31.7800,33.0000,31.6700,32.4100,822000,26549586.0000,3
2021-09-03,20210903150000000,sh.603595,32.4000,32.8700,32.3000,32.3700,938500,30613673.0000,3
2021-09-06,20210906103000000,sh.603595,32.3000,32.8800,31.8000,32.4200,1037792,33586276.0000,3
2021-09-06,20210906113000000,sh.603595,32.4200,32.8800,32.2000,32.4300,556700,18116854.0000,3
2021-09-06,20210906140000000,sh.603595,32.4300,34.2300,32.3600,34.0700,2308884,77095053.0000,3
2021-09-06,20210906150000000,sh.603595,34.0800,34.2000,33.8000,34.1900,1430700,48717974.0000,3
2021-09-07,20210907103000000,sh.603595,33.8000,34.0000,32.6800,33.3000,2249196,74966546.0000,3
2021-09-07,20210907113000000,sh.603595,33.3000,33.6800,32.9600,33.4700,811200,26975173.0000,3
2021-09-07,20210907140000000,sh.603595,33.4700,33.5400,33.0200,33.0700,686800,22817612.0000,3
2021-09-07,20210907150000000,sh.603595,33.0600,33.4500,33.0500,33.0800,785602,26058500.0000,3
2021-09-08,20210908103000000,sh.603595,33.1000,33.5500,32.5000,32.5600,1302783,42830607.0000,3
2021-09-08,20210908113000000,sh.603595,32.5600,33.1300,32.0400,33.0000,673118,21919016.0000,3
2021-09-08,20210908140000000,sh.603595,33.0000,33.5400,32.9100,33.3900,744600,24736505.0000,3
2021-09-08,20210908150000000,sh.603595,33.3900,33.4800,33.0100,33.0400,606500,20118059.0000,3
2021-09-09,20210909103000000,sh.603595,32.5800,33.2900,32.4100,32.5100,1092400,35810380.0000,3
2021-09-09,20210909113000000,sh.603595,32.5100,32.6900,32.2000,32.3000,453700,14720500.0000,3
2021-09-09,20210909140000000,sh.603595,32.2800,32.3700,31.2000,31.3200,1695400,53748489.0000,3
2021-09-09,20210909150000000,sh.603595,31.2100,31.8800,31.0000,31.5000,1020700,32076948.0000,3
2021-09-10,20210910103000000,sh.603595,31.2700,31.8400,30.9000,31.2400,1648856,51584583.0000,3
2021-09-10,20210910113000000,sh.603595,31.2400,31.7000,31.1700,31.3700,764940,24008975.0000,3
2021-09-10,20210910140000000,sh.603595,31.3800,32.3400,31.3800,32.3000,799611,25461840.0000,3
2021-09-10,20210910150000000,sh.603595,32.3000,32.3900,31.9900,32.1400,698095,22471310.0000,3
2021-09-13,20210913103000000,sh.603595,32.1400,32.3500,31.3400,31.4900,1298000,41068023.0000,3
2021-09-13,20210913113000000,sh.603595,31.5000,31.9400,31.4000,31.9400,441400,13972171.0000,3
2021-09-13,20210913140000000,sh.603595,31.9400,32.6000,31.8300,32.3100,881428,28411959.0000,3
2021-09-13,20210913150000000,sh.603595,32.3100,32.5700,32.2400,32.5500,824056,26743785.0000,3
2021-09-14,20210914103000000,sh.603595,32.6800,32.7900,31.6000,31.9100,910392,29014438.0000,3
2021-09-14,20210914113000000,sh.603595,31.9100,31.9200,31.5000,31.8200,600500,19006041.0000,3
2021-09-14,20210914140000000,sh.603595,31.8200,32.0100,31.2600,31.3800,746900,23555463.0000,3
2021-09-14,20210914150000000,sh.603595,31.3300,31.7000,30.9000,31.5400,936600,29302436.0000,3
2021-09-15,20210915103000000,sh.603595,31.0000,31.1000,29.6100,30.5500,1735431,52589710.0000,3
2021-09-15,20210915113000000,sh.603595,30.5500,30.6000,30.2000,30.4900,305132,9260125.0000,3
2021-09-15,20210915140000000,sh.603595,30.4000,30.7800,30.3500,30.4600,421700,12872652.0000,3
2021-09-15,20210915150000000,sh.603595,30.4500,30.5200,30.1200,30.2700,613380,18600561.0000,3
2021-09-16,20210916103000000,sh.603595,30.1200,30.9800,30.1200,30.1400,837600,25616438.0000,3
2021-09-16,20210916113000000,sh.603595,30.1500,30.3200,29.3300,29.5600,671777,20015255.0000,3
2021-09-16,20210916140000000,sh.603595,29.5600,29.5800,29.1900,29.2500,615100,18054364.0000,3
2021-09-16,20210916150000000,sh.603595,29.2200,29.4100,28.9000,29.0500,680244,19802972.0000,3
2021-09-17,20210917103000000,sh.603595,29.0200,29.5500,29.0000,29.2200,572700,16767163.0000,3
2021-09-17,20210917113000000,sh.603595,29.2200,29.2600,28.6500,28.8800,387492,11211500.0000,3
2021-09-17,20210917140000000,sh.603595,28.8800,28.9200,28.3700,28.7200,466100,13312348.0000,3
2021-09-17,20210917150000000,sh.603595,28.7200,29.2600,28.6200,29.0000,438472,12768608.0000,3
2021-09-22,20210922103000000,sh.603595,28.9000,29.0000,27.9300,27.9300,1472400,41582450.0000,3
2021-09-22,20210922113000000,sh.603595,27.9800,29.2400,27.9500,29.0500,608428,17437323.0000,3
2021-09-22,20210922140000000,sh.603595,29.0300,29.2000,28.4900,28.7100,257800,7462297.0000,3
2021-09-22,20210922150000000,sh.603595,28.7300,28.9900,28.5900,28.8300,286400,8235002.0000,3
2021-09-23,20210923103000000,sh.603595,28.8000,29.1400,28.5200,28.8200,527600,15197352.0000,3
2021-09-23,20210923113000000,sh.603595,28.8800,29.0500,28.5700,29.0500,264008,7587970.0000,3
2021-09-23,20210923140000000,sh.603595,29.1000,29.1500,28.6800,28.7600,263400,7601372.0000,3
2021-09-23,20210923150000000,sh.603595,28.7600,28.7900,28.3200,28.3600,462396,13182052.0000,3
2021-09-24,20210924103000000,sh.603595,28.5500,28.5500,27.8000,28.1400,790200,22217582.0000,3
2021-09-24,20210924113000000,sh.603595,28.1400,28.4000,28.0100,28.0800,510166,14329129.0000,3
2021-09-24,20210924140000000,sh.603595,28.0800,28.3300,28.0600,28.1100,262400,7407467.0000,3
2021-09-24,20210924150000000,sh.603595,28.1100,28.1200,27.6600,27.7700,679886,18901104.0000,3
2021-09-27,20210927103000000,sh.603595,27.7800,28.0900,26.8000,27.1100,1127044,30830392.0000,3
2021-09-27,20210927113000000,sh.603595,27.1300,27.4300,26.4200,26.5100,608671,16371088.0000,3
2021-09-27,20210927140000000,sh.603595,26.5100,26.9200,26.3900,26.8600,441500,11738378.0000,3
2021-09-27,20210927150000000,sh.603595,26.8600,27.1000,26.6300,26.6300,387000,10383033.0000,3
2021-09-28,20210928103000000,sh.603595,26.6400,27.5500,26.6400,27.4100,989460,26973088.0000,3
2021-09-28,20210928113000000,sh.603595,27.4200,27.8900,27.3500,27.7200,598940,16569384.0000,3
2021-09-28,20210928140000000,sh.603595,27.7000,27.8500,27.5600,27.6500,368300,10198309.0000,3
2021-09-28,20210928150000000,sh.603595,27.7000,27.7000,27.3200,27.3900,324300,8901302.0000,3
2021-09-29,20210929103000000,sh.603595,27.8800,27.8800,26.7300,26.7900,579297,15675441.0000,3
2021-09-29,20210929113000000,sh.603595,26.7900,26.8300,26.2000,26.6200,543500,14398171.0000,3
2021-09-29,20210929140000000,sh.603595,26.6600,26.6600,26.3000,26.4000,287300,7594719.0000,3
2021-09-29,20210929150000000,sh.603595,26.4100,26.5100,25.8900,26.2100,614000,16059184.0000,3
2021-09-30,20210930103000000,sh.603595,26.0000,26.8800,26.0000,26.5400,370800,9876036.0000,3
2021-09-30,20210930113000000,sh.603595,26.5400,26.6200,26.1400,26.1900,324800,8553653.0000,3
2021-09-30,20210930140000000,sh.603595,26.1900,26.4400,26.1400,26.3100,406800,10705942.0000,3
2021-09-30,20210930150000000,sh.603595,26.3700,26.6600,26.3400,26.5600,272900,7235263.0000,3
2021-10-08,20211008103000000,sh.603595,26.3300,27.6000,26.3300,26.8500,639400,17374908.0000,3
2021-10-08,20211008113000000,sh.603595,26.8500,27.1700,26.7000,26.8900,269592,7268924.0000,3
2021-10-08,20211008140000000,sh.603595,26.8000,27.2200,26.7500,27.1000,261750,7067464.0000,3
2021-10-08,20211008150000000,sh.603595,27.1000,27.1400,26.8700,26.9800,284795,7682708.0000,3
2021-10-11,20211011103000000,sh.603595,26.8500,27.1000,26.5300,26.8900,500800,13447624.0000,3
2021-10-11,20211011113000000,sh.603595,26.8900,27.4500,26.6900,27.1000,303100,8235667.0000,3
2021-10-11,20211011140000000,sh.603595,27.1000,27.1800,26.9000,26.9800,181200,4899395.0000,3
2021-10-11,20211011150000000,sh.603595,26.9800,26.9800,26.7100,26.9400,193900,5210732.0000,3
2021-10-12,20211012103000000,sh.603595,27.0000,27.5000,26.1000,26.1000,501100,13329484.0000,3
2021-10-12,20211012113000000,sh.603595,26.1000,26.2000,25.8100,25.9200,379700,9884441.0000,3
2021-10-12,20211012140000000,sh.603595,25.9500,26.1200,25.5000,25.6800,403600,10392200.0000,3
2021-10-12,20211012150000000,sh.603595,25.6800,25.7600,25.4200,25.7100,302500,7745361.0000,3
2021-10-13,20211013103000000,sh.603595,26.1600,26.1600,25.4500,25.7400,407800,10520202.0000,3
2021-10-13,20211013113000000,sh.603595,25.7400,25.9000,25.0900,25.2600,319600,8120059.0000,3
2021-10-13,20211013140000000,sh.603595,25.2600,25.4700,24.9300,25.0800,723500,18191994.0000,3
2021-10-13,20211013150000000,sh.603595,25.0800,25.5000,25.0000,25.4500,506600,12754531.0000,3
2021-10-14,20211014103000000,sh.603595,25.2900,25.8800,25.0000,25.6100,544156,13929708.0000,3
2021-10-14,20211014113000000,sh.603595,25.6100,25.8500,25.4200,25.7400,470200,12049158.0000,3
2021-10-14,20211014140000000,sh.603595,25.7700,26.1400,25.6000,26.0400,720700,18691553.0000,3
2021-10-14,20211014150000000,sh.603595,26.0500,26.2100,25.9100,26.0000,454600,11855505.0000,3
2021-10-15,20211015103000000,sh.603595,26.1400,26.1400,24.6000,25.3500,1022700,25775689.0000,3
2021-10-15,20211015113000000,sh.603595,25.3500,25.6000,25.2700,25.4700,199800,5080573.0000,3
2021-10-15,20211015140000000,sh.603595,25.4700,25.6000,25.3500,25.4600,183400,4670725.0000,3
2021-10-15,20211015150000000,sh.603595,25.4600,25.4600,25.1900,25.4000,357600,9057508.0000,3
2021-10-18,20211018103000000,sh.603595,25.3700,25.6500,25.2200,25.4500,362300,9224221.0000,3
2021-10-18,20211018113000000,sh.603595,25.4500,25.4800,24.9000,25.4000,540588,13602524.0000,3
2021-10-18,20211018140000000,sh.603595,25.4100,25.4900,25.0100,25.1300,288100,7246342.0000,3
2021-10-18,20211018150000000,sh.603595,25.2200,25.5300,25.1500,25.3900,323100,8194595.0000,3
2021-10-19,20211019103000000,sh.603595,25.3800,27.9300,25.3800,27.9300,1405180,38197847.0000,3
2021-10-19,20211019113000000,sh.603595,27.9300,27.9300,27.9300,27.9300,20700,578151.0000,3
2021-10-19,20211019140000000,sh.603595,27.9300,27.9300,27.9300,27.9300,61000,1703730.0000,3
2021-10-19,20211019150000000,sh.603595,27.9300,27.9300,27.9300,27.9300,27700,773661.0000,3
2021-10-20,20211020103000000,sh.603595,27.9300,28.9900,27.1600,27.3500,2892800,80597618.0000,3
2021-10-20,20211020113000000,sh.603595,27.3500,27.3700,26.8000,27.3200,1146376,31032764.0000,3
2021-10-20,20211020140000000,sh.603595,27.3400,27.3900,27.0000,27.0800,785924,21353618.0000,3
2021-10-20,20211020150000000,sh.603595,27.0800,27.3900,27.0700,27.3800,845508,22988572.0000,3
2021-10-21,20211021103000000,sh.603595,27.1000,29.4000,26.6300,29.4000,3619900,101582037.0000,3
2021-10-21,20211021113000000,sh.603595,29.4000,29.5100,28.5800,29.5100,1232792,35827698.0000,3
2021-10-21,20211021140000000,sh.603595,29.5400,29.6700,28.5800,28.6800,634800,18457887.0000,3
2021-10-21,20211021150000000,sh.603595,28.6800,29.2500,28.6600,29.0000,661762,19180601.0000,3
2021-10-22,20211022103000000,sh.603595,28.2100,29.2600,28.2100,28.8800,1936940,55764733.0000,3
2021-10-22,20211022113000000,sh.603595,28.8800,30.3400,28.6800,29.8300,1552192,45849178.0000,3
2021-10-22,20211022140000000,sh.603595,29.8700,30.3300,29.6100,30.0200,1254156,37604090.0000,3
2021-10-22,20211022150000000,sh.603595,30.0200,30.1900,29.8300,29.9500,759738,22779790.0000,3
2021-10-25,20211025103000000,sh.603595,29.9600,30.8100,28.5000,30.6700,2740003,81059410.0000,3
2021-10-25,20211025113000000,sh.603595,30.6300,30.7800,29.8100,29.9900,952432,28769626.0000,3
2021-10-25,20211025140000000,sh.603595,30.0100,30.2000,29.6700,29.6700,540300,16170939.0000,3
2021-10-25,20211025150000000,sh.603595,29.6700,29.8400,29.3500,29.6800,1062100,31399222.0000,3
2021-10-26,20211026103000000,sh.603595,29.5000,29.8800,28.8800,29.1700,1394800,40825294.0000,3
2021-10-26,20211026113000000,sh.603595,29.1700,29.6800,29.1300,29.4200,399300,11738513.0000,3
2021-10-26,20211026140000000,sh.603595,29.4000,29.7600,29.2500,29.3200,434100,12793203.0000,3
2021-10-26,20211026150000000,sh.603595,29.3200,29.5000,29.1700,29.4700,509567,14933597.0000,3
2021-10-27,20211027103000000,sh.603595,29.4700,29.6000,28.7300,28.9000,779100,22642685.0000,3
2021-10-27,20211027113000000,sh.603595,28.9000,29.2900,28.7600,28.9300,328540,9499414.0000,3
2021-10-27,20211027140000000,sh.603595,28.9300,29.0400,28.8100,28.8500,248500,7185031.0000,3
2021-10-27,20211027150000000,sh.603595,28.8200,29.2600,28.8100,29.2100,412700,11982056.0000,3
2021-10-28,20211028103000000,sh.603595,29.4200,29.6600,28.6200,29.0600,1031020,30090277.0000,3
2021-10-28,20211028113000000,sh.603595,29.0600,29.2900,28.7600,29.0000,271000,7866769.0000,3
2021-10-28,20211028140000000,sh.603595,29.0000,29.1000,28.7600,28.7800,242900,7017045.0000,3
2021-10-28,20211028150000000,sh.603595,28.7800,29.1900,28.7800,28.8300,346456,10034255.0000,3
2021-10-29,20211029103000000,sh.603595,28.6600,29.3500,28.4900,29.2700,638518,18449409.0000,3
2021-10-29,20211029113000000,sh.603595,29.3000,29.4300,29.0000,29.3200,364200,10639059.0000,3
2021-10-29,20211029140000000,sh.603595,29.3200,30.8000,29.3200,30.2000,1320996,39847948.0000,3
2021-10-29,20211029150000000,sh.603595,30.2000,30.2000,29.8000,30.1100,623200,18720604.0000,3
2021-11-01,20211101103000000,sh.603595,30.9100,31.2000,30.1200,30.6000,1621500,49806376.0000,3
2021-11-01,20211101113000000,sh.603595,30.6000,30.7800,30.4200,30.6500,366076,11210004.0000,3
2021-11-01,20211101140000000,sh.603595,30.7000,31.5100,30.5000,31.1700,1182732,36772792.0000,3
2021-11-01,20211101150000000,sh.603595,31.1600,31.4500,31.1300,31.2200,612700,19169347.0000,3
2021-11-02,20211102103000000,sh.603595,30.9200,32.1000,30.9100,31.6600,1818695,57694265.0000,3
2021-11-02,20211102113000000,sh.603595,31.6200,31.6200,31.1500,31.3700,684308,21475942.0000,3
2021-11-02,20211102140000000,sh.603595,31.3700,31.5000,30.6800,30.9100,908504,28203021.0000,3
2021-11-02,20211102150000000,sh.603595,30.8600,31.1600,30.8000,31.0800,421624,13054945.0000,3
2021-11-03,20211103103000000,sh.603595,31.4500,31.5000,30.2700,30.3900,1251500,38603870.0000,3
2021-11-03,20211103113000000,sh.603595,30.3900,30.6400,30.1000,30.4000,508200,15439878.0000,3
2021-11-03,20211103140000000,sh.603595,30.4000,30.4800,30.0900,30.2000,369900,11172983.0000,3
2021-11-03,20211103150000000,sh.603595,30.2000,30.6100,30.2000,30.5500,558608,17029493.0000,3
2021-11-04,20211104103000000,sh.603595,30.5500,31.0900,29.9800,30.4100,1076900,32873542.0000,3
2021-11-04,20211104113000000,sh.603595,30.4100,31.0000,30.1700,30.8900,424500,12968104.0000,3
2021-11-04,20211104140000000,sh.603595,30.7900,30.7900,30.2500,30.5100,424700,12922010.0000,3
2021-11-04,20211104150000000,sh.603595,30.5100,30.9800,30.5000,30.5600,646800,19834533.0000,3
2021-11-05,20211105103000000,sh.603595,30.6400,32.0000,30.6400,30.9500,1737200,54347170.0000,3
2021-11-05,20211105113000000,sh.603595,30.9500,30.9700,30.2300,30.5900,480576,14681506.0000,3
2021-11-05,20211105140000000,sh.603595,30.6000,30.9100,30.3300,30.4200,634311,19394687.0000,3
2021-11-05,20211105150000000,sh.603595,30.4200,30.4500,30.1000,30.2600,506769,15328179.0000,3
2021-11-08,20211108103000000,sh.603595,30.2800,30.2800,28.7000,29.4100,1958100,57236381.0000,3
2021-11-08,20211108113000000,sh.603595,29.4000,30.6000,29.1500,30.4500,1110928,33387955.0000,3
2021-11-08,20211108140000000,sh.603595,30.5200,31.6100,30.4800,31.4300,2037500,63668615.0000,3
2021-11-08,20211108150000000,sh.603595,31.4300,31.6000,31.1000,31.6000,1483920,46627557.0000,3
2021-11-09,20211109103000000,sh.603595,31.6200,33.9600,31.6200,33.2500,4315336,142695973.0000,3
2021-11-09,20211109113000000,sh.603595,33.2500,34.7600,33.2500,34.7600,3496248,119026597.0000,3
2021-11-09,20211109140000000,sh.603595,34.7600,34.7600,34.7600,34.7600,234224,8141622.0000,3
2021-11-09,20211109150000000,sh.603595,34.7600,34.7600,34.7600,34.7600,120300,4181632.0000,3
2021-11-10,20211110103000000,sh.603595,36.0000,38.2400,35.8800,38.2400,9096168,339958288.0000,3
2021-11-10,20211110113000000,sh.603595,38.2400,38.2400,38.2400,38.2400,266188,10179024.0000,3
2021-11-10,20211110140000000,sh.603595,38.2400,38.2400,38.2400,38.2400,136500,5219760.0000,3
2021-11-10,20211110150000000,sh.603595,38.2400,38.2400,38.2400,38.2400,37608,1438128.0000,3
2021-11-11,20211111103000000,sh.603595,38.1400,38.1400,36.3500,36.8500,6038804,224547784.0000,3
2021-11-11,20211111113000000,sh.603595,36.8400,37.3000,36.4600,36.5000,2694600,99188840.0000,3
2021-11-11,20211111140000000,sh.603595,36.5000,36.9100,35.9200,35.9800,2532158,92371472.0000,3
2021-11-11,20211111150000000,sh.603595,35.9600,36.7300,35.9600,36.4500,2938959,106948112.0000,3
2021-11-12,20211112103000000,sh.603595,36.5400,37.5800,35.5000,36.7900,5450032,200927172.0000,3
2021-11-12,20211112113000000,sh.603595,36.8100,37.4900,36.5000,36.9500,1215900,45008015.0000,3
2021-11-12,20211112140000000,sh.603595,36.9500,37.2500,36.6800,37.1800,770420,28488845.0000,3
2021-11-12,20211112150000000,sh.603595,37.1800,37.5000,36.9700,37.3300,1964184,73181232.0000,3
2021-11-15,20211115103000000,sh.603595,37.8800,40.3000,37.8400,38.9200,7647620,297905376.0000,3
2021-11-15,20211115113000000,sh.603595,38.9200,39.0000,38.2900,38.4200,1056700,40743648.0000,3
2021-11-15,20211115140000000,sh.603595,38.4100,39.6300,38.0400,38.9400,1309940,50996672.0000,3
2021-11-15,20211115150000000,sh.603595,38.9400,40.0000,38.9400,39.5800,1904007,75380016.0000,3
2021-11-16,20211116103000000,sh.603595,39.3000,42.8800,39.0600,42.1800,6538837,271368704.0000,3
2021-11-16,20211116113000000,sh.603595,42.0500,42.8800,41.8900,42.1500,1701972,72130368.0000,3
2021-11-16,20211116140000000,sh.603595,42.1000,42.5000,41.6000,41.9000,1210780,50865136.0000,3
2021-11-16,20211116150000000,sh.603595,41.9000,42.3100,41.4400,42.0000,1675088,70136160.0000,3
2021-11-17,20211117103000000,sh.603595,42.0000,43.2000,40.0100,41.9000,4749768,199478406.0000,3
2021-11-17,20211117113000000,sh.603595,41.9000,43.1000,41.9000,42.8800,1678944,71876634.0000,3
2021-11-17,20211117140000000,sh.603595,42.8500,45.5700,42.8500,44.9100,2921140,128854064.0000,3
2021-11-17,20211117150000000,sh.603595,44.9100,45.2000,44.1300,44.4000,1434765,63818016.0000,3
2021-11-18,20211118103000000,sh.603595,44.7100,45.4000,43.5000,44.1500,3200076,142158443.0000,3
2021-11-18,20211118113000000,sh.603595,44.1600,44.7100,43.0000,44.3700,1466624,64559826.0000,3
2021-11-18,20211118140000000,sh.603595,44.2900,44.3700,42.0400,43.6000,2342204,101296867.0000,3
2021-11-18,20211118150000000,sh.603595,43.5600,43.6500,42.9600,43.2300,1238192,53625536.0000,3
2021-11-19,20211119103000000,sh.603595,43.3800,46.9500,42.8300,45.0700,4359714,198383934.0000,3
2021-11-19,20211119113000000,sh.603595,45.3000,45.8300,44.9300,45.6000,1317872,59717070.0000,3
2021-11-19,20211119140000000,sh.603595,45.4200,45.9400,45.1000,45.9300,728184,33165524.0000,3
2021-11-19,20211119150000000,sh.603595,45.9200,45.9900,45.0200,45.3200,1491044,67665520.0000,3
2021-11-22,20211122103000000,sh.603595,45.5900,46.2000,44.3300,44.4900,3212700,144422757.0000,3
2021-11-22,20211122113000000,sh.603595,44.5100,44.9800,43.9100,44.7800,1518487,67535251.0000,3
2021-11-22,20211122140000000,sh.603595,44.7800,46.3600,44.7800,46.1300,2342676,106759240.0000,3
2021-11-22,20211122150000000,sh.603595,46.0300,47.1300,45.7200,45.9600,2385600,110660672.0000,3
2021-11-23,20211123103000000,sh.603595,45.7400,46.0900,42.8100,44.2900,5086407,224773030.0000,3
2021-11-23,20211123113000000,sh.603595,44.2900,45.2400,43.4100,45.0700,1808560,80222746.0000,3
2021-11-23,20211123140000000,sh.603595,45.0700,45.3600,44.6000,44.9600,806976,36264240.0000,3
2021-11-23,20211123150000000,sh.603595,44.9500,45.2500,44.6600,44.7200,1152200,51688176.0000,3
2021-11-24,20211124103000000,sh.603595,44.4300,47.7000,44.3100,46.4500,5878420,273028624.0000,3
2021-11-24,20211124113000000,sh.603595,46.5400,46.8900,45.8500,46.8300,1140780,52753024.0000,3
2021-11-24,20211124140000000,sh.603595,46.8500,47.0100,45.8000,46.2000,1104012,50953120.0000,3
2021-11-24,20211124150000000,sh.603595,46.2300,46.5300,45.9200,45.9800,884600,40818304.0000,3
2021-11-25,20211125103000000,sh.603595,45.9000,47.3800,45.4500,45.9100,2325900,107579790.0000,3
2021-11-25,20211125113000000,sh.603595,45.9100,46.8300,45.5000,46.0900,1165604,53722404.0000,3
2021-11-25,20211125140000000,sh.603595,46.1100,46.1100,45.1800,45.4700,803200,36611732.0000,3
2021-11-25,20211125150000000,sh.603595,45.4500,45.8000,44.7000,45.6900,1572600,70993738.0000,3
2021-11-26,20211126103000000,sh.603595,45.0300,46.5500,44.0100,46.1600,2448988,112149607.0000,3
2021-11-26,20211126113000000,sh.603595,46.1900,46.6000,45.5400,46.3500,1581700,73035385.0000,3
2021-11-26,20211126140000000,sh.603595,46.3400,46.8500,45.9400,46.3900,1231300,57253400.0000,3
2021-11-26,20211126150000000,sh.603595,46.3900,46.7400,46.2000,46.6400,1178400,54826056.0000,3
2021-11-29,20211129103000000,sh.603595,45.6500,46.9900,45.3400,46.0000,2273700,104473737.0000,3
2021-11-29,20211129113000000,sh.603595,45.9600,46.7300,45.8600,46.6200,1011300,46890607.0000,3
2021-11-29,20211129140000000,sh.603595,46.6200,46.7000,45.1700,45.5000,1580800,72139991.0000,3
2021-11-29,20211129150000000,sh.603595,45.5000,45.9500,45.4500,45.7000,1018929,46563297.0000,3
2021-11-30,20211130103000000,sh.603595,45.9700,49.6000,45.9700,46.2400,4227420,201201071.0000,3
2021-11-30,20211130113000000,sh.603595,46.2300,48.1000,46.2300,47.6400,1134822,53617601.0000,3
2021-11-30,20211130140000000,sh.603595,47.7500,48.2000,47.2400,47.2800,914476,43609824.0000,3
2021-11-30,20211130150000000,sh.603595,47.2800,47.6000,46.8100,47.2100,778002,36792992.0000,3
2021-12-01,20211201103000000,sh.603595,47.7300,47.7300,44.8100,45.6900,2892294,132483058.0000,3
2021-12-01,20211201113000000,sh.603595,45.6900,46.0100,45.3100,45.8100,820000,37404397.0000,3
2021-12-01,20211201140000000,sh.603595,45.8100,45.8600,44.9000,44.9900,946400,42792869.0000,3
2021-12-01,20211201150000000,sh.603595,44.9800,45.3100,44.6800,44.8400,1729291,77705868.0000,3
2021-12-02,20211202103000000,sh.603595,43.9900,44.3000,42.0000,43.8800,3146784,136838942.0000,3
2021-12-02,20211202113000000,sh.603595,44.0100,44.2600,43.5300,43.8400,1017700,44657767.0000,3
2021-12-02,20211202140000000,sh.603595,43.5500,44.3100,43.5000,44.1000,1134556,49731624.0000,3
2021-12-02,20211202150000000,sh.603595,44.1100,44.6600,44.0800,44.1600,1053042,46707443.0000,3
2021-12-03,20211203103000000,sh.603595,44.4800,45.4800,44.3800,44.8200,1575372,70742686.0000,3
2021-12-03,20211203113000000,sh.603595,44.8200,45.4200,44.7600,44.9000,911603,41123415.0000,3
2021-12-03,20211203140000000,sh.603595,44.8000,45.0000,44.5000,44.7900,557000,24905993.0000,3
2021-12-03,20211203150000000,sh.603595,44.7900,45.2100,44.7000,44.9000,844880,37998547.0000,3
2021-12-06,20211206103000000,sh.603595,45.8100,45.8100,43.5400,44.0700,1662342,73280535.0000,3
2021-12-06,20211206113000000,sh.603595,44.0700,44.4500,43.9600,44.3800,384536,16996044.0000,3
2021-12-06,20211206140000000,sh.603595,44.3800,44.3800,43.4500,43.5700,783300,34250906.0000,3
2021-12-06,20211206150000000,sh.603595,43.5700,43.6500,42.8200,42.9600,2313422,99702938.0000,3
2021-12-07,20211207103000000,sh.603595,42.6600,43.6600,40.0200,40.2100,3229432,133664906.0000,3
2021-12-07,20211207113000000,sh.603595,40.3300,40.8000,40.0000,40.4400,1144600,46249242.0000,3
2021-12-07,20211207140000000,sh.603595,40.4000,40.4000,39.6900,39.8900,1274000,50863403.0000,3
2021-12-07,20211207150000000,sh.603595,39.9200,40.5000,39.7100,40.1800,1000356,39974417.0000,3
2021-12-08,20211208103000000,sh.603595,40.5000,41.2000,40.2600,41.0000,1219176,49651427.0000,3
2021-12-08,20211208113000000,sh.603595,41.0000,41.2000,40.6000,40.8700,428900,17535129.0000,3
2021-12-08,20211208140000000,sh.603595,40.8700,40.9700,40.3200,40.6000,556000,22558925.0000,3
2021-12-08,20211208150000000,sh.603595,40.6000,40.8600,40.4900,40.6300,499000,20296902.0000,3
2021-12-09,20211209103000000,sh.603595,41.5700,41.6000,39.6000,39.9500,926500,37116671.0000,3
2021-12-09,20211209113000000,sh.603595,39.9500,41.0000,39.8300,40.7000,781800,31746717.0000,3
2021-12-09,20211209140000000,sh.603595,40.5900,40.9000,40.4200,40.5600,340500,13847130.0000,3
2021-12-09,20211209150000000,sh.603595,40.6000,40.6600,40.2900,40.5100,405648,16403812.0000,3
2021-12-10,20211210103000000,sh.603595,40.3200,40.7800,39.8300,39.9700,676196,27119266.0000,3
2021-12-10,20211210113000000,sh.603595,39.9700,40.7200,39.9300,40.5200,348200,14057051.0000,3
2021-12-10,20211210140000000,sh.603595,40.5200,40.9400,40.3300,40.3800,570300,23132556.0000,3
2021-12-10,20211210150000000,sh.603595,40.3800,40.4000,39.9100,40.0500,618039,24816501.0000,3
2021-12-13,20211213103000000,sh.603595,40.6900,41.1800,40.4000,40.9300,1441696,58880367.0000,3
2021-12-13,20211213113000000,sh.603595,40.9200,43.3000,40.8300,43.1900,2402484,101243794.0000,3
2021-12-13,20211213140000000,sh.603595,43.5000,43.6200,41.5200,41.6500,1191100,50486275.0000,3
2021-12-13,20211213150000000,sh.603595,41.6500,41.8000,41.2700,41.8000,986092,40878766.0000,3
2021-12-14,20211214103000000,sh.603595,41.5300,41.8000,40.1000,41.2700,1557800,63628244.0000,3
2021-12-14,20211214113000000,sh.603595,41.2700,41.7000,40.9700,41.3200,420600,17362880.0000,3
2021-12-14,20211214140000000,sh.603595,41.3600,41.6700,41.2000,41.5300,448000,18584230.0000,3
2021-12-14,20211214150000000,sh.603595,41.5300,41.5700,40.9100,41.3300,602860,24888352.0000,3
2021-12-15,20211215103000000,sh.603595,41.1300,43.5700,40.6600,42.8200,2316100,98136153.0000,3
2021-12-15,20211215113000000,sh.603595,42.8200,43.1100,41.8500,41.9800,893700,37790786.0000,3
2021-12-15,20211215140000000,sh.603595,42.0000,42.0000,41.3300,41.3700,744100,30947833.0000,3
2021-12-15,20211215150000000,sh.603595,41.3700,41.4000,40.5500,40.7400,1150831,47034077.0000,3
2021-12-16,20211216103000000,sh.603595,40.7400,42.1100,40.0000,40.8200,1363700,55694906.0000,3
2021-12-16,20211216113000000,sh.603595,40.8200,40.8800,40.0000,40.5000,623600,25165654.0000,3
2021-12-16,20211216140000000,sh.603595,40.5000,40.6400,40.1500,40.2000,433200,17471798.0000,3
2021-12-16,20211216150000000,sh.603595,40.2000,40.4400,40.2000,40.4000,467549,18852016.0000,3
2021-12-17,20211217103000000,sh.603595,40.0500,40.7600,38.8100,38.9700,1516000,59803210.0000,3
2021-12-17,20211217113000000,sh.603595,38.9700,39.4400,38.8600,38.9300,496800,19410989.0000,3
2021-12-17,20211217140000000,sh.603595,38.9000,39.0600,38.6700,38.8700,769992,29898284.0000,3
2021-12-17,20211217150000000,sh.603595,38.9300,39.4700,38.9200,39.2900,697192,27374228.0000,3
2021-12-20,20211220103000000,sh.603595,39.1600,40.6800,39.1600,40.4800,1885100,75124514.0000,3
2021-12-20,20211220113000000,sh.603595,40.3900,41.1600,39.6800,39.6900,1059100,42796487.0000,3
2021-12-20,20211220140000000,sh.603595,39.9900,43.2200,39.7600,43.2200,6737768,287283863.0000,3
2021-12-20,20211220150000000,sh.603595,43.2200,43.2200,41.9000,42.1600,2186940,93274912.0000,3
2021-12-21,20211221103000000,sh.603595,41.5800,42.1500,39.2100,39.2700,5411404,218820918.0000,3
2021-12-21,20211221113000000,sh.603595,39.2700,39.2800,38.0300,39.1200,1686256,65587306.0000,3
2021-12-21,20211221140000000,sh.603595,39.1200,39.7200,38.5400,38.8200,1807000,70867728.0000,3
2021-12-21,20211221150000000,sh.603595,38.7500,39.0100,38.3700,38.7400,1949000,75268432.0000,3
2021-12-22,20211222103000000,sh.603595,38.7700,40.2800,38.4000,40.0400,2076400,81536470.0000,3
2021-12-22,20211222113000000,sh.603595,40.0400,40.2500,39.3000,39.5800,915752,36373141.0000,3
2021-12-22,20211222140000000,sh.603595,39.5800,39.8100,39.2100,39.3400,653392,25738489.0000,3
2021-12-22,20211222150000000,sh.603595,39.3400,39.8700,39.2400,39.7400,822598,32588321.0000,3
2021-12-23,20211223103000000,sh.603595,39.5900,39.7700,38.7200,38.7300,1175500,45977183.0000,3
2021-12-23,20211223113000000,sh.603595,38.7300,39.2800,38.5900,39.0800,563800,21858414.0000,3
2021-12-23,20211223140000000,sh.603595,39.0800,39.6700,38.8800,39.0000,683200,26821926.0000,3
2021-12-23,20211223150000000,sh.603595,39.0000,39.0700,38.3000,38.5000,2001952,77504645.0000,3
2021-12-24,20211224103000000,sh.603595,38.4600,38.7800,37.5600,37.5600,1066000,40620303.0000,3
2021-12-24,20211224113000000,sh.603595,37.5500,38.4700,36.8100,38.0800,1054076,39577578.0000,3
2021-12-24,20211224140000000,sh.603595,37.9700,38.3900,37.6500,37.8200,666800,25291738.0000,3
2021-12-24,20211224150000000,sh.603595,37.8200,37.8600,37.4500,37.4600,562212,21151347.0000,3
2021-12-27,20211227103000000,sh.603595,37.1300,38.5000,36.9000,38.3200,1327356,49672345.0000,3
2021-12-27,20211227113000000,sh.603595,38.3100,39.1000,38.0200,38.8200,1081276,41675762.0000,3
2021-12-27,20211227140000000,sh.603595,38.8200,38.8700,37.9400,38.4900,718700,27589294.0000,3
2021-12-27,20211227150000000,sh.603595,38.4900,38.5000,38.0000,38.2700,436700,16731249.0000,3
2021-12-28,20211228103000000,sh.603595,39.0300,39.5500,37.9000,37.9500,1007500,38836634.0000,3
2021-12-28,20211228113000000,sh.603595,37.9500,38.1300,37.6400,37.8400,365400,13852357.0000,3
2021-12-28,20211228140000000,sh.603595,37.8600,37.9700,37.3600,37.3600,586300,22037811.0000,3
2021-12-28,20211228150000000,sh.603595,37.3600,39.1000,37.3500,39.0100,1434300,55030630.0000,3
2021-12-29,20211229103000000,sh.603595,39.9900,41.0000,38.8800,38.9000,3647168,146138307.0000,3
2021-12-29,20211229113000000,sh.603595,38.8800,38.9500,37.9200,37.9700,1498700,57456426.0000,3
2021-12-29,20211229140000000,sh.603595,37.9700,38.6600,37.7500,38.5000,1077600,41168621.0000,3
2021-12-29,20211229150000000,sh.603595,38.5100,39.3100,38.4500,38.9300,1212154,47022374.0000,3
2021-12-30,20211230103000000,sh.603595,39.5700,40.5000,37.8800,40.2200,2677976,104874828.0000,3
2021-12-30,20211230113000000,sh.603595,40.2200,40.7800,40.2000,40.2400,1792800,72666058.0000,3
2021-12-30,20211230140000000,sh.603595,40.2200,40.3300,39.3600,39.3600,875000,34758578.0000,3
2021-12-30,20211230150000000,sh.603595,39.3600,39.5500,39.0800,39.1200,846100,33216591.0000,3
2021-12-31,20211231103000000,sh.603595,40.1300,40.2000,36.4900,37.0000,4205900,158168363.0000,3
2021-12-31,20211231113000000,sh.603595,37.0000,38.2000,37.0000,37.2900,698400,26330478.0000,3
2021-12-31,20211231140000000,sh.603595,37.3100,37.3100,36.6000,36.6800,1276676,47096793.0000,3
2021-12-31,20211231150000000,sh.603595,36.6800,36.9300,36.5000,36.9300,1351820,49592510.0000,3
