date,time,code,open,high,low,close,volume,amount,adjustflag
2021-01-04,20210104103000000,sh.688068,38.9400,39.3000,38.3200,38.6900,349650,13540030.0000,3
2021-01-04,20210104113000000,sh.688068,38.7000,40.8000,38.7000,40.3700,398923,15922620.0000,3
2021-01-04,20210104140000000,sh.688068,40.3700,42.0000,40.3700,41.6700,629521,25939922.0000,3
2021-01-04,20210104150000000,sh.688068,41.6700,41.6700,41.1500,41.2600,215990,8943879.0000,3
2021-01-05,20210105103000000,sh.688068,41.7600,42.5000,40.8800,40.9000,463597,19285007.0000,3
2021-01-05,20210105113000000,sh.688068,40.8800,40.8800,40.2300,40.5100,221137,8959933.0000,3
2021-01-05,20210105140000000,sh.688068,40.5100,40.7700,40.5100,40.7300,124375,5050470.0000,3
2021-01-05,20210105150000000,sh.688068,40.7300,41.5800,40.7300,41.4000,232965,9612871.0000,3
2021-01-06,20210106103000000,sh.688068,41.7800,41.7800,40.5300,41.3600,290358,11903717.0000,3
2021-01-06,20210106113000000,sh.688068,41.3600,42.4900,41.3600,41.9500,460718,19349235.0000,3
2021-01-06,20210106140000000,sh.688068,41.9500,43.2900,41.9500,43.0700,522802,22326515.0000,3
2021-01-06,20210106150000000,sh.688068,43.0700,43.1400,42.6700,43.1400,255165,10966676.0000,3
2021-01-07,20210107103000000,sh.688068,43.4800,43.4800,41.5000,41.6600,574297,24110151.0000,3
2021-01-07,20210107113000000,sh.688068,41.6600,41.8600,41.2500,41.5900,211115,8771689.0000,3
2021-01-07,20210107140000000,sh.688068,41.5900,41.6800,40.5700,41.2200,269288,11035190.0000,3
2021-01-07,20210107150000000,sh.688068,41.2200,42.3900,41.2100,41.5900,279184,11683145.0000,3
2021-01-08,20210108103000000,sh.688068,41.3100,42.5800,41.3100,41.7800,276493,11598620.0000,3
2021-01-08,20210108113000000,sh.688068,41.7800,42.3500,41.7500,41.8600,134213,5640727.0000,3
2021-01-08,20210108140000000,sh.688068,41.8700,42.1400,41.8600,41.8700,110764,4648465.0000,3
2021-01-08,20210108150000000,sh.688068,41.8700,41.9800,41.7000,41.9800,136595,5715861.0000,3
2021-01-11,20210111103000000,sh.688068,42.4900,43.6500,42.0100,43.1900,491500,21236615.0000,3
2021-01-11,20210111113000000,sh.688068,43.1900,43.2100,42.9500,42.9800,141806,6106802.0000,3
2021-01-11,20210111140000000,sh.688068,42.9800,43.0700,42.5000,42.5800,151041,6445136.0000,3
2021-01-11,20210111150000000,sh.688068,42.5800,42.5800,41.9900,42.3100,216241,9119290.0000,3
2021-01-12,20210112103000000,sh.688068,47.3000,47.3000,44.0000,44.2200,1331688,60837413.0000,3
2021-01-12,20210112113000000,sh.688068,44.3800,45.4000,44.3100,44.5300,278918,12519369.0000,3
2021-01-12,20210112140000000,sh.688068,44.5400,44.9700,44.2300,44.4100,211441,9431069.0000,3
2021-01-12,20210112150000000,sh.688068,44.5100,44.5100,42.0000,43.2700,656733,28532412.0000,3
2021-01-13,20210113103000000,sh.688068,43.0400,43.4700,40.0900,40.8400,1056566,44134451.0000,3
2021-01-13,20210113113000000,sh.688068,40.8400,41.8400,40.8400,41.1500,175007,7186871.0000,3
2021-01-13,20210113140000000,sh.688068,41.1500,41.7700,40.4000,41.0900,194004,7971299.0000,3
2021-01-13,20210113150000000,sh.688068,41.0900,41.4900,40.4400,40.5200,211113,8625883.0000,3
2021-01-14,20210114103000000,sh.688068,40.9800,41.4600,40.0000,41.4500,457208,18572955.0000,3
2021-01-14,20210114113000000,sh.688068,41.4400,43.3800,41.4400,43.0800,500906,21243939.0000,3
2021-01-14,20210114140000000,sh.688068,43.0800,43.1300,42.6500,42.7700,229284,9823820.0000,3
2021-01-14,20210114150000000,sh.688068,42.7700,43.3500,42.6800,43.3000,407948,17539842.0000,3
2021-01-15,20210115103000000,sh.688068,42.8300,44.4000,42.7000,43.5800,603286,26329947.0000,3
2021-01-15,20210115113000000,sh.688068,43.5000,44.7300,43.4200,44.2200,346854,15352287.0000,3
2021-01-15,20210115140000000,sh.688068,44.2200,44.3700,43.5800,43.6400,255449,11195454.0000,3
2021-01-15,20210115150000000,sh.688068,43.6400,43.7900,43.3400,43.7800,194397,8462417.0000,3
2021-01-18,20210118103000000,sh.688068,43.3000,43.3000,41.1500,41.7200,785810,32769110.0000,3
2021-01-18,20210118113000000,sh.688068,41.7200,41.7900,41.5000,41.6800,251876,10488046.0000,3
2021-01-18,20210118140000000,sh.688068,41.7100,41.7100,41.4500,41.4600,330400,13735494.0000,3
2021-01-18,20210118150000000,sh.688068,41.4600,41.4600,40.6800,41.2000,640475,26281771.0000,3
2021-01-19,20210119103000000,sh.688068,40.8800,41.0600,39.7000,39.9000,866244,34866922.0000,3
2021-01-19,20210119113000000,sh.688068,39.9000,40.4400,39.7000,40.1000,244791,9798179.0000,3
2021-01-19,20210119140000000,sh.688068,40.0700,40.1300,39.8000,39.9000,247478,9891264.0000,3
2021-01-19,20210119150000000,sh.688068,39.9000,39.9000,39.5000,39.6000,307498,12187700.0000,3
2021-01-20,20210120103000000,sh.688068,39.8000,40.4500,39.1800,39.6200,385402,15304206.0000,3
2021-01-20,20210120113000000,sh.688068,39.6200,39.6900,39.4200,39.4600,129188,5109242.0000,3
2021-01-20,20210120140000000,sh.688068,39.4500,39.5600,39.2200,39.5600,95460,3757443.0000,3
2021-01-20,20210120150000000,sh.688068,39.5600,39.6100,39.3300,39.3600,123775,4880346.0000,3
2021-01-21,20210121103000000,sh.688068,40.5600,41.4700,40.1800,40.6300,875550,35849482.0000,3
2021-01-21,20210121113000000,sh.688068,40.6300,40.7300,40.3600,40.6800,137087,5561842.0000,3
2021-01-21,20210121140000000,sh.688068,40.6900,40.8900,40.6200,40.7600,171229,6978750.0000,3
2021-01-21,20210121150000000,sh.688068,40.7600,40.8500,40.5200,40.6300,196877,8008200.0000,3
2021-01-22,20210122103000000,sh.688068,40.0600,42.8400,39.8900,42.4200,1171983,49050098.0000,3
2021-01-22,20210122113000000,sh.688068,42.4200,42.8800,42.3000,42.4000,341912,14555421.0000,3
2021-01-22,20210122140000000,sh.688068,42.4000,42.7200,41.9600,42.5500,302238,12818868.0000,3
2021-01-22,20210122150000000,sh.688068,42.5500,44.9800,42.5500,44.1400,1030743,45241799.0000,3
2021-01-25,20210125103000000,sh.688068,43.9000,44.7000,43.0000,43.9400,1001410,43935480.0000,3
2021-01-25,20210125113000000,sh.688068,43.9400,44.2900,42.9900,43.3400,434611,18923722.0000,3
2021-01-25,20210125140000000,sh.688068,43.3400,43.9100,43.3200,43.6500,185752,8105216.0000,3
2021-01-25,20210125150000000,sh.688068,43.6500,43.7200,43.1200,43.2300,315268,13678094.0000,3
2021-01-26,20210126103000000,sh.688068,43.1100,43.3800,41.9400,42.2100,663351,28183238.0000,3
2021-01-26,20210126113000000,sh.688068,42.2100,42.3000,41.4600,42.2900,356480,14914981.0000,3
2021-01-26,20210126140000000,sh.688068,42.2900,42.2900,41.3900,41.3900,128286,5354134.0000,3
2021-01-26,20210126150000000,sh.688068,41.3900,41.5500,40.7400,41.0300,296145,12190371.0000,3
2021-01-27,20210127103000000,sh.688068,41.9000,42.8000,41.4200,41.9400,559883,23603125.0000,3
2021-01-27,20210127113000000,sh.688068,41.9900,42.0100,41.2100,41.3200,172868,7201520.0000,3
2021-01-27,20210127140000000,sh.688068,41.3200,41.5600,41.2800,41.5000,113695,4706031.0000,3
2021-01-27,20210127150000000,sh.688068,41.5000,41.5900,41.0300,41.2700,157427,6497000.0000,3
2021-01-28,20210128103000000,sh.688068,41.0000,41.2400,40.1300,40.7100,330551,13455642.0000,3
2021-01-28,20210128113000000,sh.688068,40.7100,40.9800,40.6600,40.9300,125454,5118173.0000,3
2021-01-28,20210128140000000,sh.688068,40.9300,40.9500,40.6500,40.8200,84980,3469226.0000,3
2021-01-28,20210128150000000,sh.688068,40.8200,40.8200,40.2300,40.3000,241545,9776148.0000,3
2021-01-29,20210129103000000,sh.688068,40.7000,41.0200,39.1200,39.4000,381757,15185002.0000,3
2021-01-29,20210129113000000,sh.688068,39.4000,39.7100,39.1900,39.4000,99604,3919208.0000,3
2021-01-29,20210129140000000,sh.688068,39.4000,39.4000,38.3800,38.6500,186843,7284691.0000,3
2021-01-29,20210129150000000,sh.688068,38.6500,38.7000,37.7200,38.4000,294572,11283215.0000,3
2021-02-01,20210201103000000,sh.688068,38.1100,38.7800,38.1100,38.5100,259265,9959770.0000,3
2021-02-01,20210201113000000,sh.688068,38.5100,38.6900,38.2000,38.6100,100456,3858137.0000,3
2021-02-01,20210201140000000,sh.688068,38.6100,38.8500,38.4300,38.4500,95152,3679426.0000,3
2021-02-01,20210201150000000,sh.688068,38.4500,38.6300,38.3000,38.6300,105987,4073289.0000,3
2021-02-02,20210202103000000,sh.688068,38.3700,38.8300,37.1000,38.7900,270229,10335431.0000,3
2021-02-02,20210202113000000,sh.688068,38.7900,38.9300,38.4000,38.5600,71174,2754138.0000,3
2021-02-02,20210202140000000,sh.688068,38.5600,38.6300,37.6400,37.6400,193666,7377107.0000,3
2021-02-02,20210202150000000,sh.688068,37.6400,37.7600,37.3800,37.5700,294280,11041167.0000,3
2021-02-03,20210203103000000,sh.688068,37.5700,37.5800,36.1000,36.3600,361811,13223038.0000,3
2021-02-03,20210203113000000,sh.688068,36.3200,37.1700,36.2800,36.9200,90790,3317737.0000,3
2021-02-03,20210203140000000,sh.688068,36.9200,36.9200,36.0800,36.1500,176401,6405437.0000,3
2021-02-03,20210203150000000,sh.688068,36.1500,36.3000,35.8100,35.8900,296706,10689556.0000,3
2021-02-04,20210204103000000,sh.688068,35.9600,35.9800,35.1900,35.2700,349504,12435168.0000,3
2021-02-04,20210204113000000,sh.688068,35.2700,35.2700,34.3000,34.3900,319674,11133165.0000,3
2021-02-04,20210204140000000,sh.688068,34.3900,34.7000,34.3000,34.6600,231621,7990842.0000,3
2021-02-04,20210204150000000,sh.688068,34.6600,35.2800,34.5300,35.2200,137257,4806298.0000,3
2021-02-05,20210205103000000,sh.688068,35.2200,35.9000,35.0500,35.4600,166282,5911517.0000,3
2021-02-05,20210205113000000,sh.688068,35.4600,35.5000,35.2000,35.2200,69469,2457545.0000,3
2021-02-05,20210205140000000,sh.688068,35.2100,35.2500,35.0600,35.1900,44993,1582184.0000,3
2021-02-05,20210205150000000,sh.688068,35.1900,35.2000,34.5800,34.5900,180314,6276403.0000,3
2021-02-08,20210208103000000,sh.688068,34.9500,35.2700,34.3000,34.8600,157222,5465900.0000,3
2021-02-08,20210208113000000,sh.688068,34.8600,35.2900,34.8400,35.0700,102029,3576171.0000,3
2021-02-08,20210208140000000,sh.688068,35.0700,35.2000,34.9600,35.1200,81826,2870217.0000,3
2021-02-08,20210208150000000,sh.688068,35.1200,35.1700,34.9200,34.9500,117497,4117343.0000,3
2021-02-09,20210209103000000,sh.688068,34.6800,35.8800,34.6800,35.2900,188097,6683015.0000,3
2021-02-09,20210209113000000,sh.688068,35.2900,35.6500,35.0800,35.6100,60662,2146446.0000,3
2021-02-09,20210209140000000,sh.688068,35.6100,35.6600,35.5300,35.5600,56894,2024988.0000,3
2021-02-09,20210209150000000,sh.688068,35.5700,36.4500,35.5700,35.9400,237385,8563196.0000,3
2021-02-10,20210210103000000,sh.688068,35.0300,36.4900,35.0300,36.4000,196175,7090924.0000,3
2021-02-10,20210210113000000,sh.688068,36.4000,36.8400,36.2500,36.7600,94841,3465017.0000,3
2021-02-10,20210210140000000,sh.688068,36.7600,36.8400,36.5000,36.7600,71496,2623554.0000,3
2021-02-10,20210210150000000,sh.688068,36.7600,36.7700,36.5900,36.7200,117591,4314309.0000,3
2021-02-18,20210218103000000,sh.688068,36.8000,37.4600,36.7300,37.1100,334156,12393770.0000,3
2021-02-18,20210218113000000,sh.688068,37.1100,37.6500,37.1100,37.2500,109312,4085152.0000,3
2021-02-18,20210218140000000,sh.688068,37.2500,37.3800,37.2400,37.3000,64747,2413311.0000,3
2021-02-18,20210218150000000,sh.688068,37.3000,37.4800,37.2200,37.4800,128561,4796634.0000,3
2021-02-19,20210219103000000,sh.688068,37.7300,37.7300,36.9000,37.5200,176771,6596079.0000,3
2021-02-19,20210219113000000,sh.688068,37.5200,37.9400,37.4300,37.7200,122372,4611967.0000,3
2021-02-19,20210219140000000,sh.688068,37.7200,37.9400,37.5000,37.9200,69947,2641378.0000,3
2021-02-19,20210219150000000,sh.688068,37.9200,38.1900,37.7200,38.0000,200952,7622463.0000,3
2021-02-22,20210222103000000,sh.688068,37.9000,38.2700,37.8000,38.1800,267519,10187413.0000,3
2021-02-22,20210222113000000,sh.688068,38.1800,38.4800,38.1000,38.4800,179396,6862751.0000,3
2021-02-22,20210222140000000,sh.688068,38.4800,38.6700,38.2200,38.2600,180548,6932225.0000,3
2021-02-22,20210222150000000,sh.688068,38.2600,38.2600,37.7100,37.8300,230011,8737739.0000,3
2021-02-23,20210223103000000,sh.688068,37.6000,37.9200,36.9100,37.0600,273920,10197718.0000,3
2021-02-23,20210223113000000,sh.688068,37.0600,37.1800,36.9600,37.1500,75679,2804171.0000,3
2021-02-23,20210223140000000,sh.688068,37.1500,37.3000,37.0300,37.1900,38821,1443670.0000,3
2021-02-23,20210223150000000,sh.688068,37.1900,37.3400,37.0000,37.1600,72842,2704956.0000,3
2021-02-24,20210224103000000,sh.688068,37.0100,37.6200,36.9200,37.3600,145544,5439426.0000,3
2021-02-24,20210224113000000,sh.688068,37.3600,37.5600,37.3200,37.4600,74104,2774450.0000,3
2021-02-24,20210224140000000,sh.688068,37.4300,37.4300,36.9200,36.9700,87006,3227355.0000,3
2021-02-24,20210224150000000,sh.688068,36.9700,37.2300,36.7000,37.0600,111725,4130724.0000,3
2021-02-25,20210225103000000,sh.688068,37.0600,37.1200,36.3100,36.3700,195719,7165744.0000,3
2021-02-25,20210225113000000,sh.688068,36.3800,36.7900,36.3500,36.7000,92939,3393298.0000,3
2021-02-25,20210225140000000,sh.688068,36.7100,36.8000,36.4000,36.4500,63082,2306196.0000,3
2021-02-25,20210225150000000,sh.688068,36.4500,36.4600,36.2500,36.2800,68315,2483381.0000,3
2021-02-26,20210226103000000,sh.688068,36.0100,36.9100,35.7500,36.8500,152636,5574111.0000,3
2021-02-26,20210226113000000,sh.688068,36.8500,36.9000,36.6000,36.7200,72523,2666739.0000,3
2021-02-26,20210226140000000,sh.688068,36.7200,36.7700,36.4000,36.5200,43478,1588348.0000,3
2021-02-26,20210226150000000,sh.688068,36.5200,36.5900,36.2800,36.3500,72298,2633382.0000,3
2021-03-01,20210301103000000,sh.688068,37.5100,38.4100,36.7600,37.0700,430214,16118383.0000,3
2021-03-01,20210301113000000,sh.688068,37.0700,37.7000,36.8500,37.6700,173710,6463629.0000,3
2021-03-01,20210301140000000,sh.688068,37.6500,37.6700,37.4100,37.5900,86963,3266784.0000,3
2021-03-01,20210301150000000,sh.688068,37.5900,37.6000,37.0400,37.4900,152777,5712287.0000,3
2021-03-02,20210302103000000,sh.688068,37.7100,37.7900,37.3000,37.4700,194036,7274231.0000,3
2021-03-02,20210302113000000,sh.688068,37.4700,37.5800,37.3500,37.4400,63944,2395495.0000,3
2021-03-02,20210302140000000,sh.688068,37.4400,37.5500,37.2600,37.3100,93807,3506518.0000,3
2021-03-02,20210302150000000,sh.688068,37.3100,37.4800,37.2500,37.3800,85539,3195548.0000,3
2021-03-03,20210303103000000,sh.688068,37.1300,37.9200,37.1300,37.7500,252670,9533415.0000,3
2021-03-03,20210303113000000,sh.688068,37.7500,38.1600,37.7300,38.1000,194883,7403006.0000,3
2021-03-03,20210303140000000,sh.688068,38.1000,38.1000,37.8800,38.0100,92545,3514663.0000,3
2021-03-03,20210303150000000,sh.688068,38.0100,38.1000,37.8000,37.8500,163163,6187218.0000,3
2021-03-04,20210304103000000,sh.688068,38.0000,38.6500,37.8600,38.4800,420558,16115805.0000,3
2021-03-04,20210304113000000,sh.688068,38.4800,39.6900,38.4500,39.3000,536035,21054112.0000,3
2021-03-04,20210304140000000,sh.688068,39.3000,39.3200,38.5900,38.7200,208265,8095159.0000,3
2021-03-04,20210304150000000,sh.688068,38.7100,38.8800,38.3800,38.3900,234094,9029690.0000,3
2021-03-05,20210305103000000,sh.688068,38.1200,39.6500,38.0000,39.2100,409042,16041800.0000,3
2021-03-05,20210305113000000,sh.688068,39.2100,39.4800,39.0900,39.3400,127762,5019564.0000,3
2021-03-05,20210305140000000,sh.688068,39.3400,39.5500,39.1300,39.5400,125665,4945057.0000,3
2021-03-05,20210305150000000,sh.688068,39.5400,39.6500,39.3900,39.5500,208639,8249946.0000,3
2021-03-08,20210308103000000,sh.688068,39.9800,41.3800,39.9800,40.8700,556289,22732609.0000,3
2021-03-08,20210308113000000,sh.688068,40.8600,41.4600,40.7200,41.1900,278617,11461389.0000,3
2021-03-08,20210308140000000,sh.688068,41.1900,41.2500,40.6600,41.1800,238269,9751603.0000,3
2021-03-08,20210308150000000,sh.688068,41.1800,41.1800,40.2900,40.2900,303752,12362358.0000,3
2021-03-09,20210309103000000,sh.688068,41.3900,41.4500,39.0000,40.2300,507345,20329857.0000,3
2021-03-09,20210309113000000,sh.688068,40.2200,40.2900,39.7500,40.2100,109237,4366740.0000,3
2021-03-09,20210309140000000,sh.688068,40.2100,40.3200,39.9000,39.9400,78533,3147669.0000,3
2021-03-09,20210309150000000,sh.688068,39.9400,40.0000,39.5100,39.5100,132898,5274857.0000,3
2021-03-10,20210310103000000,sh.688068,39.9500,40.0000,38.8900,39.0100,278095,10902695.0000,3
2021-03-10,20210310113000000,sh.688068,39.0100,39.0800,38.5000,38.7500,128876,5001294.0000,3
2021-03-10,20210310140000000,sh.688068,38.7500,38.7600,38.3600,38.6800,146385,5646955.0000,3
2021-03-10,20210310150000000,sh.688068,38.6800,38.7000,38.4500,38.6900,132638,5118602.0000,3
2021-03-11,20210311103000000,sh.688068,38.6600,38.8100,38.0800,38.7700,125344,4817007.0000,3
2021-03-11,20210311113000000,sh.688068,38.7700,38.9900,38.7000,38.9700,64996,2524944.0000,3
2021-03-11,20210311140000000,sh.688068,38.9700,39.0800,38.7600,39.0500,83790,3264757.0000,3
2021-03-11,20210311150000000,sh.688068,39.0500,39.0600,38.8400,38.9200,133727,5207233.0000,3
2021-03-12,20210312103000000,sh.688068,38.8200,40.2700,38.8200,39.5900,331816,13212213.0000,3
2021-03-12,20210312113000000,sh.688068,39.5900,39.6800,39.4100,39.5200,84941,3359099.0000,3
2021-03-12,20210312140000000,sh.688068,39.5200,39.7000,39.4600,39.5500,69885,2763422.0000,3
2021-03-12,20210312150000000,sh.688068,39.5500,39.8300,39.4200,39.7000,151327,6002568.0000,3
2021-03-15,20210315103000000,sh.688068,40.0100,41.7300,39.7500,41.5000,656438,26900927.0000,3
2021-03-15,20210315113000000,sh.688068,41.5000,41.5100,41.1700,41.1800,131370,5431917.0000,3
2021-03-15,20210315140000000,sh.688068,41.1800,41.3500,40.9600,40.9600,121334,4986428.0000,3
2021-03-15,20210315150000000,sh.688068,40.9600,41.2600,40.9100,41.0100,153938,6323709.0000,3
2021-03-16,20210316103000000,sh.688068,41.6000,41.8500,40.7100,40.8700,306416,12632068.0000,3
2021-03-16,20210316113000000,sh.688068,40.8600,41.1900,40.7000,40.9400,99148,4060473.0000,3
2021-03-16,20210316140000000,sh.688068,40.9400,41.1900,40.9100,41.1000,78515,3223044.0000,3
2021-03-16,20210316150000000,sh.688068,41.1000,41.4300,41.1000,41.3100,129926,5366106.0000,3
2021-03-17,20210317103000000,sh.688068,41.8800,41.8800,40.8900,41.2300,197054,8131466.0000,3
2021-03-17,20210317113000000,sh.688068,41.2300,41.3000,41.0000,41.2900,53840,2214644.0000,3
2021-03-17,20210317140000000,sh.688068,41.2900,41.3100,41.0900,41.2700,64526,2660156.0000,3
2021-03-17,20210317150000000,sh.688068,41.2700,41.5700,41.2300,41.3000,150685,6234312.0000,3
2021-03-18,20210318103000000,sh.688068,41.3400,42.2300,41.0300,41.7500,269887,11277627.0000,3
2021-03-18,20210318113000000,sh.688068,41.7500,41.9800,41.5900,41.9200,94613,3954418.0000,3
2021-03-18,20210318140000000,sh.688068,41.9200,41.9200,41.6300,41.6600,80977,3380845.0000,3
2021-03-18,20210318150000000,sh.688068,41.6600,41.8800,41.5000,41.7000,122373,5106682.0000,3
2021-03-19,20210319103000000,sh.688068,41.6300,42.0700,41.5400,41.7200,159458,6674003.0000,3
2021-03-19,20210319113000000,sh.688068,41.7200,41.7800,41.4100,41.7300,149598,6221871.0000,3
2021-03-19,20210319140000000,sh.688068,41.7300,41.7700,41.5100,41.7400,91733,3820400.0000,3
2021-03-19,20210319150000000,sh.688068,41.7400,41.8800,41.3500,41.8700,166903,6952152.0000,3
2021-03-22,20210322103000000,sh.688068,41.9900,42.3800,41.5900,42.3000,228896,9599495.0000,3
2021-03-22,20210322113000000,sh.688068,42.3000,43.1900,42.1800,42.9800,290586,12408142.0000,3
2021-03-22,20210322140000000,sh.688068,42.9800,43.1800,42.8200,42.8200,138675,5963262.0000,3
2021-03-22,20210322150000000,sh.688068,42.8200,42.8400,42.4300,42.5600,134829,5741771.0000,3
2021-03-23,20210323103000000,sh.688068,42.6500,43.5000,42.3400,42.5600,243750,10477842.0000,3
2021-03-23,20210323113000000,sh.688068,42.5600,42.8800,42.5100,42.7900,50899,2175855.0000,3
2021-03-23,20210323140000000,sh.688068,42.7800,43.0000,42.7200,42.8900,54497,2335883.0000,3
2021-03-23,20210323150000000,sh.688068,42.9000,43.0500,42.7200,42.9900,143923,6176722.0000,3
2021-03-24,20210324103000000,sh.688068,42.9900,44.7500,42.7800,44.5000,677614,29715732.0000,3
2021-03-24,20210324113000000,sh.688068,44.5000,45.9100,44.1300,45.8800,647759,29139182.0000,3
2021-03-24,20210324140000000,sh.688068,45.9100,47.0000,45.8600,46.9400,849906,39372810.0000,3
2021-03-24,20210324150000000,sh.688068,46.9400,46.9400,45.1900,45.4700,697704,32042287.0000,3
2021-03-25,20210325103000000,sh.688068,46.1000,46.3300,44.2300,44.5600,875187,39432583.0000,3
2021-03-25,20210325113000000,sh.688068,44.5600,44.6900,43.3200,43.6300,483366,21201850.0000,3
2021-03-25,20210325140000000,sh.688068,43.6300,44.0700,43.4000,43.9000,245242,10713264.0000,3
2021-03-25,20210325150000000,sh.688068,43.9000,43.9000,43.1100,43.1200,184062,7993216.0000,3
2021-03-26,20210326103000000,sh.688068,43.0200,43.6700,42.6700,43.2900,263628,11365417.0000,3
2021-03-26,20210326113000000,sh.688068,43.2900,43.7900,43.2100,43.6700,111350,4851267.0000,3
2021-03-26,20210326140000000,sh.688068,43.6700,44.0300,43.5400,43.6400,117157,5124731.0000,3
2021-03-26,20210326150000000,sh.688068,43.6400,44.1800,43.6400,43.7000,176050,7723739.0000,3
2021-03-29,20210329103000000,sh.688068,43.9200,45.4200,43.9200,45.0100,703206,31599410.0000,3
2021-03-29,20210329113000000,sh.688068,45.0100,45.1000,43.7300,43.9800,350155,15497526.0000,3
2021-03-29,20210329140000000,sh.688068,43.9800,44.3300,43.8500,44.1900,107969,4767205.0000,3
2021-03-29,20210329150000000,sh.688068,44.2200,44.3100,43.9000,44.1700,135247,5961302.0000,3
2021-03-30,20210330103000000,sh.688068,43.8100,44.4800,43.2200,43.4700,257200,11248989.0000,3
2021-03-30,20210330113000000,sh.688068,43.4700,43.4900,43.2200,43.3300,169112,7331097.0000,3
2021-03-30,20210330140000000,sh.688068,43.3300,43.8800,43.2700,43.8700,91351,3977417.0000,3
2021-03-30,20210330150000000,sh.688068,43.8700,44.4200,43.7700,44.2900,232150,10253982.0000,3
2021-03-31,20210331103000000,sh.688068,44.7200,45.8000,43.9800,45.2000,708684,31885983.0000,3
2021-03-31,20210331113000000,sh.688068,45.2000,45.3600,44.3300,44.5000,251864,11282666.0000,3
2021-03-31,20210331140000000,sh.688068,44.5000,44.6600,43.4100,43.4100,254146,11184716.0000,3
2021-03-31,20210331150000000,sh.688068,43.3900,43.8200,42.4500,42.9000,278388,11984744.0000,3
2021-04-01,20210401103000000,sh.688068,43.7600,45.1000,43.0200,44.8200,599729,26597866.0000,3
2021-04-01,20210401113000000,sh.688068,44.8200,45.0900,44.5700,45.0000,227309,10205941.0000,3
2021-04-01,20210401140000000,sh.688068,45.0000,45.4200,44.8000,44.8000,154472,6977189.0000,3
2021-04-01,20210401150000000,sh.688068,44.8000,45.3500,44.5000,45.3100,323794,14575114.0000,3
2021-04-02,20210402103000000,sh.688068,45.3400,46.1100,44.5700,45.5400,267283,12177946.0000,3
2021-04-02,20210402113000000,sh.688068,45.5400,46.0600,45.5100,45.7800,93089,4257752.0000,3
2021-04-02,20210402140000000,sh.688068,45.7800,46.2800,45.6500,45.9000,142415,6550427.0000,3
2021-04-02,20210402150000000,sh.688068,45.9000,46.1800,45.9000,46.0600,151012,6953767.0000,3
2021-04-06,20210406103000000,sh.688068,46.3200,48.1700,46.1500,47.0000,709975,33699225.0000,3
2021-04-06,20210406113000000,sh.688068,47.0000,47.3100,46.8800,47.0300,101103,4749888.0000,3
2021-04-06,20210406140000000,sh.688068,47.1700,47.6500,47.0000,47.6500,84091,3981672.0000,3
2021-04-06,20210406150000000,sh.688068,47.6500,48.1800,47.4800,48.1800,362176,17377472.0000,3
2021-04-07,20210407103000000,sh.688068,48.1800,48.6000,47.3100,47.7000,406268,19414001.0000,3
2021-04-07,20210407113000000,sh.688068,47.7000,48.8500,47.7000,48.4500,223823,10802707.0000,3
2021-04-07,20210407140000000,sh.688068,48.5000,48.7500,48.0000,48.6800,129428,6267731.0000,3
2021-04-07,20210407150000000,sh.688068,48.6800,49.2500,48.6500,49.1100,331134,16225996.0000,3
2021-04-08,20210408103000000,sh.688068,49.9700,50.5900,48.7700,49.8000,750384,37422265.0000,3
2021-04-08,20210408113000000,sh.688068,49.8000,50.1900,49.3900,50.0200,162596,8109379.0000,3
2021-04-08,20210408140000000,sh.688068,50.0400,50.8300,50.0400,50.7600,413893,20908857.0000,3
2021-04-08,20210408150000000,sh.688068,50.7600,51.1200,50.6500,50.9100,419455,21352889.0000,3
2021-04-09,20210409103000000,sh.688068,51.0200,51.5800,50.5000,51.2100,416057,21290875.0000,3
2021-04-09,20210409113000000,sh.688068,51.2100,51.3800,50.7000,51.3100,177964,9074722.0000,3
2021-04-09,20210409140000000,sh.688068,51.3600,51.5500,51.0000,51.4400,211458,10848025.0000,3
2021-04-09,20210409150000000,sh.688068,51.4400,51.9700,51.3600,51.7600,358761,18556817.0000,3
2021-04-12,20210412103000000,sh.688068,52.5000,56.6000,52.0900,56.3900,1424559,77757191.0000,3
2021-04-12,20210412113000000,sh.688068,56.3900,59.1800,56.2000,57.8100,1063014,61684179.0000,3
2021-04-12,20210412140000000,sh.688068,57.8000,59.0900,57.7300,59.0900,413847,24127266.0000,3
2021-04-12,20210412150000000,sh.688068,59.0900,59.1000,57.6000,58.0300,671524,39030261.0000,3
2021-04-13,20210413103000000,sh.688068,69.6400,69.6400,69.6400,69.6400,1325553,92311511.0000,3
2021-04-13,20210413113000000,sh.688068,69.6400,69.6400,69.6400,69.6400,21589,1503458.0000,3
2021-04-13,20210413140000000,sh.688068,69.6400,69.6400,69.6400,69.6400,76261,5310816.0000,3
2021-04-13,20210413150000000,sh.688068,69.6400,69.6400,69.6400,69.6400,12773,889512.0000,3
2021-04-14,20210414103000000,sh.688068,83.5600,83.5700,76.8800,83.5500,8481332,689920656.0000,3
2021-04-14,20210414113000000,sh.688068,83.5500,83.5700,82.3700,83.5700,707796,58981472.0000,3
2021-04-14,20210414140000000,sh.688068,83.5700,83.5700,83.5700,83.5700,75593,6317312.0000,3
2021-04-14,20210414150000000,sh.688068,83.5700,83.5700,83.5700,83.5700,18560,1551056.0000,3
2021-04-15,20210415103000000,sh.688068,85.3000,92.1100,85.3000,88.0900,5110212,452404944.0000,3
2021-04-15,20210415113000000,sh.688068,88.0900,95.9800,87.3100,95.6300,1343287,123028832.0000,3
2021-04-15,20210415140000000,sh.688068,95.3200,100.2800,94.9400,99.6300,1863657,184690704.0000,3
2021-04-15,20210415150000000,sh.688068,99.9500,100.2800,99.9500,100.2800,247173,24778640.0000,3
2021-04-16,20210416103000000,sh.688068,105.0000,120.3400,102.1300,120.3400,4675001,531547360.0000,3
2021-04-16,20210416113000000,sh.688068,120.3400,120.3400,120.3400,120.3400,36890,4439328.0000,3
2021-04-16,20210416140000000,sh.688068,120.3400,120.3400,120.3400,120.3400,21364,2570944.0000,3
2021-04-16,20210416150000000,sh.688068,120.3400,120.3400,120.3400,120.3400,16883,2031712.0000,3
2021-04-19,20210419103000000,sh.688068,133.0000,144.4100,132.0000,144.4100,2428399,339699104.0000,3
2021-04-19,20210419113000000,sh.688068,144.4100,144.4100,144.4100,144.4100,60046,8671248.0000,3
2021-04-19,20210419140000000,sh.688068,144.4100,144.4100,144.4100,144.4100,27167,3923184.0000,3
2021-04-19,20210419150000000,sh.688068,144.4100,144.4100,144.4100,144.4100,37356,5394576.0000,3
2021-04-20,20210420103000000,sh.688068,166.0000,168.7500,130.0100,133.0800,6805369,1008635088.0000,3
2021-04-20,20210420113000000,sh.688068,133.0800,143.0400,132.7800,138.1300,931007,128020064.0000,3
2021-04-20,20210420140000000,sh.688068,137.9500,138.1400,128.0000,129.5500,1200417,158439728.0000,3
2021-04-20,20210420150000000,sh.688068,129.5000,137.9300,127.0100,128.8800,1586465,208225840.0000,3
2021-04-21,20210421103000000,sh.688068,132.3000,137.7700,125.3000,136.4700,4582599,608620224.0000,3
2021-04-21,20210421113000000,sh.688068,136.4700,141.7400,131.9900,138.1800,1351985,184549696.0000,3
2021-04-21,20210421140000000,sh.688068,138.1800,149.9500,138.1800,144.9400,1662564,241471200.0000,3
2021-04-21,20210421150000000,sh.688068,144.9900,154.4400,144.9400,146.5000,1382986,206053056.0000,3
2021-04-22,20210422103000000,sh.688068,142.1300,150.0000,135.0300,136.8000,3419081,488179136.0000,3
2021-04-22,20210422113000000,sh.688068,136.8000,144.7900,136.7000,140.7900,724279,101822512.0000,3
2021-04-22,20210422140000000,sh.688068,140.9000,146.6800,140.8200,145.3000,590183,85251152.0000,3
2021-04-22,20210422150000000,sh.688068,145.3000,147.6700,143.0000,145.1100,1168950,170326128.0000,3
2021-04-23,20210423103000000,sh.688068,147.0000,174.1300,147.0000,171.0000,5148319,844192976.0000,3
2021-04-23,20210423113000000,sh.688068,171.0000,174.1300,166.3100,173.0000,1063104,181915152.0000,3
2021-04-23,20210423140000000,sh.688068,173.0000,174.1300,171.0000,174.1300,526589,91288400.0000,3
2021-04-23,20210423150000000,sh.688068,174.1300,174.1300,174.1300,174.1300,53640,9340336.0000,3
2021-04-26,20210426103000000,sh.688068,173.9000,205.0000,168.0000,200.4200,5001896,944095920.0000,3
2021-04-26,20210426113000000,sh.688068,200.4200,203.7800,197.3000,197.8100,570976,114143984.0000,3
2021-04-26,20210426140000000,sh.688068,198.2000,208.1000,192.0000,197.0000,1137277,226409424.0000,3
2021-04-26,20210426150000000,sh.688068,197.0000,203.6200,178.0000,178.0000,1598352,298816752.0000,3
2021-04-27,20210427103000000,sh.688068,183.0000,194.0000,173.6000,189.4500,3368307,619563552.0000,3
2021-04-27,20210427113000000,sh.688068,189.4500,191.8500,184.8100,188.0000,605503,114209328.0000,3
2021-04-27,20210427140000000,sh.688068,188.0000,192.1700,186.0000,190.5000,651060,123113760.0000,3
2021-04-27,20210427150000000,sh.688068,190.5000,190.5000,179.0000,188.8900,1337973,248812896.0000,3
2021-04-28,20210428103000000,sh.688068,190.0000,210.0000,185.1000,209.9900,2678605,532139536.0000,3
2021-04-28,20210428113000000,sh.688068,209.9900,220.8800,205.0000,216.0200,1308800,281292624.0000,3
2021-04-28,20210428140000000,sh.688068,217.0000,220.3800,200.0300,200.0300,1265819,264089840.0000,3
2021-04-28,20210428150000000,sh.688068,200.0000,216.0000,199.6000,216.0000,1145468,239022064.0000,3
2021-04-30,20210430103000000,sh.688068,200.9000,238.8800,200.0100,225.8000,3694768,811181264.0000,3
2021-04-30,20210430113000000,sh.688068,225.8000,233.9500,224.2300,225.0000,681044,156149616.0000,3
2021-04-30,20210430140000000,sh.688068,225.0000,229.9500,216.0000,224.5000,612745,136499232.0000,3
2021-04-30,20210430150000000,sh.688068,224.5000,226.3000,219.1100,225.5000,872080,195197328.0000,3
2021-05-06,20210506103000000,sh.688068,227.2000,235.4800,200.6600,207.5800,2823582,604224000.0000,3
2021-05-06,20210506113000000,sh.688068,207.5800,207.5800,188.2200,203.6900,1828964,361901120.0000,3
2021-05-06,20210506140000000,sh.688068,203.9900,225.9100,203.8000,220.1300,974263,210540480.0000,3
2021-05-06,20210506150000000,sh.688068,220.1300,224.8600,207.5800,210.5100,950018,202796176.0000,3
2021-05-07,20210507103000000,sh.688068,211.5000,214.0000,188.5800,191.2400,2676378,524481616.0000,3
2021-05-07,20210507113000000,sh.688068,191.2400,191.9900,181.0000,190.6600,1413080,263401616.0000,3
2021-05-07,20210507140000000,sh.688068,189.0000,191.0000,183.1300,186.6000,631232,117745008.0000,3
2021-05-07,20210507150000000,sh.688068,186.6000,187.3000,171.0000,171.3800,1856561,329886976.0000,3
2021-05-10,20210510103000000,sh.688068,178.0000,186.3800,173.5000,180.7000,2716987,491395792.0000,3
2021-05-10,20210510113000000,sh.688068,180.7000,183.9500,179.5000,181.3100,529280,96254784.0000,3
2021-05-10,20210510140000000,sh.688068,181.7600,185.0000,181.3600,182.6000,639317,117019344.0000,3
2021-05-10,20210510150000000,sh.688068,182.6000,187.7600,181.2000,186.9900,832660,153258816.0000,3
2021-05-11,20210511103000000,sh.688068,183.0000,184.7700,162.3600,164.0000,2730629,468395776.0000,3
2021-05-11,20210511113000000,sh.688068,164.6600,175.8000,164.6600,173.0000,675989,115622528.0000,3
2021-05-11,20210511140000000,sh.688068,173.0000,175.0000,170.1200,173.3700,341369,59133440.0000,3
2021-05-11,20210511150000000,sh.688068,173.3700,173.4000,165.1200,168.3000,1029233,173111904.0000,3
2021-05-12,20210512103000000,sh.688068,165.0000,173.0000,160.1100,168.4000,1708222,285652160.0000,3
2021-05-12,20210512113000000,sh.688068,168.5000,172.9000,168.4000,169.8000,752467,128517536.0000,3
2021-05-12,20210512140000000,sh.688068,169.8000,181.5800,169.8000,179.0100,1571844,278731776.0000,3
2021-05-12,20210512150000000,sh.688068,179.5200,181.2900,175.5000,175.5800,792731,141339616.0000,3
2021-05-13,20210513103000000,sh.688068,169.4400,175.9000,167.1100,172.9900,1463608,250515383.0000,3
2021-05-13,20210513113000000,sh.688068,172.9900,174.8500,171.0600,173.0000,386583,66760665.0000,3
2021-05-13,20210513140000000,sh.688068,173.0000,174.4200,168.2800,169.3300,543457,92778336.0000,3
2021-05-13,20210513150000000,sh.688068,169.3300,170.8800,168.1600,169.7800,702418,118828080.0000,3
2021-05-14,20210514103000000,sh.688068,176.0000,188.5000,176.0000,183.3200,2572118,467318416.0000,3
2021-05-14,20210514113000000,sh.688068,183.3100,187.9400,182.1000,184.1700,647007,119718048.0000,3
2021-05-14,20210514140000000,sh.688068,184.1700,185.0900,179.1300,179.8900,625817,113731120.0000,3
2021-05-14,20210514150000000,sh.688068,179.8900,179.8900,176.5000,178.8800,857976,153296576.0000,3
2021-05-17,20210517103000000,sh.688068,180.0000,195.9800,179.0000,192.1800,2553337,483436928.0000,3
2021-05-17,20210517113000000,sh.688068,192.1800,192.1800,184.5800,189.8000,872712,163371616.0000,3
2021-05-17,20210517140000000,sh.688068,189.8000,190.8400,185.3000,186.6900,368845,69008208.0000,3
2021-05-17,20210517150000000,sh.688068,186.6900,187.0000,183.1100,186.9900,752110,139309264.0000,3
2021-05-18,20210518103000000,sh.688068,188.0000,188.8700,163.0400,169.7000,3098203,535167072.0000,3
2021-05-18,20210518113000000,sh.688068,169.7000,171.9300,166.3100,171.9300,693575,116891664.0000,3
2021-05-18,20210518140000000,sh.688068,171.9300,171.9500,167.0100,167.9900,558161,93966576.0000,3
2021-05-18,20210518150000000,sh.688068,167.9900,169.6600,166.0600,169.0000,912048,152553920.0000,3
2021-05-19,20210519103000000,sh.688068,167.9900,168.8700,162.2200,163.6000,1258908,208225947.0000,3
2021-05-19,20210519113000000,sh.688068,163.6000,164.6300,161.0100,163.5100,924214,150270357.0000,3
2021-05-19,20210519140000000,sh.688068,163.5100,168.0000,162.0000,165.6100,631692,104664864.0000,3
2021-05-19,20210519150000000,sh.688068,165.6100,165.9900,163.4800,164.3000,522051,85867456.0000,3
2021-05-20,20210520103000000,sh.688068,161.0000,161.0000,150.3200,152.8000,2579879,398739824.0000,3
2021-05-20,20210520113000000,sh.688068,152.8000,153.4400,149.4900,152.5000,855987,129193152.0000,3
2021-05-20,20210520140000000,sh.688068,152.5000,160.8000,150.4600,160.2600,996348,155984576.0000,3
2021-05-20,20210520150000000,sh.688068,160.2600,161.0000,155.1200,155.6800,751053,118560592.0000,3
2021-05-21,20210521103000000,sh.688068,153.0000,158.9900,152.0000,153.0000,1052410,163202578.0000,3
2021-05-21,20210521113000000,sh.688068,153.0000,155.6000,152.5000,155.0600,296480,45480509.0000,3
2021-05-21,20210521140000000,sh.688068,155.0600,155.1500,152.8800,154.3300,290415,44640166.0000,3
2021-05-21,20210521150000000,sh.688068,154.3000,155.0000,153.5100,154.4000,528199,81443067.0000,3
2021-05-24,20210524103000000,sh.688068,156.6000,156.6000,146.8000,148.4100,1398291,210235142.0000,3
2021-05-24,20210524113000000,sh.688068,148.4100,150.8500,147.8100,149.7000,300620,44844175.0000,3
2021-05-24,20210524140000000,sh.688068,149.6800,150.4000,148.4100,149.0000,292399,43628475.0000,3
2021-05-24,20210524150000000,sh.688068,149.0000,151.7000,148.5000,151.2000,592024,89172720.0000,3
2021-05-25,20210525103000000,sh.688068,152.0000,158.0000,151.5100,157.5000,1798676,278660144.0000,3
2021-05-25,20210525113000000,sh.688068,157.6200,163.6300,156.7400,160.0000,1984046,318464528.0000,3
2021-05-25,20210525140000000,sh.688068,159.9900,160.5400,158.1400,158.8400,408895,65044544.0000,3
2021-05-25,20210525150000000,sh.688068,158.8400,159.3000,157.3800,158.5000,515929,81736560.0000,3
2021-05-26,20210526103000000,sh.688068,162.0000,162.0000,153.5000,155.8300,1532496,240446652.0000,3
2021-05-26,20210526113000000,sh.688068,155.8300,163.6300,155.6300,159.5000,875710,141129732.0000,3
2021-05-26,20210526140000000,sh.688068,159.5000,168.1900,159.3900,168.1900,1534885,251396768.0000,3
2021-05-26,20210526150000000,sh.688068,168.1900,168.1900,164.2500,164.6100,765025,126692560.0000,3
2021-05-27,20210527103000000,sh.688068,163.1200,167.7900,161.0400,165.6300,1221127,200857297.0000,3
2021-05-27,20210527113000000,sh.688068,165.8000,167.2400,163.5000,163.7000,477188,78674255.0000,3
2021-05-27,20210527140000000,sh.688068,163.7500,166.9600,163.7500,165.9800,400813,66459104.0000,3
2021-05-27,20210527150000000,sh.688068,165.9800,165.9800,163.1300,163.6300,707940,116213856.0000,3
2021-05-28,20210528103000000,sh.688068,163.6300,165.0700,159.0000,160.5800,1068644,172229096.0000,3
2021-05-28,20210528113000000,sh.688068,160.5800,161.0000,158.5000,158.7000,634529,101179096.0000,3
2021-05-28,20210528140000000,sh.688068,158.7000,158.7000,152.6600,154.4800,1187018,184336640.0000,3
2021-05-28,20210528150000000,sh.688068,154.4800,155.3000,152.6900,152.8800,758314,116398320.0000,3
2021-05-31,20210531103000000,sh.688068,158.0000,183.4600,157.4700,183.4600,4909079,845494848.0000,3
2021-05-31,20210531113000000,sh.688068,183.4600,183.4600,183.4600,183.4600,103049,18905360.0000,3
2021-05-31,20210531140000000,sh.688068,183.4600,183.4600,183.4600,183.4600,70873,13002368.0000,3
2021-05-31,20210531150000000,sh.688068,183.4600,183.4600,183.4600,183.4600,48751,8943856.0000,3
2021-06-01,20210601103000000,sh.688068,199.0700,204.9700,186.1200,188.2000,5075467,993771504.0000,3
2021-06-01,20210601113000000,sh.688068,188.0000,190.7200,181.2200,188.0100,1080116,200087712.0000,3
2021-06-01,20210601140000000,sh.688068,188.3700,188.5900,183.5000,186.7200,610691,113537792.0000,3
2021-06-01,20210601150000000,sh.688068,186.7200,189.1400,184.9900,187.3900,940664,175971680.0000,3
2021-06-02,20210602103000000,sh.688068,184.9000,184.9000,159.0000,164.1100,4969055,834079232.0000,3
2021-06-02,20210602113000000,sh.688068,164.1100,167.8300,162.2200,165.9800,579920,95450848.0000,3
2021-06-02,20210602140000000,sh.688068,165.9800,166.2000,162.4200,162.8800,485822,79458560.0000,3
2021-06-02,20210602150000000,sh.688068,162.8800,164.8000,162.6600,162.9400,700655,114375424.0000,3
2021-06-03,20210603103000000,sh.688068,156.5000,161.9800,152.6800,157.7600,1836431,287697856.0000,3
2021-06-03,20210603113000000,sh.688068,157.7600,161.0000,157.2100,159.9200,448495,71473808.0000,3
2021-06-03,20210603140000000,sh.688068,159.9200,159.9200,157.1400,157.3000,363831,57547968.0000,3
2021-06-03,20210603150000000,sh.688068,157.3000,160.2000,157.2600,159.0000,684153,108564096.0000,3
2021-06-04,20210604103000000,sh.688068,159.0300,172.9000,154.0000,166.8800,2377690,390435840.0000,3
2021-06-04,20210604113000000,sh.688068,166.4900,166.7000,164.0300,164.8700,387109,63937152.0000,3
2021-06-04,20210604140000000,sh.688068,164.8700,164.8700,161.5700,162.5800,359636,58532432.0000,3
2021-06-04,20210604150000000,sh.688068,162.5800,163.8200,161.6600,162.5300,412885,67116576.0000,3
2021-06-07,20210607103000000,sh.688068,168.7100,171.8800,162.0100,164.5500,1286497,213242291.0000,3
2021-06-07,20210607113000000,sh.688068,164.5500,164.9500,163.0100,163.8800,263600,43176920.0000,3
2021-06-07,20210607140000000,sh.688068,163.8800,164.1100,161.0100,162.6100,441623,71629173.0000,3
2021-06-07,20210607150000000,sh.688068,162.6100,163.9200,161.7000,163.3100,524570,85490640.0000,3
2021-06-08,20210608103000000,sh.688068,162.5800,166.0000,156.0000,160.0200,1112354,178461417.0000,3
2021-06-08,20210608113000000,sh.688068,160.0200,160.4000,158.0800,159.2600,304468,48407100.0000,3
2021-06-08,20210608140000000,sh.688068,159.2500,159.9000,157.6000,158.3100,320877,50774283.0000,3
2021-06-08,20210608150000000,sh.688068,158.3100,159.8600,157.6000,158.1700,326504,51652896.0000,3
2021-06-09,20210609103000000,sh.688068,159.2800,160.7000,156.0200,157.3800,616759,97510653.0000,3
2021-06-09,20210609113000000,sh.688068,157.3800,160.6800,157.3800,159.8800,364659,58165904.0000,3
2021-06-09,20210609140000000,sh.688068,159.8900,160.0200,158.1300,158.1500,196714,31276118.0000,3
2021-06-09,20210609150000000,sh.688068,158.1500,159.6000,158.0000,159.5800,374992,59542313.0000,3
2021-06-10,20210610103000000,sh.688068,158.8800,161.0000,149.0100,152.5400,1573114,242967793.0000,3
2021-06-10,20210610113000000,sh.688068,152.5400,154.3500,151.7900,152.2000,606927,92597487.0000,3
2021-06-10,20210610140000000,sh.688068,152.5000,152.8800,150.9000,151.6100,596821,90556528.0000,3
2021-06-10,20210610150000000,sh.688068,151.7000,153.5100,151.3400,153.4700,463050,70565184.0000,3
2021-06-11,20210611103000000,sh.688068,152.0200,154.3000,148.4800,151.0000,1199139,180347628.0000,3
2021-06-11,20210611113000000,sh.688068,151.0000,154.8800,151.0000,153.6000,485050,74268786.0000,3
2021-06-11,20210611140000000,sh.688068,153.6000,153.6000,152.0400,152.5700,172012,26245442.0000,3
2021-06-11,20210611150000000,sh.688068,152.4500,153.2000,151.0000,151.1000,419198,63695936.0000,3
2021-06-15,20210615103000000,sh.688068,150.5000,154.8800,148.7300,149.5000,789408,119151151.0000,3
2021-06-15,20210615113000000,sh.688068,149.5000,149.5000,147.0000,147.2700,479726,71125870.0000,3
2021-06-15,20210615140000000,sh.688068,147.2700,147.8000,143.0000,144.1600,862142,125172307.0000,3
2021-06-15,20210615150000000,sh.688068,144.1000,145.1700,143.7000,144.6100,440964,63663520.0000,3
2021-06-16,20210616103000000,sh.688068,143.6500,146.5900,141.9800,143.7900,694170,99936952.0000,3
2021-06-16,20210616113000000,sh.688068,143.7900,156.9900,142.7000,153.2000,1714905,260181176.0000,3
2021-06-16,20210616140000000,sh.688068,153.2000,153.2400,150.0500,151.3000,319974,48365232.0000,3
2021-06-16,20210616150000000,sh.688068,151.1200,152.9600,150.3900,151.8800,690076,104669872.0000,3
2021-06-17,20210617103000000,sh.688068,149.0000,153.6000,148.3300,152.2900,959309,144577200.0000,3
2021-06-17,20210617113000000,sh.688068,152.2900,152.4000,149.2500,150.4600,333054,50117181.0000,3
2021-06-17,20210617140000000,sh.688068,150.4600,150.4600,147.6100,147.7900,463035,68748828.0000,3
2021-06-17,20210617150000000,sh.688068,147.7900,150.2900,147.7900,150.1900,427594,63700567.0000,3
2021-06-18,20210618103000000,sh.688068,150.0000,156.5000,149.5000,153.0000,1059824,162653174.0000,3
2021-06-18,20210618113000000,sh.688068,153.0000,154.3000,152.1600,152.7000,207089,31683835.0000,3
2021-06-18,20210618140000000,sh.688068,152.6800,153.0000,151.6900,152.2000,243859,37167221.0000,3
2021-06-18,20210618150000000,sh.688068,152.3600,152.5000,151.6000,152.4800,323526,49198890.0000,3
2021-06-21,20210621103000000,sh.688068,151.0700,161.9700,151.0700,159.5000,2221831,352759008.0000,3
2021-06-21,20210621113000000,sh.688068,159.5000,175.0000,159.2600,175.0000,1876018,314213776.0000,3
2021-06-21,20210621140000000,sh.688068,175.0000,179.7300,171.2100,171.7100,1189019,209293920.0000,3
2021-06-21,20210621150000000,sh.688068,171.7100,174.4400,170.6000,170.6000,617742,106348160.0000,3
2021-06-22,20210622103000000,sh.688068,171.6300,173.0000,160.2000,165.8300,2316713,382638128.0000,3
2021-06-22,20210622113000000,sh.688068,165.8300,168.9000,165.6900,166.4500,420439,70385040.0000,3
2021-06-22,20210622140000000,sh.688068,166.2500,174.0000,166.2500,169.3400,705061,120487680.0000,3
2021-06-22,20210622150000000,sh.688068,169.0300,171.4900,168.3100,170.1000,506086,85888640.0000,3
2021-06-23,20210623103000000,sh.688068,171.9900,182.6600,171.2100,181.3900,2601749,463139920.0000,3
2021-06-23,20210623113000000,sh.688068,181.0000,182.2100,178.7600,180.0000,622919,112415520.0000,3
2021-06-23,20210623140000000,sh.688068,180.4100,180.8800,175.3700,177.3300,600117,106484096.0000,3
2021-06-23,20210623150000000,sh.688068,177.3300,179.0000,175.8100,177.4900,567393,100569264.0000,3
2021-06-24,20210624103000000,sh.688068,174.4300,178.6000,170.1000,175.0000,1561884,271149552.0000,3
2021-06-24,20210624113000000,sh.688068,175.0000,178.0000,173.8100,174.2200,412545,72471344.0000,3
2021-06-24,20210624140000000,sh.688068,174.3000,188.4700,173.1400,181.5000,1393968,254722608.0000,3
2021-06-24,20210624150000000,sh.688068,181.5000,182.4100,179.0900,179.8500,682793,123292000.0000,3
2021-06-25,20210625103000000,sh.688068,172.5500,184.0000,172.5100,175.5100,1714177,304209952.0000,3
2021-06-25,20210625113000000,sh.688068,175.5100,178.9600,175.5000,177.6900,306296,54283408.0000,3
2021-06-25,20210625140000000,sh.688068,177.6900,178.0200,173.2500,175.2700,658720,115288224.0000,3
2021-06-25,20210625150000000,sh.688068,175.2700,175.5000,172.8500,173.0100,744759,129298016.0000,3
2021-06-28,20210628103000000,sh.688068,172.0100,184.9600,172.0100,183.0800,2285689,415080381.0000,3
2021-06-28,20210628113000000,sh.688068,183.0800,184.7000,182.0000,183.3000,360006,65961580.0000,3
2021-06-28,20210628140000000,sh.688068,183.3000,184.8400,179.1100,179.7900,664120,120669810.0000,3
2021-06-28,20210628150000000,sh.688068,179.7900,181.2000,179.4300,179.9100,502606,90454996.0000,3
2021-06-29,20210629103000000,sh.688068,180.0000,188.8300,177.3300,184.9700,1996625,367297085.0000,3
2021-06-29,20210629113000000,sh.688068,184.9700,190.8600,183.2200,190.8600,1139463,213821654.0000,3
2021-06-29,20210629140000000,sh.688068,190.8600,211.5000,190.8600,203.8900,2719326,554118260.0000,3
2021-06-29,20210629150000000,sh.688068,203.8900,208.2800,202.0000,204.9100,868067,178157464.0000,3
2021-06-30,20210630103000000,sh.688068,196.0000,196.7100,184.0000,188.0400,3324602,634205228.0000,3
2021-06-30,20210630113000000,sh.688068,188.1100,190.3000,187.2600,188.0000,751685,141679283.0000,3
2021-06-30,20210630140000000,sh.688068,188.0000,188.5100,184.2500,186.7800,965581,179896800.0000,3
2021-06-30,20210630150000000,sh.688068,186.7700,189.2900,184.9000,189.0000,807348,151317283.0000,3
2021-07-01,20210701103000000,sh.688068,188.0000,201.0000,175.6000,193.1500,6138035,1152898183.5000,3
2021-07-01,20210701113000000,sh.688068,193.1300,194.9600,188.3600,192.4500,946998,182004743.6200,3
2021-07-01,20210701140000000,sh.688068,192.4500,193.0000,188.7300,189.4000,606510,115464623.2900,3
2021-07-01,20210701150000000,sh.688068,189.4000,189.4200,181.0000,181.0900,1117263,206203493.1300,3
2021-07-02,20210702103000000,sh.688068,175.0000,176.0000,168.0100,170.1000,2580460,443901039.3400,3
2021-07-02,20210702113000000,sh.688068,170.2900,171.6400,169.0000,169.8800,828180,140651820.7900,3
2021-07-02,20210702140000000,sh.688068,169.8800,172.1100,168.2500,172.1100,648304,109724356.7800,3
2021-07-02,20210702150000000,sh.688068,172.3900,172.8100,168.0000,170.2700,1023989,173919368.0200,3
2021-07-05,20210705103000000,sh.688068,170.5000,172.5000,165.1500,167.3600,1370505,231185922.4900,3
2021-07-05,20210705113000000,sh.688068,167.3600,171.2800,167.3000,168.0500,375144,63267547.5200,3
2021-07-05,20210705140000000,sh.688068,168.0500,168.8900,167.1900,167.4200,339168,56913805.9200,3
2021-07-05,20210705150000000,sh.688068,167.4500,168.9000,167.2100,168.7900,506047,84995716.9600,3
2021-07-06,20210706103000000,sh.688068,170.8800,179.6800,167.1000,174.8000,2343196,409628911.9400,3
2021-07-06,20210706113000000,sh.688068,174.8000,174.8000,170.9100,172.9900,604241,104397941.4300,3
2021-07-06,20210706140000000,sh.688068,172.9900,174.2700,171.0500,174.0000,370334,63894190.2300,3
2021-07-06,20210706150000000,sh.688068,173.1300,173.9000,171.8000,173.5000,462203,79919175.9600,3
2021-07-07,20210707103000000,sh.688068,174.0000,174.0000,167.2000,168.7000,1295496,219414381.6200,3
2021-07-07,20210707113000000,sh.688068,168.7000,174.2000,167.6700,171.5900,530756,90170039.2900,3
2021-07-07,20210707140000000,sh.688068,171.5900,172.8000,170.0000,171.2000,339673,58148785.7200,3
2021-07-07,20210707150000000,sh.688068,171.2000,172.7900,170.5300,170.6000,635245,108769381.0300,3
2021-07-08,20210708103000000,sh.688068,169.9300,171.3300,160.1800,161.5200,2274045,371306699.7900,3
2021-07-08,20210708113000000,sh.688068,161.5200,162.6600,161.2100,161.9900,454704,73548534.4100,3
2021-07-08,20210708140000000,sh.688068,161.9900,161.9900,159.3000,159.7100,866878,139194685.7600,3
2021-07-08,20210708150000000,sh.688068,159.7100,160.0000,157.0100,159.7900,918568,146233302.1300,3
2021-07-09,20210709103000000,sh.688068,157.9700,163.5100,156.0700,157.6900,1231783,196777822.4800,3
2021-07-09,20210709113000000,sh.688068,157.6900,162.7300,157.6900,161.9000,503614,80816157.8700,3
2021-07-09,20210709140000000,sh.688068,161.9000,162.1500,160.1300,160.9800,257804,41545420.8600,3
2021-07-09,20210709150000000,sh.688068,160.9800,161.0000,158.7000,158.7100,503856,80435723.2300,3
2021-07-12,20210712103000000,sh.688068,161.8000,163.6800,157.1000,162.6800,1225439,197581216.4700,3
2021-07-12,20210712113000000,sh.688068,162.6800,163.8900,162.4400,163.1700,562023,91708080.1300,3
2021-07-12,20210712140000000,sh.688068,163.1700,163.1700,160.0600,161.2000,441416,71207385.8200,3
2021-07-12,20210712150000000,sh.688068,161.2000,162.8200,160.6800,161.3600,432930,69929622.2900,3
2021-07-13,20210713103000000,sh.688068,160.0900,161.0500,152.0000,153.0000,1994658,310581473.3200,3
2021-07-13,20210713113000000,sh.688068,153.0000,153.4900,152.6700,152.8600,537412,82229412.3800,3
2021-07-13,20210713140000000,sh.688068,152.8600,153.9900,152.6100,153.5000,358989,54935928.8900,3
2021-07-13,20210713150000000,sh.688068,153.4300,153.7500,152.8100,153.4500,535322,82017721.8400,3
2021-07-14,20210714103000000,sh.688068,153.5100,157.2000,153.5100,156.0200,942434,146848835.9500,3
2021-07-14,20210714113000000,sh.688068,156.0000,156.1500,155.0400,155.7400,194070,30194405.6000,3
2021-07-14,20210714140000000,sh.688068,155.7400,161.6000,155.7400,158.5000,1203371,191915198.8500,3
2021-07-14,20210714150000000,sh.688068,158.4900,158.5800,156.8600,157.2800,461115,72735431.1600,3
2021-07-15,20210715103000000,sh.688068,156.0000,157.4800,152.4700,152.7400,835672,128310321.1900,3
2021-07-15,20210715113000000,sh.688068,152.7400,159.7500,152.0000,157.2000,871007,136794528.0900,3
2021-07-15,20210715140000000,sh.688068,157.2000,157.9700,156.5800,156.9000,180316,28350189.0300,3
2021-07-15,20210715150000000,sh.688068,156.9000,158.2200,156.7400,158.0000,402899,63557203.7500,3
2021-07-16,20210716103000000,sh.688068,159.6900,162.5000,156.6000,158.5700,1065987,170492533.7600,3
2021-07-16,20210716113000000,sh.688068,158.5700,159.8700,158.4600,159.6000,212325,33820257.0500,3
2021-07-16,20210716140000000,sh.688068,159.6000,159.8700,158.0500,158.2900,196167,31145535.5000,3
2021-07-16,20210716150000000,sh.688068,158.2900,158.7900,158.1000,158.5000,387439,61367208.5600,3
2021-07-19,20210719103000000,sh.688068,159.9000,162.2000,158.0000,158.0700,668847,106916877.4200,3
2021-07-19,20210719113000000,sh.688068,158.0600,159.2000,157.0800,157.7000,272370,42977567.3000,3
2021-07-19,20210719140000000,sh.688068,157.7000,162.3300,157.7000,161.6100,911697,146965917.4300,3
2021-07-19,20210719150000000,sh.688068,161.6100,162.0800,161.3100,161.5000,478957,77401445.0100,3
2021-07-20,20210720103000000,sh.688068,165.3000,175.0000,165.3000,167.0000,2210087,376622275.7400,3
2021-07-20,20210720113000000,sh.688068,167.0000,168.7500,166.4300,168.1000,354249,59401187.1300,3
2021-07-20,20210720140000000,sh.688068,168.1400,168.3300,166.2900,167.0100,279532,46726039.7000,3
2021-07-20,20210720150000000,sh.688068,167.0100,167.3600,165.8100,166.5500,449548,74778074.2600,3
2021-07-21,20210721103000000,sh.688068,164.1000,165.6100,161.0000,161.8000,1493358,243244376.6400,3
2021-07-21,20210721113000000,sh.688068,161.8300,163.8800,161.5800,162.0800,349190,56672797.8800,3
2021-07-21,20210721140000000,sh.688068,162.0800,163.2000,162.0800,162.7600,377568,61412832.9200,3
2021-07-21,20210721150000000,sh.688068,162.7600,163.5300,162.5000,163.5200,551497,89862064.6100,3
2021-07-22,20210722103000000,sh.688068,163.5500,163.5900,156.0000,156.6000,1403089,222201884.5100,3
2021-07-22,20210722113000000,sh.688068,156.6000,157.8900,156.3800,157.2600,254244,39881167.1600,3
2021-07-22,20210722140000000,sh.688068,157.2600,157.2600,154.2200,155.5100,622636,96826324.8800,3
2021-07-22,20210722150000000,sh.688068,155.3000,156.0000,154.8500,155.7700,469702,72924465.9400,3
2021-07-23,20210723103000000,sh.688068,155.0800,157.6000,153.6800,153.6800,641674,99963448.3900,3
2021-07-23,20210723113000000,sh.688068,153.5900,153.9900,147.0600,148.6500,1266910,189985394.8900,3
2021-07-23,20210723140000000,sh.688068,148.6500,149.4300,147.6000,149.4300,250749,37184079.6200,3
2021-07-23,20210723150000000,sh.688068,149.4900,150.0500,149.0000,149.3900,365402,54594220.9800,3
2021-07-26,20210726103000000,sh.688068,151.0000,151.3100,142.2000,144.5100,1049798,151705644.7900,3
2021-07-26,20210726113000000,sh.688068,144.5100,145.7600,142.0000,142.2800,364885,52222482.2600,3
2021-07-26,20210726140000000,sh.688068,142.3500,142.8200,138.3900,140.8000,615787,86148256.1800,3
2021-07-26,20210726150000000,sh.688068,140.8000,140.8600,139.5100,140.6400,343470,48204778.4500,3
2021-07-27,20210727103000000,sh.688068,139.8300,143.5000,135.0000,135.5000,972509,134727203.6200,3
2021-07-27,20210727113000000,sh.688068,135.5000,139.6500,135.3100,138.1000,383593,52733764.6800,3
2021-07-27,20210727140000000,sh.688068,138.1000,146.5500,137.6800,146.0000,1032424,149029974.3800,3
2021-07-27,20210727150000000,sh.688068,146.0400,146.8800,141.5000,143.1700,603114,86973742.6800,3
2021-07-28,20210728103000000,sh.688068,141.2800,142.6000,134.0000,138.8300,796660,110131093.8000,3
2021-07-28,20210728113000000,sh.688068,138.8300,143.0000,137.8900,138.5100,327677,46043837.7100,3
2021-07-28,20210728140000000,sh.688068,138.9500,159.6800,138.5000,152.8000,2438339,370281164.0500,3
2021-07-28,20210728150000000,sh.688068,152.8000,153.0000,150.0000,151.8800,690033,104830191.3500,3
2021-07-29,20210729103000000,sh.688068,150.1000,156.6500,150.1000,152.0100,1562364,239728686.7200,3
2021-07-29,20210729113000000,sh.688068,152.0100,155.0000,151.6000,153.7700,426079,64949465.9200,3
2021-07-29,20210729140000000,sh.688068,153.7700,154.8400,152.5300,154.2000,350131,53715848.0700,3
2021-07-29,20210729150000000,sh.688068,154.2800,155.8400,153.0300,155.0600,800226,123572135.6900,3
2021-07-30,20210730103000000,sh.688068,158.9900,161.5000,152.3000,158.7400,2181159,344666466.1400,3
2021-07-30,20210730113000000,sh.688068,158.7400,160.0000,155.5000,156.5000,416098,65530711.4200,3
2021-07-30,20210730140000000,sh.688068,156.5000,168.5700,156.5000,168.5100,3087601,507357537.3700,3
2021-07-30,20210730150000000,sh.688068,168.5700,170.0000,166.8800,169.9500,1437939,242567004.2700,3
2021-08-02,20210802103000000,sh.688068,185.0000,191.9800,173.5400,176.5000,4246377,770617489.4700,3
2021-08-02,20210802113000000,sh.688068,176.5000,179.9900,174.5100,175.1900,653620,115761637.2200,3
2021-08-02,20210802140000000,sh.688068,175.1900,178.0600,171.0000,171.6000,854390,148919992.8800,3
2021-08-02,20210802150000000,sh.688068,171.6000,172.0700,168.1100,169.7800,1441482,245040414.8100,3
2021-08-03,20210803103000000,sh.688068,165.0000,181.6000,164.0100,179.9800,3487505,606616329.2300,3
2021-08-03,20210803113000000,sh.688068,179.0500,179.8000,174.0100,176.0000,795703,140015704.9400,3
2021-08-03,20210803140000000,sh.688068,176.0000,181.1500,176.0000,178.0400,1546639,277110100.6000,3
2021-08-03,20210803150000000,sh.688068,178.0400,178.8900,176.6100,177.3200,884692,157110318.4000,3
2021-08-04,20210804103000000,sh.688068,175.0000,175.3200,164.4700,168.4000,2736928,459232931.0500,3
2021-08-04,20210804113000000,sh.688068,168.3100,172.5900,165.6700,169.8800,893875,151723414.8200,3
2021-08-04,20210804140000000,sh.688068,169.4000,170.1100,166.5100,167.7500,647675,108874681.5900,3
2021-08-04,20210804150000000,sh.688068,167.7500,169.8700,167.7500,169.7200,752487,127347278.6200,3
2021-08-05,20210805103000000,sh.688068,168.4000,174.7900,165.2700,165.6800,1604214,271967544.3800,3
2021-08-05,20210805113000000,sh.688068,165.3800,166.8100,164.5000,165.5400,635771,105064838.6600,3
2021-08-05,20210805140000000,sh.688068,165.5400,166.8500,165.0000,165.2500,274770,45526854.6900,3
2021-08-05,20210805150000000,sh.688068,165.2500,165.7600,161.3800,161.8200,1103422,179501427.3200,3
2021-08-06,20210806103000000,sh.688068,164.0000,164.8900,154.4800,156.3700,1560434,246934505.0000,3
2021-08-06,20210806113000000,sh.688068,156.3700,157.1800,155.0000,155.0100,404963,63028951.0000,3
2021-08-06,20210806140000000,sh.688068,155.0000,155.9600,154.7000,155.2800,289042,44875472.0000,3
2021-08-06,20210806150000000,sh.688068,155.2800,157.4100,155.1500,157.3400,420669,65829392.0000,3
2021-08-09,20210809103000000,sh.688068,157.3600,160.7000,153.6000,158.9500,774205,122015748.0000,3
2021-08-09,20210809113000000,sh.688068,158.5100,159.1300,157.0200,157.6000,198708,31418105.0000,3
2021-08-09,20210809140000000,sh.688068,157.6000,158.5900,156.7700,157.0500,217446,34231964.0000,3
2021-08-09,20210809150000000,sh.688068,157.0700,157.5300,156.8300,157.5300,314993,49520115.0000,3
2021-08-10,20210810103000000,sh.688068,157.4700,159.0000,154.0000,154.6500,792459,123860403.0000,3
2021-08-10,20210810113000000,sh.688068,154.9000,156.2000,154.6600,154.8000,292394,45420647.0000,3
2021-08-10,20210810140000000,sh.688068,154.8000,158.3000,154.7000,157.1600,361290,56615154.0000,3
2021-08-10,20210810150000000,sh.688068,157.1600,157.3000,155.3000,156.1900,349275,54549524.0000,3
2021-08-11,20210811103000000,sh.688068,157.9800,157.9800,155.2100,157.0000,575676,90076961.0000,3
2021-08-11,20210811113000000,sh.688068,157.0000,157.0000,155.8000,156.2200,202474,31625516.0000,3
2021-08-11,20210811140000000,sh.688068,156.3900,156.8800,155.5500,156.2200,317177,49535923.0000,3
2021-08-11,20210811150000000,sh.688068,156.2200,156.3900,152.0000,153.2100,769767,118536560.0000,3
2021-08-12,20210812103000000,sh.688068,150.0000,151.6600,145.5000,149.6000,1221720,181295511.0000,3
2021-08-12,20210812113000000,sh.688068,149.6000,150.9400,149.0100,149.6500,347439,52084102.0000,3
2021-08-12,20210812140000000,sh.688068,149.6600,152.5000,149.0700,149.9900,286516,43221219.0000,3
2021-08-12,20210812150000000,sh.688068,149.9900,151.2900,149.8500,150.8400,335068,50536864.0000,3
2021-08-13,20210813103000000,sh.688068,149.9200,151.6000,146.7000,148.0200,777531,115406198.0000,3
2021-08-13,20210813113000000,sh.688068,148.0200,148.5500,146.8100,147.1400,326785,48217945.0000,3
2021-08-13,20210813140000000,sh.688068,147.1400,147.2500,145.5800,146.3800,473496,69243838.0000,3
2021-08-13,20210813150000000,sh.688068,146.3800,147.0500,146.0000,146.1900,340869,49923443.0000,3
2021-08-16,20210816103000000,sh.688068,147.0000,147.5800,143.2000,144.9800,629012,91082313.0000,3
2021-08-16,20210816113000000,sh.688068,144.9800,147.9300,144.4100,147.8900,386516,56514351.0000,3
2021-08-16,20210816140000000,sh.688068,147.8700,148.5500,146.0000,146.1600,268947,39617594.0000,3
2021-08-16,20210816150000000,sh.688068,146.1600,146.5500,145.1000,145.2200,328682,47880025.0000,3
2021-08-17,20210817103000000,sh.688068,144.6900,145.9900,143.2800,144.0000,502222,72370923.0000,3
2021-08-17,20210817113000000,sh.688068,144.0000,144.5100,143.5800,143.5800,159485,22964374.0000,3
2021-08-17,20210817140000000,sh.688068,143.5700,143.6600,141.4800,141.8000,414081,58947191.0000,3
2021-08-17,20210817150000000,sh.688068,141.7900,142.1000,140.5100,141.1200,432677,61125789.0000,3
2021-08-18,20210818103000000,sh.688068,143.2300,145.5000,141.6800,145.5000,644313,92565365.0000,3
2021-08-18,20210818113000000,sh.688068,145.5000,145.8000,142.8000,143.4700,292316,42234025.0000,3
2021-08-18,20210818140000000,sh.688068,143.4700,143.7800,141.7400,142.8000,180398,25762600.0000,3
2021-08-18,20210818150000000,sh.688068,142.8000,143.4400,142.5000,143.0500,222524,31824844.0000,3
2021-08-19,20210819103000000,sh.688068,142.9200,148.5600,142.1100,146.2300,842024,123353307.0000,3
2021-08-19,20210819113000000,sh.688068,146.2300,146.3900,145.5600,146.2900,198992,29035120.0000,3
2021-08-19,20210819140000000,sh.688068,146.2900,146.8300,145.7200,146.6200,170077,24896738.0000,3
2021-08-19,20210819150000000,sh.688068,146.6200,148.0000,146.5200,148.0000,443164,65273401.0000,3
2021-08-20,20210820103000000,sh.688068,148.0000,148.0000,143.1000,144.6500,573197,82925353.0000,3
2021-08-20,20210820113000000,sh.688068,144.5000,144.5000,143.1800,143.4200,269240,38679915.0000,3
2021-08-20,20210820140000000,sh.688068,143.4200,143.6400,142.5000,143.1800,259446,37117400.0000,3
2021-08-20,20210820150000000,sh.688068,143.1800,144.6000,143.0800,143.8100,245093,35251416.0000,3
2021-08-23,20210823103000000,sh.688068,143.0000,145.4300,141.2200,144.9100,602283,86056389.0000,3
2021-08-23,20210823113000000,sh.688068,144.9100,146.5000,144.6800,144.9500,243483,35391693.0000,3
2021-08-23,20210823140000000,sh.688068,144.9700,146.6400,144.1000,145.8000,275995,40156630.0000,3
2021-08-23,20210823150000000,sh.688068,145.8000,145.8000,144.6600,144.9100,233853,33927021.0000,3
2021-08-24,20210824103000000,sh.688068,145.8000,145.8900,144.1000,145.2500,475470,68964190.0000,3
2021-08-24,20210824113000000,sh.688068,145.2500,145.3700,144.6000,145.2000,215462,31262768.0000,3
2021-08-24,20210824140000000,sh.688068,145.2000,152.6600,145.0900,152.2000,1200739,180807538.0000,3
2021-08-24,20210824150000000,sh.688068,152.1900,152.4600,151.5200,152.3500,461071,70159088.0000,3
2021-08-25,20210825103000000,sh.688068,153.0000,159.7600,152.6500,155.9900,1154794,180622194.0000,3
2021-08-25,20210825113000000,sh.688068,155.9900,156.9100,155.8100,156.1500,183869,28733232.0000,3
2021-08-25,20210825140000000,sh.688068,156.1200,156.5500,154.5100,155.0700,278875,43448533.0000,3
2021-08-25,20210825150000000,sh.688068,155.0700,155.2400,153.0800,154.0500,531872,81995193.0000,3
2021-08-26,20210826103000000,sh.688068,157.0000,157.0000,146.0000,149.3600,1657978,250901636.0000,3
2021-08-26,20210826113000000,sh.688068,149.3800,150.8500,147.8900,148.3000,301424,44979644.0000,3
2021-08-26,20210826140000000,sh.688068,148.3000,148.8800,147.8200,148.5000,210779,31300128.0000,3
2021-08-26,20210826150000000,sh.688068,148.5000,149.5500,146.6900,146.8400,422040,62350512.0000,3
2021-08-27,20210827103000000,sh.688068,145.0100,147.6000,141.7700,145.0100,755240,109150114.0000,3
2021-08-27,20210827113000000,sh.688068,145.3100,145.7500,143.6300,143.6500,224158,32354714.0000,3
2021-08-27,20210827140000000,sh.688068,143.6500,144.3000,141.8600,142.1800,409653,58435875.0000,3
2021-08-27,20210827150000000,sh.688068,142.1900,142.4900,141.8800,142.1500,452464,64311390.0000,3
2021-08-30,20210830103000000,sh.688068,142.6300,143.4800,137.0000,139.9900,726693,101248769.0000,3
2021-08-30,20210830113000000,sh.688068,139.9900,140.1600,137.5700,138.0000,311714,43154336.0000,3
2021-08-30,20210830140000000,sh.688068,138.0000,138.5800,137.4700,137.9200,229439,31639548.0000,3
2021-08-30,20210830150000000,sh.688068,137.9200,138.0800,137.0300,137.3900,352285,48452752.0000,3
2021-08-31,20210831103000000,sh.688068,136.7200,137.7800,134.1000,134.1700,716452,97100520.0000,3
2021-08-31,20210831113000000,sh.688068,134.1700,134.1900,130.3200,130.9100,803630,106182855.0000,3
2021-08-31,20210831140000000,sh.688068,130.7000,131.3300,127.7900,129.8600,537304,69480145.0000,3
2021-08-31,20210831150000000,sh.688068,129.8800,130.8900,129.0000,129.2000,463066,60056896.0000,3
2021-09-01,20210901103000000,sh.688068,129.4200,132.2300,127.4800,131.3500,714707,93317447.0000,3
2021-09-01,20210901113000000,sh.688068,131.3500,140.3200,131.3500,140.1400,1097108,150893430.0000,3
2021-09-01,20210901140000000,sh.688068,140.2000,147.1700,140.1900,141.6000,1040794,149377843.0000,3
2021-09-01,20210901150000000,sh.688068,141.6000,142.8800,140.6400,141.2600,534054,75626064.0000,3
2021-09-02,20210902103000000,sh.688068,140.0900,146.7400,139.1000,141.4500,1227622,175807222.0000,3
2021-09-02,20210902113000000,sh.688068,141.4500,142.8800,139.9100,142.1300,327381,46283348.0000,3
2021-09-02,20210902140000000,sh.688068,142.1500,142.2500,139.9100,140.2200,216042,30408792.0000,3
2021-09-02,20210902150000000,sh.688068,140.2200,140.2200,139.0100,139.7900,410669,57316622.0000,3
2021-09-03,20210903103000000,sh.688068,139.0000,139.0000,134.6600,135.0400,719675,98257603.0000,3
2021-09-03,20210903113000000,sh.688068,135.0900,136.1800,134.8000,135.8000,315161,42570744.0000,3
2021-09-03,20210903140000000,sh.688068,135.8000,136.1500,134.9400,134.9800,196444,26595128.0000,3
2021-09-03,20210903150000000,sh.688068,134.9800,135.0800,133.3500,133.4300,547920,73449839.0000,3
2021-09-06,20210906103000000,sh.688068,134.8000,136.0000,130.8400,134.3800,596872,79797682.0000,3
2021-09-06,20210906113000000,sh.688068,134.0100,135.8500,133.6700,135.5200,285901,38530066.0000,3
2021-09-06,20210906140000000,sh.688068,135.5500,135.7600,134.3800,134.8600,187068,25264476.0000,3
2021-09-06,20210906150000000,sh.688068,134.8600,134.8600,133.5000,134.0600,350867,47113849.0000,3
2021-09-07,20210907103000000,sh.688068,134.1100,137.8600,133.5600,134.8000,728699,98862680.0000,3
2021-09-07,20210907113000000,sh.688068,134.8000,136.1800,134.5800,135.0000,279161,37716856.0000,3
2021-09-07,20210907140000000,sh.688068,135.0000,135.2400,134.0600,134.4200,229961,30955029.0000,3
2021-09-07,20210907150000000,sh.688068,134.4200,134.9000,134.2500,134.5400,239283,32209274.0000,3
2021-09-08,20210908103000000,sh.688068,134.0000,134.0100,131.0000,131.6100,580779,76730527.0000,3
2021-09-08,20210908113000000,sh.688068,131.6100,132.0000,130.1000,130.8200,351472,46055908.0000,3
2021-09-08,20210908140000000,sh.688068,131.3200,132.5000,130.8000,131.1000,251386,33009157.0000,3
2021-09-08,20210908150000000,sh.688068,131.1200,131.3000,130.7800,130.8400,236549,30975478.0000,3
2021-09-09,20210909103000000,sh.688068,131.3200,132.0000,130.2500,130.6600,272213,35664929.0000,3
2021-09-09,20210909113000000,sh.688068,130.6600,131.6700,130.4900,130.6500,147080,19268862.0000,3
2021-09-09,20210909140000000,sh.688068,130.6400,131.0200,129.7800,130.3500,172311,22444253.0000,3
2021-09-09,20210909150000000,sh.688068,130.3500,130.3500,129.8500,129.9700,253631,32959106.0000,3
2021-09-10,20210910103000000,sh.688068,129.3000,131.0300,127.5000,128.1000,476168,60997191.0000,3
2021-09-10,20210910113000000,sh.688068,128.1000,128.4800,127.6100,128.2300,181112,23178729.0000,3
2021-09-10,20210910140000000,sh.688068,128.2300,129.8000,128.2200,128.7000,141850,18301608.0000,3
2021-09-10,20210910150000000,sh.688068,128.7000,128.7800,127.2900,127.4000,406698,51982048.0000,3
2021-09-13,20210913103000000,sh.688068,130.0000,135.4700,130.0000,131.2200,1235299,164573792.0000,3
2021-09-13,20210913113000000,sh.688068,131.2200,131.9900,130.6200,131.3000,293396,38517971.0000,3
2021-09-13,20210913140000000,sh.688068,131.4700,131.4900,130.6600,130.6700,139807,18312110.0000,3
2021-09-13,20210913150000000,sh.688068,130.6700,130.8000,130.1800,130.3600,233887,30507386.0000,3
2021-09-14,20210914103000000,sh.688068,130.3900,131.3800,127.5800,127.7800,775241,99704385.0000,3
2021-09-14,20210914113000000,sh.688068,127.7700,128.2000,127.5000,127.7300,278231,35536626.0000,3
2021-09-14,20210914140000000,sh.688068,127.7000,131.8500,127.7000,129.3300,412453,53805166.0000,3
2021-09-14,20210914150000000,sh.688068,129.3300,129.5200,128.5200,128.8100,249994,32239279.0000,3
2021-09-15,20210915103000000,sh.688068,128.2800,128.7900,125.0000,125.8500,602210,75677120.0000,3
2021-09-15,20210915113000000,sh.688068,125.8500,125.8500,124.0000,124.3300,360925,45078028.0000,3
2021-09-15,20210915140000000,sh.688068,124.2600,124.8900,123.4000,123.6000,341791,42406871.0000,3
2021-09-15,20210915150000000,sh.688068,123.6000,124.4700,123.4000,123.7100,329584,40756737.0000,3
2021-09-16,20210916103000000,sh.688068,123.6000,126.0000,122.2200,122.2200,457669,56738042.0000,3
2021-09-16,20210916113000000,sh.688068,122.1200,122.9900,120.8900,121.4400,401774,48906818.0000,3
2021-09-16,20210916140000000,sh.688068,121.3000,121.4500,119.3000,119.3200,310348,37380472.0000,3
2021-09-16,20210916150000000,sh.688068,119.3200,119.9600,118.1800,119.1800,707285,84124216.0000,3
2021-09-17,20210917103000000,sh.688068,120.3000,120.3000,112.3600,113.8100,1049543,120763824.0000,3
2021-09-17,20210917113000000,sh.688068,113.8800,118.5500,113.3100,117.0000,607288,70227012.0000,3
2021-09-17,20210917140000000,sh.688068,117.0000,120.8200,116.5600,120.2000,489783,58156966.0000,3
2021-09-17,20210917150000000,sh.688068,120.1800,120.1900,118.5200,118.6600,283243,33717158.0000,3
2021-09-22,20210922103000000,sh.688068,116.4900,122.0000,115.3700,118.1000,854689,101905475.0000,3
2021-09-22,20210922113000000,sh.688068,118.1000,119.0000,117.4600,118.6700,142956,16872531.0000,3
2021-09-22,20210922140000000,sh.688068,118.6700,119.5500,118.1300,119.0000,175289,20850835.0000,3
2021-09-22,20210922150000000,sh.688068,119.0000,119.0000,118.2500,118.5000,195696,23194085.0000,3
2021-09-23,20210923103000000,sh.688068,118.0100,120.8800,117.9000,120.2200,608439,72753527.0000,3
2021-09-23,20210923113000000,sh.688068,120.2200,120.5400,119.5000,119.8800,145226,17420813.0000,3
2021-09-23,20210923140000000,sh.688068,119.8800,120.6800,119.5200,119.6000,207613,24893679.0000,3
2021-09-23,20210923150000000,sh.688068,119.5900,119.5900,118.7800,118.8400,232754,27722549.0000,3
2021-09-24,20210924103000000,sh.688068,120.0000,121.4600,118.9000,119.3900,410129,49231892.0000,3
2021-09-24,20210924113000000,sh.688068,119.3900,119.9700,118.5800,118.7600,174481,20780809.0000,3
2021-09-24,20210924140000000,sh.688068,118.9400,119.3700,118.7000,118.7500,91060,10825904.0000,3
2021-09-24,20210924150000000,sh.688068,118.7500,118.7500,117.0000,117.1000,298374,35132892.0000,3
2021-09-27,20210927103000000,sh.688068,116.0000,119.2900,113.5000,118.6900,781323,91042458.0000,3
2021-09-27,20210927113000000,sh.688068,118.6900,119.1800,116.8000,117.3700,239774,28334263.0000,3
2021-09-27,20210927140000000,sh.688068,117.1400,117.4500,116.8500,117.0000,106721,12501365.0000,3
2021-09-27,20210927150000000,sh.688068,117.0000,117.2300,115.7300,115.9700,202820,23603136.0000,3
2021-09-28,20210928103000000,sh.688068,115.9800,117.5000,113.1800,115.9000,421759,48735865.0000,3
2021-09-28,20210928113000000,sh.688068,116.1100,116.6500,115.6600,115.9900,130705,15168009.0000,3
2021-09-28,20210928140000000,sh.688068,115.9900,116.8600,115.8200,116.6800,148774,17288964.0000,3
2021-09-28,20210928150000000,sh.688068,116.6000,116.9000,115.8300,115.8300,250746,29166237.0000,3
2021-09-29,20210929103000000,sh.688068,116.0000,116.2800,114.2200,115.7500,277319,31896619.0000,3
2021-09-29,20210929113000000,sh.688068,115.7500,115.7500,113.5000,114.0900,184544,21068249.0000,3
2021-09-29,20210929140000000,sh.688068,114.0900,114.6600,113.6500,113.7100,120875,13773023.0000,3
2021-09-29,20210929150000000,sh.688068,113.7100,113.9000,112.0000,112.0000,286872,32351397.0000,3
2021-09-30,20210930103000000,sh.688068,114.0000,121.0000,113.2700,119.5000,1013204,120024633.0000,3
2021-09-30,20210930113000000,sh.688068,119.5000,119.5000,117.2300,117.5500,247644,29328822.0000,3
2021-09-30,20210930140000000,sh.688068,117.5500,117.7000,115.8800,116.3800,220438,25691068.0000,3
2021-09-30,20210930150000000,sh.688068,116.3800,117.4500,116.0500,116.3500,251807,29344112.0000,3
2021-10-08,20211008103000000,sh.688068,115.6800,117.5000,114.5500,114.8200,521957,60466946.0000,3
2021-10-08,20211008113000000,sh.688068,114.8300,115.5000,114.1100,114.5900,204654,23493332.0000,3
2021-10-08,20211008140000000,sh.688068,114.5900,114.9100,113.4500,114.2100,150281,17150683.0000,3
2021-10-08,20211008150000000,sh.688068,114.2100,114.5200,114.0000,114.2500,160317,18303703.0000,3
2021-10-11,20211011103000000,sh.688068,114.2500,114.2500,111.3000,111.4000,562586,63279814.0000,3
2021-10-11,20211011113000000,sh.688068,111.4500,111.9500,110.4800,110.6600,158499,17666735.0000,3
2021-10-11,20211011140000000,sh.688068,110.5500,111.7300,110.5500,111.0900,143335,15933541.0000,3
2021-10-11,20211011150000000,sh.688068,111.0900,111.4000,110.6200,110.7500,244414,27097861.0000,3
2021-10-12,20211012103000000,sh.688068,110.8600,113.7100,110.7500,112.2300,499675,56186714.0000,3
2021-10-12,20211012113000000,sh.688068,112.0900,112.3000,111.0800,111.1600,128346,14347847.0000,3
2021-10-12,20211012140000000,sh.688068,111.2800,111.5400,110.5000,110.5200,170670,18912422.0000,3
2021-10-12,20211012150000000,sh.688068,110.5200,110.5200,109.3300,110.4500,217605,23946555.0000,3
2021-10-13,20211013103000000,sh.688068,110.1600,110.7800,108.0300,108.3000,355156,38999373.0000,3
2021-10-13,20211013113000000,sh.688068,108.3000,108.7700,107.3600,108.0000,265640,28695624.0000,3
2021-10-13,20211013140000000,sh.688068,108.0800,110.4900,108.0800,110.2700,233719,25549289.0000,3
2021-10-13,20211013150000000,sh.688068,110.2700,112.2900,110.0400,112.2200,301057,33465769.0000,3
2021-10-14,20211014103000000,sh.688068,112.2200,112.2600,109.4100,110.4000,370840,40936499.0000,3
2021-10-14,20211014113000000,sh.688068,110.3900,110.3900,109.2000,109.9000,135443,14833573.0000,3
2021-10-14,20211014140000000,sh.688068,109.9000,110.3000,109.6000,109.8200,92069,10117488.0000,3
2021-10-14,20211014150000000,sh.688068,109.9100,110.7700,109.9100,110.6000,168870,18650753.0000,3
2021-10-15,20211015103000000,sh.688068,109.3100,110.0400,106.5900,106.8400,475192,51270955.0000,3
2021-10-15,20211015113000000,sh.688068,107.0500,107.1200,106.1000,107.0700,244991,26106951.0000,3
2021-10-15,20211015140000000,sh.688068,107.1200,107.4500,106.6800,107.0500,173717,18588490.0000,3
2021-10-15,20211015150000000,sh.688068,107.0500,107.3500,106.3600,106.5800,229914,24531889.0000,3
2021-10-18,20211018103000000,sh.688068,105.7700,106.8500,103.1500,104.0000,582116,60709419.0000,3
2021-10-18,20211018113000000,sh.688068,104.0000,104.9900,103.6500,104.3500,202566,21109888.0000,3
2021-10-18,20211018140000000,sh.688068,104.3500,105.6100,104.3500,104.6200,225781,23685835.0000,3
2021-10-18,20211018150000000,sh.688068,104.6200,105.1900,104.5100,104.9700,235453,24696853.0000,3
2021-10-19,20211019103000000,sh.688068,105.1100,110.9700,104.7000,110.8000,1086673,117683665.0000,3
2021-10-19,20211019113000000,sh.688068,110.8000,125.4900,110.0800,123.0000,1684127,197563903.0000,3
2021-10-19,20211019140000000,sh.688068,122.6700,123.2900,119.4700,120.3900,851281,103380256.0000,3
2021-10-19,20211019150000000,sh.688068,120.3900,121.1700,119.9000,119.9000,628102,75592336.0000,3
2021-10-20,20211020103000000,sh.688068,119.0000,119.0000,114.4200,115.0500,1138288,132199429.0000,3
2021-10-20,20211020113000000,sh.688068,115.2100,115.9800,114.8800,115.4800,179744,20757727.0000,3
2021-10-20,20211020140000000,sh.688068,115.5000,115.5000,114.0700,114.4600,281964,32349566.0000,3
2021-10-20,20211020150000000,sh.688068,114.5100,114.5100,113.6500,114.0100,443937,50600873.0000,3
2021-10-21,20211021103000000,sh.688068,114.0100,115.4900,112.1200,113.9100,591101,67103377.0000,3
2021-10-21,20211021113000000,sh.688068,113.9100,113.9600,112.5100,112.9900,182480,20628245.0000,3
2021-10-21,20211021140000000,sh.688068,112.9000,123.7300,112.5000,122.6100,1982097,237872858.0000,3
2021-10-21,20211021150000000,sh.688068,122.6000,123.7000,121.9800,123.0600,966204,118771696.0000,3
2021-10-22,20211022103000000,sh.688068,125.0100,125.8800,119.4100,119.6900,1341873,163822580.0000,3
2021-10-22,20211022113000000,sh.688068,119.6900,120.8800,119.1300,120.1800,387776,46468040.0000,3
2021-10-22,20211022140000000,sh.688068,120.1800,120.1900,119.0100,119.5000,296064,35393218.0000,3
2021-10-22,20211022150000000,sh.688068,119.5000,120.8000,119.2000,120.7700,466194,56024242.0000,3
2021-10-25,20211025103000000,sh.688068,123.4200,125.0000,118.0000,118.2000,708880,84788192.0000,3
2021-10-25,20211025113000000,sh.688068,118.1900,118.1900,116.0800,117.6000,494608,57916049.0000,3
2021-10-25,20211025140000000,sh.688068,117.6600,118.8800,117.0500,118.6800,274106,32327495.0000,3
2021-10-25,20211025150000000,sh.688068,118.6800,119.0200,118.0200,118.8700,326285,38685489.0000,3
2021-10-26,20211026103000000,sh.688068,116.5400,118.6500,115.5000,116.1100,679418,79333967.0000,3
2021-10-26,20211026113000000,sh.688068,116.1100,116.2500,115.3100,115.7200,340806,39457786.0000,3
2021-10-26,20211026140000000,sh.688068,115.7100,116.5600,115.5300,116.0900,131748,15290179.0000,3
2021-10-26,20211026150000000,sh.688068,116.0900,117.3300,115.6000,115.8900,276390,32120381.0000,3
2021-10-27,20211027103000000,sh.688068,115.8900,116.7500,108.7200,108.9700,1030804,114852680.0000,3
2021-10-27,20211027113000000,sh.688068,108.9300,109.4400,107.6000,107.7400,375470,40767416.0000,3
2021-10-27,20211027140000000,sh.688068,108.0600,108.2900,106.1500,106.9500,315136,33779614.0000,3
2021-10-27,20211027150000000,sh.688068,106.9500,107.4900,106.3100,107.3800,350663,37514313.0000,3
2021-10-28,20211028103000000,sh.688068,108.0000,114.4800,107.7300,113.1900,1212603,136675311.0000,3
2021-10-28,20211028113000000,sh.688068,113.1900,117.4900,113.1900,114.6800,697319,80425858.0000,3
2021-10-28,20211028140000000,sh.688068,114.6800,115.0000,113.3000,113.3600,287620,32837601.0000,3
2021-10-28,20211028150000000,sh.688068,113.3600,113.6500,111.3000,111.8800,563767,63290286.0000,3
2021-10-29,20211029103000000,sh.688068,111.0800,112.9900,106.7100,112.0300,798875,87802434.0000,3
2021-10-29,20211029113000000,sh.688068,112.0400,114.8700,112.0200,114.3000,440827,50177553.0000,3
2021-10-29,20211029140000000,sh.688068,114.0900,114.4800,112.8000,113.6200,299312,34002888.0000,3
2021-10-29,20211029150000000,sh.688068,113.6200,114.9800,112.7400,114.9600,588177,67130790.0000,3
2021-11-01,20211101103000000,sh.688068,93.0000,99.5500,93.0000,98.3600,2566393,247607225.0000,3
2021-11-01,20211101113000000,sh.688068,98.5600,98.5600,95.1100,95.5500,740620,71335591.0000,3
2021-11-01,20211101140000000,sh.688068,95.5500,96.8300,95.4900,95.6600,573135,54891440.0000,3
2021-11-01,20211101150000000,sh.688068,95.6900,96.0000,94.0100,94.7500,1162031,110075472.0000,3
2021-11-02,20211102103000000,sh.688068,93.0100,93.9600,92.0000,92.3400,1163237,108037772.0000,3
2021-11-02,20211102113000000,sh.688068,92.3500,92.6800,91.5600,91.6200,843770,77609831.0000,3
2021-11-02,20211102140000000,sh.688068,91.6900,91.6900,89.7300,89.9700,789008,71527113.0000,3
2021-11-02,20211102150000000,sh.688068,89.9700,90.6200,89.7800,89.8900,611673,55037316.0000,3
2021-11-03,20211103103000000,sh.688068,91.0000,94.9800,91.0000,94.3900,1514366,142032952.0000,3
2021-11-03,20211103113000000,sh.688068,94.3900,98.0000,94.1800,97.2000,1146478,110549596.0000,3
2021-11-03,20211103140000000,sh.688068,97.1000,97.3000,95.7000,96.2100,380300,36740380.0000,3
2021-11-03,20211103150000000,sh.688068,96.3100,96.9800,96.2200,96.9000,623031,60264624.0000,3
2021-11-04,20211104103000000,sh.688068,95.1100,97.8900,94.6100,96.4400,1126949,107741148.0000,3
2021-11-04,20211104113000000,sh.688068,96.3800,96.9800,95.7000,96.5500,328344,31611001.0000,3
2021-11-04,20211104140000000,sh.688068,96.5500,97.3000,96.3800,96.5200,332684,32225661.0000,3
2021-11-04,20211104150000000,sh.688068,96.5200,96.8600,95.5300,95.8100,439383,42184516.0000,3
2021-11-05,20211105103000000,sh.688068,96.5500,98.5000,94.9900,96.0400,911593,87994357.0000,3
2021-11-05,20211105113000000,sh.688068,96.0300,96.4100,95.2800,95.9300,271062,25966643.0000,3
2021-11-05,20211105140000000,sh.688068,95.9000,96.1700,95.0900,95.1800,246484,23519189.0000,3
2021-11-05,20211105150000000,sh.688068,95.1800,95.8300,95.1000,95.1500,339990,32395304.0000,3
2021-11-08,20211108103000000,sh.688068,93.9900,94.9400,90.5000,91.3200,959363,87978740.0000,3
2021-11-08,20211108113000000,sh.688068,91.3200,91.3500,90.9100,91.3200,290178,26420032.0000,3
2021-11-08,20211108140000000,sh.688068,91.3200,91.9800,90.9500,91.7800,225275,20583669.0000,3
2021-11-08,20211108150000000,sh.688068,91.7500,91.7500,90.9300,91.4700,394887,36073351.0000,3
2021-11-09,20211109103000000,sh.688068,92.2200,94.0800,91.0500,93.5800,758782,70554342.0000,3
2021-11-09,20211109113000000,sh.688068,93.5800,93.8600,92.6300,93.1400,189516,17664665.0000,3
2021-11-09,20211109140000000,sh.688068,93.0100,93.3900,92.0000,92.6000,297799,27555869.0000,3
2021-11-09,20211109150000000,sh.688068,92.6000,93.3800,92.5100,93.0000,254985,23718668.0000,3
2021-11-10,20211110103000000,sh.688068,93.2600,93.8000,92.0200,92.1500,436006,40483345.0000,3
2021-11-10,20211110113000000,sh.688068,92.1500,92.1500,90.7100,91.5700,352060,32178793.0000,3
2021-11-10,20211110140000000,sh.688068,91.5600,95.5000,91.5400,94.6600,1029915,97287243.0000,3
2021-11-10,20211110150000000,sh.688068,94.6400,94.7800,94.3000,94.4500,253612,23964547.0000,3
2021-11-11,20211111103000000,sh.688068,94.5000,94.8900,93.6000,93.9800,500274,47056834.0000,3
2021-11-11,20211111113000000,sh.688068,93.9800,94.2000,93.7000,94.1500,155992,14652439.0000,3
2021-11-11,20211111140000000,sh.688068,94.1500,94.6600,94.1200,94.2900,191917,18106129.0000,3
2021-11-11,20211111150000000,sh.688068,94.2900,95.2500,94.1900,94.6800,443113,41967453.0000,3
2021-11-12,20211112103000000,sh.688068,94.6000,96.6800,94.6000,95.9900,528878,50816567.0000,3
2021-11-12,20211112113000000,sh.688068,95.9900,95.9900,95.3500,95.7600,179905,17203164.0000,3
2021-11-12,20211112140000000,sh.688068,95.7600,96.2000,95.3500,95.8800,212303,20323003.0000,3
2021-11-12,20211112150000000,sh.688068,95.8800,96.4700,95.8000,96.4600,542502,52213799.0000,3
2021-11-15,20211115103000000,sh.688068,97.4000,105.0000,97.0000,103.0800,1999750,203125252.0000,3
2021-11-15,20211115113000000,sh.688068,103.0800,103.0800,102.1000,102.4000,345311,35402811.0000,3
2021-11-15,20211115140000000,sh.688068,102.6500,102.6900,101.3800,101.5400,239418,24394248.0000,3
2021-11-15,20211115150000000,sh.688068,101.5400,101.5700,100.1500,100.4500,444388,44799865.0000,3
2021-11-16,20211116103000000,sh.688068,100.8600,101.4800,98.0800,100.4700,790454,78544151.0000,3
2021-11-16,20211116113000000,sh.688068,100.4500,100.4500,99.4100,100.2400,301654,30120358.0000,3
2021-11-16,20211116140000000,sh.688068,100.2400,100.2400,98.7700,98.9800,225683,22428774.0000,3
2021-11-16,20211116150000000,sh.688068,98.9800,99.4000,98.5000,98.8100,278129,27495298.0000,3
2021-11-17,20211117103000000,sh.688068,98.8000,99.7000,97.3000,97.6800,557376,54620977.0000,3
2021-11-17,20211117113000000,sh.688068,97.5700,97.6700,96.7100,97.1100,356366,34597772.0000,3
2021-11-17,20211117140000000,sh.688068,97.1100,97.2700,96.6000,97.0000,283478,27451173.0000,3
2021-11-17,20211117150000000,sh.688068,96.9000,98.0000,96.8600,98.0000,310206,30251451.0000,3
2021-11-18,20211118103000000,sh.688068,98.2700,99.8800,97.0100,97.3200,544741,53568656.0000,3
2021-11-18,20211118113000000,sh.688068,97.3200,97.8000,97.0300,97.6200,173003,16846249.0000,3
2021-11-18,20211118140000000,sh.688068,97.4400,97.7500,96.6000,96.7600,204622,19872979.0000,3
2021-11-18,20211118150000000,sh.688068,96.7600,96.8800,95.8500,96.0000,402802,38778340.0000,3
2021-11-19,20211119103000000,sh.688068,96.7200,97.2000,95.1000,95.4300,341148,32755753.0000,3
2021-11-19,20211119113000000,sh.688068,95.4300,96.8000,95.3600,96.5000,129597,12445485.0000,3
2021-11-19,20211119140000000,sh.688068,96.5000,96.5600,95.7000,96.3500,134665,12937349.0000,3
2021-11-19,20211119150000000,sh.688068,96.3600,96.7600,96.1100,96.6300,191671,18493088.0000,3
2021-11-22,20211122103000000,sh.688068,97.4000,98.9900,97.0900,97.6100,603963,59142957.0000,3
2021-11-22,20211122113000000,sh.688068,97.6100,99.3400,96.9800,98.5000,414100,40733828.0000,3
2021-11-22,20211122140000000,sh.688068,98.5200,99.5600,98.5200,98.9200,336810,33375222.0000,3
2021-11-22,20211122150000000,sh.688068,98.9200,99.0800,98.4000,98.9000,327315,32342771.0000,3
2021-11-23,20211123103000000,sh.688068,99.5000,99.8000,97.2100,98.4700,596981,58691877.0000,3
2021-11-23,20211123113000000,sh.688068,98.4600,102.5000,98.0200,101.1200,1147954,115840535.0000,3
2021-11-23,20211123140000000,sh.688068,101.1200,113.9900,101.1200,112.0000,2487512,269361236.0000,3
2021-11-23,20211123150000000,sh.688068,112.0000,112.8500,109.4100,109.7400,976933,108701056.0000,3
2021-11-24,20211124103000000,sh.688068,108.2700,112.0000,107.5000,109.4100,1553262,169180678.0000,3
2021-11-24,20211124113000000,sh.688068,109.4100,113.3300,109.4100,111.7100,1039537,115972026.0000,3
2021-11-24,20211124140000000,sh.688068,111.8600,111.8600,109.7000,110.3400,565190,62454784.0000,3
2021-11-24,20211124150000000,sh.688068,110.3400,111.8600,110.1600,110.5900,594741,65873392.0000,3
2021-11-25,20211125103000000,sh.688068,113.1500,117.5000,110.0600,115.9500,1818641,208458874.0000,3
2021-11-25,20211125113000000,sh.688068,115.9700,116.9900,114.8900,115.9900,489470,56795876.0000,3
2021-11-25,20211125140000000,sh.688068,116.0400,119.9800,115.9900,118.4800,1270921,150427938.0000,3
2021-11-25,20211125150000000,sh.688068,118.4800,118.8800,116.5000,117.0000,721987,84734256.0000,3
2021-11-26,20211126103000000,sh.688068,116.8000,118.7800,115.0000,115.1100,1592148,185314431.0000,3
2021-11-26,20211126113000000,sh.688068,115.1000,115.9000,112.3000,113.5400,902083,102675169.0000,3
2021-11-26,20211126140000000,sh.688068,113.9100,116.4200,113.1400,116.0000,460753,53084144.0000,3
2021-11-26,20211126150000000,sh.688068,116.0000,116.2600,114.8000,115.9600,401276,46487744.0000,3
2021-11-29,20211129103000000,sh.688068,129.0000,134.5600,123.2500,126.0600,3932287,506302064.0000,3
2021-11-29,20211129113000000,sh.688068,126.0600,126.9700,124.6000,125.6200,342288,43009200.0000,3
2021-11-29,20211129140000000,sh.688068,125.6200,126.8700,122.5100,126.0900,718529,89679696.0000,3
2021-11-29,20211129150000000,sh.688068,126.1800,126.4800,123.9500,124.1000,651651,81493360.0000,3
2021-11-30,20211130103000000,sh.688068,124.0500,125.6900,121.2200,122.1100,1471972,180985573.0000,3
2021-11-30,20211130113000000,sh.688068,122.0500,125.0000,121.3100,122.0200,558399,68708517.0000,3
2021-11-30,20211130140000000,sh.688068,122.0200,126.5200,121.1000,124.2500,996589,123360022.0000,3
2021-11-30,20211130150000000,sh.688068,124.3200,127.6000,123.7700,125.7500,1385677,174785600.0000,3
2021-12-01,20211201103000000,sh.688068,123.8800,123.9800,118.7500,118.8000,1858981,224121498.0000,3
2021-12-01,20211201113000000,sh.688068,118.7900,119.9900,118.6800,118.9000,535910,63765366.0000,3
2021-12-01,20211201140000000,sh.688068,118.8800,119.0800,117.0000,117.0000,596466,70360768.0000,3
2021-12-01,20211201150000000,sh.688068,117.0200,118.3800,116.5000,116.5300,734179,86025920.0000,3
2021-12-02,20211202103000000,sh.688068,117.9200,119.5300,116.2000,117.3900,805933,95340434.0000,3
2021-12-02,20211202113000000,sh.688068,117.3900,118.1000,116.2800,116.7500,262623,30753374.0000,3
2021-12-02,20211202140000000,sh.688068,116.7500,117.2500,116.3200,116.5600,197878,23094938.0000,3
2021-12-02,20211202150000000,sh.688068,116.5600,116.5600,115.1100,115.2100,401239,46420588.0000,3
2021-12-03,20211203103000000,sh.688068,114.0000,115.8000,112.6000,114.5200,848218,96710693.0000,3
2021-12-03,20211203113000000,sh.688068,114.4000,114.5600,113.0100,114.3000,235509,26852329.0000,3
2021-12-03,20211203140000000,sh.688068,114.3000,114.9100,113.7500,114.0100,190897,21806480.0000,3
2021-12-03,20211203150000000,sh.688068,113.9900,114.5200,113.9100,114.2100,322311,36783396.0000,3
2021-12-06,20211206103000000,sh.688068,113.0000,114.1300,110.1100,110.7200,891148,99183017.0000,3
2021-12-06,20211206113000000,sh.688068,110.7200,112.7500,110.6500,111.3000,275218,30721380.0000,3
2021-12-06,20211206140000000,sh.688068,111.3000,111.9800,110.6800,110.9000,227028,25262954.0000,3
2021-12-06,20211206150000000,sh.688068,110.8500,111.0200,110.0000,110.0200,445544,49164497.0000,3
2021-12-07,20211207103000000,sh.688068,110.1200,111.5500,108.2000,108.2000,552947,60470195.0000,3
2021-12-07,20211207113000000,sh.688068,108.2000,108.2700,107.2000,107.7900,291655,31426372.0000,3
2021-12-07,20211207140000000,sh.688068,107.8000,107.9900,107.0000,107.0200,241362,25889851.0000,3
2021-12-07,20211207150000000,sh.688068,107.0200,107.7900,106.5000,107.7800,388307,41548897.0000,3
2021-12-08,20211208103000000,sh.688068,108.0000,108.9900,107.6100,108.5000,408527,44206828.0000,3
2021-12-08,20211208113000000,sh.688068,108.5000,109.9900,108.5000,109.2100,312644,34209386.0000,3
2021-12-08,20211208140000000,sh.688068,109.6200,109.6200,108.2600,108.5600,201985,21949440.0000,3
2021-12-08,20211208150000000,sh.688068,108.5600,108.9900,108.0800,108.8000,317213,34460100.0000,3
2021-12-09,20211209103000000,sh.688068,108.7500,111.3500,108.0100,110.9500,539076,59183916.0000,3
2021-12-09,20211209113000000,sh.688068,110.8900,111.1800,110.1200,110.4800,263214,29115570.0000,3
2021-12-09,20211209140000000,sh.688068,110.5000,110.7700,109.2300,109.6800,226512,24876345.0000,3
2021-12-09,20211209150000000,sh.688068,109.6800,109.8400,109.3000,109.4300,210728,23068597.0000,3
2021-12-10,20211210103000000,sh.688068,109.9600,110.9800,108.3700,108.3800,451325,49500143.0000,3
2021-12-10,20211210113000000,sh.688068,108.3900,109.9000,108.3600,109.2100,166425,18135413.0000,3
2021-12-10,20211210140000000,sh.688068,109.2100,109.4600,108.5800,108.6200,137866,15027436.0000,3
2021-12-10,20211210150000000,sh.688068,108.6200,109.0000,108.3700,108.7900,274685,29854851.0000,3
2021-12-13,20211213103000000,sh.688068,109.4000,110.7500,109.0000,109.7900,510876,56225480.0000,3
2021-12-13,20211213113000000,sh.688068,109.7900,110.8800,109.6800,110.7300,294498,32534725.0000,3
2021-12-13,20211213140000000,sh.688068,110.7800,110.7800,110.2600,110.7200,186928,20667267.0000,3
2021-12-13,20211213150000000,sh.688068,110.7100,110.7600,110.0500,110.4200,219337,24217542.0000,3
2021-12-14,20211214103000000,sh.688068,112.4000,117.3000,111.3000,115.1100,1625769,188260514.0000,3
2021-12-14,20211214113000000,sh.688068,115.0800,116.1000,115.0500,116.0900,214973,24865904.0000,3
2021-12-14,20211214140000000,sh.688068,116.1000,116.3000,115.4200,115.4200,177997,20636343.0000,3
2021-12-14,20211214150000000,sh.688068,115.4100,116.2400,115.2500,116.2300,393443,45586951.0000,3
2021-12-15,20211215103000000,sh.688068,117.2000,117.3000,113.2000,114.6600,731084,83905457.0000,3
2021-12-15,20211215113000000,sh.688068,114.6600,115.5000,114.1900,114.3600,228581,26220345.0000,3
2021-12-15,20211215140000000,sh.688068,114.3200,114.3800,113.2400,114.3000,290646,33093420.0000,3
2021-12-15,20211215150000000,sh.688068,114.3000,114.3000,111.8700,112.7300,503936,56867775.0000,3
2021-12-16,20211216103000000,sh.688068,111.0000,113.8500,111.0000,111.1200,473174,52989541.0000,3
2021-12-16,20211216113000000,sh.688068,111.1200,111.5800,110.2300,110.7000,262178,29023260.0000,3
2021-12-16,20211216140000000,sh.688068,110.7000,110.7000,110.3200,110.3500,199424,22019262.0000,3
2021-12-16,20211216150000000,sh.688068,110.3500,110.7900,110.3500,110.4100,290746,32114976.0000,3
2021-12-17,20211217103000000,sh.688068,109.9400,111.9900,109.0100,109.2200,514204,56671084.0000,3
2021-12-17,20211217113000000,sh.688068,109.2200,110.2400,108.7800,109.7900,250869,27436090.0000,3
2021-12-17,20211217140000000,sh.688068,109.7900,111.6900,109.6800,110.8000,309714,34391175.0000,3
2021-12-17,20211217150000000,sh.688068,110.8000,110.8600,109.8000,110.2900,210911,23271323.0000,3
2021-12-20,20211220103000000,sh.688068,111.0000,114.8800,111.0000,114.2200,1044408,118770838.0000,3
2021-12-20,20211220113000000,sh.688068,114.2200,115.1400,113.2300,115.0000,504525,57660329.0000,3
2021-12-20,20211220140000000,sh.688068,115.0000,117.7000,114.9900,116.8000,872762,101730465.0000,3
2021-12-20,20211220150000000,sh.688068,116.8000,116.8800,115.1500,115.1500,582436,67352288.0000,3
2021-12-21,20211221103000000,sh.688068,115.8700,115.9500,111.3800,112.0000,997016,112550885.0000,3
2021-12-21,20211221113000000,sh.688068,111.9900,112.6600,111.8000,112.1800,215501,24147965.0000,3
2021-12-21,20211221140000000,sh.688068,112.4600,112.7000,111.8900,112.0700,191922,21528135.0000,3
2021-12-21,20211221150000000,sh.688068,112.1100,112.4700,112.0700,112.2900,328461,36872619.0000,3
2021-12-22,20211222103000000,sh.688068,112.3500,114.5800,111.6000,112.7200,646066,73213707.0000,3
2021-12-22,20211222113000000,sh.688068,112.7200,113.2400,112.2900,112.3300,154322,17385449.0000,3
2021-12-22,20211222140000000,sh.688068,112.3300,112.9900,112.1600,112.7000,121096,13630392.0000,3
2021-12-22,20211222150000000,sh.688068,112.6900,113.1600,112.5000,113.1600,259638,29308672.0000,3
2021-12-23,20211223103000000,sh.688068,112.8700,113.4400,110.2000,110.3300,586600,65311483.0000,3
2021-12-23,20211223113000000,sh.688068,110.3300,110.6500,109.8300,110.0600,306835,33794743.0000,3
2021-12-23,20211223140000000,sh.688068,110.0600,110.2200,109.1000,109.8600,212161,23295493.0000,3
2021-12-23,20211223150000000,sh.688068,109.8600,110.4000,109.6100,109.8500,281063,30884310.0000,3
2021-12-24,20211224103000000,sh.688068,109.3600,109.8700,106.9000,107.7200,596310,64369090.0000,3
2021-12-24,20211224113000000,sh.688068,107.7200,111.7800,107.2100,110.9600,443486,48626263.0000,3
2021-12-24,20211224140000000,sh.688068,111.1800,111.5000,110.0700,110.2800,295818,32821370.0000,3
2021-12-24,20211224150000000,sh.688068,110.2800,110.2800,109.7100,109.9700,260959,28695462.0000,3
2021-12-27,20211227103000000,sh.688068,110.0000,114.4900,110.0000,112.9800,855116,96416233.0000,3
2021-12-27,20211227113000000,sh.688068,112.9900,113.2600,112.0000,112.7000,182246,20510094.0000,3
2021-12-27,20211227140000000,sh.688068,112.7000,112.8100,110.7200,111.1800,218886,24385497.0000,3
2021-12-27,20211227150000000,sh.688068,111.1800,111.7200,111.0200,111.4200,163616,18215019.0000,3
2021-12-28,20211228103000000,sh.688068,112.9700,112.9700,110.0000,110.2600,412200,45774995.0000,3
2021-12-28,20211228113000000,sh.688068,110.2600,111.3100,110.0300,110.4900,106571,11775513.0000,3
2021-12-28,20211228140000000,sh.688068,110.4900,114.4200,110.2200,113.2200,810040,91996528.0000,3
2021-12-28,20211228150000000,sh.688068,113.2200,113.3900,112.8000,113.2900,243792,27586111.0000,3
2021-12-29,20211229103000000,sh.688068,112.5000,115.7900,111.7000,115.3900,979298,112102506.0000,3
2021-12-29,20211229113000000,sh.688068,115.3900,116.0800,114.7000,115.8100,448842,51920253.0000,3
2021-12-29,20211229140000000,sh.688068,115.8400,118.5800,115.8300,118.0500,1025386,120673241.0000,3
2021-12-29,20211229150000000,sh.688068,118.0000,118.1800,116.0800,116.1800,512432,59923056.0000,3
2021-12-30,20211230103000000,sh.688068,121.0000,123.5000,117.3700,119.2400,2008303,242392540.0000,3
2021-12-30,20211230113000000,sh.688068,119.2400,121.2700,119.2200,120.0000,551446,66274852.0000,3
2021-12-30,20211230140000000,sh.688068,120.0000,122.2700,118.8000,118.9800,781288,94144176.0000,3
2021-12-30,20211230150000000,sh.688068,119.0000,120.2200,118.8100,119.7000,602459,72052832.0000,3
2021-12-31,20211231103000000,sh.688068,119.0000,121.8800,116.2200,116.3000,1268335,150122225.0000,3
2021-12-31,20211231113000000,sh.688068,116.3000,116.9900,115.7000,115.8800,491135,57009673.0000,3
2021-12-31,20211231140000000,sh.688068,116.0700,116.9000,115.2100,115.5800,483590,56009150.0000,3
2021-12-31,20211231150000000,sh.688068,115.5700,116.3200,113.9100,116.1500,736686,84768936.0000,3
