date,time,code,open,high,low,close,volume,amount,adjustflag
2021-01-04,20210104103000000,sh.603126,6.1200,6.7400,5.9900,6.7400,22594396,146895334.0000,3
2021-01-04,20210104113000000,sh.603126,6.7400,6.7400,6.7400,6.7400,1154100,7778634.0000,3
2021-01-04,20210104140000000,sh.603126,6.7400,6.7400,6.7400,6.7400,2063500,13907990.0000,3
2021-01-04,20210104150000000,sh.603126,6.7400,6.7400,6.7400,6.7400,669600,4513104.0000,3
2021-01-05,20210105103000000,sh.603126,6.7400,6.8600,6.5500,6.6300,23013486,153659704.0000,3
2021-01-05,20210105113000000,sh.603126,6.6300,6.8200,6.6200,6.7700,6310250,42455696.0000,3
2021-01-05,20210105140000000,sh.603126,6.7800,6.7800,6.6200,6.6400,4010300,26720116.0000,3
2021-01-05,20210105150000000,sh.603126,6.6300,6.7400,6.5600,6.6100,6712277,44463780.0000,3
2021-01-06,20210106103000000,sh.603126,6.5200,6.7500,6.4900,6.5200,12765900,84117404.0000,3
2021-01-06,20210106113000000,sh.603126,6.5300,6.6600,6.4900,6.6000,4338536,28486470.0000,3
2021-01-06,20210106140000000,sh.603126,6.6000,6.6000,6.4500,6.4700,4037664,26282532.0000,3
2021-01-06,20210106150000000,sh.603126,6.4600,6.5600,6.4400,6.5500,4878700,31748026.0000,3
2021-01-07,20210107103000000,sh.603126,6.5500,6.6300,6.2900,6.3200,11018900,70962083.0000,3
2021-01-07,20210107113000000,sh.603126,6.3100,6.3900,6.3100,6.3600,3721900,23644377.0000,3
2021-01-07,20210107140000000,sh.603126,6.3600,6.4000,6.1800,6.2200,6940600,43486270.0000,3
2021-01-07,20210107150000000,sh.603126,6.2300,6.2800,6.1900,6.1900,5208750,32387342.0000,3
2021-01-08,20210108103000000,sh.603126,6.3200,6.3400,6.0100,6.3100,8998900,55644821.0000,3
2021-01-08,20210108113000000,sh.603126,6.3100,6.3100,6.2200,6.2200,3300000,20696889.0000,3
2021-01-08,20210108140000000,sh.603126,6.2300,6.2300,6.1300,6.1600,2571900,15878808.0000,3
2021-01-08,20210108150000000,sh.603126,6.1600,6.1700,6.0600,6.0900,4769200,29085843.0000,3
2021-01-11,20210111103000000,sh.603126,6.0900,6.1700,6.0000,6.0600,6630600,40300864.0000,3
2021-01-11,20210111113000000,sh.603126,6.0600,6.0700,5.7900,5.8100,8652100,51001607.0000,3
2021-01-11,20210111140000000,sh.603126,5.8000,5.8200,5.5500,5.5600,7637500,43256013.0000,3
2021-01-11,20210111150000000,sh.603126,5.5600,5.7800,5.4800,5.7000,8256800,46310839.0000,3
2021-01-12,20210112103000000,sh.603126,5.6000,5.8000,5.5700,5.6300,5982450,34020050.0000,3
2021-01-12,20210112113000000,sh.603126,5.6300,5.6600,5.5500,5.6500,2648600,14837877.0000,3
2021-01-12,20210112140000000,sh.603126,5.6500,5.6700,5.5800,5.6100,2537000,14259076.0000,3
2021-01-12,20210112150000000,sh.603126,5.6000,5.9200,5.6000,5.8800,6909300,39937687.0000,3
2021-01-13,20210113103000000,sh.603126,5.8100,5.8300,5.6500,5.7600,5896547,33709668.0000,3
2021-01-13,20210113113000000,sh.603126,5.7600,5.8000,5.7200,5.7200,1481000,8532200.0000,3
2021-01-13,20210113140000000,sh.603126,5.7200,5.7800,5.7000,5.7100,1177351,6734684.0000,3
2021-01-13,20210113150000000,sh.603126,5.7100,5.7200,5.6800,5.6800,2011450,11450111.0000,3
2021-01-14,20210114103000000,sh.603126,5.5900,5.6600,5.3800,5.6200,6808750,37438448.0000,3
2021-01-14,20210114113000000,sh.603126,5.6100,5.6300,5.5600,5.5700,941850,5265105.0000,3
2021-01-14,20210114140000000,sh.603126,5.5700,5.6000,5.5700,5.5900,954300,5329738.0000,3
2021-01-14,20210114150000000,sh.603126,5.5900,5.6500,5.5500,5.6500,1908901,10672755.0000,3
2021-01-15,20210115103000000,sh.603126,5.5800,5.7600,5.5600,5.6800,2675750,15185586.0000,3
2021-01-15,20210115113000000,sh.603126,5.7000,5.8500,5.6800,5.8100,2662202,15371016.0000,3
2021-01-15,20210115140000000,sh.603126,5.8000,5.8400,5.7500,5.8100,1171000,6779013.0000,3
2021-01-15,20210115150000000,sh.603126,5.8100,5.8500,5.7700,5.8000,2321800,13508682.0000,3
2021-01-18,20210118103000000,sh.603126,5.8000,5.8400,5.7000,5.7100,3683314,21200982.0000,3
2021-01-18,20210118113000000,sh.603126,5.7100,5.7800,5.7000,5.7500,1792000,10258526.0000,3
2021-01-18,20210118140000000,sh.603126,5.7500,5.8400,5.7400,5.8200,1719000,9964976.0000,3
2021-01-18,20210118150000000,sh.603126,5.8200,5.8800,5.8100,5.8700,2425084,14198867.0000,3
2021-01-19,20210119103000000,sh.603126,5.8800,5.8800,5.7600,5.7600,2345400,13626046.0000,3
2021-01-19,20210119113000000,sh.603126,5.7600,5.8200,5.7600,5.8100,1039400,6008219.0000,3
2021-01-19,20210119140000000,sh.603126,5.8000,5.8300,5.7600,5.7600,871700,5037934.0000,3
2021-01-19,20210119150000000,sh.603126,5.7600,5.7800,5.7200,5.7400,1496617,8612996.0000,3
2021-01-20,20210120103000000,sh.603126,5.7500,5.8100,5.6500,5.6800,1786800,10196479.0000,3
2021-01-20,20210120113000000,sh.603126,5.6800,5.7000,5.6700,5.6800,630500,3583432.0000,3
2021-01-20,20210120140000000,sh.603126,5.6800,5.6900,5.6100,5.6400,1322552,7475338.0000,3
2021-01-20,20210120150000000,sh.603126,5.6400,5.6900,5.6300,5.6800,916050,5187210.0000,3
2021-01-21,20210121103000000,sh.603126,5.6800,5.7000,5.5400,5.5900,2797500,15616706.0000,3
2021-01-21,20210121113000000,sh.603126,5.5800,5.6500,5.5800,5.6200,822050,4611565.0000,3
2021-01-21,20210121140000000,sh.603126,5.6200,5.7700,5.6200,5.7400,1523800,8688914.0000,3
2021-01-21,20210121150000000,sh.603126,5.7400,5.7400,5.6300,5.6700,1472100,8340103.0000,3
2021-01-22,20210122103000000,sh.603126,5.6200,5.6500,5.4800,5.5000,3777600,20849246.0000,3
2021-01-22,20210122113000000,sh.603126,5.5000,5.5100,5.4100,5.4800,2271300,12402265.0000,3
2021-01-22,20210122140000000,sh.603126,5.4800,5.5400,5.4600,5.4800,1183300,6496317.0000,3
2021-01-22,20210122150000000,sh.603126,5.4800,5.5000,5.4000,5.4300,2517368,13706388.0000,3
2021-01-25,20210125103000000,sh.603126,5.4000,5.9700,5.4000,5.9700,9201892,53294409.0000,3
2021-01-25,20210125113000000,sh.603126,5.9700,5.9700,5.9700,5.9700,889600,5310912.0000,3
2021-01-25,20210125140000000,sh.603126,5.9700,5.9700,5.9700,5.9700,798800,4768836.0000,3
2021-01-25,20210125150000000,sh.603126,5.9700,5.9700,5.9700,5.9700,696400,4157508.0000,3
2021-01-26,20210126103000000,sh.603126,6.2000,6.2000,5.7600,5.7800,13569200,80856459.0000,3
2021-01-26,20210126113000000,sh.603126,5.7900,5.9800,5.7900,5.8500,2103942,12379630.0000,3
2021-01-26,20210126140000000,sh.603126,5.8500,5.8900,5.7600,5.8500,1525500,8882849.0000,3
2021-01-26,20210126150000000,sh.603126,5.8200,5.8700,5.8000,5.8700,1722400,10044057.0000,3
2021-01-27,20210127103000000,sh.603126,5.8000,5.9000,5.6500,5.8300,5258400,30519201.0000,3
2021-01-27,20210127113000000,sh.603126,5.8200,6.1100,5.8200,5.9300,5423454,32391660.0000,3
2021-01-27,20210127140000000,sh.603126,5.9300,6.0200,5.9300,5.9500,1619650,9693532.0000,3
2021-01-27,20210127150000000,sh.603126,5.9500,6.0500,5.9100,6.0400,3909100,23423383.0000,3
2021-01-28,20210128103000000,sh.603126,5.8900,6.2900,5.8600,6.2000,9408627,57878074.0000,3
2021-01-28,20210128113000000,sh.603126,6.2000,6.2700,6.1300,6.1700,2352600,14574461.0000,3
2021-01-28,20210128140000000,sh.603126,6.1700,6.2300,6.1300,6.1300,1569700,9698342.0000,3
2021-01-28,20210128150000000,sh.603126,6.1300,6.1600,6.0200,6.0400,3705600,22575747.0000,3
2021-01-29,20210129103000000,sh.603126,6.0400,6.3300,5.9600,6.1200,7663700,47101823.0000,3
2021-01-29,20210129113000000,sh.603126,6.1200,6.2400,6.0700,6.1900,2713200,16715962.0000,3
2021-01-29,20210129140000000,sh.603126,6.1900,6.3000,6.1400,6.2700,3580750,22276013.0000,3
2021-01-29,20210129150000000,sh.603126,6.2800,6.3000,6.1200,6.2400,7620600,47336731.0000,3
2021-02-01,20210201103000000,sh.603126,6.1500,6.1900,5.8200,5.9500,7979300,47937582.0000,3
2021-02-01,20210201113000000,sh.603126,5.9500,6.0300,5.9500,6.0100,1384250,8294082.0000,3
2021-02-01,20210201140000000,sh.603126,6.0300,6.0800,5.9700,6.0600,1666600,10041807.0000,3
2021-02-01,20210201150000000,sh.603126,6.0600,6.1200,6.0300,6.1200,3520900,21378830.0000,3
2021-02-02,20210202103000000,sh.603126,6.0700,6.4400,5.9500,6.2900,8697700,54058560.0000,3
2021-02-02,20210202113000000,sh.603126,6.2900,6.3000,6.2600,6.2700,1844000,11580263.0000,3
2021-02-02,20210202140000000,sh.603126,6.2800,6.3900,6.2700,6.3300,2550870,16119706.0000,3
2021-02-02,20210202150000000,sh.603126,6.3300,6.3400,6.1700,6.2800,4203300,26267795.0000,3
2021-02-03,20210203103000000,sh.603126,6.2100,6.2500,6.0600,6.1500,6041270,37028000.0000,3
2021-02-03,20210203113000000,sh.603126,6.1500,6.2100,6.1000,6.1400,1854730,11387258.0000,3
2021-02-03,20210203140000000,sh.603126,6.1400,6.1500,6.0000,6.0300,2983220,18113551.0000,3
2021-02-03,20210203150000000,sh.603126,6.0300,6.0900,5.9900,6.0300,3360200,20251358.0000,3
2021-02-04,20210204103000000,sh.603126,6.0100,6.1200,5.9100,5.9300,3909200,23455284.0000,3
2021-02-04,20210204113000000,sh.603126,5.9300,5.9700,5.7300,5.7900,4644250,27139070.0000,3
2021-02-04,20210204140000000,sh.603126,5.7800,5.7800,5.5800,5.6600,4095100,23185855.0000,3
2021-02-04,20210204150000000,sh.603126,5.6600,5.7400,5.6200,5.6300,3772200,21351279.0000,3
2021-02-05,20210205103000000,sh.603126,5.6400,5.7400,5.5000,5.5000,5045700,28214944.0000,3
2021-02-05,20210205113000000,sh.603126,5.5000,5.5300,5.4300,5.5000,2647119,14504256.0000,3
2021-02-05,20210205140000000,sh.603126,5.5000,5.5100,5.4500,5.4700,1239350,6780220.0000,3
2021-02-05,20210205150000000,sh.603126,5.4700,5.4900,5.3300,5.3600,3605200,19436568.0000,3
2021-02-08,20210208103000000,sh.603126,5.3700,5.3700,5.1000,5.2900,3718650,19549879.0000,3
2021-02-08,20210208113000000,sh.603126,5.2900,5.4500,5.2900,5.4000,1267700,6818992.0000,3
2021-02-08,20210208140000000,sh.603126,5.4000,5.4100,5.3200,5.3700,766550,4109401.0000,3
2021-02-08,20210208150000000,sh.603126,5.3700,5.4000,5.3600,5.3900,849000,4566137.0000,3
2021-02-09,20210209103000000,sh.603126,5.3900,5.4000,5.2800,5.3400,1389150,7417108.0000,3
2021-02-09,20210209113000000,sh.603126,5.3300,5.3800,5.3000,5.3800,1515600,8071583.0000,3
2021-02-09,20210209140000000,sh.603126,5.3800,5.6500,5.3800,5.5800,2870500,15831062.0000,3
2021-02-09,20210209150000000,sh.603126,5.5800,5.6100,5.5300,5.5300,1601301,8904523.0000,3
2021-02-10,20210210103000000,sh.603126,5.5300,5.5800,5.4100,5.4300,2098700,11532921.0000,3
2021-02-10,20210210113000000,sh.603126,5.4300,5.4900,5.4300,5.4900,519600,2836583.0000,3
2021-02-10,20210210140000000,sh.603126,5.4900,5.4900,5.4500,5.4600,614000,3353157.0000,3
2021-02-10,20210210150000000,sh.603126,5.4600,5.6500,5.4500,5.5400,2213200,12270380.0000,3
2021-02-18,20210218103000000,sh.603126,5.5500,5.7000,5.5300,5.6000,2794620,15620507.0000,3
2021-02-18,20210218113000000,sh.603126,5.5900,5.6400,5.5900,5.6000,676200,3799931.0000,3
2021-02-18,20210218140000000,sh.603126,5.6000,5.7800,5.5900,5.7100,1649800,9373699.0000,3
2021-02-18,20210218150000000,sh.603126,5.7100,5.7100,5.6600,5.6800,1073400,6100298.0000,3
2021-02-19,20210219103000000,sh.603126,5.6200,5.8200,5.6100,5.7500,3021500,17315114.0000,3
2021-02-19,20210219113000000,sh.603126,5.7500,5.7800,5.6800,5.7700,986100,5638538.0000,3
2021-02-19,20210219140000000,sh.603126,5.7700,5.7900,5.7300,5.7700,869000,5006127.0000,3
2021-02-19,20210219150000000,sh.603126,5.7700,5.7800,5.7200,5.7700,1705400,9815361.0000,3
2021-02-22,20210222103000000,sh.603126,5.7900,5.9000,5.6500,5.8700,3219043,18650778.0000,3
2021-02-22,20210222113000000,sh.603126,5.8700,5.9500,5.8700,5.9200,1560600,9211823.0000,3
2021-02-22,20210222140000000,sh.603126,5.9300,6.0400,5.9200,5.9500,2851450,17057111.0000,3
2021-02-22,20210222150000000,sh.603126,5.9500,5.9600,5.8400,5.8400,2622300,15437952.0000,3
2021-02-23,20210223103000000,sh.603126,5.9500,6.0800,5.7800,5.8200,5419100,32159310.0000,3
2021-02-23,20210223113000000,sh.603126,5.8200,5.9000,5.8200,5.8800,736600,4318593.0000,3
2021-02-23,20210223140000000,sh.603126,5.8800,5.8900,5.8400,5.8500,854792,5016207.0000,3
2021-02-23,20210223150000000,sh.603126,5.8500,5.8600,5.7800,5.8300,1851400,10776467.0000,3
2021-02-24,20210224103000000,sh.603126,5.7600,5.8500,5.7100,5.7100,3226600,18663857.0000,3
2021-02-24,20210224113000000,sh.603126,5.7200,5.7400,5.6500,5.6900,2231450,12702718.0000,3
2021-02-24,20210224140000000,sh.603126,5.6900,5.7100,5.6600,5.6800,735300,4176457.0000,3
2021-02-24,20210224150000000,sh.603126,5.6800,5.7100,5.6200,5.7000,1520200,8619850.0000,3
2021-02-25,20210225103000000,sh.603126,5.6900,5.7200,5.6000,5.6600,1968600,11107158.0000,3
2021-02-25,20210225113000000,sh.603126,5.6600,5.6600,5.5800,5.5900,1171600,6579123.0000,3
2021-02-25,20210225140000000,sh.603126,5.5700,5.6000,5.5300,5.5700,1396300,7769359.0000,3
2021-02-25,20210225150000000,sh.603126,5.5700,5.5700,5.4700,5.5000,2765500,15246356.0000,3
2021-02-26,20210226103000000,sh.603126,5.4500,5.6000,5.4200,5.5600,2630450,14560997.0000,3
2021-02-26,20210226113000000,sh.603126,5.5600,6.0500,5.5600,6.0500,11934013,70793624.0000,3
2021-02-26,20210226140000000,sh.603126,6.0500,6.0500,6.0500,6.0500,2295641,13888628.0000,3
2021-02-26,20210226150000000,sh.603126,6.0500,6.0500,6.0500,6.0500,5490300,33216315.0000,3
2021-03-01,20210301103000000,sh.603126,6.4900,6.6600,6.3800,6.6600,14936400,97889727.0000,3
2021-03-01,20210301113000000,sh.603126,6.6600,6.6600,6.6600,6.6600,364600,2428236.0000,3
2021-03-01,20210301140000000,sh.603126,6.6600,6.6600,6.6600,6.6600,417440,2780151.0000,3
2021-03-01,20210301150000000,sh.603126,6.6600,6.6600,6.6600,6.6600,433800,2889108.0000,3
2021-03-02,20210302103000000,sh.603126,7.3300,7.3300,7.3300,7.3300,5904843,43282499.0000,3
2021-03-02,20210302113000000,sh.603126,7.3300,7.3300,7.3300,7.3300,1360600,9973198.0000,3
2021-03-02,20210302140000000,sh.603126,7.3300,7.3300,7.3300,7.3300,508300,3725839.0000,3
2021-03-02,20210302150000000,sh.603126,7.3300,7.3300,7.3300,7.3300,629700,4615701.0000,3
2021-03-03,20210303103000000,sh.603126,8.0600,8.0600,7.7700,8.0600,114241090,913748832.0000,3
2021-03-03,20210303113000000,sh.603126,8.0600,8.0600,8.0200,8.0600,7582897,61110160.0000,3
2021-03-03,20210303140000000,sh.603126,8.0600,8.0600,8.0600,8.0600,915700,7380544.0000,3
2021-03-03,20210303150000000,sh.603126,8.0600,8.0600,8.0600,8.0600,477508,3848720.0000,3
2021-03-04,20210304103000000,sh.603126,8.8700,8.8700,8.7500,8.8700,34077639,302135808.0000,3
2021-03-04,20210304113000000,sh.603126,8.8700,8.8700,8.8700,8.8700,1387150,12304016.0000,3
2021-03-04,20210304140000000,sh.603126,8.8700,8.8700,8.8700,8.8700,828400,7347904.0000,3
2021-03-04,20210304150000000,sh.603126,8.8700,8.8700,8.8700,8.8700,670600,5948224.0000,3
2021-03-05,20210305103000000,sh.603126,9.6000,9.7600,9.3100,9.7600,66591599,641861392.0000,3
2021-03-05,20210305113000000,sh.603126,9.7600,9.7600,9.6800,9.7600,24141335,235541296.0000,3
2021-03-05,20210305140000000,sh.603126,9.7600,9.7600,9.7600,9.7600,824900,8051024.0000,3
2021-03-05,20210305150000000,sh.603126,9.7600,9.7600,9.7600,9.7600,886922,8656368.0000,3
2021-03-08,20210308103000000,sh.603126,10.2000,10.7400,10.1300,10.7400,55675930,585127184.0000,3
2021-03-08,20210308113000000,sh.603126,10.7400,10.7400,10.6800,10.7400,13381400,143664656.0000,3
2021-03-08,20210308140000000,sh.603126,10.7400,10.7400,10.7400,10.7400,6317400,67848880.0000,3
2021-03-08,20210308150000000,sh.603126,10.7400,10.7400,10.7400,10.7400,908800,9760512.0000,3
2021-03-09,20210309103000000,sh.603126,11.0000,11.0600,9.7200,10.2500,90437515,950908208.0000,3
2021-03-09,20210309113000000,sh.603126,10.2500,10.4800,9.9300,10.1600,15116947,154446560.0000,3
2021-03-09,20210309140000000,sh.603126,10.1700,10.5000,10.1300,10.3100,14202846,146345728.0000,3
2021-03-09,20210309150000000,sh.603126,10.3100,10.3500,9.6700,9.6700,43785289,429170064.0000,3
2021-03-10,20210310103000000,sh.603126,9.5800,9.9400,8.8100,9.3900,77720657,728173424.0000,3
2021-03-10,20210310113000000,sh.603126,9.3800,9.5000,9.1000,9.2000,16569012,153668736.0000,3
2021-03-10,20210310140000000,sh.603126,9.1700,9.5800,9.0100,9.3000,16798869,155223648.0000,3
2021-03-10,20210310150000000,sh.603126,9.2900,9.5300,9.0800,9.2300,27132524,251903456.0000,3
2021-03-11,20210311103000000,sh.603126,9.4400,10.1500,9.4400,10.1500,64755287,638888848.0000,3
2021-03-11,20210311113000000,sh.603126,10.1500,10.1500,10.1500,10.1500,533800,5418064.0000,3
2021-03-11,20210311140000000,sh.603126,10.1500,10.1500,10.1500,10.1500,512600,5202896.0000,3
2021-03-11,20210311150000000,sh.603126,10.1500,10.1500,10.1500,10.1500,396174,4021168.0000,3
2021-03-12,20210312103000000,sh.603126,11.0000,11.1700,10.4500,11.1700,91206669,1000672928.0000,3
2021-03-12,20210312113000000,sh.603126,11.1700,11.1700,11.1700,11.1700,936300,10458464.0000,3
2021-03-12,20210312140000000,sh.603126,11.1700,11.1700,11.1700,11.1700,845800,9447584.0000,3
2021-03-12,20210312150000000,sh.603126,11.1700,11.1700,11.1700,11.1700,963300,10760064.0000,3
2021-03-15,20210315103000000,sh.603126,11.8800,12.2900,11.7700,12.0900,101061243,1227218336.0000,3
2021-03-15,20210315113000000,sh.603126,12.1000,12.2200,11.2200,11.9500,34317141,402793792.0000,3
2021-03-15,20210315140000000,sh.603126,11.9000,12.1900,11.6000,11.7500,17440511,207519280.0000,3
2021-03-15,20210315150000000,sh.603126,11.7500,11.9400,11.0200,11.1700,33516139,382925248.0000,3
2021-03-16,20210316103000000,sh.603126,10.4100,11.5500,10.4000,11.1400,76732375,835599008.0000,3
2021-03-16,20210316113000000,sh.603126,11.1500,11.8000,10.8800,11.7300,29563636,337576112.0000,3
2021-03-16,20210316140000000,sh.603126,11.7500,12.2600,11.7300,11.9100,30991777,371656064.0000,3
2021-03-16,20210316150000000,sh.603126,11.9200,12.1600,11.4500,11.8500,25837820,305127024.0000,3
2021-03-17,20210317103000000,sh.603126,11.3000,11.4800,10.6700,11.2700,59445679,657428320.0000,3
2021-03-17,20210317113000000,sh.603126,11.2500,11.4000,10.9100,11.0200,13745988,152731760.0000,3
2021-03-17,20210317140000000,sh.603126,11.0300,11.1000,10.8000,10.9200,15620025,170649632.0000,3
2021-03-17,20210317150000000,sh.603126,10.9200,11.1000,10.6800,10.7200,30253017,326938928.0000,3
2021-03-18,20210318103000000,sh.603126,10.7100,11.1300,10.5600,11.0700,49648640,542378000.0000,3
2021-03-18,20210318113000000,sh.603126,11.0600,11.2000,10.7600,10.9100,20214506,222569520.0000,3
2021-03-18,20210318140000000,sh.603126,10.9100,11.1000,10.7600,10.8000,9164087,99928656.0000,3
2021-03-18,20210318150000000,sh.603126,10.7900,11.0000,10.7000,10.9200,20105671,217951840.0000,3
2021-03-19,20210319103000000,sh.603126,10.2600,11.0800,10.2600,10.9500,48334597,514553776.0000,3
2021-03-19,20210319113000000,sh.603126,10.9500,11.4900,10.8900,10.9500,32046651,359624224.0000,3
2021-03-19,20210319140000000,sh.603126,10.9500,11.0200,10.6400,10.8900,11239174,121542208.0000,3
2021-03-19,20210319150000000,sh.603126,10.8900,10.9100,10.5700,10.6900,17422474,186548096.0000,3
2021-03-22,20210322103000000,sh.603126,10.6500,11.7600,10.6500,11.7600,68829350,796846512.0000,3
2021-03-22,20210322113000000,sh.603126,11.7600,11.7600,11.7600,11.7600,1343487,15799408.0000,3
2021-03-22,20210322140000000,sh.603126,11.7600,11.7600,11.7600,11.7600,832000,9784320.0000,3
2021-03-22,20210322150000000,sh.603126,11.7600,11.7600,11.7600,11.7600,526500,6191648.0000,3
2021-03-23,20210323103000000,sh.603126,12.2400,12.9400,12.1000,12.9400,66015898,830767552.0000,3
2021-03-23,20210323113000000,sh.603126,12.9400,12.9400,12.8800,12.9400,26737759,345889200.0000,3
2021-03-23,20210323140000000,sh.603126,12.9400,12.9400,12.9400,12.9400,1097500,14201648.0000,3
2021-03-23,20210323150000000,sh.603126,12.9400,12.9400,12.7900,12.9400,26886329,347405088.0000,3
2021-03-24,20210324103000000,sh.603126,12.8800,14.1900,11.6500,13.6500,113691703,1489582576.0000,3
2021-03-24,20210324113000000,sh.603126,13.6500,13.6600,13.0000,13.1200,20234900,268479040.0000,3
2021-03-24,20210324140000000,sh.603126,13.1300,13.8200,13.1200,13.5500,15134670,203113328.0000,3
2021-03-24,20210324150000000,sh.603126,13.5500,13.6500,12.2000,12.4000,30340808,390080720.0000,3
2021-03-25,20210325103000000,sh.603126,11.6300,11.9800,11.1600,11.1600,69062383,780299888.0000,3
2021-03-25,20210325113000000,sh.603126,11.1600,11.1600,11.1600,11.1600,2025200,22601232.0000,3
2021-03-25,20210325140000000,sh.603126,11.1600,11.1600,11.1600,11.1600,1320400,14735664.0000,3
2021-03-25,20210325150000000,sh.603126,11.1600,11.1600,11.1600,11.1600,1168900,13044912.0000,3
2021-03-26,20210326103000000,sh.603126,10.6200,11.5000,10.4000,11.1600,60857422,662668000.0000,3
2021-03-26,20210326113000000,sh.603126,11.1600,11.1700,10.7000,10.8800,13611400,148107424.0000,3
2021-03-26,20210326140000000,sh.603126,10.8800,11.1000,10.7900,10.8800,8335082,90887568.0000,3
2021-03-26,20210326150000000,sh.603126,10.8800,10.9900,10.6000,10.8700,24227117,262035264.0000,3
2021-03-29,20210329103000000,sh.603126,10.8700,11.5600,10.8600,11.1100,55831203,625210192.0000,3
2021-03-29,20210329113000000,sh.603126,11.1200,11.2000,10.6400,11.0600,16652200,181662368.0000,3
2021-03-29,20210329140000000,sh.603126,11.0700,11.2800,10.9000,11.0900,9569800,106049472.0000,3
2021-03-29,20210329150000000,sh.603126,11.0900,11.1500,10.9000,11.1500,15497829,170756480.0000,3
2021-03-30,20210330103000000,sh.603126,10.5000,10.5000,10.0400,10.0400,46940033,476418016.0000,3
2021-03-30,20210330113000000,sh.603126,10.0400,10.3600,10.0400,10.0600,21257498,214996048.0000,3
2021-03-30,20210330140000000,sh.603126,10.0800,10.1500,10.0400,10.0400,11468356,115282384.0000,3
2021-03-30,20210330150000000,sh.603126,10.0400,10.9700,10.0400,10.4300,23777067,248228448.0000,3
2021-03-31,20210331103000000,sh.603126,10.0000,10.4600,9.6900,10.1700,29346350,295672608.0000,3
2021-03-31,20210331113000000,sh.603126,10.1700,10.2000,9.9000,10.0400,10659550,107202688.0000,3
2021-03-31,20210331140000000,sh.603126,10.0500,10.3800,10.0500,10.3800,13142500,135421568.0000,3
2021-03-31,20210331150000000,sh.603126,10.3700,10.8500,10.1600,10.3200,30779716,324325504.0000,3
2021-04-01,20210401103000000,sh.603126,10.1000,10.4500,9.9000,10.1100,26105750,265186740.0000,3
2021-04-01,20210401113000000,sh.603126,10.1100,10.3300,9.9400,10.2100,11986192,121128172.0000,3
2021-04-01,20210401140000000,sh.603126,10.2300,10.5900,10.2100,10.3500,19973259,207914256.0000,3
2021-04-01,20210401150000000,sh.603126,10.3400,10.4000,10.1900,10.2600,15179400,155844272.0000,3
2021-04-02,20210402103000000,sh.603126,10.3000,10.4500,9.9500,10.0100,26081167,263956360.0000,3
2021-04-02,20210402113000000,sh.603126,10.0200,10.0400,9.8500,10.0100,15548900,154679832.0000,3
2021-04-02,20210402140000000,sh.603126,10.0100,10.3400,9.9400,10.0600,8813850,89489200.0000,3
2021-04-02,20210402150000000,sh.603126,10.0600,10.1400,9.8800,9.9600,14286192,142237168.0000,3
2021-04-06,20210406103000000,sh.603126,9.8000,10.1800,9.7900,10.0700,26667650,267524122.0000,3
2021-04-06,20210406113000000,sh.603126,10.0700,10.3100,10.0000,10.2500,18189770,184803398.0000,3
2021-04-06,20210406140000000,sh.603126,10.2400,10.9600,10.2100,10.7900,42797678,454746000.0000,3
2021-04-06,20210406150000000,sh.603126,10.7900,10.7900,10.5000,10.5500,17386083,184420912.0000,3
2021-04-07,20210407103000000,sh.603126,10.2900,11.5500,10.2000,11.1200,75233040,816928864.0000,3
2021-04-07,20210407113000000,sh.603126,11.1400,11.2500,11.0000,11.0900,10772992,119595392.0000,3
2021-04-07,20210407140000000,sh.603126,11.1000,11.2800,10.8100,11.0500,13713991,151277472.0000,3
2021-04-07,20210407150000000,sh.603126,11.0500,11.3900,10.8600,11.1800,19484000,215632608.0000,3
2021-04-08,20210408103000000,sh.603126,10.8200,10.9500,10.1000,10.3500,46474706,483277568.0000,3
2021-04-08,20210408113000000,sh.603126,10.3500,10.4000,10.2500,10.2800,8670550,89331360.0000,3
2021-04-08,20210408140000000,sh.603126,10.2900,10.3400,10.1500,10.2800,11644700,119206832.0000,3
2021-04-08,20210408150000000,sh.603126,10.2800,10.2800,10.0600,10.1000,21293053,215718496.0000,3
2021-04-09,20210409103000000,sh.603126,9.8300,11.1100,9.6200,11.1100,112482054,1233553008.0000,3
2021-04-09,20210409113000000,sh.603126,11.1100,11.1100,11.1100,11.1100,2424556,26936816.0000,3
2021-04-09,20210409140000000,sh.603126,11.1100,11.1100,11.1100,11.1100,1872747,20806224.0000,3
2021-04-09,20210409150000000,sh.603126,11.1100,11.1100,11.0900,11.1100,14082700,156447584.0000,3
2021-04-12,20210412103000000,sh.603126,10.9000,11.5300,10.4400,11.4200,87563857,969720704.0000,3
2021-04-12,20210412113000000,sh.603126,11.4300,12.1800,11.3500,12.1800,40107576,472924976.0000,3
2021-04-12,20210412140000000,sh.603126,12.2000,12.2200,11.9700,12.2200,29409960,358455376.0000,3
2021-04-12,20210412150000000,sh.603126,12.2200,12.2200,12.2200,12.2200,2741620,33502592.0000,3
2021-04-13,20210413103000000,sh.603126,11.6500,11.6900,11.0000,11.4100,60522526,688737120.0000,3
2021-04-13,20210413113000000,sh.603126,11.3700,11.4800,11.0000,11.2900,22045526,246358560.0000,3
2021-04-13,20210413140000000,sh.603126,11.3200,11.3200,11.0000,11.0100,24488831,270558032.0000,3
2021-04-13,20210413150000000,sh.603126,11.0000,11.0300,11.0000,11.0000,8182683,90028304.0000,3
2021-04-14,20210414103000000,sh.603126,10.3000,10.6100,10.0100,10.3600,38953289,402738448.0000,3
2021-04-14,20210414113000000,sh.603126,10.3700,10.4900,10.3200,10.4300,8374900,87137232.0000,3
2021-04-14,20210414140000000,sh.603126,10.4300,10.5000,10.3700,10.4900,7638200,79688624.0000,3
2021-04-14,20210414150000000,sh.603126,10.4900,10.8500,10.3800,10.6000,19401626,205017488.0000,3
2021-04-15,20210415103000000,sh.603126,10.4700,10.4900,10.1000,10.1600,21511800,220552185.0000,3
2021-04-15,20210415113000000,sh.603126,10.1600,10.2600,10.1100,10.1200,6907700,70132871.0000,3
2021-04-15,20210415140000000,sh.603126,10.1200,10.1600,9.9000,10.0300,13844054,138946128.0000,3
2021-04-15,20210415150000000,sh.603126,10.0200,10.1500,10.0000,10.1000,13677234,137491936.0000,3
2021-04-16,20210416103000000,sh.603126,10.3900,10.4300,10.0100,10.2000,16567800,169283505.0000,3
2021-04-16,20210416113000000,sh.603126,10.2100,10.2300,10.1500,10.1800,4659700,47437462.0000,3
2021-04-16,20210416140000000,sh.603126,10.1900,10.2400,10.1200,10.1500,5404909,55084409.0000,3
2021-04-16,20210416150000000,sh.603126,10.1500,10.2300,10.1000,10.1800,9944263,101108400.0000,3
2021-04-19,20210419103000000,sh.603126,10.2800,10.6000,10.2400,10.3600,22482049,233591153.0000,3
2021-04-19,20210419113000000,sh.603126,10.3700,10.4000,10.3000,10.3800,5764754,59620639.0000,3
2021-04-19,20210419140000000,sh.603126,10.3800,10.3900,10.2500,10.2600,5617600,57808208.0000,3
2021-04-19,20210419150000000,sh.603126,10.2600,10.2700,10.1800,10.2100,11028391,112620320.0000,3
2021-04-20,20210420103000000,sh.603126,10.0300,11.1100,9.9400,10.6500,43781754,465032480.0000,3
2021-04-20,20210420113000000,sh.603126,10.6600,10.9200,10.6100,10.7400,10613900,114204656.0000,3
2021-04-20,20210420140000000,sh.603126,10.7500,10.7800,10.6000,10.6300,5776200,61624272.0000,3
2021-04-20,20210420150000000,sh.603126,10.6300,10.8000,10.5000,10.6800,13905867,148163712.0000,3
2021-04-21,20210421103000000,sh.603126,10.1200,10.4400,10.0800,10.1600,26628867,271616352.0000,3
2021-04-21,20210421113000000,sh.603126,10.1600,10.4000,10.1400,10.2100,6530404,66894304.0000,3
2021-04-21,20210421140000000,sh.603126,10.2000,10.2900,10.1500,10.1700,6507700,66307904.0000,3
2021-04-21,20210421150000000,sh.603126,10.1700,10.2900,10.1700,10.2400,8810800,89989408.0000,3
2021-04-22,20210422103000000,sh.603126,10.2300,10.4900,10.1500,10.2200,12755300,131346337.0000,3
2021-04-22,20210422113000000,sh.603126,10.2200,10.2400,10.1800,10.1900,4740300,48319982.0000,3
2021-04-22,20210422140000000,sh.603126,10.2000,10.3500,10.1600,10.2600,6506500,66601937.0000,3
2021-04-22,20210422150000000,sh.603126,10.2600,10.3100,10.2400,10.3000,9386601,96457488.0000,3
2021-04-23,20210423103000000,sh.603126,10.6300,10.9000,10.3500,10.4000,28272154,299833408.0000,3
2021-04-23,20210423113000000,sh.603126,10.4100,10.4400,10.3100,10.4200,5192100,53815088.0000,3
2021-04-23,20210423140000000,sh.603126,10.4200,10.4900,10.3300,10.3800,4258300,44218640.0000,3
2021-04-23,20210423150000000,sh.603126,10.3900,10.4600,10.3500,10.4000,9385900,97663120.0000,3
2021-04-26,20210426103000000,sh.603126,10.0000,10.2200,9.9000,10.0600,23104354,231508312.0000,3
2021-04-26,20210426113000000,sh.603126,10.0500,10.2300,10.0300,10.1400,5305000,53721864.0000,3
2021-04-26,20210426140000000,sh.603126,10.1500,10.1900,10.0600,10.0700,4416700,44607760.0000,3
2021-04-26,20210426150000000,sh.603126,10.0800,10.1600,10.0500,10.0700,7442400,75010240.0000,3
2021-04-27,20210427103000000,sh.603126,10.1100,10.1500,9.5100,9.5200,23556600,228558493.0000,3
2021-04-27,20210427113000000,sh.603126,9.5200,9.6100,9.1100,9.3000,12872700,120877795.0000,3
2021-04-27,20210427140000000,sh.603126,9.3000,9.4200,9.1900,9.3800,5456500,50642944.0000,3
2021-04-27,20210427150000000,sh.603126,9.3700,9.3900,9.2000,9.2900,7520451,69826976.0000,3
2021-04-28,20210428103000000,sh.603126,9.2600,9.4800,9.0000,9.1800,13558308,125054228.0000,3
2021-04-28,20210428113000000,sh.603126,9.1800,9.2000,9.0600,9.1200,6214600,56689096.0000,3
2021-04-28,20210428140000000,sh.603126,9.1200,9.1300,9.0600,9.0800,3569700,32423788.0000,3
2021-04-28,20210428150000000,sh.603126,9.0800,9.1500,9.0600,9.1400,6077700,55330440.0000,3
2021-04-29,20210429103000000,sh.603126,9.2200,9.2400,9.0100,9.0700,8228308,75013762.0000,3
2021-04-29,20210429113000000,sh.603126,9.0800,9.5000,9.0300,9.4600,15491788,144189960.0000,3
2021-04-29,20210429140000000,sh.603126,9.4800,9.5000,9.3400,9.3400,5792354,54510070.0000,3
2021-04-29,20210429150000000,sh.603126,9.3400,9.3700,9.3000,9.3600,6938900,64792048.0000,3
2021-04-30,20210430103000000,sh.603126,9.2600,9.2600,9.0000,9.0100,14260800,129465890.0000,3
2021-04-30,20210430113000000,sh.603126,9.0200,9.0200,8.7300,8.8300,12688254,112634898.0000,3
2021-04-30,20210430140000000,sh.603126,8.8500,8.9200,8.7500,8.8900,4494049,39665308.0000,3
2021-04-30,20210430150000000,sh.603126,8.8800,9.0000,8.8800,8.8800,5880973,52485232.0000,3
2021-05-06,20210506103000000,sh.603126,8.8800,9.0100,8.8500,8.9900,9610250,85906335.0000,3
2021-05-06,20210506113000000,sh.603126,8.9800,9.3800,8.9700,9.2600,15960767,147030574.0000,3
2021-05-06,20210506140000000,sh.603126,9.2600,9.2700,9.1200,9.1300,4600900,42199811.0000,3
2021-05-06,20210506150000000,sh.603126,9.1300,9.2000,9.1200,9.1700,5992800,54906592.0000,3
2021-05-07,20210507103000000,sh.603126,9.1000,9.3900,9.0000,9.2600,15779499,145381007.0000,3
2021-05-07,20210507113000000,sh.603126,9.2600,9.4600,9.2600,9.3600,10684000,100192315.0000,3
2021-05-07,20210507140000000,sh.603126,9.3700,9.4000,9.1700,9.2100,6133854,56873318.0000,3
2021-05-07,20210507150000000,sh.603126,9.2100,9.3300,9.1600,9.2700,6192300,57233216.0000,3
2021-05-10,20210510103000000,sh.603126,9.1700,9.5900,9.0000,9.4100,22801300,213312368.0000,3
2021-05-10,20210510113000000,sh.603126,9.4100,9.4900,9.3900,9.4600,4785800,45205234.0000,3
2021-05-10,20210510140000000,sh.603126,9.4600,9.8000,9.3600,9.6600,14385950,138113102.0000,3
2021-05-10,20210510150000000,sh.603126,9.6600,9.6900,9.6000,9.6500,8198183,79012944.0000,3
2021-05-11,20210511103000000,sh.603126,9.5700,10.0000,9.4200,9.7700,32643379,320280976.0000,3
2021-05-11,20210511113000000,sh.603126,9.7800,9.9500,9.7700,9.8200,7344203,72322864.0000,3
2021-05-11,20210511140000000,sh.603126,9.8500,9.9500,9.8300,9.8800,6344600,62801664.0000,3
2021-05-11,20210511150000000,sh.603126,9.8700,9.9700,9.7600,9.9500,13526200,133987776.0000,3
2021-05-12,20210512103000000,sh.603126,9.9200,9.9200,9.4100,9.4800,21774321,208277273.0000,3
2021-05-12,20210512113000000,sh.603126,9.4900,9.5500,9.4400,9.5200,5315289,50418245.0000,3
2021-05-12,20210512140000000,sh.603126,9.5300,9.5500,9.4500,9.5200,4197400,39819586.0000,3
2021-05-12,20210512150000000,sh.603126,9.5200,9.6500,9.5100,9.6400,7793550,74798688.0000,3
2021-05-13,20210513103000000,sh.603126,9.5500,9.7900,9.4000,9.6600,13792000,133206063.0000,3
2021-05-13,20210513113000000,sh.603126,9.6700,9.7400,9.5300,9.7300,4406500,42345983.0000,3
2021-05-13,20210513140000000,sh.603126,9.7500,9.7800,9.5800,9.6700,5131100,49637965.0000,3
2021-05-13,20210513150000000,sh.603126,9.6600,9.6700,9.5100,9.5100,6534989,62682325.0000,3
2021-05-14,20210514103000000,sh.603126,9.5200,10.4600,9.5200,10.4600,63581921,656167904.0000,3
2021-05-14,20210514113000000,sh.603126,10.4600,10.4600,10.4200,10.4600,11364209,118849616.0000,3
2021-05-14,20210514140000000,sh.603126,10.4600,10.4600,10.2200,10.4100,21717200,225797536.0000,3
2021-05-14,20210514150000000,sh.603126,10.4100,10.4600,10.3800,10.4600,11531595,120429072.0000,3
2021-05-17,20210517103000000,sh.603126,10.1500,10.4300,10.0000,10.2000,45710932,467112864.0000,3
2021-05-17,20210517113000000,sh.603126,10.2200,10.4200,10.1900,10.2800,10085000,103958688.0000,3
2021-05-17,20210517140000000,sh.603126,10.2900,10.4400,10.2500,10.3300,9720400,100556640.0000,3
2021-05-17,20210517150000000,sh.603126,10.3400,10.3900,10.1000,10.1600,18625306,190001232.0000,3
2021-05-18,20210518103000000,sh.603126,10.0100,10.4500,9.7100,10.3200,36064752,362630688.0000,3
2021-05-18,20210518113000000,sh.603126,10.3100,10.5000,10.1500,10.4600,15144687,156745984.0000,3
2021-05-18,20210518140000000,sh.603126,10.4500,10.6500,10.3700,10.4400,15597420,163751072.0000,3
2021-05-18,20210518150000000,sh.603126,10.4300,10.6100,10.4000,10.5300,16204301,170306160.0000,3
2021-05-19,20210519103000000,sh.603126,10.4500,10.9600,10.4000,10.8500,44487951,479397232.0000,3
2021-05-19,20210519113000000,sh.603126,10.8400,10.8800,10.6800,10.8800,9414700,101559680.0000,3
2021-05-19,20210519140000000,sh.603126,10.8900,11.4300,10.8700,11.1900,23982910,266782576.0000,3
2021-05-19,20210519150000000,sh.603126,11.1900,11.4000,11.0100,11.0900,17095921,190739712.0000,3
2021-05-20,20210520103000000,sh.603126,11.0100,11.1000,10.6100,11.1000,33794102,364616704.0000,3
2021-05-20,20210520113000000,sh.603126,11.1100,11.5800,11.1100,11.2400,20988886,237850880.0000,3
2021-05-20,20210520140000000,sh.603126,11.2400,11.3200,10.7800,10.8900,11256800,123824224.0000,3
2021-05-20,20210520150000000,sh.603126,10.8900,10.9600,10.6000,10.8200,19113606,204651504.0000,3
2021-05-21,20210521103000000,sh.603126,10.6000,10.8900,10.3800,10.7200,23952700,254172578.0000,3
2021-05-21,20210521113000000,sh.603126,10.7200,11.0800,10.6600,10.8200,17551396,191149246.0000,3
2021-05-21,20210521140000000,sh.603126,10.8400,10.9700,10.7400,10.9000,8221008,89307456.0000,3
2021-05-21,20210521150000000,sh.603126,10.9000,11.3500,10.8200,11.0200,25157801,278820576.0000,3
2021-05-24,20210524103000000,sh.603126,11.0100,11.2700,10.7000,10.8400,31530101,346134672.0000,3
2021-05-24,20210524113000000,sh.603126,10.8500,10.8800,10.7000,10.7100,7981906,86050256.0000,3
2021-05-24,20210524140000000,sh.603126,10.7100,10.8700,10.6000,10.6800,9567194,102533616.0000,3
2021-05-24,20210524150000000,sh.603126,10.6800,10.6900,10.5000,10.5400,13879099,146755056.0000,3
2021-05-25,20210525103000000,sh.603126,10.4000,10.6400,10.2100,10.2700,20870949,215678213.0000,3
2021-05-25,20210525113000000,sh.603126,10.2700,10.3700,10.1700,10.3400,8517800,87242155.0000,3
2021-05-25,20210525140000000,sh.603126,10.3400,10.5600,10.3400,10.4000,7200672,75135984.0000,3
2021-05-25,20210525150000000,sh.603126,10.4000,10.4500,10.3800,10.3900,7704201,80172208.0000,3
2021-05-26,20210526103000000,sh.603126,10.4000,10.6600,10.3300,10.5600,19173800,201602031.0000,3
2021-05-26,20210526113000000,sh.603126,10.5600,10.8200,10.4700,10.7800,14731501,157043953.0000,3
2021-05-26,20210526140000000,sh.603126,10.8000,10.8500,10.6400,10.6600,8729100,93795424.0000,3
2021-05-26,20210526150000000,sh.603126,10.6500,10.7300,10.6300,10.6700,8443499,90205888.0000,3
2021-05-27,20210527103000000,sh.603126,10.4900,11.1000,10.3900,10.8200,30788303,332061408.0000,3
2021-05-27,20210527113000000,sh.603126,10.8300,10.9000,10.5900,10.8800,9759300,105052000.0000,3
2021-05-27,20210527140000000,sh.603126,10.8800,11.4000,10.8200,11.1700,27613235,308514400.0000,3
2021-05-27,20210527150000000,sh.603126,11.1700,11.1700,11.0100,11.1100,12284396,136272208.0000,3
2021-05-28,20210528103000000,sh.603126,11.0700,11.4300,10.8400,10.8600,36660502,408267424.0000,3
2021-05-28,20210528113000000,sh.603126,10.8700,11.0200,10.8000,10.9200,8809701,95847664.0000,3
2021-05-28,20210528140000000,sh.603126,10.9000,12.1200,10.9000,11.7400,36323453,418896336.0000,3
2021-05-28,20210528150000000,sh.603126,11.7500,11.8800,11.6000,11.6600,18956000,222006800.0000,3
2021-05-31,20210531103000000,sh.603126,11.4300,12.1000,11.4300,11.6700,41914396,492863264.0000,3
2021-05-31,20210531113000000,sh.603126,11.6700,11.8300,11.5200,11.7400,8853700,103181728.0000,3
2021-05-31,20210531140000000,sh.603126,11.7900,12.1800,11.7900,11.9200,21094802,252396160.0000,3
2021-05-31,20210531150000000,sh.603126,11.9200,11.9500,11.7100,11.7600,15483883,183138608.0000,3
2021-06-01,20210601103000000,sh.603126,11.5100,11.6500,11.1000,11.1700,34874646,395842896.0000,3
2021-06-01,20210601113000000,sh.603126,11.1600,11.3400,11.1300,11.3100,6423210,72216704.0000,3
2021-06-01,20210601140000000,sh.603126,11.3200,11.3900,11.1800,11.2500,6551540,73679408.0000,3
2021-06-01,20210601150000000,sh.603126,11.2600,11.4100,11.2200,11.3900,10510601,118966544.0000,3
2021-06-02,20210602103000000,sh.603126,11.2500,11.5500,11.1500,11.2000,16847600,190339517.0000,3
2021-06-02,20210602113000000,sh.603126,11.1900,11.2000,11.1000,11.1200,7655600,85375875.0000,3
2021-06-02,20210602140000000,sh.603126,11.1600,11.5800,11.1000,11.5800,16023630,182181024.0000,3
2021-06-02,20210602150000000,sh.603126,11.5700,11.6000,11.2300,11.2500,11396301,129827360.0000,3
2021-06-03,20210603103000000,sh.603126,11.1600,11.2500,10.8200,10.9900,18787341,206696533.0000,3
2021-06-03,20210603113000000,sh.603126,10.9900,11.0600,10.8500,11.0500,6731700,73587787.0000,3
2021-06-03,20210603140000000,sh.603126,11.0600,11.2600,10.9600,11.1700,6802000,75420704.0000,3
2021-06-03,20210603150000000,sh.603126,11.1800,11.1800,10.8800,10.8800,10179100,111621024.0000,3
2021-06-04,20210604103000000,sh.603126,10.7100,11.0300,10.6900,10.8100,11072896,120282496.0000,3
2021-06-04,20210604113000000,sh.603126,10.8200,10.9600,10.8000,10.8600,3373300,36652726.0000,3
2021-06-04,20210604140000000,sh.603126,10.8600,10.8900,10.7600,10.7600,5745001,62096931.0000,3
2021-06-04,20210604150000000,sh.603126,10.7600,10.7700,10.5000,10.5100,16289600,173138615.0000,3
2021-06-07,20210607103000000,sh.603126,10.3900,10.7600,10.3500,10.5600,10953700,115628039.0000,3
2021-06-07,20210607113000000,sh.603126,10.5500,10.5600,10.4100,10.5100,4898900,51302836.0000,3
2021-06-07,20210607140000000,sh.603126,10.5100,10.5200,10.3800,10.4200,4310100,45005250.0000,3
2021-06-07,20210607150000000,sh.603126,10.4100,10.5200,10.4000,10.5200,6361900,66487251.0000,3
2021-06-08,20210608103000000,sh.603126,10.4300,10.5800,10.3500,10.3600,9557500,99715350.0000,3
2021-06-08,20210608113000000,sh.603126,10.3600,10.3900,9.9800,10.1500,14612511,148398094.0000,3
2021-06-08,20210608140000000,sh.603126,10.1500,10.3600,10.0600,10.1800,6557100,66853420.0000,3
2021-06-08,20210608150000000,sh.603126,10.1800,10.2000,10.0800,10.1200,6683800,67683808.0000,3
2021-06-09,20210609103000000,sh.603126,10.0300,10.1800,9.9200,10.1000,8867496,88868368.0000,3
2021-06-09,20210609113000000,sh.603126,10.1000,10.1100,10.0200,10.0400,2673100,26877800.0000,3
2021-06-09,20210609140000000,sh.603126,10.0400,10.0900,9.9800,10.0200,4430500,44413495.0000,3
2021-06-09,20210609150000000,sh.603126,10.0200,10.0400,9.9500,9.9600,6441100,64265247.0000,3
2021-06-10,20210610103000000,sh.603126,9.9600,10.0500,9.8100,9.9100,9675800,95909618.0000,3
2021-06-10,20210610113000000,sh.603126,9.9000,9.9800,9.8600,9.9800,3624100,35912398.0000,3
2021-06-10,20210610140000000,sh.603126,9.9800,10.0200,9.9000,9.9000,3484700,34712737.0000,3
2021-06-10,20210610150000000,sh.603126,9.9100,9.9600,9.8800,9.9400,4772600,47358838.0000,3
2021-06-11,20210611103000000,sh.603126,9.9300,10.3800,9.9200,10.3500,20595400,210293095.0000,3
2021-06-11,20210611113000000,sh.603126,10.3400,10.3500,10.2600,10.3500,4700900,48463771.0000,3
2021-06-11,20210611140000000,sh.603126,10.3500,10.3600,10.2600,10.3300,4373596,45114958.0000,3
2021-06-11,20210611150000000,sh.603126,10.3200,10.3800,10.2900,10.3800,8643300,89336512.0000,3
2021-06-15,20210615103000000,sh.603126,10.4000,10.6300,10.2100,10.3200,13752200,142904831.0000,3
2021-06-15,20210615113000000,sh.603126,10.3200,10.3200,10.1400,10.2000,3680400,37614470.0000,3
2021-06-15,20210615140000000,sh.603126,10.2000,10.2400,10.1500,10.1800,2311600,23549111.0000,3
2021-06-15,20210615150000000,sh.603126,10.1800,10.1900,10.0100,10.0700,6528096,65824596.0000,3
2021-06-16,20210616103000000,sh.603126,9.9300,9.9400,9.5000,9.5200,13880500,133422864.0000,3
2021-06-16,20210616113000000,sh.603126,9.5300,9.5700,9.5000,9.5200,4633800,44118089.0000,3
2021-06-16,20210616140000000,sh.603126,9.5200,9.5200,9.1200,9.3000,8803500,82303281.0000,3
2021-06-16,20210616150000000,sh.603126,9.3100,9.4400,9.2500,9.3000,4615501,43076630.0000,3
2021-06-17,20210617103000000,sh.603126,9.2900,9.4800,9.2300,9.4400,5879301,55233564.0000,3
2021-06-17,20210617113000000,sh.603126,9.4400,9.5000,9.4300,9.4700,2165500,20494491.0000,3
2021-06-17,20210617140000000,sh.603126,9.4700,9.5700,9.3200,9.3800,3985099,37672987.0000,3
2021-06-17,20210617150000000,sh.603126,9.3700,9.4200,9.3400,9.4100,3458196,32473468.0000,3
2021-06-18,20210618103000000,sh.603126,9.3000,9.5000,9.1000,9.3900,7188400,66827892.0000,3
2021-06-18,20210618113000000,sh.603126,9.3900,9.4600,9.3100,9.3900,2796700,26259537.0000,3
2021-06-18,20210618140000000,sh.603126,9.4000,9.4100,9.2800,9.3700,2344700,21900937.0000,3
2021-06-18,20210618150000000,sh.603126,9.3700,9.4200,9.3500,9.4100,3604200,33841822.0000,3
2021-06-21,20210621103000000,sh.603126,9.4100,9.5800,9.2800,9.4400,6859400,64870398.0000,3
2021-06-21,20210621113000000,sh.603126,9.4400,9.6800,9.4400,9.6800,6139000,58780806.0000,3
2021-06-21,20210621140000000,sh.603126,9.6900,9.7400,9.6300,9.6600,3439400,33288964.0000,3
2021-06-21,20210621150000000,sh.603126,9.6600,9.7000,9.6200,9.6700,4176700,40370413.0000,3
2021-06-22,20210622103000000,sh.603126,9.7000,9.7200,9.4500,9.5400,8614200,82389107.0000,3
2021-06-22,20210622113000000,sh.603126,9.5500,9.5500,9.5000,9.5100,2235400,21271909.0000,3
2021-06-22,20210622140000000,sh.603126,9.5000,9.6700,9.4600,9.6200,3808602,36235499.0000,3
2021-06-22,20210622150000000,sh.603126,9.6500,9.9800,9.5600,9.8300,14096400,138373325.0000,3
2021-06-23,20210623103000000,sh.603126,9.8500,10.0600,9.6800,9.8500,11577400,114635679.0000,3
2021-06-23,20210623113000000,sh.603126,9.8500,9.8800,9.8100,9.8400,2841001,27949727.0000,3
2021-06-23,20210623140000000,sh.603126,9.8400,9.8700,9.7400,9.8000,3198200,31377115.0000,3
2021-06-23,20210623150000000,sh.603126,9.7900,9.8100,9.6800,9.7700,5609706,54618988.0000,3
2021-06-24,20210624103000000,sh.603126,9.7400,9.7700,9.4100,9.4700,9425900,89487801.0000,3
2021-06-24,20210624113000000,sh.603126,9.4600,9.6400,9.4500,9.5300,2920200,27825480.0000,3
2021-06-24,20210624140000000,sh.603126,9.5400,9.5600,9.4600,9.4800,2221200,21080438.0000,3
2021-06-24,20210624150000000,sh.603126,9.4800,9.4900,9.4000,9.4000,5634600,53129838.0000,3
2021-06-25,20210625103000000,sh.603126,9.4100,9.4100,9.2600,9.3300,5946200,55529550.0000,3
2021-06-25,20210625113000000,sh.603126,9.3200,9.4800,9.2700,9.4300,3667401,34203686.0000,3
2021-06-25,20210625140000000,sh.603126,9.4500,9.4900,9.3900,9.4700,2290400,21593981.0000,3
2021-06-25,20210625150000000,sh.603126,9.4700,9.4800,9.4000,9.4300,3267600,30814595.0000,3
2021-06-28,20210628103000000,sh.603126,9.4500,9.7900,9.4000,9.4700,5781800,54879156.0000,3
2021-06-28,20210628113000000,sh.603126,9.4500,9.5800,9.4500,9.5400,2459551,23423981.0000,3
2021-06-28,20210628140000000,sh.603126,9.5400,9.5700,9.4500,9.4600,2090500,19862633.0000,3
2021-06-28,20210628150000000,sh.603126,9.4600,9.4900,9.4500,9.4900,2865800,27149833.0000,3
2021-06-29,20210629103000000,sh.603126,9.4800,9.4800,9.0000,9.2900,5596000,52023115.0000,3
2021-06-29,20210629113000000,sh.603126,9.2900,9.3200,9.2200,9.2300,2270800,21029058.0000,3
2021-06-29,20210629140000000,sh.603126,9.2400,9.2600,9.1800,9.2000,2760300,25433109.0000,3
2021-06-29,20210629150000000,sh.603126,9.2100,9.2200,9.1800,9.2100,3495100,32154674.0000,3
2021-06-30,20210630103000000,sh.603126,9.2200,9.2700,9.1000,9.1000,4724200,43301415.0000,3
2021-06-30,20210630113000000,sh.603126,9.1000,9.1400,9.0500,9.0800,3397506,30880204.0000,3
2021-06-30,20210630140000000,sh.603126,9.0800,9.1500,9.0800,9.1100,2165500,19727141.0000,3
2021-06-30,20210630150000000,sh.603126,9.1100,9.1300,9.0800,9.1200,3137800,28574454.0000,3
2021-07-01,20210701103000000,sh.603126,9.1400,9.2000,9.0500,9.1300,3682700,33568826.0000,3
2021-07-01,20210701113000000,sh.603126,9.1200,9.1400,9.0700,9.0800,1550800,14129187.0000,3
2021-07-01,20210701140000000,sh.603126,9.0800,9.1300,9.0700,9.0700,1575900,14336815.0000,3
2021-07-01,20210701150000000,sh.603126,9.0800,9.0800,8.8800,8.9100,7612000,68276955.0000,3
2021-07-02,20210702103000000,sh.603126,8.9200,9.0200,8.8000,8.9500,4505100,40251614.0000,3
2021-07-02,20210702113000000,sh.603126,8.9500,9.0600,8.9500,9.0200,2461200,22178172.0000,3
2021-07-02,20210702140000000,sh.603126,9.0100,9.0500,8.9700,9.0000,1609700,14504465.0000,3
2021-07-02,20210702150000000,sh.603126,9.0000,9.0000,8.9400,8.9900,2166900,19430075.0000,3
2021-07-05,20210705103000000,sh.603126,9.0800,9.0900,8.9000,9.0200,3911700,35188498.0000,3
2021-07-05,20210705113000000,sh.603126,9.0200,9.0500,8.9600,8.9800,1558200,14014421.0000,3
2021-07-05,20210705140000000,sh.603126,8.9800,8.9900,8.9300,8.9500,1817900,16284617.0000,3
2021-07-05,20210705150000000,sh.603126,8.9500,9.0200,8.9400,9.0200,2590400,23292998.0000,3
2021-07-06,20210706103000000,sh.603126,9.0300,9.3500,9.0100,9.2600,8940600,82426324.0000,3
2021-07-06,20210706113000000,sh.603126,9.2700,9.2700,9.1400,9.2000,2589000,23831708.0000,3
2021-07-06,20210706140000000,sh.603126,9.2000,9.2500,9.1500,9.1800,1677000,15429179.0000,3
2021-07-06,20210706150000000,sh.603126,9.1800,9.2600,9.1700,9.2600,4176600,38533651.0000,3
2021-07-07,20210707103000000,sh.603126,9.2600,9.2600,9.0800,9.1000,5900300,53908503.0000,3
2021-07-07,20210707113000000,sh.603126,9.1000,9.1400,9.0900,9.1200,1798800,16398168.0000,3
2021-07-07,20210707140000000,sh.603126,9.1200,9.2500,9.1200,9.2000,2679800,24601106.0000,3
2021-07-07,20210707150000000,sh.603126,9.2000,9.2100,9.1500,9.1800,3143342,28848849.1400,3
2021-07-08,20210708103000000,sh.603126,9.3200,9.5900,9.3100,9.5100,16033542,151676914.8000,3
2021-07-08,20210708113000000,sh.603126,9.5100,9.5600,9.4800,9.5200,4098800,39051058.0000,3
2021-07-08,20210708140000000,sh.603126,9.5200,9.5500,9.4500,9.4800,4342100,41262625.0000,3
2021-07-08,20210708150000000,sh.603126,9.4700,9.4900,9.4600,9.4700,4387900,41563340.0100,3
2021-07-09,20210709103000000,sh.603126,9.3700,9.5700,9.2100,9.4900,8959800,83850291.0000,3
2021-07-09,20210709113000000,sh.603126,9.5000,9.6000,9.4500,9.5800,4740401,45155436.4700,3
2021-07-09,20210709140000000,sh.603126,9.5900,9.6100,9.5100,9.5500,3355100,32091675.9800,3
2021-07-09,20210709150000000,sh.603126,9.5500,9.5700,9.5100,9.5100,3924600,37400996.9800,3
2021-07-12,20210712103000000,sh.603126,9.5600,9.5900,9.2700,9.3500,10636202,99617251.6800,3
2021-07-12,20210712113000000,sh.603126,9.3400,9.4100,9.3400,9.3900,2618483,24509895.8800,3
2021-07-12,20210712140000000,sh.603126,9.3900,9.4000,9.3300,9.3900,2534900,23727680.0000,3
2021-07-12,20210712150000000,sh.603126,9.3900,9.4300,9.3600,9.3900,3414900,32048344.0000,3
2021-07-13,20210713103000000,sh.603126,9.3900,9.8500,9.2600,9.6700,14487300,138448692.0000,3
2021-07-13,20210713113000000,sh.603126,9.6600,9.7700,9.6100,9.7600,6334000,61513355.0000,3
2021-07-13,20210713140000000,sh.603126,9.7600,10.2000,9.7600,10.1600,19977200,199720511.0000,3
2021-07-13,20210713150000000,sh.603126,10.1600,10.1800,10.1000,10.1400,10959796,111165504.5000,3
2021-07-14,20210714103000000,sh.603126,10.3400,10.7000,10.0200,10.2200,35559700,369038558.0000,3
2021-07-14,20210714113000000,sh.603126,10.2500,10.3000,10.1900,10.2000,4372800,44765321.0000,3
2021-07-14,20210714140000000,sh.603126,10.2000,10.2400,9.9800,9.9900,7364800,74484892.0000,3
2021-07-14,20210714150000000,sh.603126,9.9800,10.4800,9.9200,10.2100,12084039,123093084.8100,3
2021-07-15,20210715103000000,sh.603126,9.9300,10.1000,9.6500,9.7900,15150402,149598915.5600,3
2021-07-15,20210715113000000,sh.603126,9.7900,9.9000,9.7500,9.8500,4294200,42112707.0000,3
2021-07-15,20210715140000000,sh.603126,9.8400,9.9900,9.8300,9.9200,3450400,34234338.0000,3
2021-07-15,20210715150000000,sh.603126,9.9300,10.0600,9.8800,9.9600,5591800,55660017.0000,3
2021-07-16,20210716103000000,sh.603126,9.9600,10.1500,9.7800,10.0000,11757500,117301662.6800,3
2021-07-16,20210716113000000,sh.603126,10.0000,10.0400,9.9100,9.9500,2842700,28352673.0000,3
2021-07-16,20210716140000000,sh.603126,9.9500,9.9500,9.7500,9.7500,6291900,61972239.5000,3
2021-07-16,20210716150000000,sh.603126,9.7600,9.8600,9.7100,9.7600,5395511,52751584.8000,3
2021-07-19,20210719103000000,sh.603126,9.6600,9.6800,9.3300,9.3500,12145600,115039660.0000,3
2021-07-19,20210719113000000,sh.603126,9.3600,9.4700,9.3600,9.4200,2632300,24755154.0000,3
2021-07-19,20210719140000000,sh.603126,9.4200,9.4400,9.3500,9.3800,2876900,27006224.0000,3
2021-07-19,20210719150000000,sh.603126,9.3800,9.4300,9.3400,9.3600,5107600,47862698.0000,3
2021-07-20,20210720103000000,sh.603126,9.2700,9.4300,9.1600,9.2800,7272700,67209782.0000,3
2021-07-20,20210720113000000,sh.603126,9.2800,9.3200,9.2400,9.3000,1824600,16933959.0000,3
2021-07-20,20210720140000000,sh.603126,9.3000,9.3100,9.2500,9.2600,2065900,19152097.0000,3
2021-07-20,20210720150000000,sh.603126,9.2600,9.3600,9.2500,9.3500,3297361,30679095.7100,3
2021-07-21,20210721103000000,sh.603126,9.3300,9.4200,9.2700,9.3800,5507896,51494485.8800,3
2021-07-21,20210721113000000,sh.603126,9.3700,9.3800,9.3000,9.3200,2793545,26044496.9500,3
2021-07-21,20210721140000000,sh.603126,9.3200,9.3300,9.2800,9.2900,3258400,30317832.0000,3
2021-07-21,20210721150000000,sh.603126,9.2900,9.3400,9.2900,9.3400,3209100,29885941.0000,3
2021-07-22,20210722103000000,sh.603126,9.3700,9.5400,9.2300,9.5100,8300850,78000152.0000,3
2021-07-22,20210722113000000,sh.603126,9.5100,9.6400,9.4800,9.5400,6375700,60905622.0000,3
2021-07-22,20210722140000000,sh.603126,9.5300,9.5600,9.5000,9.5100,2540300,24190294.0000,3
2021-07-22,20210722150000000,sh.603126,9.5100,9.5300,9.4700,9.5000,4254800,40421796.0000,3
2021-07-23,20210723103000000,sh.603126,9.4700,9.4700,9.1600,9.1800,11949450,110574348.0000,3
2021-07-23,20210723113000000,sh.603126,9.1800,9.2000,9.1000,9.1000,5079800,46558343.0000,3
2021-07-23,20210723140000000,sh.603126,9.1000,9.1800,9.0800,9.0900,4394700,40080816.0000,3
2021-07-23,20210723150000000,sh.603126,9.0900,9.1200,9.0100,9.1000,6554849,59418538.9600,3
2021-07-26,20210726103000000,sh.603126,9.0100,9.1400,8.9400,9.0500,4389500,39767793.1100,3
2021-07-26,20210726113000000,sh.603126,9.0500,9.0600,8.9100,8.9900,3167100,28462352.0000,3
2021-07-26,20210726140000000,sh.603126,8.9900,9.0000,8.8200,8.9100,3618711,32188321.4600,3
2021-07-26,20210726150000000,sh.603126,8.9000,8.9600,8.8900,8.9500,2282349,20355178.5700,3
2021-07-27,20210727103000000,sh.603126,8.8800,9.0900,8.8600,8.8700,4892600,43942049.0000,3
2021-07-27,20210727113000000,sh.603126,8.8800,9.1700,8.8700,9.0900,3378900,30565758.0000,3
2021-07-27,20210727140000000,sh.603126,9.0900,9.1200,9.0100,9.0700,1550100,14040640.0000,3
2021-07-27,20210727150000000,sh.603126,9.0600,9.0800,8.9000,8.9800,3138702,28166607.9400,3
2021-07-28,20210728103000000,sh.603126,9.0600,9.0900,8.0800,8.4700,9954201,84803937.8200,3
2021-07-28,20210728113000000,sh.603126,8.4700,8.5100,8.3900,8.4000,2124800,17939519.0000,3
2021-07-28,20210728140000000,sh.603126,8.4000,8.4400,8.2000,8.3100,2616500,21721366.0000,3
2021-07-28,20210728150000000,sh.603126,8.3100,8.4000,8.2000,8.2200,3671400,30356627.8800,3
2021-07-29,20210729103000000,sh.603126,8.5000,8.5000,8.2200,8.2600,4968100,41436738.2600,3
2021-07-29,20210729113000000,sh.603126,8.2600,8.3400,8.2500,8.2800,1765300,14617814.0000,3
2021-07-29,20210729140000000,sh.603126,8.2800,8.3900,8.2800,8.3300,1673600,13968162.0000,3
2021-07-29,20210729150000000,sh.603126,8.3300,8.3400,8.2600,8.3000,3024700,25091487.0000,3
2021-07-30,20210730103000000,sh.603126,8.2700,8.3800,8.1900,8.3700,4563700,37899301.0000,3
2021-07-30,20210730113000000,sh.603126,8.3700,8.4700,8.3500,8.3800,2671050,22477147.0000,3
2021-07-30,20210730140000000,sh.603126,8.4000,8.4100,8.2900,8.3300,2042784,17000100.0400,3
2021-07-30,20210730150000000,sh.603126,8.3300,8.3900,8.3100,8.3700,2271200,18963082.0000,3
2021-08-02,20210802103000000,sh.603126,8.3700,8.5500,8.2800,8.4700,5117800,43323519.1800,3
2021-08-02,20210802113000000,sh.603126,8.4800,8.5500,8.4700,8.5400,2904184,24739877.2600,3
2021-08-02,20210802140000000,sh.603126,8.5400,8.7000,8.5300,8.7000,3544689,30533717.9500,3
2021-08-02,20210802150000000,sh.603126,8.7000,8.7000,8.6400,8.7000,3843249,33368969.3400,3
2021-08-03,20210803103000000,sh.603126,8.8000,8.8000,8.5300,8.5400,5754800,49604135.0000,3
2021-08-03,20210803113000000,sh.603126,8.5400,8.6200,8.5000,8.5800,1466600,12553287.0000,3
2021-08-03,20210803140000000,sh.603126,8.5800,8.6000,8.5000,8.5100,2442600,20840675.0000,3
2021-08-03,20210803150000000,sh.603126,8.5100,8.5200,8.4000,8.4500,3631138,30704553.8300,3
2021-08-04,20210804103000000,sh.603126,8.4300,8.5200,8.3800,8.4600,3165700,26820457.0000,3
2021-08-04,20210804113000000,sh.603126,8.4600,8.5100,8.3800,8.4900,3232100,27230602.0000,3
2021-08-04,20210804140000000,sh.603126,8.4900,8.5200,8.4500,8.4600,1606800,13624023.5000,3
2021-08-04,20210804150000000,sh.603126,8.4700,8.5100,8.4600,8.5100,2439749,20691130.0100,3
2021-08-05,20210805103000000,sh.603126,8.4500,8.5000,8.3100,8.4000,3462200,29105481.0000,3
2021-08-05,20210805113000000,sh.603126,8.4000,8.4000,8.3200,8.3500,2306000,19259508.0000,3
2021-08-05,20210805140000000,sh.603126,8.3500,8.3600,8.2800,8.2900,2838900,23606423.0000,3
2021-08-05,20210805150000000,sh.603126,8.2900,8.3300,8.2500,8.2800,3457301,28631010.7600,3
2021-08-06,20210806103000000,sh.603126,8.2600,8.2700,8.1300,8.2300,4445000,36468901.0000,3
2021-08-06,20210806113000000,sh.603126,8.2300,8.2500,8.1800,8.2000,1320700,10838658.0000,3
2021-08-06,20210806140000000,sh.603126,8.1900,8.2100,8.1700,8.1900,1159700,9494979.0000,3
2021-08-06,20210806150000000,sh.603126,8.1900,8.2500,8.1800,8.2400,2191700,18013323.0000,3
2021-08-09,20210809103000000,sh.603126,8.2400,8.3600,8.1500,8.2600,3622100,30036326.0000,3
2021-08-09,20210809113000000,sh.603126,8.2600,8.3000,8.2500,8.2800,1314800,10888548.0000,3
2021-08-09,20210809140000000,sh.603126,8.2900,8.3100,8.2600,8.3000,1460100,12094657.0000,3
2021-08-09,20210809150000000,sh.603126,8.3000,8.3000,8.2700,8.2900,1734400,14361814.0000,3
2021-08-10,20210810103000000,sh.603126,8.3000,8.3900,8.2300,8.3700,3897400,32414025.0000,3
2021-08-10,20210810113000000,sh.603126,8.3700,8.4500,8.3400,8.3800,2383200,19995088.0000,3
2021-08-10,20210810140000000,sh.603126,8.3800,8.3800,8.3300,8.3400,1469200,12277713.0000,3
2021-08-10,20210810150000000,sh.603126,8.3400,8.3800,8.3300,8.3800,2173200,18154448.0000,3
2021-08-11,20210811103000000,sh.603126,8.3700,8.4800,8.3000,8.4800,4276600,35923509.0000,3
2021-08-11,20210811113000000,sh.603126,8.4900,8.6000,8.4800,8.5600,5546350,47399138.0000,3
2021-08-11,20210811140000000,sh.603126,8.5600,8.5600,8.5300,8.5600,2032290,17367107.0000,3
2021-08-11,20210811150000000,sh.603126,8.5500,8.5800,8.5300,8.5800,3624110,31012677.0000,3
2021-08-12,20210812103000000,sh.603126,8.5300,8.5500,8.4000,8.4400,5523200,46668951.0000,3
2021-08-12,20210812113000000,sh.603126,8.4500,8.5300,8.4400,8.4600,1597589,13544212.0000,3
2021-08-12,20210812140000000,sh.603126,8.4700,8.4700,8.4400,8.4500,1658411,14015850.0000,3
2021-08-12,20210812150000000,sh.603126,8.4500,8.4700,8.4400,8.4700,2119700,17933784.0000,3
2021-08-13,20210813103000000,sh.603126,8.5500,8.5500,8.4000,8.4100,4020989,33944037.0000,3
2021-08-13,20210813113000000,sh.603126,8.4100,8.4200,8.3300,8.3700,2639800,22097450.0000,3
2021-08-13,20210813140000000,sh.603126,8.3700,8.4100,8.3300,8.3500,1834300,15327190.0000,3
2021-08-13,20210813150000000,sh.603126,8.3500,8.3800,8.3400,8.3700,1885700,15756630.0000,3
2021-08-16,20210816103000000,sh.603126,8.3300,8.4600,8.3100,8.3900,3290500,27664598.0000,3
2021-08-16,20210816113000000,sh.603126,8.3900,8.4200,8.3800,8.3900,1254700,10531345.0000,3
2021-08-16,20210816140000000,sh.603126,8.3900,8.4400,8.3800,8.4100,1595200,13415627.0000,3
2021-08-16,20210816150000000,sh.603126,8.4000,8.4100,8.3700,8.3900,2153000,18050034.0000,3
2021-08-17,20210817103000000,sh.603126,8.4000,8.4500,8.2500,8.2900,4553900,37930721.0000,3
2021-08-17,20210817113000000,sh.603126,8.2900,8.3000,8.2600,8.2700,1352200,11199726.0000,3
2021-08-17,20210817140000000,sh.603126,8.2800,8.2900,8.2000,8.2000,2376800,19573961.0000,3
2021-08-17,20210817150000000,sh.603126,8.2000,8.2100,8.1500,8.1600,2845600,23272350.0000,3
2021-08-18,20210818103000000,sh.603126,8.1800,8.2200,8.1000,8.1400,2336900,19074287.0000,3
2021-08-18,20210818113000000,sh.603126,8.1400,8.1600,8.0500,8.0900,2464400,19973293.0000,3
2021-08-18,20210818140000000,sh.603126,8.0900,8.2000,8.0800,8.1500,1798400,14660410.0000,3
2021-08-18,20210818150000000,sh.603126,8.1400,8.1500,8.1100,8.1400,1488484,12100855.0000,3
2021-08-19,20210819103000000,sh.603126,8.1300,8.1600,7.9300,7.9600,4274400,34365615.0000,3
2021-08-19,20210819113000000,sh.603126,7.9600,7.9700,7.9000,7.9100,3113200,24662423.0000,3
2021-08-19,20210819140000000,sh.603126,7.9100,8.0300,7.9000,7.9900,2326400,18496320.0000,3
2021-08-19,20210819150000000,sh.603126,7.9900,8.0200,7.9700,7.9800,1894884,15134203.0000,3
2021-08-20,20210820103000000,sh.603126,7.9900,7.9900,7.7600,7.8600,3329900,26107792.0000,3
2021-08-20,20210820113000000,sh.603126,7.8600,7.8600,7.7800,7.8100,1716700,13396909.0000,3
2021-08-20,20210820140000000,sh.603126,7.8100,7.8100,7.7100,7.7200,2432800,18832723.0000,3
2021-08-20,20210820150000000,sh.603126,7.7200,7.8300,7.7100,7.8300,2431900,18942926.0000,3
2021-08-23,20210823103000000,sh.603126,8.0100,8.4900,8.0100,8.3100,11566995,96233488.0000,3
2021-08-23,20210823113000000,sh.603126,8.3100,8.3500,8.2800,8.3500,2646687,21989348.0000,3
2021-08-23,20210823140000000,sh.603126,8.3500,8.3800,8.3300,8.3300,1899100,15852945.0000,3
2021-08-23,20210823150000000,sh.603126,8.3300,8.3600,8.3200,8.3400,3628500,30266084.0000,3
2021-08-24,20210824103000000,sh.603126,8.3600,8.5100,8.3300,8.3600,8382216,70647437.0000,3
2021-08-24,20210824113000000,sh.603126,8.3600,8.3800,8.3000,8.3200,2800800,23374365.0000,3
2021-08-24,20210824140000000,sh.603126,8.3200,8.4000,8.3200,8.3600,1676800,14012918.0000,3
2021-08-24,20210824150000000,sh.603126,8.3700,8.3800,8.3400,8.3500,2077610,17357419.0000,3
2021-08-25,20210825103000000,sh.603126,8.2800,8.4400,8.2200,8.3900,5112110,42582086.0000,3
2021-08-25,20210825113000000,sh.603126,8.3800,8.4400,8.3800,8.4100,2419500,20352081.0000,3
2021-08-25,20210825140000000,sh.603126,8.4200,8.5500,8.4200,8.4500,4683700,39727852.0000,3
2021-08-25,20210825150000000,sh.603126,8.4500,8.4700,8.4300,8.4500,2705900,22861562.0000,3
2021-08-26,20210826103000000,sh.603126,8.4000,8.5000,8.3200,8.3500,4480700,37646961.0000,3
2021-08-26,20210826113000000,sh.603126,8.3500,8.3900,8.3400,8.3700,1872500,15656057.0000,3
2021-08-26,20210826140000000,sh.603126,8.3700,8.3900,8.3300,8.3500,1916500,16005606.0000,3
2021-08-26,20210826150000000,sh.603126,8.3400,8.3600,8.2900,8.3100,3315713,27569770.0000,3
2021-08-27,20210827103000000,sh.603126,8.3200,8.3400,8.1800,8.2100,4113000,33875235.0000,3
2021-08-27,20210827113000000,sh.603126,8.2100,8.2200,8.1200,8.1800,2568400,20988577.0000,3
2021-08-27,20210827140000000,sh.603126,8.1800,8.2000,8.1600,8.1600,1357300,11095134.0000,3
2021-08-27,20210827150000000,sh.603126,8.1600,8.2100,8.1600,8.1900,2139000,17502275.0000,3
2021-08-30,20210830103000000,sh.603126,8.1500,8.2700,8.1500,8.2200,3046200,25024073.0000,3
2021-08-30,20210830113000000,sh.603126,8.2200,8.2200,8.1400,8.1700,2006700,16423602.0000,3
2021-08-30,20210830140000000,sh.603126,8.1700,8.2000,8.1000,8.1200,2295800,18708312.0000,3
2021-08-30,20210830150000000,sh.603126,8.1200,8.1500,8.1100,8.1500,1751600,14237146.0000,3
2021-08-31,20210831103000000,sh.603126,8.3600,8.6700,8.3200,8.5800,19241834,164479045.0000,3
2021-08-31,20210831113000000,sh.603126,8.5900,8.6800,8.5200,8.6600,6976378,60062225.0000,3
2021-08-31,20210831140000000,sh.603126,8.6600,8.9700,8.6600,8.9700,18065099,160519530.0000,3
2021-08-31,20210831150000000,sh.603126,8.9700,8.9700,8.9700,8.9700,1250056,11213008.0000,3
2021-09-01,20210901103000000,sh.603126,9.4000,9.4200,8.8900,9.0900,40496564,373675952.0000,3
2021-09-01,20210901113000000,sh.603126,9.0800,9.2000,9.0100,9.1000,6266416,57154544.0000,3
2021-09-01,20210901140000000,sh.603126,9.1000,9.1200,9.0000,9.0300,4517584,40877136.0000,3
2021-09-01,20210901150000000,sh.603126,9.0400,9.0700,8.9400,8.9600,7685000,69076688.0000,3
2021-09-02,20210902103000000,sh.603126,8.8700,9.6000,8.7000,9.5700,33968077,314241744.0000,3
2021-09-02,20210902113000000,sh.603126,9.5700,9.5700,9.3400,9.4800,7634900,72020528.0000,3
2021-09-02,20210902140000000,sh.603126,9.4900,9.5500,9.4000,9.5400,5895600,55786784.0000,3
2021-09-02,20210902150000000,sh.603126,9.5400,9.8500,9.5200,9.7000,17441472,168688400.0000,3
2021-09-03,20210903103000000,sh.603126,9.4800,9.6700,9.3000,9.4400,24434800,230176071.0000,3
2021-09-03,20210903113000000,sh.603126,9.4400,9.5000,9.3100,9.3900,7776010,72996233.0000,3
2021-09-03,20210903140000000,sh.603126,9.3900,9.4400,9.3100,9.3700,4559300,42645680.0000,3
2021-09-03,20210903150000000,sh.603126,9.3600,9.4900,9.3000,9.4200,6951281,65118080.0000,3
2021-09-06,20210906103000000,sh.603126,9.4500,9.6400,9.2500,9.2800,15880072,149541578.0000,3
2021-09-06,20210906113000000,sh.603126,9.2800,9.4900,9.2700,9.3700,4105300,38532472.0000,3
2021-09-06,20210906140000000,sh.603126,9.3800,9.4500,9.3700,9.3800,2842800,26742760.0000,3
2021-09-06,20210906150000000,sh.603126,9.3900,9.4500,9.3500,9.4500,5511349,51785402.0000,3
2021-09-07,20210907103000000,sh.603126,9.3300,9.4900,9.2600,9.2900,10639261,99198500.0000,3
2021-09-07,20210907113000000,sh.603126,9.2800,9.3700,9.2500,9.3400,4791800,44560763.0000,3
2021-09-07,20210907140000000,sh.603126,9.3500,9.4000,9.3100,9.3500,3470013,32431824.0000,3
2021-09-07,20210907150000000,sh.603126,9.3500,9.3900,9.3400,9.3700,5818600,54513763.0000,3
2021-09-08,20210908103000000,sh.603126,9.3500,9.6500,9.3400,9.4300,15384802,146195880.0000,3
2021-09-08,20210908113000000,sh.603126,9.4300,9.4500,9.3500,9.4000,3759200,35316651.0000,3
2021-09-08,20210908140000000,sh.603126,9.4000,9.4300,9.3300,9.3800,3582400,33548463.0000,3
2021-09-08,20210908150000000,sh.603126,9.3800,9.4000,9.3700,9.3700,4261600,39986549.0000,3
2021-09-09,20210909103000000,sh.603126,9.3300,9.5500,9.1900,9.4900,15051698,142124406.0000,3
2021-09-09,20210909113000000,sh.603126,9.4900,9.6500,9.4700,9.6500,8141270,77715308.0000,3
2021-09-09,20210909140000000,sh.603126,9.6500,9.7700,9.6000,9.7700,11714011,113517054.0000,3
2021-09-09,20210909150000000,sh.603126,9.7700,10.2800,9.7700,9.9000,20255500,202500832.0000,3
2021-09-10,20210910103000000,sh.603126,9.7700,10.2100,9.6400,9.9700,23561038,234500351.0000,3
2021-09-10,20210910113000000,sh.603126,9.9600,9.9600,9.6600,9.8500,10484048,102756369.0000,3
2021-09-10,20210910140000000,sh.603126,9.8500,9.9000,9.7400,9.7800,3274500,32081440.0000,3
2021-09-10,20210910150000000,sh.603126,9.7800,9.7900,9.6000,9.6100,7929242,76760368.0000,3
2021-09-13,20210913103000000,sh.603126,9.8000,10.0500,9.7000,9.8300,17132443,169486164.0000,3
2021-09-13,20210913113000000,sh.603126,9.8300,9.8400,9.6200,9.7300,5131406,49867851.0000,3
2021-09-13,20210913140000000,sh.603126,9.7400,9.7500,9.6500,9.7100,3222217,31283272.0000,3
2021-09-13,20210913150000000,sh.603126,9.7100,9.7500,9.6900,9.7300,4586683,44610297.0000,3
2021-09-14,20210914103000000,sh.603126,9.7100,10.0100,9.6000,9.9100,13227190,129922363.0000,3
2021-09-14,20210914113000000,sh.603126,9.9100,9.9300,9.8000,9.8800,4137883,40841972.0000,3
2021-09-14,20210914140000000,sh.603126,9.8900,9.8900,9.6100,9.6200,5208000,50691026.0000,3
2021-09-14,20210914150000000,sh.603126,9.6200,9.6200,9.4100,9.4400,8590786,81691711.0000,3
2021-09-15,20210915103000000,sh.603126,9.3600,9.7200,9.3000,9.4800,11968062,114130324.0000,3
2021-09-15,20210915113000000,sh.603126,9.4700,9.5900,9.4000,9.5800,4044152,38338383.0000,3
2021-09-15,20210915140000000,sh.603126,9.5700,9.5900,9.4100,9.4600,2913900,27613179.0000,3
2021-09-15,20210915150000000,sh.603126,9.4600,9.4900,9.4100,9.4900,4551100,43000010.0000,3
2021-09-16,20210916103000000,sh.603126,9.4800,9.5900,9.4000,9.4000,8586800,81477201.0000,3
2021-09-16,20210916113000000,sh.603126,9.4000,9.4000,9.1800,9.2500,7848376,72874179.0000,3
2021-09-16,20210916140000000,sh.603126,9.2400,9.2600,9.1400,9.1500,4042290,37138474.0000,3
2021-09-16,20210916150000000,sh.603126,9.1500,9.2100,9.1100,9.1200,4860500,44455589.0000,3
2021-09-17,20210917103000000,sh.603126,9.1100,9.7900,9.1000,9.6200,23382058,224210690.0000,3
2021-09-17,20210917113000000,sh.603126,9.6300,9.8000,9.5200,9.5900,9159408,88543262.0000,3
2021-09-17,20210917140000000,sh.603126,9.5900,9.7000,9.4500,9.6800,5371600,51481744.0000,3
2021-09-17,20210917150000000,sh.603126,9.6800,9.8500,9.6500,9.8400,11527789,112478816.0000,3
2021-09-22,20210922103000000,sh.603126,9.7900,10.2100,9.6500,10.1900,31319814,313260496.0000,3
2021-09-22,20210922113000000,sh.603126,10.1900,10.2400,10.1100,10.2300,8501418,86633968.0000,3
2021-09-22,20210922140000000,sh.603126,10.2300,10.5000,10.2300,10.4200,13817700,142739216.0000,3
2021-09-22,20210922150000000,sh.603126,10.4200,10.4400,10.2500,10.4000,11596615,120298064.0000,3
2021-09-23,20210923103000000,sh.603126,10.4400,11.1100,10.1400,10.6300,36787507,389646528.0000,3
2021-09-23,20210923113000000,sh.603126,10.6400,10.8200,10.6200,10.7100,5510931,59027776.0000,3
2021-09-23,20210923140000000,sh.603126,10.7200,10.9900,10.4600,10.8500,12377169,132262912.0000,3
2021-09-23,20210923150000000,sh.603126,10.8400,10.8500,10.6600,10.6800,12268817,131835120.0000,3
2021-09-24,20210924103000000,sh.603126,10.5200,10.8700,10.2500,10.4600,21196925,223443212.0000,3
2021-09-24,20210924113000000,sh.603126,10.4500,10.5100,10.3500,10.4900,6886956,71787124.0000,3
2021-09-24,20210924140000000,sh.603126,10.4900,10.5500,10.3800,10.4600,4857297,50739200.0000,3
2021-09-24,20210924150000000,sh.603126,10.4600,10.4600,10.2600,10.3300,9138481,94386576.0000,3
2021-09-27,20210927103000000,sh.603126,10.6700,10.7700,9.9400,10.0600,20973076,215532092.0000,3
2021-09-27,20210927113000000,sh.603126,10.0600,10.2000,9.8500,9.8700,7975600,79624068.0000,3
2021-09-27,20210927140000000,sh.603126,9.7800,10.1300,9.7500,10.1300,5453200,54260720.0000,3
2021-09-27,20210927150000000,sh.603126,10.1300,10.1300,9.8600,10.0300,6027350,60284176.0000,3
2021-09-28,20210928103000000,sh.603126,9.9900,10.5100,9.8800,10.2900,17677299,181595424.0000,3
2021-09-28,20210928113000000,sh.603126,10.2800,10.8200,10.2800,10.6300,14152484,149585696.0000,3
2021-09-28,20210928140000000,sh.603126,10.6400,10.9300,10.5800,10.8500,13326491,143435328.0000,3
2021-09-28,20210928150000000,sh.603126,10.8500,10.9700,10.7200,10.9000,13633615,147996368.0000,3
2021-09-29,20210929103000000,sh.603126,10.4500,10.8000,10.4400,10.6600,18696300,198473410.0000,3
2021-09-29,20210929113000000,sh.603126,10.6700,10.6700,10.2300,10.3700,9515259,99155710.0000,3
2021-09-29,20210929140000000,sh.603126,10.3800,10.5300,10.3100,10.3300,4700409,48999456.0000,3
2021-09-29,20210929150000000,sh.603126,10.3300,10.4300,10.2800,10.3100,7394925,76482944.0000,3
2021-09-30,20210930103000000,sh.603126,10.2900,10.7300,10.2700,10.6200,14893476,157376569.0000,3
2021-09-30,20210930113000000,sh.603126,10.6300,10.6900,10.5200,10.6700,6368641,67701746.0000,3
2021-09-30,20210930140000000,sh.603126,10.6900,10.8300,10.6700,10.7600,8464589,90972181.0000,3
2021-09-30,20210930150000000,sh.603126,10.7500,10.7900,10.6500,10.6700,11286429,121051136.0000,3
2021-10-08,20211008103000000,sh.603126,10.8200,11.0800,10.5000,10.6500,20044186,215533750.0000,3
2021-10-08,20211008113000000,sh.603126,10.6500,10.7100,10.4300,10.4400,5266200,55439642.0000,3
2021-10-08,20211008140000000,sh.603126,10.4300,10.5000,10.3500,10.3600,4476969,46671888.0000,3
2021-10-08,20211008150000000,sh.603126,10.3600,10.4700,10.3000,10.4700,5422894,56404800.0000,3
2021-10-11,20211011103000000,sh.603126,10.5500,10.5700,9.4200,9.4300,29208332,280513744.0000,3
2021-10-11,20211011113000000,sh.603126,9.4300,9.5500,9.4200,9.4200,6555289,61869232.0000,3
2021-10-11,20211011140000000,sh.603126,9.4200,9.4200,9.4200,9.4200,1008800,9502896.0000,3
2021-10-11,20211011150000000,sh.603126,9.4200,9.4200,9.4200,9.4200,751800,7081968.0000,3
2021-10-12,20211012103000000,sh.603126,9.0100,9.2300,8.6000,8.7600,22788605,202657900.0000,3
2021-10-12,20211012113000000,sh.603126,8.7600,8.7700,8.6000,8.6400,6990739,60621031.0000,3
2021-10-12,20211012140000000,sh.603126,8.6500,8.6700,8.4800,8.5700,7438561,63524525.0000,3
2021-10-12,20211012150000000,sh.603126,8.5700,8.9400,8.5000,8.8400,6448139,56033744.0000,3
2021-10-13,20211013103000000,sh.603126,8.6600,8.7000,8.3600,8.4000,10592705,89991295.0000,3
2021-10-13,20211013113000000,sh.603126,8.3900,8.4800,8.3600,8.4700,3391300,28502852.0000,3
2021-10-13,20211013140000000,sh.603126,8.4800,8.5800,8.4600,8.5000,3229600,27495762.0000,3
2021-10-13,20211013150000000,sh.603126,8.5000,8.5400,8.4800,8.5000,3926300,33393178.0000,3
2021-10-14,20211014103000000,sh.603126,8.5000,8.5800,8.3900,8.5500,6541322,55538357.0000,3
2021-10-14,20211014113000000,sh.603126,8.5500,8.6300,8.5000,8.6100,3343500,28655801.0000,3
2021-10-14,20211014140000000,sh.603126,8.6200,8.6200,8.5500,8.5700,1948100,16698866.0000,3
2021-10-14,20211014150000000,sh.603126,8.5700,8.5800,8.5000,8.5200,3921284,33472165.0000,3
2021-10-15,20211015103000000,sh.603126,8.5400,8.6100,8.3000,8.3500,8081400,67904654.0000,3
2021-10-15,20211015113000000,sh.603126,8.3500,8.4000,8.3100,8.3600,2100900,17540875.0000,3
2021-10-15,20211015140000000,sh.603126,8.3700,8.4800,8.3400,8.4600,2190422,18454406.0000,3
2021-10-15,20211015150000000,sh.603126,8.4700,8.4700,8.3000,8.3100,3990239,33363360.0000,3
2021-10-18,20211018103000000,sh.603126,8.2600,8.4800,8.2100,8.4400,5389506,45253811.0000,3
2021-10-18,20211018113000000,sh.603126,8.4400,8.4700,8.4100,8.4400,1863400,15738426.0000,3
2021-10-18,20211018140000000,sh.603126,8.4400,8.4600,8.3700,8.3800,1959700,16481374.0000,3
2021-10-18,20211018150000000,sh.603126,8.3800,8.4400,8.3600,8.4400,2865213,24104283.0000,3
2021-10-19,20211019103000000,sh.603126,8.5000,8.5000,8.3400,8.4400,4516184,38045055.0000,3
2021-10-19,20211019113000000,sh.603126,8.4500,8.4900,8.4400,8.4700,1825616,15447370.0000,3
2021-10-19,20211019140000000,sh.603126,8.4700,8.5700,8.4700,8.5100,3305596,28174424.0000,3
2021-10-19,20211019150000000,sh.603126,8.5100,8.5600,8.4800,8.5500,3624697,30928182.0000,3
2021-10-20,20211020103000000,sh.603126,8.5600,8.6500,8.3800,8.5800,5513700,46993676.0000,3
2021-10-20,20211020113000000,sh.603126,8.5800,8.5900,8.5300,8.5800,1893518,16211135.0000,3
2021-10-20,20211020140000000,sh.603126,8.5900,8.6500,8.5700,8.5900,3012300,25947201.0000,3
2021-10-20,20211020150000000,sh.603126,8.5900,8.6100,8.5600,8.5900,3202600,27515032.0000,3
2021-10-21,20211021103000000,sh.603126,8.5800,8.5800,8.4200,8.4600,5220150,44212192.0000,3
2021-10-21,20211021113000000,sh.603126,8.4600,8.4700,8.3500,8.4000,4607511,38739226.0000,3
2021-10-21,20211021140000000,sh.603126,8.4000,8.4200,8.3100,8.3500,3226645,26986598.0000,3
2021-10-21,20211021150000000,sh.603126,8.3500,8.5100,8.2800,8.5000,4634447,38854262.0000,3
2021-10-22,20211022103000000,sh.603126,8.4800,8.5100,8.3300,8.4000,4538968,38314513.0000,3
2021-10-22,20211022113000000,sh.603126,8.4000,8.4100,8.3600,8.3800,1692100,14182239.0000,3
2021-10-22,20211022140000000,sh.603126,8.3900,8.4400,8.3200,8.3300,2143900,17957330.0000,3
2021-10-22,20211022150000000,sh.603126,8.3300,8.3500,8.2200,8.3300,4820979,39985356.0000,3
2021-10-25,20211025103000000,sh.603126,8.3500,8.5200,8.2900,8.4900,6388902,53863486.0000,3
2021-10-25,20211025113000000,sh.603126,8.4900,8.5000,8.4200,8.4600,1899900,16069069.0000,3
2021-10-25,20211025140000000,sh.603126,8.4600,9.1500,8.4600,8.9500,19262769,170767690.0000,3
2021-10-25,20211025150000000,sh.603126,8.9500,9.0400,8.8700,8.8800,5722500,51106299.0000,3
2021-10-26,20211026103000000,sh.603126,8.8000,8.9500,8.7000,8.8400,12378180,109419777.0000,3
2021-10-26,20211026113000000,sh.603126,8.8500,8.8700,8.7300,8.7900,2844800,25025827.0000,3
2021-10-26,20211026140000000,sh.603126,8.7900,8.8100,8.7000,8.8000,2560700,22400662.0000,3
2021-10-26,20211026150000000,sh.603126,8.8000,8.8000,8.7100,8.7300,2844600,24857322.0000,3
2021-10-27,20211027103000000,sh.603126,8.8000,8.8400,8.5600,8.5800,6519783,56496447.0000,3
2021-10-27,20211027113000000,sh.603126,8.5800,8.5900,8.4700,8.5800,3590500,30613322.0000,3
2021-10-27,20211027140000000,sh.603126,8.5900,8.5900,8.4700,8.5300,2501604,21313562.0000,3
2021-10-27,20211027150000000,sh.603126,8.5300,8.5400,8.4700,8.5100,3024018,25730082.0000,3
2021-10-28,20211028103000000,sh.603126,8.5200,8.5600,8.1900,8.2400,7413684,61817270.0000,3
2021-10-28,20211028113000000,sh.603126,8.2400,8.2600,8.0500,8.2300,4679334,38134387.0000,3
2021-10-28,20211028140000000,sh.603126,8.2400,8.2700,8.1600,8.1900,1472800,12082038.0000,3
2021-10-28,20211028150000000,sh.603126,8.1900,8.2300,8.1600,8.1800,2845400,23328619.0000,3
2021-10-29,20211029103000000,sh.603126,8.1600,8.2500,7.9500,8.1800,5726800,46359595.0000,3
2021-10-29,20211029113000000,sh.603126,8.1800,8.2900,8.1600,8.2300,1722089,14179721.0000,3
2021-10-29,20211029140000000,sh.603126,8.2300,8.2700,8.2100,8.2600,1203809,9933468.0000,3
2021-10-29,20211029150000000,sh.603126,8.2600,8.2900,8.2200,8.2400,2988200,24669664.0000,3
2021-11-01,20211101103000000,sh.603126,8.2400,8.3700,8.1700,8.2200,4214400,34714292.0000,3
2021-11-01,20211101113000000,sh.603126,8.2100,8.2900,8.2000,8.2600,1510100,12456448.0000,3
2021-11-01,20211101140000000,sh.603126,8.2500,8.3300,8.2400,8.2600,1942800,16084202.0000,3
2021-11-01,20211101150000000,sh.603126,8.2600,8.2800,8.2300,8.2600,3263409,26934427.0000,3
2021-11-02,20211102103000000,sh.603126,8.3000,8.3200,8.0800,8.1000,5512206,44889845.0000,3
2021-11-02,20211102113000000,sh.603126,8.1000,8.1100,8.0000,8.0500,4560600,36674150.0000,3
2021-11-02,20211102140000000,sh.603126,8.0600,8.0600,7.8700,7.9100,5855606,46465078.0000,3
2021-11-02,20211102150000000,sh.603126,7.9100,7.9800,7.9000,7.9600,2806863,22283938.0000,3
2021-11-03,20211103103000000,sh.603126,7.9000,8.0000,7.7900,7.9000,5718957,44971996.0000,3
2021-11-03,20211103113000000,sh.603126,7.8900,7.9900,7.8800,7.9100,1440400,11427989.0000,3
2021-11-03,20211103140000000,sh.603126,7.9100,7.9200,7.8600,7.8900,1008700,7951916.0000,3
2021-11-03,20211103150000000,sh.603126,7.8900,7.9700,7.8800,7.9600,2155809,17126556.0000,3
2021-11-04,20211104103000000,sh.603126,7.9000,8.0500,7.9000,7.9800,3420900,27315626.0000,3
2021-11-04,20211104113000000,sh.603126,7.9800,8.0300,7.9800,8.0100,1345700,10773368.0000,3
2021-11-04,20211104140000000,sh.603126,8.0100,8.0100,7.9200,7.9400,1996900,15896932.0000,3
2021-11-04,20211104150000000,sh.603126,7.9400,7.9700,7.9100,7.9700,3123500,24813112.0000,3
2021-11-05,20211105103000000,sh.603126,8.0500,8.2500,8.0500,8.1200,7789004,63644261.0000,3
2021-11-05,20211105113000000,sh.603126,8.1200,8.1500,8.0900,8.1100,1707261,13870139.0000,3
2021-11-05,20211105140000000,sh.603126,8.1100,8.1100,8.0400,8.0800,1614300,13026309.0000,3
2021-11-05,20211105150000000,sh.603126,8.0800,8.0900,8.0000,8.0100,2721939,21839953.0000,3
2021-11-08,20211108103000000,sh.603126,8.1700,8.4700,8.1200,8.3400,10886005,90467465.0000,3
2021-11-08,20211108113000000,sh.603126,8.3400,8.3800,8.2500,8.2800,2503900,20783220.0000,3
2021-11-08,20211108140000000,sh.603126,8.2800,8.3400,8.2800,8.3300,1236400,10275156.0000,3
2021-11-08,20211108150000000,sh.603126,8.3300,8.3300,8.3000,8.3200,2713923,22559397.0000,3
2021-11-09,20211109103000000,sh.603126,8.3400,8.6300,8.3400,8.3900,10255323,86963630.0000,3
2021-11-09,20211109113000000,sh.603126,8.3900,8.5000,8.3800,8.4900,2096245,17727016.0000,3
2021-11-09,20211109140000000,sh.603126,8.4900,8.5000,8.4400,8.4700,1561721,13222090.0000,3
2021-11-09,20211109150000000,sh.603126,8.4700,8.4900,8.4600,8.4900,2905076,24618579.0000,3
2021-11-10,20211110103000000,sh.603126,8.4900,8.4900,8.2800,8.3200,6341037,52856679.0000,3
2021-11-10,20211110113000000,sh.603126,8.3200,8.3400,8.2800,8.3300,1553418,12897613.0000,3
2021-11-10,20211110140000000,sh.603126,8.3500,8.3700,8.2800,8.3600,1376860,11463476.0000,3
2021-11-10,20211110150000000,sh.603126,8.3700,8.4300,8.3300,8.4000,2871423,24097362.0000,3
2021-11-11,20211111103000000,sh.603126,8.3500,8.5000,8.3100,8.3800,4232418,35658877.0000,3
2021-11-11,20211111113000000,sh.603126,8.3800,8.3900,8.3300,8.3400,1998400,16699342.0000,3
2021-11-11,20211111140000000,sh.603126,8.3400,8.4300,8.3400,8.3900,1748300,14651709.0000,3
2021-11-11,20211111150000000,sh.603126,8.3900,8.4100,8.3800,8.4100,2273262,19082841.0000,3
2021-11-12,20211112103000000,sh.603126,8.4200,8.4300,8.3000,8.3000,3877851,32301983.0000,3
2021-11-12,20211112113000000,sh.603126,8.3000,8.3200,8.2800,8.3200,1733801,14389450.0000,3
2021-11-12,20211112140000000,sh.603126,8.3200,8.3600,8.3000,8.3100,1811000,15068691.0000,3
2021-11-12,20211112150000000,sh.603126,8.3100,8.3300,8.3000,8.3000,2625004,21816337.0000,3
2021-11-15,20211115103000000,sh.603126,8.3000,8.4200,8.2600,8.4100,4082943,34022866.0000,3
2021-11-15,20211115113000000,sh.603126,8.4100,8.4800,8.3800,8.4600,4094500,34526341.0000,3
2021-11-15,20211115140000000,sh.603126,8.4500,8.4600,8.4100,8.4200,1627800,13738380.0000,3
2021-11-15,20211115150000000,sh.603126,8.4200,8.4400,8.4000,8.4400,3094372,26051581.0000,3
2021-11-16,20211116103000000,sh.603126,8.4600,8.4800,8.3000,8.3100,3627000,30290277.0000,3
2021-11-16,20211116113000000,sh.603126,8.3100,8.3300,8.2900,8.3300,1985716,16494058.0000,3
2021-11-16,20211116140000000,sh.603126,8.3300,8.3400,8.2500,8.2600,2721800,22579874.0000,3
2021-11-16,20211116150000000,sh.603126,8.2600,8.2800,8.1900,8.2100,3409823,28072108.0000,3
2021-11-17,20211117103000000,sh.603126,8.1500,8.3200,8.1500,8.3200,2517400,20678040.0000,3
2021-11-17,20211117113000000,sh.603126,8.3100,8.3100,8.2200,8.2300,1379700,11396359.0000,3
2021-11-17,20211117140000000,sh.603126,8.2400,8.2700,8.2100,8.2300,1475943,12159745.0000,3
2021-11-17,20211117150000000,sh.603126,8.2300,8.2500,8.2000,8.2500,2120900,17443457.0000,3
2021-11-18,20211118103000000,sh.603126,8.2100,8.3200,8.1900,8.2700,3325333,27493232.0000,3
2021-11-18,20211118113000000,sh.603126,8.2700,8.3500,8.2700,8.3500,1944100,16152138.0000,3
2021-11-18,20211118140000000,sh.603126,8.3500,8.3800,8.2900,8.3200,1536000,12809148.0000,3
2021-11-18,20211118150000000,sh.603126,8.3200,8.3200,8.2600,8.2800,1958400,16228106.0000,3
2021-11-19,20211119103000000,sh.603126,8.2500,8.3500,8.1800,8.2100,3739154,30755574.0000,3
2021-11-19,20211119113000000,sh.603126,8.2100,8.3900,8.2100,8.3700,2706156,22525695.0000,3
2021-11-19,20211119140000000,sh.603126,8.3700,8.3800,8.3300,8.3400,1393003,11625214.0000,3
2021-11-19,20211119150000000,sh.603126,8.3400,8.3700,8.3300,8.3700,2605100,21762601.0000,3
2021-11-22,20211122103000000,sh.603126,8.2100,8.2900,8.1600,8.2500,7096100,58275565.0000,3
2021-11-22,20211122113000000,sh.603126,8.2500,8.2600,8.2100,8.2500,1729575,14236130.0000,3
2021-11-22,20211122140000000,sh.603126,8.2600,8.2700,8.2300,8.2700,1715600,14144264.0000,3
2021-11-22,20211122150000000,sh.603126,8.2700,8.3300,8.2400,8.3200,2886200,23893037.0000,3
2021-11-23,20211123103000000,sh.603126,8.2800,8.3100,8.2000,8.2600,3433725,28336393.0000,3
2021-11-23,20211123113000000,sh.603126,8.2600,8.2800,8.2400,8.2500,1479300,12210555.0000,3
2021-11-23,20211123140000000,sh.603126,8.2500,8.2700,8.2200,8.2300,2414051,19894271.0000,3
2021-11-23,20211123150000000,sh.603126,8.2300,8.2500,8.2300,8.2500,2158139,17780650.0000,3
2021-11-24,20211124103000000,sh.603126,8.2400,8.2800,8.1600,8.1800,4275000,35041655.0000,3
2021-11-24,20211124113000000,sh.603126,8.1800,8.2100,8.1600,8.1900,1783500,14590129.0000,3
2021-11-24,20211124140000000,sh.603126,8.1900,8.4100,8.1800,8.3700,6077497,50676488.0000,3
2021-11-24,20211124150000000,sh.603126,8.3700,8.5700,8.3600,8.5700,11590734,98423119.0000,3
2021-11-25,20211125103000000,sh.603126,8.5700,8.5700,8.4300,8.4400,5418200,45971015.0000,3
2021-11-25,20211125113000000,sh.603126,8.4400,8.5100,8.4400,8.5100,1570552,13294527.0000,3
2021-11-25,20211125140000000,sh.603126,8.5100,8.5100,8.4600,8.4800,2058516,17449926.0000,3
2021-11-25,20211125150000000,sh.603126,8.4800,8.4800,8.4300,8.4400,2404057,20310410.0000,3
2021-11-26,20211126103000000,sh.603126,8.4800,8.8500,8.4100,8.7000,13172989,114351785.0000,3
2021-11-26,20211126113000000,sh.603126,8.6900,8.7200,8.6000,8.6500,3075768,26641375.0000,3
2021-11-26,20211126140000000,sh.603126,8.6600,8.7600,8.6400,8.7100,3319100,28875232.0000,3
2021-11-26,20211126150000000,sh.603126,8.7100,8.7300,8.6800,8.7000,4364006,38001235.0000,3
2021-11-29,20211129103000000,sh.603126,8.5100,8.6000,8.4600,8.5300,6917300,58910600.0000,3
2021-11-29,20211129113000000,sh.603126,8.5300,8.6200,8.5300,8.5800,1767306,15157812.0000,3
2021-11-29,20211129140000000,sh.603126,8.5800,8.5900,8.5100,8.5700,1926100,16470812.0000,3
2021-11-29,20211129150000000,sh.603126,8.5700,8.6900,8.5400,8.6800,3750645,32393150.0000,3
2021-11-30,20211130103000000,sh.603126,8.6300,8.8000,8.6200,8.7300,5084859,44384287.0000,3
2021-11-30,20211130113000000,sh.603126,8.7300,8.7300,8.6000,8.6900,3286434,28473873.0000,3
2021-11-30,20211130140000000,sh.603126,8.6900,8.7400,8.6600,8.6900,2431500,21140643.0000,3
2021-11-30,20211130150000000,sh.603126,8.6900,8.7600,8.6500,8.7600,4255800,37084853.0000,3
2021-12-01,20211201103000000,sh.603126,8.7600,8.8200,8.6500,8.7700,4936500,43084788.0000,3
2021-12-01,20211201113000000,sh.603126,8.7600,8.7700,8.7100,8.7300,1465759,12807515.0000,3
2021-12-01,20211201140000000,sh.603126,8.7300,8.7900,8.7200,8.7700,1683600,14731632.0000,3
2021-12-01,20211201150000000,sh.603126,8.7700,8.8100,8.7500,8.7900,4466900,39253530.0000,3
2021-12-02,20211202103000000,sh.603126,8.8000,8.8100,8.6600,8.6600,6029600,52469788.0000,3
2021-12-02,20211202113000000,sh.603126,8.6600,8.6700,8.5900,8.6400,3139071,27063936.0000,3
2021-12-02,20211202140000000,sh.603126,8.6300,8.6500,8.6000,8.6400,1549300,13350057.0000,3
2021-12-02,20211202150000000,sh.603126,8.6400,8.6400,8.5700,8.5800,2890900,24857091.0000,3
2021-12-03,20211203103000000,sh.603126,8.5800,8.6400,8.4700,8.6000,4282089,36508517.0000,3
2021-12-03,20211203113000000,sh.603126,8.6000,8.7600,8.5900,8.7400,4455098,38692643.0000,3
2021-12-03,20211203140000000,sh.603126,8.7400,8.8700,8.7400,8.8000,5346200,47128697.0000,3
2021-12-03,20211203150000000,sh.603126,8.8000,8.8200,8.7100,8.7100,3895400,34155018.0000,3
2021-12-06,20211206103000000,sh.603126,8.8500,9.0200,8.7600,8.7800,8436292,74807864.0000,3
2021-12-06,20211206113000000,sh.603126,8.7800,8.8100,8.7100,8.7300,2616000,22911935.0000,3
2021-12-06,20211206140000000,sh.603126,8.7300,8.7600,8.6900,8.7100,1742386,15196200.0000,3
2021-12-06,20211206150000000,sh.603126,8.7200,8.7200,8.6500,8.6800,2880485,25004414.0000,3
2021-12-07,20211207103000000,sh.603126,8.6800,8.7700,8.5200,8.5200,5023569,43275800.0000,3
2021-12-07,20211207113000000,sh.603126,8.5200,8.7200,8.5000,8.6500,2201200,18912021.0000,3
2021-12-07,20211207140000000,sh.603126,8.6600,8.7600,8.6200,8.7100,2396200,20888100.0000,3
2021-12-07,20211207150000000,sh.603126,8.7100,8.7500,8.7000,8.7500,2728050,23815531.0000,3
2021-12-08,20211208103000000,sh.603126,8.7300,8.8100,8.6600,8.8100,3218900,28090643.0000,3
2021-12-08,20211208113000000,sh.603126,8.8100,8.8100,8.7300,8.7600,2429900,21315809.0000,3
2021-12-08,20211208140000000,sh.603126,8.7600,8.7700,8.7000,8.7200,1684600,14708074.0000,3
2021-12-08,20211208150000000,sh.603126,8.7200,8.7500,8.7100,8.7400,2296784,20047028.0000,3
2021-12-09,20211209103000000,sh.603126,8.7300,8.8000,8.6500,8.7100,3546212,30965045.0000,3
2021-12-09,20211209113000000,sh.603126,8.7100,8.7400,8.6900,8.7100,2317409,20179898.0000,3
2021-12-09,20211209140000000,sh.603126,8.7100,8.7300,8.6800,8.6900,1925800,16743554.0000,3
2021-12-09,20211209150000000,sh.603126,8.6900,8.7200,8.6700,8.6800,2493606,21661215.0000,3
2021-12-10,20211210103000000,sh.603126,8.7000,8.7300,8.6100,8.6600,2408358,20865244.0000,3
2021-12-10,20211210113000000,sh.603126,8.6500,8.6900,8.6400,8.6800,1095300,9490776.0000,3
2021-12-10,20211210140000000,sh.603126,8.6900,8.7200,8.6800,8.6800,1111600,9667772.0000,3
2021-12-10,20211210150000000,sh.603126,8.6800,8.6900,8.6100,8.6300,2494714,21600908.0000,3
2021-12-13,20211213103000000,sh.603126,8.7200,8.7700,8.6700,8.6800,4021006,35075019.0000,3
2021-12-13,20211213113000000,sh.603126,8.6800,8.7500,8.6700,8.7200,1406609,12263841.0000,3
2021-12-13,20211213140000000,sh.603126,8.7200,8.7300,8.6800,8.7100,1255200,10928661.0000,3
2021-12-13,20211213150000000,sh.603126,8.7100,8.7500,8.6700,8.7500,3277327,28569947.0000,3
2021-12-14,20211214103000000,sh.603126,8.7600,8.7600,8.6700,8.6800,1874109,16299546.0000,3
2021-12-14,20211214113000000,sh.603126,8.6800,8.7500,8.6700,8.7400,1566500,13641528.0000,3
2021-12-14,20211214140000000,sh.603126,8.7400,8.9800,8.7400,8.8900,6933809,61475078.0000,3
2021-12-14,20211214150000000,sh.603126,8.8900,8.9000,8.8300,8.8900,3868400,34315826.0000,3
2021-12-15,20211215103000000,sh.603126,8.8800,9.2800,8.8600,9.1600,13866172,126739742.0000,3
2021-12-15,20211215113000000,sh.603126,9.1600,9.2000,9.1400,9.1900,2722900,24956448.0000,3
2021-12-15,20211215140000000,sh.603126,9.1800,9.1900,9.0800,9.1400,3089800,28192287.0000,3
2021-12-15,20211215150000000,sh.603126,9.1400,9.1500,9.0600,9.1100,3951000,35967648.0000,3
2021-12-16,20211216103000000,sh.603126,9.1500,9.2300,9.0300,9.1000,6295574,57476235.0000,3
2021-12-16,20211216113000000,sh.603126,9.1100,9.1200,9.0600,9.0900,2004900,18215773.0000,3
2021-12-16,20211216140000000,sh.603126,9.0900,9.1800,9.0900,9.1500,2590486,23705467.0000,3
2021-12-16,20211216150000000,sh.603126,9.1500,9.1600,9.1000,9.1300,3096094,28252908.0000,3
2021-12-17,20211217103000000,sh.603126,9.0900,9.2000,9.0100,9.0800,6049900,55065701.0000,3
2021-12-17,20211217113000000,sh.603126,9.0800,9.2700,9.0600,9.1500,4523186,41575635.0000,3
2021-12-17,20211217140000000,sh.603126,9.1500,9.1700,9.1200,9.1500,1904000,17417352.0000,3
2021-12-17,20211217150000000,sh.603126,9.1500,9.1700,9.1200,9.1300,3251749,29729997.0000,3
2021-12-20,20211220103000000,sh.603126,9.0800,9.0900,8.7500,8.8100,9068551,80343855.0000,3
2021-12-20,20211220113000000,sh.603126,8.8100,8.8400,8.7500,8.8100,2072800,18225522.0000,3
2021-12-20,20211220140000000,sh.603126,8.8100,8.8500,8.7900,8.8000,1278500,11274677.0000,3
2021-12-20,20211220150000000,sh.603126,8.7900,8.7900,8.7100,8.7300,2873475,25154559.0000,3
2021-12-21,20211221103000000,sh.603126,8.6300,8.8000,8.6200,8.7200,3063600,26699835.0000,3
2021-12-21,20211221113000000,sh.603126,8.7200,8.7500,8.6800,8.7500,1257530,10948749.0000,3
2021-12-21,20211221140000000,sh.603126,8.7500,8.8400,8.7300,8.8000,1683550,14795282.0000,3
2021-12-21,20211221150000000,sh.603126,8.8000,8.8400,8.8000,8.8100,1685500,14856728.0000,3
2021-12-22,20211222103000000,sh.603126,8.7900,8.8600,8.7000,8.7200,3585200,31385577.0000,3
2021-12-22,20211222113000000,sh.603126,8.7200,8.7300,8.6700,8.7100,1957000,17027491.0000,3
2021-12-22,20211222140000000,sh.603126,8.7200,8.7300,8.6600,8.7300,1984300,17241833.0000,3
2021-12-22,20211222150000000,sh.603126,8.7300,8.7400,8.6800,8.6800,1585550,13804487.0000,3
2021-12-23,20211223103000000,sh.603126,8.6900,8.6900,8.5000,8.6000,4366300,37566335.0000,3
2021-12-23,20211223113000000,sh.603126,8.6100,8.7500,8.6000,8.7500,1850600,16080095.0000,3
2021-12-23,20211223140000000,sh.603126,8.7500,8.7600,8.6700,8.6900,1566300,13638839.0000,3
2021-12-23,20211223150000000,sh.603126,8.6900,8.7000,8.6300,8.6500,2762500,23954763.0000,3
2021-12-24,20211224103000000,sh.603126,8.6000,8.6800,8.3300,8.3300,7844429,66698014.0000,3
2021-12-24,20211224113000000,sh.603126,8.3300,8.3700,8.2300,8.3300,5151100,42779627.0000,3
2021-12-24,20211224140000000,sh.603126,8.3300,8.3300,8.2400,8.2400,2372900,19630840.0000,3
2021-12-24,20211224150000000,sh.603126,8.2400,8.2600,8.1800,8.2400,4179808,34351525.0000,3
2021-12-27,20211227103000000,sh.603126,8.2000,8.3200,8.1700,8.3000,2673495,22075114.0000,3
2021-12-27,20211227113000000,sh.603126,8.3100,8.3200,8.2500,8.2700,1143900,9475469.0000,3
2021-12-27,20211227140000000,sh.603126,8.2800,8.2800,8.1800,8.2300,1586500,13041816.0000,3
2021-12-27,20211227150000000,sh.603126,8.2300,8.3000,8.2200,8.2600,1673600,13808413.0000,3
2021-12-28,20211228103000000,sh.603126,8.2800,8.3000,8.1800,8.2000,2808413,23070541.0000,3
2021-12-28,20211228113000000,sh.603126,8.2000,8.2100,8.1900,8.2100,890800,7299956.0000,3
2021-12-28,20211228140000000,sh.603126,8.2100,8.2200,8.1800,8.2100,1083100,8880031.0000,3
2021-12-28,20211228150000000,sh.603126,8.2100,8.2300,8.2000,8.2200,1347273,11071019.0000,3
2021-12-29,20211229103000000,sh.603126,8.1800,8.2500,8.1700,8.2100,3680829,30130711.0000,3
2021-12-29,20211229113000000,sh.603126,8.2000,8.2100,8.1800,8.2100,808095,6624019.0000,3
2021-12-29,20211229140000000,sh.603126,8.2100,8.2200,8.1900,8.2100,960100,7874256.0000,3
2021-12-29,20211229150000000,sh.603126,8.2100,8.2200,8.2000,8.2100,1369700,11250641.0000,3
2021-12-30,20211230103000000,sh.603126,8.2200,8.2400,8.1800,8.2300,1577043,12951587.0000,3
2021-12-30,20211230113000000,sh.603126,8.2400,8.2700,8.2300,8.2500,1455100,12008581.0000,3
2021-12-30,20211230140000000,sh.603126,8.2600,8.2600,8.2300,8.2400,866173,7133481.0000,3
2021-12-30,20211230150000000,sh.603126,8.2400,8.2400,8.2100,8.2300,1653257,13595335.0000,3
2021-12-31,20211231103000000,sh.603126,8.2300,8.3700,8.2300,8.3200,3359100,27942365.0000,3
2021-12-31,20211231113000000,sh.603126,8.3200,8.3200,8.2800,8.2900,961700,7984979.0000,3
2021-12-31,20211231140000000,sh.603126,8.3000,8.3000,8.2000,8.2700,1470988,12142933.0000,3
2021-12-31,20211231150000000,sh.603126,8.2700,8.3000,8.2500,8.3000,1677012,13895413.0000,3
