date,time,code,open,high,low,close,volume,amount,adjustflag
2021-01-04,20210104103000000,sh.600654,1.7400,1.7400,1.6900,1.6900,1997600,3404691.0000,3
2021-01-04,20210104113000000,sh.600654,1.6900,1.7200,1.6900,1.7000,1262200,2147955.0000,3
2021-01-04,20210104140000000,sh.600654,1.7000,1.7100,1.6800,1.6900,1021840,1731363.0000,3
2021-01-04,20210104150000000,sh.600654,1.6900,1.7100,1.6800,1.7100,838512,1420817.0000,3
2021-01-05,20210105103000000,sh.600654,1.7200,1.7300,1.6900,1.7300,1620036,2783394.0000,3
2021-01-05,20210105113000000,sh.600654,1.7300,1.7500,1.7200,1.7200,864758,1495636.0000,3
2021-01-05,20210105140000000,sh.600654,1.7300,1.7300,1.7100,1.7100,392700,673322.0000,3
2021-01-05,20210105150000000,sh.600654,1.7100,1.7200,1.7100,1.7100,455806,779788.0000,3
2021-01-06,20210106103000000,sh.600654,1.7100,1.7300,1.6800,1.6900,1727100,2924568.0000,3
2021-01-06,20210106113000000,sh.600654,1.6900,1.7000,1.6800,1.7000,807922,1365907.0000,3
2021-01-06,20210106140000000,sh.600654,1.7000,1.7000,1.6800,1.6800,407900,687836.0000,3
2021-01-06,20210106150000000,sh.600654,1.6800,1.6900,1.6700,1.6800,1212317,2038648.0000,3
2021-01-07,20210107103000000,sh.600654,1.6800,1.6900,1.6200,1.6500,2092599,3459014.0000,3
2021-01-07,20210107113000000,sh.600654,1.6500,1.6600,1.6400,1.6500,1177100,1938624.0000,3
2021-01-07,20210107140000000,sh.600654,1.6500,1.6600,1.6300,1.6400,782400,1288852.0000,3
2021-01-07,20210107150000000,sh.600654,1.6400,1.6500,1.6300,1.6300,779500,1273490.0000,3
2021-01-08,20210108103000000,sh.600654,1.6300,1.6500,1.6200,1.6300,1112500,1818999.0000,3
2021-01-08,20210108113000000,sh.600654,1.6300,1.6500,1.6300,1.6500,450897,742133.0000,3
2021-01-08,20210108140000000,sh.600654,1.6500,1.6500,1.6400,1.6400,507617,833636.0000,3
2021-01-08,20210108150000000,sh.600654,1.6400,1.6600,1.6400,1.6600,885007,1461290.0000,3
2021-01-11,20210111103000000,sh.600654,1.6600,1.6700,1.6300,1.6500,982814,1619770.0000,3
2021-01-11,20210111113000000,sh.600654,1.6500,1.6500,1.6300,1.6300,450186,738008.0000,3
2021-01-11,20210111140000000,sh.600654,1.6300,1.6500,1.6200,1.6300,681401,1111061.0000,3
2021-01-11,20210111150000000,sh.600654,1.6300,1.6400,1.6200,1.6200,440800,715970.0000,3
2021-01-12,20210112103000000,sh.600654,1.6100,1.6400,1.6100,1.6200,683803,1108855.0000,3
2021-01-12,20210112113000000,sh.600654,1.6200,1.6300,1.6200,1.6200,250400,407121.0000,3
2021-01-12,20210112140000000,sh.600654,1.6200,1.6400,1.6200,1.6300,325581,529116.0000,3
2021-01-12,20210112150000000,sh.600654,1.6300,1.6300,1.6200,1.6200,680484,1104814.0000,3
2021-01-13,20210113103000000,sh.600654,1.6200,1.6500,1.6100,1.6200,1049300,1714322.0000,3
2021-01-13,20210113113000000,sh.600654,1.6300,1.6300,1.6100,1.6200,472701,765252.0000,3
2021-01-13,20210113140000000,sh.600654,1.6300,1.6300,1.6100,1.6200,536799,865850.0000,3
2021-01-13,20210113150000000,sh.600654,1.6200,1.6200,1.6000,1.6100,528100,849889.0000,3
2021-01-14,20210114103000000,sh.600654,1.6100,1.6200,1.5900,1.6000,943200,1512260.0000,3
2021-01-14,20210114113000000,sh.600654,1.6000,1.6100,1.5900,1.6100,552895,885969.0000,3
2021-01-14,20210114140000000,sh.600654,1.6100,1.6100,1.6000,1.6000,461952,741297.0000,3
2021-01-14,20210114150000000,sh.600654,1.6000,1.6200,1.6000,1.6100,714500,1150283.0000,3
2021-01-15,20210115103000000,sh.600654,1.6000,1.6400,1.6000,1.6300,736200,1194626.0000,3
2021-01-15,20210115113000000,sh.600654,1.6300,1.6400,1.6200,1.6300,652100,1061401.0000,3
2021-01-15,20210115140000000,sh.600654,1.6300,1.6400,1.6200,1.6300,359196,584953.0000,3
2021-01-15,20210115150000000,sh.600654,1.6300,1.6400,1.6200,1.6400,305713,500179.0000,3
2021-01-18,20210118103000000,sh.600654,1.6200,1.6600,1.6200,1.6600,1315988,2157148.0000,3
2021-01-18,20210118113000000,sh.600654,1.6600,1.6600,1.6400,1.6500,368800,608368.0000,3
2021-01-18,20210118140000000,sh.600654,1.6500,1.6600,1.6500,1.6600,445700,738104.0000,3
2021-01-18,20210118150000000,sh.600654,1.6600,1.6900,1.6500,1.6700,1431990,2398469.0000,3
2021-01-19,20210119103000000,sh.600654,1.6800,1.6800,1.6400,1.6700,1457702,2404619.0000,3
2021-01-19,20210119113000000,sh.600654,1.6700,1.6700,1.6500,1.6600,552640,916969.0000,3
2021-01-19,20210119140000000,sh.600654,1.6600,1.6700,1.6500,1.6500,434959,720584.0000,3
2021-01-19,20210119150000000,sh.600654,1.6500,1.6700,1.6500,1.6600,370542,614863.0000,3
2021-01-20,20210120103000000,sh.600654,1.6600,1.6600,1.6400,1.6500,467200,772440.0000,3
2021-01-20,20210120113000000,sh.600654,1.6500,1.6500,1.6400,1.6500,378400,621843.0000,3
2021-01-20,20210120140000000,sh.600654,1.6500,1.6500,1.6400,1.6400,323500,531371.0000,3
2021-01-20,20210120150000000,sh.600654,1.6400,1.6500,1.6400,1.6500,315300,518454.0000,3
2021-01-21,20210121103000000,sh.600654,1.6500,1.6600,1.6400,1.6500,796310,1312416.0000,3
2021-01-21,20210121113000000,sh.600654,1.6500,1.6800,1.6400,1.6600,1064600,1765808.0000,3
2021-01-21,20210121140000000,sh.600654,1.6600,1.6600,1.6500,1.6500,108200,179123.0000,3
2021-01-21,20210121150000000,sh.600654,1.6500,1.6600,1.6400,1.6400,1089063,1791645.0000,3
2021-01-22,20210122103000000,sh.600654,1.6400,1.6600,1.6400,1.6500,967086,1592422.0000,3
2021-01-22,20210122113000000,sh.600654,1.6500,1.6500,1.6200,1.6300,572356,937469.0000,3
2021-01-22,20210122140000000,sh.600654,1.6300,1.6300,1.6100,1.6100,981844,1587526.0000,3
2021-01-22,20210122150000000,sh.600654,1.6100,1.6200,1.5700,1.6100,3050000,4873720.0000,3
2021-01-25,20210125103000000,sh.600654,1.5900,1.6200,1.5800,1.6000,947858,1512286.0000,3
2021-01-25,20210125113000000,sh.600654,1.6000,1.6100,1.5900,1.6000,302642,482207.0000,3
2021-01-25,20210125140000000,sh.600654,1.6000,1.6000,1.5800,1.5900,668500,1063117.0000,3
2021-01-25,20210125150000000,sh.600654,1.5900,1.6000,1.5800,1.6000,267476,424998.0000,3
2021-01-26,20210126103000000,sh.600654,1.5900,1.5900,1.5600,1.5800,1366692,2145618.0000,3
2021-01-26,20210126113000000,sh.600654,1.5700,1.5900,1.5600,1.5900,910900,1435272.0000,3
2021-01-26,20210126140000000,sh.600654,1.5900,1.5900,1.5700,1.5800,351700,557172.0000,3
2021-01-26,20210126150000000,sh.600654,1.5800,1.5800,1.5400,1.5600,2046800,3190183.0000,3
2021-01-27,20210127103000000,sh.600654,1.5600,1.5700,1.5300,1.5600,996895,1543343.0000,3
2021-01-27,20210127113000000,sh.600654,1.5700,1.5700,1.5500,1.5500,375100,583864.0000,3
2021-01-27,20210127140000000,sh.600654,1.5500,1.5600,1.5400,1.5400,347501,538411.0000,3
2021-01-27,20210127150000000,sh.600654,1.5400,1.5600,1.5400,1.5400,574750,887100.0000,3
2021-01-28,20210128103000000,sh.600654,1.5300,1.5600,1.4900,1.5200,2206200,3368112.0000,3
2021-01-28,20210128113000000,sh.600654,1.5200,1.5300,1.5100,1.5200,538200,817241.0000,3
2021-01-28,20210128140000000,sh.600654,1.5200,1.5300,1.5100,1.5200,700400,1059661.0000,3
2021-01-28,20210128150000000,sh.600654,1.5200,1.5300,1.5000,1.5000,745400,1130255.0000,3
2021-01-29,20210129103000000,sh.600654,1.4700,1.4900,1.4400,1.4600,3165856,4629470.0000,3
2021-01-29,20210129113000000,sh.600654,1.4600,1.4600,1.4300,1.4400,2125971,3073149.0000,3
2021-01-29,20210129140000000,sh.600654,1.4300,1.4500,1.4300,1.4300,1999829,2862495.0000,3
2021-01-29,20210129150000000,sh.600654,1.4300,1.4400,1.4300,1.4300,1776571,2540675.0000,3
2021-02-01,20210201103000000,sh.600654,1.4000,1.4000,1.3600,1.3800,5019844,6905490.0000,3
2021-02-01,20210201113000000,sh.600654,1.3800,1.3800,1.3700,1.3800,651184,894916.0000,3
2021-02-01,20210201140000000,sh.600654,1.3800,1.3800,1.3600,1.3600,2830172,3857242.0000,3
2021-02-01,20210201150000000,sh.600654,1.3600,1.3800,1.3600,1.3600,849700,1159828.0000,3
2021-02-02,20210202103000000,sh.600654,1.3500,1.4300,1.3300,1.4300,3428173,4817496.0000,3
2021-02-02,20210202113000000,sh.600654,1.4300,1.4300,1.4300,1.4300,643852,920709.0000,3
2021-02-02,20210202140000000,sh.600654,1.4300,1.4300,1.4300,1.4300,220000,314600.0000,3
2021-02-02,20210202150000000,sh.600654,1.4300,1.4300,1.4300,1.4300,54200,77506.0000,3
2021-02-03,20210203103000000,sh.600654,1.4500,1.5000,1.4300,1.4600,4450947,6521751.0000,3
2021-02-03,20210203113000000,sh.600654,1.4600,1.4600,1.4400,1.4500,851632,1230929.0000,3
2021-02-03,20210203140000000,sh.600654,1.4500,1.4700,1.4500,1.4700,379173,554117.0000,3
2021-02-03,20210203150000000,sh.600654,1.4700,1.5000,1.4700,1.4800,1590973,2369118.0000,3
2021-02-04,20210204103000000,sh.600654,1.4700,1.4700,1.4200,1.4300,2057400,2961853.0000,3
2021-02-04,20210204113000000,sh.600654,1.4300,1.4500,1.4200,1.4200,1140801,1632180.0000,3
2021-02-04,20210204140000000,sh.600654,1.4200,1.4200,1.4100,1.4200,942899,1331865.0000,3
2021-02-04,20210204150000000,sh.600654,1.4200,1.4400,1.4100,1.4300,497000,709458.0000,3
2021-02-05,20210205103000000,sh.600654,1.4400,1.4600,1.4300,1.4300,367500,530768.0000,3
2021-02-05,20210205113000000,sh.600654,1.4300,1.4400,1.4200,1.4200,385200,551423.0000,3
2021-02-05,20210205140000000,sh.600654,1.4200,1.4400,1.4200,1.4300,372640,531387.0000,3
2021-02-05,20210205150000000,sh.600654,1.4300,1.4500,1.4300,1.4500,574200,827710.0000,3
2021-02-08,20210208103000000,sh.600654,1.4500,1.4600,1.4300,1.4500,325700,470550.0000,3
2021-02-08,20210208113000000,sh.600654,1.4500,1.4500,1.4300,1.4500,495174,713359.0000,3
2021-02-08,20210208140000000,sh.600654,1.4500,1.4500,1.4300,1.4400,579977,834542.0000,3
2021-02-08,20210208150000000,sh.600654,1.4400,1.4500,1.4300,1.4300,408600,589891.0000,3
2021-02-09,20210209103000000,sh.600654,1.4000,1.4200,1.3900,1.4100,991200,1393301.0000,3
2021-02-09,20210209113000000,sh.600654,1.4200,1.4400,1.4200,1.4300,262991,374683.0000,3
2021-02-09,20210209140000000,sh.600654,1.4300,1.4400,1.4300,1.4400,218209,312173.0000,3
2021-02-09,20210209150000000,sh.600654,1.4400,1.4500,1.4300,1.4300,495600,711791.0000,3
2021-02-10,20210210103000000,sh.600654,1.4300,1.4600,1.4200,1.4500,504800,730459.0000,3
2021-02-10,20210210113000000,sh.600654,1.4600,1.4900,1.4600,1.4900,934636,1380757.0000,3
2021-02-10,20210210140000000,sh.600654,1.4900,1.5000,1.4200,1.4300,1173964,1711807.0000,3
2021-02-10,20210210150000000,sh.600654,1.4300,1.4600,1.4100,1.4500,801100,1147973.0000,3
2021-02-18,20210218103000000,sh.600654,1.4600,1.5100,1.4600,1.4700,1960436,2921992.0000,3
2021-02-18,20210218113000000,sh.600654,1.4700,1.4900,1.4700,1.4800,313575,463975.0000,3
2021-02-18,20210218140000000,sh.600654,1.4800,1.4900,1.4800,1.4800,331600,491752.0000,3
2021-02-18,20210218150000000,sh.600654,1.4800,1.4900,1.4700,1.4900,503026,746119.0000,3
2021-02-19,20210219103000000,sh.600654,1.4900,1.5000,1.4800,1.5000,514543,768259.0000,3
2021-02-19,20210219113000000,sh.600654,1.4900,1.5100,1.4900,1.5100,399010,598908.0000,3
2021-02-19,20210219140000000,sh.600654,1.5100,1.5200,1.4900,1.5200,1221738,1840226.0000,3
2021-02-19,20210219150000000,sh.600654,1.5100,1.5200,1.5100,1.5100,833452,1262488.0000,3
2021-02-22,20210222103000000,sh.600654,1.5100,1.5600,1.5100,1.5300,2054098,3151556.0000,3
2021-02-22,20210222113000000,sh.600654,1.5300,1.5400,1.5300,1.5400,654405,1003763.0000,3
2021-02-22,20210222140000000,sh.600654,1.5400,1.5500,1.5200,1.5300,1714288,2621103.0000,3
2021-02-22,20210222150000000,sh.600654,1.5300,1.5300,1.5000,1.5100,1145241,1732385.0000,3
2021-02-23,20210223103000000,sh.600654,1.5100,1.5100,1.4900,1.5000,876100,1316501.0000,3
2021-02-23,20210223113000000,sh.600654,1.5000,1.5100,1.4900,1.5000,723100,1081936.0000,3
2021-02-23,20210223140000000,sh.600654,1.5000,1.5100,1.5000,1.5000,290900,436654.0000,3
2021-02-23,20210223150000000,sh.600654,1.5000,1.5100,1.4900,1.4900,635800,952100.0000,3
2021-02-24,20210224103000000,sh.600654,1.5000,1.5400,1.4900,1.5400,1063959,1607988.0000,3
2021-02-24,20210224113000000,sh.600654,1.5400,1.5500,1.5200,1.5300,1592300,2446918.0000,3
2021-02-24,20210224140000000,sh.600654,1.5300,1.5400,1.5300,1.5300,641305,982258.0000,3
2021-02-24,20210224150000000,sh.600654,1.5300,1.5600,1.5200,1.5600,4544490,7043157.0000,3
2021-02-25,20210225103000000,sh.600654,1.5800,1.5800,1.5500,1.5700,2832959,4440005.0000,3
2021-02-25,20210225113000000,sh.600654,1.5700,1.5900,1.5600,1.5700,815200,1286473.0000,3
2021-02-25,20210225140000000,sh.600654,1.5700,1.5800,1.5700,1.5800,205302,323607.0000,3
2021-02-25,20210225150000000,sh.600654,1.5800,1.5800,1.5600,1.5700,818900,1286193.0000,3
2021-02-26,20210226103000000,sh.600654,1.5700,1.5700,1.5300,1.5400,2114000,3277738.0000,3
2021-02-26,20210226113000000,sh.600654,1.5400,1.5600,1.5400,1.5500,507100,783983.0000,3
2021-02-26,20210226140000000,sh.600654,1.5500,1.5700,1.5500,1.5700,473884,738712.0000,3
2021-02-26,20210226150000000,sh.600654,1.5700,1.5800,1.5600,1.5600,968804,1517404.0000,3
2021-03-01,20210301103000000,sh.600654,1.5800,1.6200,1.5500,1.5900,1842559,2931037.0000,3
2021-03-01,20210301113000000,sh.600654,1.5800,1.5900,1.5600,1.5800,504881,795798.0000,3
2021-03-01,20210301140000000,sh.600654,1.5800,1.5800,1.5600,1.5700,503800,791633.0000,3
2021-03-01,20210301150000000,sh.600654,1.5700,1.5900,1.5700,1.5800,814995,1284264.0000,3
2021-03-02,20210302103000000,sh.600654,1.5900,1.6100,1.5800,1.6000,1763201,2811778.0000,3
2021-03-02,20210302113000000,sh.600654,1.6000,1.6100,1.5900,1.6000,367640,588110.0000,3
2021-03-02,20210302140000000,sh.600654,1.6000,1.6100,1.5900,1.5900,498700,794569.0000,3
2021-03-02,20210302150000000,sh.600654,1.5900,1.6000,1.5900,1.6000,1040700,1661647.0000,3
2021-03-03,20210303103000000,sh.600654,1.6000,1.6100,1.5800,1.5800,2138950,3409229.0000,3
2021-03-03,20210303113000000,sh.600654,1.5800,1.6000,1.5800,1.6000,520400,828285.0000,3
2021-03-03,20210303140000000,sh.600654,1.6000,1.6100,1.5900,1.6000,637595,1020618.0000,3
2021-03-03,20210303150000000,sh.600654,1.6000,1.6000,1.5800,1.5900,925300,1474081.0000,3
2021-03-04,20210304103000000,sh.600654,1.5900,1.6300,1.5700,1.6200,2473045,3949299.0000,3
2021-03-04,20210304113000000,sh.600654,1.6200,1.6200,1.6100,1.6100,552000,890749.0000,3
2021-03-04,20210304140000000,sh.600654,1.6100,1.6100,1.5900,1.6000,795300,1274669.0000,3
2021-03-04,20210304150000000,sh.600654,1.6000,1.6100,1.5900,1.6000,909800,1454211.0000,3
2021-03-05,20210305103000000,sh.600654,1.5900,1.6200,1.5900,1.6100,1622700,2607796.0000,3
2021-03-05,20210305113000000,sh.600654,1.6100,1.6200,1.5900,1.6000,925200,1478507.0000,3
2021-03-05,20210305140000000,sh.600654,1.5900,1.6000,1.5900,1.6000,800000,1277305.0000,3
2021-03-05,20210305150000000,sh.600654,1.6000,1.6100,1.5900,1.6000,2107900,3370050.0000,3
2021-03-08,20210308103000000,sh.600654,1.6000,1.6300,1.5900,1.6100,2876800,4628965.0000,3
2021-03-08,20210308113000000,sh.600654,1.6200,1.6200,1.6000,1.6100,757000,1220173.0000,3
2021-03-08,20210308140000000,sh.600654,1.6100,1.6100,1.5800,1.5900,953975,1516559.0000,3
2021-03-08,20210308150000000,sh.600654,1.5900,1.6000,1.5800,1.5800,860800,1367709.0000,3
2021-03-09,20210309103000000,sh.600654,1.5600,1.5600,1.5000,1.5300,3724488,5695088.0000,3
2021-03-09,20210309113000000,sh.600654,1.5300,1.5400,1.5100,1.5400,1173391,1782787.0000,3
2021-03-09,20210309140000000,sh.600654,1.5300,1.5600,1.5300,1.5300,1241500,1916399.0000,3
2021-03-09,20210309150000000,sh.600654,1.5300,1.5400,1.5100,1.5300,686900,1046675.0000,3
2021-03-10,20210310103000000,sh.600654,1.5300,1.5400,1.5000,1.5100,1146049,1737948.0000,3
2021-03-10,20210310113000000,sh.600654,1.5100,1.5400,1.5100,1.5400,374895,571189.0000,3
2021-03-10,20210310140000000,sh.600654,1.5300,1.5400,1.5200,1.5200,492905,753247.0000,3
2021-03-10,20210310150000000,sh.600654,1.5200,1.5300,1.5200,1.5200,304100,463410.0000,3
2021-03-11,20210311103000000,sh.600654,1.5300,1.5400,1.5100,1.5400,724700,1105876.0000,3
2021-03-11,20210311113000000,sh.600654,1.5400,1.5500,1.5300,1.5400,1090500,1678100.0000,3
2021-03-11,20210311140000000,sh.600654,1.5400,1.5400,1.5300,1.5400,237850,365597.0000,3
2021-03-11,20210311150000000,sh.600654,1.5400,1.5500,1.5300,1.5400,1046400,1610751.0000,3
2021-03-12,20210312103000000,sh.600654,1.5400,1.5500,1.5300,1.5500,582700,895913.0000,3
2021-03-12,20210312113000000,sh.600654,1.5500,1.5500,1.5300,1.5400,240300,370020.0000,3
2021-03-12,20210312140000000,sh.600654,1.5300,1.5400,1.5300,1.5400,484200,742231.0000,3
2021-03-12,20210312150000000,sh.600654,1.5400,1.5500,1.5300,1.5400,929000,1429439.0000,3
2021-03-15,20210315103000000,sh.600654,1.5400,1.5600,1.5300,1.5500,602900,930063.0000,3
2021-03-15,20210315113000000,sh.600654,1.5500,1.5600,1.5400,1.5500,714500,1106266.0000,3
2021-03-15,20210315140000000,sh.600654,1.5500,1.5600,1.5400,1.5400,523300,810007.0000,3
2021-03-15,20210315150000000,sh.600654,1.5400,1.5500,1.5400,1.5500,214900,331727.0000,3
2021-03-16,20210316103000000,sh.600654,1.5600,1.5600,1.5400,1.5400,710547,1100339.0000,3
2021-03-16,20210316113000000,sh.600654,1.5400,1.5500,1.5300,1.5400,917600,1408944.0000,3
2021-03-16,20210316140000000,sh.600654,1.5400,1.5500,1.5400,1.5400,417000,642750.0000,3
2021-03-16,20210316150000000,sh.600654,1.5400,1.5500,1.5300,1.5400,573200,881759.0000,3
2021-03-17,20210317103000000,sh.600654,1.5600,1.6200,1.5600,1.6200,4595547,7350106.0000,3
2021-03-17,20210317113000000,sh.600654,1.6200,1.6200,1.6100,1.6200,3831000,6204772.0000,3
2021-03-17,20210317140000000,sh.600654,1.6200,1.6200,1.6100,1.6200,2233522,3616578.0000,3
2021-03-17,20210317150000000,sh.600654,1.6200,1.6200,1.6100,1.6200,1001891,1623000.0000,3
2021-03-18,20210318103000000,sh.600654,1.6100,1.6200,1.5700,1.5900,5539060,8804592.0000,3
2021-03-18,20210318113000000,sh.600654,1.5800,1.6000,1.5800,1.5900,862200,1366228.0000,3
2021-03-18,20210318140000000,sh.600654,1.5900,1.5900,1.5700,1.5800,739200,1168626.0000,3
2021-03-18,20210318150000000,sh.600654,1.5800,1.6000,1.5700,1.5800,1086161,1719005.0000,3
2021-03-19,20210319103000000,sh.600654,1.5800,1.6100,1.5800,1.5800,2252950,3589894.0000,3
2021-03-19,20210319113000000,sh.600654,1.5800,1.6000,1.5800,1.6000,442400,703355.0000,3
2021-03-19,20210319140000000,sh.600654,1.6000,1.6000,1.5700,1.5800,1152550,1821166.0000,3
2021-03-19,20210319150000000,sh.600654,1.5800,1.5800,1.5600,1.5800,904000,1423640.0000,3
2021-03-22,20210322103000000,sh.600654,1.5700,1.6000,1.5700,1.6000,1156201,1832027.0000,3
2021-03-22,20210322113000000,sh.600654,1.6000,1.6000,1.5800,1.5900,542400,862841.0000,3
2021-03-22,20210322140000000,sh.600654,1.5900,1.6000,1.5900,1.5900,261307,416529.0000,3
2021-03-22,20210322150000000,sh.600654,1.5900,1.6100,1.5900,1.5900,1122900,1794630.0000,3
2021-03-23,20210323103000000,sh.600654,1.6000,1.6100,1.5900,1.6000,1287120,2068161.0000,3
2021-03-23,20210323113000000,sh.600654,1.6000,1.6100,1.5900,1.6000,861300,1375696.0000,3
2021-03-23,20210323140000000,sh.600654,1.6000,1.6100,1.5900,1.6100,614900,983506.0000,3
2021-03-23,20210323150000000,sh.600654,1.6100,1.6100,1.5900,1.5900,902900,1440702.0000,3
2021-03-24,20210324103000000,sh.600654,1.5900,1.6100,1.5800,1.5900,1745300,2783785.0000,3
2021-03-24,20210324113000000,sh.600654,1.5900,1.6000,1.5900,1.5900,899800,1430999.0000,3
2021-03-24,20210324140000000,sh.600654,1.5900,1.6000,1.5800,1.5800,537700,854072.0000,3
2021-03-24,20210324150000000,sh.600654,1.5800,1.6100,1.5800,1.6000,1187844,1898859.0000,3
2021-03-25,20210325103000000,sh.600654,1.5900,1.5900,1.5300,1.5600,2525800,3952904.0000,3
2021-03-25,20210325113000000,sh.600654,1.5600,1.5700,1.5600,1.5700,421100,657453.0000,3
2021-03-25,20210325140000000,sh.600654,1.5600,1.5700,1.5600,1.5700,369505,578184.0000,3
2021-03-25,20210325150000000,sh.600654,1.5700,1.5700,1.5500,1.5500,775012,1206916.0000,3
2021-03-26,20210326103000000,sh.600654,1.5500,1.5700,1.5500,1.5600,751000,1169774.0000,3
2021-03-26,20210326113000000,sh.600654,1.5600,1.5700,1.5500,1.5700,615773,959225.0000,3
2021-03-26,20210326140000000,sh.600654,1.5700,1.5700,1.5500,1.5600,732705,1144095.0000,3
2021-03-26,20210326150000000,sh.600654,1.5600,1.5800,1.5600,1.5800,847512,1330045.0000,3
2021-03-29,20210329103000000,sh.600654,1.5700,1.5900,1.5700,1.5700,753600,1190341.0000,3
2021-03-29,20210329113000000,sh.600654,1.5700,1.5800,1.5700,1.5700,394400,619756.0000,3
2021-03-29,20210329140000000,sh.600654,1.5700,1.5800,1.5600,1.5700,341000,536059.0000,3
2021-03-29,20210329150000000,sh.600654,1.5800,1.5800,1.5700,1.5700,316480,497550.0000,3
2021-03-30,20210330103000000,sh.600654,1.5700,1.5700,1.5500,1.5500,727600,1134064.0000,3
2021-03-30,20210330113000000,sh.600654,1.5500,1.5600,1.5400,1.5400,597900,926298.0000,3
2021-03-30,20210330140000000,sh.600654,1.5400,1.5500,1.5400,1.5400,116300,179286.0000,3
2021-03-30,20210330150000000,sh.600654,1.5400,1.5500,1.5300,1.5300,1030832,1582444.0000,3
2021-03-31,20210331103000000,sh.600654,1.5500,1.5500,1.5300,1.5500,838100,1289557.0000,3
2021-03-31,20210331113000000,sh.600654,1.5500,1.5500,1.5300,1.5300,300700,462882.0000,3
2021-03-31,20210331140000000,sh.600654,1.5300,1.5500,1.5300,1.5400,287990,443368.0000,3
2021-03-31,20210331150000000,sh.600654,1.5400,1.5600,1.5400,1.5500,676880,1048981.0000,3
2021-04-01,20210401103000000,sh.600654,1.5600,1.5600,1.5200,1.5300,987000,1515905.0000,3
2021-04-01,20210401113000000,sh.600654,1.5300,1.5400,1.5200,1.5400,817000,1248409.0000,3
2021-04-01,20210401140000000,sh.600654,1.5400,1.5400,1.5300,1.5400,211900,324629.0000,3
2021-04-01,20210401150000000,sh.600654,1.5400,1.5400,1.5300,1.5400,762200,1169743.0000,3
2021-04-02,20210402103000000,sh.600654,1.5300,1.5400,1.5300,1.5300,562800,864066.0000,3
2021-04-02,20210402113000000,sh.600654,1.5400,1.5500,1.5400,1.5500,501400,772668.0000,3
2021-04-02,20210402140000000,sh.600654,1.5500,1.5600,1.5400,1.5600,405360,627212.0000,3
2021-04-02,20210402150000000,sh.600654,1.5600,1.5600,1.5400,1.5400,480940,744835.0000,3
2021-04-06,20210406103000000,sh.600654,1.5400,1.6200,1.5400,1.6000,3303578,5279758.0000,3
2021-04-06,20210406113000000,sh.600654,1.6000,1.6100,1.6000,1.6000,728800,1169307.0000,3
2021-04-06,20210406140000000,sh.600654,1.6000,1.6100,1.5900,1.6000,518200,829307.0000,3
2021-04-06,20210406150000000,sh.600654,1.6000,1.6100,1.5800,1.5900,569000,906173.0000,3
2021-04-07,20210407103000000,sh.600654,1.5700,1.6000,1.5700,1.5900,1253800,1987421.0000,3
2021-04-07,20210407113000000,sh.600654,1.5900,1.6000,1.5900,1.5900,368100,585566.0000,3
2021-04-07,20210407140000000,sh.600654,1.6000,1.6000,1.5800,1.6000,832800,1324748.0000,3
2021-04-07,20210407150000000,sh.600654,1.6000,1.6000,1.5900,1.6000,732801,1165519.0000,3
2021-04-08,20210408103000000,sh.600654,1.6100,1.6100,1.5900,1.5900,1068178,1705975.0000,3
2021-04-08,20210408113000000,sh.600654,1.5900,1.6000,1.5800,1.5900,726500,1154577.0000,3
2021-04-08,20210408140000000,sh.600654,1.5800,1.6000,1.5800,1.6000,245400,389658.0000,3
2021-04-08,20210408150000000,sh.600654,1.6000,1.6000,1.5500,1.5600,1862200,2938719.0000,3
2021-04-09,20210409103000000,sh.600654,1.5600,1.5800,1.5600,1.5700,686000,1079530.0000,3
2021-04-09,20210409113000000,sh.600654,1.5800,1.5900,1.5700,1.5800,410925,648819.0000,3
2021-04-09,20210409140000000,sh.600654,1.5800,1.5800,1.5700,1.5800,485600,766140.0000,3
2021-04-09,20210409150000000,sh.600654,1.5800,1.6000,1.5800,1.5900,1104300,1752355.0000,3
2021-04-12,20210412103000000,sh.600654,1.5800,1.6000,1.5700,1.5900,923798,1462471.0000,3
2021-04-12,20210412113000000,sh.600654,1.5900,1.6000,1.5800,1.5900,938625,1492716.0000,3
2021-04-12,20210412140000000,sh.600654,1.5900,1.6000,1.5900,1.5900,517200,824320.0000,3
2021-04-12,20210412150000000,sh.600654,1.5900,1.6000,1.5800,1.5900,970800,1539765.0000,3
2021-04-13,20210413103000000,sh.600654,1.5800,1.5900,1.5700,1.5700,1103700,1742044.0000,3
2021-04-13,20210413113000000,sh.600654,1.5700,1.5800,1.5600,1.5600,643600,1010747.0000,3
2021-04-13,20210413140000000,sh.600654,1.5600,1.5700,1.5600,1.5700,529600,829459.0000,3
2021-04-13,20210413150000000,sh.600654,1.5700,1.5800,1.5500,1.5600,811400,1269314.0000,3
2021-04-14,20210414103000000,sh.600654,1.5700,1.5700,1.5500,1.5500,656200,1021610.0000,3
2021-04-14,20210414113000000,sh.600654,1.5500,1.5700,1.5500,1.5600,401713,626821.0000,3
2021-04-14,20210414140000000,sh.600654,1.5600,1.5700,1.5600,1.5700,333700,521578.0000,3
2021-04-14,20210414150000000,sh.600654,1.5700,1.5700,1.5600,1.5700,761100,1192768.0000,3
2021-04-15,20210415103000000,sh.600654,1.5700,1.5800,1.5600,1.5700,821900,1288140.0000,3
2021-04-15,20210415113000000,sh.600654,1.5700,1.5800,1.5700,1.5700,552213,868167.0000,3
2021-04-15,20210415140000000,sh.600654,1.5700,1.5800,1.5600,1.5600,479687,752207.0000,3
2021-04-15,20210415150000000,sh.600654,1.5600,1.5700,1.5600,1.5600,940900,1469615.0000,3
2021-04-16,20210416103000000,sh.600654,1.5600,1.6000,1.5500,1.5900,2013521,3176134.0000,3
2021-04-16,20210416113000000,sh.600654,1.5900,1.5900,1.5700,1.5800,387582,612829.0000,3
2021-04-16,20210416140000000,sh.600654,1.5800,1.5900,1.5800,1.5800,754800,1194243.0000,3
2021-04-16,20210416150000000,sh.600654,1.5800,1.5900,1.5700,1.5800,1066301,1680062.0000,3
2021-04-19,20210419103000000,sh.600654,1.5800,1.6100,1.5700,1.6000,1895783,3023741.0000,3
2021-04-19,20210419113000000,sh.600654,1.6000,1.6100,1.5900,1.5900,683100,1093348.0000,3
2021-04-19,20210419140000000,sh.600654,1.5900,1.6100,1.5900,1.6000,1039200,1662421.0000,3
2021-04-19,20210419150000000,sh.600654,1.6000,1.6100,1.5900,1.6100,929025,1487869.0000,3
2021-04-20,20210420103000000,sh.600654,1.6000,1.6100,1.5900,1.6000,1483291,2377210.0000,3
2021-04-20,20210420113000000,sh.600654,1.6000,1.6100,1.5900,1.5900,699709,1117164.0000,3
2021-04-20,20210420140000000,sh.600654,1.5900,1.6000,1.5900,1.6000,313200,500684.0000,3
2021-04-20,20210420150000000,sh.600654,1.6000,1.6000,1.5900,1.5900,445800,710191.0000,3
2021-04-21,20210421103000000,sh.600654,1.5900,1.6000,1.5800,1.6000,804900,1281104.0000,3
2021-04-21,20210421113000000,sh.600654,1.6000,1.6000,1.5900,1.5900,506100,805431.0000,3
2021-04-21,20210421140000000,sh.600654,1.5900,1.6000,1.5800,1.5900,581400,924349.0000,3
2021-04-21,20210421150000000,sh.600654,1.5900,1.5900,1.5800,1.5900,689951,1094016.0000,3
2021-04-22,20210422103000000,sh.600654,1.5900,1.5900,1.5700,1.5700,943300,1489549.0000,3
2021-04-22,20210422113000000,sh.600654,1.5700,1.5800,1.5700,1.5700,699600,1099468.0000,3
2021-04-22,20210422140000000,sh.600654,1.5800,1.5800,1.5700,1.5800,672200,1055661.0000,3
2021-04-22,20210422150000000,sh.600654,1.5700,1.5800,1.5600,1.5800,1220500,1911134.0000,3
2021-04-23,20210423103000000,sh.600654,1.5800,1.5800,1.5600,1.5600,1221688,1909692.0000,3
2021-04-23,20210423113000000,sh.600654,1.5600,1.5700,1.5500,1.5600,815788,1272892.0000,3
2021-04-23,20210423140000000,sh.600654,1.5700,1.5700,1.5500,1.5600,443912,693042.0000,3
2021-04-23,20210423150000000,sh.600654,1.5600,1.5700,1.5500,1.5700,551083,861006.0000,3
2021-04-26,20210426103000000,sh.600654,1.5700,1.5900,1.5600,1.5700,1441700,2267248.0000,3
2021-04-26,20210426113000000,sh.600654,1.5700,1.5800,1.5700,1.5700,431621,679266.0000,3
2021-04-26,20210426140000000,sh.600654,1.5700,1.5800,1.5700,1.5800,315500,495470.0000,3
2021-04-26,20210426150000000,sh.600654,1.5800,1.6000,1.5700,1.5900,1641051,2601078.0000,3
2021-04-27,20210427103000000,sh.600654,1.5900,1.6100,1.5800,1.5900,2146778,3422749.0000,3
2021-04-27,20210427113000000,sh.600654,1.5900,1.6000,1.5700,1.5700,1065717,1689796.0000,3
2021-04-27,20210427140000000,sh.600654,1.5700,1.5900,1.5700,1.5800,612300,964864.0000,3
2021-04-27,20210427150000000,sh.600654,1.5800,1.5900,1.5700,1.5800,354400,559373.0000,3
2021-04-28,20210428103000000,sh.600654,1.5800,1.5800,1.5600,1.5700,1753300,2756767.0000,3
2021-04-28,20210428113000000,sh.600654,1.5700,1.5700,1.5600,1.5600,316100,494390.0000,3
2021-04-28,20210428140000000,sh.600654,1.5600,1.5700,1.5500,1.5700,875946,1366477.0000,3
2021-04-28,20210428150000000,sh.600654,1.5700,1.5700,1.5600,1.5700,775800,1217085.0000,3
2021-04-29,20210429103000000,sh.600654,1.5700,1.5800,1.5500,1.5700,1595583,2493199.0000,3
2021-04-29,20210429113000000,sh.600654,1.5700,1.5700,1.5500,1.5700,483700,754392.0000,3
2021-04-29,20210429140000000,sh.600654,1.5700,1.5700,1.5600,1.5600,391810,611994.0000,3
2021-04-29,20210429150000000,sh.600654,1.5600,1.5700,1.5400,1.5500,1601200,2485141.0000,3
2021-04-30,20210430103000000,sh.600654,1.5400,1.5700,1.5300,1.5500,1097700,1702499.0000,3
2021-04-30,20210430113000000,sh.600654,1.5500,1.5600,1.5500,1.5500,322033,500182.0000,3
2021-04-30,20210430140000000,sh.600654,1.5500,1.5600,1.5500,1.5500,351500,546647.0000,3
2021-04-30,20210430150000000,sh.600654,1.5500,1.5600,1.5400,1.5500,636403,987986.0000,3
2021-05-06,20210506103000000,sh.600654,1.5500,1.5600,1.5400,1.5500,960695,1483765.0000,3
2021-05-06,20210506113000000,sh.600654,1.5500,1.5500,1.5300,1.5300,859960,1321531.0000,3
2021-05-06,20210506140000000,sh.600654,1.5300,1.5400,1.5300,1.5300,481800,737815.0000,3
2021-05-06,20210506150000000,sh.600654,1.5300,1.5400,1.5300,1.5400,315200,483921.0000,3
2021-05-07,20210507103000000,sh.600654,1.5400,1.5400,1.5200,1.5200,1004000,1532129.0000,3
2021-05-07,20210507113000000,sh.600654,1.5200,1.5500,1.5200,1.5400,579789,889948.0000,3
2021-05-07,20210507140000000,sh.600654,1.5500,1.5500,1.5300,1.5300,449100,690124.0000,3
2021-05-07,20210507150000000,sh.600654,1.5300,1.5500,1.5300,1.5400,582200,897554.0000,3
2021-05-10,20210510103000000,sh.600654,1.5400,1.5600,1.5200,1.5600,1428900,2197924.0000,3
2021-05-10,20210510113000000,sh.600654,1.5600,1.5600,1.5400,1.5500,529000,820686.0000,3
2021-05-10,20210510140000000,sh.600654,1.5500,1.5600,1.5400,1.5600,509100,788059.0000,3
2021-05-10,20210510150000000,sh.600654,1.5600,1.5600,1.5400,1.5400,618700,956900.0000,3
2021-05-11,20210511103000000,sh.600654,1.5500,1.5500,1.5300,1.5400,910479,1400051.0000,3
2021-05-11,20210511113000000,sh.600654,1.5400,1.5500,1.5300,1.5400,773300,1189261.0000,3
2021-05-11,20210511140000000,sh.600654,1.5500,1.5500,1.5400,1.5500,1119800,1730375.0000,3
2021-05-11,20210511150000000,sh.600654,1.5500,1.5900,1.5400,1.5800,1727700,2707649.0000,3
2021-05-12,20210512103000000,sh.600654,1.5800,1.6100,1.5600,1.6000,3090520,4905985.0000,3
2021-05-12,20210512113000000,sh.600654,1.6000,1.6100,1.5900,1.6000,1154717,1850707.0000,3
2021-05-12,20210512140000000,sh.600654,1.6100,1.6100,1.5900,1.6000,760497,1218501.0000,3
2021-05-12,20210512150000000,sh.600654,1.6000,1.6300,1.6000,1.6200,2765539,4465924.0000,3
2021-05-13,20210513103000000,sh.600654,1.6200,1.7000,1.6000,1.7000,8542868,14353536.0000,3
2021-05-13,20210513113000000,sh.600654,1.7000,1.7000,1.7000,1.7000,791641,1345790.0000,3
2021-05-13,20210513140000000,sh.600654,1.7000,1.7000,1.7000,1.7000,305200,518840.0000,3
2021-05-13,20210513150000000,sh.600654,1.7000,1.7000,1.7000,1.7000,122400,208080.0000,3
2021-05-14,20210514103000000,sh.600654,1.7400,1.7900,1.7300,1.7900,12105598,21503682.0000,3
2021-05-14,20210514113000000,sh.600654,1.7900,1.7900,1.7900,1.7900,93772,167852.0000,3
2021-05-14,20210514140000000,sh.600654,1.7900,1.7900,1.7900,1.7900,145600,260624.0000,3
2021-05-14,20210514150000000,sh.600654,1.7900,1.7900,1.7900,1.7900,223500,400065.0000,3
2021-05-17,20210517103000000,sh.600654,1.8700,1.8800,1.7600,1.8100,18961507,34866614.0000,3
2021-05-17,20210517113000000,sh.600654,1.8100,1.8300,1.7700,1.8300,3303100,5961859.0000,3
2021-05-17,20210517140000000,sh.600654,1.8300,1.8800,1.8100,1.8500,6288405,11705503.0000,3
2021-05-17,20210517150000000,sh.600654,1.8600,1.8600,1.7900,1.7900,3239700,5881852.0000,3
2021-05-18,20210518103000000,sh.600654,1.7300,1.8800,1.7300,1.8500,11406533,20837741.0000,3
2021-05-18,20210518113000000,sh.600654,1.8500,1.8500,1.8200,1.8200,2285920,4184038.0000,3
2021-05-18,20210518140000000,sh.600654,1.8300,1.8400,1.8000,1.8100,1881500,3422634.0000,3
2021-05-18,20210518150000000,sh.600654,1.8100,1.8200,1.7900,1.8200,1377582,2489600.0000,3
2021-05-19,20210519103000000,sh.600654,1.8400,1.8900,1.8100,1.8300,4863347,8984192.0000,3
2021-05-19,20210519113000000,sh.600654,1.8300,1.8600,1.8300,1.8400,1366885,2520713.0000,3
2021-05-19,20210519140000000,sh.600654,1.8500,1.8500,1.8000,1.8300,1849925,3364084.0000,3
2021-05-19,20210519150000000,sh.600654,1.8300,1.8300,1.7500,1.7900,3591800,6443256.0000,3
2021-05-20,20210520103000000,sh.600654,1.8000,1.8000,1.7600,1.7900,4589900,8132353.0000,3
2021-05-20,20210520113000000,sh.600654,1.7900,1.7900,1.7700,1.7800,1395500,2479490.0000,3
2021-05-20,20210520140000000,sh.600654,1.7800,1.8000,1.7700,1.7800,997700,1780065.0000,3
2021-05-20,20210520150000000,sh.600654,1.7800,1.7900,1.7600,1.7600,1327500,2351463.0000,3
2021-05-21,20210521103000000,sh.600654,1.8500,1.8500,1.8400,1.8500,3279390,6066664.0000,3
2021-05-21,20210521113000000,sh.600654,1.8500,1.8500,1.8500,1.8500,99900,184815.0000,3
2021-05-21,20210521140000000,sh.600654,1.8500,1.8500,1.8500,1.8500,115900,214415.0000,3
2021-05-21,20210521150000000,sh.600654,1.8500,1.8500,1.8500,1.8500,92500,171125.0000,3
2021-05-24,20210524103000000,sh.600654,1.9300,1.9400,1.8800,1.9100,14195880,27327390.0000,3
2021-05-24,20210524113000000,sh.600654,1.9100,1.9200,1.9000,1.9000,1434200,2735402.0000,3
2021-05-24,20210524140000000,sh.600654,1.9000,1.9200,1.9000,1.9200,999500,1905379.0000,3
2021-05-24,20210524150000000,sh.600654,1.9200,1.9200,1.9000,1.9100,1610700,3078410.0000,3
2021-05-25,20210525103000000,sh.600654,1.9000,1.9100,1.8300,1.8600,5476024,10243747.0000,3
2021-05-25,20210525113000000,sh.600654,1.8600,1.8700,1.8500,1.8700,1722871,3198582.0000,3
2021-05-25,20210525140000000,sh.600654,1.8600,1.9700,1.8600,1.9300,3512416,6713990.0000,3
2021-05-25,20210525150000000,sh.600654,1.9300,1.9500,1.9100,1.9400,3655759,7078862.0000,3
2021-05-26,20210526103000000,sh.600654,1.9400,2.0300,1.9400,1.9700,6629895,13227139.0000,3
2021-05-26,20210526113000000,sh.600654,1.9700,2.0000,1.9700,2.0000,750300,1490631.0000,3
2021-05-26,20210526140000000,sh.600654,2.0000,2.0000,1.9800,1.9900,761400,1518161.0000,3
2021-05-26,20210526150000000,sh.600654,1.9900,2.0100,1.9900,2.0100,2380322,4764384.0000,3
2021-05-27,20210527103000000,sh.600654,2.0000,2.0700,1.9800,2.0000,5447224,10996678.0000,3
2021-05-27,20210527113000000,sh.600654,2.0100,2.0300,1.9800,2.0100,3236800,6484354.0000,3
2021-05-27,20210527140000000,sh.600654,2.0200,2.0200,1.9800,1.9800,2021976,4034649.0000,3
2021-05-27,20210527150000000,sh.600654,1.9800,2.0000,1.9800,1.9900,2256800,4491935.0000,3
2021-05-28,20210528103000000,sh.600654,1.9900,2.0000,1.9500,1.9600,5516800,10870895.0000,3
2021-05-28,20210528113000000,sh.600654,1.9500,1.9700,1.9200,1.9500,3429986,6673156.0000,3
2021-05-28,20210528140000000,sh.600654,1.9400,1.9800,1.9400,1.9500,2988598,5833359.0000,3
2021-05-28,20210528150000000,sh.600654,1.9500,1.9500,1.9200,1.9300,1584600,3061024.0000,3
2021-05-31,20210531103000000,sh.600654,1.9100,1.9300,1.8700,1.9100,3394258,6465895.0000,3
2021-05-31,20210531113000000,sh.600654,1.9100,1.9300,1.9100,1.9200,869400,1665780.0000,3
2021-05-31,20210531140000000,sh.600654,1.9100,1.9400,1.9100,1.9400,1082600,2083739.0000,3
2021-05-31,20210531150000000,sh.600654,1.9400,1.9500,1.9200,1.9300,937900,1813694.0000,3
2021-06-01,20210601103000000,sh.600654,1.9100,1.9300,1.8800,1.9100,2600100,4946673.0000,3
2021-06-01,20210601113000000,sh.600654,1.9100,1.9200,1.9000,1.9100,577100,1100895.0000,3
2021-06-01,20210601140000000,sh.600654,1.9100,1.9200,1.9000,1.9100,572514,1091982.0000,3
2021-06-01,20210601150000000,sh.600654,1.9100,1.9200,1.9000,1.9100,1139500,2175160.0000,3
2021-06-02,20210602103000000,sh.600654,1.9000,1.9100,1.8600,1.8700,3586200,6737843.0000,3
2021-06-02,20210602113000000,sh.600654,1.8700,1.8800,1.8400,1.8500,3027712,5618102.0000,3
2021-06-02,20210602140000000,sh.600654,1.8500,1.8500,1.8200,1.8200,2431141,4451565.0000,3
2021-06-02,20210602150000000,sh.600654,1.8200,1.8300,1.8100,1.8200,4012147,7267129.0000,3
2021-06-03,20210603103000000,sh.600654,1.7800,1.8400,1.7800,1.8400,4185800,7618628.0000,3
2021-06-03,20210603113000000,sh.600654,1.8400,1.8500,1.8300,1.8400,1189600,2186541.0000,3
2021-06-03,20210603140000000,sh.600654,1.8400,1.8500,1.8300,1.8400,621900,1145703.0000,3
2021-06-03,20210603150000000,sh.600654,1.8400,1.9100,1.8200,1.9000,6049600,11241617.0000,3
2021-06-04,20210604103000000,sh.600654,1.8800,1.9500,1.8800,1.9100,5793200,11143883.0000,3
2021-06-04,20210604113000000,sh.600654,1.9200,1.9500,1.9100,1.9300,1748898,3373683.0000,3
2021-06-04,20210604140000000,sh.600654,1.9400,1.9500,1.9300,1.9300,1410100,2732193.0000,3
2021-06-04,20210604150000000,sh.600654,1.9300,1.9400,1.9200,1.9400,1026400,1987108.0000,3
2021-06-07,20210607103000000,sh.600654,1.9600,1.9600,1.9200,1.9400,2480600,4811007.0000,3
2021-06-07,20210607113000000,sh.600654,1.9300,1.9400,1.9200,1.9300,1153521,2224514.0000,3
2021-06-07,20210607140000000,sh.600654,1.9300,1.9600,1.9200,1.9500,1818100,3531566.0000,3
2021-06-07,20210607150000000,sh.600654,1.9500,1.9500,1.9300,1.9400,1491700,2902345.0000,3
2021-06-08,20210608103000000,sh.600654,1.9400,2.0400,1.9400,2.0400,12669291,25673966.0000,3
2021-06-08,20210608113000000,sh.600654,2.0400,2.0400,2.0200,2.0400,5358809,10890925.0000,3
2021-06-08,20210608140000000,sh.600654,2.0400,2.0400,2.0300,2.0300,2329600,4741405.0000,3
2021-06-08,20210608150000000,sh.600654,2.0300,2.0400,2.0300,2.0400,2565474,5230518.0000,3
2021-06-09,20210609103000000,sh.600654,2.0500,2.0900,2.0100,2.0400,9499400,19449408.0000,3
2021-06-09,20210609113000000,sh.600654,2.0400,2.0500,2.0100,2.0300,2057600,4171389.0000,3
2021-06-09,20210609140000000,sh.600654,2.0300,2.0600,2.0300,2.0500,2212545,4537200.0000,3
2021-06-09,20210609150000000,sh.600654,2.0500,2.0600,2.0200,2.0200,3339400,6810171.0000,3
2021-06-10,20210610103000000,sh.600654,2.0100,2.0900,2.0100,2.0600,5617650,11573302.0000,3
2021-06-10,20210610113000000,sh.600654,2.0600,2.0700,2.0400,2.0500,1111900,2280144.0000,3
2021-06-10,20210610140000000,sh.600654,2.0500,2.0600,2.0400,2.0600,959900,1970923.0000,3
2021-06-10,20210610150000000,sh.600654,2.0600,2.0600,2.0300,2.0400,1919800,3929533.0000,3
2021-06-11,20210611103000000,sh.600654,2.0300,2.1400,2.0100,2.1000,8048100,16799164.0000,3
2021-06-11,20210611113000000,sh.600654,2.1000,2.1200,2.1000,2.1100,1653700,3489046.0000,3
2021-06-11,20210611140000000,sh.600654,2.1000,2.1100,2.0900,2.1000,1266178,2660660.0000,3
2021-06-11,20210611150000000,sh.600654,2.1000,2.1000,2.0800,2.1000,2067900,4330855.0000,3
2021-06-15,20210615103000000,sh.600654,2.1100,2.2000,2.1100,2.1900,9600561,20893719.0000,3
2021-06-15,20210615113000000,sh.600654,2.1900,2.2100,2.1800,2.2100,10549797,23271685.0000,3
2021-06-15,20210615140000000,sh.600654,2.2000,2.2100,2.1700,2.2100,4979947,10959497.0000,3
2021-06-15,20210615150000000,sh.600654,2.2100,2.2100,2.1900,2.2100,2916500,6434258.0000,3
2021-06-16,20210616103000000,sh.600654,2.1800,2.1900,2.1000,2.1000,18096200,38366198.0000,3
2021-06-16,20210616113000000,sh.600654,2.1000,2.1000,2.1000,2.1000,625600,1313760.0000,3
2021-06-16,20210616140000000,sh.600654,2.1000,2.1000,2.1000,2.1000,365700,767970.0000,3
2021-06-16,20210616150000000,sh.600654,2.1000,2.1000,2.1000,2.1000,271900,570990.0000,3
2021-06-17,20210617103000000,sh.600654,2.0000,2.0600,2.0000,2.0000,9980000,20035391.0000,3
2021-06-17,20210617113000000,sh.600654,2.0000,2.0000,2.0000,2.0000,337700,675400.0000,3
2021-06-17,20210617140000000,sh.600654,2.0000,2.0300,2.0000,2.0200,5695180,11421593.0000,3
2021-06-17,20210617150000000,sh.600654,2.0200,2.0300,2.0000,2.0300,5002800,10095792.0000,3
2021-06-18,20210618103000000,sh.600654,2.0200,2.0300,1.9300,1.9400,12843265,25271179.0000,3
2021-06-18,20210618113000000,sh.600654,1.9400,1.9700,1.9300,1.9600,3797282,7362011.0000,3
2021-06-18,20210618140000000,sh.600654,1.9600,1.9800,1.9500,1.9700,1427000,2804946.0000,3
2021-06-18,20210618150000000,sh.600654,1.9700,1.9700,1.9400,1.9600,2219500,4335049.0000,3
2021-06-21,20210621103000000,sh.600654,1.9100,1.9300,1.8600,1.9100,11437086,21587790.0000,3
2021-06-21,20210621113000000,sh.600654,1.9100,1.9200,1.9000,1.9200,1220200,2328032.0000,3
2021-06-21,20210621140000000,sh.600654,1.9200,1.9300,1.9100,1.9100,937600,1796395.0000,3
2021-06-21,20210621150000000,sh.600654,1.9100,1.9500,1.9000,1.9300,3388421,6530471.0000,3
2021-06-22,20210622103000000,sh.600654,1.9200,1.9800,1.9200,1.9500,4075521,7951002.0000,3
2021-06-22,20210622113000000,sh.600654,1.9500,1.9500,1.9300,1.9300,1738660,3370265.0000,3
2021-06-22,20210622140000000,sh.600654,1.9300,1.9700,1.9300,1.9400,1582100,3091338.0000,3
2021-06-22,20210622150000000,sh.600654,1.9400,1.9500,1.9300,1.9400,1318900,2561034.0000,3
2021-06-23,20210623103000000,sh.600654,1.9400,1.9600,1.9300,1.9500,2905200,5648539.0000,3
2021-06-23,20210623113000000,sh.600654,1.9500,1.9700,1.9400,1.9700,1911313,3734174.0000,3
2021-06-23,20210623140000000,sh.600654,1.9700,1.9800,1.9600,1.9600,1575600,3095978.0000,3
2021-06-23,20210623150000000,sh.600654,1.9600,1.9600,1.9300,1.9400,2496300,4840911.0000,3
2021-06-24,20210624103000000,sh.600654,1.9300,1.9600,1.9200,1.9500,3219313,6258697.0000,3
2021-06-24,20210624113000000,sh.600654,1.9500,1.9700,1.9400,1.9600,2314301,4524179.0000,3
2021-06-24,20210624140000000,sh.600654,1.9600,2.0400,1.9500,2.0400,7917787,16013723.0000,3
2021-06-24,20210624150000000,sh.600654,2.0400,2.0400,2.0300,2.0400,1010500,2061416.0000,3
2021-06-25,20210625103000000,sh.600654,2.0600,2.1400,2.0600,2.1400,14166935,30119235.0000,3
2021-06-25,20210625113000000,sh.600654,2.1400,2.1400,2.1400,2.1400,466376,998044.0000,3
2021-06-25,20210625140000000,sh.600654,2.1400,2.1400,2.1400,2.1400,962595,2059954.0000,3
2021-06-25,20210625150000000,sh.600654,2.1400,2.1400,2.1400,2.1400,1002660,2145692.0000,3
2021-06-28,20210628103000000,sh.600654,2.1900,2.2000,2.0900,2.1600,10285086,22089147.0000,3
2021-06-28,20210628113000000,sh.600654,2.1600,2.1700,2.1400,2.1500,2028900,4366587.0000,3
2021-06-28,20210628140000000,sh.600654,2.1400,2.1600,2.1400,2.1400,1789100,3846396.0000,3
2021-06-28,20210628150000000,sh.600654,2.1400,2.1500,2.1000,2.1100,3950195,8368639.0000,3
2021-06-29,20210629103000000,sh.600654,2.1000,2.1300,2.0300,2.0600,6601900,13660270.0000,3
2021-06-29,20210629113000000,sh.600654,2.0600,2.0600,2.0100,2.0400,4069898,8257688.0000,3
2021-06-29,20210629140000000,sh.600654,2.0300,2.0700,2.0300,2.0500,1296405,2657791.0000,3
2021-06-29,20210629150000000,sh.600654,2.0600,2.0900,2.0500,2.0700,2434700,5039466.0000,3
2021-06-30,20210630103000000,sh.600654,2.0500,2.1700,2.0300,2.1700,8499900,18052777.0000,3
2021-06-30,20210630113000000,sh.600654,2.1700,2.1700,2.1700,2.1700,515900,1119503.0000,3
2021-06-30,20210630140000000,sh.600654,2.1700,2.1700,2.1600,2.1700,3577735,7757402.0000,3
2021-06-30,20210630150000000,sh.600654,2.1700,2.1700,2.1600,2.1700,4129799,8960287.0000,3
2021-07-01,20210701103000000,sh.600654,2.1800,2.2000,2.1100,2.1300,10561633,22869596.2900,3
2021-07-01,20210701113000000,sh.600654,2.1300,2.1400,2.1200,2.1300,1416900,3020938.6700,3
2021-07-01,20210701140000000,sh.600654,2.1300,2.1400,2.1200,2.1200,1143400,2430385.0000,3
2021-07-01,20210701150000000,sh.600654,2.1200,2.1300,2.0800,2.0800,3506700,7349029.0000,3
2021-07-02,20210702103000000,sh.600654,2.0800,2.0800,2.0200,2.0400,5151800,10561818.0000,3
2021-07-02,20210702113000000,sh.600654,2.0400,2.0400,1.9900,1.9900,6624600,13304291.0000,3
2021-07-02,20210702140000000,sh.600654,1.9900,2.0300,1.9900,2.0100,3228200,6482030.0000,3
2021-07-02,20210702150000000,sh.600654,2.0100,2.0300,2.0100,2.0100,2691400,5432516.0000,3
2021-07-05,20210705103000000,sh.600654,2.0000,2.1100,2.0000,2.0900,10166721,21212576.3100,3
2021-07-05,20210705113000000,sh.600654,2.0900,2.1000,2.0800,2.0900,1517000,3165753.0000,3
2021-07-05,20210705140000000,sh.600654,2.0900,2.0900,2.0400,2.0700,2634500,5428665.0000,3
2021-07-05,20210705150000000,sh.600654,2.0700,2.0700,2.0500,2.0600,1449300,2991698.0000,3
2021-07-06,20210706103000000,sh.600654,2.0500,2.0500,2.0200,2.0500,5164900,10531800.0000,3
2021-07-06,20210706113000000,sh.600654,2.0400,2.0500,2.0100,2.0300,2550500,5166904.0000,3
2021-07-06,20210706140000000,sh.600654,2.0300,2.0300,2.0100,2.0100,2142200,4325372.0000,3
2021-07-06,20210706150000000,sh.600654,2.0100,2.0200,1.9700,2.0200,4159599,8327612.0200,3
2021-07-07,20210707103000000,sh.600654,1.9400,2.0000,1.9300,1.9800,7472147,14675442.5300,3
2021-07-07,20210707113000000,sh.600654,1.9800,2.0000,1.9800,1.9900,1371900,2724779.0000,3
2021-07-07,20210707140000000,sh.600654,2.0000,2.0100,1.9900,2.0000,1529500,3059642.0000,3
2021-07-07,20210707150000000,sh.600654,2.0000,2.0000,1.9800,2.0000,1890500,3762095.0000,3
2021-07-08,20210708103000000,sh.600654,2.0000,2.0200,1.9800,1.9800,3016600,6001677.0000,3
2021-07-08,20210708113000000,sh.600654,1.9900,1.9900,1.9600,1.9700,1813400,3582862.0000,3
2021-07-08,20210708140000000,sh.600654,1.9700,1.9900,1.9600,1.9800,1632200,3219069.0000,3
2021-07-08,20210708150000000,sh.600654,1.9800,2.0000,1.9700,1.9800,2167900,4306888.0000,3
2021-07-09,20210709103000000,sh.600654,1.9700,2.0600,1.9700,2.0000,5382551,10882557.0000,3
2021-07-09,20210709113000000,sh.600654,2.0000,2.0200,2.0000,2.0200,1573503,3160384.0300,3
2021-07-09,20210709140000000,sh.600654,2.0200,2.0300,2.0100,2.0200,1010700,2041023.0000,3
2021-07-09,20210709150000000,sh.600654,2.0200,2.0200,2.0100,2.0100,1314697,2646595.9700,3
2021-07-12,20210712103000000,sh.600654,2.0100,2.0600,2.0000,2.0300,3448613,6962785.2800,3
2021-07-12,20210712113000000,sh.600654,2.0200,2.0300,1.9800,1.9900,2538287,5075040.6900,3
2021-07-12,20210712140000000,sh.600654,1.9900,2.0100,1.9800,2.0000,1793400,3572848.0000,3
2021-07-12,20210712150000000,sh.600654,2.0000,2.0000,1.9900,1.9900,1404500,2802002.0000,3
2021-07-13,20210713103000000,sh.600654,1.9800,2.0000,1.9600,1.9700,4412900,8715283.0000,3
2021-07-13,20210713113000000,sh.600654,1.9800,1.9900,1.9600,1.9800,992400,1960903.0000,3
2021-07-13,20210713140000000,sh.600654,1.9800,1.9800,1.9600,1.9800,1092500,2153549.0000,3
2021-07-13,20210713150000000,sh.600654,1.9800,1.9900,1.9700,1.9900,2172225,4292553.2500,3
2021-07-14,20210714103000000,sh.600654,1.9800,1.9900,1.9100,1.9200,4730300,9198231.0000,3
2021-07-14,20210714113000000,sh.600654,1.9200,1.9300,1.9100,1.9200,2915700,5600183.0000,3
2021-07-14,20210714140000000,sh.600654,1.9300,1.9400,1.9200,1.9300,953000,1843912.0000,3
2021-07-14,20210714150000000,sh.600654,1.9300,1.9500,1.9200,1.9400,1473201,2846095.9200,3
2021-07-15,20210715103000000,sh.600654,1.9300,1.9300,1.8800,1.9100,6648200,12617964.0000,3
2021-07-15,20210715113000000,sh.600654,1.9100,1.9200,1.9000,1.9000,1204300,2292750.0000,3
2021-07-15,20210715140000000,sh.600654,1.9000,1.9100,1.8900,1.9000,1336000,2530884.0000,3
2021-07-15,20210715150000000,sh.600654,1.9000,1.9100,1.8900,1.9100,1771786,3368098.4000,3
2021-07-16,20210716103000000,sh.600654,1.9000,2.0100,1.9000,2.0100,12460271,24775441.3000,3
2021-07-16,20210716113000000,sh.600654,2.0100,2.0100,2.0000,2.0100,943198,1895777.9800,3
2021-07-16,20210716140000000,sh.600654,2.0100,2.0100,2.0100,2.0100,346400,696264.0000,3
2021-07-16,20210716150000000,sh.600654,2.0100,2.0100,2.0000,2.0100,2089000,4198840.0000,3
2021-07-19,20210719103000000,sh.600654,1.9900,2.0000,1.9300,1.9600,7370700,14462475.0000,3
2021-07-19,20210719113000000,sh.600654,1.9600,1.9600,1.9400,1.9600,974000,1900628.0000,3
2021-07-19,20210719140000000,sh.600654,1.9600,1.9800,1.9500,1.9700,954800,1874186.0000,3
2021-07-19,20210719150000000,sh.600654,1.9700,1.9700,1.9400,1.9500,2077699,4050779.0600,3
2021-07-20,20210720103000000,sh.600654,1.9400,2.0100,1.9000,1.9800,4914574,9664394.5100,3
2021-07-20,20210720113000000,sh.600654,1.9800,1.9900,1.9700,1.9900,830898,1646578.0400,3
2021-07-20,20210720140000000,sh.600654,1.9900,1.9900,1.9700,1.9700,565701,1121985.9800,3
2021-07-20,20210720150000000,sh.600654,1.9700,1.9800,1.9500,1.9500,1467249,2877799.0400,3
2021-07-21,20210721103000000,sh.600654,1.9500,2.0300,1.9500,1.9900,4379600,8782242.2200,3
2021-07-21,20210721113000000,sh.600654,1.9900,2.0000,1.9800,1.9900,1032650,2058111.5000,3
2021-07-21,20210721140000000,sh.600654,1.9900,2.0000,1.9800,1.9800,548050,1087735.5000,3
2021-07-21,20210721150000000,sh.600654,1.9800,2.0100,1.9800,1.9900,2741550,5466698.5000,3
2021-07-22,20210722103000000,sh.600654,1.9900,2.0500,1.9900,1.9900,3987701,8034580.0000,3
2021-07-22,20210722113000000,sh.600654,1.9900,2.0100,1.9900,2.0000,804687,1611269.0000,3
2021-07-22,20210722140000000,sh.600654,2.0100,2.0200,2.0000,2.0200,1725300,3469795.0000,3
2021-07-22,20210722150000000,sh.600654,2.0200,2.0200,1.9900,2.0100,1568245,3139438.6800,3
2021-07-23,20210723103000000,sh.600654,2.0100,2.0500,1.9700,1.9800,4506800,9062568.0000,3
2021-07-23,20210723113000000,sh.600654,1.9800,1.9900,1.9500,1.9600,2306000,4548812.0000,3
2021-07-23,20210723140000000,sh.600654,1.9600,1.9800,1.9500,1.9800,1654350,3241544.5000,3
2021-07-23,20210723150000000,sh.600654,1.9800,1.9800,1.9600,1.9700,742100,1462206.5000,3
2021-07-26,20210726103000000,sh.600654,1.9500,2.0100,1.9500,1.9600,2976000,5871963.0000,3
2021-07-26,20210726113000000,sh.600654,1.9700,1.9700,1.9500,1.9500,756100,1478355.0000,3
2021-07-26,20210726140000000,sh.600654,1.9500,1.9600,1.9000,1.9300,3107600,5968900.0000,3
2021-07-26,20210726150000000,sh.600654,1.9300,1.9500,1.9200,1.9500,1082100,2093855.0000,3
2021-07-27,20210727103000000,sh.600654,1.9500,1.9700,1.9100,1.9200,1963800,3797340.0000,3
2021-07-27,20210727113000000,sh.600654,1.9200,1.9300,1.9100,1.9200,979900,1882015.0000,3
2021-07-27,20210727140000000,sh.600654,1.9200,1.9400,1.9200,1.9200,693000,1333350.0000,3
2021-07-27,20210727150000000,sh.600654,1.9300,1.9400,1.9100,1.9200,1501800,2890565.0000,3
2021-07-28,20210728103000000,sh.600654,1.9100,1.9200,1.8200,1.8400,8099909,14856786.3800,3
2021-07-28,20210728113000000,sh.600654,1.8400,1.8600,1.8200,1.8300,1165000,2142324.0000,3
2021-07-28,20210728140000000,sh.600654,1.8300,1.8400,1.8200,1.8200,1893900,3452538.0000,3
2021-07-28,20210728150000000,sh.600654,1.8200,1.8300,1.8200,1.8300,1860300,3389871.0000,3
2021-07-29,20210729103000000,sh.600654,1.8200,1.8600,1.8200,1.8200,2374100,4362572.0000,3
2021-07-29,20210729113000000,sh.600654,1.8200,1.8400,1.8200,1.8400,576500,1055089.0000,3
2021-07-29,20210729140000000,sh.600654,1.8400,1.8500,1.8300,1.8400,1136200,2088327.0000,3
2021-07-29,20210729150000000,sh.600654,1.8400,1.8400,1.8200,1.8300,1686100,3083871.0200,3
2021-07-30,20210730103000000,sh.600654,1.8300,1.8400,1.8000,1.8200,1569598,2850231.3800,3
2021-07-30,20210730113000000,sh.600654,1.8200,1.8200,1.8100,1.8100,1237100,2242767.0000,3
2021-07-30,20210730140000000,sh.600654,1.8100,1.8200,1.8000,1.8200,822410,1489200.1000,3
2021-07-30,20210730150000000,sh.600654,1.8200,1.8500,1.8100,1.8500,1197400,2196748.0000,3
2021-08-02,20210802103000000,sh.600654,1.8400,1.8800,1.8400,1.8500,2644001,4911284.8400,3
2021-08-02,20210802113000000,sh.600654,1.8500,1.8600,1.8400,1.8400,1626510,3000222.4000,3
2021-08-02,20210802140000000,sh.600654,1.8400,1.8600,1.8400,1.8600,465300,862290.0000,3
2021-08-02,20210802150000000,sh.600654,1.8600,1.8700,1.8500,1.8600,777451,1446103.9400,3
2021-08-03,20210803103000000,sh.600654,1.8600,1.8900,1.8500,1.8700,1793612,3358042.3200,3
2021-08-03,20210803113000000,sh.600654,1.8600,1.8900,1.8600,1.8700,1422300,2663936.0000,3
2021-08-03,20210803140000000,sh.600654,1.8700,1.8800,1.8600,1.8700,624100,1168744.0000,3
2021-08-03,20210803150000000,sh.600654,1.8700,1.8800,1.8600,1.8700,735800,1373010.0000,3
2021-08-04,20210804103000000,sh.600654,1.8700,1.8800,1.8500,1.8500,1910600,3551652.0000,3
2021-08-04,20210804113000000,sh.600654,1.8600,1.8600,1.8500,1.8500,786500,1457687.0000,3
2021-08-04,20210804140000000,sh.600654,1.8500,1.8600,1.8500,1.8500,370917,687530.4500,3
2021-08-04,20210804150000000,sh.600654,1.8500,1.8600,1.8500,1.8500,976100,1811029.0000,3
2021-08-05,20210805103000000,sh.600654,1.8600,1.8600,1.8300,1.8300,1307500,2402857.0000,3
2021-08-05,20210805113000000,sh.600654,1.8300,1.8400,1.8300,1.8400,668600,1226611.0000,3
2021-08-05,20210805140000000,sh.600654,1.8400,1.8400,1.8100,1.8100,1432500,2612793.0000,3
2021-08-05,20210805150000000,sh.600654,1.8100,1.8300,1.8100,1.8200,1240817,2254307.7700,3
2021-08-06,20210806103000000,sh.600654,1.8300,1.8300,1.7800,1.7900,1947700,3491858.0000,3
2021-08-06,20210806113000000,sh.600654,1.7900,1.8100,1.7800,1.7900,1100400,1970648.0000,3
2021-08-06,20210806140000000,sh.600654,1.7900,1.8000,1.7800,1.7800,727289,1300050.0000,3
2021-08-06,20210806150000000,sh.600654,1.7800,1.8000,1.7800,1.7900,1453018,2595564.0000,3
2021-08-09,20210809103000000,sh.600654,1.7800,1.8100,1.7700,1.8100,1741501,3127594.0000,3
2021-08-09,20210809113000000,sh.600654,1.8100,1.8200,1.8000,1.8100,563343,1019255.0000,3
2021-08-09,20210809140000000,sh.600654,1.8200,1.8300,1.8100,1.8200,950900,1730950.0000,3
2021-08-09,20210809150000000,sh.600654,1.8200,1.8300,1.8100,1.8200,960900,1748091.0000,3
2021-08-10,20210810103000000,sh.600654,1.8100,1.8500,1.8100,1.8500,1509893,2772777.0000,3
2021-08-10,20210810113000000,sh.600654,1.8500,1.8500,1.8300,1.8400,608900,1121503.0000,3
2021-08-10,20210810140000000,sh.600654,1.8400,1.8400,1.8300,1.8300,561500,1028521.0000,3
2021-08-10,20210810150000000,sh.600654,1.8300,1.8400,1.8200,1.8300,802200,1468433.0000,3
2021-08-11,20210811103000000,sh.600654,1.8300,1.8400,1.8200,1.8300,947200,1733248.0000,3
2021-08-11,20210811113000000,sh.600654,1.8300,1.8400,1.8100,1.8400,1736500,3163915.0000,3
2021-08-11,20210811140000000,sh.600654,1.8400,1.8400,1.8100,1.8200,1189900,2165507.0000,3
2021-08-11,20210811150000000,sh.600654,1.8200,1.8400,1.8200,1.8400,756960,1382873.0000,3
2021-08-12,20210812103000000,sh.600654,1.8300,1.8700,1.8200,1.8400,2489400,4604425.0000,3
2021-08-12,20210812113000000,sh.600654,1.8400,1.8600,1.8400,1.8500,518300,958557.0000,3
2021-08-12,20210812140000000,sh.600654,1.8500,1.8600,1.8500,1.8500,929400,1722789.0000,3
2021-08-12,20210812150000000,sh.600654,1.8500,1.8600,1.8400,1.8500,1130815,2091577.0000,3
2021-08-13,20210813103000000,sh.600654,1.8400,1.8500,1.8200,1.8500,2335900,4292056.0000,3
2021-08-13,20210813113000000,sh.600654,1.8500,1.8500,1.8300,1.8400,417800,767630.0000,3
2021-08-13,20210813140000000,sh.600654,1.8400,1.8400,1.8200,1.8300,1690800,3090062.0000,3
2021-08-13,20210813150000000,sh.600654,1.8300,1.8500,1.8300,1.8500,741800,1365094.0000,3
2021-08-16,20210816103000000,sh.600654,1.8500,1.9400,1.8400,1.9400,6678849,12716484.0000,3
2021-08-16,20210816113000000,sh.600654,1.9400,1.9400,1.9200,1.9400,4089580,7925433.0000,3
2021-08-16,20210816140000000,sh.600654,1.9400,1.9400,1.9300,1.9400,1608000,3116986.0000,3
2021-08-16,20210816150000000,sh.600654,1.9400,1.9400,1.9300,1.9400,1031200,2000418.0000,3
2021-08-17,20210817103000000,sh.600654,1.8800,1.9200,1.8400,1.8800,9639280,18004438.0000,3
2021-08-17,20210817113000000,sh.600654,1.8800,1.9400,1.8800,1.9100,2421800,4645866.0000,3
2021-08-17,20210817140000000,sh.600654,1.9000,1.9200,1.9000,1.9000,1376420,2633321.0000,3
2021-08-17,20210817150000000,sh.600654,1.9000,1.9100,1.8700,1.8900,2190900,4141243.0000,3
2021-08-18,20210818103000000,sh.600654,1.8800,1.9800,1.8700,1.9800,10815542,21204847.0000,3
2021-08-18,20210818113000000,sh.600654,1.9800,1.9800,1.9400,1.9700,2913653,5732989.0000,3
2021-08-18,20210818140000000,sh.600654,1.9700,1.9800,1.9500,1.9700,991500,1951603.0000,3
2021-08-18,20210818150000000,sh.600654,1.9700,1.9700,1.9600,1.9600,1157700,2274499.0000,3
2021-08-19,20210819103000000,sh.600654,1.9500,2.0400,1.9300,2.0200,8557923,17096117.0000,3
2021-08-19,20210819113000000,sh.600654,2.0300,2.0300,2.0000,2.0100,1711759,3446598.0000,3
2021-08-19,20210819140000000,sh.600654,2.0100,2.0200,2.0000,2.0000,927100,1865674.0000,3
2021-08-19,20210819150000000,sh.600654,2.0000,2.0100,2.0000,2.0100,1700600,3414474.0000,3
2021-08-20,20210820103000000,sh.600654,2.0100,2.0200,1.9600,1.9700,4343900,8611085.0000,3
2021-08-20,20210820113000000,sh.600654,1.9700,2.0000,1.9700,1.9800,1104201,2191395.0000,3
2021-08-20,20210820140000000,sh.600654,1.9800,1.9900,1.9600,1.9700,1397999,2757247.0000,3
2021-08-20,20210820150000000,sh.600654,1.9700,1.9800,1.9600,1.9700,1488159,2925241.0000,3
2021-08-23,20210823103000000,sh.600654,1.9700,2.0600,1.9700,2.0200,4443033,8997659.0000,3
2021-08-23,20210823113000000,sh.600654,2.0200,2.0200,1.9900,1.9900,1551800,3100546.0000,3
2021-08-23,20210823140000000,sh.600654,1.9900,2.0000,1.9500,1.9500,3091900,6101376.0000,3
2021-08-23,20210823150000000,sh.600654,1.9500,1.9700,1.9500,1.9500,2506600,4902999.0000,3
2021-08-24,20210824103000000,sh.600654,1.9500,1.9600,1.9200,1.9400,3401335,6601680.0000,3
2021-08-24,20210824113000000,sh.600654,1.9400,1.9400,1.9300,1.9300,1139233,2201208.0000,3
2021-08-24,20210824140000000,sh.600654,1.9300,1.9600,1.9300,1.9500,1329700,2583909.0000,3
2021-08-24,20210824150000000,sh.600654,1.9500,1.9700,1.9400,1.9600,1302800,2547437.0000,3
2021-08-25,20210825103000000,sh.600654,1.9600,1.9600,1.9400,1.9600,1360500,2650070.0000,3
2021-08-25,20210825113000000,sh.600654,1.9600,1.9800,1.9500,1.9700,979800,1924866.0000,3
2021-08-25,20210825140000000,sh.600654,1.9700,1.9700,1.9500,1.9500,750500,1471101.0000,3
2021-08-25,20210825150000000,sh.600654,1.9600,1.9700,1.9500,1.9600,957600,1876262.0000,3
2021-08-26,20210826103000000,sh.600654,1.9700,1.9800,1.9400,1.9400,1645600,3215975.0000,3
2021-08-26,20210826113000000,sh.600654,1.9400,1.9500,1.9300,1.9400,1021300,1978779.0000,3
2021-08-26,20210826140000000,sh.600654,1.9400,1.9500,1.9300,1.9400,1451800,2814601.0000,3
2021-08-26,20210826150000000,sh.600654,1.9400,1.9500,1.9200,1.9300,1583900,3059307.0000,3
2021-08-27,20210827103000000,sh.600654,1.9300,2.0300,1.9200,2.0000,4676501,9267607.0000,3
2021-08-27,20210827113000000,sh.600654,2.0000,2.0100,1.9800,2.0000,1251701,2496739.0000,3
2021-08-27,20210827140000000,sh.600654,2.0000,2.0100,1.9900,2.0000,1527011,3051962.0000,3
2021-08-27,20210827150000000,sh.600654,2.0000,2.0100,1.9900,2.0000,1817344,3641821.0000,3
2021-08-30,20210830103000000,sh.600654,2.0000,2.0200,1.9800,1.9800,2162400,4313404.0000,3
2021-08-30,20210830113000000,sh.600654,1.9800,1.9900,1.9600,1.9800,1254900,2474834.0000,3
2021-08-30,20210830140000000,sh.600654,1.9800,2.0000,1.9700,1.9900,1351700,2684093.0000,3
2021-08-30,20210830150000000,sh.600654,1.9900,2.0000,1.9800,1.9900,938995,1869504.0000,3
2021-08-31,20210831103000000,sh.600654,1.9900,2.0000,1.9700,1.9800,1688100,3339395.0000,3
2021-08-31,20210831113000000,sh.600654,1.9800,1.9800,1.9500,1.9600,1044500,2052306.0000,3
2021-08-31,20210831140000000,sh.600654,1.9500,1.9600,1.9400,1.9500,1429368,2786082.0000,3
2021-08-31,20210831150000000,sh.600654,1.9500,1.9600,1.9500,1.9500,1655500,3229970.0000,3
2021-09-01,20210901103000000,sh.600654,1.9600,1.9700,1.9300,1.9500,3056200,5951151.0000,3
2021-09-01,20210901113000000,sh.600654,1.9500,1.9600,1.9300,1.9500,1715255,3334270.0000,3
2021-09-01,20210901140000000,sh.600654,1.9500,1.9700,1.9400,1.9500,927860,1813036.0000,3
2021-09-01,20210901150000000,sh.600654,1.9500,1.9500,1.9400,1.9500,633600,1231440.0000,3
2021-09-02,20210902103000000,sh.600654,1.9600,1.9600,1.9400,1.9500,1972787,3839938.0000,3
2021-09-02,20210902113000000,sh.600654,1.9500,1.9600,1.9400,1.9500,380600,742972.0000,3
2021-09-02,20210902140000000,sh.600654,1.9500,2.0000,1.9500,1.9800,2226100,4401962.0000,3
2021-09-02,20210902150000000,sh.600654,1.9800,1.9800,1.9600,1.9800,842955,1661220.0000,3
2021-09-03,20210903103000000,sh.600654,1.9700,1.9900,1.9500,1.9700,2424606,4773561.0000,3
2021-09-03,20210903113000000,sh.600654,1.9700,1.9800,1.9500,1.9700,1659600,3258618.0000,3
2021-09-03,20210903140000000,sh.600654,1.9700,1.9700,1.9600,1.9700,518660,1019987.0000,3
2021-09-03,20210903150000000,sh.600654,1.9700,1.9800,1.9600,1.9800,1001858,1972151.0000,3
2021-09-06,20210906103000000,sh.600654,1.9900,2.0700,1.9800,2.0300,9012403,18459438.0000,3
2021-09-06,20210906113000000,sh.600654,2.0300,2.0500,2.0300,2.0500,2082363,4252872.0000,3
2021-09-06,20210906140000000,sh.600654,2.0500,2.0600,2.0400,2.0500,2385500,4899630.0000,3
2021-09-06,20210906150000000,sh.600654,2.0500,2.0500,2.0400,2.0400,1095495,2241444.0000,3
2021-09-07,20210907103000000,sh.600654,2.0400,2.1000,2.0300,2.0800,4924501,10237650.0000,3
2021-09-07,20210907113000000,sh.600654,2.0800,2.1000,2.0700,2.0800,1709557,3559888.0000,3
2021-09-07,20210907140000000,sh.600654,2.0800,2.0800,2.0700,2.0700,1187300,2466114.0000,3
2021-09-07,20210907150000000,sh.600654,2.0700,2.0800,2.0500,2.0500,2199808,4539211.0000,3
2021-09-08,20210908103000000,sh.600654,2.0500,2.0700,2.0200,2.0300,3826100,7806521.0000,3
2021-09-08,20210908113000000,sh.600654,2.0300,2.0400,2.0100,2.0200,1312500,2659123.0000,3
2021-09-08,20210908140000000,sh.600654,2.0200,2.0300,2.0100,2.0200,1238310,2504061.0000,3
2021-09-08,20210908150000000,sh.600654,2.0200,2.0400,2.0200,2.0300,1437110,2913676.0000,3
2021-09-09,20210909103000000,sh.600654,2.0300,2.0300,2.0100,2.0300,1436360,2897435.0000,3
2021-09-09,20210909113000000,sh.600654,2.0300,2.0300,2.0100,2.0200,916640,1848403.0000,3
2021-09-09,20210909140000000,sh.600654,2.0300,2.0300,2.0100,2.0200,1234800,2498154.0000,3
2021-09-09,20210909150000000,sh.600654,2.0200,2.0200,2.0100,2.0100,1189900,2393061.0000,3
2021-09-10,20210910103000000,sh.600654,2.0000,2.0200,1.9900,2.0000,2040600,4084004.0000,3
2021-09-10,20210910113000000,sh.600654,2.0000,2.0100,1.9800,2.0000,1141510,2275245.0000,3
2021-09-10,20210910140000000,sh.600654,2.0000,2.0100,1.9900,2.0000,675639,1347936.0000,3
2021-09-10,20210910150000000,sh.600654,2.0000,2.0100,1.9900,2.0000,977200,1953600.0000,3
2021-09-13,20210913103000000,sh.600654,2.0000,2.0000,1.9700,1.9800,3259500,6466633.0000,3
2021-09-13,20210913113000000,sh.600654,1.9800,1.9800,1.9600,1.9700,2158906,4242994.0000,3
2021-09-13,20210913140000000,sh.600654,1.9600,1.9700,1.9500,1.9600,1696694,3326136.0000,3
2021-09-13,20210913150000000,sh.600654,1.9600,1.9700,1.9500,1.9600,976100,1915998.0000,3
2021-09-14,20210914103000000,sh.600654,1.9600,1.9900,1.9500,1.9800,3629242,7148385.0000,3
2021-09-14,20210914113000000,sh.600654,1.9800,1.9900,1.9700,1.9800,941100,1864545.0000,3
2021-09-14,20210914140000000,sh.600654,1.9800,1.9900,1.9700,1.9800,1668100,3304155.0000,3
2021-09-14,20210914150000000,sh.600654,1.9800,1.9800,1.9600,1.9800,860254,1695007.0000,3
2021-09-15,20210915103000000,sh.600654,1.9700,1.9800,1.9600,1.9600,1613200,3169755.0000,3
2021-09-15,20210915113000000,sh.600654,1.9600,1.9700,1.9500,1.9700,1132900,2217752.0000,3
2021-09-15,20210915140000000,sh.600654,1.9700,1.9800,1.9600,1.9800,701700,1383925.0000,3
2021-09-15,20210915150000000,sh.600654,1.9800,1.9800,1.9600,1.9700,1161800,2289307.0000,3
2021-09-16,20210916103000000,sh.600654,1.9700,1.9700,1.9500,1.9600,2444743,4790615.0000,3
2021-09-16,20210916113000000,sh.600654,1.9600,1.9700,1.9500,1.9600,668034,1309438.0000,3
2021-09-16,20210916140000000,sh.600654,1.9600,1.9700,1.9400,1.9500,1774123,3460651.0000,3
2021-09-16,20210916150000000,sh.600654,1.9500,1.9500,1.9400,1.9400,1095302,2128773.0000,3
2021-09-17,20210917103000000,sh.600654,1.9500,1.9500,1.9100,1.9100,2253401,4320720.0000,3
2021-09-17,20210917113000000,sh.600654,1.9100,1.9200,1.8500,1.8700,4586799,8627204.0000,3
2021-09-17,20210917140000000,sh.600654,1.8700,1.8800,1.8500,1.8700,2225900,4140345.0000,3
2021-09-17,20210917150000000,sh.600654,1.8700,1.9100,1.8700,1.8900,1497600,2836837.0000,3
2021-09-22,20210922103000000,sh.600654,1.8600,1.9600,1.8600,1.9200,2710488,5216905.0000,3
2021-09-22,20210922113000000,sh.600654,1.9200,1.9400,1.9200,1.9400,984301,1900156.0000,3
2021-09-22,20210922140000000,sh.600654,1.9400,1.9500,1.9400,1.9500,747114,1454495.0000,3
2021-09-22,20210922150000000,sh.600654,1.9500,1.9800,1.9400,1.9700,3739272,7368796.0000,3
2021-09-23,20210923103000000,sh.600654,1.9700,2.0100,1.9600,1.9600,3163688,6278334.0000,3
2021-09-23,20210923113000000,sh.600654,1.9600,1.9800,1.9500,1.9600,1012300,1986561.0000,3
2021-09-23,20210923140000000,sh.600654,1.9600,1.9600,1.9500,1.9600,1003500,1960179.0000,3
2021-09-23,20210923150000000,sh.600654,1.9600,1.9600,1.9500,1.9600,505800,990495.0000,3
2021-09-24,20210924103000000,sh.600654,1.9600,1.9700,1.9100,1.9200,2366701,4568313.0000,3
2021-09-24,20210924113000000,sh.600654,1.9200,1.9200,1.9000,1.9200,598900,1145913.0000,3
2021-09-24,20210924140000000,sh.600654,1.9200,1.9300,1.9100,1.9200,419100,804440.0000,3
2021-09-24,20210924150000000,sh.600654,1.9200,1.9300,1.9100,1.9100,1117010,2138905.0000,3
2021-09-27,20210927103000000,sh.600654,1.9000,1.9200,1.8800,1.8800,1798370,3394267.0000,3
2021-09-27,20210927113000000,sh.600654,1.8800,1.8900,1.8600,1.8600,1512940,2834022.0000,3
2021-09-27,20210927140000000,sh.600654,1.8700,1.8700,1.8500,1.8700,922860,1714875.0000,3
2021-09-27,20210927150000000,sh.600654,1.8700,1.8800,1.8600,1.8600,877212,1636137.0000,3
2021-09-28,20210928103000000,sh.600654,1.8700,1.8800,1.8500,1.8700,1094301,2042132.0000,3
2021-09-28,20210928113000000,sh.600654,1.8700,1.9000,1.8700,1.9000,925600,1743245.0000,3
2021-09-28,20210928140000000,sh.600654,1.8900,1.9100,1.8800,1.8900,743200,1407750.0000,3
2021-09-28,20210928150000000,sh.600654,1.8800,1.8900,1.8800,1.8800,1133210,2134225.0000,3
2021-09-29,20210929103000000,sh.600654,1.8800,1.8800,1.8500,1.8600,986100,1834794.0000,3
2021-09-29,20210929113000000,sh.600654,1.8600,1.8600,1.8400,1.8500,1556100,2875305.0000,3
2021-09-29,20210929140000000,sh.600654,1.8600,1.8600,1.8500,1.8500,970600,1797116.0000,3
2021-09-29,20210929150000000,sh.600654,1.8500,1.8500,1.8200,1.8200,2042901,3756387.0000,3
2021-09-30,20210930103000000,sh.600654,1.8500,1.8700,1.8400,1.8400,1148000,2127701.0000,3
2021-09-30,20210930113000000,sh.600654,1.8400,1.8500,1.8400,1.8400,446100,823600.0000,3
2021-09-30,20210930140000000,sh.600654,1.8500,1.8600,1.8400,1.8600,656600,1211332.0000,3
2021-09-30,20210930150000000,sh.600654,1.8500,1.8600,1.8500,1.8500,646910,1201087.0000,3
2021-10-08,20211008103000000,sh.600654,1.8600,1.9400,1.8500,1.9000,3293710,6244612.0000,3
2021-10-08,20211008113000000,sh.600654,1.9000,1.9100,1.9000,1.9000,359182,683657.0000,3
2021-10-08,20211008140000000,sh.600654,1.9100,1.9100,1.8900,1.9000,608500,1156452.0000,3
2021-10-08,20211008150000000,sh.600654,1.9000,1.9100,1.8900,1.9000,1063700,2021938.0000,3
2021-10-11,20211011103000000,sh.600654,1.9000,1.9000,1.8700,1.8900,2565910,4820716.0000,3
2021-10-11,20211011113000000,sh.600654,1.8900,1.8900,1.8800,1.8900,438600,827378.0000,3
2021-10-11,20211011140000000,sh.600654,1.8900,1.9000,1.8800,1.8900,427600,809390.0000,3
2021-10-11,20211011150000000,sh.600654,1.8900,1.9100,1.8900,1.9000,849500,1614606.0000,3
2021-10-12,20211012103000000,sh.600654,1.8900,1.9100,1.8900,1.8900,1268200,2406412.0000,3
2021-10-12,20211012113000000,sh.600654,1.8900,1.9100,1.8900,1.9000,859300,1635332.0000,3
2021-10-12,20211012140000000,sh.600654,1.9000,1.9000,1.8700,1.8800,1294300,2434181.0000,3
2021-10-12,20211012150000000,sh.600654,1.8800,1.8900,1.8600,1.8800,1169782,2184646.0000,3
2021-10-13,20211013103000000,sh.600654,1.8700,1.9700,1.8700,1.9700,9707902,18984182.0000,3
2021-10-13,20211013113000000,sh.600654,1.9700,1.9700,1.9600,1.9700,2437800,4798276.0000,3
2021-10-13,20211013140000000,sh.600654,1.9700,1.9700,1.9700,1.9700,834311,1643338.0000,3
2021-10-13,20211013150000000,sh.600654,1.9700,1.9700,1.9700,1.9700,167200,329384.0000,3
2021-10-14,20211014103000000,sh.600654,1.9700,1.9700,1.9200,1.9300,4329810,8422738.0000,3
2021-10-14,20211014113000000,sh.600654,1.9300,1.9400,1.9300,1.9300,827100,1600250.0000,3
2021-10-14,20211014140000000,sh.600654,1.9300,1.9400,1.9300,1.9300,931139,1800507.0000,3
2021-10-14,20211014150000000,sh.600654,1.9400,1.9600,1.9300,1.9400,1743010,3386578.0000,3
2021-10-15,20211015103000000,sh.600654,1.9400,1.9500,1.9100,1.9400,1942900,3738965.0000,3
2021-10-15,20211015113000000,sh.600654,1.9400,1.9600,1.9400,1.9500,1231710,2398970.0000,3
2021-10-15,20211015140000000,sh.600654,1.9500,1.9600,1.9300,1.9300,1486100,2888817.0000,3
2021-10-15,20211015150000000,sh.600654,1.9300,1.9400,1.9200,1.9400,698126,1350625.0000,3
2021-10-18,20211018103000000,sh.600654,1.9500,1.9500,1.9200,1.9200,1057699,2046952.0000,3
2021-10-18,20211018113000000,sh.600654,1.9200,1.9400,1.9200,1.9300,374920,724261.0000,3
2021-10-18,20211018140000000,sh.600654,1.9300,1.9500,1.9300,1.9500,284396,551451.0000,3
2021-10-18,20211018150000000,sh.600654,1.9500,1.9700,1.9400,1.9600,1935000,3785581.0000,3
2021-10-19,20211019103000000,sh.600654,1.9500,1.9900,1.9400,1.9700,2143908,4219215.0000,3
2021-10-19,20211019113000000,sh.600654,1.9700,1.9800,1.9600,1.9700,688599,1354666.0000,3
2021-10-19,20211019140000000,sh.600654,1.9600,1.9800,1.9600,1.9700,920800,1813868.0000,3
2021-10-19,20211019150000000,sh.600654,1.9700,1.9700,1.9500,1.9500,1009227,1977697.0000,3
2021-10-20,20211020103000000,sh.600654,1.9600,2.0000,1.9500,1.9900,3858822,7643159.0000,3
2021-10-20,20211020113000000,sh.600654,1.9900,2.0000,1.9700,1.9800,1228901,2438846.0000,3
2021-10-20,20211020140000000,sh.600654,1.9900,1.9900,1.9700,1.9700,630099,1245000.0000,3
2021-10-20,20211020150000000,sh.600654,1.9700,1.9800,1.9700,1.9800,823714,1627699.0000,3
2021-10-21,20211021103000000,sh.600654,1.9700,1.9800,1.9300,1.9400,2056100,4014366.0000,3
2021-10-21,20211021113000000,sh.600654,1.9400,1.9600,1.9400,1.9500,445500,867923.0000,3
2021-10-21,20211021140000000,sh.600654,1.9500,1.9500,1.9300,1.9400,719100,1395681.0000,3
2021-10-21,20211021150000000,sh.600654,1.9400,1.9400,1.8800,1.9100,3028700,5793111.0000,3
2021-10-22,20211022103000000,sh.600654,1.9300,1.9300,1.8700,1.8900,2110300,3996994.0000,3
2021-10-22,20211022113000000,sh.600654,1.8900,1.9100,1.8900,1.9100,602500,1142625.0000,3
2021-10-22,20211022140000000,sh.600654,1.9100,1.9100,1.8900,1.8900,603900,1146433.0000,3
2021-10-22,20211022150000000,sh.600654,1.8900,1.9100,1.8900,1.9000,428500,815613.0000,3
2021-10-25,20211025103000000,sh.600654,1.9100,1.9400,1.9000,1.9300,1878200,3612184.0000,3
2021-10-25,20211025113000000,sh.600654,1.9300,1.9400,1.9200,1.9200,343200,662616.0000,3
2021-10-25,20211025140000000,sh.600654,1.9300,1.9300,1.9200,1.9200,306800,589787.0000,3
2021-10-25,20211025150000000,sh.600654,1.9200,1.9300,1.9100,1.9200,922900,1773161.0000,3
2021-10-26,20211026103000000,sh.600654,1.9100,1.9400,1.9100,1.9200,1101100,2122060.0000,3
2021-10-26,20211026113000000,sh.600654,1.9200,1.9300,1.9100,1.9200,313000,599904.0000,3
2021-10-26,20211026140000000,sh.600654,1.9200,1.9200,1.9100,1.9200,322700,618260.0000,3
2021-10-26,20211026150000000,sh.600654,1.9200,1.9200,1.9000,1.9200,669700,1280023.0000,3
2021-10-27,20211027103000000,sh.600654,1.9100,1.9200,1.8800,1.8900,1475400,2799018.0000,3
2021-10-27,20211027113000000,sh.600654,1.8900,1.8900,1.8800,1.8900,442600,834464.0000,3
2021-10-27,20211027140000000,sh.600654,1.8800,1.8900,1.8700,1.8800,1162100,2182204.0000,3
2021-10-27,20211027150000000,sh.600654,1.8800,1.8900,1.8700,1.8900,719036,1352442.0000,3
2021-10-28,20211028103000000,sh.600654,1.8700,1.8900,1.8700,1.8700,1111300,2088105.0000,3
2021-10-28,20211028113000000,sh.600654,1.8700,1.8900,1.8700,1.8700,425300,797049.0000,3
2021-10-28,20211028140000000,sh.600654,1.8700,1.8800,1.8700,1.8800,315300,591188.0000,3
2021-10-28,20211028150000000,sh.600654,1.8800,1.8800,1.8600,1.8700,705600,1318641.0000,3
2021-10-29,20211029103000000,sh.600654,1.8800,1.9600,1.8800,1.9300,4301000,8360052.0000,3
2021-10-29,20211029113000000,sh.600654,1.9400,1.9500,1.9300,1.9400,781000,1517821.0000,3
2021-10-29,20211029140000000,sh.600654,1.9400,1.9500,1.9400,1.9500,431611,840793.0000,3
2021-10-29,20211029150000000,sh.600654,1.9500,1.9600,1.9400,1.9600,2322401,4534644.0000,3
2021-11-01,20211101103000000,sh.600654,1.9500,1.9500,1.8900,1.8900,4188200,7981928.0000,3
2021-11-01,20211101113000000,sh.600654,1.8900,1.9000,1.8800,1.8800,2459101,4629735.0000,3
2021-11-01,20211101140000000,sh.600654,1.8800,1.8900,1.8800,1.8800,712900,1342507.0000,3
2021-11-01,20211101150000000,sh.600654,1.8800,1.8900,1.8600,1.8900,2925899,5485078.0000,3
2021-11-02,20211102103000000,sh.600654,1.8800,1.8900,1.8600,1.8700,1566200,2932450.0000,3
2021-11-02,20211102113000000,sh.600654,1.8700,1.8800,1.8600,1.8600,1006100,1873832.0000,3
2021-11-02,20211102140000000,sh.600654,1.8600,1.8600,1.8100,1.8400,2558400,4702065.0000,3
2021-11-02,20211102150000000,sh.600654,1.8400,1.8700,1.8400,1.8600,901500,1671200.0000,3
2021-11-03,20211103103000000,sh.600654,1.8600,1.9100,1.8600,1.8600,1993600,3753796.0000,3
2021-11-03,20211103113000000,sh.600654,1.8600,1.8700,1.8600,1.8700,171900,320408.0000,3
2021-11-03,20211103140000000,sh.600654,1.8700,1.8700,1.8500,1.8600,466400,867142.0000,3
2021-11-03,20211103150000000,sh.600654,1.8600,1.8700,1.8500,1.8600,708300,1318337.0000,3
2021-11-04,20211104103000000,sh.600654,1.8700,1.8800,1.8600,1.8700,742700,1389205.0000,3
2021-11-04,20211104113000000,sh.600654,1.8700,1.8800,1.8600,1.8700,527300,984906.0000,3
2021-11-04,20211104140000000,sh.600654,1.8800,1.8800,1.8600,1.8800,366900,685670.0000,3
2021-11-04,20211104150000000,sh.600654,1.8800,1.8800,1.8600,1.8700,632300,1182132.0000,3
2021-11-05,20211105103000000,sh.600654,1.8800,1.8800,1.8600,1.8700,940900,1755936.0000,3
2021-11-05,20211105113000000,sh.600654,1.8700,1.8700,1.8600,1.8600,231101,430483.0000,3
2021-11-05,20211105140000000,sh.600654,1.8600,1.8700,1.8600,1.8700,510900,951809.0000,3
2021-11-05,20211105150000000,sh.600654,1.8700,1.8700,1.8500,1.8600,689900,1283556.0000,3
2021-11-08,20211108103000000,sh.600654,1.8700,1.8700,1.8500,1.8600,847100,1571234.0000,3
2021-11-08,20211108113000000,sh.600654,1.8600,1.8800,1.8600,1.8800,396885,741758.0000,3
2021-11-08,20211108140000000,sh.600654,1.8800,1.8800,1.8500,1.8600,691900,1289656.0000,3
2021-11-08,20211108150000000,sh.600654,1.8600,1.8700,1.8500,1.8600,327592,609548.0000,3
2021-11-09,20211109103000000,sh.600654,1.8800,1.8800,1.8500,1.8700,1217700,2268444.0000,3
2021-11-09,20211109113000000,sh.600654,1.8700,1.8800,1.8600,1.8700,297200,555182.0000,3
2021-11-09,20211109140000000,sh.600654,1.8600,1.8800,1.8600,1.8800,559812,1044972.0000,3
2021-11-09,20211109150000000,sh.600654,1.8800,1.8800,1.8600,1.8800,806047,1510838.0000,3
2021-11-10,20211110103000000,sh.600654,1.8800,1.8800,1.8600,1.8700,1018900,1905010.0000,3
2021-11-10,20211110113000000,sh.600654,1.8700,1.8800,1.8600,1.8800,792100,1482141.0000,3
2021-11-10,20211110140000000,sh.600654,1.8800,1.8800,1.8700,1.8700,405200,759129.0000,3
2021-11-10,20211110150000000,sh.600654,1.8700,1.8900,1.8700,1.8800,563497,1058973.0000,3
2021-11-11,20211111103000000,sh.600654,1.8700,1.8900,1.8700,1.8800,1130800,2124614.0000,3
2021-11-11,20211111113000000,sh.600654,1.8700,1.8800,1.8500,1.8600,1564800,2913976.0000,3
2021-11-11,20211111140000000,sh.600654,1.8700,1.8800,1.8600,1.8700,590500,1102731.0000,3
2021-11-11,20211111150000000,sh.600654,1.8700,1.8800,1.8600,1.8700,651912,1219540.0000,3
2021-11-12,20211112103000000,sh.600654,1.8700,1.8800,1.8500,1.8700,1316800,2457823.0000,3
2021-11-12,20211112113000000,sh.600654,1.8700,1.8700,1.8600,1.8600,598300,1112952.0000,3
2021-11-12,20211112140000000,sh.600654,1.8700,1.8800,1.8600,1.8700,833988,1557619.0000,3
2021-11-12,20211112150000000,sh.600654,1.8700,1.8800,1.8600,1.8600,768600,1437900.0000,3
2021-11-15,20211115103000000,sh.600654,1.8600,1.8700,1.8400,1.8500,1695005,3133274.0000,3
2021-11-15,20211115113000000,sh.600654,1.8500,1.8600,1.8400,1.8600,1021600,1883736.0000,3
2021-11-15,20211115140000000,sh.600654,1.8500,1.8600,1.8500,1.8500,648088,1199676.0000,3
2021-11-15,20211115150000000,sh.600654,1.8500,1.8600,1.8500,1.8600,689794,1277736.0000,3
2021-11-16,20211116103000000,sh.600654,1.8500,1.8800,1.8500,1.8800,1873800,3500730.0000,3
2021-11-16,20211116113000000,sh.600654,1.8800,1.8800,1.8600,1.8700,419300,784458.0000,3
2021-11-16,20211116140000000,sh.600654,1.8600,1.8800,1.8600,1.8700,1007300,1881920.0000,3
2021-11-16,20211116150000000,sh.600654,1.8700,1.8700,1.8600,1.8700,681100,1268526.0000,3
2021-11-17,20211117103000000,sh.600654,1.8700,1.8700,1.8500,1.8700,1408793,2621167.0000,3
2021-11-17,20211117113000000,sh.600654,1.8700,1.8700,1.8600,1.8700,134800,251531.0000,3
2021-11-17,20211117140000000,sh.600654,1.8700,1.8800,1.8600,1.8700,875400,1636473.0000,3
2021-11-17,20211117150000000,sh.600654,1.8700,1.8800,1.8700,1.8800,707601,1326497.0000,3
2021-11-18,20211118103000000,sh.600654,1.8700,1.9000,1.8700,1.8700,2095693,3942519.0000,3
2021-11-18,20211118113000000,sh.600654,1.8700,1.8900,1.8700,1.8900,1424490,2676939.0000,3
2021-11-18,20211118140000000,sh.600654,1.8800,1.9500,1.8800,1.9200,5000989,9600363.0000,3
2021-11-18,20211118150000000,sh.600654,1.9200,1.9200,1.9000,1.9000,1020512,1947208.0000,3
2021-11-19,20211119103000000,sh.600654,1.8900,1.9400,1.8900,1.9200,2953083,5664900.0000,3
2021-11-19,20211119113000000,sh.600654,1.9200,1.9300,1.9200,1.9300,802300,1546396.0000,3
2021-11-19,20211119140000000,sh.600654,1.9200,1.9400,1.9200,1.9300,1623400,3134679.0000,3
2021-11-19,20211119150000000,sh.600654,1.9300,1.9400,1.9200,1.9400,1504100,2903411.0000,3
2021-11-22,20211122103000000,sh.600654,1.9200,1.9400,1.8800,1.9000,3613290,6909397.0000,3
2021-11-22,20211122113000000,sh.600654,1.9000,1.9200,1.8900,1.9200,760900,1449203.0000,3
2021-11-22,20211122140000000,sh.600654,1.9200,1.9200,1.9000,1.9000,441583,842586.0000,3
2021-11-22,20211122150000000,sh.600654,1.9000,1.9200,1.9000,1.9100,739100,1410747.0000,3
2021-11-23,20211123103000000,sh.600654,1.9200,1.9200,1.8900,1.8900,1437200,2736057.0000,3
2021-11-23,20211123113000000,sh.600654,1.9000,1.9200,1.8900,1.9100,523000,998785.0000,3
2021-11-23,20211123140000000,sh.600654,1.9100,1.9200,1.9000,1.9000,810400,1542783.0000,3
2021-11-23,20211123150000000,sh.600654,1.9000,1.9100,1.8900,1.9000,763500,1448516.0000,3
2021-11-24,20211124103000000,sh.600654,1.9000,1.9100,1.8700,1.8700,2525300,4758153.0000,3
2021-11-24,20211124113000000,sh.600654,1.8700,1.8900,1.8700,1.8700,1885200,3536130.0000,3
2021-11-24,20211124140000000,sh.600654,1.8800,1.8900,1.8700,1.8800,1208968,2265961.0000,3
2021-11-24,20211124150000000,sh.600654,1.8800,1.8900,1.8600,1.8800,1905300,3564915.0000,3
2021-11-25,20211125103000000,sh.600654,1.8700,1.8800,1.8600,1.8700,1406900,2631800.0000,3
2021-11-25,20211125113000000,sh.600654,1.8700,1.8800,1.8600,1.8700,1080900,2017893.0000,3
2021-11-25,20211125140000000,sh.600654,1.8700,1.8800,1.8700,1.8700,1016200,1904361.0000,3
2021-11-25,20211125150000000,sh.600654,1.8700,1.8800,1.8600,1.8700,873300,1632267.0000,3
2021-11-26,20211126103000000,sh.600654,1.8600,1.8700,1.8400,1.8700,1492300,2773229.0000,3
2021-11-26,20211126113000000,sh.600654,1.8600,1.8700,1.8500,1.8600,1313202,2437541.0000,3
2021-11-26,20211126140000000,sh.600654,1.8600,1.8600,1.8300,1.8500,2230400,4111137.0000,3
2021-11-26,20211126150000000,sh.600654,1.8500,1.8700,1.8400,1.8600,648995,1201650.0000,3
2021-11-29,20211129103000000,sh.600654,1.8500,1.8500,1.8200,1.8500,1457100,2680894.0000,3
2021-11-29,20211129113000000,sh.600654,1.8500,1.8800,1.8400,1.8700,1401500,2610874.0000,3
2021-11-29,20211129140000000,sh.600654,1.8700,1.8700,1.8500,1.8700,622595,1157466.0000,3
2021-11-29,20211129150000000,sh.600654,1.8700,1.8700,1.8500,1.8700,716000,1331553.0000,3
2021-11-30,20211130103000000,sh.600654,1.8700,1.8900,1.8600,1.8700,1863800,3493461.0000,3
2021-11-30,20211130113000000,sh.600654,1.8700,1.8800,1.8700,1.8800,1694648,3175468.0000,3
2021-11-30,20211130140000000,sh.600654,1.8800,1.8900,1.8700,1.8700,808352,1514836.0000,3
2021-11-30,20211130150000000,sh.600654,1.8700,1.8700,1.8600,1.8600,1345000,2503115.0000,3
2021-12-01,20211201103000000,sh.600654,1.8500,1.8800,1.8400,1.8800,1749149,3246954.0000,3
2021-12-01,20211201113000000,sh.600654,1.8800,1.8800,1.8600,1.8600,864200,1617355.0000,3
2021-12-01,20211201140000000,sh.600654,1.8700,1.8800,1.8600,1.8700,708800,1323318.0000,3
2021-12-01,20211201150000000,sh.600654,1.8700,1.8800,1.8700,1.8800,1105600,2071135.0000,3
2021-12-02,20211202103000000,sh.600654,1.8700,1.9100,1.8700,1.8900,2824883,5348104.0000,3
2021-12-02,20211202113000000,sh.600654,1.8900,1.9000,1.8800,1.8900,1518400,2874682.0000,3
2021-12-02,20211202140000000,sh.600654,1.9000,1.9000,1.8900,1.9000,843968,1599899.0000,3
2021-12-02,20211202150000000,sh.600654,1.9000,1.9000,1.8800,1.8800,2357732,4452733.0000,3
2021-12-03,20211203103000000,sh.600654,1.8800,1.8900,1.8600,1.8700,1848900,3465594.0000,3
2021-12-03,20211203113000000,sh.600654,1.8700,1.8800,1.8600,1.8700,850583,1589349.0000,3
2021-12-03,20211203140000000,sh.600654,1.8700,1.8800,1.8700,1.8800,394800,739859.0000,3
2021-12-03,20211203150000000,sh.600654,1.8800,1.8800,1.8700,1.8800,753500,1413276.0000,3
2021-12-06,20211206103000000,sh.600654,1.8700,1.8900,1.8600,1.8800,3396300,6359572.0000,3
2021-12-06,20211206113000000,sh.600654,1.8800,1.9300,1.8700,1.9300,3208046,6095987.0000,3
2021-12-06,20211206140000000,sh.600654,1.9300,1.9300,1.9000,1.9100,2207930,4232663.0000,3
2021-12-06,20211206150000000,sh.600654,1.9100,1.9100,1.8900,1.8900,1668670,3167105.0000,3
2021-12-07,20211207103000000,sh.600654,1.8900,1.9100,1.8800,1.8900,3320400,6305007.0000,3
2021-12-07,20211207113000000,sh.600654,1.8900,1.9000,1.8800,1.9000,1193801,2259287.0000,3
2021-12-07,20211207140000000,sh.600654,1.9100,1.9600,1.9000,1.9500,8845055,17154604.0000,3
2021-12-07,20211207150000000,sh.600654,1.9500,1.9800,1.9400,1.9600,6604545,12985647.0000,3
2021-12-08,20211208103000000,sh.600654,1.9500,2.0600,1.9500,2.0600,20823146,42478062.0000,3
2021-12-08,20211208113000000,sh.600654,2.0600,2.0600,2.0600,2.0600,532300,1096538.0000,3
2021-12-08,20211208140000000,sh.600654,2.0600,2.0600,2.0600,2.0600,1132300,2332538.0000,3
2021-12-08,20211208150000000,sh.600654,2.0600,2.0600,2.0400,2.0400,10245900,21049230.0000,3
2021-12-09,20211209103000000,sh.600654,1.9900,2.0000,1.9400,1.9600,17490547,34430230.0000,3
2021-12-09,20211209113000000,sh.600654,1.9600,1.9600,1.9400,1.9500,2862400,5584893.0000,3
2021-12-09,20211209140000000,sh.600654,1.9500,1.9500,1.9400,1.9400,3344100,6495336.0000,3
2021-12-09,20211209150000000,sh.600654,1.9400,1.9600,1.9400,1.9500,4001739,7782240.0000,3
2021-12-10,20211210103000000,sh.600654,1.9500,2.0500,1.9200,2.0200,14874254,29896599.0000,3
2021-12-10,20211210113000000,sh.600654,2.0300,2.0400,2.0200,2.0300,3592100,7296294.0000,3
2021-12-10,20211210140000000,sh.600654,2.0300,2.0300,2.0000,2.0000,2829500,5707161.0000,3
2021-12-10,20211210150000000,sh.600654,2.0000,2.0100,1.9900,2.0000,3654500,7301048.0000,3
2021-12-13,20211213103000000,sh.600654,1.9900,2.0600,1.9700,2.0100,9010521,18102816.0000,3
2021-12-13,20211213113000000,sh.600654,2.0100,2.0100,1.9800,1.9800,1487387,2968831.0000,3
2021-12-13,20211213140000000,sh.600654,1.9800,2.0000,1.9800,1.9800,1640400,3259162.0000,3
2021-12-13,20211213150000000,sh.600654,1.9800,2.0000,1.9700,1.9900,2216600,4410179.0000,3
2021-12-14,20211214103000000,sh.600654,1.9900,1.9900,1.9500,1.9600,4357100,8563035.0000,3
2021-12-14,20211214113000000,sh.600654,1.9600,1.9800,1.9500,1.9800,1598813,3129914.0000,3
2021-12-14,20211214140000000,sh.600654,1.9700,1.9800,1.9500,1.9600,1556200,3062797.0000,3
2021-12-14,20211214150000000,sh.600654,1.9600,1.9800,1.9600,1.9800,1207095,2376237.0000,3
2021-12-15,20211215103000000,sh.600654,1.9800,1.9800,1.9600,1.9600,2465900,4850854.0000,3
2021-12-15,20211215113000000,sh.600654,1.9700,1.9800,1.9600,1.9600,1484000,2911878.0000,3
2021-12-15,20211215140000000,sh.600654,1.9600,1.9700,1.9500,1.9600,1483800,2912178.0000,3
2021-12-15,20211215150000000,sh.600654,1.9700,1.9700,1.9500,1.9500,1651600,3233578.0000,3
2021-12-16,20211216103000000,sh.600654,1.9500,1.9800,1.9500,1.9600,3039100,5959868.0000,3
2021-12-16,20211216113000000,sh.600654,1.9600,1.9700,1.9500,1.9500,990430,1937331.0000,3
2021-12-16,20211216140000000,sh.600654,1.9500,1.9700,1.9500,1.9600,1038500,2035426.0000,3
2021-12-16,20211216150000000,sh.600654,1.9600,1.9700,1.9500,1.9500,2054834,4020384.0000,3
2021-12-17,20211217103000000,sh.600654,1.9500,1.9600,1.9300,1.9300,2567395,4985367.0000,3
2021-12-17,20211217113000000,sh.600654,1.9400,1.9500,1.9300,1.9400,1645300,3181996.0000,3
2021-12-17,20211217140000000,sh.600654,1.9400,1.9500,1.9300,1.9400,1006300,1952161.0000,3
2021-12-17,20211217150000000,sh.600654,1.9400,1.9500,1.9300,1.9500,1099300,2133691.0000,3
2021-12-20,20211220103000000,sh.600654,1.9300,1.9500,1.9200,1.9200,2507800,4850789.0000,3
2021-12-20,20211220113000000,sh.600654,1.9200,1.9300,1.9100,1.9200,1895300,3636003.0000,3
2021-12-20,20211220140000000,sh.600654,1.9200,1.9300,1.9100,1.9100,649500,1246240.0000,3
2021-12-20,20211220150000000,sh.600654,1.9100,1.9200,1.9000,1.9100,2078200,3970125.0000,3
2021-12-21,20211221103000000,sh.600654,1.9000,1.9200,1.8900,1.9100,1832062,3490917.0000,3
2021-12-21,20211221113000000,sh.600654,1.9200,1.9200,1.9100,1.9200,984985,1883277.0000,3
2021-12-21,20211221140000000,sh.600654,1.9200,1.9600,1.9100,1.9400,2749800,5329032.0000,3
2021-12-21,20211221150000000,sh.600654,1.9400,1.9500,1.9400,1.9400,1140500,2219296.0000,3
2021-12-22,20211222103000000,sh.600654,1.9400,1.9800,1.9400,1.9600,3795600,7456394.0000,3
2021-12-22,20211222113000000,sh.600654,1.9600,1.9600,1.9400,1.9500,1211800,2364652.0000,3
2021-12-22,20211222140000000,sh.600654,1.9500,1.9600,1.9500,1.9500,736500,1438899.0000,3
2021-12-22,20211222150000000,sh.600654,1.9500,1.9600,1.9400,1.9600,1386959,2706095.0000,3
2021-12-23,20211223103000000,sh.600654,1.9600,1.9600,1.9200,1.9500,2906400,5632033.0000,3
2021-12-23,20211223113000000,sh.600654,1.9500,1.9500,1.9300,1.9400,526393,1020770.0000,3
2021-12-23,20211223140000000,sh.600654,1.9400,2.0200,1.9200,1.9900,6407963,12642095.0000,3
2021-12-23,20211223150000000,sh.600654,1.9900,2.0000,1.9800,1.9800,2079901,4135382.0000,3
2021-12-24,20211224103000000,sh.600654,1.9900,2.0100,1.9800,1.9800,3504800,6983168.0000,3
2021-12-24,20211224113000000,sh.600654,1.9800,2.0000,1.9700,1.9900,1585154,3143572.0000,3
2021-12-24,20211224140000000,sh.600654,1.9900,2.0000,1.9700,1.9700,1328300,2627675.0000,3
2021-12-24,20211224150000000,sh.600654,1.9700,1.9800,1.9600,1.9800,1238800,2438552.0000,3
2021-12-27,20211227103000000,sh.600654,2.0800,2.0800,2.0700,2.0800,23930163,49771207.0000,3
2021-12-27,20211227113000000,sh.600654,2.0800,2.0800,2.0700,2.0800,4313889,8969234.0000,3
2021-12-27,20211227140000000,sh.600654,2.0800,2.0800,2.0700,2.0800,3795384,7894262.0000,3
2021-12-27,20211227150000000,sh.600654,2.0800,2.0800,2.0700,2.0800,3482581,7243527.0000,3
2021-12-28,20211228103000000,sh.600654,2.0800,2.1000,2.0200,2.0800,18248064,37811309.0000,3
2021-12-28,20211228113000000,sh.600654,2.0800,2.0800,2.0500,2.0800,3530200,7284691.0000,3
2021-12-28,20211228140000000,sh.600654,2.0800,2.1800,2.0700,2.1800,13604300,29158388.0000,3
2021-12-28,20211228150000000,sh.600654,2.1800,2.1800,2.1700,2.1800,4157705,9063279.0000,3
2021-12-29,20211229103000000,sh.600654,2.2700,2.2900,2.2300,2.2900,12609795,28704164.0000,3
2021-12-29,20211229113000000,sh.600654,2.2900,2.2900,2.2900,2.2900,152562,349367.0000,3
2021-12-29,20211229140000000,sh.600654,2.2900,2.2900,2.2900,2.2900,257720,590179.0000,3
2021-12-29,20211229150000000,sh.600654,2.2900,2.2900,2.2900,2.2900,634700,1453463.0000,3
2021-12-30,20211230103000000,sh.600654,2.4000,2.4000,2.4000,2.4000,4210878,10106107.0000,3
2021-12-30,20211230113000000,sh.600654,2.4000,2.4000,2.4000,2.4000,130200,312480.0000,3
2021-12-30,20211230140000000,sh.600654,2.4000,2.4000,2.4000,2.4000,93500,224400.0000,3
2021-12-30,20211230150000000,sh.600654,2.4000,2.4000,2.4000,2.4000,215400,516960.0000,3
2021-12-31,20211231103000000,sh.600654,2.5200,2.5200,2.3300,2.4400,46004178,113209106.0000,3
2021-12-31,20211231113000000,sh.600654,2.4400,2.4400,2.4000,2.4300,5367392,12993598.0000,3
2021-12-31,20211231140000000,sh.600654,2.4300,2.5200,2.4300,2.5200,19740800,49514985.0000,3
2021-12-31,20211231150000000,sh.600654,2.5200,2.5200,2.4500,2.4600,11741213,29217284.0000,3
