date,time,code,open,high,low,close,volume,amount,adjustflag
2021-01-04,20210104103000000,sz.000089,8.1200,8.1600,8.0000,8.0000,6831258,55095479.0000,3
2021-01-04,20210104113000000,sz.000089,8.0000,8.0700,8.0000,8.0700,2653796,21311295.0000,3
2021-01-04,20210104140000000,sz.000089,8.0700,8.0900,8.0500,8.0700,2884600,23263352.0000,3
2021-01-04,20210104150000000,sz.000089,8.0700,8.1000,8.0600,8.0800,2759600,22297859.0000,3
2021-01-05,20210105103000000,sz.000089,8.0500,8.0500,7.9400,7.9600,6683573,53339075.0000,3
2021-01-05,20210105113000000,sz.000089,7.9600,8.0600,7.9500,8.0200,2996253,23945355.0000,3
2021-01-05,20210105140000000,sz.000089,8.0200,8.0400,7.9900,8.0300,1889414,15130246.0000,3
2021-01-05,20210105150000000,sz.000089,8.0300,8.1000,8.0200,8.0900,3254100,26241851.0000,3
2021-01-06,20210106103000000,sz.000089,8.0400,8.0500,7.9800,8.0200,3994865,32003279.0000,3
2021-01-06,20210106113000000,sz.000089,8.0000,8.0100,7.9800,8.0100,1722200,13765202.0000,3
2021-01-06,20210106140000000,sz.000089,8.0000,8.0100,7.9700,7.9900,2979683,23802064.0000,3
2021-01-06,20210106150000000,sz.000089,8.0000,8.0100,7.9700,7.9800,2863300,22867945.0000,3
2021-01-07,20210107103000000,sz.000089,7.9900,7.9900,7.8300,7.8500,7527700,59352398.0000,3
2021-01-07,20210107113000000,sz.000089,7.8500,7.8600,7.8100,7.8500,3178643,24916040.0000,3
2021-01-07,20210107140000000,sz.000089,7.8500,7.8500,7.7500,7.7800,5997881,46744430.0000,3
2021-01-07,20210107150000000,sz.000089,7.7800,7.7900,7.7000,7.7700,7083377,54889985.0000,3
2021-01-08,20210108103000000,sz.000089,7.7500,7.9300,7.6800,7.9200,6851069,53402977.0000,3
2021-01-08,20210108113000000,sz.000089,7.9200,7.9400,7.8700,7.8800,2196270,17371710.0000,3
2021-01-08,20210108140000000,sz.000089,7.8700,7.9300,7.8700,7.9000,1621100,12810091.0000,3
2021-01-08,20210108150000000,sz.000089,7.9000,7.9300,7.8700,7.9200,2013682,15910663.0000,3
2021-01-11,20210111103000000,sz.000089,7.9000,7.9200,7.8200,7.8600,3850600,30264002.0000,3
2021-01-11,20210111113000000,sz.000089,7.8600,7.8700,7.8100,7.8200,2244646,17592909.0000,3
2021-01-11,20210111140000000,sz.000089,7.8200,7.9200,7.8100,7.8700,2319637,18253573.0000,3
2021-01-11,20210111150000000,sz.000089,7.8800,7.8800,7.8000,7.8100,1982063,15517207.0000,3
2021-01-12,20210112103000000,sz.000089,7.7800,7.8700,7.7700,7.8000,3154300,24619912.0000,3
2021-01-12,20210112113000000,sz.000089,7.8000,7.8300,7.7800,7.8000,1297400,10116482.0000,3
2021-01-12,20210112140000000,sz.000089,7.8000,7.8400,7.7800,7.8300,2710116,21138084.0000,3
2021-01-12,20210112150000000,sz.000089,7.8300,7.8400,7.7900,7.8400,3220247,25170298.0000,3
2021-01-13,20210113103000000,sz.000089,7.8400,7.9400,7.7700,7.9100,5842514,45774830.0000,3
2021-01-13,20210113113000000,sz.000089,7.9100,7.9700,7.8800,7.9500,3144085,24928196.0000,3
2021-01-13,20210113140000000,sz.000089,7.9600,8.0100,7.9200,7.9300,3622277,28901282.0000,3
2021-01-13,20210113150000000,sz.000089,7.9300,7.9900,7.9300,7.9700,2420300,19292749.0000,3
2021-01-14,20210114103000000,sz.000089,7.9100,7.9800,7.8500,7.9500,4997300,39538810.0000,3
2021-01-14,20210114113000000,sz.000089,7.9500,8.0100,7.9300,8.0000,2208366,17621484.0000,3
2021-01-14,20210114140000000,sz.000089,7.9900,8.0000,7.9000,7.9400,1643273,13059050.0000,3
2021-01-14,20210114150000000,sz.000089,7.9400,7.9500,7.8800,7.9100,2486519,19662086.0000,3
2021-01-15,20210115103000000,sz.000089,7.9000,8.0100,7.8600,7.9500,3207703,25500967.0000,3
2021-01-15,20210115113000000,sz.000089,7.9600,7.9600,7.9000,7.9000,1871314,14826694.0000,3
2021-01-15,20210115140000000,sz.000089,7.9000,7.9100,7.8700,7.8800,2026700,15986059.0000,3
2021-01-15,20210115150000000,sz.000089,7.8800,7.9800,7.8800,7.9300,2880967,22880575.0000,3
2021-01-18,20210118103000000,sz.000089,7.9100,7.9200,7.8300,7.8500,5321000,41859491.0000,3
2021-01-18,20210118113000000,sz.000089,7.8500,7.8900,7.8400,7.8700,2327700,18311243.0000,3
2021-01-18,20210118140000000,sz.000089,7.8700,7.9100,7.8600,7.8900,3295182,25966578.0000,3
2021-01-18,20210118150000000,sz.000089,7.8900,7.9200,7.8800,7.8800,2673800,21109161.0000,3
2021-01-19,20210119103000000,sz.000089,7.8900,8.0000,7.8400,7.9400,7515523,59546013.0000,3
2021-01-19,20210119113000000,sz.000089,7.9400,8.0100,7.9300,8.0000,3351703,26733944.0000,3
2021-01-19,20210119140000000,sz.000089,8.0000,8.0300,7.9500,7.9700,4395356,35171587.0000,3
2021-01-19,20210119150000000,sz.000089,7.9700,7.9800,7.9300,7.9500,3300811,26260824.0000,3
2021-01-20,20210120103000000,sz.000089,8.0000,8.0000,7.9100,7.9500,2698514,21451754.0000,3
2021-01-20,20210120113000000,sz.000089,7.9500,7.9900,7.9500,7.9700,1678983,13383560.0000,3
2021-01-20,20210120140000000,sz.000089,7.9800,7.9800,7.8900,7.9300,2340045,18539899.0000,3
2021-01-20,20210120150000000,sz.000089,7.9300,7.9400,7.8900,7.9400,1690100,13376770.0000,3
2021-01-21,20210121103000000,sz.000089,7.9000,7.9100,7.8600,7.8900,3456814,27223548.0000,3
2021-01-21,20210121113000000,sz.000089,7.8900,7.9400,7.8700,7.9300,1281409,10131150.0000,3
2021-01-21,20210121140000000,sz.000089,7.9300,7.9400,7.8900,7.9000,2124600,16803311.0000,3
2021-01-21,20210121150000000,sz.000089,7.9000,7.9200,7.8500,7.8500,4974318,39195413.0000,3
2021-01-22,20210122103000000,sz.000089,7.8300,7.8900,7.7600,7.8100,5925960,46232602.0000,3
2021-01-22,20210122113000000,sz.000089,7.8100,7.8200,7.7700,7.7900,2701700,21056186.0000,3
2021-01-22,20210122140000000,sz.000089,7.7800,7.8100,7.7300,7.7400,4462100,34654749.0000,3
2021-01-22,20210122150000000,sz.000089,7.7500,7.7800,7.7300,7.7700,3290495,25499554.0000,3
2021-01-25,20210125103000000,sz.000089,7.7400,7.7900,7.6400,7.7200,6502710,50050257.0000,3
2021-01-25,20210125113000000,sz.000089,7.7200,7.7700,7.6900,7.6900,2150900,16596720.0000,3
2021-01-25,20210125140000000,sz.000089,7.7100,7.7200,7.6800,7.7000,1923800,14800030.0000,3
2021-01-25,20210125150000000,sz.000089,7.7000,7.7300,7.6900,7.7000,1696667,13072887.0000,3
2021-01-26,20210126103000000,sz.000089,7.7100,7.7700,7.6700,7.6900,2845000,21934992.0000,3
2021-01-26,20210126113000000,sz.000089,7.6900,7.7500,7.6700,7.6800,2172810,16720119.0000,3
2021-01-26,20210126140000000,sz.000089,7.6900,7.7100,7.6800,7.6900,2399939,18456338.0000,3
2021-01-26,20210126150000000,sz.000089,7.7000,7.7100,7.6700,7.6700,2433448,18690915.0000,3
2021-01-27,20210127103000000,sz.000089,7.6900,7.7800,7.6600,7.7400,3990700,30880854.0000,3
2021-01-27,20210127113000000,sz.000089,7.7400,7.7500,7.7100,7.7200,1158700,8946193.0000,3
2021-01-27,20210127140000000,sz.000089,7.7200,7.7500,7.6900,7.7200,2725706,21031109.0000,3
2021-01-27,20210127150000000,sz.000089,7.7200,7.7800,7.7000,7.7300,3516103,27200746.0000,3
2021-01-28,20210128103000000,sz.000089,7.7100,7.7200,7.6400,7.6700,4083382,31360301.0000,3
2021-01-28,20210128113000000,sz.000089,7.6700,7.7000,7.6500,7.6900,2482188,19041889.0000,3
2021-01-28,20210128140000000,sz.000089,7.6900,7.7100,7.6500,7.6700,2184099,16765310.0000,3
2021-01-28,20210128150000000,sz.000089,7.6700,7.7100,7.6600,7.6900,2703094,20772711.0000,3
2021-01-29,20210129103000000,sz.000089,7.7000,7.7600,7.6500,7.7200,4899850,37731986.0000,3
2021-01-29,20210129113000000,sz.000089,7.7300,8.0200,7.7000,7.8900,13087619,103259177.0000,3
2021-01-29,20210129140000000,sz.000089,7.8900,7.8900,7.7800,7.8000,2720091,21303751.0000,3
2021-01-29,20210129150000000,sz.000089,7.8000,7.8800,7.7500,7.8300,3805578,29733002.0000,3
2021-02-01,20210201103000000,sz.000089,7.7400,7.7400,7.4100,7.6100,12456827,94436934.0000,3
2021-02-01,20210201113000000,sz.000089,7.6000,7.6300,7.5600,7.6200,2200300,16720033.0000,3
2021-02-01,20210201140000000,sz.000089,7.6200,7.6300,7.5900,7.6000,2155401,16400118.0000,3
2021-02-01,20210201150000000,sz.000089,7.6000,7.6000,7.5200,7.5700,3730652,28188498.0000,3
2021-02-02,20210202103000000,sz.000089,7.5800,7.6100,7.4700,7.5100,6451777,48583549.0000,3
2021-02-02,20210202113000000,sz.000089,7.5100,7.5100,7.4400,7.4400,3834080,28647307.0000,3
2021-02-02,20210202140000000,sz.000089,7.4500,7.4500,7.3200,7.3200,7674851,56605542.0000,3
2021-02-02,20210202150000000,sz.000089,7.3300,7.3700,7.3100,7.3400,4849719,35579863.0000,3
2021-02-03,20210203103000000,sz.000089,7.3500,7.4400,7.3100,7.4000,7838126,57834664.0000,3
2021-02-03,20210203113000000,sz.000089,7.4000,7.6000,7.3900,7.5100,6349863,47732793.0000,3
2021-02-03,20210203140000000,sz.000089,7.5000,7.5200,7.4800,7.5200,2347421,17609972.0000,3
2021-02-03,20210203150000000,sz.000089,7.5200,7.5200,7.4700,7.4700,4173230,31258520.0000,3
2021-02-04,20210204103000000,sz.000089,7.4300,7.4800,7.3400,7.3700,6918200,51075246.0000,3
2021-02-04,20210204113000000,sz.000089,7.3800,7.3800,7.3000,7.3400,4877371,35768163.0000,3
2021-02-04,20210204140000000,sz.000089,7.3400,7.3700,7.3000,7.3400,1919672,14063781.0000,3
2021-02-04,20210204150000000,sz.000089,7.3400,7.4100,7.3300,7.3600,2489100,18343711.0000,3
2021-02-05,20210205103000000,sz.000089,7.3600,7.4400,7.3500,7.3600,3775201,27910644.0000,3
2021-02-05,20210205113000000,sz.000089,7.3700,7.3800,7.3100,7.3300,2981248,21884101.0000,3
2021-02-05,20210205140000000,sz.000089,7.3300,7.3900,7.3300,7.3900,1695717,12471038.0000,3
2021-02-05,20210205150000000,sz.000089,7.3900,7.4100,7.3600,7.3900,2956152,21823052.0000,3
2021-02-08,20210208103000000,sz.000089,7.3700,7.4900,7.3600,7.4800,4724644,35070255.0000,3
2021-02-08,20210208113000000,sz.000089,7.4800,7.5400,7.4700,7.5000,2923439,21954319.0000,3
2021-02-08,20210208140000000,sz.000089,7.5000,7.5400,7.4900,7.5200,1916510,14401540.0000,3
2021-02-08,20210208150000000,sz.000089,7.5100,7.5700,7.5100,7.5600,3078920,23245119.0000,3
2021-02-09,20210209103000000,sz.000089,7.6000,7.6400,7.5200,7.6000,3845800,29178956.0000,3
2021-02-09,20210209113000000,sz.000089,7.5900,7.6000,7.5600,7.5700,1730300,13111297.0000,3
2021-02-09,20210209140000000,sz.000089,7.5700,7.6700,7.5600,7.6500,3486210,26536151.0000,3
2021-02-09,20210209150000000,sz.000089,7.6500,7.6900,7.6400,7.6600,2963748,22732262.0000,3
2021-02-10,20210210103000000,sz.000089,7.6200,7.7600,7.6000,7.7400,3839652,29421875.0000,3
2021-02-10,20210210113000000,sz.000089,7.7400,7.7700,7.7100,7.7500,1982800,15341775.0000,3
2021-02-10,20210210140000000,sz.000089,7.7400,7.8100,7.7300,7.7800,3308936,25744185.0000,3
2021-02-10,20210210150000000,sz.000089,7.7800,7.7900,7.7600,7.7900,2933793,22817878.0000,3
2021-02-18,20210218103000000,sz.000089,7.9200,8.0400,7.9000,8.0000,11434855,90971180.0000,3
2021-02-18,20210218113000000,sz.000089,7.9900,8.1400,7.9900,8.0500,7234901,58365325.0000,3
2021-02-18,20210218140000000,sz.000089,8.0600,8.0900,8.0300,8.0700,3266564,26332601.0000,3
2021-02-18,20210218150000000,sz.000089,8.0700,8.0700,8.0200,8.0400,3565579,28676988.0000,3
2021-02-19,20210219103000000,sz.000089,8.0400,8.1100,7.9500,8.0600,8127800,65383312.0000,3
2021-02-19,20210219113000000,sz.000089,8.0600,8.1300,8.0200,8.1000,4327200,34985217.0000,3
2021-02-19,20210219140000000,sz.000089,8.1100,8.1900,8.1000,8.1700,5133376,41785439.0000,3
2021-02-19,20210219150000000,sz.000089,8.1700,8.2400,8.1600,8.2200,6135468,50292599.0000,3
2021-02-22,20210222103000000,sz.000089,8.2200,8.3500,8.1500,8.3200,8513151,70255917.0000,3
2021-02-22,20210222113000000,sz.000089,8.3300,8.3600,8.3000,8.3200,4200700,34993201.0000,3
2021-02-22,20210222140000000,sz.000089,8.3200,8.3300,8.1800,8.1900,5805414,47947737.0000,3
2021-02-22,20210222150000000,sz.000089,8.1800,8.2000,8.1100,8.1400,4398700,35845267.0000,3
2021-02-23,20210223103000000,sz.000089,8.1600,8.2900,8.1400,8.1600,6215502,50996392.0000,3
2021-02-23,20210223113000000,sz.000089,8.1500,8.2500,8.1500,8.2200,2345500,19263244.0000,3
2021-02-23,20210223140000000,sz.000089,8.2100,8.2400,8.1900,8.2200,1933300,15876084.0000,3
2021-02-23,20210223150000000,sz.000089,8.2300,8.2400,8.1500,8.1800,2937126,24050806.0000,3
2021-02-24,20210224103000000,sz.000089,8.2600,8.4400,8.2400,8.3900,9528123,79671459.0000,3
2021-02-24,20210224113000000,sz.000089,8.3900,8.4100,8.3000,8.3200,4280677,35784268.0000,3
2021-02-24,20210224140000000,sz.000089,8.3200,8.3200,8.2200,8.2700,3346231,27696314.0000,3
2021-02-24,20210224150000000,sz.000089,8.2700,8.2800,8.1900,8.2700,3579244,29492652.0000,3
2021-02-25,20210225103000000,sz.000089,8.3500,8.4100,8.3100,8.3600,5914929,49457987.0000,3
2021-02-25,20210225113000000,sz.000089,8.3600,8.3900,8.2900,8.3000,3737000,31186539.0000,3
2021-02-25,20210225140000000,sz.000089,8.3000,8.3200,8.2400,8.2600,2304535,19068497.0000,3
2021-02-25,20210225150000000,sz.000089,8.2500,8.2600,8.1800,8.2400,3567250,29316547.0000,3
2021-02-26,20210226103000000,sz.000089,8.1000,8.2100,8.0600,8.1400,7614253,61841632.0000,3
2021-02-26,20210226113000000,sz.000089,8.1400,8.1800,8.1000,8.1300,2755700,22441012.0000,3
2021-02-26,20210226140000000,sz.000089,8.1300,8.1600,8.0600,8.0800,2961886,24001764.0000,3
2021-02-26,20210226150000000,sz.000089,8.0700,8.1300,8.0600,8.1000,3493201,28273357.0000,3
2021-03-01,20210301103000000,sz.000089,8.0900,8.1700,8.0300,8.0900,4108373,33271774.0000,3
2021-03-01,20210301113000000,sz.000089,8.0900,8.1700,8.0800,8.1200,2019300,16391930.0000,3
2021-03-01,20210301140000000,sz.000089,8.1200,8.1600,8.0900,8.1400,2244962,18226420.0000,3
2021-03-01,20210301150000000,sz.000089,8.1300,8.1400,8.1000,8.1200,2492575,20230899.0000,3
2021-03-02,20210302103000000,sz.000089,8.1500,8.1600,8.0400,8.0600,4891501,39532696.0000,3
2021-03-02,20210302113000000,sz.000089,8.0700,8.0800,8.0000,8.0300,3271199,26297986.0000,3
2021-03-02,20210302140000000,sz.000089,8.0200,8.0500,7.9400,7.9900,3144600,25092023.0000,3
2021-03-02,20210302150000000,sz.000089,7.9800,8.0400,7.9700,8.0000,2298850,18399819.0000,3
2021-03-03,20210303103000000,sz.000089,8.0100,8.0900,7.9800,8.0600,3497506,28088883.0000,3
2021-03-03,20210303113000000,sz.000089,8.0500,8.1400,8.0500,8.1000,2386700,19334428.0000,3
2021-03-03,20210303140000000,sz.000089,8.1000,8.1100,8.0600,8.0800,1373900,11114666.0000,3
2021-03-03,20210303150000000,sz.000089,8.0800,8.1100,8.0600,8.0900,2179134,17621362.0000,3
2021-03-04,20210304103000000,sz.000089,8.0900,8.1300,8.0500,8.1000,4635200,37523888.0000,3
2021-03-04,20210304113000000,sz.000089,8.1000,8.1600,8.0800,8.1600,4306800,35007886.0000,3
2021-03-04,20210304140000000,sz.000089,8.1600,8.1600,8.0900,8.1100,2937300,23862323.0000,3
2021-03-04,20210304150000000,sz.000089,8.1100,8.1300,8.0900,8.1300,3214398,26069110.0000,3
2021-03-05,20210305103000000,sz.000089,8.1100,8.1300,8.0600,8.0900,4023458,32550352.0000,3
2021-03-05,20210305113000000,sz.000089,8.0900,8.1600,8.0800,8.1100,1589500,12898090.0000,3
2021-03-05,20210305140000000,sz.000089,8.1000,8.1500,8.0900,8.1500,2034625,16515692.0000,3
2021-03-05,20210305150000000,sz.000089,8.1500,8.1700,8.1300,8.1700,2889393,23558364.0000,3
2021-03-08,20210308103000000,sz.000089,8.1900,8.3000,8.1900,8.2300,5155877,42535777.0000,3
2021-03-08,20210308113000000,sz.000089,8.2200,8.2800,8.1900,8.2000,3595600,29562759.0000,3
2021-03-08,20210308140000000,sz.000089,8.1900,8.2400,8.1100,8.1700,3532900,28869694.0000,3
2021-03-08,20210308150000000,sz.000089,8.1700,8.2700,8.1500,8.1600,4317073,35329787.0000,3
2021-03-09,20210309103000000,sz.000089,8.1600,8.2500,8.0500,8.2500,7022240,57323116.0000,3
2021-03-09,20210309113000000,sz.000089,8.2500,8.3000,8.1600,8.2700,3914300,32238914.0000,3
2021-03-09,20210309140000000,sz.000089,8.2700,8.3500,8.2500,8.3100,5068884,42023591.0000,3
2021-03-09,20210309150000000,sz.000089,8.3100,8.3100,8.2200,8.2700,4148377,34289090.0000,3
2021-03-10,20210310103000000,sz.000089,8.2600,8.2900,8.1400,8.1800,5214731,42838790.0000,3
2021-03-10,20210310113000000,sz.000089,8.1700,8.2600,8.1500,8.2400,1983600,16277230.0000,3
2021-03-10,20210310140000000,sz.000089,8.2500,8.2500,8.1800,8.2100,1843300,15140017.0000,3
2021-03-10,20210310150000000,sz.000089,8.2100,8.2300,8.1400,8.1600,2291298,18728713.0000,3
2021-03-11,20210311103000000,sz.000089,8.1700,8.3300,8.1400,8.2700,5335609,43908616.0000,3
2021-03-11,20210311113000000,sz.000089,8.2700,8.3000,8.2300,8.2500,2013500,16630133.0000,3
2021-03-11,20210311140000000,sz.000089,8.2500,8.2800,8.2400,8.2600,1378600,11382376.0000,3
2021-03-11,20210311150000000,sz.000089,8.2600,8.2900,8.2400,8.2700,2424928,20038242.0000,3
2021-03-12,20210312103000000,sz.000089,8.2800,8.3000,8.2000,8.2700,3508938,28944049.0000,3
2021-03-12,20210312113000000,sz.000089,8.2700,8.2800,8.2400,8.2600,1512701,12488708.0000,3
2021-03-12,20210312140000000,sz.000089,8.2600,8.2900,8.2400,8.2500,2938600,24270377.0000,3
2021-03-12,20210312150000000,sz.000089,8.2500,8.2700,8.2400,8.2700,2826250,23323998.0000,3
2021-03-15,20210315103000000,sz.000089,8.3100,8.5600,8.2900,8.5200,13076099,110741048.0000,3
2021-03-15,20210315113000000,sz.000089,8.5200,8.6600,8.5000,8.6000,10989068,94428757.0000,3
2021-03-15,20210315140000000,sz.000089,8.6000,8.6200,8.5100,8.5200,4905538,41956694.0000,3
2021-03-15,20210315150000000,sz.000089,8.5300,8.6400,8.5000,8.6300,7867316,67597373.0000,3
2021-03-16,20210316103000000,sz.000089,8.6500,8.8800,8.5500,8.8500,20921117,183149391.0000,3
2021-03-16,20210316113000000,sz.000089,8.8500,9.0200,8.7800,8.8700,13598543,121190177.0000,3
2021-03-16,20210316140000000,sz.000089,8.8800,8.9700,8.8300,8.9500,6512058,58021136.0000,3
2021-03-16,20210316150000000,sz.000089,8.9600,9.0000,8.9200,8.9600,7624831,68382320.0000,3
2021-03-17,20210317103000000,sz.000089,8.9100,9.1000,8.8200,8.8500,14535100,129812890.0000,3
2021-03-17,20210317113000000,sz.000089,8.8500,8.9300,8.8000,8.8500,4224500,37357651.0000,3
2021-03-17,20210317140000000,sz.000089,8.8500,8.8800,8.7800,8.8300,3612563,31882293.0000,3
2021-03-17,20210317150000000,sz.000089,8.8200,8.8600,8.7500,8.8200,9523600,83886750.0000,3
2021-03-18,20210318103000000,sz.000089,8.7900,8.9800,8.7700,8.8000,8834100,78327523.0000,3
2021-03-18,20210318113000000,sz.000089,8.8000,8.8800,8.7600,8.8000,3398576,29914259.0000,3
2021-03-18,20210318140000000,sz.000089,8.8000,8.8200,8.7500,8.7800,2643200,23189132.0000,3
2021-03-18,20210318150000000,sz.000089,8.7800,8.8400,8.7500,8.8300,4041255,35533545.0000,3
2021-03-19,20210319103000000,sz.000089,8.7700,8.8300,8.6900,8.7700,6254800,54809627.0000,3
2021-03-19,20210319113000000,sz.000089,8.7700,8.7800,8.7100,8.7200,2009098,17562330.0000,3
2021-03-19,20210319140000000,sz.000089,8.7200,8.7200,8.6200,8.6400,4918200,42570299.0000,3
2021-03-19,20210319150000000,sz.000089,8.6400,8.7200,8.5900,8.7200,4260712,36847201.0000,3
2021-03-22,20210322103000000,sz.000089,8.7000,8.9200,8.6600,8.7900,7078502,62472629.0000,3
2021-03-22,20210322113000000,sz.000089,8.7900,8.8200,8.7600,8.7900,1716900,15098249.0000,3
2021-03-22,20210322140000000,sz.000089,8.8000,8.8300,8.7500,8.8100,2796800,24578175.0000,3
2021-03-22,20210322150000000,sz.000089,8.8200,8.8200,8.7500,8.7700,2844776,24960710.0000,3
2021-03-23,20210323103000000,sz.000089,8.7900,8.8800,8.7200,8.7400,5211761,45852537.0000,3
2021-03-23,20210323113000000,sz.000089,8.7500,8.7700,8.6800,8.7200,2452800,21409655.0000,3
2021-03-23,20210323140000000,sz.000089,8.7200,8.8000,8.7000,8.7400,1697864,14855059.0000,3
2021-03-23,20210323150000000,sz.000089,8.7400,8.7600,8.6900,8.7600,2312683,20183802.0000,3
2021-03-24,20210324103000000,sz.000089,8.6800,8.8000,8.6000,8.7300,7022550,61099012.0000,3
2021-03-24,20210324113000000,sz.000089,8.7300,8.7300,8.6300,8.6600,2723500,23630418.0000,3
2021-03-24,20210324140000000,sz.000089,8.6600,8.7000,8.6200,8.6500,2145438,18568875.0000,3
2021-03-24,20210324150000000,sz.000089,8.6500,8.6500,8.5500,8.6000,4385463,37691755.0000,3
2021-03-25,20210325103000000,sz.000089,8.5900,8.6400,8.5100,8.6000,3842439,32918293.0000,3
2021-03-25,20210325113000000,sz.000089,8.6000,8.6200,8.5100,8.5300,2442400,20917418.0000,3
2021-03-25,20210325140000000,sz.000089,8.5400,8.5800,8.5200,8.5500,1531316,13093518.0000,3
2021-03-25,20210325150000000,sz.000089,8.5500,8.5700,8.5100,8.5500,2259073,19288477.0000,3
2021-03-26,20210326103000000,sz.000089,8.6000,8.8600,8.5700,8.8000,8805220,77137977.0000,3
2021-03-26,20210326113000000,sz.000089,8.8000,8.8300,8.7800,8.8100,3066192,27004952.0000,3
2021-03-26,20210326140000000,sz.000089,8.8100,8.8500,8.7400,8.8300,5196288,45751995.0000,3
2021-03-26,20210326150000000,sz.000089,8.8200,8.8500,8.8000,8.8200,3455323,30486701.0000,3
2021-03-29,20210329103000000,sz.000089,8.8400,8.9100,8.7700,8.8000,6487412,57354516.0000,3
2021-03-29,20210329113000000,sz.000089,8.7900,8.8400,8.7100,8.8300,3734293,32778997.0000,3
2021-03-29,20210329140000000,sz.000089,8.8200,8.8400,8.8000,8.8100,2318100,20444472.0000,3
2021-03-29,20210329150000000,sz.000089,8.8100,8.8200,8.7500,8.7600,2762013,24245563.0000,3
2021-03-30,20210330103000000,sz.000089,8.7300,8.8400,8.6400,8.8400,5489519,47948489.0000,3
2021-03-30,20210330113000000,sz.000089,8.8400,9.0500,8.8200,9.0300,11293636,100871324.0000,3
2021-03-30,20210330140000000,sz.000089,9.0300,9.1100,8.9400,8.9500,7707050,69701455.0000,3
2021-03-30,20210330150000000,sz.000089,8.9500,9.0000,8.9300,8.9500,3223505,28893207.0000,3
2021-03-31,20210331103000000,sz.000089,8.9900,9.0200,8.8900,8.9400,3493769,31264239.0000,3
2021-03-31,20210331113000000,sz.000089,8.9400,8.9400,8.8600,8.8700,1655816,14706052.0000,3
2021-03-31,20210331140000000,sz.000089,8.8600,8.8800,8.8300,8.8400,1396750,12372235.0000,3
2021-03-31,20210331150000000,sz.000089,8.8400,8.9000,8.8400,8.8800,2190334,19448071.0000,3
2021-04-01,20210401103000000,sz.000089,8.8400,8.9200,8.8200,8.8400,2420400,21463562.0000,3
2021-04-01,20210401113000000,sz.000089,8.8400,8.8500,8.8000,8.8200,1380600,12175768.0000,3
2021-04-01,20210401140000000,sz.000089,8.8200,8.9200,8.8100,8.8800,1286781,11427893.0000,3
2021-04-01,20210401150000000,sz.000089,8.8900,8.9000,8.8700,8.8900,1723501,15323383.0000,3
2021-04-02,20210402103000000,sz.000089,8.8600,8.8800,8.7800,8.7900,3091802,27244883.0000,3
2021-04-02,20210402113000000,sz.000089,8.7900,8.8100,8.7300,8.7500,2619198,22960370.0000,3
2021-04-02,20210402140000000,sz.000089,8.7500,8.7900,8.7500,8.7800,1019400,8941435.0000,3
2021-04-02,20210402150000000,sz.000089,8.7800,8.7900,8.7500,8.7700,1696228,14869151.0000,3
2021-04-06,20210406103000000,sz.000089,8.7700,8.9500,8.7700,8.8500,4683442,41632874.0000,3
2021-04-06,20210406113000000,sz.000089,8.8500,8.8600,8.8000,8.8100,1604428,14168038.0000,3
2021-04-06,20210406140000000,sz.000089,8.8100,8.8100,8.7100,8.7300,2357282,20638330.0000,3
2021-04-06,20210406150000000,sz.000089,8.7400,8.7700,8.7100,8.7100,1683400,14707612.0000,3
2021-04-07,20210407103000000,sz.000089,8.7100,8.7600,8.6200,8.6700,6040200,52455248.0000,3
2021-04-07,20210407113000000,sz.000089,8.6700,8.6700,8.5500,8.6300,4477200,38559456.0000,3
2021-04-07,20210407140000000,sz.000089,8.6300,8.6700,8.6000,8.6400,3572903,30828196.0000,3
2021-04-07,20210407150000000,sz.000089,8.6400,8.7200,8.6100,8.7100,3528600,30594080.0000,3
2021-04-08,20210408103000000,sz.000089,8.6500,8.7000,8.5900,8.6900,3039600,26264791.0000,3
2021-04-08,20210408113000000,sz.000089,8.6900,8.7000,8.6500,8.6700,1143900,9930991.0000,3
2021-04-08,20210408140000000,sz.000089,8.6700,8.6800,8.6400,8.6700,1208828,10467459.0000,3
2021-04-08,20210408150000000,sz.000089,8.6700,8.6800,8.6300,8.6600,1957201,16934209.0000,3
2021-04-09,20210409103000000,sz.000089,8.6600,8.7900,8.6100,8.7000,5928336,51616453.0000,3
2021-04-09,20210409113000000,sz.000089,8.6900,8.7100,8.6300,8.6500,2077800,18013687.0000,3
2021-04-09,20210409140000000,sz.000089,8.6400,8.6500,8.6000,8.6300,1664550,14349121.0000,3
2021-04-09,20210409150000000,sz.000089,8.6300,8.6600,8.6100,8.6400,1595333,13777029.0000,3
2021-04-12,20210412103000000,sz.000089,8.6100,8.7200,8.5900,8.6000,3359838,29071331.0000,3
2021-04-12,20210412113000000,sz.000089,8.6000,8.6600,8.5900,8.6300,1452300,12532084.0000,3
2021-04-12,20210412140000000,sz.000089,8.6300,8.6500,8.5900,8.6000,1346300,11589133.0000,3
2021-04-12,20210412150000000,sz.000089,8.6000,8.6100,8.4800,8.5300,7107569,60704418.0000,3
2021-04-13,20210413103000000,sz.000089,8.5000,8.5500,8.4000,8.4700,4509670,38151421.0000,3
2021-04-13,20210413113000000,sz.000089,8.4700,8.5600,8.4300,8.5500,2433201,20663512.0000,3
2021-04-13,20210413140000000,sz.000089,8.5600,8.9300,8.5200,8.6700,14199819,124412043.0000,3
2021-04-13,20210413150000000,sz.000089,8.6700,8.6700,8.4800,8.5200,4810997,41135690.0000,3
2021-04-14,20210414103000000,sz.000089,8.3000,8.4300,8.2500,8.3300,9810512,81780359.0000,3
2021-04-14,20210414113000000,sz.000089,8.3300,8.4500,8.3200,8.4500,2788532,23337434.0000,3
2021-04-14,20210414140000000,sz.000089,8.4500,8.4600,8.3700,8.4100,2125774,17858022.0000,3
2021-04-14,20210414150000000,sz.000089,8.4100,8.4300,8.3800,8.3800,2065735,17362975.0000,3
2021-04-15,20210415103000000,sz.000089,8.4100,8.4900,8.3500,8.4300,4993700,42065961.0000,3
2021-04-15,20210415113000000,sz.000089,8.4300,8.6000,8.4200,8.4800,4681860,39860306.0000,3
2021-04-15,20210415140000000,sz.000089,8.4800,8.5200,8.4300,8.4800,1935043,16387543.0000,3
2021-04-15,20210415150000000,sz.000089,8.4800,8.5500,8.4600,8.4900,2718479,23112155.0000,3
2021-04-16,20210416103000000,sz.000089,8.5000,8.6200,8.4600,8.5900,3008719,25789066.0000,3
2021-04-16,20210416113000000,sz.000089,8.5800,8.5900,8.5100,8.5500,1675524,14330330.0000,3
2021-04-16,20210416140000000,sz.000089,8.5500,8.5900,8.5300,8.5900,1415600,12130786.0000,3
2021-04-16,20210416150000000,sz.000089,8.5800,8.6000,8.5600,8.5800,2819830,24204500.0000,3
2021-04-19,20210419103000000,sz.000089,8.6700,8.7700,8.6000,8.7400,6357325,55323652.0000,3
2021-04-19,20210419113000000,sz.000089,8.7400,8.8200,8.7100,8.7600,3496144,30649209.0000,3
2021-04-19,20210419140000000,sz.000089,8.7500,8.7800,8.7200,8.7400,1496882,13090564.0000,3
2021-04-19,20210419150000000,sz.000089,8.7400,8.7600,8.7000,8.7000,3103028,27063862.0000,3
2021-04-20,20210420103000000,sz.000089,8.6800,8.7200,8.6300,8.6700,3757670,32579044.0000,3
2021-04-20,20210420113000000,sz.000089,8.6800,8.6800,8.6000,8.6200,2338335,20183126.0000,3
2021-04-20,20210420140000000,sz.000089,8.6200,8.6300,8.5800,8.6200,1826000,15716518.0000,3
2021-04-20,20210420150000000,sz.000089,8.6200,8.6200,8.5800,8.5800,1793500,15407427.0000,3
2021-04-21,20210421103000000,sz.000089,8.5200,8.5600,8.4400,8.5200,3414884,29013961.0000,3
2021-04-21,20210421113000000,sz.000089,8.5200,8.6000,8.5200,8.5900,1311500,11229024.0000,3
2021-04-21,20210421140000000,sz.000089,8.5800,8.6000,8.5600,8.5700,677400,5805655.0000,3
2021-04-21,20210421150000000,sz.000089,8.5700,8.6000,8.5600,8.5800,1297000,11135006.0000,3
2021-04-22,20210422103000000,sz.000089,8.5800,8.6300,8.5100,8.6000,2359816,20200391.0000,3
2021-04-22,20210422113000000,sz.000089,8.5900,8.6100,8.5400,8.5800,1409900,12085855.0000,3
2021-04-22,20210422140000000,sz.000089,8.5800,8.5800,8.5200,8.5400,1262800,10787810.0000,3
2021-04-22,20210422150000000,sz.000089,8.5300,8.5400,8.5100,8.5300,2378445,20280053.0000,3
2021-04-23,20210423103000000,sz.000089,8.5100,8.5500,8.4500,8.4800,2668001,22642068.0000,3
2021-04-23,20210423113000000,sz.000089,8.4800,8.5000,8.4400,8.4500,1725900,14611584.0000,3
2021-04-23,20210423140000000,sz.000089,8.4500,8.4600,8.4200,8.4500,1432225,12083412.0000,3
2021-04-23,20210423150000000,sz.000089,8.4500,8.6100,8.4300,8.5600,4530936,38699728.0000,3
2021-04-26,20210426103000000,sz.000089,8.5300,8.5500,8.4200,8.5000,3685650,31254425.0000,3
2021-04-26,20210426113000000,sz.000089,8.4900,8.5100,8.4700,8.5000,1220700,10367640.0000,3
2021-04-26,20210426140000000,sz.000089,8.5000,8.6800,8.4700,8.5700,4769400,40975276.0000,3
2021-04-26,20210426150000000,sz.000089,8.5700,8.6100,8.5100,8.5200,2196800,18808694.0000,3
2021-04-27,20210427103000000,sz.000089,8.5100,8.5800,8.4300,8.4300,3346861,28413731.0000,3
2021-04-27,20210427113000000,sz.000089,8.4300,8.4600,8.3400,8.3600,3563721,29904312.0000,3
2021-04-27,20210427140000000,sz.000089,8.3700,8.4200,8.3600,8.3800,1460900,12254636.0000,3
2021-04-27,20210427150000000,sz.000089,8.3800,8.3900,8.3200,8.3200,3245111,27090716.0000,3
2021-04-28,20210428103000000,sz.000089,8.3500,8.5500,8.3300,8.4100,6174466,52144571.0000,3
2021-04-28,20210428113000000,sz.000089,8.4100,8.4500,8.3900,8.4000,1106291,9317944.0000,3
2021-04-28,20210428140000000,sz.000089,8.4100,8.4500,8.3800,8.4300,1510900,12707104.0000,3
2021-04-28,20210428150000000,sz.000089,8.4300,8.5300,8.4100,8.4800,3261000,27665533.0000,3
2021-04-29,20210429103000000,sz.000089,8.5100,8.6500,8.4500,8.6100,4711855,40432785.0000,3
2021-04-29,20210429113000000,sz.000089,8.6000,8.6100,8.5300,8.5900,1393310,11933716.0000,3
2021-04-29,20210429140000000,sz.000089,8.5800,8.6000,8.5600,8.5800,1063200,9120787.0000,3
2021-04-29,20210429150000000,sz.000089,8.6000,8.6000,8.5600,8.5800,1882109,16154536.0000,3
2021-04-30,20210430103000000,sz.000089,8.5600,8.5800,8.4400,8.4900,4210091,35750300.0000,3
2021-04-30,20210430113000000,sz.000089,8.4900,8.5800,8.4900,8.5600,1656459,14146451.0000,3
2021-04-30,20210430140000000,sz.000089,8.5600,8.5600,8.4600,8.5000,1853043,15722661.0000,3
2021-04-30,20210430150000000,sz.000089,8.5000,8.5600,8.4800,8.5300,1850749,15782005.0000,3
2021-05-06,20210506103000000,sz.000089,8.5200,8.5600,8.3600,8.3900,5219700,44098240.0000,3
2021-05-06,20210506113000000,sz.000089,8.3900,8.4100,8.3200,8.3600,2238274,18718060.0000,3
2021-05-06,20210506140000000,sz.000089,8.3700,8.3800,8.3100,8.3400,2376564,19818074.0000,3
2021-05-06,20210506150000000,sz.000089,8.3400,8.3400,8.3000,8.3000,3036008,25254580.0000,3
2021-05-07,20210507103000000,sz.000089,8.3400,8.3500,8.2000,8.2200,4624526,38230560.0000,3
2021-05-07,20210507113000000,sz.000089,8.2200,8.2600,8.2100,8.2600,1340900,11034382.0000,3
2021-05-07,20210507140000000,sz.000089,8.2600,8.2700,8.2100,8.2100,1212268,9985433.0000,3
2021-05-07,20210507150000000,sz.000089,8.2100,8.2300,8.1800,8.1900,3026200,24814630.0000,3
2021-05-10,20210510103000000,sz.000089,8.1000,8.2000,8.0500,8.0700,3588485,29029775.0000,3
2021-05-10,20210510113000000,sz.000089,8.0700,8.1000,8.0600,8.0700,1697494,13716102.0000,3
2021-05-10,20210510140000000,sz.000089,8.0700,8.0700,8.0000,8.0200,2587489,20787101.0000,3
2021-05-10,20210510150000000,sz.000089,8.0200,8.0400,8.0000,8.0000,2916772,23356158.0000,3
2021-05-11,20210511103000000,sz.000089,7.9800,8.0700,7.9300,7.9800,2736145,21889567.0000,3
2021-05-11,20210511113000000,sz.000089,7.9800,8.0400,7.9800,8.0000,1005500,8060447.0000,3
2021-05-11,20210511140000000,sz.000089,8.0000,8.1000,8.0000,8.0900,1742468,14038131.0000,3
2021-05-11,20210511150000000,sz.000089,8.0900,8.1100,8.0500,8.0700,1673873,13527839.0000,3
2021-05-12,20210512103000000,sz.000089,8.0600,8.0800,8.0200,8.0600,1518899,12225400.0000,3
2021-05-12,20210512113000000,sz.000089,8.0600,8.0700,8.0300,8.0400,811501,6526292.0000,3
2021-05-12,20210512140000000,sz.000089,8.0300,8.0900,8.0200,8.0700,1071100,8630723.0000,3
2021-05-12,20210512150000000,sz.000089,8.0700,8.1100,8.0600,8.1000,1110281,8981023.0000,3
2021-05-13,20210513103000000,sz.000089,8.0200,8.1800,8.0100,8.1600,1984500,16106820.0000,3
2021-05-13,20210513113000000,sz.000089,8.1600,8.1700,8.0900,8.0900,928800,7545904.0000,3
2021-05-13,20210513140000000,sz.000089,8.0900,8.1500,8.0700,8.1400,993000,8043764.0000,3
2021-05-13,20210513150000000,sz.000089,8.1300,8.1700,8.1000,8.1600,2477435,20170711.0000,3
2021-05-14,20210514103000000,sz.000089,8.1500,8.1800,8.1200,8.1600,1395269,11373497.0000,3
2021-05-14,20210514113000000,sz.000089,8.1600,8.2000,8.1400,8.1700,1394400,11394909.0000,3
2021-05-14,20210514140000000,sz.000089,8.1700,8.2100,8.1600,8.1800,1438774,11785586.0000,3
2021-05-14,20210514150000000,sz.000089,8.1800,8.2200,8.1700,8.2200,1538600,12621127.0000,3
2021-05-17,20210517103000000,sz.000089,8.1800,8.2800,8.1700,8.2300,2116521,17438668.0000,3
2021-05-17,20210517113000000,sz.000089,8.2400,8.2500,8.2200,8.2500,877400,7228498.0000,3
2021-05-17,20210517140000000,sz.000089,8.2500,8.2500,8.1800,8.1800,1277900,10479760.0000,3
2021-05-17,20210517150000000,sz.000089,8.1900,8.2300,8.1700,8.1700,1829424,14991999.0000,3
2021-05-18,20210518103000000,sz.000089,8.1700,8.2100,8.1400,8.1600,1474250,12043728.0000,3
2021-05-18,20210518113000000,sz.000089,8.1600,8.2000,8.1600,8.1900,682301,5579669.0000,3
2021-05-18,20210518140000000,sz.000089,8.1900,8.2000,8.1600,8.1800,651300,5329549.0000,3
2021-05-18,20210518150000000,sz.000089,8.1800,8.1900,8.1500,8.1600,1060800,8667269.0000,3
2021-05-19,20210519103000000,sz.000089,8.1600,8.1800,8.1000,8.1200,2339032,19001591.0000,3
2021-05-19,20210519113000000,sz.000089,8.1200,8.1300,8.1000,8.1100,845349,6854597.0000,3
2021-05-19,20210519140000000,sz.000089,8.1200,8.1400,8.1000,8.1300,805476,6534135.0000,3
2021-05-19,20210519150000000,sz.000089,8.1300,8.1500,8.1100,8.1400,811261,6594840.0000,3
2021-05-20,20210520103000000,sz.000089,8.1100,8.1800,8.1000,8.1100,2228832,18119408.0000,3
2021-05-20,20210520113000000,sz.000089,8.1100,8.1300,8.1000,8.1100,721200,5846785.0000,3
2021-05-20,20210520140000000,sz.000089,8.1200,8.1300,8.1000,8.1100,984700,7989923.0000,3
2021-05-20,20210520150000000,sz.000089,8.1100,8.1400,8.1000,8.1100,1321071,10724668.0000,3
2021-05-21,20210521103000000,sz.000089,8.1000,8.1300,8.0800,8.1100,1993600,16150483.0000,3
2021-05-21,20210521113000000,sz.000089,8.1100,8.1300,8.0700,8.0800,1126493,9115983.0000,3
2021-05-21,20210521140000000,sz.000089,8.0800,8.1000,8.0300,8.0400,1662831,13412208.0000,3
2021-05-21,20210521150000000,sz.000089,8.0400,8.0900,8.0300,8.0900,1380618,11135452.0000,3
2021-05-24,20210524103000000,sz.000089,8.0100,8.1300,8.0100,8.0600,3020700,24346393.0000,3
2021-05-24,20210524113000000,sz.000089,8.0600,8.0700,8.0300,8.0300,1963864,15792059.0000,3
2021-05-24,20210524140000000,sz.000089,8.0300,8.1000,8.0300,8.0500,1431800,11563650.0000,3
2021-05-24,20210524150000000,sz.000089,8.0500,8.0700,8.0400,8.0600,1495453,12040672.0000,3
2021-05-25,20210525103000000,sz.000089,8.0800,8.1800,8.0400,8.1400,4371300,35493120.0000,3
2021-05-25,20210525113000000,sz.000089,8.1400,8.1500,8.1100,8.1500,1987300,16165078.0000,3
2021-05-25,20210525140000000,sz.000089,8.1500,8.1500,8.1100,8.1200,1740900,14167176.0000,3
2021-05-25,20210525150000000,sz.000089,8.1200,8.1700,8.1200,8.1300,2551641,20791549.0000,3
2021-05-26,20210526103000000,sz.000089,8.1700,8.1700,8.0800,8.1100,2979814,24185461.0000,3
2021-05-26,20210526113000000,sz.000089,8.1100,8.1400,8.1000,8.1200,1241100,10075387.0000,3
2021-05-26,20210526140000000,sz.000089,8.1100,8.1300,8.1000,8.1200,1218519,9884363.0000,3
2021-05-26,20210526150000000,sz.000089,8.1200,8.1300,8.0900,8.1200,1526716,12381969.0000,3
2021-05-27,20210527103000000,sz.000089,8.0800,8.1200,8.0800,8.1100,1830874,14833076.0000,3
2021-05-27,20210527113000000,sz.000089,8.1200,8.1200,8.0800,8.0900,1759030,14247135.0000,3
2021-05-27,20210527140000000,sz.000089,8.1000,8.1100,8.0800,8.0900,1455910,11786296.0000,3
2021-05-27,20210527150000000,sz.000089,8.0900,8.1100,8.0500,8.1100,9818206,79496821.0000,3
2021-05-28,20210528103000000,sz.000089,8.1000,8.1000,8.0300,8.0300,4148400,33390826.0000,3
2021-05-28,20210528113000000,sz.000089,8.0300,8.0400,8.0200,8.0400,1940300,15582467.0000,3
2021-05-28,20210528140000000,sz.000089,8.0400,8.0400,8.0100,8.0100,1885400,15132867.0000,3
2021-05-28,20210528150000000,sz.000089,8.0100,8.0300,8.0100,8.0100,2212245,17730938.0000,3
2021-05-31,20210531103000000,sz.000089,7.9600,7.9600,7.8200,7.8600,6974400,54897577.0000,3
2021-05-31,20210531113000000,sz.000089,7.8700,7.8700,7.8300,7.8400,3274169,25696781.0000,3
2021-05-31,20210531140000000,sz.000089,7.8400,7.8700,7.8400,7.8600,2122862,16665877.0000,3
2021-05-31,20210531150000000,sz.000089,7.8600,7.8800,7.8500,7.8800,2528636,19889677.0000,3
2021-06-01,20210601103000000,sz.000089,7.8500,7.9500,7.8300,7.8900,4344217,34308850.0000,3
2021-06-01,20210601113000000,sz.000089,7.8900,7.9100,7.8600,7.8800,1657227,13060204.0000,3
2021-06-01,20210601140000000,sz.000089,7.8800,7.9000,7.8800,7.9000,975135,7690257.0000,3
2021-06-01,20210601150000000,sz.000089,7.8900,7.9100,7.8600,7.9000,2989867,23563879.0000,3
2021-06-02,20210602103000000,sz.000089,7.9100,7.9300,7.8600,7.8900,2500762,19732504.0000,3
2021-06-02,20210602113000000,sz.000089,7.8900,7.9000,7.8700,7.8900,1128699,8898435.0000,3
2021-06-02,20210602140000000,sz.000089,7.8900,7.9000,7.8600,7.8800,1248600,9836977.0000,3
2021-06-02,20210602150000000,sz.000089,7.8800,7.8900,7.8500,7.8700,2429419,19120553.0000,3
2021-06-03,20210603103000000,sz.000089,7.8700,7.9200,7.8600,7.9000,2341819,18489302.0000,3
2021-06-03,20210603113000000,sz.000089,7.9000,7.9100,7.8800,7.9100,1287800,10161112.0000,3
2021-06-03,20210603140000000,sz.000089,7.9000,8.0400,7.9000,8.0000,4272435,34103618.0000,3
2021-06-03,20210603150000000,sz.000089,7.9900,8.0100,7.9500,7.9500,2448595,19541880.0000,3
2021-06-04,20210604103000000,sz.000089,8.0000,8.0000,7.9100,7.9200,2322100,18443111.0000,3
2021-06-04,20210604113000000,sz.000089,7.9200,7.9500,7.9200,7.9500,1129900,8964025.0000,3
2021-06-04,20210604140000000,sz.000089,7.9500,7.9600,7.9200,7.9400,1372527,10895416.0000,3
2021-06-04,20210604150000000,sz.000089,7.9400,7.9500,7.9100,7.9300,1373180,10886600.0000,3
2021-06-07,20210607103000000,sz.000089,7.9500,7.9500,7.8400,7.8700,2626600,20689973.0000,3
2021-06-07,20210607113000000,sz.000089,7.8800,7.8800,7.7900,7.8000,4549915,35599420.0000,3
2021-06-07,20210607140000000,sz.000089,7.8100,7.8400,7.8000,7.8300,1634049,12771785.0000,3
2021-06-07,20210607150000000,sz.000089,7.8300,7.8400,7.8100,7.8400,1598976,12512372.0000,3
2021-06-08,20210608103000000,sz.000089,7.8000,7.8800,7.7900,7.8600,2777568,21781929.0000,3
2021-06-08,20210608113000000,sz.000089,7.8600,7.9400,7.8600,7.9300,2657625,20989191.0000,3
2021-06-08,20210608140000000,sz.000089,7.9300,7.9400,7.8900,7.9000,1234599,9768445.0000,3
2021-06-08,20210608150000000,sz.000089,7.9100,7.9100,7.8800,7.9100,1272389,10044946.0000,3
2021-06-09,20210609103000000,sz.000089,7.9100,7.9300,7.8700,7.9300,1632838,12913593.0000,3
2021-06-09,20210609113000000,sz.000089,7.9300,7.9500,7.9200,7.9400,1294600,10272839.0000,3
2021-06-09,20210609140000000,sz.000089,7.9400,7.9500,7.9200,7.9300,872200,6921728.0000,3
2021-06-09,20210609150000000,sz.000089,7.9200,7.9400,7.9100,7.9400,1321882,10476428.0000,3
2021-06-10,20210610103000000,sz.000089,7.9800,8.0100,7.9300,7.9500,2928700,23370460.0000,3
2021-06-10,20210610113000000,sz.000089,7.9500,7.9600,7.9300,7.9500,845300,6712898.0000,3
2021-06-10,20210610140000000,sz.000089,7.9500,7.9900,7.9400,7.9700,1354946,10793694.0000,3
2021-06-10,20210610150000000,sz.000089,7.9600,7.9700,7.9300,7.9500,972993,7738660.0000,3
2021-06-11,20210611103000000,sz.000089,7.9500,7.9900,7.9200,7.9400,1705161,13556632.0000,3
2021-06-11,20210611113000000,sz.000089,7.9500,7.9700,7.9300,7.9700,1247300,9917936.0000,3
2021-06-11,20210611140000000,sz.000089,7.9700,7.9700,7.9300,7.9300,1147810,9118894.0000,3
2021-06-11,20210611150000000,sz.000089,7.9400,7.9400,7.9000,7.9100,1700484,13460018.0000,3
2021-06-15,20210615103000000,sz.000089,7.9000,7.9300,7.8600,7.8700,3241066,25572054.0000,3
2021-06-15,20210615113000000,sz.000089,7.8700,7.9000,7.8700,7.8800,913300,7199595.0000,3
2021-06-15,20210615140000000,sz.000089,7.8800,7.9200,7.8600,7.9100,1850461,14597587.0000,3
2021-06-15,20210615150000000,sz.000089,7.9200,7.9600,7.9100,7.9200,1942474,15410043.0000,3
2021-06-16,20210616103000000,sz.000089,7.9100,7.9300,7.8800,7.9200,1514461,11967547.0000,3
2021-06-16,20210616113000000,sz.000089,7.9200,7.9500,7.9000,7.9400,1297100,10273010.0000,3
2021-06-16,20210616140000000,sz.000089,7.9400,7.9400,7.8800,7.9000,1779800,14083491.0000,3
2021-06-16,20210616150000000,sz.000089,7.9000,7.9300,7.8900,7.9200,1593277,12602740.0000,3
2021-06-17,20210617103000000,sz.000089,7.9000,7.9800,7.8800,7.9100,2115569,16813034.0000,3
2021-06-17,20210617113000000,sz.000089,7.9100,7.9400,7.9100,7.9300,1116961,8855225.0000,3
2021-06-17,20210617140000000,sz.000089,7.9300,7.9500,7.9300,7.9300,853100,6773872.0000,3
2021-06-17,20210617150000000,sz.000089,7.9300,7.9500,7.9200,7.9500,1856467,14739119.0000,3
2021-06-18,20210618103000000,sz.000089,7.9500,7.9600,7.8000,7.8500,3919059,30896397.0000,3
2021-06-18,20210618113000000,sz.000089,7.8500,7.9100,7.8300,7.8900,1188579,9349982.0000,3
2021-06-18,20210618140000000,sz.000089,7.8800,7.8800,7.8300,7.8600,2823477,22154711.0000,3
2021-06-18,20210618150000000,sz.000089,7.8600,7.8900,7.8500,7.8700,1963260,15451775.0000,3
2021-06-21,20210621103000000,sz.000089,7.7800,7.8100,7.6500,7.7800,5788511,44782172.0000,3
2021-06-21,20210621113000000,sz.000089,7.7800,7.8400,7.7800,7.8400,1369014,10694150.0000,3
2021-06-21,20210621140000000,sz.000089,7.8400,7.8500,7.7700,7.7900,1441731,11258360.0000,3
2021-06-21,20210621150000000,sz.000089,7.7900,7.8000,7.7300,7.7600,2718554,21111090.0000,3
2021-06-22,20210622103000000,sz.000089,7.8000,7.8100,7.6800,7.8000,4617238,35745169.0000,3
2021-06-22,20210622113000000,sz.000089,7.8000,7.8400,7.7800,7.8200,2223185,17373750.0000,3
2021-06-22,20210622140000000,sz.000089,7.8200,7.8400,7.7800,7.7900,1957781,15283930.0000,3
2021-06-22,20210622150000000,sz.000089,7.7800,7.8200,7.7800,7.8100,1657420,12923331.0000,3
2021-06-23,20210623103000000,sz.000089,7.7700,7.8500,7.7600,7.8100,2464385,19239281.0000,3
2021-06-23,20210623113000000,sz.000089,7.8100,7.8300,7.8000,7.8100,1176115,9193727.0000,3
2021-06-23,20210623140000000,sz.000089,7.8100,7.8300,7.7900,7.8100,1881985,14692454.0000,3
2021-06-23,20210623150000000,sz.000089,7.8100,7.8400,7.8000,7.8400,1665471,13027630.0000,3
2021-06-24,20210624103000000,sz.000089,7.8100,7.8500,7.7900,7.8100,2145885,16783560.0000,3
2021-06-24,20210624113000000,sz.000089,7.8100,7.8500,7.8100,7.8500,1056580,8277316.0000,3
2021-06-24,20210624140000000,sz.000089,7.8500,7.8600,7.8300,7.8500,1286668,10090251.0000,3
2021-06-24,20210624150000000,sz.000089,7.8500,7.8600,7.8300,7.8600,1482840,11636859.0000,3
2021-06-25,20210625103000000,sz.000089,7.9400,7.9600,7.8000,7.8300,3253400,25578198.0000,3
2021-06-25,20210625113000000,sz.000089,7.8300,7.8900,7.8200,7.8700,1139000,8938268.0000,3
2021-06-25,20210625140000000,sz.000089,7.8700,7.9000,7.8600,7.8900,1023300,8069278.0000,3
2021-06-25,20210625150000000,sz.000089,7.8900,8.0100,7.8700,7.9300,4644798,36913780.0000,3
2021-06-28,20210628103000000,sz.000089,7.9000,7.9100,7.8400,7.8500,3148800,24755923.0000,3
2021-06-28,20210628113000000,sz.000089,7.8500,7.8700,7.8400,7.8500,862832,6778358.2000,3
2021-06-28,20210628140000000,sz.000089,7.8600,7.8600,7.8100,7.8100,1805866,14146598.1600,3
2021-06-28,20210628150000000,sz.000089,7.8100,7.8300,7.8000,7.8100,1788317,13977207.9400,3
2021-06-29,20210629103000000,sz.000089,7.8100,7.8200,7.7600,7.7700,2714601,21131875.4700,3
2021-06-29,20210629113000000,sz.000089,7.7700,7.8200,7.7700,7.7700,1255200,9765451.0000,3
2021-06-29,20210629140000000,sz.000089,7.7800,7.8000,7.7700,7.7800,1140300,8872135.0000,3
2021-06-29,20210629150000000,sz.000089,7.7700,7.7800,7.7400,7.7600,2945542,22842144.6200,3
2021-06-30,20210630103000000,sz.000089,7.7500,7.7900,7.7200,7.7500,1615788,12535364.6400,3
2021-06-30,20210630113000000,sz.000089,7.7500,7.7600,7.7200,7.7400,1346504,10417839.9200,3
2021-06-30,20210630140000000,sz.000089,7.7400,7.8000,7.7300,7.7800,1441331,11205260.2500,3
2021-06-30,20210630150000000,sz.000089,7.7800,7.7900,7.7600,7.7700,1132033,8799049.4100,3
2021-07-01,20210701103000000,sz.000089,7.7900,7.8100,7.7300,7.7600,1224304,9492182.9600,3
2021-07-01,20210701113000000,sz.000089,7.7600,7.7800,7.7500,7.7600,832300,6460980.0000,3
2021-07-01,20210701140000000,sz.000089,7.7600,7.8000,7.7300,7.7900,1673400,12991379.0000,3
2021-07-01,20210701150000000,sz.000089,7.7900,7.8000,7.7500,7.7500,1102772,8570114.0000,3
2021-07-02,20210702103000000,sz.000089,7.7600,7.8100,7.7500,7.7700,1979453,15400434.8700,3
2021-07-02,20210702113000000,sz.000089,7.7600,7.7800,7.7300,7.7700,830900,6448791.1200,3
2021-07-02,20210702140000000,sz.000089,7.7700,7.7800,7.7400,7.7500,717500,5567618.0000,3
2021-07-02,20210702150000000,sz.000089,7.7500,7.8100,7.7500,7.8000,2021332,15730811.2200,3
2021-07-05,20210705103000000,sz.000089,7.7700,7.8200,7.7600,7.7900,1651200,12858901.0000,3
2021-07-05,20210705113000000,sz.000089,7.7900,7.7900,7.7700,7.7700,477900,3718979.0000,3
2021-07-05,20210705140000000,sz.000089,7.7800,7.7900,7.7600,7.7600,932301,7244992.7600,3
2021-07-05,20210705150000000,sz.000089,7.7600,7.7800,7.7500,7.7600,1171523,9094546.7300,3
2021-07-06,20210706103000000,sz.000089,7.8000,7.8000,7.7600,7.7800,1628273,12667837.9400,3
2021-07-06,20210706113000000,sz.000089,7.7800,7.8200,7.7800,7.8000,1024300,7987978.0000,3
2021-07-06,20210706140000000,sz.000089,7.8000,7.8200,7.8000,7.8100,1136000,8868707.0000,3
2021-07-06,20210706150000000,sz.000089,7.8000,7.8300,7.7900,7.8000,1369687,10696436.9600,3
2021-07-07,20210707103000000,sz.000089,7.8100,7.8600,7.8000,7.8300,1724037,13511451.3300,3
2021-07-07,20210707113000000,sz.000089,7.8300,7.8600,7.8200,7.8500,984300,7718944.0000,3
2021-07-07,20210707140000000,sz.000089,7.8400,7.8600,7.8200,7.8200,1201700,9415027.0900,3
2021-07-07,20210707150000000,sz.000089,7.8200,7.8600,7.8200,7.8500,1419558,11133618.8500,3
2021-07-08,20210708103000000,sz.000089,7.8700,7.8700,7.7700,7.7700,2557342,19958451.1800,3
2021-07-08,20210708113000000,sz.000089,7.7700,7.7900,7.7600,7.7900,894700,6954941.0000,3
2021-07-08,20210708140000000,sz.000089,7.7800,7.7800,7.7600,7.7600,843700,6556277.0000,3
2021-07-08,20210708150000000,sz.000089,7.7600,7.7900,7.7600,7.7700,1065500,8279390.0000,3
2021-07-09,20210709103000000,sz.000089,7.7700,7.8200,7.7500,7.7900,1374600,10697608.0000,3
2021-07-09,20210709113000000,sz.000089,7.7900,7.8000,7.7300,7.7300,1392800,10805984.0000,3
2021-07-09,20210709140000000,sz.000089,7.7400,7.7500,7.7300,7.7500,992300,7680784.9000,3
2021-07-09,20210709150000000,sz.000089,7.7400,7.7600,7.7300,7.7600,1716642,13292831.6600,3
2021-07-12,20210712103000000,sz.000089,7.7800,7.8200,7.7500,7.7700,2933098,22817046.5000,3
2021-07-12,20210712113000000,sz.000089,7.7700,7.8000,7.7600,7.7900,1023241,7964449.9800,3
2021-07-12,20210712140000000,sz.000089,7.7900,7.7900,7.7500,7.7600,1077869,8371020.7500,3
2021-07-12,20210712150000000,sz.000089,7.7700,7.7700,7.7400,7.7600,1320321,10239244.2900,3
2021-07-13,20210713103000000,sz.000089,7.7600,7.7800,7.7200,7.7800,1810614,14018349.0800,3
2021-07-13,20210713113000000,sz.000089,7.7700,7.7900,7.7600,7.7600,866600,6738383.0000,3
2021-07-13,20210713140000000,sz.000089,7.7700,7.7800,7.7400,7.7700,1168700,9069346.0000,3
2021-07-13,20210713150000000,sz.000089,7.7700,7.7800,7.7600,7.7800,1208400,9391777.0000,3
2021-07-14,20210714103000000,sz.000089,7.7900,7.7900,7.7300,7.7400,2325768,18013018.6400,3
2021-07-14,20210714113000000,sz.000089,7.7400,7.7900,7.7300,7.7400,1176400,9136451.0000,3
2021-07-14,20210714140000000,sz.000089,7.7500,7.7600,7.7400,7.7500,717900,5561523.0000,3
2021-07-14,20210714150000000,sz.000089,7.7500,7.7600,7.7300,7.7400,1113451,8620470.7300,3
2021-07-15,20210715103000000,sz.000089,7.7700,7.7900,7.7200,7.7700,2671600,20702156.0000,3
2021-07-15,20210715113000000,sz.000089,7.7800,7.7800,7.7000,7.7000,2142700,16570917.0000,3
2021-07-15,20210715140000000,sz.000089,7.7100,7.7200,7.7000,7.7200,1425019,10983511.3000,3
2021-07-15,20210715150000000,sz.000089,7.7100,7.7400,7.7100,7.7200,1908820,14728691.9300,3
2021-07-16,20210716103000000,sz.000089,7.7300,7.7700,7.6800,7.7300,2530940,19556004.2000,3
2021-07-16,20210716113000000,sz.000089,7.7300,7.7500,7.7200,7.7300,836021,6465023.1200,3
2021-07-16,20210716140000000,sz.000089,7.7400,7.7600,7.7300,7.7400,940827,7285762.7100,3
2021-07-16,20210716150000000,sz.000089,7.7400,7.7800,7.7200,7.7700,2618331,20294366.3200,3
2021-07-19,20210719103000000,sz.000089,7.7700,7.7800,7.7000,7.7200,2258200,17429831.1700,3
2021-07-19,20210719113000000,sz.000089,7.7200,7.7400,7.7100,7.7300,666885,5148645.3500,3
2021-07-19,20210719140000000,sz.000089,7.7300,7.8000,7.7200,7.7500,2576818,19995873.5000,3
2021-07-19,20210719150000000,sz.000089,7.7500,7.7700,7.7500,7.7700,1186382,9203621.3200,3
2021-07-20,20210720103000000,sz.000089,7.7400,7.7400,7.7000,7.7200,2214000,17073518.0000,3
2021-07-20,20210720113000000,sz.000089,7.7200,7.7300,7.7100,7.7200,471639,3639126.6900,3
2021-07-20,20210720140000000,sz.000089,7.7200,7.7200,7.7000,7.7200,1092361,8423043.7600,3
2021-07-20,20210720150000000,sz.000089,7.7200,7.7300,7.7000,7.7200,1842287,14203669.2200,3
2021-07-21,20210721103000000,sz.000089,7.7100,7.7400,7.6800,7.6900,2559300,19706438.0000,3
2021-07-21,20210721113000000,sz.000089,7.6900,7.7000,7.5800,7.5900,4698407,35866431.4100,3
2021-07-21,20210721140000000,sz.000089,7.5900,7.6100,7.5800,7.5900,2282696,17332005.6800,3
2021-07-21,20210721150000000,sz.000089,7.5900,7.6000,7.5700,7.5800,2627519,19919896.8700,3
2021-07-22,20210722103000000,sz.000089,7.5800,7.5800,7.5200,7.5400,3591666,27043725.3200,3
2021-07-22,20210722113000000,sz.000089,7.5400,7.5400,7.5200,7.5200,1203282,9057620.6400,3
2021-07-22,20210722140000000,sz.000089,7.5200,7.5400,7.5200,7.5400,1017604,7659956.0800,3
2021-07-22,20210722150000000,sz.000089,7.5300,7.5500,7.5200,7.5500,1507500,11360534.0000,3
2021-07-23,20210723103000000,sz.000089,7.5100,7.5200,7.3800,7.4000,6170100,45847850.0000,3
2021-07-23,20210723113000000,sz.000089,7.4000,7.4100,7.3900,7.4000,1512625,11190527.0000,3
2021-07-23,20210723140000000,sz.000089,7.4000,7.4200,7.4000,7.4100,1049765,7778601.0000,3
2021-07-23,20210723150000000,sz.000089,7.4100,7.4300,7.4000,7.4100,1306742,9687580.4800,3
2021-07-26,20210726103000000,sz.000089,7.3900,7.4000,7.3000,7.3200,3474522,25453560.7400,3
2021-07-26,20210726113000000,sz.000089,7.3300,7.3400,7.3100,7.3200,1619900,11854585.0000,3
2021-07-26,20210726140000000,sz.000089,7.3100,7.3300,7.3000,7.3100,2854719,20865239.7000,3
2021-07-26,20210726150000000,sz.000089,7.3100,7.3100,7.2800,7.3000,2755111,20087928.8100,3
2021-07-27,20210727103000000,sz.000089,7.3200,7.3300,7.1800,7.1900,4645200,33594194.0000,3
2021-07-27,20210727113000000,sz.000089,7.1900,7.2100,7.1700,7.1800,1997314,14351647.5200,3
2021-07-27,20210727140000000,sz.000089,7.1800,7.2100,7.1400,7.2100,2628386,18852479.0700,3
2021-07-27,20210727150000000,sz.000089,7.2100,7.2800,7.1800,7.2600,3818373,27638286.2900,3
2021-07-28,20210728103000000,sz.000089,7.2300,7.2700,7.1500,7.1600,4267200,30768328.9200,3
2021-07-28,20210728113000000,sz.000089,7.1600,7.1900,7.1500,7.1500,1402300,10042858.0000,3
2021-07-28,20210728140000000,sz.000089,7.1500,7.1700,7.1000,7.1000,3360885,23917281.2000,3
2021-07-28,20210728150000000,sz.000089,7.1000,7.1200,7.0800,7.1100,2830775,20094101.2000,3
2021-07-29,20210729103000000,sz.000089,7.1300,7.1500,7.0700,7.0800,2912700,20668677.0000,3
2021-07-29,20210729113000000,sz.000089,7.0800,7.1000,7.0600,7.0900,1568500,11106449.0000,3
2021-07-29,20210729140000000,sz.000089,7.0800,7.0900,7.0600,7.0900,1544417,10924779.7900,3
2021-07-29,20210729150000000,sz.000089,7.0900,7.0900,7.0600,7.0800,1651529,11680110.0300,3
2021-07-30,20210730103000000,sz.000089,7.0700,7.0700,6.8800,6.9100,6799122,47077019.3600,3
2021-07-30,20210730113000000,sz.000089,6.9100,6.9600,6.9000,6.9200,1720410,11922531.2000,3
2021-07-30,20210730140000000,sz.000089,6.9200,6.9600,6.9100,6.9400,1442551,9998891.3100,3
2021-07-30,20210730150000000,sz.000089,6.9400,6.9700,6.9200,6.9600,1717300,11931965.0000,3
2021-08-02,20210802103000000,sz.000089,6.9300,6.9300,6.7500,6.9300,4365655,29788559.1200,3
2021-08-02,20210802113000000,sz.000089,6.9300,7.0300,6.9100,6.9900,2787410,19435549.8000,3
2021-08-02,20210802140000000,sz.000089,6.9900,7.0200,6.9300,6.9400,1502048,10464215.3600,3
2021-08-02,20210802150000000,sz.000089,6.9400,6.9600,6.9100,6.9300,2083498,14444388.5900,3
2021-08-03,20210803103000000,sz.000089,6.9100,7.0500,6.8900,7.0000,4493487,31462545.2300,3
2021-08-03,20210803113000000,sz.000089,7.0000,7.0300,6.9900,7.0100,1231500,8626534.0000,3
2021-08-03,20210803140000000,sz.000089,7.0200,7.0200,7.0000,7.0100,815813,5716574.0000,3
2021-08-03,20210803150000000,sz.000089,7.0100,7.0500,7.0000,7.0400,1497781,10524896.2700,3
2021-08-04,20210804103000000,sz.000089,7.0500,7.0600,6.9400,6.9700,1939173,13526501.8900,3
2021-08-04,20210804113000000,sz.000089,6.9800,6.9800,6.9400,6.9500,1241102,8633578.9000,3
2021-08-04,20210804140000000,sz.000089,6.9600,6.9600,6.9100,6.9300,1821200,12634156.2100,3
2021-08-04,20210804150000000,sz.000089,6.9300,6.9500,6.9200,6.9300,1606365,11134622.4500,3
2021-08-05,20210805103000000,sz.000089,6.9100,6.9700,6.8800,6.9500,1783896,12373952.2000,3
2021-08-05,20210805113000000,sz.000089,6.9500,6.9700,6.9400,6.9600,720054,5010813.3000,3
2021-08-05,20210805140000000,sz.000089,6.9700,6.9700,6.9300,6.9400,573700,3988647.0000,3
2021-08-05,20210805150000000,sz.000089,6.9500,6.9500,6.9200,6.9300,1157600,8020415.0000,3
2021-08-06,20210806103000000,sz.000089,6.9400,6.9500,6.8800,6.8800,1396800,9641896.0000,3
2021-08-06,20210806113000000,sz.000089,6.8800,6.8900,6.8600,6.8700,953597,6557397.0000,3
2021-08-06,20210806140000000,sz.000089,6.8800,6.8900,6.8500,6.8600,1249703,8579550.0000,3
2021-08-06,20210806150000000,sz.000089,6.8600,6.8800,6.8500,6.8600,1300497,8922495.0000,3
2021-08-09,20210809103000000,sz.000089,6.8600,6.9400,6.8300,6.9300,1486400,10246975.0000,3
2021-08-09,20210809113000000,sz.000089,6.9300,6.9500,6.9200,6.9400,1463200,10146421.0000,3
2021-08-09,20210809140000000,sz.000089,6.9400,6.9800,6.9300,6.9600,1238987,8624284.0000,3
2021-08-09,20210809150000000,sz.000089,6.9700,6.9700,6.9300,6.9600,1165705,8111844.0000,3
2021-08-10,20210810103000000,sz.000089,6.9600,6.9800,6.9200,6.9700,1566400,10881630.0000,3
2021-08-10,20210810113000000,sz.000089,6.9600,7.0000,6.9500,6.9900,1099841,7671120.0000,3
2021-08-10,20210810140000000,sz.000089,6.9900,7.0100,6.9900,7.0000,1211000,8476455.0000,3
2021-08-10,20210810150000000,sz.000089,7.0000,7.0300,6.9900,7.0300,1618700,11346968.0000,3
2021-08-11,20210811103000000,sz.000089,7.0900,7.1500,7.0300,7.1300,3780107,26829933.0000,3
2021-08-11,20210811113000000,sz.000089,7.1300,7.1300,7.0600,7.0600,1457693,10325862.0000,3
2021-08-11,20210811140000000,sz.000089,7.0700,7.0700,7.0300,7.0400,1150400,8115302.0000,3
2021-08-11,20210811150000000,sz.000089,7.0400,7.0500,7.0200,7.0500,1417301,9969494.0000,3
2021-08-12,20210812103000000,sz.000089,7.0000,7.0600,7.0000,7.0100,2084400,14653612.0000,3
2021-08-12,20210812113000000,sz.000089,7.0100,7.0300,7.0000,7.0200,909800,6379167.0000,3
2021-08-12,20210812140000000,sz.000089,7.0200,7.0500,7.0200,7.0200,917101,6447460.0000,3
2021-08-12,20210812150000000,sz.000089,7.0200,7.0400,7.0100,7.0100,1340900,9408807.0000,3
2021-08-13,20210813103000000,sz.000089,7.0000,7.0500,6.9900,7.0400,1309074,9187859.0000,3
2021-08-13,20210813113000000,sz.000089,7.0400,7.0700,7.0100,7.0200,1344314,9461444.0000,3
2021-08-13,20210813140000000,sz.000089,7.0100,7.0300,7.0000,7.0300,867800,6083033.0000,3
2021-08-13,20210813150000000,sz.000089,7.0200,7.0600,7.0100,7.0500,1614793,11365021.0000,3
2021-08-16,20210816103000000,sz.000089,7.0600,7.1200,7.0500,7.1000,2394982,16987100.0000,3
2021-08-16,20210816113000000,sz.000089,7.1000,7.1100,7.0800,7.1100,715800,5081281.0000,3
2021-08-16,20210816140000000,sz.000089,7.1000,7.1400,7.1000,7.1400,1307185,9310573.0000,3
2021-08-16,20210816150000000,sz.000089,7.1300,7.1600,7.1300,7.1600,2063997,14745475.0000,3
2021-08-17,20210817103000000,sz.000089,7.1700,7.3500,7.1300,7.3100,6636616,48316308.0000,3
2021-08-17,20210817113000000,sz.000089,7.3100,7.3100,7.2400,7.2400,1494400,10880471.0000,3
2021-08-17,20210817140000000,sz.000089,7.2400,7.2600,7.1700,7.2000,2260141,16295267.0000,3
2021-08-17,20210817150000000,sz.000089,7.2000,7.2000,7.1100,7.1500,3201403,22885338.0000,3
2021-08-18,20210818103000000,sz.000089,7.1600,7.1900,7.1100,7.1400,2819400,20139661.0000,3
2021-08-18,20210818113000000,sz.000089,7.1400,7.1500,7.1200,7.1400,851900,6074896.0000,3
2021-08-18,20210818140000000,sz.000089,7.1400,7.2000,7.1300,7.1600,1341801,9623281.0000,3
2021-08-18,20210818150000000,sz.000089,7.1600,7.1900,7.1500,7.1800,1212444,8694139.0000,3
2021-08-19,20210819103000000,sz.000089,7.2000,7.2000,7.0800,7.0800,2753245,19584810.0000,3
2021-08-19,20210819113000000,sz.000089,7.0800,7.1200,7.0700,7.0900,1188551,8429038.0000,3
2021-08-19,20210819140000000,sz.000089,7.0900,7.1100,7.0800,7.0800,1029687,7304027.0000,3
2021-08-19,20210819150000000,sz.000089,7.0800,7.1300,7.0800,7.0900,1516778,10758835.0000,3
2021-08-20,20210820103000000,sz.000089,7.0900,7.1000,7.0000,7.0300,2869340,20174823.0000,3
2021-08-20,20210820113000000,sz.000089,7.0200,7.0400,6.9600,6.9700,2079160,14540316.0000,3
2021-08-20,20210820140000000,sz.000089,6.9700,6.9800,6.9500,6.9800,1930664,13445622.0000,3
2021-08-20,20210820150000000,sz.000089,6.9800,7.0400,6.9700,7.0300,1520100,10652865.0000,3
2021-08-23,20210823103000000,sz.000089,7.0300,7.0600,6.9900,7.0400,2144701,15084470.0000,3
2021-08-23,20210823113000000,sz.000089,7.0400,7.0500,7.0200,7.0200,919000,6460280.0000,3
2021-08-23,20210823140000000,sz.000089,7.0200,7.0500,7.0100,7.0400,1240590,8725277.0000,3
2021-08-23,20210823150000000,sz.000089,7.0400,7.0500,7.0300,7.0400,989900,6968022.0000,3
2021-08-24,20210824103000000,sz.000089,7.0600,7.0800,7.0200,7.0300,2146800,15131561.0000,3
2021-08-24,20210824113000000,sz.000089,7.0300,7.0500,7.0200,7.0400,945500,6648089.0000,3
2021-08-24,20210824140000000,sz.000089,7.0400,7.0500,7.0200,7.0400,966705,6800393.0000,3
2021-08-24,20210824150000000,sz.000089,7.0300,7.0500,7.0300,7.0500,1054828,7428008.0000,3
2021-08-25,20210825103000000,sz.000089,7.0400,7.1900,7.0200,7.1400,5235711,37297034.0000,3
2021-08-25,20210825113000000,sz.000089,7.1500,7.1800,7.1200,7.1600,1741801,12449294.0000,3
2021-08-25,20210825140000000,sz.000089,7.1600,7.2300,7.1600,7.2000,4261760,30693702.0000,3
2021-08-25,20210825150000000,sz.000089,7.2100,7.2400,7.2000,7.2200,3548564,25622370.0000,3
2021-08-26,20210826103000000,sz.000089,7.2000,7.2100,7.1300,7.1800,3538401,25364339.0000,3
2021-08-26,20210826113000000,sz.000089,7.1800,7.2000,7.1600,7.1800,1045800,7502432.0000,3
2021-08-26,20210826140000000,sz.000089,7.1800,7.2000,7.1600,7.1800,980900,7043176.0000,3
2021-08-26,20210826150000000,sz.000089,7.1800,7.1900,7.1600,7.1700,1478000,10601914.0000,3
2021-08-27,20210827103000000,sz.000089,7.2300,7.2400,7.1600,7.1700,2957200,21283078.0000,3
2021-08-27,20210827113000000,sz.000089,7.1700,7.1900,7.1400,7.1600,1236400,8864544.0000,3
2021-08-27,20210827140000000,sz.000089,7.1600,7.1600,7.1200,7.1400,1189500,8488654.0000,3
2021-08-27,20210827150000000,sz.000089,7.1400,7.2200,7.1300,7.2000,2334823,16758114.0000,3
2021-08-30,20210830103000000,sz.000089,7.1500,7.1600,7.0800,7.1000,3971703,28273784.0000,3
2021-08-30,20210830113000000,sz.000089,7.1000,7.1000,7.0800,7.0900,1240599,8795438.0000,3
2021-08-30,20210830140000000,sz.000089,7.0900,7.1100,7.0800,7.0900,1451894,10298032.0000,3
2021-08-30,20210830150000000,sz.000089,7.0900,7.1100,7.0700,7.0900,1434070,10163676.0000,3
2021-08-31,20210831103000000,sz.000089,7.1400,7.1900,7.1100,7.1300,2323000,16618605.0000,3
2021-08-31,20210831113000000,sz.000089,7.1300,7.1600,7.1200,7.1300,772012,5510334.0000,3
2021-08-31,20210831140000000,sz.000089,7.1300,7.2100,7.1300,7.1900,2263400,16249019.0000,3
2021-08-31,20210831150000000,sz.000089,7.1900,7.2100,7.1900,7.2100,2503000,18024595.0000,3
2021-09-01,20210901103000000,sz.000089,7.1800,7.2400,7.1700,7.1900,3851170,27735203.0000,3
2021-09-01,20210901113000000,sz.000089,7.2000,7.2700,7.1900,7.2500,2955120,21380638.0000,3
2021-09-01,20210901140000000,sz.000089,7.2400,7.2800,7.2200,7.2600,2434600,17656025.0000,3
2021-09-01,20210901150000000,sz.000089,7.2600,7.3200,7.2500,7.3100,3335837,24339175.0000,3
2021-09-02,20210902103000000,sz.000089,7.2800,7.3300,7.2300,7.2600,3932000,28577593.0000,3
2021-09-02,20210902113000000,sz.000089,7.2600,7.2900,7.2400,7.2600,1192700,8661330.0000,3
2021-09-02,20210902140000000,sz.000089,7.2600,7.2700,7.2400,7.2700,1886337,13677768.0000,3
2021-09-02,20210902150000000,sz.000089,7.2700,7.3000,7.2600,7.3000,1870263,13622333.0000,3
2021-09-03,20210903103000000,sz.000089,7.2600,7.3900,7.2500,7.3700,4917807,35957626.0000,3
2021-09-03,20210903113000000,sz.000089,7.3600,7.3700,7.3100,7.3500,1952949,14323429.0000,3
2021-09-03,20210903140000000,sz.000089,7.3500,7.3700,7.3300,7.3500,1658000,12189862.0000,3
2021-09-03,20210903150000000,sz.000089,7.3500,7.3600,7.3200,7.3300,2744100,20134020.0000,3
2021-09-06,20210906103000000,sz.000089,7.3100,7.5100,7.3100,7.4600,9375384,69524991.0000,3
2021-09-06,20210906113000000,sz.000089,7.4600,7.4900,7.4300,7.4800,2435300,18180806.0000,3
2021-09-06,20210906140000000,sz.000089,7.4800,7.4800,7.4400,7.4600,1747362,13027756.0000,3
2021-09-06,20210906150000000,sz.000089,7.4600,7.4600,7.4200,7.4400,3171400,23606137.0000,3
2021-09-07,20210907103000000,sz.000089,8.1800,8.1800,8.0100,8.0900,85903844,700032624.0000,3
2021-09-07,20210907113000000,sz.000089,8.0900,8.1000,8.0200,8.0500,10590131,85198208.0000,3
2021-09-07,20210907140000000,sz.000089,8.0500,8.0600,8.0100,8.0200,12113900,97286576.0000,3
2021-09-07,20210907150000000,sz.000089,8.0300,8.0900,8.0200,8.0300,11331390,91149520.0000,3
2021-09-08,20210908103000000,sz.000089,7.7200,7.7600,7.6500,7.6600,40697411,313191360.0000,3
2021-09-08,20210908113000000,sz.000089,7.6600,7.6600,7.6100,7.6400,9649604,73679120.0000,3
2021-09-08,20210908140000000,sz.000089,7.6400,7.6700,7.6100,7.6700,6199229,47313072.0000,3
2021-09-08,20210908150000000,sz.000089,7.6700,7.6900,7.5900,7.5900,10823657,82618288.0000,3
2021-09-09,20210909103000000,sz.000089,7.6500,7.7300,7.5900,7.6800,13043689,100050447.0000,3
2021-09-09,20210909113000000,sz.000089,7.6800,7.7100,7.6400,7.6900,4299611,32990119.0000,3
2021-09-09,20210909140000000,sz.000089,7.7000,7.7000,7.6500,7.6500,3778700,28967388.0000,3
2021-09-09,20210909150000000,sz.000089,7.6500,7.7100,7.6500,7.7100,6718547,51690307.0000,3
2021-09-10,20210910103000000,sz.000089,7.6900,7.8500,7.6400,7.7600,14968961,116357064.0000,3
2021-09-10,20210910113000000,sz.000089,7.7600,7.7600,7.6700,7.7000,5534900,42667189.0000,3
2021-09-10,20210910140000000,sz.000089,7.7000,7.7300,7.6800,7.7000,2863100,22049840.0000,3
2021-09-10,20210910150000000,sz.000089,7.6900,7.7000,7.6600,7.6600,4496200,34525497.0000,3
2021-09-13,20210913103000000,sz.000089,7.6100,7.6100,7.5000,7.6100,11743100,88615192.0000,3
2021-09-13,20210913113000000,sz.000089,7.6100,7.7200,7.6000,7.6600,3942900,30223699.0000,3
2021-09-13,20210913140000000,sz.000089,7.6600,7.6600,7.5900,7.6200,2067490,15740062.0000,3
2021-09-13,20210913150000000,sz.000089,7.6200,7.6300,7.5700,7.5800,3353732,25466144.0000,3
2021-09-14,20210914103000000,sz.000089,7.6000,7.6200,7.5100,7.5600,5916149,44675732.0000,3
2021-09-14,20210914113000000,sz.000089,7.5600,7.5600,7.5300,7.5500,2415600,18218236.0000,3
2021-09-14,20210914140000000,sz.000089,7.5400,7.5500,7.4700,7.4700,4607700,34563407.0000,3
2021-09-14,20210914150000000,sz.000089,7.4700,7.4800,7.4200,7.4600,5394800,40177004.0000,3
2021-09-15,20210915103000000,sz.000089,7.4300,7.4600,7.4000,7.4200,3853476,28608532.0000,3
2021-09-15,20210915113000000,sz.000089,7.4300,7.5400,7.4200,7.5300,2863800,21416896.0000,3
2021-09-15,20210915140000000,sz.000089,7.5300,7.5500,7.5000,7.5400,3265200,24589871.0000,3
2021-09-15,20210915150000000,sz.000089,7.5400,7.5600,7.5200,7.5400,3434900,25913119.0000,3
2021-09-16,20210916103000000,sz.000089,7.5500,7.5600,7.5000,7.5100,5394783,40615133.0000,3
2021-09-16,20210916113000000,sz.000089,7.5000,7.5300,7.4500,7.5200,2820582,21156621.0000,3
2021-09-16,20210916140000000,sz.000089,7.5100,7.5400,7.4800,7.4900,2172600,16302497.0000,3
2021-09-16,20210916150000000,sz.000089,7.4900,7.5300,7.4700,7.5300,2868900,21522486.0000,3
2021-09-17,20210917103000000,sz.000089,7.5100,7.5600,7.4700,7.5200,3294882,24759448.0000,3
2021-09-17,20210917113000000,sz.000089,7.5300,7.5400,7.4900,7.5200,2475800,18621552.0000,3
2021-09-17,20210917140000000,sz.000089,7.5100,7.5300,7.4800,7.5300,1948400,14622277.0000,3
2021-09-17,20210917150000000,sz.000089,7.5300,7.7200,7.5100,7.6500,10803564,82626797.0000,3
2021-09-22,20210922103000000,sz.000089,7.6000,7.7300,7.5600,7.6300,5074089,38787217.0000,3
2021-09-22,20210922113000000,sz.000089,7.6300,7.6400,7.6000,7.6000,1681600,12805347.0000,3
2021-09-22,20210922140000000,sz.000089,7.6100,7.6700,7.5900,7.6500,2019654,15410220.0000,3
2021-09-22,20210922150000000,sz.000089,7.6500,7.6600,7.6300,7.6600,2688782,20567196.0000,3
2021-09-23,20210923103000000,sz.000089,7.6600,7.7100,7.5600,7.5900,9215003,70426378.0000,3
2021-09-23,20210923113000000,sz.000089,7.5900,7.6200,7.5800,7.6100,2300567,17491539.0000,3
2021-09-23,20210923140000000,sz.000089,7.6200,7.6300,7.5800,7.6000,3072439,23335921.0000,3
2021-09-23,20210923150000000,sz.000089,7.5900,7.6000,7.5600,7.5800,3749655,28419485.0000,3
2021-09-24,20210924103000000,sz.000089,7.5600,7.6500,7.5400,7.5800,4658945,35417175.0000,3
2021-09-24,20210924113000000,sz.000089,7.5800,7.6100,7.5500,7.5800,2981209,22593788.0000,3
2021-09-24,20210924140000000,sz.000089,7.5800,7.6000,7.5600,7.5800,2293090,17388903.0000,3
2021-09-24,20210924150000000,sz.000089,7.5900,7.6000,7.5600,7.5800,3158853,23929427.0000,3
2021-09-27,20210927103000000,sz.000089,7.6000,7.6200,7.5100,7.5300,4008393,30249771.0000,3
2021-09-27,20210927113000000,sz.000089,7.5300,7.5700,7.5100,7.5400,2687000,20254975.0000,3
2021-09-27,20210927140000000,sz.000089,7.5300,7.5400,7.5000,7.5100,3308200,24880371.0000,3
2021-09-27,20210927150000000,sz.000089,7.5100,7.5200,7.4600,7.4700,4191251,31379848.0000,3
2021-09-28,20210928103000000,sz.000089,7.4500,7.5100,7.3800,7.4200,4546400,33736202.0000,3
2021-09-28,20210928113000000,sz.000089,7.4300,7.4800,7.4200,7.4700,1237229,9221742.0000,3
2021-09-28,20210928140000000,sz.000089,7.4600,7.5300,7.4600,7.5100,1995300,14963054.0000,3
2021-09-28,20210928150000000,sz.000089,7.5100,7.5300,7.4900,7.4900,1694620,12716812.0000,3
2021-09-29,20210929103000000,sz.000089,7.4900,7.4900,7.4000,7.4200,2803900,20849600.0000,3
2021-09-29,20210929113000000,sz.000089,7.4200,7.4200,7.3700,7.3800,2515600,18603647.0000,3
2021-09-29,20210929140000000,sz.000089,7.3800,7.4200,7.3800,7.4100,1139500,8431606.0000,3
2021-09-29,20210929150000000,sz.000089,7.4100,7.4400,7.4000,7.4200,2115826,15702888.0000,3
2021-09-30,20210930103000000,sz.000089,7.4000,7.4700,7.3700,7.4200,1976400,14678645.0000,3
2021-09-30,20210930113000000,sz.000089,7.4200,7.4200,7.3900,7.3900,946900,7009518.0000,3
2021-09-30,20210930140000000,sz.000089,7.4000,7.4200,7.3900,7.4000,1012855,7500171.0000,3
2021-09-30,20210930150000000,sz.000089,7.4000,7.4300,7.4000,7.4100,1869296,13858584.0000,3
2021-10-08,20211008103000000,sz.000089,7.5100,7.7100,7.5100,7.6100,10470537,79751638.0000,3
2021-10-08,20211008113000000,sz.000089,7.6100,7.6300,7.5700,7.5800,2408800,18320772.0000,3
2021-10-08,20211008140000000,sz.000089,7.5700,7.6100,7.5700,7.6000,1297900,9854077.0000,3
2021-10-08,20211008150000000,sz.000089,7.6000,7.6300,7.5900,7.6100,2767000,21050890.0000,3
2021-10-11,20211011103000000,sz.000089,7.6000,7.6800,7.5600,7.6300,4881100,37236904.0000,3
2021-10-11,20211011113000000,sz.000089,7.6200,7.7500,7.6200,7.7200,7015119,53962005.0000,3
2021-10-11,20211011140000000,sz.000089,7.7300,7.8000,7.7300,7.7700,8643009,67161449.0000,3
2021-10-11,20211011150000000,sz.000089,7.7700,7.7900,7.7400,7.7600,5785678,44930807.0000,3
2021-10-12,20211012103000000,sz.000089,7.7600,7.7600,7.6800,7.7300,5063119,39109830.0000,3
2021-10-12,20211012113000000,sz.000089,7.7300,7.8000,7.7200,7.7600,3835200,29767841.0000,3
2021-10-12,20211012140000000,sz.000089,7.7500,7.7600,7.6500,7.7000,3041669,23428301.0000,3
2021-10-12,20211012150000000,sz.000089,7.7000,7.7100,7.6600,7.7000,2333700,17936830.0000,3
2021-10-13,20211013103000000,sz.000089,7.6800,7.7300,7.6200,7.6200,3552600,27197047.0000,3
2021-10-13,20211013113000000,sz.000089,7.6100,7.6700,7.6000,7.6700,1457685,11109431.0000,3
2021-10-13,20211013140000000,sz.000089,7.6700,7.6900,7.6100,7.6700,3396820,25956782.0000,3
2021-10-13,20211013150000000,sz.000089,7.6700,7.6800,7.6300,7.6400,1344200,10289232.0000,3
2021-10-14,20211014103000000,sz.000089,7.6800,7.9900,7.6100,7.9100,19823430,155960425.0000,3
2021-10-14,20211014113000000,sz.000089,7.9100,7.9800,7.8900,7.9400,7240118,57506893.0000,3
2021-10-14,20211014140000000,sz.000089,7.9300,7.9500,7.8500,7.8700,3516824,27781991.0000,3
2021-10-14,20211014150000000,sz.000089,7.8600,7.8800,7.8200,7.8300,3668061,28775027.0000,3
2021-10-15,20211015103000000,sz.000089,7.7600,7.8400,7.7200,7.7400,7956405,61789450.0000,3
2021-10-15,20211015113000000,sz.000089,7.7300,7.7500,7.6900,7.7300,3926100,30281153.0000,3
2021-10-15,20211015140000000,sz.000089,7.7200,7.7600,7.7100,7.7500,1667000,12891348.0000,3
2021-10-15,20211015150000000,sz.000089,7.7500,7.7500,7.7100,7.7400,2230300,17246535.0000,3
2021-10-18,20211018103000000,sz.000089,7.6500,7.8100,7.6500,7.7800,7003800,54222335.0000,3
2021-10-18,20211018113000000,sz.000089,7.7800,7.7900,7.7300,7.7700,2704889,20978079.0000,3
2021-10-18,20211018140000000,sz.000089,7.7800,7.8100,7.7500,7.7800,2365000,18405818.0000,3
2021-10-18,20211018150000000,sz.000089,7.7800,7.8000,7.7600,7.7600,2849100,22157898.0000,3
2021-10-19,20211019103000000,sz.000089,7.7400,7.8200,7.6700,7.6900,6431100,49605982.0000,3
2021-10-19,20211019113000000,sz.000089,7.7100,7.7700,7.7100,7.7600,1817700,14070960.0000,3
2021-10-19,20211019140000000,sz.000089,7.7400,7.7800,7.7400,7.7500,2311700,17935848.0000,3
2021-10-19,20211019150000000,sz.000089,7.7400,7.7800,7.7400,7.7600,2603618,20197152.0000,3
2021-10-20,20211020103000000,sz.000089,7.7500,7.7600,7.6600,7.7100,3950400,30419053.0000,3
2021-10-20,20211020113000000,sz.000089,7.7100,7.7300,7.6900,7.7300,1472925,11354915.0000,3
2021-10-20,20211020140000000,sz.000089,7.7200,7.7700,7.7000,7.7300,2202782,17017675.0000,3
2021-10-20,20211020150000000,sz.000089,7.7300,7.7800,7.7200,7.7400,2499519,19385435.0000,3
2021-10-21,20211021103000000,sz.000089,7.7400,7.8400,7.7100,7.7400,4793525,37321611.0000,3
2021-10-21,20211021113000000,sz.000089,7.7400,7.8200,7.7400,7.7800,2944800,22942024.0000,3
2021-10-21,20211021140000000,sz.000089,7.7800,7.7900,7.7200,7.7600,2130376,16514987.0000,3
2021-10-21,20211021150000000,sz.000089,7.7600,7.7600,7.7300,7.7300,1832000,14192681.0000,3
2021-10-22,20211022103000000,sz.000089,7.7100,7.7500,7.6600,7.6700,4382709,33775809.0000,3
2021-10-22,20211022113000000,sz.000089,7.6700,7.7000,7.6400,7.6900,2591600,19870967.0000,3
2021-10-22,20211022140000000,sz.000089,7.6900,7.7200,7.6700,7.7100,1864108,14346963.0000,3
2021-10-22,20211022150000000,sz.000089,7.7100,7.7200,7.6500,7.6700,2147989,16480597.0000,3
2021-10-25,20211025103000000,sz.000089,7.6100,7.6200,7.4800,7.5500,5847800,43966423.0000,3
2021-10-25,20211025113000000,sz.000089,7.5500,7.6100,7.5300,7.5500,2246389,16994032.0000,3
2021-10-25,20211025140000000,sz.000089,7.5500,7.5500,7.5000,7.5200,1802200,13549645.0000,3
2021-10-25,20211025150000000,sz.000089,7.5200,7.5600,7.5000,7.5400,2054467,15478498.0000,3
2021-10-26,20211026103000000,sz.000089,7.5100,7.5700,7.4800,7.5500,2779388,20917058.0000,3
2021-10-26,20211026113000000,sz.000089,7.5500,7.5600,7.5100,7.5200,1077367,8115149.0000,3
2021-10-26,20211026140000000,sz.000089,7.5200,7.5400,7.5000,7.5200,1165933,8761741.0000,3
2021-10-26,20211026150000000,sz.000089,7.5100,7.5400,7.5100,7.5100,1320300,9930841.0000,3
2021-10-27,20211027103000000,sz.000089,7.4800,7.5100,7.4400,7.4500,3618992,27017412.0000,3
2021-10-27,20211027113000000,sz.000089,7.4400,7.4500,7.4100,7.4200,2230700,16556435.0000,3
2021-10-27,20211027140000000,sz.000089,7.4300,7.4300,7.4000,7.4100,1341000,9939140.0000,3
2021-10-27,20211027150000000,sz.000089,7.4000,7.4500,7.3800,7.4300,2959530,21902374.0000,3
2021-10-28,20211028103000000,sz.000089,7.4400,7.5000,7.3600,7.4900,4195758,31100657.0000,3
2021-10-28,20211028113000000,sz.000089,7.4900,7.5200,7.4600,7.4700,2680600,20099764.0000,3
2021-10-28,20211028140000000,sz.000089,7.4700,7.4900,7.4300,7.4600,918800,6849950.0000,3
2021-10-28,20211028150000000,sz.000089,7.4600,7.4800,7.4300,7.4700,1942280,14480843.0000,3
2021-10-29,20211029103000000,sz.000089,7.4600,7.4800,7.3700,7.4700,3227234,23998162.0000,3
2021-10-29,20211029113000000,sz.000089,7.4800,7.5700,7.4700,7.5400,3127817,23543330.0000,3
2021-10-29,20211029140000000,sz.000089,7.5400,7.5800,7.5300,7.5400,1348557,10189515.0000,3
2021-10-29,20211029150000000,sz.000089,7.5400,7.5700,7.5300,7.5600,2126548,16059988.0000,3
2021-11-01,20211101103000000,sz.000089,7.4900,7.5200,7.3700,7.3800,5897438,43698612.0000,3
2021-11-01,20211101113000000,sz.000089,7.3800,7.4100,7.3700,7.3900,2256200,16670503.0000,3
2021-11-01,20211101140000000,sz.000089,7.3800,7.4000,7.3600,7.3700,2372800,17516518.0000,3
2021-11-01,20211101150000000,sz.000089,7.3800,7.3800,7.3500,7.3600,3075780,22646144.0000,3
2021-11-02,20211102103000000,sz.000089,7.3600,7.3600,7.2700,7.3000,3735941,27307503.0000,3
2021-11-02,20211102113000000,sz.000089,7.3100,7.3100,7.2000,7.2400,3136709,22781899.0000,3
2021-11-02,20211102140000000,sz.000089,7.2500,7.2500,7.1600,7.1800,3924260,28197282.0000,3
2021-11-02,20211102150000000,sz.000089,7.1800,7.2100,7.1400,7.2100,2535650,18204726.0000,3
2021-11-03,20211103103000000,sz.000089,7.2000,7.2300,7.1500,7.2300,2964400,21317004.0000,3
2021-11-03,20211103113000000,sz.000089,7.2300,7.2500,7.2000,7.2200,1390900,10045073.0000,3
2021-11-03,20211103140000000,sz.000089,7.2200,7.2200,7.1900,7.1900,603755,4349716.0000,3
2021-11-03,20211103150000000,sz.000089,7.1900,7.2300,7.1900,7.2000,1337200,9639214.0000,3
2021-11-04,20211104103000000,sz.000089,7.2100,7.2300,7.1500,7.2100,3120392,22409890.0000,3
2021-11-04,20211104113000000,sz.000089,7.2200,7.2400,7.2000,7.2100,1161300,8383817.0000,3
2021-11-04,20211104140000000,sz.000089,7.2100,7.2200,7.1900,7.2000,937900,6754580.0000,3
2021-11-04,20211104150000000,sz.000089,7.2000,7.2100,7.1100,7.1500,6895900,49283870.0000,3
2021-11-05,20211105103000000,sz.000089,7.1400,7.1800,7.0200,7.0300,13841600,97680837.0000,3
2021-11-05,20211105113000000,sz.000089,7.0300,7.1300,7.0000,7.1100,4220580,29757161.0000,3
2021-11-05,20211105140000000,sz.000089,7.1100,7.1300,7.0900,7.0900,1243800,8838255.0000,3
2021-11-05,20211105150000000,sz.000089,7.0900,7.1000,7.0600,7.0800,2102600,14885174.0000,3
2021-11-08,20211108103000000,sz.000089,7.1900,7.4300,7.1700,7.3100,17610483,129301978.0000,3
2021-11-08,20211108113000000,sz.000089,7.3100,7.3800,7.2900,7.3100,2713500,19911591.0000,3
2021-11-08,20211108140000000,sz.000089,7.3100,7.3400,7.2800,7.3200,2008467,14678067.0000,3
2021-11-08,20211108150000000,sz.000089,7.3200,7.3500,7.3100,7.3100,1943976,14237787.0000,3
2021-11-09,20211109103000000,sz.000089,7.2800,7.3400,7.2300,7.2600,5510218,40002493.0000,3
2021-11-09,20211109113000000,sz.000089,7.2600,7.2700,7.2300,7.2600,1528000,11069448.0000,3
2021-11-09,20211109140000000,sz.000089,7.2600,7.2800,7.2000,7.2100,3008400,21736524.0000,3
2021-11-09,20211109150000000,sz.000089,7.2100,7.2500,7.2000,7.2100,2518701,18190981.0000,3
2021-11-10,20211110103000000,sz.000089,7.2000,7.2400,7.1200,7.1200,4902100,35175456.0000,3
2021-11-10,20211110113000000,sz.000089,7.1200,7.1600,7.0800,7.1500,4057399,28849982.0000,3
2021-11-10,20211110140000000,sz.000089,7.1500,7.1600,7.1200,7.1500,895200,6393590.0000,3
2021-11-10,20211110150000000,sz.000089,7.1500,7.2100,7.1500,7.1800,1641000,11783714.0000,3
2021-11-11,20211111103000000,sz.000089,7.1600,7.2600,7.1500,7.2100,3788199,27311177.0000,3
2021-11-11,20211111113000000,sz.000089,7.2200,7.2400,7.2100,7.2300,1488800,10758355.0000,3
2021-11-11,20211111140000000,sz.000089,7.2200,7.2600,7.2100,7.2200,2034767,14707771.0000,3
2021-11-11,20211111150000000,sz.000089,7.2200,7.2500,7.2000,7.2400,2586900,18694337.0000,3
2021-11-12,20211112103000000,sz.000089,7.2200,7.2700,7.1900,7.2600,5614600,40576414.0000,3
2021-11-12,20211112113000000,sz.000089,7.2600,7.2800,7.2400,7.2700,2031497,14750579.0000,3
2021-11-12,20211112140000000,sz.000089,7.2700,7.3200,7.2700,7.3200,3095214,22594130.0000,3
2021-11-12,20211112150000000,sz.000089,7.3200,7.3500,7.2900,7.2900,3262900,23884918.0000,3
2021-11-15,20211115103000000,sz.000089,7.2900,7.3200,7.2200,7.2500,4579500,33242695.0000,3
2021-11-15,20211115113000000,sz.000089,7.2500,7.2500,7.2300,7.2400,1465900,10615597.0000,3
2021-11-15,20211115140000000,sz.000089,7.2400,7.2600,7.2200,7.2500,2222346,16078093.0000,3
2021-11-15,20211115150000000,sz.000089,7.2500,7.2700,7.2400,7.2600,1537542,11157634.0000,3
2021-11-16,20211116103000000,sz.000089,7.2500,7.2900,7.2400,7.2600,2287700,16632189.0000,3
2021-11-16,20211116113000000,sz.000089,7.2600,7.2900,7.2300,7.2800,2187500,15878969.0000,3
2021-11-16,20211116140000000,sz.000089,7.2800,7.2800,7.2400,7.2600,1711700,12428581.0000,3
2021-11-16,20211116150000000,sz.000089,7.2600,7.2700,7.2400,7.2600,1612800,11703385.0000,3
2021-11-17,20211117103000000,sz.000089,7.2500,7.2800,7.2200,7.2500,2061000,14927364.0000,3
2021-11-17,20211117113000000,sz.000089,7.2500,7.2600,7.2300,7.2500,1255000,9097759.0000,3
2021-11-17,20211117140000000,sz.000089,7.2500,7.2600,7.2300,7.2400,1200739,8694422.0000,3
2021-11-17,20211117150000000,sz.000089,7.2400,7.2400,7.2100,7.2300,2425355,17528995.0000,3
2021-11-18,20211118103000000,sz.000089,7.2300,7.2400,7.1800,7.2000,2651496,19094570.0000,3
2021-11-18,20211118113000000,sz.000089,7.2000,7.2000,7.1800,7.2000,1652300,11876281.0000,3
2021-11-18,20211118140000000,sz.000089,7.2000,7.2100,7.1800,7.1800,1300029,9345981.0000,3
2021-11-18,20211118150000000,sz.000089,7.1800,7.2000,7.1700,7.1800,2028471,14574701.0000,3
2021-11-19,20211119103000000,sz.000089,7.1900,7.2700,7.1500,7.1800,3057642,21999788.0000,3
2021-11-19,20211119113000000,sz.000089,7.1800,7.2100,7.1700,7.2000,1136800,8181770.0000,3
2021-11-19,20211119140000000,sz.000089,7.2000,7.2200,7.1800,7.2200,1278000,9203262.0000,3
2021-11-19,20211119150000000,sz.000089,7.2100,7.2400,7.2000,7.2200,1703078,12299911.0000,3
2021-11-22,20211122103000000,sz.000089,7.2200,7.2200,7.1800,7.1900,3080294,22147081.0000,3
2021-11-22,20211122113000000,sz.000089,7.1900,7.1900,7.1700,7.1800,1781501,12785408.0000,3
2021-11-22,20211122140000000,sz.000089,7.1800,7.2000,7.1700,7.1900,1483519,10655643.0000,3
2021-11-22,20211122150000000,sz.000089,7.2000,7.2000,7.1800,7.1900,1670904,12015169.0000,3
2021-11-23,20211123103000000,sz.000089,7.2000,7.2300,7.1900,7.2000,2830990,20408759.0000,3
2021-11-23,20211123113000000,sz.000089,7.2000,7.2100,7.1900,7.1900,1279873,9212455.0000,3
2021-11-23,20211123140000000,sz.000089,7.1900,7.2100,7.1800,7.1900,1240705,8928059.0000,3
2021-11-23,20211123150000000,sz.000089,7.1900,7.2100,7.1800,7.1900,893700,6429936.0000,3
2021-11-24,20211124103000000,sz.000089,7.1800,7.1900,7.1600,7.1700,2125649,15246775.0000,3
2021-11-24,20211124113000000,sz.000089,7.1700,7.1900,7.1700,7.1900,852100,6115431.0000,3
2021-11-24,20211124140000000,sz.000089,7.1900,7.2200,7.1800,7.2000,1125000,8102033.0000,3
2021-11-24,20211124150000000,sz.000089,7.2000,7.2100,7.1900,7.2000,1233031,8877787.0000,3
2021-11-25,20211125103000000,sz.000089,7.2000,7.2000,7.1700,7.1900,2075600,14912277.0000,3
2021-11-25,20211125113000000,sz.000089,7.1900,7.2000,7.1800,7.2000,550572,3958419.0000,3
2021-11-25,20211125140000000,sz.000089,7.2000,7.2100,7.1800,7.2000,1128000,8110496.0000,3
2021-11-25,20211125150000000,sz.000089,7.2000,7.2100,7.1800,7.2000,1256028,9036964.0000,3
2021-11-26,20211126103000000,sz.000089,7.1800,7.1800,7.1000,7.1400,4141300,29539776.0000,3
2021-11-26,20211126113000000,sz.000089,7.1500,7.1500,7.1300,7.1500,942001,6728812.0000,3
2021-11-26,20211126140000000,sz.000089,7.1500,7.1500,7.1100,7.1400,1458399,10399335.0000,3
2021-11-26,20211126150000000,sz.000089,7.1400,7.1700,7.1300,7.1500,1859500,13291011.0000,3
2021-11-29,20211129103000000,sz.000089,7.0100,7.0500,6.9700,7.0400,7767621,54448128.0000,3
2021-11-29,20211129113000000,sz.000089,7.0400,7.0500,7.0200,7.0400,1086600,7645882.0000,3
2021-11-29,20211129140000000,sz.000089,7.0400,7.0400,7.0000,7.0200,2158300,15140270.0000,3
2021-11-29,20211129150000000,sz.000089,7.0300,7.0300,7.0000,7.0100,2251800,15787105.0000,3
2021-11-30,20211130103000000,sz.000089,7.0200,7.2900,7.0200,7.1000,9008089,64571706.0000,3
2021-11-30,20211130113000000,sz.000089,7.1000,7.1100,7.0600,7.0600,1999500,14167420.0000,3
2021-11-30,20211130140000000,sz.000089,7.0600,7.1000,7.0600,7.0700,1148200,8128740.0000,3
2021-11-30,20211130150000000,sz.000089,7.0700,7.1000,7.0500,7.0800,1961500,13872200.0000,3
2021-12-01,20211201103000000,sz.000089,7.0100,7.0900,6.9600,7.0900,5182100,36398217.0000,3
2021-12-01,20211201113000000,sz.000089,7.0800,7.1000,7.0600,7.1000,1260300,8921077.0000,3
2021-12-01,20211201140000000,sz.000089,7.1000,7.1000,7.0700,7.0800,697200,4940118.0000,3
2021-12-01,20211201150000000,sz.000089,7.0800,7.1000,7.0800,7.0900,1412615,10015902.0000,3
2021-12-02,20211202103000000,sz.000089,7.0900,7.1300,7.0300,7.1000,2250800,15960389.0000,3
2021-12-02,20211202113000000,sz.000089,7.1000,7.1100,7.0800,7.0900,940800,6672511.0000,3
2021-12-02,20211202140000000,sz.000089,7.1000,7.1100,7.0900,7.1000,848378,6023178.0000,3
2021-12-02,20211202150000000,sz.000089,7.1000,7.1000,7.0700,7.0800,1198547,8492717.0000,3
2021-12-03,20211203103000000,sz.000089,7.1300,7.1600,7.1200,7.1300,3557436,25408343.0000,3
2021-12-03,20211203113000000,sz.000089,7.1300,7.1400,7.1100,7.1400,962900,6856640.0000,3
2021-12-03,20211203140000000,sz.000089,7.1300,7.1500,7.1300,7.1400,815568,5820718.0000,3
2021-12-03,20211203150000000,sz.000089,7.1400,7.1500,7.1300,7.1400,1809100,12911692.0000,3
2021-12-06,20211206103000000,sz.000089,7.1400,7.1500,7.1000,7.1300,2419200,17209648.0000,3
2021-12-06,20211206113000000,sz.000089,7.1300,7.1700,7.1200,7.1700,1749368,12502423.0000,3
2021-12-06,20211206140000000,sz.000089,7.1600,7.2000,7.1400,7.1600,1792102,12853611.0000,3
2021-12-06,20211206150000000,sz.000089,7.1400,7.1700,7.1400,7.1700,1561486,11174034.0000,3
2021-12-07,20211207103000000,sz.000089,7.2200,7.3000,7.1900,7.2500,9240746,66956837.0000,3
2021-12-07,20211207113000000,sz.000089,7.2500,7.2900,7.2300,7.2600,2586600,18763400.0000,3
2021-12-07,20211207140000000,sz.000089,7.2700,7.2700,7.2500,7.2700,1785219,12961027.0000,3
2021-12-07,20211207150000000,sz.000089,7.2700,7.3000,7.2500,7.2600,4337651,31588606.0000,3
2021-12-08,20211208103000000,sz.000089,7.3000,7.3100,7.2100,7.2800,4234753,30732878.0000,3
2021-12-08,20211208113000000,sz.000089,7.2800,7.3100,7.2500,7.2800,3621802,26404339.0000,3
2021-12-08,20211208140000000,sz.000089,7.2800,7.3000,7.2600,7.2900,1894700,13797294.0000,3
2021-12-08,20211208150000000,sz.000089,7.2900,7.3000,7.2600,7.3000,3577280,26068242.0000,3
2021-12-09,20211209103000000,sz.000089,7.2800,7.3800,7.2700,7.3100,3616083,26531311.0000,3
2021-12-09,20211209113000000,sz.000089,7.3100,7.3500,7.3000,7.3500,1157994,8477988.0000,3
2021-12-09,20211209140000000,sz.000089,7.3200,7.3500,7.3100,7.3200,994807,7291719.0000,3
2021-12-09,20211209150000000,sz.000089,7.3100,7.3400,7.3100,7.3300,1553200,11376261.0000,3
2021-12-10,20211210103000000,sz.000089,7.3000,7.3000,7.2600,7.2800,1935499,14082098.0000,3
2021-12-10,20211210113000000,sz.000089,7.2800,7.3100,7.2600,7.3100,1539265,11218364.0000,3
2021-12-10,20211210140000000,sz.000089,7.3000,7.3100,7.2800,7.3000,1570700,11461917.0000,3
2021-12-10,20211210150000000,sz.000089,7.3100,7.3300,7.2800,7.3000,2256600,16493967.0000,3
2021-12-13,20211213103000000,sz.000089,7.3000,7.3000,7.2400,7.2600,2149600,15611128.0000,3
2021-12-13,20211213113000000,sz.000089,7.2600,7.2900,7.2500,7.2600,942200,6847260.0000,3
2021-12-13,20211213140000000,sz.000089,7.2600,7.2800,7.2400,7.2700,1595501,11571982.0000,3
2021-12-13,20211213150000000,sz.000089,7.2600,7.3000,7.2600,7.2600,1928992,14051322.0000,3
2021-12-14,20211214103000000,sz.000089,7.2200,7.2600,7.2100,7.2300,1660100,12012796.0000,3
2021-12-14,20211214113000000,sz.000089,7.2300,7.2800,7.2200,7.2800,1649501,11957410.0000,3
2021-12-14,20211214140000000,sz.000089,7.2700,7.2900,7.2500,7.2700,1083490,7876951.0000,3
2021-12-14,20211214150000000,sz.000089,7.2700,7.2800,7.2400,7.2500,923700,6701471.0000,3
2021-12-15,20211215103000000,sz.000089,7.2300,7.2500,7.2000,7.2100,2455000,17723688.0000,3
2021-12-15,20211215113000000,sz.000089,7.2100,7.2200,7.1800,7.2100,2213800,15931671.0000,3
2021-12-15,20211215140000000,sz.000089,7.2100,7.2100,7.1700,7.1800,2017800,14497194.0000,3
2021-12-15,20211215150000000,sz.000089,7.1800,7.1800,7.1500,7.1600,2566516,18387395.0000,3
2021-12-16,20211216103000000,sz.000089,7.1900,7.1900,7.1400,7.1600,1588183,11362625.0000,3
2021-12-16,20211216113000000,sz.000089,7.1600,7.1800,7.1600,7.1800,830000,5949945.0000,3
2021-12-16,20211216140000000,sz.000089,7.1800,7.1900,7.1500,7.1700,865600,6204064.0000,3
2021-12-16,20211216150000000,sz.000089,7.1700,7.2000,7.1600,7.1900,1319537,9475033.0000,3
2021-12-17,20211217103000000,sz.000089,7.1700,7.1800,7.1500,7.1600,1379190,9886237.0000,3
2021-12-17,20211217113000000,sz.000089,7.1600,7.1900,7.1500,7.1700,1159000,8310663.0000,3
2021-12-17,20211217140000000,sz.000089,7.1700,7.1800,7.1500,7.1800,694517,4978210.0000,3
2021-12-17,20211217150000000,sz.000089,7.1700,7.1800,7.1500,7.1500,2080400,14893602.0000,3
2021-12-20,20211220103000000,sz.000089,7.1300,7.1600,7.1000,7.1300,2813410,20059303.0000,3
2021-12-20,20211220113000000,sz.000089,7.1300,7.1500,7.1100,7.1300,1523200,10861947.0000,3
2021-12-20,20211220140000000,sz.000089,7.1300,7.1500,7.1200,7.1300,1286100,9172750.0000,3
2021-12-20,20211220150000000,sz.000089,7.1200,7.1500,7.0900,7.1300,2515401,17907294.0000,3
2021-12-21,20211221103000000,sz.000089,7.1300,7.1700,7.1000,7.1600,1469500,10509722.0000,3
2021-12-21,20211221113000000,sz.000089,7.1600,7.1900,7.1600,7.1900,1649999,11836982.0000,3
2021-12-21,20211221140000000,sz.000089,7.1900,7.2200,7.1800,7.2100,1872755,13483423.0000,3
2021-12-21,20211221150000000,sz.000089,7.2100,7.2100,7.1800,7.2000,1371900,9876062.0000,3
2021-12-22,20211222103000000,sz.000089,7.2300,7.2500,7.2000,7.2200,2506024,18119971.0000,3
2021-12-22,20211222113000000,sz.000089,7.2200,7.2500,7.2100,7.2500,1358600,9831938.0000,3
2021-12-22,20211222140000000,sz.000089,7.2500,7.2600,7.2200,7.2400,1512641,10953005.0000,3
2021-12-22,20211222150000000,sz.000089,7.2400,7.2600,7.2200,7.2600,2076093,15044986.0000,3
2021-12-23,20211223103000000,sz.000089,7.2500,7.2500,7.2100,7.2200,1564041,11304998.0000,3
2021-12-23,20211223113000000,sz.000089,7.2200,7.2400,7.2000,7.2100,706759,5100372.0000,3
2021-12-23,20211223140000000,sz.000089,7.2000,7.2100,7.1700,7.1900,1387400,9973459.0000,3
2021-12-23,20211223150000000,sz.000089,7.2000,7.2100,7.1800,7.2000,886075,6371928.0000,3
2021-12-24,20211224103000000,sz.000089,7.1700,7.2000,7.1600,7.1600,1329198,9534112.0000,3
2021-12-24,20211224113000000,sz.000089,7.1600,7.1900,7.1600,7.1900,903793,6481380.0000,3
2021-12-24,20211224140000000,sz.000089,7.1900,7.2300,7.1800,7.2100,1194686,8613853.0000,3
2021-12-24,20211224150000000,sz.000089,7.2100,7.2200,7.2000,7.2100,1288200,9292659.0000,3
2021-12-27,20211227103000000,sz.000089,7.2100,7.2300,7.1800,7.2000,2950135,21230237.0000,3
2021-12-27,20211227113000000,sz.000089,7.2000,7.2400,7.2000,7.2200,1681237,12136610.0000,3
2021-12-27,20211227140000000,sz.000089,7.2200,7.2400,7.2100,7.2200,2048900,14808253.0000,3
2021-12-27,20211227150000000,sz.000089,7.2200,7.2600,7.2200,7.2300,2548075,18451363.0000,3
2021-12-28,20211228103000000,sz.000089,7.2300,7.2800,7.2200,7.2600,2989800,21707484.0000,3
2021-12-28,20211228113000000,sz.000089,7.2500,7.2600,7.2300,7.2400,983900,7120359.0000,3
2021-12-28,20211228140000000,sz.000089,7.2400,7.2500,7.2200,7.2300,1010178,7309376.0000,3
2021-12-28,20211228150000000,sz.000089,7.2300,7.2500,7.2200,7.2300,1569200,11348442.0000,3
2021-12-29,20211229103000000,sz.000089,7.2200,7.3100,7.2200,7.2900,4046096,29413275.0000,3
2021-12-29,20211229113000000,sz.000089,7.2900,7.3500,7.2800,7.3100,5445451,39891786.0000,3
2021-12-29,20211229140000000,sz.000089,7.3100,7.3100,7.2700,7.2700,1086035,7914996.0000,3
2021-12-29,20211229150000000,sz.000089,7.2700,7.3200,7.2700,7.3100,2633673,19220144.0000,3
2021-12-30,20211230103000000,sz.000089,7.2800,7.3600,7.2700,7.3500,5323454,38991204.0000,3
2021-12-30,20211230113000000,sz.000089,7.3500,7.3500,7.3100,7.3300,955700,7000006.0000,3
2021-12-30,20211230140000000,sz.000089,7.3300,7.3400,7.3100,7.3300,849000,6218261.0000,3
2021-12-30,20211230150000000,sz.000089,7.3300,7.3400,7.3200,7.3300,1542456,11304433.0000,3
2021-12-31,20211231103000000,sz.000089,7.3500,7.3500,7.2800,7.3000,2067800,15104174.0000,3
2021-12-31,20211231113000000,sz.000089,7.2900,7.3200,7.2800,7.3200,1235300,9007837.0000,3
2021-12-31,20211231140000000,sz.000089,7.3200,7.3400,7.3100,7.3200,878518,6430572.0000,3
2021-12-31,20211231150000000,sz.000089,7.3200,7.3300,7.3100,7.3200,1491800,10926118.0000,3
