date,time,code,open,high,low,close,volume,amount,adjustflag
2021-01-04,20210104103000000,sz.002756,55.3000,57.0500,54.3600,56.7400,7477505,417065904.0000,3
2021-01-04,20210104113000000,sz.002756,56.7400,56.7400,53.0000,54.0700,4489120,245211920.0000,3
2021-01-04,20210104140000000,sz.002756,54.2000,59.6400,54.2000,58.7000,5563561,315699872.0000,3
2021-01-04,20210104150000000,sz.002756,58.7000,59.6400,57.5300,58.0000,2515620,147883264.0000,3
2021-01-05,20210105103000000,sz.002756,57.0000,59.6000,56.5000,57.9800,6963459,405457072.0000,3
2021-01-05,20210105113000000,sz.002756,57.8000,59.1500,57.0300,59.0800,2617931,151937072.0000,3
2021-01-05,20210105140000000,sz.002756,59.0800,63.8000,58.8000,63.7800,7240116,454656080.0000,3
2021-01-05,20210105150000000,sz.002756,63.7800,63.8000,63.3100,63.8000,1772373,112962656.0000,3
2021-01-06,20210106103000000,sz.002756,67.0000,67.6000,57.5100,60.6600,13196787,813692576.0000,3
2021-01-06,20210106113000000,sz.002756,60.6600,60.7500,58.9900,60.6900,2021910,120967280.0000,3
2021-01-06,20210106140000000,sz.002756,60.6900,60.6900,58.2000,60.1400,2766174,164138304.0000,3
2021-01-06,20210106150000000,sz.002756,60.3300,62.4100,59.3400,62.4100,3709530,223486944.0000,3
2021-01-07,20210107103000000,sz.002756,62.0000,65.8000,60.0200,65.7000,9860539,620765072.0000,3
2021-01-07,20210107113000000,sz.002756,65.7200,66.5400,63.9900,64.3700,2585834,168849168.0000,3
2021-01-07,20210107140000000,sz.002756,64.4400,65.3400,61.3100,61.5800,3706483,232897424.0000,3
2021-01-07,20210107150000000,sz.002756,61.5600,64.2000,61.5000,63.3500,2633964,165707280.0000,3
2021-01-08,20210108103000000,sz.002756,62.1800,63.3400,57.0700,58.4900,11758748,694371296.0000,3
2021-01-08,20210108113000000,sz.002756,58.5000,59.7000,57.1900,57.2800,2924582,170352912.0000,3
2021-01-08,20210108140000000,sz.002756,57.2000,60.0000,57.0200,60.0000,3229361,188433616.0000,3
2021-01-08,20210108150000000,sz.002756,60.0000,61.4800,58.7600,58.8700,2951834,178113120.0000,3
2021-01-11,20210111103000000,sz.002756,60.2000,63.2600,60.2000,63.1000,10380041,644221648.0000,3
2021-01-11,20210111113000000,sz.002756,63.1000,63.2300,60.5700,60.7500,2713599,168522656.0000,3
2021-01-11,20210111140000000,sz.002756,60.6100,61.6800,58.0000,59.8500,2760906,164349920.0000,3
2021-01-11,20210111150000000,sz.002756,59.9400,59.9600,57.7300,57.9000,2469674,144481936.0000,3
2021-01-12,20210112103000000,sz.002756,57.7500,60.4000,57.0000,59.1200,5077245,298489840.0000,3
2021-01-12,20210112113000000,sz.002756,59.0800,62.3700,58.3600,62.0000,4780174,289277600.0000,3
2021-01-12,20210112140000000,sz.002756,62.0000,63.6900,61.9100,63.6900,4104373,259052368.0000,3
2021-01-12,20210112150000000,sz.002756,63.6900,63.6900,63.6900,63.6900,1051453,66967040.0000,3
2021-01-13,20210113103000000,sz.002756,64.0100,67.2800,62.0000,63.7800,8596359,559944208.0000,3
2021-01-13,20210113113000000,sz.002756,63.7800,63.8300,59.6900,61.8800,3977230,244080336.0000,3
2021-01-13,20210113140000000,sz.002756,61.8800,62.3600,59.9700,60.8000,3348466,204162864.0000,3
2021-01-13,20210113150000000,sz.002756,60.8400,62.0000,60.5000,61.7700,2610917,160413296.0000,3
2021-01-14,20210114103000000,sz.002756,58.8800,59.9800,55.5900,57.3900,8907043,506645408.0000,3
2021-01-14,20210114113000000,sz.002756,57.3900,58.1700,55.8000,56.4000,3574728,203495504.0000,3
2021-01-14,20210114140000000,sz.002756,56.3900,56.3900,55.5900,55.5900,2686942,149613168.0000,3
2021-01-14,20210114150000000,sz.002756,55.5900,55.6100,55.5900,55.5900,1115500,62012496.0000,3
2021-01-15,20210115103000000,sz.002756,55.9300,55.9300,50.0300,53.0800,9915626,527676800.0000,3
2021-01-15,20210115113000000,sz.002756,53.1000,53.7800,52.6000,52.9800,1881755,100057712.0000,3
2021-01-15,20210115140000000,sz.002756,52.8100,56.2500,51.8800,56.2500,3117314,166534704.0000,3
2021-01-15,20210115150000000,sz.002756,56.3400,59.3200,55.9000,57.7000,4358721,251104880.0000,3
2021-01-18,20210118103000000,sz.002756,55.3500,57.5100,53.6800,56.0600,7353643,408950064.0000,3
2021-01-18,20210118113000000,sz.002756,56.0000,56.7800,54.1600,54.5200,3484596,193515968.0000,3
2021-01-18,20210118140000000,sz.002756,54.8000,55.4100,53.5500,55.3900,4454947,241729520.0000,3
2021-01-18,20210118150000000,sz.002756,55.3900,57.0000,54.4000,55.3000,5022855,278852144.0000,3
2021-01-19,20210119103000000,sz.002756,55.2900,57.1300,54.1300,56.3900,5632093,315495648.0000,3
2021-01-19,20210119113000000,sz.002756,56.3900,60.0100,56.3800,57.7100,7635764,443046032.0000,3
2021-01-19,20210119140000000,sz.002756,57.7400,57.7400,55.4900,55.4900,1447866,81629264.0000,3
2021-01-19,20210119150000000,sz.002756,55.4800,56.3600,54.5000,56.3600,2252814,124806240.0000,3
2021-01-20,20210120103000000,sz.002756,56.0000,60.2500,56.0000,59.8300,7979137,470304336.0000,3
2021-01-20,20210120113000000,sz.002756,59.8300,59.8800,58.2000,58.5400,1889383,111542944.0000,3
2021-01-20,20210120140000000,sz.002756,58.5400,61.3100,58.4100,61.0100,2913811,175072208.0000,3
2021-01-20,20210120150000000,sz.002756,61.0100,62.0000,61.0100,62.0000,1922562,119076576.0000,3
2021-01-21,20210121103000000,sz.002756,62.5000,63.9900,60.3000,60.6600,6151353,382229392.0000,3
2021-01-21,20210121113000000,sz.002756,60.6600,63.7900,60.6600,63.3000,3145276,196936432.0000,3
2021-01-21,20210121140000000,sz.002756,63.3000,65.4400,62.5000,65.4100,3074199,195823840.0000,3
2021-01-21,20210121150000000,sz.002756,65.4100,65.4400,63.1000,65.2000,3829310,245545296.0000,3
2021-01-22,20210122103000000,sz.002756,63.8100,66.7800,62.6600,64.5700,6152292,396858208.0000,3
2021-01-22,20210122113000000,sz.002756,64.7000,66.6600,63.6200,66.5000,2508077,163262112.0000,3
2021-01-22,20210122140000000,sz.002756,66.5000,68.6800,66.5000,67.1500,3469586,234524544.0000,3
2021-01-22,20210122150000000,sz.002756,67.2000,67.5200,65.6500,65.8000,2974647,198340160.0000,3
2021-01-25,20210125103000000,sz.002756,65.8500,69.2900,65.0100,67.0000,6403675,427914736.0000,3
2021-01-25,20210125113000000,sz.002756,67.0000,67.5500,65.8100,67.1000,2594349,173066160.0000,3
2021-01-25,20210125140000000,sz.002756,66.9200,67.4200,62.3100,62.5000,5003175,324157456.0000,3
2021-01-25,20210125150000000,sz.002756,62.5000,64.0500,59.2800,59.4900,6907969,421067008.0000,3
2021-01-26,20210126103000000,sz.002756,59.5200,61.7700,58.6000,60.0000,8973914,540234352.0000,3
2021-01-26,20210126113000000,sz.002756,59.9800,60.1000,56.0000,56.2000,6129422,351563984.0000,3
2021-01-26,20210126140000000,sz.002756,56.1800,58.5500,54.0200,57.6200,3691848,206703584.0000,3
2021-01-26,20210126150000000,sz.002756,57.7200,58.4700,56.0000,56.9200,1705373,97615008.0000,3
2021-01-27,20210127103000000,sz.002756,57.5000,57.9900,51.2300,52.9700,10735026,573997040.0000,3
2021-01-27,20210127113000000,sz.002756,52.9800,54.7900,52.7500,54.1100,3239488,175108512.0000,3
2021-01-27,20210127140000000,sz.002756,54.1100,55.1400,53.9300,54.3500,3310030,180143776.0000,3
2021-01-27,20210127150000000,sz.002756,54.3600,55.0000,54.0700,54.5000,2645067,143988128.0000,3
2021-01-28,20210128103000000,sz.002756,54.0000,56.5500,53.1000,54.7200,6773781,373548384.0000,3
2021-01-28,20210128113000000,sz.002756,54.7300,54.7300,53.5100,54.1400,1681571,91246880.0000,3
2021-01-28,20210128140000000,sz.002756,54.1500,54.9000,53.1800,53.5800,1927800,103811888.0000,3
2021-01-28,20210128150000000,sz.002756,53.6000,53.9900,52.3300,52.4500,2437144,129306256.0000,3
2021-01-29,20210129103000000,sz.002756,53.4900,54.0800,47.7000,48.4300,12020324,603871552.0000,3
2021-01-29,20210129113000000,sz.002756,48.1900,49.1200,47.9600,49.0000,3362510,162658960.0000,3
2021-01-29,20210129140000000,sz.002756,49.0000,49.5000,48.2300,48.2300,1720761,83936848.0000,3
2021-01-29,20210129150000000,sz.002756,48.2300,49.0100,47.2100,48.1100,4047826,193367360.0000,3
2021-02-01,20210201103000000,sz.002756,49.5400,51.9700,48.9800,50.3000,8396762,424244112.0000,3
2021-02-01,20210201113000000,sz.002756,50.3700,50.4000,48.8400,49.4500,3663944,181827456.0000,3
2021-02-01,20210201140000000,sz.002756,49.4500,50.0000,49.2200,49.4100,1531911,76032208.0000,3
2021-02-01,20210201150000000,sz.002756,49.4100,49.8900,49.0600,49.5900,2120002,104952256.0000,3
2021-02-02,20210202103000000,sz.002756,49.6600,49.9100,48.2300,49.2200,4630569,227025447.0000,3
2021-02-02,20210202113000000,sz.002756,49.2200,50.1000,49.0800,50.0800,2803016,139144953.0000,3
2021-02-02,20210202140000000,sz.002756,50.2000,51.6600,50.1800,51.5100,5539183,282022864.0000,3
2021-02-02,20210202150000000,sz.002756,51.5100,52.5800,50.7600,52.2800,6222353,321526768.0000,3
2021-02-03,20210203103000000,sz.002756,52.0400,52.8100,49.2000,49.6600,10701456,545479056.0000,3
2021-02-03,20210203113000000,sz.002756,49.6400,50.7000,47.3900,50.6900,7060744,343467216.0000,3
2021-02-03,20210203140000000,sz.002756,50.7500,50.7500,48.4600,48.6600,3219195,158475840.0000,3
2021-02-03,20210203150000000,sz.002756,48.6800,49.9500,48.5000,49.3000,2431453,119224560.0000,3
2021-02-04,20210204103000000,sz.002756,49.3000,49.3000,45.5500,45.6000,7619651,357592512.0000,3
2021-02-04,20210204113000000,sz.002756,45.6700,46.0000,44.8000,45.0700,3828126,173585168.0000,3
2021-02-04,20210204140000000,sz.002756,45.0800,46.0000,44.7600,45.0800,2771100,125173792.0000,3
2021-02-04,20210204150000000,sz.002756,45.0600,46.0600,44.9900,45.4100,3747845,171167152.0000,3
2021-02-05,20210205103000000,sz.002756,45.9900,46.0400,43.5000,43.5000,6528832,293014992.0000,3
2021-02-05,20210205113000000,sz.002756,43.5000,43.8800,41.9500,42.4900,5406683,232064720.0000,3
2021-02-05,20210205140000000,sz.002756,42.4800,43.4200,42.2200,43.2800,2055363,87968096.0000,3
2021-02-05,20210205150000000,sz.002756,43.3300,43.4500,42.2900,42.8500,2394348,102323904.0000,3
2021-02-08,20210208103000000,sz.002756,43.0000,43.1400,41.3900,42.5000,4552218,191657576.0000,3
2021-02-08,20210208113000000,sz.002756,42.5000,44.0500,42.4600,43.2800,4553479,197493160.0000,3
2021-02-08,20210208140000000,sz.002756,43.2800,43.3300,42.5300,42.7300,2126082,91030128.0000,3
2021-02-08,20210208150000000,sz.002756,42.7300,43.5500,42.7200,42.9000,3270151,141018864.0000,3
2021-02-09,20210209103000000,sz.002756,42.7800,45.1100,42.7700,44.8700,5615739,246999469.0000,3
2021-02-09,20210209113000000,sz.002756,44.8900,45.2900,44.4800,44.8900,2062059,92675059.0000,3
2021-02-09,20210209140000000,sz.002756,44.8800,46.2000,44.7900,45.2400,3249776,147971456.0000,3
2021-02-09,20210209150000000,sz.002756,45.2500,45.4500,44.7500,44.8000,2282985,102848992.0000,3
2021-02-10,20210210103000000,sz.002756,45.0000,45.0900,41.8000,42.6800,5042647,215355729.0000,3
2021-02-10,20210210113000000,sz.002756,42.7200,44.0500,42.6700,43.9800,1891315,82220479.0000,3
2021-02-10,20210210140000000,sz.002756,43.9900,44.3600,43.6000,43.8800,1503266,66059392.0000,3
2021-02-10,20210210150000000,sz.002756,43.8600,44.8000,43.6000,43.8000,3076955,135532096.0000,3
2021-02-18,20210218103000000,sz.002756,45.5000,46.1000,43.7700,44.2900,6404368,288534240.0000,3
2021-02-18,20210218113000000,sz.002756,44.2900,44.7200,43.8900,44.4800,1562344,69279696.0000,3
2021-02-18,20210218140000000,sz.002756,44.4000,46.6600,44.0200,46.6000,2350416,106881504.0000,3
2021-02-18,20210218150000000,sz.002756,46.6000,48.1800,46.0100,47.4500,6788462,321742816.0000,3
2021-02-19,20210219103000000,sz.002756,46.0000,46.0000,43.6800,43.7700,6010264,267646524.0000,3
2021-02-19,20210219113000000,sz.002756,43.7700,44.2600,43.0100,43.9900,2453499,106971540.0000,3
2021-02-19,20210219140000000,sz.002756,43.9900,45.3600,43.5100,44.9500,2143767,95038928.0000,3
2021-02-19,20210219150000000,sz.002756,44.9600,44.9600,44.3800,44.7500,2112173,94123968.0000,3
2021-02-22,20210222103000000,sz.002756,45.0000,49.2300,45.0000,48.3700,12773167,609560304.0000,3
2021-02-22,20210222113000000,sz.002756,48.5000,48.8600,47.8200,48.3900,3656666,176160144.0000,3
2021-02-22,20210222140000000,sz.002756,48.4000,49.2300,48.2600,48.8000,4507427,220480288.0000,3
2021-02-22,20210222150000000,sz.002756,48.8000,48.8100,48.0000,48.4600,3297806,159562064.0000,3
2021-02-23,20210223103000000,sz.002756,47.0000,47.0000,44.7000,46.3500,6088112,279345984.0000,3
2021-02-23,20210223113000000,sz.002756,46.3800,47.9700,46.1700,47.9400,1865833,87717664.0000,3
2021-02-23,20210223140000000,sz.002756,47.9400,49.5000,47.2600,49.1800,2914519,140637856.0000,3
2021-02-23,20210223150000000,sz.002756,49.1500,49.1800,47.4900,48.0600,2434385,117305584.0000,3
2021-02-24,20210224103000000,sz.002756,47.5300,49.4800,46.6100,47.0200,4837475,231960619.0000,3
2021-02-24,20210224113000000,sz.002756,47.0300,47.0700,45.1500,45.2600,3764744,172128373.0000,3
2021-02-24,20210224140000000,sz.002756,45.3600,45.7800,44.6900,44.9700,1476719,66684464.0000,3
2021-02-24,20210224150000000,sz.002756,44.9600,44.9900,43.7300,44.5500,3555962,157112016.0000,3
2021-02-25,20210225103000000,sz.002756,45.6500,46.0000,42.1100,43.9500,5282973,230045138.0000,3
2021-02-25,20210225113000000,sz.002756,43.9900,44.4400,43.1600,43.2400,1289587,56619614.0000,3
2021-02-25,20210225140000000,sz.002756,43.2500,43.9800,42.0600,42.1000,3251101,139221120.0000,3
2021-02-25,20210225150000000,sz.002756,42.0600,42.2200,41.6100,41.9100,3142650,131711296.0000,3
2021-02-26,20210226103000000,sz.002756,39.7000,40.9800,38.7000,40.4600,7702783,305743504.0000,3
2021-02-26,20210226113000000,sz.002756,40.4700,40.8400,39.1200,39.1400,2597683,103481504.0000,3
2021-02-26,20210226140000000,sz.002756,39.1300,39.9900,38.8800,39.0800,2946672,115723280.0000,3
2021-02-26,20210226150000000,sz.002756,39.0800,39.7900,38.8600,38.9500,3712837,145450720.0000,3
2021-03-01,20210301103000000,sz.002756,39.3800,41.2800,38.9400,40.7300,5608076,225202299.0000,3
2021-03-01,20210301113000000,sz.002756,40.7100,41.4000,40.4400,41.0800,2043432,83610101.0000,3
2021-03-01,20210301140000000,sz.002756,41.0700,41.5700,40.6000,40.6100,2039154,83689968.0000,3
2021-03-01,20210301150000000,sz.002756,40.6100,41.4400,40.5900,41.3500,2411233,99201600.0000,3
2021-03-02,20210302103000000,sz.002756,41.8200,41.8500,39.8600,41.3500,5174472,211476565.0000,3
2021-03-02,20210302113000000,sz.002756,41.3500,41.3500,40.5000,41.0000,1113434,45403733.0000,3
2021-03-02,20210302140000000,sz.002756,41.0000,41.1800,40.3500,40.3600,927224,37631622.0000,3
2021-03-02,20210302150000000,sz.002756,40.3600,40.8900,40.2400,40.5900,1377310,55832880.0000,3
2021-03-03,20210303103000000,sz.002756,40.6000,41.1700,40.0400,40.1600,3127381,126616906.0000,3
2021-03-03,20210303113000000,sz.002756,40.0900,43.3500,40.0500,43.3300,5305028,221638950.0000,3
2021-03-03,20210303140000000,sz.002756,43.3800,44.2900,42.7200,43.0200,2770398,120445072.0000,3
2021-03-03,20210303150000000,sz.002756,43.0200,43.3000,42.9000,43.0000,1655314,71346352.0000,3
2021-03-04,20210304103000000,sz.002756,41.9500,42.2100,40.9400,40.9500,5479409,227972382.0000,3
2021-03-04,20210304113000000,sz.002756,40.9600,40.9600,38.9500,39.6600,3837831,152876578.0000,3
2021-03-04,20210304140000000,sz.002756,39.6600,40.0100,39.0200,39.0200,1843283,72523504.0000,3
2021-03-04,20210304150000000,sz.002756,39.0200,39.3500,38.7000,38.7000,4860070,188776560.0000,3
2021-03-05,20210305103000000,sz.002756,39.0100,40.6400,38.2600,40.0700,8291733,325907696.0000,3
2021-03-05,20210305113000000,sz.002756,40.0800,41.5300,39.7600,40.7800,2666618,108718880.0000,3
2021-03-05,20210305140000000,sz.002756,40.7800,40.8400,39.7200,40.5000,1468181,59074048.0000,3
2021-03-05,20210305150000000,sz.002756,40.5000,40.6100,40.0300,40.2000,1517800,61160640.0000,3
2021-03-08,20210308103000000,sz.002756,40.2800,40.8800,39.2100,39.5200,4418468,176464812.0000,3
2021-03-08,20210308113000000,sz.002756,39.5100,40.0900,38.8900,39.5200,2785800,109542516.0000,3
2021-03-08,20210308140000000,sz.002756,39.5400,41.5000,39.2100,41.4300,3509512,140928800.0000,3
2021-03-08,20210308150000000,sz.002756,41.4600,41.8600,39.8900,40.0000,4385146,178774992.0000,3
2021-03-09,20210309103000000,sz.002756,40.4700,41.9900,37.9800,41.1500,7720035,308595808.0000,3
2021-03-09,20210309113000000,sz.002756,41.2000,44.0000,40.8800,44.0000,7649627,328848800.0000,3
2021-03-09,20210309140000000,sz.002756,44.0000,44.0000,44.0000,44.0000,1742262,76659520.0000,3
2021-03-09,20210309150000000,sz.002756,44.0000,44.0000,42.3700,42.7600,6477153,280928144.0000,3
2021-03-10,20210310103000000,sz.002756,45.0000,46.0000,43.5600,44.5200,14224693,635827440.0000,3
2021-03-10,20210310113000000,sz.002756,44.5200,45.2500,44.2500,44.2900,2543990,113401248.0000,3
2021-03-10,20210310140000000,sz.002756,44.2900,44.3900,43.0000,43.3400,3445868,150194224.0000,3
2021-03-10,20210310150000000,sz.002756,43.3400,43.4100,42.1800,42.9100,3421603,146489856.0000,3
2021-03-11,20210311103000000,sz.002756,42.0000,42.4500,39.6200,42.4000,9324557,382299216.0000,3
2021-03-11,20210311113000000,sz.002756,42.4400,44.0000,42.4000,42.8200,4343329,187368704.0000,3
2021-03-11,20210311140000000,sz.002756,42.8200,43.3800,41.9200,42.4100,2132275,90468784.0000,3
2021-03-11,20210311150000000,sz.002756,42.5000,42.9100,41.7000,42.8800,3060751,129201088.0000,3
2021-03-12,20210312103000000,sz.002756,42.5000,42.5000,40.0000,40.3400,7307478,298278992.0000,3
2021-03-12,20210312113000000,sz.002756,40.2700,40.8000,39.8600,40.8000,2620892,105315120.0000,3
2021-03-12,20210312140000000,sz.002756,40.9000,41.1400,40.0900,40.1400,1643117,66740192.0000,3
2021-03-12,20210312150000000,sz.002756,40.1500,40.5600,39.9500,40.5200,2881452,115927744.0000,3
2021-03-15,20210315103000000,sz.002756,40.3600,42.5300,39.6000,41.8200,7672668,316337888.0000,3
2021-03-15,20210315113000000,sz.002756,41.8200,41.8200,40.8500,41.2600,1572602,64978320.0000,3
2021-03-15,20210315140000000,sz.002756,41.2900,41.4600,40.4700,40.6800,1500338,61418096.0000,3
2021-03-15,20210315150000000,sz.002756,40.7000,40.9200,40.4500,40.7300,1550582,63109104.0000,3
2021-03-16,20210316103000000,sz.002756,40.6000,40.8400,39.6600,39.9700,3695744,148457398.0000,3
2021-03-16,20210316113000000,sz.002756,39.9700,40.0500,39.2300,39.8000,1589988,63079106.0000,3
2021-03-16,20210316140000000,sz.002756,39.8000,40.6100,39.6100,40.3200,1051400,42321661.0000,3
2021-03-16,20210316150000000,sz.002756,40.3200,40.5900,40.2000,40.4600,1842437,74508283.0000,3
2021-03-17,20210317103000000,sz.002756,40.5000,43.5000,40.2400,42.4000,7406328,312011008.0000,3
2021-03-17,20210317113000000,sz.002756,42.4200,42.8900,41.5500,41.8200,2217255,93315680.0000,3
2021-03-17,20210317140000000,sz.002756,41.8600,44.0000,41.8600,43.8200,3671113,157806208.0000,3
2021-03-17,20210317150000000,sz.002756,43.8200,44.0900,43.3500,43.4700,3751120,164009984.0000,3
2021-03-18,20210318103000000,sz.002756,43.9000,46.8000,43.9000,45.5200,10710367,489020368.0000,3
2021-03-18,20210318113000000,sz.002756,45.5200,45.7800,45.0300,45.3900,2316461,105283248.0000,3
2021-03-18,20210318140000000,sz.002756,45.3900,46.0000,45.1100,45.6000,1303421,59312592.0000,3
2021-03-18,20210318150000000,sz.002756,45.5800,45.8100,45.4000,45.6600,1613302,73710544.0000,3
2021-03-19,20210319103000000,sz.002756,44.4500,45.2800,43.4000,43.8200,5147788,227906816.0000,3
2021-03-19,20210319113000000,sz.002756,43.8100,43.8400,43.1100,43.7800,1916331,83290528.0000,3
2021-03-19,20210319140000000,sz.002756,43.8000,43.8800,42.9000,43.2300,2108186,91074768.0000,3
2021-03-19,20210319150000000,sz.002756,43.2300,43.6800,43.0500,43.6100,2265952,98073152.0000,3
2021-03-22,20210322103000000,sz.002756,43.6000,45.4900,42.7200,45.0200,5697271,253534064.0000,3
2021-03-22,20210322113000000,sz.002756,45.0400,45.6500,43.7000,45.2600,3374800,150591440.0000,3
2021-03-22,20210322140000000,sz.002756,45.3000,45.6500,44.8700,45.0000,2290815,103599136.0000,3
2021-03-22,20210322150000000,sz.002756,44.9100,45.0300,44.2000,44.7000,1977622,88227968.0000,3
2021-03-23,20210323103000000,sz.002756,44.1300,44.8000,42.2000,42.2200,5142145,221459395.0000,3
2021-03-23,20210323113000000,sz.002756,42.2100,43.1400,41.8900,42.9000,2366100,100501357.0000,3
2021-03-23,20210323140000000,sz.002756,42.9000,42.9500,42.2700,42.3600,881620,37625264.0000,3
2021-03-23,20210323150000000,sz.002756,42.3600,42.3800,41.6100,41.9300,2107846,88518736.0000,3
2021-03-24,20210324103000000,sz.002756,41.8900,42.0800,39.8900,39.9700,3668634,149644398.0000,3
2021-03-24,20210324113000000,sz.002756,39.9800,40.5200,39.9500,40.2800,1197205,48125969.0000,3
2021-03-24,20210324140000000,sz.002756,40.2800,40.2800,39.6700,39.9300,1475200,58862578.0000,3
2021-03-24,20210324150000000,sz.002756,39.9000,39.9000,39.0300,39.5500,2410621,95153375.0000,3
2021-03-25,20210325103000000,sz.002756,39.1400,40.8900,38.6200,40.4000,3742002,148052666.0000,3
2021-03-25,20210325113000000,sz.002756,40.3800,40.5500,39.5000,40.0000,1427700,57084727.0000,3
2021-03-25,20210325140000000,sz.002756,40.0100,40.5600,39.5900,39.7300,1725100,69131551.0000,3
2021-03-25,20210325150000000,sz.002756,39.7400,40.0100,39.5000,39.8000,2069062,82212048.0000,3
2021-03-26,20210326103000000,sz.002756,39.6000,42.4800,39.0300,41.9900,6483244,269325120.0000,3
2021-03-26,20210326113000000,sz.002756,41.9900,43.7800,41.8100,43.7800,5154443,222431232.0000,3
2021-03-26,20210326140000000,sz.002756,43.7800,43.7800,43.4000,43.7800,1896328,82972640.0000,3
2021-03-26,20210326150000000,sz.002756,43.7800,43.7800,43.7800,43.7800,149541,6546896.0000,3
2021-03-29,20210329103000000,sz.002756,45.5600,48.0000,45.4000,47.0900,15723402,736172384.0000,3
2021-03-29,20210329113000000,sz.002756,47.1000,47.6700,46.6000,46.9300,2563751,120708896.0000,3
2021-03-29,20210329140000000,sz.002756,46.9000,47.0000,46.0300,46.2600,2419950,112758640.0000,3
2021-03-29,20210329150000000,sz.002756,46.2500,46.2800,45.4700,45.5800,3992631,182560640.0000,3
2021-03-30,20210330103000000,sz.002756,46.3100,46.5500,44.0100,46.0100,7796436,350763536.0000,3
2021-03-30,20210330113000000,sz.002756,45.9800,48.4000,45.9800,47.5500,6203515,292360592.0000,3
2021-03-30,20210330140000000,sz.002756,47.6200,47.6200,46.4500,46.7000,2180912,102219696.0000,3
2021-03-30,20210330150000000,sz.002756,46.5500,46.8700,46.3500,46.5300,1778021,82924848.0000,3
2021-03-31,20210331103000000,sz.002756,47.1500,48.7800,46.6000,46.9900,7018773,334936528.0000,3
2021-03-31,20210331113000000,sz.002756,46.9600,47.6000,46.4800,46.9700,2415400,113425776.0000,3
2021-03-31,20210331140000000,sz.002756,47.0700,47.0700,46.2700,46.6600,1373301,64032192.0000,3
2021-03-31,20210331150000000,sz.002756,46.6100,46.8500,46.3100,46.4400,1371356,63873584.0000,3
2021-04-01,20210401103000000,sz.002756,46.8500,48.1600,46.5000,47.3000,3270844,154480309.0000,3
2021-04-01,20210401113000000,sz.002756,47.2900,47.3500,46.2200,46.9600,1114722,52034080.0000,3
2021-04-01,20210401140000000,sz.002756,47.0000,47.4900,46.6100,47.2700,1265017,59595654.0000,3
2021-04-01,20210401150000000,sz.002756,47.2600,47.5000,47.0000,47.2500,2228789,105309717.0000,3
2021-04-02,20210402103000000,sz.002756,46.5600,48.1500,46.0000,48.1500,5311177,249268305.0000,3
2021-04-02,20210402113000000,sz.002756,48.1300,48.6600,47.6800,48.2000,2323470,112002975.0000,3
2021-04-02,20210402140000000,sz.002756,48.2000,48.2000,47.6100,48.0700,1152000,55158480.0000,3
2021-04-02,20210402150000000,sz.002756,48.0800,48.0800,47.6800,47.7800,1691698,80874592.0000,3
2021-04-06,20210406103000000,sz.002756,49.0200,50.2100,48.5300,49.7600,5690541,281706176.0000,3
2021-04-06,20210406113000000,sz.002756,49.7600,49.8300,48.2700,48.4600,1418115,69428208.0000,3
2021-04-06,20210406140000000,sz.002756,48.4600,48.5300,47.8900,48.2200,1124293,54183392.0000,3
2021-04-06,20210406150000000,sz.002756,48.2200,48.5000,48.0500,48.2500,1214154,58634656.0000,3
2021-04-07,20210407103000000,sz.002756,47.5000,48.5000,45.2800,45.7600,5936170,277261536.0000,3
2021-04-07,20210407113000000,sz.002756,45.7200,46.3900,45.5600,46.3900,1434473,65797264.0000,3
2021-04-07,20210407140000000,sz.002756,46.3900,47.0300,46.0100,47.0300,1576620,73257552.0000,3
2021-04-07,20210407150000000,sz.002756,47.0300,47.5000,46.7000,47.2700,1483505,69713296.0000,3
2021-04-08,20210408103000000,sz.002756,46.5000,46.8600,45.1000,45.5300,4378206,201330340.0000,3
2021-04-08,20210408113000000,sz.002756,45.5300,46.9700,45.4200,46.6100,1794685,83071532.0000,3
2021-04-08,20210408140000000,sz.002756,46.6200,46.7400,46.1900,46.3600,950628,44130768.0000,3
2021-04-08,20210408150000000,sz.002756,46.3500,46.6500,46.0500,46.2400,1329185,61592864.0000,3
2021-04-09,20210409103000000,sz.002756,46.5100,47.6000,46.1100,47.1600,3210434,150589326.0000,3
2021-04-09,20210409113000000,sz.002756,47.1500,49.1000,47.0300,47.3500,3664868,175757346.0000,3
2021-04-09,20210409140000000,sz.002756,47.3500,47.4000,46.2400,46.9800,1545733,72027552.0000,3
2021-04-09,20210409150000000,sz.002756,46.9000,47.0000,46.3400,46.5500,1258055,58631216.0000,3
2021-04-12,20210412103000000,sz.002756,45.6000,46.5500,44.3000,44.6500,4161447,188398496.0000,3
2021-04-12,20210412113000000,sz.002756,44.6500,44.7000,43.5200,44.3200,3262282,143687904.0000,3
2021-04-12,20210412140000000,sz.002756,44.3200,44.9500,44.0900,44.3000,1018558,45284960.0000,3
2021-04-12,20210412150000000,sz.002756,44.2500,44.4700,43.5200,44.2000,1904104,83550272.0000,3
2021-04-13,20210413103000000,sz.002756,43.6800,44.9000,42.9100,44.6200,3562259,156210918.0000,3
2021-04-13,20210413113000000,sz.002756,44.5800,44.8000,43.9300,43.9500,1012976,44889253.0000,3
2021-04-13,20210413140000000,sz.002756,43.9300,44.0000,43.2300,43.3400,1218700,53005808.0000,3
2021-04-13,20210413150000000,sz.002756,43.3400,43.6400,43.3100,43.6400,925205,40247845.0000,3
2021-04-14,20210414103000000,sz.002756,43.6500,45.3800,42.7000,45.2200,6392979,284189184.0000,3
2021-04-14,20210414113000000,sz.002756,45.2300,47.4700,45.2300,46.2500,3741721,173388560.0000,3
2021-04-14,20210414140000000,sz.002756,46.2100,48.0000,45.6000,48.0000,4630704,220348000.0000,3
2021-04-14,20210414150000000,sz.002756,48.0000,48.0000,48.0000,48.0000,250602,12028896.0000,3
2021-04-15,20210415103000000,sz.002756,48.5100,50.4400,48.5100,49.2100,8338789,413156672.0000,3
2021-04-15,20210415113000000,sz.002756,49.2500,49.5000,48.6000,48.8000,1784891,87423776.0000,3
2021-04-15,20210415140000000,sz.002756,48.8600,49.5400,48.6600,49.3800,1848940,90780064.0000,3
2021-04-15,20210415150000000,sz.002756,49.3800,50.1000,49.2400,49.9900,4065797,202192032.0000,3
2021-04-16,20210416103000000,sz.002756,49.7000,49.8000,48.0300,48.9400,4774135,233076418.0000,3
2021-04-16,20210416113000000,sz.002756,48.9500,49.9900,48.5400,49.6900,1800007,88620494.0000,3
2021-04-16,20210416140000000,sz.002756,49.6900,50.2500,49.3500,49.9900,2068571,103070448.0000,3
2021-04-16,20210416150000000,sz.002756,49.9600,50.2800,49.7000,49.9400,2623435,130997984.0000,3
2021-04-19,20210419103000000,sz.002756,49.5000,52.9800,48.7000,52.9800,6173570,315247632.0000,3
2021-04-19,20210419113000000,sz.002756,52.9700,54.9300,52.6100,54.9300,3769968,203756688.0000,3
2021-04-19,20210419140000000,sz.002756,54.9300,54.9300,54.9300,54.9300,903591,49634256.0000,3
2021-04-19,20210419150000000,sz.002756,54.9300,54.9300,54.9300,54.9300,327316,17979472.0000,3
2021-04-20,20210420103000000,sz.002756,55.8000,60.1000,54.0000,58.7900,10426931,588853408.0000,3
2021-04-20,20210420113000000,sz.002756,58.7800,59.4200,57.5600,58.5000,2971459,173460912.0000,3
2021-04-20,20210420140000000,sz.002756,58.5900,58.8200,56.8300,56.9200,2634018,151906400.0000,3
2021-04-20,20210420150000000,sz.002756,56.9100,57.1700,55.3400,55.5500,5080141,284808320.0000,3
2021-04-21,20210421103000000,sz.002756,55.6800,56.1000,53.7100,55.2500,5734250,313700672.0000,3
2021-04-21,20210421113000000,sz.002756,55.2400,55.7200,54.8700,55.3000,1784700,98664848.0000,3
2021-04-21,20210421140000000,sz.002756,55.3000,55.3300,54.5000,54.7800,1427300,78386224.0000,3
2021-04-21,20210421150000000,sz.002756,54.7500,54.9800,54.4100,54.5700,2161666,118156608.0000,3
2021-04-22,20210422103000000,sz.002756,55.2500,56.6800,54.3100,56.4300,6157993,343023168.0000,3
2021-04-22,20210422113000000,sz.002756,56.4300,58.3400,56.4200,56.9100,3872329,221992240.0000,3
2021-04-22,20210422140000000,sz.002756,56.9300,57.1900,55.0500,55.9500,2382932,133381888.0000,3
2021-04-22,20210422150000000,sz.002756,55.9500,56.4900,55.8100,56.1000,1519770,85224928.0000,3
2021-04-23,20210423103000000,sz.002756,55.7600,59.3400,55.5000,59.0000,5524961,322171136.0000,3
2021-04-23,20210423113000000,sz.002756,58.9900,59.8800,56.8800,57.1000,3894824,227457056.0000,3
2021-04-23,20210423140000000,sz.002756,57.1000,58.1200,56.6600,57.2000,1375500,78619648.0000,3
2021-04-23,20210423150000000,sz.002756,57.1800,58.1500,57.0700,57.9300,1490800,85909728.0000,3
2021-04-26,20210426103000000,sz.002756,57.3000,58.1000,55.7700,56.0000,4864403,276986848.0000,3
2021-04-26,20210426113000000,sz.002756,56.0100,56.6300,55.4000,56.0600,2149118,120444672.0000,3
2021-04-26,20210426140000000,sz.002756,56.1300,56.1300,55.0100,55.3000,2952743,163918656.0000,3
2021-04-26,20210426150000000,sz.002756,55.3000,55.9200,54.5900,55.1900,1774094,97982000.0000,3
2021-04-27,20210427103000000,sz.002756,54.7400,56.4000,53.3600,53.4200,4525842,248530704.0000,3
2021-04-27,20210427113000000,sz.002756,53.4600,53.8000,52.9300,53.3000,2327100,124199680.0000,3
2021-04-27,20210427140000000,sz.002756,53.3000,54.0000,52.7100,53.9600,1919713,102270576.0000,3
2021-04-27,20210427150000000,sz.002756,53.9800,54.9100,53.4500,54.8600,1934256,105452368.0000,3
2021-04-28,20210428103000000,sz.002756,54.3400,58.2300,54.3400,57.5700,6352158,361535408.0000,3
2021-04-28,20210428113000000,sz.002756,57.5700,57.7700,56.2700,56.2700,1699700,96887536.0000,3
2021-04-28,20210428140000000,sz.002756,56.4000,56.9000,56.1600,56.6100,1238531,70120608.0000,3
2021-04-28,20210428150000000,sz.002756,56.6400,57.3000,56.6100,56.9700,1783873,101737664.0000,3
2021-04-29,20210429103000000,sz.002756,56.6800,56.9100,54.5700,55.1100,4428400,244729669.0000,3
2021-04-29,20210429113000000,sz.002756,55.1100,55.1100,53.6000,54.8800,2683854,145814651.0000,3
2021-04-29,20210429140000000,sz.002756,54.9900,57.0500,54.9500,56.2000,3203811,179526160.0000,3
2021-04-29,20210429150000000,sz.002756,56.2200,56.5000,55.1000,55.7000,1983693,110542640.0000,3
2021-04-30,20210430103000000,sz.002756,54.8000,59.3800,54.1300,59.2000,5818113,332187088.0000,3
2021-04-30,20210430113000000,sz.002756,59.2000,61.2000,59.1900,59.2500,3943676,237564944.0000,3
2021-04-30,20210430140000000,sz.002756,59.2300,59.8000,58.5900,59.5000,2163968,127882880.0000,3
2021-04-30,20210430150000000,sz.002756,59.4900,59.6700,58.7000,59.1500,1976935,117074096.0000,3
2021-05-06,20210506103000000,sz.002756,60.1600,62.9000,58.3700,59.6000,6744244,408223696.0000,3
2021-05-06,20210506113000000,sz.002756,59.5800,61.4400,58.9200,61.0600,2854664,172358048.0000,3
2021-05-06,20210506140000000,sz.002756,61.2000,63.6800,61.2000,63.4300,4067056,254997392.0000,3
2021-05-06,20210506150000000,sz.002756,63.4000,65.0700,63.2000,64.9000,6014001,388495648.0000,3
2021-05-07,20210507103000000,sz.002756,63.6000,64.7800,62.4300,64.1000,5864322,372979584.0000,3
2021-05-07,20210507113000000,sz.002756,64.2500,66.8800,63.9800,65.9900,4192163,274470912.0000,3
2021-05-07,20210507140000000,sz.002756,65.9100,66.2100,63.8200,63.8300,3088275,201430880.0000,3
2021-05-07,20210507150000000,sz.002756,63.9000,64.4000,62.4800,62.5800,4591780,291237760.0000,3
2021-05-10,20210510103000000,sz.002756,63.6300,67.3000,62.8000,67.0000,5355811,345814656.0000,3
2021-05-10,20210510113000000,sz.002756,67.3000,68.8400,67.0100,68.8400,3554041,243192512.0000,3
2021-05-10,20210510140000000,sz.002756,68.8400,68.8400,65.7000,65.7200,4887693,330477472.0000,3
2021-05-10,20210510150000000,sz.002756,65.7800,66.6300,64.7400,66.2200,3276918,215686512.0000,3
2021-05-11,20210511103000000,sz.002756,65.7500,66.1500,59.6000,59.6000,10656136,663978144.0000,3
2021-05-11,20210511113000000,sz.002756,59.6000,62.1200,59.6000,60.2500,3246401,196823616.0000,3
2021-05-11,20210511140000000,sz.002756,60.3000,61.2000,59.9600,60.6300,2818680,170336496.0000,3
2021-05-11,20210511150000000,sz.002756,60.6300,60.6300,59.6000,59.6000,2536908,151582400.0000,3
2021-05-12,20210512103000000,sz.002756,60.2000,61.2300,58.6000,60.4100,5382251,322984656.0000,3
2021-05-12,20210512113000000,sz.002756,60.4500,62.0000,60.4100,60.5000,3508542,215511840.0000,3
2021-05-12,20210512140000000,sz.002756,60.5500,60.5500,59.5300,60.1000,2057125,123133872.0000,3
2021-05-12,20210512150000000,sz.002756,60.1000,60.8800,59.9000,60.1700,2217744,133569296.0000,3
2021-05-13,20210513103000000,sz.002756,58.1000,58.3600,55.5600,58.0000,6475234,368647808.0000,3
2021-05-13,20210513113000000,sz.002756,58.0200,59.6700,57.0800,58.9900,1679308,98320896.0000,3
2021-05-13,20210513140000000,sz.002756,58.9000,58.9900,57.5500,57.5500,1176230,68459040.0000,3
2021-05-13,20210513150000000,sz.002756,57.5600,58.0800,57.4700,57.5000,1938320,111882256.0000,3
2021-05-14,20210514103000000,sz.002756,57.5300,59.0000,55.9000,58.2600,4902583,279699232.0000,3
2021-05-14,20210514113000000,sz.002756,58.3000,59.8800,58.2800,58.8600,3998554,236550160.0000,3
2021-05-14,20210514140000000,sz.002756,58.9100,59.5000,57.9100,59.3100,2196160,129164752.0000,3
2021-05-14,20210514150000000,sz.002756,59.3000,59.3100,58.9500,59.1100,1484341,87770752.0000,3
2021-05-17,20210517103000000,sz.002756,59.0800,60.8000,58.0300,58.6000,3937513,233619079.0000,3
2021-05-17,20210517113000000,sz.002756,58.6000,60.4000,58.2000,59.8800,1928105,114158873.0000,3
2021-05-17,20210517140000000,sz.002756,59.9200,59.9900,58.8300,59.0100,1473632,87444224.0000,3
2021-05-17,20210517150000000,sz.002756,59.0100,59.6200,58.8600,59.6000,1593152,94483360.0000,3
2021-05-18,20210518103000000,sz.002756,58.0300,63.1000,58.0000,60.1600,6826670,412957728.0000,3
2021-05-18,20210518113000000,sz.002756,59.9900,60.9700,59.6000,60.5400,1810700,109032768.0000,3
2021-05-18,20210518140000000,sz.002756,60.5500,61.5800,60.4000,61.0200,1501254,91611312.0000,3
2021-05-18,20210518150000000,sz.002756,61.0100,61.0100,60.3000,60.5100,1481003,89702288.0000,3
2021-05-19,20210519103000000,sz.002756,59.3200,62.6200,59.2000,62.2900,4097518,250679485.0000,3
2021-05-19,20210519113000000,sz.002756,62.2800,63.5900,62.1700,63.0500,3291720,207129267.0000,3
2021-05-19,20210519140000000,sz.002756,63.2100,65.1500,63.0500,63.8900,2683722,172496480.0000,3
2021-05-19,20210519150000000,sz.002756,63.7900,64.0300,62.8000,63.8000,2252229,142915296.0000,3
2021-05-20,20210520103000000,sz.002756,61.9900,64.4300,61.3000,62.1400,4996961,315114992.0000,3
2021-05-20,20210520113000000,sz.002756,62.1100,62.3900,61.1800,61.9700,1932798,119374672.0000,3
2021-05-20,20210520140000000,sz.002756,61.9700,61.9900,60.8500,61.2600,1489363,91273984.0000,3
2021-05-20,20210520150000000,sz.002756,61.2500,61.8800,59.7200,60.1100,3231999,196138256.0000,3
2021-05-21,20210521103000000,sz.002756,60.4500,61.9000,59.5300,60.4000,4372006,265253047.0000,3
2021-05-21,20210521113000000,sz.002756,60.4300,63.0800,60.0500,62.9500,2987072,184095401.0000,3
2021-05-21,20210521140000000,sz.002756,62.9300,63.3600,62.2000,62.9900,2090734,131385920.0000,3
2021-05-21,20210521150000000,sz.002756,62.9800,63.2200,62.5100,62.9100,2834260,178373056.0000,3
2021-05-24,20210524103000000,sz.002756,61.9000,63.2900,59.8000,60.8600,3796120,232894679.0000,3
2021-05-24,20210524113000000,sz.002756,60.8600,61.2500,60.0000,60.2100,2816676,170219849.0000,3
2021-05-24,20210524140000000,sz.002756,60.2100,60.5900,59.8500,59.9100,2241984,134693504.0000,3
2021-05-24,20210524150000000,sz.002756,59.9100,61.0800,59.8200,61.0100,2413416,145803520.0000,3
2021-05-25,20210525103000000,sz.002756,61.0100,61.2000,54.9100,55.0500,12632450,707313792.0000,3
2021-05-25,20210525113000000,sz.002756,55.0000,57.1500,54.9100,55.8200,4729399,263063232.0000,3
2021-05-25,20210525140000000,sz.002756,55.9100,57.9900,55.8800,57.6400,3074095,175110384.0000,3
2021-05-25,20210525150000000,sz.002756,57.6400,57.6400,56.9400,57.4000,1744108,99976400.0000,3
2021-05-26,20210526103000000,sz.002756,56.2100,56.4900,53.0100,56.4400,9573610,524131744.0000,3
2021-05-26,20210526113000000,sz.002756,56.4400,57.6600,56.2500,57.2000,2766840,158085616.0000,3
2021-05-26,20210526140000000,sz.002756,57.2000,57.6500,56.7600,56.9500,1193693,68241360.0000,3
2021-05-26,20210526150000000,sz.002756,57.0000,58.2000,57.0000,58.1500,2498378,143898352.0000,3
2021-05-27,20210527103000000,sz.002756,57.0000,58.1500,56.0000,57.5400,3541052,202158752.0000,3
2021-05-27,20210527113000000,sz.002756,57.5200,57.8000,56.8000,56.8200,1233200,70528800.0000,3
2021-05-27,20210527140000000,sz.002756,56.8200,57.1000,55.9800,56.4400,2864865,161282608.0000,3
2021-05-27,20210527150000000,sz.002756,56.4000,56.6500,56.0000,56.3000,2475289,139130368.0000,3
2021-05-28,20210528103000000,sz.002756,57.2000,60.6600,56.5600,59.5200,7577040,446116640.0000,3
2021-05-28,20210528113000000,sz.002756,59.5500,61.9300,59.5500,60.4500,6348836,389177216.0000,3
2021-05-28,20210528140000000,sz.002756,60.4600,61.0000,59.9500,59.9900,1784660,107652400.0000,3
2021-05-28,20210528150000000,sz.002756,59.9600,60.2100,59.4900,59.8500,2281449,136753568.0000,3
2021-05-31,20210531103000000,sz.002756,60.8000,62.1000,60.0000,60.7100,5551598,339052224.0000,3
2021-05-31,20210531113000000,sz.002756,60.7200,60.8400,59.1800,59.7200,3031968,180918176.0000,3
2021-05-31,20210531140000000,sz.002756,59.7200,61.9200,59.6000,61.5000,3612049,220413120.0000,3
2021-05-31,20210531150000000,sz.002756,61.4900,62.0000,60.8000,61.2000,2484020,152332640.0000,3
2021-06-01,20210601103000000,sz.002756,60.7400,62.9000,56.8000,58.4900,7561450,452254448.0000,3
2021-06-01,20210601113000000,sz.002756,58.3600,60.2700,57.6500,60.1000,2092500,123257264.0000,3
2021-06-01,20210601140000000,sz.002756,60.0400,60.2900,58.9500,59.6000,1261357,75249952.0000,3
2021-06-01,20210601150000000,sz.002756,59.6000,59.6000,58.7600,59.2700,2463800,145436720.0000,3
2021-06-02,20210602103000000,sz.002756,59.2700,59.4500,56.3500,57.4900,5652978,326326752.0000,3
2021-06-02,20210602113000000,sz.002756,57.4900,58.0800,56.4400,57.0900,2622497,149792288.0000,3
2021-06-02,20210602140000000,sz.002756,57.0900,57.1900,56.1000,56.2500,2110727,119452224.0000,3
2021-06-02,20210602150000000,sz.002756,56.2500,56.7000,55.8500,56.6800,2984236,167753424.0000,3
2021-06-03,20210603103000000,sz.002756,54.8700,55.7000,53.6400,55.0000,4522441,246940219.0000,3
2021-06-03,20210603113000000,sz.002756,55.0000,55.8800,54.6000,55.8800,1488636,82149573.0000,3
2021-06-03,20210603140000000,sz.002756,55.8000,57.1600,55.8000,56.5500,2254600,127650384.0000,3
2021-06-03,20210603150000000,sz.002756,56.5500,56.6900,55.8000,55.8000,1450900,81659824.0000,3
2021-06-04,20210604103000000,sz.002756,56.0700,57.4000,54.8600,56.7000,3716353,208579338.0000,3
2021-06-04,20210604113000000,sz.002756,56.7100,57.5000,56.7000,56.7800,1950468,111443686.0000,3
2021-06-04,20210604140000000,sz.002756,56.7600,57.2000,56.3500,56.5200,2549204,144347712.0000,3
2021-06-04,20210604150000000,sz.002756,56.4800,56.4900,55.5500,56.3300,1642140,92098816.0000,3
2021-06-07,20210607103000000,sz.002756,56.6600,56.6600,54.4400,55.3500,4078898,225711230.0000,3
2021-06-07,20210607113000000,sz.002756,55.2800,55.2800,53.6000,54.4500,2883021,156903634.0000,3
2021-06-07,20210607140000000,sz.002756,54.4400,54.6000,53.7800,54.3500,1506824,81627568.0000,3
2021-06-07,20210607150000000,sz.002756,54.3500,54.7200,54.1800,54.4800,1218770,66347328.0000,3
2021-06-08,20210608103000000,sz.002756,54.3900,56.7700,54.1000,55.5100,5244393,292772864.0000,3
2021-06-08,20210608113000000,sz.002756,55.5200,56.1500,54.8800,55.8400,2008530,111379232.0000,3
2021-06-08,20210608140000000,sz.002756,55.7000,55.8000,54.9400,55.4000,1300956,71915648.0000,3
2021-06-08,20210608150000000,sz.002756,55.4000,56.0000,55.1800,55.6500,2057380,114600288.0000,3
2021-06-09,20210609103000000,sz.002756,55.8900,56.8900,54.8800,56.5100,3276699,183683934.0000,3
2021-06-09,20210609113000000,sz.002756,56.5300,56.6000,56.0100,56.2400,829862,46742406.0000,3
2021-06-09,20210609140000000,sz.002756,56.2800,56.6800,56.1300,56.6700,1359063,76660780.0000,3
2021-06-09,20210609150000000,sz.002756,56.6700,56.8500,56.4000,56.6000,1819101,102970912.0000,3
2021-06-10,20210610103000000,sz.002756,57.4000,59.9700,56.5000,59.8500,5548206,322515920.0000,3
2021-06-10,20210610113000000,sz.002756,59.8800,62.2600,59.6600,62.2500,8918762,548726208.0000,3
2021-06-10,20210610140000000,sz.002756,62.2600,62.2600,62.2600,62.2600,843215,52498320.0000,3
2021-06-10,20210610150000000,sz.002756,62.2600,62.2600,61.9000,62.2600,3451023,214753952.0000,3
2021-06-11,20210611103000000,sz.002756,62.3800,63.9500,61.0100,62.3500,8750109,547998112.0000,3
2021-06-11,20210611113000000,sz.002756,62.3000,63.4300,61.4800,63.2000,3335345,208197984.0000,3
2021-06-11,20210611140000000,sz.002756,63.1900,63.3000,62.2500,62.6900,1407400,88292304.0000,3
2021-06-11,20210611150000000,sz.002756,62.6900,63.4000,62.6900,62.7700,2528640,159319376.0000,3
2021-06-15,20210615103000000,sz.002756,63.3100,63.3800,58.8100,61.2300,5296545,322454240.0000,3
2021-06-15,20210615113000000,sz.002756,61.0800,61.8800,60.4800,61.0000,1251600,76613040.0000,3
2021-06-15,20210615140000000,sz.002756,61.0000,61.4400,60.3100,60.9200,903019,55179264.0000,3
2021-06-15,20210615150000000,sz.002756,60.8700,61.1000,60.2900,60.5200,1384502,83864512.0000,3
2021-06-16,20210616103000000,sz.002756,60.5900,61.7000,57.1800,57.6100,3946022,235559212.0000,3
2021-06-16,20210616113000000,sz.002756,57.6000,57.8200,56.0000,56.8400,3892314,221377524.0000,3
2021-06-16,20210616140000000,sz.002756,56.8000,57.2000,55.7900,55.8700,2197939,123981136.0000,3
2021-06-16,20210616150000000,sz.002756,55.8700,56.9500,55.6900,55.8700,2173823,121910448.0000,3
2021-06-17,20210617103000000,sz.002756,56.5000,57.2000,55.8000,56.8000,2582011,145905453.0000,3
2021-06-17,20210617113000000,sz.002756,56.8000,57.2000,56.0000,56.8400,1227900,69660285.0000,3
2021-06-17,20210617140000000,sz.002756,56.8400,57.2500,56.3600,56.9600,1414300,80350006.0000,3
2021-06-17,20210617150000000,sz.002756,56.9600,57.0700,56.6800,56.7400,1487380,84638176.0000,3
2021-06-18,20210618103000000,sz.002756,56.8400,58.3800,55.8000,57.6000,2781800,159601692.0000,3
2021-06-18,20210618113000000,sz.002756,57.6000,57.8600,56.2300,56.2700,1106604,63080443.0000,3
2021-06-18,20210618140000000,sz.002756,56.2100,60.6600,55.6100,59.7000,3666200,213377961.0000,3
2021-06-18,20210618150000000,sz.002756,59.7400,60.1900,58.9000,59.3200,2154185,128235744.0000,3
2021-06-21,20210621103000000,sz.002756,58.9800,61.5000,57.0000,61.0000,4617558,275602064.0000,3
2021-06-21,20210621113000000,sz.002756,61.0300,62.8500,60.5100,61.1400,2684263,165564784.0000,3
2021-06-21,20210621140000000,sz.002756,61.0900,61.8500,60.8900,61.3600,1282500,78678304.0000,3
2021-06-21,20210621150000000,sz.002756,61.3700,63.2000,61.3300,62.3000,2606954,162599824.0000,3
2021-06-22,20210622103000000,sz.002756,63.0000,64.8000,60.5200,64.1300,4947736,307802400.0000,3
2021-06-22,20210622113000000,sz.002756,64.1500,64.8900,63.7000,64.3400,2318752,149046064.0000,3
2021-06-22,20210622140000000,sz.002756,64.3600,65.6600,63.7200,64.2600,2178508,141166128.0000,3
2021-06-22,20210622150000000,sz.002756,64.2600,65.7000,64.1800,65.5000,2600878,169555376.0000,3
2021-06-23,20210623103000000,sz.002756,65.4700,66.2000,63.5000,65.0400,2852383,184321375.0000,3
2021-06-23,20210623113000000,sz.002756,65.1000,67.0000,64.9300,65.6600,2845176,188262065.0000,3
2021-06-23,20210623140000000,sz.002756,65.6300,66.8000,64.8000,66.6100,1679520,110627376.0000,3
2021-06-23,20210623150000000,sz.002756,66.6100,66.6400,65.1000,65.4600,1446189,94936608.0000,3
2021-06-24,20210624103000000,sz.002756,65.4500,65.4600,63.0000,63.9400,2823508,181011558.0000,3
2021-06-24,20210624113000000,sz.002756,63.9400,64.1100,62.5000,62.7800,1410821,89286778.0000,3
2021-06-24,20210624140000000,sz.002756,62.7300,64.2000,62.6200,63.8300,903479,57449328.0000,3
2021-06-24,20210624150000000,sz.002756,63.8300,63.9600,63.0000,63.5500,993476,63119376.0000,3
2021-06-25,20210625103000000,sz.002756,63.0200,63.6700,60.1100,61.3600,4759181,293615792.0000,3
2021-06-25,20210625113000000,sz.002756,61.3900,61.6400,60.7900,61.0000,1942500,118619280.0000,3
2021-06-25,20210625140000000,sz.002756,61.0000,62.0000,60.6800,61.8800,2280915,139710960.0000,3
2021-06-25,20210625150000000,sz.002756,61.8800,62.8800,61.6900,62.3000,2684416,167255664.0000,3
2021-06-28,20210628103000000,sz.002756,61.1500,65.0000,61.1500,63.9200,2863820,181769981.5400,3
2021-06-28,20210628113000000,sz.002756,63.9200,64.1300,62.2000,62.4000,1586970,100065780.9000,3
2021-06-28,20210628140000000,sz.002756,62.4100,62.8800,61.2500,61.3500,2192880,136015814.4000,3
2021-06-28,20210628150000000,sz.002756,61.3500,61.8700,60.9200,61.8500,2355341,144289052.5600,3
2021-06-29,20210629103000000,sz.002756,61.0500,62.2300,60.1600,60.4400,2851013,174362834.3600,3
2021-06-29,20210629113000000,sz.002756,60.4200,60.5600,59.0000,59.4500,2429056,145660145.3000,3
2021-06-29,20210629140000000,sz.002756,59.4500,60.5700,59.3500,60.1000,2103063,125823132.2700,3
2021-06-29,20210629150000000,sz.002756,60.3000,60.3000,59.5000,59.7000,1748600,104598207.8400,3
2021-06-30,20210630103000000,sz.002756,59.3600,60.6600,58.2000,59.9500,2230580,132943846.2600,3
2021-06-30,20210630113000000,sz.002756,59.9500,60.1000,58.7100,59.0000,1682200,99527180.6600,3
2021-06-30,20210630140000000,sz.002756,59.1000,59.5300,58.7200,58.9000,1330200,78569459.0000,3
2021-06-30,20210630150000000,sz.002756,58.8900,59.4500,58.6800,59.3900,1568191,92450785.0400,3
2021-07-01,20210701103000000,sz.002756,59.3900,60.5900,58.7900,59.7900,2573800,153421164.2800,3
2021-07-01,20210701113000000,sz.002756,59.7900,59.9000,58.6100,58.7700,1228950,72505835.0000,3
2021-07-01,20210701140000000,sz.002756,58.7700,63.3000,58.7700,62.6000,4549393,278787976.1400,3
2021-07-01,20210701150000000,sz.002756,62.6000,62.7800,60.8700,61.2700,3306866,205109582.3500,3
2021-07-02,20210702103000000,sz.002756,60.2000,64.0400,59.3000,63.7900,6205218,385352739.2600,3
2021-07-02,20210702113000000,sz.002756,63.8000,67.4000,63.8000,67.4000,8639599,574314159.0100,3
2021-07-02,20210702140000000,sz.002756,67.4000,67.4000,65.9000,66.0200,4495520,301275148.6700,3
2021-07-02,20210702150000000,sz.002756,66.0800,67.4000,66.0800,66.6100,2630128,175697353.6900,3
2021-07-05,20210705103000000,sz.002756,68.5000,73.2700,68.5000,73.0300,12499239,901084816.8000,3
2021-07-05,20210705113000000,sz.002756,73.0400,73.2700,72.6000,73.2700,4086094,299055522.2100,3
2021-07-05,20210705140000000,sz.002756,73.2700,73.2700,73.2700,73.2700,448341,32849945.0700,3
2021-07-05,20210705150000000,sz.002756,73.2700,73.2700,73.2700,73.2700,427100,31293617.0000,3
2021-07-06,20210706103000000,sz.002756,74.0000,76.6800,73.1900,74.6500,11015791,826988518.6400,3
2021-07-06,20210706113000000,sz.002756,74.5900,76.2900,72.5400,72.5900,4640754,343895736.6200,3
2021-07-06,20210706140000000,sz.002756,72.5000,73.3100,68.3000,68.5000,6541470,460583602.4200,3
2021-07-06,20210706150000000,sz.002756,68.5000,72.7200,68.0000,71.8200,5005521,349952465.2000,3
2021-07-07,20210707103000000,sz.002756,72.8400,75.2500,70.1000,74.0000,6152089,449627085.8500,3
2021-07-07,20210707113000000,sz.002756,74.0400,75.7000,74.0000,75.2100,2537373,190021372.1600,3
2021-07-07,20210707140000000,sz.002756,75.2100,76.3300,74.9200,76.0000,3227286,244034687.2400,3
2021-07-07,20210707150000000,sz.002756,76.0000,77.0600,75.4200,76.0900,3374450,257184996.9000,3
2021-07-08,20210708103000000,sz.002756,76.1000,77.5000,74.4100,76.1400,5618174,425862980.5800,3
2021-07-08,20210708113000000,sz.002756,76.0400,76.4000,73.8000,75.6900,2441700,183142918.0000,3
2021-07-08,20210708140000000,sz.002756,75.6500,76.1500,73.8000,74.3500,1647560,123146228.1500,3
2021-07-08,20210708150000000,sz.002756,74.3500,74.8300,74.0100,74.4100,1627230,121146884.7000,3
2021-07-09,20210709103000000,sz.002756,74.1600,76.0000,72.3700,75.1200,4210530,313866160.0000,3
2021-07-09,20210709113000000,sz.002756,75.1600,79.1000,74.9900,78.1900,3645353,282916684.2000,3
2021-07-09,20210709140000000,sz.002756,78.2800,81.8500,78.2800,81.8500,3814841,309007031.6700,3
2021-07-09,20210709150000000,sz.002756,81.8500,81.8500,81.8500,81.8500,469220,38405657.0000,3
2021-07-12,20210712103000000,sz.002756,85.0000,90.0400,84.8000,89.8700,12170710,1081357756.2700,3
2021-07-12,20210712113000000,sz.002756,89.8700,90.0400,88.9500,89.7800,1772490,159080531.8200,3
2021-07-12,20210712140000000,sz.002756,89.8500,90.0400,87.1700,88.2000,3289600,291518795.0000,3
2021-07-12,20210712150000000,sz.002756,88.1100,88.5600,85.8500,87.8600,3524355,306344961.2000,3
2021-07-13,20210713103000000,sz.002756,88.2300,89.3700,82.4500,83.7100,6997228,592856711.7600,3
2021-07-13,20210713113000000,sz.002756,83.5700,85.7700,82.6800,82.9500,3013400,252528626.4900,3
2021-07-13,20210713140000000,sz.002756,83.0000,83.7300,80.1800,81.9100,5310300,434014330.0000,3
2021-07-13,20210713150000000,sz.002756,81.9000,84.6000,80.9800,83.7100,5077286,420264359.3700,3
2021-07-14,20210714103000000,sz.002756,82.8600,87.0000,82.1800,83.5500,8830174,747748315.4400,3
2021-07-14,20210714113000000,sz.002756,83.5500,86.0800,81.5500,86.0000,3516860,294453182.7600,3
2021-07-14,20210714140000000,sz.002756,86.0100,86.5000,84.0000,84.8000,2344574,200228650.5400,3
2021-07-14,20210714150000000,sz.002756,84.8400,84.9600,81.1900,82.0000,4386028,361999603.0400,3
2021-07-15,20210715103000000,sz.002756,82.0300,84.6000,78.1000,78.5600,6713701,548182664.2200,3
2021-07-15,20210715113000000,sz.002756,78.5300,80.6000,78.0100,79.2000,2551976,202271524.3400,3
2021-07-15,20210715140000000,sz.002756,79.4400,81.6000,79.4000,81.5000,2202249,177279663.7400,3
2021-07-15,20210715150000000,sz.002756,81.4900,82.5200,80.7000,82.5000,3069826,251428837.0600,3
2021-07-16,20210716103000000,sz.002756,81.3800,83.6000,79.3700,81.7500,5028593,407913725.7800,3
2021-07-16,20210716113000000,sz.002756,81.6000,81.6000,79.9600,81.1000,1966766,158808803.2200,3
2021-07-16,20210716140000000,sz.002756,81.1000,81.8500,80.9300,81.2600,1948706,158777219.6000,3
2021-07-16,20210716150000000,sz.002756,81.3100,82.4700,80.9300,81.2000,2582294,210447726.4000,3
2021-07-19,20210719103000000,sz.002756,79.8700,83.5200,79.7400,80.3100,4915900,404643512.0000,3
2021-07-19,20210719113000000,sz.002756,80.2500,80.3100,78.4100,79.4300,2641706,209428456.0800,3
2021-07-19,20210719140000000,sz.002756,79.5700,80.4000,78.5600,78.9500,1236909,98037169.4700,3
2021-07-19,20210719150000000,sz.002756,78.8700,80.2900,77.4900,78.6900,2038476,160590799.2200,3
2021-07-20,20210720103000000,sz.002756,77.8700,80.6000,76.4500,79.7100,3902131,309875707.9600,3
2021-07-20,20210720113000000,sz.002756,79.8700,80.0500,78.6600,79.0300,918300,72981551.9000,3
2021-07-20,20210720140000000,sz.002756,79.0400,80.1000,78.5900,79.8300,1148463,91145934.8600,3
2021-07-20,20210720150000000,sz.002756,80.0000,80.8800,79.7300,80.7200,1796175,144255748.7500,3
2021-07-21,20210721103000000,sz.002756,82.5000,87.6000,82.4200,87.1000,7833507,670624498.4100,3
2021-07-21,20210721113000000,sz.002756,87.1100,88.5000,85.8400,87.1100,2433850,212828194.0000,3
2021-07-21,20210721140000000,sz.002756,87.1200,88.7900,87.1200,88.6000,3400627,301154760.9800,3
2021-07-21,20210721150000000,sz.002756,88.6000,88.7900,87.9000,87.9600,2045712,181272217.3300,3
2021-07-22,20210722103000000,sz.002756,89.5000,95.0000,89.3900,92.0200,8669451,797092341.7300,3
2021-07-22,20210722113000000,sz.002756,91.9000,93.5100,90.6000,92.9600,2204020,202420336.8800,3
2021-07-22,20210722140000000,sz.002756,92.9800,93.7500,91.2000,92.0100,1329100,122956323.0000,3
2021-07-22,20210722150000000,sz.002756,92.0000,93.1200,92.0000,92.5800,1691564,156555318.8000,3
2021-07-23,20210723103000000,sz.002756,90.6300,97.6600,90.6300,94.5200,4742785,445445854.9800,3
2021-07-23,20210723113000000,sz.002756,94.5100,94.5100,89.9900,91.2900,2972200,273625476.0000,3
2021-07-23,20210723140000000,sz.002756,91.3000,91.3000,87.9900,88.8000,3872287,345263880.1000,3
2021-07-23,20210723150000000,sz.002756,88.8300,89.1300,87.0000,88.3500,3169865,279277631.1200,3
2021-07-26,20210726103000000,sz.002756,91.1800,91.6000,86.2000,87.7400,5110160,454694463.5600,3
2021-07-26,20210726113000000,sz.002756,87.9900,89.8200,85.0000,86.1000,3312849,288615691.6800,3
2021-07-26,20210726140000000,sz.002756,86.1000,87.1700,83.2000,85.8700,2935433,249371509.7100,3
2021-07-26,20210726150000000,sz.002756,86.0300,87.0200,85.0000,86.6800,2281742,196551363.2600,3
2021-07-27,20210727103000000,sz.002756,87.1400,91.0400,85.5600,87.0400,5719217,510902121.2100,3
2021-07-27,20210727113000000,sz.002756,87.2500,89.0000,86.6500,88.6900,1336581,117568652.4100,3
2021-07-27,20210727140000000,sz.002756,88.8100,88.8100,85.6300,85.6300,1947900,170181557.3600,3
2021-07-27,20210727150000000,sz.002756,85.5100,85.8500,81.7800,81.8800,3683030,307672845.7500,3
2021-07-28,20210728103000000,sz.002756,81.2300,84.5000,79.9500,83.5000,6460685,531547564.6000,3
2021-07-28,20210728113000000,sz.002756,83.6100,84.8800,82.2600,82.3700,2032580,169909573.6000,3
2021-07-28,20210728140000000,sz.002756,82.3900,82.3900,79.0000,80.8000,2599811,209657462.1100,3
2021-07-28,20210728150000000,sz.002756,80.8000,81.4800,79.5000,80.2900,1741474,139791920.3200,3
2021-07-29,20210729103000000,sz.002756,83.5100,85.9500,82.9200,84.3500,4750489,401471369.5300,3
2021-07-29,20210729113000000,sz.002756,84.3500,86.2000,83.5100,85.8100,1723406,147235667.0000,3
2021-07-29,20210729140000000,sz.002756,85.9500,87.0000,85.3000,86.5000,1862480,160559615.4000,3
2021-07-29,20210729150000000,sz.002756,86.4600,88.3200,85.6700,88.3200,3278394,286631534.3800,3
2021-07-30,20210730103000000,sz.002756,93.0000,95.0500,88.8200,90.1300,7832272,721239355.6000,3
2021-07-30,20210730113000000,sz.002756,90.0800,92.2200,89.7500,91.4000,1689096,154004923.5800,3
2021-07-30,20210730140000000,sz.002756,91.3000,91.8000,89.8500,90.9200,1590400,143874511.0000,3
2021-07-30,20210730150000000,sz.002756,90.9800,94.2700,90.5500,92.8100,2920503,270573458.0400,3
2021-08-02,20210802103000000,sz.002756,97.3900,102.0900,95.8000,98.1100,7116058,716185750.2100,3
2021-08-02,20210802113000000,sz.002756,98.3500,99.2700,88.8800,92.6800,8238855,766040616.3800,3
2021-08-02,20210802140000000,sz.002756,92.6800,95.5800,91.0000,95.0000,3409787,318521545.7000,3
2021-08-02,20210802150000000,sz.002756,94.9700,102.0500,94.8400,99.0000,2977082,292153377.2400,3
2021-08-03,20210803103000000,sz.002756,96.5000,98.4900,90.2000,90.2800,7413647,699761988.7700,3
2021-08-03,20210803113000000,sz.002756,90.2800,92.2600,89.7000,90.2600,4247433,385258385.3400,3
2021-08-03,20210803140000000,sz.002756,90.1000,90.2600,89.1000,89.1000,2554932,228076724.3400,3
2021-08-03,20210803150000000,sz.002756,89.1000,89.1100,89.1000,89.1000,603430,53766078.0000,3
2021-08-04,20210804103000000,sz.002756,88.5600,91.9000,88.2900,90.5000,4916928,443607000.5900,3
2021-08-04,20210804113000000,sz.002756,90.5100,90.7600,87.0800,88.6600,4710088,415660245.6100,3
2021-08-04,20210804140000000,sz.002756,89.0000,94.5700,89.0000,93.2700,6052162,556104539.6600,3
2021-08-04,20210804150000000,sz.002756,93.2300,93.9800,92.6000,92.8000,2439627,227202557.5200,3
2021-08-05,20210805103000000,sz.002756,92.8300,93.8500,86.5000,88.5300,7568823,679195078.9200,3
2021-08-05,20210805113000000,sz.002756,88.5600,89.9900,87.0300,89.1000,2282328,202449886.9800,3
2021-08-05,20210805140000000,sz.002756,89.1400,89.1800,87.6700,87.7500,2868673,253038183.4400,3
2021-08-05,20210805150000000,sz.002756,87.7500,89.1500,86.5800,89.1500,3131671,274924725.6600,3
2021-08-06,20210806103000000,sz.002756,91.0000,93.1300,89.4100,93.1000,8987536,823764176.0000,3
2021-08-06,20210806113000000,sz.002756,93.1000,94.1000,91.6000,92.2700,3714673,346306688.0000,3
2021-08-06,20210806140000000,sz.002756,92.0000,93.5300,91.0000,91.3000,1461644,135046464.0000,3
2021-08-06,20210806150000000,sz.002756,91.2200,92.7800,90.5000,92.7600,2432290,223457264.0000,3
2021-08-09,20210809103000000,sz.002756,91.0000,91.0000,83.9000,85.3300,6828281,593830880.0000,3
2021-08-09,20210809113000000,sz.002756,85.3300,86.8000,84.4600,85.1800,2024792,172862816.0000,3
2021-08-09,20210809140000000,sz.002756,85.2000,88.5000,85.2000,87.6500,2665473,231403632.0000,3
2021-08-09,20210809150000000,sz.002756,87.6500,88.3100,87.5100,87.7700,1663475,146220640.0000,3
2021-08-10,20210810103000000,sz.002756,86.6000,90.2000,85.7000,86.9600,4443230,390451888.0000,3
2021-08-10,20210810113000000,sz.002756,86.9600,87.3000,81.6700,82.6200,4819487,405221184.0000,3
2021-08-10,20210810140000000,sz.002756,82.7100,84.8100,82.1000,82.2400,2546995,213051776.0000,3
2021-08-10,20210810150000000,sz.002756,82.2600,82.5500,79.0700,82.5300,6091696,491048256.0000,3
2021-08-11,20210811103000000,sz.002756,81.7900,82.4800,78.8800,78.9600,5207018,420072896.0000,3
2021-08-11,20210811113000000,sz.002756,78.9000,82.5100,78.4800,82.1800,2750932,221547888.0000,3
2021-08-11,20210811140000000,sz.002756,82.1600,84.4200,81.3000,83.6900,2952340,246285904.0000,3
2021-08-11,20210811150000000,sz.002756,83.6900,83.6900,82.1200,83.0300,1734953,143529504.0000,3
2021-08-12,20210812103000000,sz.002756,82.0000,82.1000,79.4000,80.7900,4625462,371769312.0000,3
2021-08-12,20210812113000000,sz.002756,80.7800,81.4200,79.6000,80.4100,2080677,166743936.0000,3
2021-08-12,20210812140000000,sz.002756,80.4100,83.7500,80.2400,83.5000,3363565,277765280.0000,3
2021-08-12,20210812150000000,sz.002756,83.5500,84.1000,83.1000,83.4900,2441006,204067776.0000,3
2021-08-13,20210813103000000,sz.002756,83.2500,88.6800,81.8600,87.2700,7522986,649485840.0000,3
2021-08-13,20210813113000000,sz.002756,87.2700,88.0600,85.6000,86.0000,2438000,211504960.0000,3
2021-08-13,20210813140000000,sz.002756,86.0000,86.0700,83.0000,83.8000,2239600,188549248.0000,3
2021-08-13,20210813150000000,sz.002756,83.8000,84.9900,82.8000,82.8600,2462245,205793328.0000,3
2021-08-16,20210816103000000,sz.002756,82.7900,83.4000,79.7900,80.2900,4379446,355037168.0000,3
2021-08-16,20210816113000000,sz.002756,80.2300,80.8300,79.3800,80.0800,2276481,182218784.0000,3
2021-08-16,20210816140000000,sz.002756,80.0800,80.4000,79.4000,79.6200,1146276,91489040.0000,3
2021-08-16,20210816150000000,sz.002756,79.6200,80.2500,79.2000,79.5800,1738466,138460128.0000,3
2021-08-17,20210817103000000,sz.002756,79.5500,82.6300,78.8000,82.2400,4435717,360114736.0000,3
2021-08-17,20210817113000000,sz.002756,82.2400,83.1800,81.0100,81.4500,2123215,174625936.0000,3
2021-08-17,20210817140000000,sz.002756,81.4600,81.8000,80.3500,80.5800,1217900,98508544.0000,3
2021-08-17,20210817150000000,sz.002756,80.5700,81.2000,80.2800,80.6900,1358400,109545616.0000,3
2021-08-18,20210818103000000,sz.002756,81.0700,85.3500,81.0700,85.3000,5345521,445895504.0000,3
2021-08-18,20210818113000000,sz.002756,85.3700,85.5500,82.2800,82.9000,1948202,163041920.0000,3
2021-08-18,20210818140000000,sz.002756,82.9800,83.5300,81.9800,82.1000,1558961,129129248.0000,3
2021-08-18,20210818150000000,sz.002756,82.0800,83.4000,81.9000,83.4000,1391553,115019376.0000,3
2021-08-19,20210819103000000,sz.002756,81.9800,83.2800,79.5100,82.2600,4504751,366258240.0000,3
2021-08-19,20210819113000000,sz.002756,82.2600,86.3500,81.5700,86.0600,3678639,311838480.0000,3
2021-08-19,20210819140000000,sz.002756,86.1000,88.2900,86.0000,87.9400,3790661,331743376.0000,3
2021-08-19,20210819150000000,sz.002756,87.9700,88.1000,86.7000,86.9800,1870126,163139216.0000,3
2021-08-20,20210820103000000,sz.002756,86.9800,87.3500,84.0100,85.5300,3888908,332691776.0000,3
2021-08-20,20210820113000000,sz.002756,85.5800,85.7800,84.2600,84.7500,1820100,154375264.0000,3
2021-08-20,20210820140000000,sz.002756,84.7500,84.7500,82.6500,83.8700,2002209,167915568.0000,3
2021-08-20,20210820150000000,sz.002756,83.9200,87.0000,83.8100,86.6300,3521471,301839904.0000,3
2021-08-23,20210823103000000,sz.002756,86.3500,89.5000,86.3500,88.1000,4403855,386606880.0000,3
2021-08-23,20210823113000000,sz.002756,88.1200,90.5000,88.1200,89.0600,3092582,276219872.0000,3
2021-08-23,20210823140000000,sz.002756,89.5000,93.4000,89.5000,91.7300,3089723,284588016.0000,3
2021-08-23,20210823150000000,sz.002756,91.6300,91.7300,90.1500,91.0000,1887322,171740672.0000,3
2021-08-24,20210824103000000,sz.002756,90.5400,97.7000,89.2500,95.0400,6210917,586376080.0000,3
2021-08-24,20210824113000000,sz.002756,95.1000,96.5000,92.5900,94.2100,2886723,275032096.0000,3
2021-08-24,20210824140000000,sz.002756,94.3600,96.2100,93.6000,93.7700,1238959,117574368.0000,3
2021-08-24,20210824150000000,sz.002756,93.7500,94.0000,91.7500,92.8400,2117027,196043744.0000,3
2021-08-25,20210825103000000,sz.002756,92.8000,93.5000,86.5900,87.0000,5344075,475917520.0000,3
2021-08-25,20210825113000000,sz.002756,87.0000,89.6600,87.0000,88.8500,2779745,245232368.0000,3
2021-08-25,20210825140000000,sz.002756,88.9100,90.5900,87.5900,90.0000,1582875,141820224.0000,3
2021-08-25,20210825150000000,sz.002756,90.0000,90.6900,89.0800,89.7000,1418247,127734096.0000,3
2021-08-26,20210826103000000,sz.002756,89.5400,91.3600,87.0000,87.8100,3439921,306730336.0000,3
2021-08-26,20210826113000000,sz.002756,87.8000,88.8900,86.9600,88.0100,1358308,119520608.0000,3
2021-08-26,20210826140000000,sz.002756,88.0800,88.2000,87.3600,87.6800,1107056,97075360.0000,3
2021-08-26,20210826150000000,sz.002756,87.7500,89.4600,87.6500,89.0500,1686372,149738848.0000,3
2021-08-27,20210827103000000,sz.002756,88.8000,90.5000,86.6600,90.4800,2524000,223508936.0000,3
2021-08-27,20210827113000000,sz.002756,90.4700,93.3500,90.4700,93.3000,4127518,380880248.0000,3
2021-08-27,20210827140000000,sz.002756,93.1600,95.0000,92.8100,93.6300,2475906,232601120.0000,3
2021-08-27,20210827150000000,sz.002756,93.6800,95.2100,93.5800,94.6200,2697640,254848816.0000,3
2021-08-30,20210830103000000,sz.002756,92.8000,101.0000,91.8500,100.0600,7926169,768980304.0000,3
2021-08-30,20210830113000000,sz.002756,100.1200,103.3900,99.6400,101.5100,3410617,346415248.0000,3
2021-08-30,20210830140000000,sz.002756,101.5300,102.8900,99.5000,101.0000,3702521,373525952.0000,3
2021-08-30,20210830150000000,sz.002756,101.0500,102.5100,100.6800,102.0900,2995186,304977888.0000,3
2021-08-31,20210831103000000,sz.002756,99.9000,103.2800,97.1100,102.9500,5010314,500107136.0000,3
2021-08-31,20210831113000000,sz.002756,102.9500,107.4700,102.9500,105.2000,4314849,455417296.0000,3
2021-08-31,20210831140000000,sz.002756,105.1900,110.9100,103.5300,110.4200,2505769,270751216.0000,3
2021-08-31,20210831150000000,sz.002756,110.4200,112.3000,109.6900,111.6000,2890198,321739472.0000,3
2021-09-01,20210901103000000,sz.002756,112.8800,118.0000,106.0000,107.4600,6490783,729648784.0000,3
2021-09-01,20210901113000000,sz.002756,108.0000,109.3000,100.5300,105.8000,4690355,490023664.0000,3
2021-09-01,20210901140000000,sz.002756,106.0000,107.9300,102.8100,103.7900,1683165,177094176.0000,3
2021-09-01,20210901150000000,sz.002756,103.6000,108.8600,102.8700,107.8800,2018210,215732624.0000,3
2021-09-02,20210902103000000,sz.002756,107.0000,111.4400,105.1000,109.4700,4235042,459628720.0000,3
2021-09-02,20210902113000000,sz.002756,109.4600,115.1300,106.8800,114.1000,2484641,276746800.0000,3
2021-09-02,20210902140000000,sz.002756,114.2000,114.4900,107.8800,110.5200,2222954,245545760.0000,3
2021-09-02,20210902150000000,sz.002756,110.5200,111.0000,108.5600,109.0000,1572100,171968128.0000,3
2021-09-03,20210903103000000,sz.002756,108.0000,111.1800,105.0100,105.0100,4440663,479066176.0000,3
2021-09-03,20210903113000000,sz.002756,105.1100,106.5000,102.0000,102.9900,3027636,313854880.0000,3
2021-09-03,20210903140000000,sz.002756,102.9900,105.7000,102.0800,102.0800,1010992,104505472.0000,3
2021-09-03,20210903150000000,sz.002756,102.0800,103.8800,100.2300,103.3500,2303357,234930912.0000,3
2021-09-06,20210906103000000,sz.002756,105.0000,108.0000,99.8100,100.7600,6483681,674718192.0000,3
2021-09-06,20210906113000000,sz.002756,100.7600,104.2600,100.7600,101.9800,2067779,211427696.0000,3
2021-09-06,20210906140000000,sz.002756,101.8000,102.4100,100.5100,101.5200,1825870,184580976.0000,3
2021-09-06,20210906150000000,sz.002756,101.5200,103.2400,101.4500,102.6200,2070876,211858288.0000,3
2021-09-07,20210907103000000,sz.002756,103.7000,107.2400,103.0100,103.7900,4052626,426853008.0000,3
2021-09-07,20210907113000000,sz.002756,103.7800,106.4200,103.7000,106.2300,1747600,184564576.0000,3
2021-09-07,20210907140000000,sz.002756,106.3500,107.0000,104.1900,104.6100,2273777,240641024.0000,3
2021-09-07,20210907150000000,sz.002756,104.6100,104.9800,103.8000,104.2600,1421402,148100064.0000,3
2021-09-08,20210908103000000,sz.002756,103.5000,107.6600,102.8000,106.0800,3559242,376229968.0000,3
2021-09-08,20210908113000000,sz.002756,105.7400,108.5000,104.8000,105.3500,2433555,259662240.0000,3
2021-09-08,20210908140000000,sz.002756,105.3200,105.8800,102.3900,103.0700,1529240,158489696.0000,3
2021-09-08,20210908150000000,sz.002756,103.0000,103.9000,102.8000,103.5000,1214525,125313872.0000,3
2021-09-09,20210909103000000,sz.002756,104.9600,109.5800,104.0100,104.2900,4615496,492224976.0000,3
2021-09-09,20210909113000000,sz.002756,104.2300,106.3100,103.2300,105.9900,920729,96609296.0000,3
2021-09-09,20210909140000000,sz.002756,106.0000,106.0000,103.7300,104.8500,1292987,135115664.0000,3
2021-09-09,20210909150000000,sz.002756,104.7500,106.3500,104.3000,106.3500,1452295,153145936.0000,3
2021-09-10,20210910103000000,sz.002756,105.6500,105.6500,99.0000,102.8500,5877209,598402064.0000,3
2021-09-10,20210910113000000,sz.002756,102.8500,105.5300,101.6200,105.5300,1952626,201219888.0000,3
2021-09-10,20210910140000000,sz.002756,105.7000,107.8500,104.5000,104.5000,2726849,289195888.0000,3
2021-09-10,20210910150000000,sz.002756,104.4500,107.3700,104.3500,107.2000,2497358,266175968.0000,3
2021-09-13,20210913103000000,sz.002756,106.8800,110.9300,104.3600,105.1900,5202524,562438912.0000,3
2021-09-13,20210913113000000,sz.002756,105.3000,105.3000,101.5300,104.5900,2328253,241010032.0000,3
2021-09-13,20210913140000000,sz.002756,104.5800,106.7900,103.1000,105.1800,1500299,157814672.0000,3
2021-09-13,20210913150000000,sz.002756,105.1800,105.8000,104.0100,105.8000,1795255,188371008.0000,3
2021-09-14,20210914103000000,sz.002756,105.8000,107.5000,100.8600,106.0800,4363179,455064176.0000,3
2021-09-14,20210914113000000,sz.002756,106.0800,115.0000,105.1900,113.5000,4402391,483001328.0000,3
2021-09-14,20210914140000000,sz.002756,113.2100,114.0000,109.0000,109.5900,2025785,224787664.0000,3
2021-09-14,20210914150000000,sz.002756,109.6000,112.2800,108.7000,112.2800,2328637,257580576.0000,3
2021-09-15,20210915103000000,sz.002756,116.1800,123.5100,116.0000,123.5100,13798599,1673212880.0000,3
2021-09-15,20210915113000000,sz.002756,123.5100,123.5100,119.3900,119.9600,4052390,494862944.0000,3
2021-09-15,20210915140000000,sz.002756,119.9900,121.5700,119.0000,121.4600,1662271,199407632.0000,3
2021-09-15,20210915150000000,sz.002756,121.4600,122.3800,119.7100,120.5300,1348963,162717184.0000,3
2021-09-16,20210916103000000,sz.002756,120.9600,121.0000,112.5700,113.0100,6999607,809830800.0000,3
2021-09-16,20210916113000000,sz.002756,112.9700,113.4600,108.4800,108.4800,4474397,495018192.0000,3
2021-09-16,20210916140000000,sz.002756,108.4800,108.4800,108.4800,108.4800,1333100,144614688.0000,3
2021-09-16,20210916150000000,sz.002756,108.4800,108.4800,108.4800,108.4800,295800,32088384.0000,3
2021-09-17,20210917103000000,sz.002756,106.0000,111.0000,105.3300,106.5300,5356175,575719600.0000,3
2021-09-17,20210917113000000,sz.002756,106.5300,107.5400,102.0000,102.0000,3575439,370458640.0000,3
2021-09-17,20210917140000000,sz.002756,101.8800,107.2500,99.2000,106.3000,3291324,335869680.0000,3
2021-09-17,20210917150000000,sz.002756,106.2700,108.2500,104.5900,106.2800,1452954,154480768.0000,3
2021-09-22,20210922103000000,sz.002756,105.0100,108.2000,104.1100,107.6300,2767261,293373792.0000,3
2021-09-22,20210922113000000,sz.002756,107.6100,110.8800,106.7000,109.2800,2086043,227375968.0000,3
2021-09-22,20210922140000000,sz.002756,109.2800,109.2800,106.0000,106.8500,1112900,119669920.0000,3
2021-09-22,20210922150000000,sz.002756,106.8300,107.0900,105.7400,105.9900,1292437,137220256.0000,3
2021-09-23,20210923103000000,sz.002756,108.0000,109.5000,104.6000,107.7900,3403530,363758368.0000,3
2021-09-23,20210923113000000,sz.002756,107.7500,109.1600,107.0400,108.6500,1851722,200839936.0000,3
2021-09-23,20210923140000000,sz.002756,108.6300,108.6300,105.0000,105.8700,1373868,146025280.0000,3
2021-09-23,20210923150000000,sz.002756,105.8000,106.0000,102.2300,102.2300,2514163,260716192.0000,3
2021-09-24,20210924103000000,sz.002756,103.0000,104.4000,98.2900,100.4800,4150434,417467664.0000,3
2021-09-24,20210924113000000,sz.002756,100.5100,103.7900,100.0400,101.9900,1767831,180381200.0000,3
2021-09-24,20210924140000000,sz.002756,101.9400,102.3500,100.4800,101.0000,898700,91071888.0000,3
2021-09-24,20210924150000000,sz.002756,100.9000,101.7200,99.8400,100.0000,1246815,125280160.0000,3
2021-09-27,20210927103000000,sz.002756,100.0300,102.0000,92.0000,92.5500,6550633,620158144.0000,3
2021-09-27,20210927113000000,sz.002756,92.5500,93.5700,90.0000,90.0000,1990733,182093008.0000,3
2021-09-27,20210927140000000,sz.002756,90.0000,90.9900,90.0000,90.0000,1520185,136870336.0000,3
2021-09-27,20210927150000000,sz.002756,90.0000,90.8000,90.0000,90.0000,1805200,162648336.0000,3
2021-09-28,20210928103000000,sz.002756,89.0000,91.9000,87.3900,91.1400,3091468,278695136.0000,3
2021-09-28,20210928113000000,sz.002756,91.1400,91.5000,89.3500,89.6100,1800159,162186864.0000,3
2021-09-28,20210928140000000,sz.002756,89.6500,89.9900,87.4800,87.6600,3001600,266024784.0000,3
2021-09-28,20210928150000000,sz.002756,87.6600,88.0900,86.0000,87.1000,3496502,304415648.0000,3
2021-09-29,20210929103000000,sz.002756,87.6600,89.8000,85.2500,87.2100,3583697,314599104.0000,3
2021-09-29,20210929113000000,sz.002756,87.2100,87.2100,83.0000,84.5000,2353245,200267248.0000,3
2021-09-29,20210929140000000,sz.002756,84.5000,87.5000,84.1200,86.7000,1591980,137437904.0000,3
2021-09-29,20210929150000000,sz.002756,86.6500,86.7500,85.0500,85.5300,1704366,146571200.0000,3
2021-09-30,20210930103000000,sz.002756,86.9700,92.2200,86.5000,90.1700,4829334,433496688.0000,3
2021-09-30,20210930113000000,sz.002756,90.1700,93.3800,90.0900,92.5700,1929915,177806160.0000,3
2021-09-30,20210930140000000,sz.002756,92.5700,94.0800,92.5700,94.0800,1746295,164095920.0000,3
2021-09-30,20210930150000000,sz.002756,94.0800,94.0800,94.0800,94.0800,369600,34771968.0000,3
2021-10-08,20211008103000000,sz.002756,97.3100,99.4800,91.6000,92.9700,5474251,524775360.0000,3
2021-10-08,20211008113000000,sz.002756,92.7100,93.5700,90.1800,90.3200,1500291,137707504.0000,3
2021-10-08,20211008140000000,sz.002756,90.3000,92.9400,89.7100,91.9700,1375185,125617024.0000,3
2021-10-08,20211008150000000,sz.002756,92.2400,92.5200,91.6000,92.0300,923699,84917888.0000,3
2021-10-11,20211011103000000,sz.002756,92.5100,94.5900,87.7600,94.4500,4308883,390818352.0000,3
2021-10-11,20211011113000000,sz.002756,94.3600,94.3600,92.8700,93.7100,917593,85922448.0000,3
2021-10-11,20211011140000000,sz.002756,93.7200,93.7200,91.6600,91.9000,750654,69445248.0000,3
2021-10-11,20211011150000000,sz.002756,91.9000,93.1200,91.0000,93.1000,1197409,110229968.0000,3
2021-10-12,20211012103000000,sz.002756,92.9800,94.2800,88.2000,89.8300,4032434,365813312.0000,3
2021-10-12,20211012113000000,sz.002756,89.8300,90.4700,86.5200,87.5000,2563899,225958256.0000,3
2021-10-12,20211012140000000,sz.002756,87.5000,87.6000,84.2400,85.7500,2554551,218742096.0000,3
2021-10-12,20211012150000000,sz.002756,85.6600,88.2000,85.6000,87.4500,1825716,158464272.0000,3
2021-10-13,20211013103000000,sz.002756,88.8800,92.5000,87.1100,91.9900,3872982,347408944.0000,3
2021-10-13,20211013113000000,sz.002756,91.9600,92.5000,90.2000,90.3600,1465187,134038592.0000,3
2021-10-13,20211013140000000,sz.002756,90.3500,91.3800,89.5000,90.9600,1195100,108296496.0000,3
2021-10-13,20211013150000000,sz.002756,90.9600,92.4500,90.7400,91.4500,1555355,142601824.0000,3
2021-10-14,20211014103000000,sz.002756,92.8200,96.4800,90.1000,92.2400,5504876,514792400.0000,3
2021-10-14,20211014113000000,sz.002756,92.2400,94.4800,92.0000,93.0100,1143489,106410256.0000,3
2021-10-14,20211014140000000,sz.002756,93.1800,94.6800,92.0700,93.3600,1167778,108868080.0000,3
2021-10-14,20211014150000000,sz.002756,93.3600,94.5500,93.0000,94.4000,1479484,139013104.0000,3
2021-10-15,20211015103000000,sz.002756,94.8000,97.2100,92.7100,97.1000,3352868,318270224.0000,3
2021-10-15,20211015113000000,sz.002756,97.1200,102.8000,96.0000,100.3000,3729971,371421248.0000,3
2021-10-15,20211015140000000,sz.002756,100.3300,101.0000,99.3800,100.2800,981909,98184528.0000,3
2021-10-15,20211015150000000,sz.002756,100.1200,100.2800,99.0400,99.5500,974823,97021744.0000,3
2021-10-18,20211018103000000,sz.002756,101.8700,102.3300,98.2000,98.6600,3778427,379328000.0000,3
2021-10-18,20211018113000000,sz.002756,98.6500,101.4500,97.9300,101.3300,1357726,135398416.0000,3
2021-10-18,20211018140000000,sz.002756,101.2300,102.5000,99.7000,102.0000,1788679,181159536.0000,3
2021-10-18,20211018150000000,sz.002756,101.8600,103.4800,101.1500,102.6100,2269971,232790336.0000,3
2021-10-19,20211019103000000,sz.002756,101.5000,103.6800,100.7000,102.3400,2468940,252168420.0000,3
2021-10-19,20211019113000000,sz.002756,102.3400,104.6700,101.8000,102.6400,1739022,179775852.0000,3
2021-10-19,20211019140000000,sz.002756,102.6000,103.4600,101.8800,103.0700,1005218,103324704.0000,3
2021-10-19,20211019150000000,sz.002756,103.0700,105.4700,102.9900,103.7000,1432181,149281696.0000,3
2021-10-20,20211020103000000,sz.002756,102.0000,108.9800,100.0000,107.9400,4515000,476281344.0000,3
2021-10-20,20211020113000000,sz.002756,107.9300,111.2200,106.5000,110.7100,2572303,281562592.0000,3
2021-10-20,20211020140000000,sz.002756,110.7400,112.0000,107.0000,107.5400,1531600,168167744.0000,3
2021-10-20,20211020150000000,sz.002756,107.5500,109.0000,107.0600,107.3900,1029622,110880592.0000,3
2021-10-21,20211021103000000,sz.002756,107.7700,107.8000,104.0100,105.3000,2462878,260046951.0000,3
2021-10-21,20211021113000000,sz.002756,105.3000,106.6800,104.4700,105.8800,863800,91143273.0000,3
2021-10-21,20211021140000000,sz.002756,105.7500,106.4200,104.3000,104.5800,822894,86480432.0000,3
2021-10-21,20211021150000000,sz.002756,104.5700,104.9900,104.0000,104.2600,1038629,108343792.0000,3
2021-10-22,20211022103000000,sz.002756,104.9700,107.3500,104.0100,106.7100,2123489,224229865.0000,3
2021-10-22,20211022113000000,sz.002756,106.9300,107.2900,103.6000,104.0000,1470115,155114183.0000,3
2021-10-22,20211022140000000,sz.002756,104.0000,105.3100,102.0100,102.9800,1412981,146517680.0000,3
2021-10-22,20211022150000000,sz.002756,102.9300,103.6900,102.0000,102.7700,1293265,132969184.0000,3
2021-10-25,20211025103000000,sz.002756,103.0100,105.3000,100.4000,101.1400,3619774,371220688.0000,3
2021-10-25,20211025113000000,sz.002756,101.0000,104.4600,101.0000,104.2100,1479560,152015168.0000,3
2021-10-25,20211025140000000,sz.002756,104.3000,104.3100,102.8000,103.6800,905782,93760768.0000,3
2021-10-25,20211025150000000,sz.002756,103.6800,104.1800,103.0700,103.5000,1371367,142071968.0000,3
2021-10-26,20211026103000000,sz.002756,105.5000,110.3500,105.3500,106.5000,4963848,533608608.0000,3
2021-10-26,20211026113000000,sz.002756,106.5000,108.2000,105.5500,106.3300,986127,105152592.0000,3
2021-10-26,20211026140000000,sz.002756,106.4500,107.1000,105.0100,106.8400,992470,105176336.0000,3
2021-10-26,20211026150000000,sz.002756,106.8400,107.5500,106.3500,106.7000,1220312,130559888.0000,3
2021-10-27,20211027103000000,sz.002756,106.1600,109.3000,105.0600,107.6500,2656200,286120912.0000,3
2021-10-27,20211027113000000,sz.002756,107.6500,108.6000,106.5000,108.0600,1437838,154420480.0000,3
2021-10-27,20211027140000000,sz.002756,108.0000,109.7700,107.7000,108.5900,1489700,162216880.0000,3
2021-10-27,20211027150000000,sz.002756,108.4200,110.0000,107.8500,109.6000,1908120,208244816.0000,3
2021-10-28,20211028103000000,sz.002756,109.6000,114.5000,106.8500,110.5200,4842708,537434320.0000,3
2021-10-28,20211028113000000,sz.002756,110.5900,110.8500,106.5000,109.5300,1875842,203443056.0000,3
2021-10-28,20211028140000000,sz.002756,109.3100,109.3100,105.1000,106.0000,1757624,187717552.0000,3
2021-10-28,20211028150000000,sz.002756,106.0000,106.7500,104.0800,106.2100,1826445,192826112.0000,3
2021-10-29,20211029103000000,sz.002756,107.2700,109.8100,100.0000,106.4800,3950577,421077856.0000,3
2021-10-29,20211029113000000,sz.002756,106.3900,106.5000,104.1800,105.4800,1019717,107239008.0000,3
2021-10-29,20211029140000000,sz.002756,105.1200,106.9000,104.9000,106.5800,986643,104429328.0000,3
2021-10-29,20211029150000000,sz.002756,106.6200,107.7900,106.1000,107.0500,1217516,130331024.0000,3
2021-11-01,20211101103000000,sz.002756,106.2300,111.0000,105.7600,105.9700,3794155,410191952.0000,3
2021-11-01,20211101113000000,sz.002756,105.9600,107.8000,105.8000,105.8900,1416823,151037168.0000,3
2021-11-01,20211101140000000,sz.002756,105.9200,106.3000,103.9000,104.0800,2161396,227042288.0000,3
2021-11-01,20211101150000000,sz.002756,104.0000,104.5100,102.9900,103.7800,2121620,219873056.0000,3
2021-11-02,20211102103000000,sz.002756,104.9800,108.3800,101.7000,104.2300,4465806,468660096.0000,3
2021-11-02,20211102113000000,sz.002756,104.2300,104.2300,100.6300,102.0500,2230654,227573808.0000,3
2021-11-02,20211102140000000,sz.002756,102.0400,102.0400,97.2500,97.5900,3394232,335965424.0000,3
2021-11-02,20211102150000000,sz.002756,97.5900,99.4300,97.3000,99.1000,2832638,277922528.0000,3
2021-11-03,20211103103000000,sz.002756,99.2500,100.0500,96.0300,98.1300,3394052,333680416.0000,3
2021-11-03,20211103113000000,sz.002756,98.0200,99.1800,96.5000,96.8300,1424539,139185008.0000,3
2021-11-03,20211103140000000,sz.002756,96.8500,97.1600,95.5000,96.6500,1197960,115356560.0000,3
2021-11-03,20211103150000000,sz.002756,96.8600,97.5500,96.4800,97.5000,1311360,127304368.0000,3
2021-11-04,20211104103000000,sz.002756,97.5100,98.5000,95.1000,96.2100,3308615,320249152.0000,3
2021-11-04,20211104113000000,sz.002756,96.1600,97.9900,95.3900,96.5300,1624700,156960496.0000,3
2021-11-04,20211104140000000,sz.002756,96.5100,96.7400,94.5200,94.7000,2875504,274031392.0000,3
2021-11-04,20211104150000000,sz.002756,94.6600,95.8000,93.6600,95.4800,2673999,253344880.0000,3
2021-11-05,20211105103000000,sz.002756,96.1000,100.8100,94.0600,98.3300,5495636,539069200.0000,3
2021-11-05,20211105113000000,sz.002756,98.2600,98.6000,94.8000,96.1200,2223840,213953120.0000,3
2021-11-05,20211105140000000,sz.002756,96.1300,96.5000,94.6300,96.3800,2070200,197496288.0000,3
2021-11-05,20211105150000000,sz.002756,96.1900,96.8000,95.1200,95.3300,1785938,171460448.0000,3
2021-11-08,20211108103000000,sz.002756,96.0000,104.8600,94.6800,104.4700,9549788,956683088.0000,3
2021-11-08,20211108113000000,sz.002756,104.2400,104.8600,104.0400,104.8600,2711802,284143440.0000,3
2021-11-08,20211108140000000,sz.002756,104.8600,104.8600,104.8600,104.8600,240900,25260784.0000,3
2021-11-08,20211108150000000,sz.002756,104.8600,104.8600,104.8600,104.8600,482069,50549744.0000,3
2021-11-09,20211109103000000,sz.002756,106.8800,113.5300,106.6600,111.6500,11102005,1227129856.0000,3
2021-11-09,20211109113000000,sz.002756,111.7200,115.0000,109.4600,110.1000,3222748,362992816.0000,3
2021-11-09,20211109140000000,sz.002756,110.1000,111.9500,109.3900,110.6200,2462956,272584880.0000,3
2021-11-09,20211109150000000,sz.002756,110.6200,112.8800,110.5000,112.5800,2471314,277141328.0000,3
2021-11-10,20211110103000000,sz.002756,115.8900,115.8900,108.2000,110.5700,5820388,645559840.0000,3
2021-11-10,20211110113000000,sz.002756,109.9900,111.0000,105.9200,107.0100,2918556,314792496.0000,3
2021-11-10,20211110140000000,sz.002756,107.0000,108.3000,105.5000,107.0100,2117206,225612624.0000,3
2021-11-10,20211110150000000,sz.002756,106.7000,109.9900,106.4000,109.1600,2046364,221886976.0000,3
2021-11-11,20211111103000000,sz.002756,108.8000,114.4500,106.6800,111.4600,5966106,663158560.0000,3
2021-11-11,20211111113000000,sz.002756,111.3000,112.9300,109.8700,111.4300,1692810,188585648.0000,3
2021-11-11,20211111140000000,sz.002756,111.4900,111.4900,109.0100,109.8000,2874490,316143072.0000,3
2021-11-11,20211111150000000,sz.002756,109.8200,110.8000,109.7600,110.2000,2114848,233229232.0000,3
2021-11-12,20211112103000000,sz.002756,110.2000,113.8000,109.8500,111.0600,4368343,489264208.0000,3
2021-11-12,20211112113000000,sz.002756,110.9500,112.1700,110.2000,111.2000,1450003,160999680.0000,3
2021-11-12,20211112140000000,sz.002756,111.0900,111.7500,110.3800,111.0000,1257290,139497744.0000,3
2021-11-12,20211112150000000,sz.002756,111.0000,111.0500,108.9700,109.2300,2194336,240855360.0000,3
2021-11-15,20211115103000000,sz.002756,108.3300,111.5000,105.3600,109.7000,4439565,479269040.0000,3
2021-11-15,20211115113000000,sz.002756,110.0100,110.9600,107.8100,107.9600,1373000,149842160.0000,3
2021-11-15,20211115140000000,sz.002756,107.9100,110.5200,107.7800,110.1500,1666478,181891472.0000,3
2021-11-15,20211115150000000,sz.002756,110.2300,111.4000,109.5600,110.2400,1929383,213085872.0000,3
2021-11-16,20211116103000000,sz.002756,110.4900,113.3500,109.7800,110.6700,3628844,404720496.0000,3
2021-11-16,20211116113000000,sz.002756,110.5000,113.3900,110.2400,112.7200,1248603,140053680.0000,3
2021-11-16,20211116140000000,sz.002756,112.7100,114.5800,111.3500,111.6000,2051981,231762320.0000,3
2021-11-16,20211116150000000,sz.002756,111.6000,112.5000,110.3600,111.0500,1969000,218660160.0000,3
2021-11-17,20211117103000000,sz.002756,115.9700,122.1600,115.9700,122.1600,7816700,938774080.0000,3
2021-11-17,20211117113000000,sz.002756,122.1600,122.1600,122.1600,122.1600,69833,8530800.0000,3
2021-11-17,20211117140000000,sz.002756,122.1600,122.1600,122.1600,122.1600,106880,13056464.0000,3
2021-11-17,20211117150000000,sz.002756,122.1600,122.1600,122.1600,122.1600,335440,40977360.0000,3
2021-11-18,20211118103000000,sz.002756,126.9900,128.8700,125.1200,127.5600,10086394,1282741616.0000,3
2021-11-18,20211118113000000,sz.002756,127.5600,133.7100,126.8700,132.5700,3536710,462264864.0000,3
2021-11-18,20211118140000000,sz.002756,132.5000,134.3800,131.6300,132.6300,5130449,685887936.0000,3
2021-11-18,20211118150000000,sz.002756,132.6300,134.3800,132.6300,134.3800,2561046,343563728.0000,3
2021-11-19,20211119103000000,sz.002756,131.4300,136.0000,131.0800,134.7900,7085383,947961216.0000,3
2021-11-19,20211119113000000,sz.002756,134.7900,134.8800,131.9400,132.4900,1806257,240556640.0000,3
2021-11-19,20211119140000000,sz.002756,132.2000,133.9000,130.0000,133.1900,3136169,413419856.0000,3
2021-11-19,20211119150000000,sz.002756,133.1300,133.6800,132.2000,133.5000,1787332,237669168.0000,3
2021-11-22,20211122103000000,sz.002756,134.9900,141.3500,134.5000,141.1100,7774511,1071625632.0000,3
2021-11-22,20211122113000000,sz.002756,141.1400,141.1400,137.0000,138.5900,2124398,294765328.0000,3
2021-11-22,20211122140000000,sz.002756,138.5000,139.3200,134.8500,136.2900,2868480,391295616.0000,3
2021-11-22,20211122150000000,sz.002756,136.2000,136.6300,135.3100,135.9900,1584966,215503232.0000,3
2021-11-23,20211123103000000,sz.002756,136.0000,136.9900,131.5900,134.5600,5476184,733287984.0000,3
2021-11-23,20211123113000000,sz.002756,134.5200,136.9600,134.1000,136.3800,1559567,211178032.0000,3
2021-11-23,20211123140000000,sz.002756,136.3700,136.8000,134.5000,136.0000,1398384,189423088.0000,3
2021-11-23,20211123150000000,sz.002756,136.0000,136.5000,133.6700,134.0100,2120808,285575904.0000,3
2021-11-24,20211124103000000,sz.002756,134.0000,136.6000,132.5800,132.6500,3341778,449856224.0000,3
2021-11-24,20211124113000000,sz.002756,132.6500,134.8100,131.1600,133.8900,2575530,341148992.0000,3
2021-11-24,20211124140000000,sz.002756,133.6300,134.2600,132.6000,133.7000,859249,114704400.0000,3
2021-11-24,20211124150000000,sz.002756,133.7000,134.1900,132.2000,132.3500,1164563,154813296.0000,3
2021-11-25,20211125103000000,sz.002756,136.3900,136.3900,131.1000,131.6000,2854040,380296496.0000,3
2021-11-25,20211125113000000,sz.002756,131.6000,132.6200,129.0500,130.0000,2110777,275175936.0000,3
2021-11-25,20211125140000000,sz.002756,130.0000,132.1400,129.8000,131.1900,1009672,132263776.0000,3
2021-11-25,20211125150000000,sz.002756,131.2300,131.9300,130.7100,131.4200,978262,128403248.0000,3
2021-11-26,20211126103000000,sz.002756,133.0000,143.0000,130.5600,140.1300,6710643,925880688.0000,3
2021-11-26,20211126113000000,sz.002756,140.1400,140.5100,135.5000,137.0100,2300281,317495536.0000,3
2021-11-26,20211126140000000,sz.002756,137.0000,137.7000,135.6000,137.2100,1597592,218304944.0000,3
2021-11-26,20211126150000000,sz.002756,137.2400,137.7800,136.0000,136.6500,1569517,214470912.0000,3
2021-11-29,20211129103000000,sz.002756,133.1500,145.9500,133.1500,144.4800,5213248,740602240.0000,3
2021-11-29,20211129113000000,sz.002756,144.4000,145.9500,142.4200,142.9200,1630830,234304592.0000,3
2021-11-29,20211129140000000,sz.002756,143.0200,143.4900,142.0200,143.1800,1133008,161487808.0000,3
2021-11-29,20211129150000000,sz.002756,143.2200,143.3100,141.6100,142.8800,1468675,209166064.0000,3
2021-11-30,20211130103000000,sz.002756,144.7000,144.8000,137.9300,141.9600,3646315,513735392.0000,3
2021-11-30,20211130113000000,sz.002756,141.9800,142.5400,140.5000,142.0500,1145313,162347776.0000,3
2021-11-30,20211130140000000,sz.002756,142.0300,142.6800,140.8500,141.8600,1129150,159929888.0000,3
2021-11-30,20211130150000000,sz.002756,141.8600,144.7500,140.7900,144.7500,3278162,469737680.0000,3
2021-12-01,20211201103000000,sz.002756,143.3000,143.7700,136.9900,138.6000,5837811,814174816.0000,3
2021-12-01,20211201113000000,sz.002756,138.5300,139.2300,136.1000,138.3800,3511980,482674400.0000,3
2021-12-01,20211201140000000,sz.002756,138.4500,139.4300,137.5000,137.7000,2043216,282675184.0000,3
2021-12-01,20211201150000000,sz.002756,137.7000,141.7200,137.7000,141.7200,2146860,299451328.0000,3
2021-12-02,20211202103000000,sz.002756,142.0000,142.0000,137.7700,139.0400,3817195,532099200.0000,3
2021-12-02,20211202113000000,sz.002756,139.0300,139.6800,137.6000,138.3400,1051325,145614752.0000,3
2021-12-02,20211202140000000,sz.002756,138.1900,139.5700,137.9900,139.5700,1095840,151996576.0000,3
2021-12-02,20211202150000000,sz.002756,139.5400,140.5000,139.2200,139.8900,1227888,171772576.0000,3
2021-12-03,20211203103000000,sz.002756,140.3700,146.5000,139.3000,142.3000,3809189,542669376.0000,3
2021-12-03,20211203113000000,sz.002756,142.3500,143.6200,140.5100,141.2300,802684,113980304.0000,3
2021-12-03,20211203140000000,sz.002756,141.0100,141.9000,140.1300,141.8800,841268,118713696.0000,3
2021-12-03,20211203150000000,sz.002756,141.8500,142.0200,140.7000,141.3500,1008970,142569776.0000,3
2021-12-06,20211206103000000,sz.002756,140.0000,142.5400,137.4000,140.0800,2987681,418380384.0000,3
2021-12-06,20211206113000000,sz.002756,139.9900,140.7200,138.4900,139.2100,1217380,169959552.0000,3
2021-12-06,20211206140000000,sz.002756,139.2900,140.4900,138.6800,139.0300,946687,131998368.0000,3
2021-12-06,20211206150000000,sz.002756,139.0300,139.4000,136.2000,136.7400,2176961,299291280.0000,3
2021-12-07,20211207103000000,sz.002756,138.9800,139.6300,130.0000,131.0100,4614829,622697872.0000,3
2021-12-07,20211207113000000,sz.002756,131.0100,132.2800,128.8800,131.1400,2073967,270219760.0000,3
2021-12-07,20211207140000000,sz.002756,130.6000,131.3100,126.8800,130.2500,3658357,471591792.0000,3
2021-12-07,20211207150000000,sz.002756,130.2500,131.6700,129.7900,131.3000,2187162,285591520.0000,3
2021-12-08,20211208103000000,sz.002756,132.7800,136.2600,131.5800,134.6600,4602711,618966592.0000,3
2021-12-08,20211208113000000,sz.002756,134.6500,135.2900,133.5400,134.0500,1304117,175271344.0000,3
2021-12-08,20211208140000000,sz.002756,133.9900,136.1900,132.8000,135.7800,1569988,211142688.0000,3
2021-12-08,20211208150000000,sz.002756,135.6200,136.8700,135.4300,136.1000,1359961,184948224.0000,3
2021-12-09,20211209103000000,sz.002756,135.5000,136.0000,131.0000,131.9600,2412051,320788288.0000,3
2021-12-09,20211209113000000,sz.002756,132.2700,135.1200,131.6700,134.1000,1237000,165819440.0000,3
2021-12-09,20211209140000000,sz.002756,134.0800,134.3300,132.4800,134.2000,1568377,209312944.0000,3
2021-12-09,20211209150000000,sz.002756,134.0000,134.8000,133.7800,134.2500,1027695,137961248.0000,3
2021-12-10,20211210103000000,sz.002756,133.3800,140.3800,133.0000,138.1700,6956624,962876064.0000,3
2021-12-10,20211210113000000,sz.002756,138.4300,140.9300,137.9000,138.9500,2348490,327479264.0000,3
2021-12-10,20211210140000000,sz.002756,138.9500,140.1200,138.9500,140.1200,1683025,234778320.0000,3
2021-12-10,20211210150000000,sz.002756,140.1200,140.4500,137.8100,138.4100,3143383,437375840.0000,3
2021-12-13,20211213103000000,sz.002756,139.4900,139.4900,132.0000,133.6000,5423050,727863776.0000,3
2021-12-13,20211213113000000,sz.002756,133.6000,138.0000,133.3700,137.3500,2708126,366042400.0000,3
2021-12-13,20211213140000000,sz.002756,137.2500,138.0800,136.5100,137.3200,1050807,144333808.0000,3
2021-12-13,20211213150000000,sz.002756,137.3200,137.3900,135.5000,136.6500,1636502,222723392.0000,3
2021-12-14,20211214103000000,sz.002756,136.1200,136.8800,130.0000,130.0300,3326243,441399408.0000,3
2021-12-14,20211214113000000,sz.002756,130.0800,131.4900,129.1000,130.8000,1783539,231998816.0000,3
2021-12-14,20211214140000000,sz.002756,130.9200,133.3300,130.7400,131.5300,948602,125242688.0000,3
2021-12-14,20211214150000000,sz.002756,131.5300,131.6900,130.1400,130.7600,1252338,163756272.0000,3
2021-12-15,20211215103000000,sz.002756,130.7600,134.2000,129.2000,129.4000,2312322,303813952.0000,3
2021-12-15,20211215113000000,sz.002756,129.4100,129.9200,127.0100,127.6500,1902368,244054432.0000,3
2021-12-15,20211215140000000,sz.002756,127.6500,128.1400,126.7000,126.9200,1879800,239458688.0000,3
2021-12-15,20211215150000000,sz.002756,126.8300,128.6000,126.6500,127.8000,1508744,192656688.0000,3
2021-12-16,20211216103000000,sz.002756,129.0000,130.2200,126.7400,127.6000,2562314,329254112.0000,3
2021-12-16,20211216113000000,sz.002756,127.6000,128.3300,126.8200,127.0000,820180,104533488.0000,3
2021-12-16,20211216140000000,sz.002756,126.9900,127.8300,126.6000,127.5100,867697,110327168.0000,3
2021-12-16,20211216150000000,sz.002756,127.5100,128.3000,126.8300,128.0500,1437347,183389168.0000,3
2021-12-17,20211217103000000,sz.002756,127.8000,129.9000,127.0100,128.8500,2252544,289645792.0000,3
2021-12-17,20211217113000000,sz.002756,128.8000,130.2800,128.1100,129.4000,1128920,145994016.0000,3
2021-12-17,20211217140000000,sz.002756,129.3800,130.9300,128.7600,129.6800,1106770,143600912.0000,3
2021-12-17,20211217150000000,sz.002756,129.7000,130.2200,128.9300,129.0600,1154610,149432208.0000,3
2021-12-20,20211220103000000,sz.002756,129.1000,134.5000,127.3000,129.7200,4365318,576995936.0000,3
2021-12-20,20211220113000000,sz.002756,129.7100,130.3700,127.7200,128.7000,1931059,249041216.0000,3
2021-12-20,20211220140000000,sz.002756,128.9000,132.8000,128.2900,129.6200,1692318,221162496.0000,3
2021-12-20,20211220150000000,sz.002756,129.6200,130.8300,129.1600,130.0200,1482610,192523616.0000,3
2021-12-21,20211221103000000,sz.002756,128.1000,133.8500,128.0200,128.3000,3676590,481324560.0000,3
2021-12-21,20211221113000000,sz.002756,128.3000,129.1300,125.9800,127.0500,1836121,233840512.0000,3
2021-12-21,20211221140000000,sz.002756,127.0400,129.6800,126.7100,128.1400,1099316,140954176.0000,3
2021-12-21,20211221150000000,sz.002756,128.1400,129.3000,127.5000,128.8000,1230436,157914640.0000,3
2021-12-22,20211222103000000,sz.002756,131.0000,133.9800,125.0300,128.1000,4254050,549737184.0000,3
2021-12-22,20211222113000000,sz.002756,128.1000,128.8700,126.1800,127.0500,1309268,167019120.0000,3
2021-12-22,20211222140000000,sz.002756,127.0500,127.4100,126.3000,126.3500,1111680,140892288.0000,3
2021-12-22,20211222150000000,sz.002756,126.3100,126.5900,125.0000,125.5100,1568133,196964976.0000,3
2021-12-23,20211223103000000,sz.002756,127.0000,127.4300,120.5300,122.3600,4661660,575599456.0000,3
2021-12-23,20211223113000000,sz.002756,122.3600,123.5000,121.5400,122.3000,1490055,182608944.0000,3
2021-12-23,20211223140000000,sz.002756,122.0000,122.3000,118.5600,118.7300,2980320,358323616.0000,3
2021-12-23,20211223150000000,sz.002756,118.7500,120.2700,118.7500,119.4100,2532281,302679152.0000,3
2021-12-24,20211224103000000,sz.002756,120.0200,120.4900,111.0000,112.3600,7613091,873693840.0000,3
2021-12-24,20211224113000000,sz.002756,112.4300,115.7100,112.3500,114.2400,2759000,315019040.0000,3
2021-12-24,20211224140000000,sz.002756,114.3000,116.4000,113.6600,113.6600,1734644,199353968.0000,3
2021-12-24,20211224150000000,sz.002756,113.6600,114.4900,112.9000,113.0000,2997637,340639840.0000,3
2021-12-27,20211227103000000,sz.002756,114.8000,124.3000,114.1300,124.3000,5021368,601299616.0000,3
2021-12-27,20211227113000000,sz.002756,124.3000,124.3000,124.3000,124.3000,90600,11261584.0000,3
2021-12-27,20211227140000000,sz.002756,124.3000,124.3000,120.7800,122.3400,4876705,600588096.0000,3
2021-12-27,20211227150000000,sz.002756,122.3200,122.6000,119.5800,122.0000,2335557,282580960.0000,3
2021-12-28,20211228103000000,sz.002756,124.0800,131.5900,121.5100,129.1500,9161233,1167844944.0000,3
2021-12-28,20211228113000000,sz.002756,129.1300,130.7300,128.1000,128.7800,2178574,282021504.0000,3
2021-12-28,20211228140000000,sz.002756,128.8000,132.8800,127.9300,132.4600,2719094,355729760.0000,3
2021-12-28,20211228150000000,sz.002756,132.4400,134.2000,131.4500,134.2000,2400736,320447760.0000,3
2021-12-29,20211229103000000,sz.002756,134.5000,147.0000,134.5000,143.7400,11877939,1693504848.0000,3
2021-12-29,20211229113000000,sz.002756,143.7400,147.5200,141.6300,144.6200,2847437,410406256.0000,3
2021-12-29,20211229140000000,sz.002756,145.0500,145.0500,140.9900,142.3900,2574532,367187648.0000,3
2021-12-29,20211229150000000,sz.002756,142.3900,144.2700,142.0000,143.1100,3248706,464188848.0000,3
2021-12-30,20211230103000000,sz.002756,144.6000,146.9000,141.0000,146.6000,4531925,655808144.0000,3
2021-12-30,20211230113000000,sz.002756,146.5900,146.8100,145.0900,145.6500,1661480,242627024.0000,3
2021-12-30,20211230140000000,sz.002756,145.6500,146.6900,143.6600,143.6700,1812817,262616368.0000,3
2021-12-30,20211230150000000,sz.002756,143.6700,144.8000,143.5800,143.7200,1824956,263325168.0000,3
2021-12-31,20211231103000000,sz.002756,147.1100,148.8000,143.3500,145.6700,5129546,747834864.0000,3
2021-12-31,20211231113000000,sz.002756,145.6700,150.0000,145.3400,146.8000,2687773,397903264.0000,3
2021-12-31,20211231140000000,sz.002756,146.8000,149.4000,145.2300,148.1600,1812108,267883136.0000,3
2021-12-31,20211231150000000,sz.002756,148.0000,149.3000,147.6100,148.0200,2013881,298752800.0000,3
