date,time,code,open,high,low,close,volume,amount,adjustflag
2021-01-04,20210104103000000,sz.002159,11.8400,11.9200,11.7200,11.7500,487400,5755715.0000,3
2021-01-04,20210104113000000,sz.002159,11.7500,11.8800,11.6800,11.8000,393800,4634387.0000,3
2021-01-04,20210104140000000,sz.002159,11.8000,11.9000,11.8000,11.8500,155300,1840701.0000,3
2021-01-04,20210104150000000,sz.002159,11.8500,11.9900,11.8500,11.8800,200313,2388851.0000,3
2021-01-05,20210105103000000,sz.002159,11.7600,11.9000,11.6600,11.7100,440300,5177573.0000,3
2021-01-05,20210105113000000,sz.002159,11.7100,11.7500,11.6700,11.7400,120700,1411790.0000,3
2021-01-05,20210105140000000,sz.002159,11.7400,11.7800,11.7000,11.7200,91700,1076165.0000,3
2021-01-05,20210105150000000,sz.002159,11.7200,11.7800,11.6700,11.6900,188900,2210734.0000,3
2021-01-06,20210106103000000,sz.002159,11.6100,11.7800,11.4300,11.6800,581413,6740520.0000,3
2021-01-06,20210106113000000,sz.002159,11.6800,11.7900,11.6000,11.7100,306785,3593958.0000,3
2021-01-06,20210106140000000,sz.002159,11.7100,11.7100,11.6000,11.6800,240700,2804067.0000,3
2021-01-06,20210106150000000,sz.002159,11.6700,11.7000,11.5900,11.6000,190100,2212072.0000,3
2021-01-07,20210107103000000,sz.002159,11.7000,11.7000,11.3000,11.3900,432265,4942419.0000,3
2021-01-07,20210107113000000,sz.002159,11.3900,11.5000,11.3800,11.4900,273475,3121277.0000,3
2021-01-07,20210107140000000,sz.002159,11.4800,11.4800,11.2000,11.2800,286850,3256457.0000,3
2021-01-07,20210107150000000,sz.002159,11.3300,11.3900,11.2700,11.3200,168400,1907550.0000,3
2021-01-08,20210108103000000,sz.002159,11.3200,11.3200,10.8500,11.1700,486150,5365654.0000,3
2021-01-08,20210108113000000,sz.002159,11.1700,11.2300,10.9900,11.0100,141400,1569745.0000,3
2021-01-08,20210108140000000,sz.002159,11.0100,11.1700,10.9900,11.0500,157214,1734153.0000,3
2021-01-08,20210108150000000,sz.002159,11.0500,11.2400,11.0500,11.2000,320300,3571081.0000,3
2021-01-11,20210111103000000,sz.002159,11.0100,11.1500,10.7600,10.8000,440050,4780817.0000,3
2021-01-11,20210111113000000,sz.002159,10.8000,10.8600,10.7700,10.7700,157100,1697342.0000,3
2021-01-11,20210111140000000,sz.002159,10.7700,10.8300,10.6900,10.7300,213900,2298220.0000,3
2021-01-11,20210111150000000,sz.002159,10.7300,10.7300,10.6000,10.6100,226600,2412481.0000,3
2021-01-12,20210112103000000,sz.002159,10.6100,10.7600,10.5500,10.6900,277300,2955135.0000,3
2021-01-12,20210112113000000,sz.002159,10.6900,10.7200,10.6100,10.7100,87000,926207.0000,3
2021-01-12,20210112140000000,sz.002159,10.7100,10.7600,10.6700,10.7000,106200,1139325.0000,3
2021-01-12,20210112150000000,sz.002159,10.6900,10.7500,10.6500,10.6900,147801,1579378.0000,3
2021-01-13,20210113103000000,sz.002159,10.7100,10.7400,10.2900,10.4200,555900,5802615.0000,3
2021-01-13,20210113113000000,sz.002159,10.4200,10.4300,10.3300,10.4000,120500,1250973.0000,3
2021-01-13,20210113140000000,sz.002159,10.4000,10.4400,10.3200,10.4100,163384,1695514.0000,3
2021-01-13,20210113150000000,sz.002159,10.4100,10.6300,10.3900,10.4400,286599,3000659.0000,3
2021-01-14,20210114103000000,sz.002159,10.3200,10.5800,10.3100,10.3500,412599,4306805.0000,3
2021-01-14,20210114113000000,sz.002159,10.3300,10.4800,10.3300,10.4200,221700,2310482.0000,3
2021-01-14,20210114140000000,sz.002159,10.4200,10.4600,10.3000,10.4300,221918,2300511.0000,3
2021-01-14,20210114150000000,sz.002159,10.4300,10.5700,10.3600,10.4500,283088,2957524.0000,3
2021-01-15,20210115103000000,sz.002159,10.3600,10.4900,10.2600,10.3500,409725,4246171.0000,3
2021-01-15,20210115113000000,sz.002159,10.3800,10.3900,10.3100,10.3600,121100,1253143.0000,3
2021-01-15,20210115140000000,sz.002159,10.3600,10.3600,10.2900,10.3000,328500,3385964.0000,3
2021-01-15,20210115150000000,sz.002159,10.3000,10.4100,10.2900,10.4000,414700,4290643.0000,3
2021-01-18,20210118103000000,sz.002159,10.3500,10.4300,10.3000,10.3800,366300,3799020.0000,3
2021-01-18,20210118113000000,sz.002159,10.3800,10.4500,10.3800,10.4500,146200,1522054.0000,3
2021-01-18,20210118140000000,sz.002159,10.4500,10.4900,10.4200,10.4700,177724,1858767.0000,3
2021-01-18,20210118150000000,sz.002159,10.4700,10.5100,10.4200,10.4800,412600,4322947.0000,3
2021-01-19,20210119103000000,sz.002159,10.4700,10.7300,10.4100,10.7100,753550,8021707.0000,3
2021-01-19,20210119113000000,sz.002159,10.7100,10.7300,10.6000,10.6200,534900,5693298.0000,3
2021-01-19,20210119140000000,sz.002159,10.6200,10.6500,10.4900,10.5200,417400,4408350.0000,3
2021-01-19,20210119150000000,sz.002159,10.5200,10.6300,10.5100,10.6000,366900,3882589.0000,3
2021-01-20,20210120103000000,sz.002159,10.5600,10.7000,10.4800,10.5800,467900,4940448.0000,3
2021-01-20,20210120113000000,sz.002159,10.5900,10.6400,10.5400,10.5500,356000,3763373.0000,3
2021-01-20,20210120140000000,sz.002159,10.5500,10.5700,10.5200,10.5400,285363,3006471.0000,3
2021-01-20,20210120150000000,sz.002159,10.5300,10.5700,10.5100,10.5600,227300,2395328.0000,3
2021-01-21,20210121103000000,sz.002159,10.4500,10.6400,10.4500,10.5700,229962,2422670.0000,3
2021-01-21,20210121113000000,sz.002159,10.5700,10.5700,10.4900,10.5500,111600,1174650.0000,3
2021-01-21,20210121140000000,sz.002159,10.5500,10.5500,10.4700,10.4900,150700,1582808.0000,3
2021-01-21,20210121150000000,sz.002159,10.4900,10.5000,10.3900,10.4400,201300,2102869.0000,3
2021-01-22,20210122103000000,sz.002159,10.4800,10.4800,10.2000,10.3300,349227,3599992.0000,3
2021-01-22,20210122113000000,sz.002159,10.3300,10.4300,10.2900,10.3900,450100,4655231.0000,3
2021-01-22,20210122140000000,sz.002159,10.3700,10.3800,10.2800,10.2800,101702,1050021.0000,3
2021-01-22,20210122150000000,sz.002159,10.2800,10.3700,10.2100,10.3100,230600,2377158.0000,3
2021-01-25,20210125103000000,sz.002159,10.3400,10.3400,9.9000,10.0700,406600,4093524.0000,3
2021-01-25,20210125113000000,sz.002159,10.0700,10.1100,9.9600,10.0400,425500,4261500.0000,3
2021-01-25,20210125140000000,sz.002159,10.0400,10.1600,9.9600,10.0400,186000,1865510.0000,3
2021-01-25,20210125150000000,sz.002159,10.0400,10.0500,9.9700,10.0200,201616,2019801.0000,3
2021-01-26,20210126103000000,sz.002159,9.9300,10.1500,9.8900,10.0800,276700,2779878.0000,3
2021-01-26,20210126113000000,sz.002159,10.0700,10.0800,9.9900,9.9900,145343,1458164.0000,3
2021-01-26,20210126140000000,sz.002159,10.0100,10.0700,10.0000,10.0600,113268,1136679.0000,3
2021-01-26,20210126150000000,sz.002159,10.0600,10.0800,10.0200,10.0700,145158,1457884.0000,3
2021-01-27,20210127103000000,sz.002159,10.0900,10.1500,9.8500,10.0800,285850,2867073.0000,3
2021-01-27,20210127113000000,sz.002159,10.0900,10.2100,10.0500,10.0900,167000,1689358.0000,3
2021-01-27,20210127140000000,sz.002159,10.0900,10.1100,10.0200,10.0300,100300,1008960.0000,3
2021-01-27,20210127150000000,sz.002159,10.0300,10.1000,10.0200,10.0600,82200,827080.0000,3
2021-01-28,20210128103000000,sz.002159,10.0700,10.6300,10.0100,10.6100,1042608,10838405.0000,3
2021-01-28,20210128113000000,sz.002159,10.6100,10.6300,10.5000,10.5100,242100,2556220.0000,3
2021-01-28,20210128140000000,sz.002159,10.5100,10.5100,10.3200,10.3400,126900,1324983.0000,3
2021-01-28,20210128150000000,sz.002159,10.3400,10.4300,10.3200,10.3800,148200,1535449.0000,3
2021-01-29,20210129103000000,sz.002159,10.4400,10.4700,9.9300,10.0300,523600,5289858.0000,3
2021-01-29,20210129113000000,sz.002159,10.0300,10.2500,9.9600,10.2000,296600,2985291.0000,3
2021-01-29,20210129140000000,sz.002159,10.2000,10.2400,10.1100,10.2100,210058,2132375.0000,3
2021-01-29,20210129150000000,sz.002159,10.2100,10.3200,10.0800,10.3000,260450,2652006.0000,3
2021-02-01,20210201103000000,sz.002159,10.1200,10.3100,10.1200,10.1900,475400,4848747.0000,3
2021-02-01,20210201113000000,sz.002159,10.1900,10.2600,10.1700,10.1800,169501,1731196.0000,3
2021-02-01,20210201140000000,sz.002159,10.1800,10.2800,10.1500,10.2800,163300,1667835.0000,3
2021-02-01,20210201150000000,sz.002159,10.2800,10.5600,10.2400,10.5000,426522,4427592.0000,3
2021-02-02,20210202103000000,sz.002159,10.5400,10.5400,10.1100,10.2300,418000,4278774.0000,3
2021-02-02,20210202113000000,sz.002159,10.2300,10.3200,10.1700,10.2800,159300,1627534.0000,3
2021-02-02,20210202140000000,sz.002159,10.2900,10.3300,10.2100,10.3300,139000,1427396.0000,3
2021-02-02,20210202150000000,sz.002159,10.3300,10.4800,10.3000,10.4000,247547,2568866.0000,3
2021-02-03,20210203103000000,sz.002159,10.2100,10.4300,10.1900,10.4100,268500,2762644.0000,3
2021-02-03,20210203113000000,sz.002159,10.4100,10.4800,10.2600,10.2700,166200,1728548.0000,3
2021-02-03,20210203140000000,sz.002159,10.2700,10.4800,10.2500,10.3400,241650,2495973.0000,3
2021-02-03,20210203150000000,sz.002159,10.3400,10.4500,10.3300,10.4000,195800,2035055.0000,3
2021-02-04,20210204103000000,sz.002159,10.3200,10.3500,10.2000,10.2300,361794,3720908.0000,3
2021-02-04,20210204113000000,sz.002159,10.2300,10.2300,10.1200,10.1200,183600,1864650.0000,3
2021-02-04,20210204140000000,sz.002159,10.1200,10.2200,10.0800,10.1600,105400,1067629.0000,3
2021-02-04,20210204150000000,sz.002159,10.1600,10.2000,10.1200,10.1200,117600,1194181.0000,3
2021-02-05,20210205103000000,sz.002159,10.0100,10.2300,10.0100,10.2000,397450,4027756.0000,3
2021-02-05,20210205113000000,sz.002159,10.2000,10.3400,10.1600,10.3300,187500,1924995.0000,3
2021-02-05,20210205140000000,sz.002159,10.3300,10.4800,10.2800,10.4200,214300,2223451.0000,3
2021-02-05,20210205150000000,sz.002159,10.4200,10.5600,10.2400,10.3000,401000,4146288.0000,3
2021-02-08,20210208103000000,sz.002159,10.2900,10.8200,10.2700,10.6600,856300,9100043.0000,3
2021-02-08,20210208113000000,sz.002159,10.6600,10.6800,10.5800,10.6800,214672,2279551.0000,3
2021-02-08,20210208140000000,sz.002159,10.6800,10.8100,10.6600,10.7800,298200,3203028.0000,3
2021-02-08,20210208150000000,sz.002159,10.7700,10.9400,10.7000,10.8200,568100,6151666.0000,3
2021-02-09,20210209103000000,sz.002159,10.6600,10.8500,10.5700,10.5800,507100,5421558.0000,3
2021-02-09,20210209113000000,sz.002159,10.5800,10.6700,10.5300,10.6200,142600,1510159.0000,3
2021-02-09,20210209140000000,sz.002159,10.6300,10.6300,10.5600,10.5900,193400,2046841.0000,3
2021-02-09,20210209150000000,sz.002159,10.5900,10.6400,10.5700,10.5700,200900,2127786.0000,3
2021-02-10,20210210103000000,sz.002159,10.5200,10.6800,10.3100,10.6200,359200,3770654.0000,3
2021-02-10,20210210113000000,sz.002159,10.6100,10.6600,10.5500,10.6000,127700,1354691.0000,3
2021-02-10,20210210140000000,sz.002159,10.6000,10.6800,10.5600,10.6600,98900,1049272.0000,3
2021-02-10,20210210150000000,sz.002159,10.6600,10.8400,10.6200,10.7800,349100,3753440.0000,3
2021-02-18,20210218103000000,sz.002159,10.9900,11.2300,10.8000,10.9100,769900,8435860.0000,3
2021-02-18,20210218113000000,sz.002159,10.9100,11.1000,10.8900,10.9600,272700,2990966.0000,3
2021-02-18,20210218140000000,sz.002159,10.9600,11.0000,10.8800,10.8900,135200,1481493.0000,3
2021-02-18,20210218150000000,sz.002159,10.8900,10.9500,10.8500,10.9400,224200,2443673.0000,3
2021-02-19,20210219103000000,sz.002159,10.9300,11.0200,10.8300,10.9800,360962,3949059.0000,3
2021-02-19,20210219113000000,sz.002159,10.9900,11.1800,10.9800,11.1000,341200,3775487.0000,3
2021-02-19,20210219140000000,sz.002159,11.1000,11.1600,11.1000,11.1100,133700,1487433.0000,3
2021-02-19,20210219150000000,sz.002159,11.1200,11.1700,11.1100,11.1400,259300,2887155.0000,3
2021-02-22,20210222103000000,sz.002159,11.4800,11.4800,11.0800,11.3600,496900,5602502.0000,3
2021-02-22,20210222113000000,sz.002159,11.3700,11.5600,11.3700,11.5300,378900,4341083.0000,3
2021-02-22,20210222140000000,sz.002159,11.5300,11.5600,11.4100,11.4900,177100,2032504.0000,3
2021-02-22,20210222150000000,sz.002159,11.4900,11.5600,11.4300,11.5000,373348,4291816.0000,3
2021-02-23,20210223103000000,sz.002159,11.3300,11.5500,11.2600,11.5000,361500,4115761.0000,3
2021-02-23,20210223113000000,sz.002159,11.5000,11.5000,11.3900,11.4400,75400,863111.0000,3
2021-02-23,20210223140000000,sz.002159,11.4400,11.6900,11.4400,11.5800,248000,2876294.0000,3
2021-02-23,20210223150000000,sz.002159,11.5800,11.6600,11.5100,11.6000,265909,3081624.0000,3
2021-02-24,20210224103000000,sz.002159,11.4900,12.1800,11.4900,12.0700,858500,10310833.0000,3
2021-02-24,20210224113000000,sz.002159,12.0700,12.3000,11.9900,12.0200,522300,6325800.0000,3
2021-02-24,20210224140000000,sz.002159,12.0300,12.1300,12.0200,12.0800,174830,2110871.0000,3
2021-02-24,20210224150000000,sz.002159,12.0900,12.0900,11.9000,11.9900,335141,4028184.0000,3
2021-02-25,20210225103000000,sz.002159,12.2500,12.2500,11.8100,11.9200,401200,4801918.0000,3
2021-02-25,20210225113000000,sz.002159,11.9100,12.0100,11.8700,11.9500,117900,1408891.0000,3
2021-02-25,20210225140000000,sz.002159,12.0000,12.0600,11.8300,11.8300,149000,1781496.0000,3
2021-02-25,20210225150000000,sz.002159,11.8300,11.9800,11.7600,11.8600,272622,3225689.0000,3
2021-02-26,20210226103000000,sz.002159,11.7200,12.0800,11.7200,12.0300,423312,5069034.0000,3
2021-02-26,20210226113000000,sz.002159,12.0300,12.0300,11.8700,11.8700,98400,1173471.0000,3
2021-02-26,20210226140000000,sz.002159,11.8700,11.9200,11.8200,11.9100,107500,1276707.0000,3
2021-02-26,20210226150000000,sz.002159,11.9100,11.9500,11.8400,11.8600,135322,1611120.0000,3
2021-03-01,20210301103000000,sz.002159,11.8600,12.1100,11.7600,12.0500,496801,5941178.0000,3
2021-03-01,20210301113000000,sz.002159,12.0700,12.2000,12.0300,12.0300,202700,2455020.0000,3
2021-03-01,20210301140000000,sz.002159,12.0300,12.1300,12.0000,12.0800,114500,1380752.0000,3
2021-03-01,20210301150000000,sz.002159,12.0800,12.1100,12.0200,12.0800,180412,2175827.0000,3
2021-03-02,20210302103000000,sz.002159,12.0200,12.3200,12.0100,12.1400,510800,6212909.0000,3
2021-03-02,20210302113000000,sz.002159,12.1400,12.1900,12.0400,12.1500,204061,2472194.0000,3
2021-03-02,20210302140000000,sz.002159,12.1500,12.1600,12.0400,12.0400,98200,1187202.0000,3
2021-03-02,20210302150000000,sz.002159,12.0400,12.1100,12.0100,12.0600,229900,2772839.0000,3
2021-03-03,20210303103000000,sz.002159,12.1500,12.1900,11.9500,12.1000,404550,4892394.0000,3
2021-03-03,20210303113000000,sz.002159,12.0800,12.1700,12.0400,12.1100,134100,1622866.0000,3
2021-03-03,20210303140000000,sz.002159,12.1100,12.1200,12.0000,12.0400,178900,2154770.0000,3
2021-03-03,20210303150000000,sz.002159,12.0500,12.4900,12.0500,12.4500,704022,8641555.0000,3
2021-03-04,20210304103000000,sz.002159,12.3300,12.5500,12.0700,12.1000,496600,6057436.0000,3
2021-03-04,20210304113000000,sz.002159,12.1000,12.1800,12.0800,12.1400,91700,1112176.0000,3
2021-03-04,20210304140000000,sz.002159,12.1400,12.1400,12.0600,12.1100,108300,1310816.0000,3
2021-03-04,20210304150000000,sz.002159,12.1100,12.1400,12.0700,12.0700,171500,2074671.0000,3
2021-03-05,20210305103000000,sz.002159,12.2800,12.2800,12.0400,12.0400,335688,4082952.0000,3
2021-03-05,20210305113000000,sz.002159,12.0500,12.0800,11.9500,12.0100,168900,2029757.0000,3
2021-03-05,20210305140000000,sz.002159,12.0100,12.1400,12.0000,12.1400,138722,1672596.0000,3
2021-03-05,20210305150000000,sz.002159,12.1400,12.1800,12.0500,12.1300,194713,2362963.0000,3
2021-03-08,20210308103000000,sz.002159,12.0100,12.3400,12.0100,12.1700,464188,5651037.0000,3
2021-03-08,20210308113000000,sz.002159,12.1700,12.2300,12.1100,12.1900,147300,1793260.0000,3
2021-03-08,20210308140000000,sz.002159,12.1900,12.1900,11.9200,11.9600,506100,6074081.0000,3
2021-03-08,20210308150000000,sz.002159,11.9600,11.9600,11.7000,11.7700,298500,3531878.0000,3
2021-03-09,20210309103000000,sz.002159,11.7800,11.8600,11.4400,11.8100,682173,7947082.0000,3
2021-03-09,20210309113000000,sz.002159,11.8100,12.0900,11.6900,11.9800,246000,2923439.0000,3
2021-03-09,20210309140000000,sz.002159,12.0000,12.1900,11.8800,11.9700,383300,4609064.0000,3
2021-03-09,20210309150000000,sz.002159,11.9700,12.0600,11.8300,11.8400,243100,2897025.0000,3
2021-03-10,20210310103000000,sz.002159,11.7700,11.7800,11.6000,11.7100,387800,4522768.0000,3
2021-03-10,20210310113000000,sz.002159,11.7100,11.7700,11.6100,11.7200,140300,1639621.0000,3
2021-03-10,20210310140000000,sz.002159,11.7200,11.7400,11.6000,11.6600,223500,2603098.0000,3
2021-03-10,20210310150000000,sz.002159,11.6600,11.6900,11.6100,11.6100,133913,1558364.0000,3
2021-03-11,20210311103000000,sz.002159,11.5900,11.8800,11.5400,11.7500,366313,4293642.0000,3
2021-03-11,20210311113000000,sz.002159,11.7400,11.7600,11.6300,11.6800,221000,2581078.0000,3
2021-03-11,20210311140000000,sz.002159,11.6700,11.7400,11.6600,11.6900,106581,1246995.0000,3
2021-03-11,20210311150000000,sz.002159,11.6800,11.8200,11.6500,11.8200,237601,2778306.0000,3
2021-03-12,20210312103000000,sz.002159,11.7500,11.9800,11.6400,11.6600,511900,6040058.0000,3
2021-03-12,20210312113000000,sz.002159,11.6600,11.7600,11.6300,11.7100,251100,2932471.0000,3
2021-03-12,20210312140000000,sz.002159,11.7100,11.8500,11.6800,11.8100,281242,3305802.0000,3
2021-03-12,20210312150000000,sz.002159,11.8300,12.0000,11.7700,11.9300,366287,4361864.0000,3
2021-03-15,20210315103000000,sz.002159,11.8500,12.5400,11.7600,12.2500,1385600,16963289.0000,3
2021-03-15,20210315113000000,sz.002159,12.2800,12.4300,12.2200,12.2800,397100,4902911.0000,3
2021-03-15,20210315140000000,sz.002159,12.2800,12.2800,12.1000,12.1300,273001,3320355.0000,3
2021-03-15,20210315150000000,sz.002159,12.1300,12.2500,12.1100,12.2500,334062,4065711.0000,3
2021-03-16,20210316103000000,sz.002159,12.1600,12.5100,12.1100,12.3300,1053963,12972433.0000,3
2021-03-16,20210316113000000,sz.002159,12.3300,12.3600,12.1900,12.2500,433600,5309169.0000,3
2021-03-16,20210316140000000,sz.002159,12.2400,12.2700,12.1500,12.1700,288900,3528061.0000,3
2021-03-16,20210316150000000,sz.002159,12.1700,12.3900,12.1300,12.3400,489800,5993817.0000,3
2021-03-17,20210317103000000,sz.002159,12.2200,12.4500,12.1400,12.3800,978050,12070759.0000,3
2021-03-17,20210317113000000,sz.002159,12.3800,12.3900,12.3000,12.3300,198300,2449273.0000,3
2021-03-17,20210317140000000,sz.002159,12.3300,12.3300,12.2400,12.2900,153900,1890285.0000,3
2021-03-17,20210317150000000,sz.002159,12.3000,12.3200,12.1900,12.2100,242700,2975280.0000,3
2021-03-18,20210318103000000,sz.002159,12.1700,12.4100,12.1600,12.2000,496900,6109173.0000,3
2021-03-18,20210318113000000,sz.002159,12.2000,12.2300,12.1000,12.1400,629852,7648057.0000,3
2021-03-18,20210318140000000,sz.002159,12.1400,12.3300,12.1300,12.2100,236300,2888989.0000,3
2021-03-18,20210318150000000,sz.002159,12.2100,12.2700,12.1600,12.2100,325800,3977723.0000,3
2021-03-19,20210319103000000,sz.002159,12.1000,12.5500,12.0600,12.4700,1345708,16729708.0000,3
2021-03-19,20210319113000000,sz.002159,12.4700,12.5000,12.2300,12.2400,853200,10525183.0000,3
2021-03-19,20210319140000000,sz.002159,12.2400,12.2600,11.9900,11.9900,886251,10740589.0000,3
2021-03-19,20210319150000000,sz.002159,11.9900,12.0600,11.9300,11.9900,816500,9784949.0000,3
2021-03-22,20210322103000000,sz.002159,12.0100,12.4800,11.9600,11.9900,1308880,15981970.0000,3
2021-03-22,20210322113000000,sz.002159,11.9900,12.0000,11.8600,11.8800,462100,5509617.0000,3
2021-03-22,20210322140000000,sz.002159,11.8900,12.1000,11.8300,12.1000,697106,8324279.0000,3
2021-03-22,20210322150000000,sz.002159,12.1000,12.2700,12.1000,12.2200,635365,7732893.0000,3
2021-03-23,20210323103000000,sz.002159,12.1800,12.3300,11.9600,12.0400,845801,10279903.0000,3
2021-03-23,20210323113000000,sz.002159,12.0400,12.1800,12.0300,12.1500,162300,1966278.0000,3
2021-03-23,20210323140000000,sz.002159,12.1500,12.1700,12.0300,12.0400,183900,2223713.0000,3
2021-03-23,20210323150000000,sz.002159,12.0300,12.0300,11.9200,11.9900,392157,4697112.0000,3
2021-03-24,20210324103000000,sz.002159,11.7400,12.2700,11.7200,12.1800,998201,12082823.0000,3
2021-03-24,20210324113000000,sz.002159,12.1800,12.1800,11.8900,11.9100,270800,3259463.0000,3
2021-03-24,20210324140000000,sz.002159,11.9100,11.9700,11.8900,11.9500,145900,1740349.0000,3
2021-03-24,20210324150000000,sz.002159,11.9400,11.9400,11.8000,11.8400,380515,4514321.0000,3
2021-03-25,20210325103000000,sz.002159,11.8300,12.4200,11.7300,12.2700,1389385,16903350.0000,3
2021-03-25,20210325113000000,sz.002159,12.2700,12.4000,12.2100,12.3600,628775,7748122.0000,3
2021-03-25,20210325140000000,sz.002159,12.3600,12.3800,12.1800,12.2500,334400,4091010.0000,3
2021-03-25,20210325150000000,sz.002159,12.2500,12.3400,12.1500,12.3100,450651,5520248.0000,3
2021-03-26,20210326103000000,sz.002159,12.3100,12.4900,12.2000,12.4200,1049900,12984073.0000,3
2021-03-26,20210326113000000,sz.002159,12.4200,12.4500,12.3500,12.3700,350188,4343351.0000,3
2021-03-26,20210326140000000,sz.002159,12.3700,12.4100,12.2900,12.3000,289575,3572745.0000,3
2021-03-26,20210326150000000,sz.002159,12.3000,12.4700,12.2600,12.4700,536913,6647764.0000,3
2021-03-29,20210329103000000,sz.002159,12.4700,12.8400,12.3400,12.6000,1337900,16961063.0000,3
2021-03-29,20210329113000000,sz.002159,12.6000,12.6600,12.5100,12.6000,477900,6001460.0000,3
2021-03-29,20210329140000000,sz.002159,12.5900,12.6400,12.5000,12.5300,265200,3328843.0000,3
2021-03-29,20210329150000000,sz.002159,12.5300,12.5600,12.3600,12.4700,436051,5438516.0000,3
2021-03-30,20210330103000000,sz.002159,12.3800,12.5400,12.1100,12.1700,1251600,15389372.0000,3
2021-03-30,20210330113000000,sz.002159,12.1700,12.2500,12.1200,12.2000,472951,5760005.0000,3
2021-03-30,20210330140000000,sz.002159,12.2000,12.2200,12.0500,12.0500,434100,5266815.0000,3
2021-03-30,20210330150000000,sz.002159,12.0500,12.1300,11.9900,12.1200,343644,4146519.0000,3
2021-03-31,20210331103000000,sz.002159,12.0400,12.3200,12.0000,12.2000,607500,7411503.0000,3
2021-03-31,20210331113000000,sz.002159,12.2000,12.2300,12.0700,12.1200,345000,4185603.0000,3
2021-03-31,20210331140000000,sz.002159,12.1200,12.1400,12.0300,12.0400,258900,3124339.0000,3
2021-03-31,20210331150000000,sz.002159,12.0400,12.1300,11.9900,12.0700,385500,4646681.0000,3
2021-04-01,20210401103000000,sz.002159,12.0200,12.1300,11.8600,12.1000,557300,6689181.0000,3
2021-04-01,20210401113000000,sz.002159,12.0900,12.1900,12.0300,12.0400,186700,2262711.0000,3
2021-04-01,20210401140000000,sz.002159,12.0400,12.1400,12.0000,12.0900,143800,1733060.0000,3
2021-04-01,20210401150000000,sz.002159,12.0900,12.1000,12.0000,12.0400,223301,2689336.0000,3
2021-04-02,20210402103000000,sz.002159,11.9900,12.1700,11.8800,12.1000,501901,6012512.0000,3
2021-04-02,20210402113000000,sz.002159,12.1100,12.3800,12.0800,12.3500,446100,5446353.0000,3
2021-04-02,20210402140000000,sz.002159,12.3600,12.4500,12.2600,12.3000,362400,4478005.0000,3
2021-04-02,20210402150000000,sz.002159,12.3000,12.4400,12.2900,12.4000,431600,5340596.0000,3
2021-04-06,20210406103000000,sz.002159,12.4000,12.5300,12.2500,12.4800,688200,8525840.0000,3
2021-04-06,20210406113000000,sz.002159,12.4800,12.4800,12.3800,12.4000,205300,2547776.0000,3
2021-04-06,20210406140000000,sz.002159,12.4000,12.4300,12.3500,12.3600,108800,1348173.0000,3
2021-04-06,20210406150000000,sz.002159,12.3600,12.3900,12.2600,12.3500,238751,2943359.0000,3
2021-04-07,20210407103000000,sz.002159,12.2100,12.4400,12.2100,12.2500,302900,3725831.0000,3
2021-04-07,20210407113000000,sz.002159,12.2600,12.3100,12.2200,12.3100,131701,1614602.0000,3
2021-04-07,20210407140000000,sz.002159,12.3100,12.3200,12.2300,12.2800,162700,1996985.0000,3
2021-04-07,20210407150000000,sz.002159,12.2900,12.3000,12.2100,12.2500,308600,3783465.0000,3
2021-04-08,20210408103000000,sz.002159,12.4000,12.5900,12.1600,12.2300,788657,9765885.0000,3
2021-04-08,20210408113000000,sz.002159,12.2300,12.2300,12.1000,12.2100,193900,2359053.0000,3
2021-04-08,20210408140000000,sz.002159,12.2100,12.2100,12.0800,12.1100,294200,3568359.0000,3
2021-04-08,20210408150000000,sz.002159,12.1100,12.1100,12.0100,12.0100,345200,4161396.0000,3
2021-04-09,20210409103000000,sz.002159,12.2500,12.2500,12.0000,12.2000,531700,6446127.0000,3
2021-04-09,20210409113000000,sz.002159,12.2000,12.3500,12.1700,12.2100,236400,2896310.0000,3
2021-04-09,20210409140000000,sz.002159,12.2100,12.3800,12.2100,12.3200,307900,3780675.0000,3
2021-04-09,20210409150000000,sz.002159,12.3200,12.5500,12.3000,12.5400,1245600,15520191.0000,3
2021-04-12,20210412103000000,sz.002159,12.5400,12.7000,12.4200,12.6200,1424657,17954844.0000,3
2021-04-12,20210412113000000,sz.002159,12.6200,12.7500,12.5300,12.6200,455900,5760504.0000,3
2021-04-12,20210412140000000,sz.002159,12.6200,12.6500,12.5200,12.6400,323800,4074610.0000,3
2021-04-12,20210412150000000,sz.002159,12.6400,12.6800,12.5700,12.6500,606551,7660323.0000,3
2021-04-13,20210413103000000,sz.002159,12.6300,12.7400,12.4000,12.5600,1260107,15818870.0000,3
2021-04-13,20210413113000000,sz.002159,12.5600,12.8600,12.4600,12.8100,621200,7889633.0000,3
2021-04-13,20210413140000000,sz.002159,12.8200,12.8800,12.1100,12.1400,1646701,20388633.0000,3
2021-04-13,20210413150000000,sz.002159,12.1400,12.2100,12.0100,12.0300,890052,10761568.0000,3
2021-04-14,20210414103000000,sz.002159,11.9500,12.6700,11.8300,12.5400,2056353,25409442.0000,3
2021-04-14,20210414113000000,sz.002159,12.5500,12.6800,12.3500,12.5100,514600,6445900.0000,3
2021-04-14,20210414140000000,sz.002159,12.5100,12.6200,12.4700,12.5600,359900,4522366.0000,3
2021-04-14,20210414150000000,sz.002159,12.5600,12.6500,12.5100,12.6500,716600,9019696.0000,3
2021-04-15,20210415103000000,sz.002159,12.5200,12.6500,12.3000,12.4600,1118500,13925196.0000,3
2021-04-15,20210415113000000,sz.002159,12.4500,12.4700,12.2400,12.2600,522600,6442136.0000,3
2021-04-15,20210415140000000,sz.002159,12.2600,12.3000,12.1700,12.2600,523200,6397855.0000,3
2021-04-15,20210415150000000,sz.002159,12.2600,12.4300,12.2600,12.4300,434000,5352689.0000,3
2021-04-16,20210416103000000,sz.002159,12.3400,12.7700,12.3300,12.6800,1078400,13574892.0000,3
2021-04-16,20210416113000000,sz.002159,12.6800,12.9500,12.6700,12.9400,993700,12746157.0000,3
2021-04-16,20210416140000000,sz.002159,12.9400,13.0800,12.8600,12.9100,597900,7742780.0000,3
2021-04-16,20210416150000000,sz.002159,12.9100,13.0900,12.8900,13.0400,1173588,15267468.0000,3
2021-04-19,20210419103000000,sz.002159,13.3200,13.9500,13.1600,13.6800,3164252,43065875.0000,3
2021-04-19,20210419113000000,sz.002159,13.6800,13.7200,13.4800,13.5200,866000,11756329.0000,3
2021-04-19,20210419140000000,sz.002159,13.5200,13.6900,13.5000,13.6900,760801,10354085.0000,3
2021-04-19,20210419150000000,sz.002159,13.6900,13.7000,13.5300,13.6200,626858,8523236.0000,3
2021-04-20,20210420103000000,sz.002159,13.4600,13.6400,13.4200,13.5300,1288152,17391104.0000,3
2021-04-20,20210420113000000,sz.002159,13.5300,13.5600,13.3800,13.4500,477400,6416866.0000,3
2021-04-20,20210420140000000,sz.002159,13.4500,13.5600,13.4100,13.4800,373200,5028260.0000,3
2021-04-20,20210420150000000,sz.002159,13.4800,13.5700,13.4000,13.4700,623000,8386896.0000,3
2021-04-21,20210421103000000,sz.002159,13.3700,13.6800,13.3200,13.4800,798600,10781625.0000,3
2021-04-21,20210421113000000,sz.002159,13.4800,13.5500,13.4200,13.4300,337454,4554568.0000,3
2021-04-21,20210421140000000,sz.002159,13.4300,13.6000,13.3000,13.5400,623200,8370474.0000,3
2021-04-21,20210421150000000,sz.002159,13.5400,13.5400,13.3800,13.4000,429063,5763076.0000,3
2021-04-22,20210422103000000,sz.002159,13.4400,13.7500,13.3900,13.6500,1045388,14192553.0000,3
2021-04-22,20210422113000000,sz.002159,13.6500,13.6500,13.5100,13.5300,430100,5839927.0000,3
2021-04-22,20210422140000000,sz.002159,13.5600,13.6900,13.5100,13.6400,323000,4391922.0000,3
2021-04-22,20210422150000000,sz.002159,13.6300,13.8500,13.5800,13.7400,1198400,16471877.0000,3
2021-04-23,20210423103000000,sz.002159,13.6500,13.7000,13.1700,13.2700,1355542,18117483.0000,3
2021-04-23,20210423113000000,sz.002159,13.2700,13.3400,13.1900,13.2200,477500,6328118.0000,3
2021-04-23,20210423140000000,sz.002159,13.2200,13.2500,13.1300,13.1900,639400,8432342.0000,3
2021-04-23,20210423150000000,sz.002159,13.1900,13.3200,13.1900,13.2700,556856,7381120.0000,3
2021-04-26,20210426103000000,sz.002159,13.1500,13.2700,13.0500,13.1300,989400,13013968.0000,3
2021-04-26,20210426113000000,sz.002159,13.1300,13.2200,13.1100,13.1400,290800,3823832.0000,3
2021-04-26,20210426140000000,sz.002159,13.1400,13.1400,12.7500,12.8400,1199400,15476610.0000,3
2021-04-26,20210426150000000,sz.002159,12.8400,12.9000,12.6000,12.6000,1008800,12824813.0000,3
2021-04-27,20210427103000000,sz.002159,12.6200,12.8200,12.2300,12.2600,967700,12109142.0000,3
2021-04-27,20210427113000000,sz.002159,12.2600,12.2800,12.1100,12.1700,464400,5665314.0000,3
2021-04-27,20210427140000000,sz.002159,12.1700,12.2600,12.1500,12.2500,270700,3302255.0000,3
2021-04-27,20210427150000000,sz.002159,12.2500,12.3000,12.1900,12.2800,358900,4393419.0000,3
2021-04-28,20210428103000000,sz.002159,12.3200,12.4200,12.1000,12.2200,550501,6749942.0000,3
2021-04-28,20210428113000000,sz.002159,12.2100,12.4100,12.1000,12.3300,417400,5109774.0000,3
2021-04-28,20210428140000000,sz.002159,12.3300,12.3400,12.2500,12.2700,122800,1507911.0000,3
2021-04-28,20210428150000000,sz.002159,12.2700,12.5300,12.2700,12.4900,677212,8427621.0000,3
2021-04-29,20210429103000000,sz.002159,12.4400,12.5000,12.2500,12.3800,387812,4785166.0000,3
2021-04-29,20210429113000000,sz.002159,12.3800,12.4000,12.2000,12.2900,500600,6149018.0000,3
2021-04-29,20210429140000000,sz.002159,12.2900,12.4000,12.2900,12.3800,129300,1598423.0000,3
2021-04-29,20210429150000000,sz.002159,12.3700,12.3900,12.2600,12.2700,290000,3576013.0000,3
2021-04-30,20210430103000000,sz.002159,12.2600,12.4600,12.1500,12.2600,407312,4995218.0000,3
2021-04-30,20210430113000000,sz.002159,12.2600,12.2900,12.2000,12.2100,176500,2160022.0000,3
2021-04-30,20210430140000000,sz.002159,12.2100,12.2600,12.1000,12.1800,246900,3002462.0000,3
2021-04-30,20210430150000000,sz.002159,12.1800,12.2800,12.1800,12.2500,337500,4132553.0000,3
2021-05-06,20210506103000000,sz.002159,12.2600,12.3000,11.0300,11.8400,1627052,19370118.0000,3
2021-05-06,20210506113000000,sz.002159,11.8400,11.8700,11.6700,11.7200,433400,5102713.0000,3
2021-05-06,20210506140000000,sz.002159,11.7200,11.7200,11.5300,11.6900,461000,5358825.0000,3
2021-05-06,20210506150000000,sz.002159,11.6800,11.7300,11.6000,11.6100,424838,4949221.0000,3
2021-05-07,20210507103000000,sz.002159,11.7500,11.8800,11.5000,11.7800,623205,7284661.0000,3
2021-05-07,20210507113000000,sz.002159,11.8000,11.8300,11.7300,11.7700,91252,1074003.0000,3
2021-05-07,20210507140000000,sz.002159,11.7700,11.7700,11.5500,11.6000,422000,4907814.0000,3
2021-05-07,20210507150000000,sz.002159,11.6000,11.6300,11.4900,11.4900,304500,3515554.0000,3
2021-05-10,20210510103000000,sz.002159,11.5100,11.6500,11.2200,11.5100,590300,6762709.0000,3
2021-05-10,20210510113000000,sz.002159,11.5100,11.6300,11.5100,11.6100,252000,2920654.0000,3
2021-05-10,20210510140000000,sz.002159,11.6100,11.7300,11.5600,11.5800,431900,5039537.0000,3
2021-05-10,20210510150000000,sz.002159,11.5800,11.6500,11.5200,11.6000,225300,2612210.0000,3
2021-05-11,20210511103000000,sz.002159,11.4900,11.8400,11.4900,11.6100,810700,9433078.0000,3
2021-05-11,20210511113000000,sz.002159,11.6100,11.7900,11.6100,11.7900,554200,6477558.0000,3
2021-05-11,20210511140000000,sz.002159,11.7900,11.7900,11.7200,11.7300,81400,956143.0000,3
2021-05-11,20210511150000000,sz.002159,11.7400,11.7400,11.6600,11.6700,169400,1980880.0000,3
2021-05-12,20210512103000000,sz.002159,11.7900,11.9500,11.5700,11.7000,778100,9100271.0000,3
2021-05-12,20210512113000000,sz.002159,11.7000,11.7000,11.6300,11.6300,72700,847488.0000,3
2021-05-12,20210512140000000,sz.002159,11.6300,11.6300,11.5000,11.6200,177500,2054882.0000,3
2021-05-12,20210512150000000,sz.002159,11.6200,11.7700,11.5700,11.7700,246400,2867187.0000,3
2021-05-13,20210513103000000,sz.002159,11.7300,11.7800,11.5300,11.7200,333353,3880564.0000,3
2021-05-13,20210513113000000,sz.002159,11.7200,11.7400,11.6300,11.6300,48200,563604.0000,3
2021-05-13,20210513140000000,sz.002159,11.6300,11.6500,11.5100,11.5600,164447,1903011.0000,3
2021-05-13,20210513150000000,sz.002159,11.5600,11.6800,11.4900,11.5200,377953,4367227.0000,3
2021-05-14,20210514103000000,sz.002159,11.5200,11.7300,11.4400,11.6400,614909,7153473.0000,3
2021-05-14,20210514113000000,sz.002159,11.6200,11.7300,11.5100,11.6400,1062000,12359394.0000,3
2021-05-14,20210514140000000,sz.002159,11.6400,11.7000,11.5800,11.5800,131100,1523732.0000,3
2021-05-14,20210514150000000,sz.002159,11.5800,11.8800,11.5700,11.8100,572356,6699981.0000,3
2021-05-17,20210517103000000,sz.002159,11.6500,11.7800,11.5000,11.5000,495200,5738485.0000,3
2021-05-17,20210517113000000,sz.002159,11.5000,11.6100,11.5000,11.5400,150200,1737422.0000,3
2021-05-17,20210517140000000,sz.002159,11.5400,11.9400,11.5000,11.7400,614421,7217029.0000,3
2021-05-17,20210517150000000,sz.002159,11.7400,11.9900,11.6300,11.9800,829885,9845612.0000,3
2021-05-18,20210518103000000,sz.002159,11.8100,11.8900,11.6900,11.7300,401652,4730574.0000,3
2021-05-18,20210518113000000,sz.002159,11.7300,11.8000,11.6500,11.7500,213900,2505387.0000,3
2021-05-18,20210518140000000,sz.002159,11.7500,11.9600,11.6900,11.8200,316700,3736383.0000,3
2021-05-18,20210518150000000,sz.002159,11.8200,12.2400,11.7500,12.2000,810266,9764183.0000,3
2021-05-19,20210519103000000,sz.002159,12.1200,12.1200,11.7200,11.7200,1879400,22325706.0000,3
2021-05-19,20210519113000000,sz.002159,11.7200,11.8200,11.7000,11.8100,287155,3368845.0000,3
2021-05-19,20210519140000000,sz.002159,11.8100,11.8400,11.7900,11.8300,128200,1513646.0000,3
2021-05-19,20210519150000000,sz.002159,11.8300,11.8500,11.7100,11.7100,360000,4227782.0000,3
2021-05-20,20210520103000000,sz.002159,11.6500,11.7900,11.5500,11.5900,407300,4731457.0000,3
2021-05-20,20210520113000000,sz.002159,11.5900,11.7000,11.5700,11.6500,775722,9012278.0000,3
2021-05-20,20210520140000000,sz.002159,11.6600,11.8900,11.6300,11.8200,379850,4474368.0000,3
2021-05-20,20210520150000000,sz.002159,11.8300,11.9500,11.7300,11.8800,729600,8639139.0000,3
2021-05-21,20210521103000000,sz.002159,11.9800,12.1700,11.8000,11.8700,774800,9273906.0000,3
2021-05-21,20210521113000000,sz.002159,11.8700,12.1400,11.8600,11.9800,813100,9754075.0000,3
2021-05-21,20210521140000000,sz.002159,11.9700,12.3300,11.8800,12.2500,1278100,15417353.0000,3
2021-05-21,20210521150000000,sz.002159,12.2500,12.4700,12.1500,12.4500,1231821,15236545.0000,3
2021-05-24,20210524103000000,sz.002159,12.3600,12.4600,12.1800,12.1900,1800122,22074465.0000,3
2021-05-24,20210524113000000,sz.002159,12.1900,12.2200,12.0400,12.1000,418500,5062649.0000,3
2021-05-24,20210524140000000,sz.002159,12.1000,12.1200,12.0400,12.0500,445400,5372141.0000,3
2021-05-24,20210524150000000,sz.002159,12.0500,12.0700,12.0200,12.0300,321300,3869755.0000,3
2021-05-25,20210525103000000,sz.002159,11.9800,12.1000,11.9800,12.0100,429822,5169665.0000,3
2021-05-25,20210525113000000,sz.002159,12.0100,12.0200,11.9300,11.9500,592864,7091072.0000,3
2021-05-25,20210525140000000,sz.002159,11.9500,12.0600,11.9400,11.9700,516700,6180279.0000,3
2021-05-25,20210525150000000,sz.002159,11.9700,12.1300,11.9700,12.1200,413900,4991507.0000,3
2021-05-26,20210526103000000,sz.002159,12.0700,12.1000,11.8900,12.0200,521400,6257936.0000,3
2021-05-26,20210526113000000,sz.002159,12.0200,12.1100,12.0100,12.0400,95900,1155557.0000,3
2021-05-26,20210526140000000,sz.002159,12.0400,12.2700,12.0100,12.1800,475900,5790340.0000,3
2021-05-26,20210526150000000,sz.002159,12.1800,12.2100,12.0700,12.1500,437500,5312708.0000,3
2021-05-27,20210527103000000,sz.002159,12.1300,12.1800,11.9500,12.0500,538508,6494009.0000,3
2021-05-27,20210527113000000,sz.002159,12.0500,12.1900,12.0000,12.1500,1783800,21511370.0000,3
2021-05-27,20210527140000000,sz.002159,12.1500,12.1500,12.0500,12.1300,895500,10821110.0000,3
2021-05-27,20210527150000000,sz.002159,12.1300,12.1300,12.0300,12.0600,498400,6014032.0000,3
2021-05-28,20210528103000000,sz.002159,12.0600,12.0600,11.8900,11.9600,310400,3711768.0000,3
2021-05-28,20210528113000000,sz.002159,11.9300,12.0000,11.9000,11.9500,144000,1717831.0000,3
2021-05-28,20210528140000000,sz.002159,11.9500,12.0400,11.9300,11.9500,329264,3942978.0000,3
2021-05-28,20210528150000000,sz.002159,11.9500,12.0600,11.8900,12.0200,1099600,13218767.0000,3
2021-05-31,20210531103000000,sz.002159,12.0200,12.0200,11.6700,11.7100,915800,10789684.0000,3
2021-05-31,20210531113000000,sz.002159,11.7100,11.8300,11.7000,11.8300,196500,2313391.0000,3
2021-05-31,20210531140000000,sz.002159,11.8200,11.8200,11.7500,11.7500,123500,1455791.0000,3
2021-05-31,20210531150000000,sz.002159,11.7500,11.8000,11.7500,11.7500,145100,1706977.0000,3
2021-06-01,20210601103000000,sz.002159,11.6600,11.8800,11.6600,11.7400,227301,2681754.0000,3
2021-06-01,20210601113000000,sz.002159,11.7400,11.7800,11.7300,11.7600,92300,1084829.0000,3
2021-06-01,20210601140000000,sz.002159,11.7600,11.9000,11.7200,11.9000,201200,2375091.0000,3
2021-06-01,20210601150000000,sz.002159,11.9000,11.9800,11.8100,11.9400,320100,3808380.0000,3
2021-06-02,20210602103000000,sz.002159,11.9400,12.0800,11.8500,11.9700,519301,6222637.0000,3
2021-06-02,20210602113000000,sz.002159,11.9700,12.0000,11.8900,12.0000,370600,4440154.0000,3
2021-06-02,20210602140000000,sz.002159,12.0000,12.1200,11.9600,12.0400,985800,11881595.0000,3
2021-06-02,20210602150000000,sz.002159,12.0400,12.1500,12.0100,12.0900,403000,4873287.0000,3
2021-06-03,20210603103000000,sz.002159,12.1800,12.2000,11.9800,11.9800,893800,10752806.0000,3
2021-06-03,20210603113000000,sz.002159,11.9800,12.0000,11.8600,11.9200,230100,2744548.0000,3
2021-06-03,20210603140000000,sz.002159,11.9200,12.0000,11.8900,11.9600,435300,5185562.0000,3
2021-06-03,20210603150000000,sz.002159,11.9600,11.9600,11.8100,11.8100,284842,3383593.0000,3
2021-06-04,20210604103000000,sz.002159,11.7600,11.8600,11.7500,11.7600,173200,2041344.0000,3
2021-06-04,20210604113000000,sz.002159,11.7600,11.8200,11.6700,11.7200,179200,2103935.0000,3
2021-06-04,20210604140000000,sz.002159,11.7200,11.7700,11.6800,11.7100,93900,1100865.0000,3
2021-06-04,20210604150000000,sz.002159,11.7100,11.7300,11.6700,11.6900,129500,1513387.0000,3
2021-06-07,20210607103000000,sz.002159,11.6700,11.7200,11.6200,11.6800,144900,1692235.0000,3
2021-06-07,20210607113000000,sz.002159,11.6800,11.7000,11.6600,11.6800,87000,1015687.0000,3
2021-06-07,20210607140000000,sz.002159,11.6800,11.7700,11.6800,11.7600,54800,642741.0000,3
2021-06-07,20210607150000000,sz.002159,11.7600,11.7600,11.6400,11.7000,172000,2014039.0000,3
2021-06-08,20210608103000000,sz.002159,11.7500,11.8000,11.6500,11.7600,200800,2360869.0000,3
2021-06-08,20210608113000000,sz.002159,11.7700,11.7800,11.7100,11.7300,168400,1977304.0000,3
2021-06-08,20210608140000000,sz.002159,11.7300,11.7400,11.6500,11.6600,127700,1492500.0000,3
2021-06-08,20210608150000000,sz.002159,11.6600,11.7200,11.6500,11.7000,182100,2128523.0000,3
2021-06-09,20210609103000000,sz.002159,11.6600,11.9500,11.6400,11.8700,419300,4976072.0000,3
2021-06-09,20210609113000000,sz.002159,11.8700,11.8800,11.8300,11.8400,105400,1249099.0000,3
2021-06-09,20210609140000000,sz.002159,11.8400,11.8400,11.7800,11.7800,61400,725127.0000,3
2021-06-09,20210609150000000,sz.002159,11.7800,11.8800,11.7400,11.8800,150700,1778771.0000,3
2021-06-10,20210610103000000,sz.002159,11.8800,11.8800,11.7400,11.8300,99700,1174978.0000,3
2021-06-10,20210610113000000,sz.002159,11.8300,11.8300,11.7500,11.7600,63900,752956.0000,3
2021-06-10,20210610140000000,sz.002159,11.7600,11.7900,11.7000,11.7300,153300,1799965.0000,3
2021-06-10,20210610150000000,sz.002159,11.7300,11.7500,11.7000,11.7300,155600,1823983.0000,3
2021-06-11,20210611103000000,sz.002159,11.7900,11.7900,11.6200,11.7500,101741,1193053.0000,3
2021-06-11,20210611113000000,sz.002159,11.7500,11.7600,11.6500,11.6600,83000,971365.0000,3
2021-06-11,20210611140000000,sz.002159,11.6600,11.6800,11.5200,11.5500,254500,2952260.0000,3
2021-06-11,20210611150000000,sz.002159,11.5500,11.5700,11.5400,11.5500,84300,974181.0000,3
2021-06-15,20210615103000000,sz.002159,11.5500,11.6300,11.3100,11.4000,501973,5720471.0000,3
2021-06-15,20210615113000000,sz.002159,11.4000,11.4000,11.3100,11.3400,358900,4074787.0000,3
2021-06-15,20210615140000000,sz.002159,11.3400,11.3700,11.3200,11.3700,53500,606830.0000,3
2021-06-15,20210615150000000,sz.002159,11.3700,11.3700,11.3000,11.3100,137930,1561717.0000,3
2021-06-16,20210616103000000,sz.002159,11.3100,11.3400,11.2000,11.2100,286500,3227874.0000,3
2021-06-16,20210616113000000,sz.002159,11.2100,11.2400,11.2000,11.2000,76400,856994.0000,3
2021-06-16,20210616140000000,sz.002159,11.2000,11.2100,11.0000,11.0500,224400,2490209.0000,3
2021-06-16,20210616150000000,sz.002159,11.0500,11.1500,11.0500,11.0900,134300,1489331.0000,3
2021-06-17,20210617103000000,sz.002159,11.1400,11.1500,11.0200,11.0400,170700,1892369.0000,3
2021-06-17,20210617113000000,sz.002159,11.0400,11.0700,11.0100,11.0300,149600,1650202.0000,3
2021-06-17,20210617140000000,sz.002159,11.0300,11.1100,10.9800,11.0300,154000,1698545.0000,3
2021-06-17,20210617150000000,sz.002159,11.0300,11.0300,10.9800,11.0100,139500,1534344.0000,3
2021-06-18,20210618103000000,sz.002159,11.0500,11.0900,9.9900,10.8200,386322,4179987.0000,3
2021-06-18,20210618113000000,sz.002159,10.8200,11.0100,10.8200,10.9500,150500,1639750.0000,3
2021-06-18,20210618140000000,sz.002159,10.9500,10.9500,10.7000,10.8600,373500,4041732.0000,3
2021-06-18,20210618150000000,sz.002159,10.8600,11.0500,10.8400,11.0400,442700,4841457.0000,3
2021-06-21,20210621103000000,sz.002159,10.8900,11.1700,10.8800,11.1400,578122,6399587.0000,3
2021-06-21,20210621113000000,sz.002159,11.1000,11.1200,11.0100,11.0400,78600,869441.0000,3
2021-06-21,20210621140000000,sz.002159,11.0400,11.0400,10.9800,11.0000,61500,677294.0000,3
2021-06-21,20210621150000000,sz.002159,11.0000,11.0600,11.0000,11.0600,95500,1054907.0000,3
2021-06-22,20210622103000000,sz.002159,10.9700,11.1100,10.9700,11.0400,105400,1164689.0000,3
2021-06-22,20210622113000000,sz.002159,11.0400,11.0700,11.0000,11.0300,62400,688317.0000,3
2021-06-22,20210622140000000,sz.002159,11.0000,11.0600,10.9700,10.9700,111300,1225476.0000,3
2021-06-22,20210622150000000,sz.002159,10.9700,11.9700,10.9200,11.9700,1975104,21998008.0000,3
2021-06-23,20210623103000000,sz.002159,11.4700,11.6700,11.2800,11.4700,1165117,13357026.0000,3
2021-06-23,20210623113000000,sz.002159,11.4700,11.4900,11.1800,11.3100,1315851,14840443.0000,3
2021-06-23,20210623140000000,sz.002159,11.3100,11.3500,11.1900,11.2400,898887,10091807.0000,3
2021-06-23,20210623150000000,sz.002159,11.2400,11.3300,11.2100,11.3000,408994,4607131.0000,3
2021-06-24,20210624103000000,sz.002159,11.2000,11.2000,10.9200,10.9700,560826,6181272.0000,3
2021-06-24,20210624113000000,sz.002159,10.9700,10.9800,10.9000,10.9200,289200,3166680.0000,3
2021-06-24,20210624140000000,sz.002159,10.9200,10.9400,10.5700,10.7400,574300,6203727.0000,3
2021-06-24,20210624150000000,sz.002159,10.7400,10.8800,10.6800,10.8100,441100,4757575.0000,3
2021-06-25,20210625103000000,sz.002159,10.8200,10.8600,10.6500,10.6700,525717,5639637.0000,3
2021-06-25,20210625113000000,sz.002159,10.6700,10.7600,10.6700,10.7600,199401,2134357.0000,3
2021-06-25,20210625140000000,sz.002159,10.7600,10.7900,10.7200,10.7900,53900,579262.0000,3
2021-06-25,20210625150000000,sz.002159,10.7900,10.8900,10.7700,10.8100,349400,3781057.0000,3
2021-06-28,20210628103000000,sz.002159,10.8200,10.9500,10.7000,10.9400,314643,3406103.0300,3
2021-06-28,20210628113000000,sz.002159,10.9400,11.0200,10.8500,11.0000,297700,3259551.6000,3
2021-06-28,20210628140000000,sz.002159,11.0000,11.0000,10.9200,10.9600,84400,925185.0000,3
2021-06-28,20210628150000000,sz.002159,10.9600,10.9700,10.8900,10.9200,176209,1925519.3700,3
2021-06-29,20210629103000000,sz.002159,10.8600,11.0600,10.8600,10.9900,467964,5135354.9200,3
2021-06-29,20210629113000000,sz.002159,10.9900,10.9900,10.9000,10.9500,148400,1624297.0000,3
2021-06-29,20210629140000000,sz.002159,10.9500,10.9500,10.8800,10.8800,163200,1780174.0000,3
2021-06-29,20210629150000000,sz.002159,10.8800,10.9000,10.7800,10.8100,366053,3960533.3400,3
2021-06-30,20210630103000000,sz.002159,10.7500,10.9200,10.7500,10.8900,369381,4016715.2500,3
2021-06-30,20210630113000000,sz.002159,10.8900,11.0200,10.8900,11.0000,372474,4084498.4400,3
2021-06-30,20210630140000000,sz.002159,11.0000,11.1000,11.0000,11.0700,339700,3758111.0000,3
2021-06-30,20210630150000000,sz.002159,11.0700,11.0700,10.9300,10.9800,245000,2701320.0000,3
2021-07-01,20210701103000000,sz.002159,10.9400,11.1100,10.9100,10.9300,222817,2447770.6400,3
2021-07-01,20210701113000000,sz.002159,10.9300,10.9600,10.8500,10.9000,60346,657087.9400,3
2021-07-01,20210701140000000,sz.002159,10.9000,10.9200,10.8600,10.8900,111254,1211971.0600,3
2021-07-01,20210701150000000,sz.002159,10.8900,10.9000,10.7700,10.7900,187722,2031778.9400,3
2021-07-02,20210702103000000,sz.002159,10.6700,10.8800,10.6700,10.8600,127001,1370688.8400,3
2021-07-02,20210702113000000,sz.002159,10.8600,10.8700,10.7200,10.7300,138599,1492422.1600,3
2021-07-02,20210702140000000,sz.002159,10.7200,10.8400,10.7000,10.7200,141700,1519734.9600,3
2021-07-02,20210702150000000,sz.002159,10.7200,10.8000,10.7100,10.7800,209800,2256360.0000,3
2021-07-05,20210705103000000,sz.002159,10.6900,10.8700,10.6100,10.8000,268539,2879215.5200,3
2021-07-05,20210705113000000,sz.002159,10.8200,10.8900,10.8000,10.8900,72501,786975.8600,3
2021-07-05,20210705140000000,sz.002159,10.8900,10.8900,10.7800,10.8700,370600,4015428.0000,3
2021-07-05,20210705150000000,sz.002159,10.8700,10.9700,10.8700,10.9100,184700,2016247.0000,3
2021-07-06,20210706103000000,sz.002159,10.9300,10.9600,10.8800,10.9200,90000,983759.0000,3
2021-07-06,20210706113000000,sz.002159,10.9200,10.9300,10.8700,10.9000,82600,901233.0000,3
2021-07-06,20210706140000000,sz.002159,10.9000,10.9200,10.8200,10.8700,111300,1210538.0000,3
2021-07-06,20210706150000000,sz.002159,10.8300,10.9200,10.8300,10.9100,140900,1534678.0000,3
2021-07-07,20210707103000000,sz.002159,10.9700,10.9900,10.8300,10.8500,115400,1260355.0000,3
2021-07-07,20210707113000000,sz.002159,10.8500,10.9200,10.8300,10.8900,81100,881826.0000,3
2021-07-07,20210707140000000,sz.002159,10.9000,10.9900,10.9000,10.9200,75700,827204.0000,3
2021-07-07,20210707150000000,sz.002159,10.9200,10.9500,10.9000,10.9300,147800,1613712.0000,3
2021-07-08,20210708103000000,sz.002159,10.8600,10.8800,10.7500,10.7600,235100,2538205.0000,3
2021-07-08,20210708113000000,sz.002159,10.7600,10.7900,10.7200,10.7500,128900,1386712.0000,3
2021-07-08,20210708140000000,sz.002159,10.7500,10.7800,10.6700,10.7200,140500,1508123.0000,3
2021-07-08,20210708150000000,sz.002159,10.7200,10.8200,10.7200,10.7300,95800,1029915.0000,3
2021-07-09,20210709103000000,sz.002159,10.7400,10.8200,10.6900,10.7400,127000,1364538.0000,3
2021-07-09,20210709113000000,sz.002159,10.7400,10.7700,10.7300,10.7600,55100,591785.0000,3
2021-07-09,20210709140000000,sz.002159,10.7600,10.8400,10.7600,10.8200,82800,893829.0000,3
2021-07-09,20210709150000000,sz.002159,10.8300,10.8900,10.8200,10.8800,156453,1699858.6400,3
2021-07-12,20210712103000000,sz.002159,10.9100,11.2900,10.8300,11.1400,358700,3942069.0000,3
2021-07-12,20210712113000000,sz.002159,11.1400,11.2000,11.1000,11.1700,183432,2046373.1600,3
2021-07-12,20210712140000000,sz.002159,11.1700,11.1800,11.1000,11.1300,128968,1437803.8400,3
2021-07-12,20210712150000000,sz.002159,11.1300,11.1500,11.1000,11.1500,265032,2952072.1600,3
2021-07-13,20210713103000000,sz.002159,11.1800,11.1800,11.0200,11.0900,204900,2272692.0000,3
2021-07-13,20210713113000000,sz.002159,11.0900,11.1100,11.0400,11.1000,63601,704600.0500,3
2021-07-13,20210713140000000,sz.002159,11.1000,11.1600,11.0800,11.1300,83600,929517.0000,3
2021-07-13,20210713150000000,sz.002159,11.1300,11.1500,11.0800,11.1500,180600,2005880.0000,3
2021-07-14,20210714103000000,sz.002159,11.0600,11.1500,11.0400,11.1200,206100,2285994.0000,3
2021-07-14,20210714113000000,sz.002159,11.1100,11.1400,11.1000,11.1400,42000,466506.0000,3
2021-07-14,20210714140000000,sz.002159,11.1400,11.1400,11.0700,11.0700,98100,1088473.0000,3
2021-07-14,20210714150000000,sz.002159,11.0700,11.1700,11.0700,11.1100,249100,2770273.0000,3
2021-07-15,20210715103000000,sz.002159,11.1700,11.2800,11.0700,11.0900,468700,5252170.0000,3
2021-07-15,20210715113000000,sz.002159,11.0800,11.1600,11.0300,11.1400,71300,791154.0000,3
2021-07-15,20210715140000000,sz.002159,11.1400,11.1900,11.1000,11.1600,91000,1013715.9900,3
2021-07-15,20210715150000000,sz.002159,11.1600,11.1900,11.1000,11.1500,150600,1678635.0000,3
2021-07-16,20210716103000000,sz.002159,11.2000,11.2000,11.0400,11.0800,232000,2570977.0000,3
2021-07-16,20210716113000000,sz.002159,11.0800,11.2000,11.0700,11.2000,112000,1248202.0000,3
2021-07-16,20210716140000000,sz.002159,11.2000,11.2000,11.1000,11.1000,84200,939381.0000,3
2021-07-16,20210716150000000,sz.002159,11.1000,11.1300,11.0700,11.1000,129700,1440087.0000,3
2021-07-19,20210719103000000,sz.002159,11.3900,11.3900,11.0200,11.1900,369400,4118660.0000,3
2021-07-19,20210719113000000,sz.002159,11.1900,11.2200,11.1500,11.1800,59900,669561.0000,3
2021-07-19,20210719140000000,sz.002159,11.1800,11.2000,11.1100,11.1900,71600,799276.0000,3
2021-07-19,20210719150000000,sz.002159,11.1900,11.1900,11.1700,11.1900,88100,985031.0000,3
2021-07-20,20210720103000000,sz.002159,11.1100,11.2600,11.1000,11.1500,243000,2711769.0000,3
2021-07-20,20210720113000000,sz.002159,11.1500,11.1700,11.1300,11.1600,65200,726049.0000,3
2021-07-20,20210720140000000,sz.002159,11.1600,11.2100,11.1200,11.2000,58200,649415.0000,3
2021-07-20,20210720150000000,sz.002159,11.1800,11.2600,11.1800,11.2200,174200,1956911.0000,3
2021-07-21,20210721103000000,sz.002159,11.2000,11.2800,11.1500,11.2500,140100,1576554.0000,3
2021-07-21,20210721113000000,sz.002159,11.2500,11.2600,11.2000,11.2000,32900,369178.0000,3
2021-07-21,20210721140000000,sz.002159,11.2000,11.2300,11.1700,11.1800,83000,928995.0000,3
2021-07-21,20210721150000000,sz.002159,11.1800,11.2000,11.1400,11.2000,141200,1578761.0000,3
2021-07-22,20210722103000000,sz.002159,11.1700,11.2700,11.0800,11.1000,207610,2310223.0000,3
2021-07-22,20210722113000000,sz.002159,11.1000,11.1200,11.0800,11.1200,216500,2404487.8000,3
2021-07-22,20210722140000000,sz.002159,11.1200,11.1400,11.0700,11.0800,227400,2521808.9000,3
2021-07-22,20210722150000000,sz.002159,11.0800,11.1100,11.0600,11.0800,92800,1029283.0000,3
2021-07-23,20210723103000000,sz.002159,11.0800,11.1200,10.8200,10.8500,244900,2678133.0000,3
2021-07-23,20210723113000000,sz.002159,10.8500,10.9300,10.8500,10.9200,55210,600915.7000,3
2021-07-23,20210723140000000,sz.002159,10.8800,10.9300,10.8600,10.8600,95800,1042232.0000,3
2021-07-23,20210723150000000,sz.002159,10.8600,10.9100,10.8600,10.8700,148100,1613496.0000,3
2021-07-26,20210726103000000,sz.002159,10.8700,10.8800,10.6700,10.7500,335700,3597825.0000,3
2021-07-26,20210726113000000,sz.002159,10.7500,10.8000,10.7100,10.7300,82800,889908.0000,3
2021-07-26,20210726140000000,sz.002159,10.7300,10.7500,10.5600,10.6700,100900,1075207.0000,3
2021-07-26,20210726150000000,sz.002159,10.6700,10.7400,10.6000,10.6600,65600,701234.0000,3
2021-07-27,20210727103000000,sz.002159,10.6600,10.7900,10.6300,10.6900,108900,1167480.0000,3
2021-07-27,20210727113000000,sz.002159,10.6900,10.7500,10.6900,10.7000,62801,673684.7000,3
2021-07-27,20210727140000000,sz.002159,10.6900,10.7000,10.4900,10.5700,184000,1943874.0000,3
2021-07-27,20210727150000000,sz.002159,10.5700,10.5900,10.4200,10.4400,192500,2022860.0000,3
2021-07-28,20210728103000000,sz.002159,10.4100,10.4800,10.0600,10.2000,742400,7600646.0000,3
2021-07-28,20210728113000000,sz.002159,10.2100,10.2700,10.1500,10.2400,313900,3204971.0000,3
2021-07-28,20210728140000000,sz.002159,10.2400,10.2500,10.2200,10.2500,131000,1340147.0000,3
2021-07-28,20210728150000000,sz.002159,10.2500,10.2800,10.1300,10.1400,114800,1169515.0000,3
2021-07-29,20210729103000000,sz.002159,10.1400,10.3700,10.1400,10.2300,230800,2363997.0000,3
2021-07-29,20210729113000000,sz.002159,10.2300,10.2300,10.1300,10.1500,79500,808383.0000,3
2021-07-29,20210729140000000,sz.002159,10.1500,10.2100,10.1400,10.1600,162068,1648814.5200,3
2021-07-29,20210729150000000,sz.002159,10.1600,10.2000,10.1400,10.1700,129500,1314491.0000,3
2021-07-30,20210730103000000,sz.002159,10.1700,10.1700,9.9000,9.9700,587251,5845398.4400,3
2021-07-30,20210730113000000,sz.002159,9.9700,10.0000,9.9200,9.9600,315901,3142767.9200,3
2021-07-30,20210730140000000,sz.002159,9.9600,9.9600,9.8800,9.8800,203600,2016813.0000,3
2021-07-30,20210730150000000,sz.002159,9.8800,9.9400,9.8600,9.9100,231353,2286688.7900,3
2021-08-02,20210802103000000,sz.002159,9.8300,9.9000,9.6900,9.8600,292400,2870051.0000,3
2021-08-02,20210802113000000,sz.002159,9.8600,10.0100,9.8600,9.9500,210442,2086891.9600,3
2021-08-02,20210802140000000,sz.002159,9.9500,9.9700,9.8700,9.9200,80800,801526.5800,3
2021-08-02,20210802150000000,sz.002159,9.9200,10.0600,9.9200,9.9800,171500,1710564.0000,3
2021-08-03,20210803103000000,sz.002159,9.9700,10.1700,9.9100,10.0700,185000,1863039.0000,3
2021-08-03,20210803113000000,sz.002159,10.0800,10.2700,10.0800,10.2300,263800,2688659.0000,3
2021-08-03,20210803140000000,sz.002159,10.2300,10.2600,10.1200,10.1800,162100,1649590.0000,3
2021-08-03,20210803150000000,sz.002159,10.1800,10.1800,10.1200,10.1400,78600,797330.0000,3
2021-08-04,20210804103000000,sz.002159,10.0700,10.2200,10.0300,10.0500,256401,2583115.0400,3
2021-08-04,20210804113000000,sz.002159,10.0500,10.0600,9.9800,10.0100,146897,1471644.0000,3
2021-08-04,20210804140000000,sz.002159,10.0100,10.1100,10.0000,10.0100,65500,655757.9700,3
2021-08-04,20210804150000000,sz.002159,10.0100,10.0600,10.0100,10.0200,112900,1132591.0000,3
2021-08-05,20210805103000000,sz.002159,10.1000,10.1000,9.8300,9.9500,335826,3334999.6600,3
2021-08-05,20210805113000000,sz.002159,9.9500,9.9500,9.8500,9.9200,257000,2539925.0000,3
2021-08-05,20210805140000000,sz.002159,9.9200,10.0100,9.9200,9.9300,53900,537900.0000,3
2021-08-05,20210805150000000,sz.002159,9.9300,9.9900,9.9100,9.9200,115500,1149343.0000,3
2021-08-06,20210806103000000,sz.002159,9.9200,10.0000,9.8000,9.8600,148000,1462233.0000,3
2021-08-06,20210806113000000,sz.002159,9.8600,9.9000,9.8300,9.8300,87700,863606.0000,3
2021-08-06,20210806140000000,sz.002159,9.8300,9.9200,9.8300,9.8600,139600,1377789.0000,3
2021-08-06,20210806150000000,sz.002159,9.8600,9.9100,9.8600,9.8800,168500,1666026.0000,3
2021-08-09,20210809103000000,sz.002159,9.9200,10.1500,9.9200,10.0400,580426,5832929.0000,3
2021-08-09,20210809113000000,sz.002159,10.0400,10.0700,9.9900,10.0600,66100,662753.0000,3
2021-08-09,20210809140000000,sz.002159,10.0600,10.1300,10.0400,10.0900,418800,4220434.0000,3
2021-08-09,20210809150000000,sz.002159,10.0900,10.1000,10.0400,10.0700,127000,1278849.0000,3
2021-08-10,20210810103000000,sz.002159,10.0700,10.1000,10.0000,10.0400,181800,1827900.0000,3
2021-08-10,20210810113000000,sz.002159,10.0300,10.1200,10.0100,10.0800,418400,4208904.0000,3
2021-08-10,20210810140000000,sz.002159,10.0800,10.1600,10.0800,10.1400,110101,1115409.0000,3
2021-08-10,20210810150000000,sz.002159,10.1300,10.1700,10.0800,10.1700,195600,1983941.0000,3
2021-08-11,20210811103000000,sz.002159,10.1200,10.1900,10.1000,10.1500,166433,1688070.0000,3
2021-08-11,20210811113000000,sz.002159,10.1300,10.1600,10.0800,10.0800,312800,3161205.0000,3
2021-08-11,20210811140000000,sz.002159,10.0900,10.1400,10.0600,10.0800,99700,1005011.0000,3
2021-08-11,20210811150000000,sz.002159,10.0800,10.2000,10.0600,10.2000,253901,2572016.0000,3
2021-08-12,20210812103000000,sz.002159,10.1700,10.1900,10.0500,10.1100,154400,1564115.0000,3
2021-08-12,20210812113000000,sz.002159,10.1100,10.1200,10.0800,10.1100,50844,513348.0000,3
2021-08-12,20210812140000000,sz.002159,10.1100,10.1400,10.0900,10.1100,77500,783986.0000,3
2021-08-12,20210812150000000,sz.002159,10.1100,10.1800,10.0900,10.1600,174300,1769195.0000,3
2021-08-13,20210813103000000,sz.002159,10.1200,10.1600,10.0900,10.1400,153800,1557500.0000,3
2021-08-13,20210813113000000,sz.002159,10.1400,10.1600,10.1200,10.1600,86753,880351.0000,3
2021-08-13,20210813140000000,sz.002159,10.1600,10.2200,10.1200,10.1700,457947,4650157.0000,3
2021-08-13,20210813150000000,sz.002159,10.1700,10.2000,10.1200,10.1400,310000,3143376.0000,3
2021-08-16,20210816103000000,sz.002159,10.1800,10.2300,10.1400,10.2100,349261,3565109.0000,3
2021-08-16,20210816113000000,sz.002159,10.2100,10.2500,10.1900,10.2500,293100,2996802.0000,3
2021-08-16,20210816140000000,sz.002159,10.2500,10.3400,10.2300,10.2800,209748,2156835.0000,3
2021-08-16,20210816150000000,sz.002159,10.2800,10.4100,10.2000,10.4100,246439,2534902.0000,3
2021-08-17,20210817103000000,sz.002159,10.6900,10.6900,10.0600,10.2300,956100,9791889.0000,3
2021-08-17,20210817113000000,sz.002159,10.2300,10.2800,10.1600,10.1700,191500,1958602.0000,3
2021-08-17,20210817140000000,sz.002159,10.1700,10.1800,10.0500,10.0900,466164,4706151.0000,3
2021-08-17,20210817150000000,sz.002159,10.1000,10.2500,10.0600,10.1200,214400,2166683.0000,3
2021-08-18,20210818103000000,sz.002159,10.0500,10.1500,10.0100,10.0700,224600,2268204.0000,3
2021-08-18,20210818113000000,sz.002159,10.0700,10.1000,10.0200,10.0200,154200,1549901.0000,3
2021-08-18,20210818140000000,sz.002159,10.0200,10.1200,10.0200,10.0900,122000,1227566.0000,3
2021-08-18,20210818150000000,sz.002159,10.0900,10.1500,10.0900,10.1100,114300,1157045.0000,3
2021-08-19,20210819103000000,sz.002159,10.0800,10.2000,10.0700,10.0900,268900,2729569.0000,3
2021-08-19,20210819113000000,sz.002159,10.0600,10.1200,10.0500,10.0700,148900,1499895.0000,3
2021-08-19,20210819140000000,sz.002159,10.0700,10.1000,10.0400,10.0900,92600,932598.0000,3
2021-08-19,20210819150000000,sz.002159,10.0900,10.1000,10.0400,10.0800,130400,1311818.0000,3
2021-08-20,20210820103000000,sz.002159,10.0500,10.1400,9.9500,10.0200,289200,2900802.0000,3
2021-08-20,20210820113000000,sz.002159,10.0200,10.1900,10.0100,10.1700,298400,3016091.0000,3
2021-08-20,20210820140000000,sz.002159,10.1700,10.1800,10.1000,10.1400,147400,1496012.0000,3
2021-08-20,20210820150000000,sz.002159,10.1400,10.1700,10.1200,10.1700,192400,1954761.0000,3
2021-08-23,20210823103000000,sz.002159,10.1800,10.6900,10.1800,10.6100,1441626,15116960.0000,3
2021-08-23,20210823113000000,sz.002159,10.6100,10.8600,10.5200,10.7400,806310,8617044.0000,3
2021-08-23,20210823140000000,sz.002159,10.7400,10.7800,10.6500,10.7400,600100,6423845.0000,3
2021-08-23,20210823150000000,sz.002159,10.7400,11.0300,10.7100,11.0000,1130656,12294777.0000,3
2021-08-24,20210824103000000,sz.002159,10.9000,11.3100,10.8500,11.1700,1611200,17914640.0000,3
2021-08-24,20210824113000000,sz.002159,11.1700,11.1700,11.0200,11.0900,554856,6142720.0000,3
2021-08-24,20210824140000000,sz.002159,11.0900,11.1000,11.0200,11.0300,695265,7688075.0000,3
2021-08-24,20210824150000000,sz.002159,11.0300,11.2000,11.0100,11.0800,490900,5454372.0000,3
2021-08-25,20210825103000000,sz.002159,11.0100,11.4800,10.9600,11.4700,947800,10760799.0000,3
2021-08-25,20210825113000000,sz.002159,11.4600,11.6400,11.4500,11.5300,422156,4877406.0000,3
2021-08-25,20210825140000000,sz.002159,11.5500,11.6500,11.4500,11.6300,417000,4822342.0000,3
2021-08-25,20210825150000000,sz.002159,11.6300,11.7600,11.5700,11.6000,1063332,12392402.0000,3
2021-08-26,20210826103000000,sz.002159,11.6000,11.9400,11.4800,11.9000,1223544,14376207.0000,3
2021-08-26,20210826113000000,sz.002159,11.9000,11.9800,11.7800,11.8800,457400,5449229.0000,3
2021-08-26,20210826140000000,sz.002159,11.8800,12.0900,11.8200,12.0000,664900,7958862.0000,3
2021-08-26,20210826150000000,sz.002159,12.0000,12.1800,11.9100,12.0000,1249410,15075760.0000,3
2021-08-27,20210827103000000,sz.002159,11.9700,12.2000,11.9100,12.0700,756200,9148768.0000,3
2021-08-27,20210827113000000,sz.002159,12.0700,12.1100,11.9300,11.9400,284400,3414531.0000,3
2021-08-27,20210827140000000,sz.002159,11.9300,12.0500,11.8500,12.0500,416500,4966127.0000,3
2021-08-27,20210827150000000,sz.002159,12.0400,12.0500,11.9200,12.0200,363601,4367060.0000,3
2021-08-30,20210830103000000,sz.002159,12.0200,12.2000,11.8100,11.8300,590300,7102066.0000,3
2021-08-30,20210830113000000,sz.002159,11.8400,11.8900,11.8100,11.8600,174500,2067432.0000,3
2021-08-30,20210830140000000,sz.002159,11.8500,11.9900,11.8500,11.9200,408300,4863060.0000,3
2021-08-30,20210830150000000,sz.002159,11.9200,12.0400,11.8600,12.0400,612900,7330337.0000,3
2021-08-31,20210831103000000,sz.002159,12.0400,12.5000,12.0400,12.1500,1010500,12425068.0000,3
2021-08-31,20210831113000000,sz.002159,12.1500,12.1800,12.0100,12.1300,206010,2492339.0000,3
2021-08-31,20210831140000000,sz.002159,12.1300,12.1900,12.0600,12.1100,188300,2281299.0000,3
2021-08-31,20210831150000000,sz.002159,12.1100,12.2600,12.0700,12.2200,709103,8621297.0000,3
2021-09-01,20210901103000000,sz.002159,12.2200,12.6800,12.1600,12.5000,1091684,13653308.0000,3
2021-09-01,20210901113000000,sz.002159,12.4900,12.5400,12.4000,12.5400,220000,2741347.0000,3
2021-09-01,20210901140000000,sz.002159,12.5400,12.5500,12.2200,12.2600,469300,5816019.0000,3
2021-09-01,20210901150000000,sz.002159,12.2600,12.4000,12.1800,12.3000,743100,9133805.0000,3
2021-09-02,20210902103000000,sz.002159,12.5100,12.5100,12.1500,12.3400,642409,7883648.0000,3
2021-09-02,20210902113000000,sz.002159,12.3000,12.4000,12.2600,12.3900,240746,2968422.0000,3
2021-09-02,20210902140000000,sz.002159,12.3900,12.4000,12.2700,12.3400,210100,2590688.0000,3
2021-09-02,20210902150000000,sz.002159,12.3400,12.4000,12.2600,12.3700,405900,5001868.0000,3
2021-09-03,20210903103000000,sz.002159,12.2400,12.4800,12.1700,12.3600,660500,8122105.0000,3
2021-09-03,20210903113000000,sz.002159,12.3600,12.4700,12.2600,12.4300,253100,3133237.0000,3
2021-09-03,20210903140000000,sz.002159,12.4300,12.5400,12.3500,12.4900,254000,3164279.0000,3
2021-09-03,20210903150000000,sz.002159,12.4900,12.5500,12.4500,12.5000,397700,4972144.0000,3
2021-09-06,20210906103000000,sz.002159,12.4800,12.9400,12.2800,12.3500,1246100,15719410.0000,3
2021-09-06,20210906113000000,sz.002159,12.3300,12.4600,12.3100,12.4100,317100,3920048.0000,3
2021-09-06,20210906140000000,sz.002159,12.4100,12.5900,12.4100,12.5100,342300,4282847.0000,3
2021-09-06,20210906150000000,sz.002159,12.5000,12.5600,12.4700,12.4900,292000,3654486.0000,3
2021-09-07,20210907103000000,sz.002159,12.5900,13.0800,12.4100,13.0300,1417700,18211487.0000,3
2021-09-07,20210907113000000,sz.002159,13.0300,13.0800,12.9700,13.0200,365799,4764010.0000,3
2021-09-07,20210907140000000,sz.002159,13.0200,13.0200,12.7700,12.7900,334000,4293057.0000,3
2021-09-07,20210907150000000,sz.002159,12.7900,12.9500,12.7800,12.8700,239800,3086012.0000,3
2021-09-08,20210908103000000,sz.002159,12.8700,13.1800,12.7000,12.7500,660200,8556528.0000,3
2021-09-08,20210908113000000,sz.002159,12.7500,12.9100,12.6500,12.9100,337600,4301409.0000,3
2021-09-08,20210908140000000,sz.002159,12.9100,12.9900,12.8200,12.8300,240700,3102538.0000,3
2021-09-08,20210908150000000,sz.002159,12.8300,13.0000,12.8200,12.9800,329800,4261151.0000,3
2021-09-09,20210909103000000,sz.002159,13.0000,13.1900,12.9000,13.0900,769075,10056947.0000,3
2021-09-09,20210909113000000,sz.002159,13.0900,13.1500,13.0000,13.0600,245300,3208184.0000,3
2021-09-09,20210909140000000,sz.002159,13.0600,13.0900,12.8600,12.8900,217100,2811796.0000,3
2021-09-09,20210909150000000,sz.002159,12.9000,13.0100,12.8500,12.9900,318000,4121398.0000,3
2021-09-10,20210910103000000,sz.002159,13.3700,13.6800,12.8500,12.9400,1615991,21375360.0000,3
2021-09-10,20210910113000000,sz.002159,12.8900,13.2000,12.8700,13.2000,499021,6492921.0000,3
2021-09-10,20210910140000000,sz.002159,13.1900,13.1900,12.9500,12.9500,226100,2947894.0000,3
2021-09-10,20210910150000000,sz.002159,13.0200,13.1300,12.9100,12.9400,350500,4558313.0000,3
2021-09-13,20210913103000000,sz.002159,12.8000,12.8000,12.0000,12.3700,1925800,23816361.0000,3
2021-09-13,20210913113000000,sz.002159,12.3100,12.6800,12.2900,12.5500,613300,7689729.0000,3
2021-09-13,20210913140000000,sz.002159,12.5500,12.6800,12.5000,12.6800,216963,2730638.0000,3
2021-09-13,20210913150000000,sz.002159,12.6800,12.6900,12.5600,12.6600,273100,3449259.0000,3
2021-09-14,20210914103000000,sz.002159,12.6000,12.7200,12.3200,12.4300,1055600,13181109.0000,3
2021-09-14,20210914113000000,sz.002159,12.4300,12.6500,12.4000,12.5700,344800,4315687.0000,3
2021-09-14,20210914140000000,sz.002159,12.5400,12.6000,12.2700,12.3000,724700,8966994.0000,3
2021-09-14,20210914150000000,sz.002159,12.3200,12.6000,12.1700,12.5300,1117700,13772416.0000,3
2021-09-15,20210915103000000,sz.002159,12.5300,12.5300,12.0800,12.0900,890500,10869529.0000,3
2021-09-15,20210915113000000,sz.002159,12.0900,12.2700,12.0900,12.1400,179900,2191033.0000,3
2021-09-15,20210915140000000,sz.002159,12.1400,12.2200,12.0700,12.0800,293200,3553944.0000,3
2021-09-15,20210915150000000,sz.002159,12.0800,12.3000,12.0700,12.2900,598800,7294801.0000,3
2021-09-16,20210916103000000,sz.002159,12.0500,12.3300,12.0500,12.1400,489600,5968145.0000,3
2021-09-16,20210916113000000,sz.002159,12.1400,12.3000,12.1100,12.1700,224300,2733585.0000,3
2021-09-16,20210916140000000,sz.002159,12.1700,12.5500,12.0800,12.4300,2327095,28815574.0000,3
2021-09-16,20210916150000000,sz.002159,12.4300,12.5000,12.3800,12.4100,380200,4727007.0000,3
2021-09-17,20210917103000000,sz.002159,12.3600,12.3900,11.8300,11.8400,843400,10175139.0000,3
2021-09-17,20210917113000000,sz.002159,11.8400,12.0800,11.7100,11.9100,428100,5098916.0000,3
2021-09-17,20210917140000000,sz.002159,11.9100,11.9500,11.7600,11.9000,286300,3391510.0000,3
2021-09-17,20210917150000000,sz.002159,11.9000,12.1000,11.8900,11.9800,489900,5868803.0000,3
2021-09-22,20210922103000000,sz.002159,12.0000,12.0000,11.4600,11.5000,767500,8970484.0000,3
2021-09-22,20210922113000000,sz.002159,11.5000,11.5200,11.3600,11.4100,331200,3781746.0000,3
2021-09-22,20210922140000000,sz.002159,11.4100,11.5000,11.4100,11.4900,122300,1401023.0000,3
2021-09-22,20210922150000000,sz.002159,11.4800,11.5500,11.4000,11.4600,540600,6198969.0000,3
2021-09-23,20210923103000000,sz.002159,11.4600,11.6800,11.4000,11.6700,1105400,12807992.0000,3
2021-09-23,20210923113000000,sz.002159,11.6700,11.8100,11.6000,11.6600,1189502,13946088.0000,3
2021-09-23,20210923140000000,sz.002159,11.6600,11.6800,11.5500,11.5600,302100,3504229.0000,3
2021-09-23,20210923150000000,sz.002159,11.5800,11.6500,11.5000,11.6500,446600,5158698.0000,3
2021-09-24,20210924103000000,sz.002159,11.5700,11.6600,11.4700,11.5900,375400,4334088.0000,3
2021-09-24,20210924113000000,sz.002159,11.5900,11.6400,11.5500,11.6300,186901,2163322.0000,3
2021-09-24,20210924140000000,sz.002159,11.6300,11.7500,11.5900,11.6000,380400,4442586.0000,3
2021-09-24,20210924150000000,sz.002159,11.6000,11.6700,11.5900,11.6400,192100,2234756.0000,3
2021-09-27,20210927103000000,sz.002159,11.8700,12.3900,11.0200,11.1300,2189900,25395012.0000,3
2021-09-27,20210927113000000,sz.002159,11.1300,11.2400,11.0400,11.0700,389402,4331581.0000,3
2021-09-27,20210927140000000,sz.002159,11.0700,11.1900,11.0600,11.1300,199600,2216388.0000,3
2021-09-27,20210927150000000,sz.002159,11.1300,11.3100,11.1100,11.3100,252801,2829307.0000,3
2021-09-28,20210928103000000,sz.002159,11.2700,11.2800,10.8500,10.8500,1161100,12787574.0000,3
2021-09-28,20210928113000000,sz.002159,10.8700,11.0800,10.8500,10.8800,397599,4336045.0000,3
2021-09-28,20210928140000000,sz.002159,10.8800,11.2300,10.8800,11.1200,730513,8120725.0000,3
2021-09-28,20210928150000000,sz.002159,11.1200,11.2500,11.0000,11.1900,486365,5406657.0000,3
2021-09-29,20210929103000000,sz.002159,11.1900,11.1900,11.0100,11.1000,450600,5006260.0000,3
2021-09-29,20210929113000000,sz.002159,11.0500,11.1400,10.8100,10.8500,494610,5419267.0000,3
2021-09-29,20210929140000000,sz.002159,10.8500,11.0000,10.8300,10.9100,273463,2978450.0000,3
2021-09-29,20210929150000000,sz.002159,10.9100,11.3500,10.8400,11.1000,1512400,16752830.0000,3
2021-09-30,20210930103000000,sz.002159,11.0200,11.2000,10.8500,10.9600,763600,8383719.0000,3
2021-09-30,20210930113000000,sz.002159,10.9600,11.0000,10.8600,10.8800,433532,4733706.0000,3
2021-09-30,20210930140000000,sz.002159,10.8800,11.1000,10.8300,10.8400,1762911,19359677.0000,3
2021-09-30,20210930150000000,sz.002159,10.8400,10.9800,10.8400,10.9200,997500,10879926.0000,3
2021-10-08,20211008103000000,sz.002159,11.0500,11.0900,10.8800,10.9500,2765186,30389030.0000,3
2021-10-08,20211008113000000,sz.002159,10.9400,10.9600,10.8300,10.8400,793559,8656081.0000,3
2021-10-08,20211008140000000,sz.002159,10.8400,10.9200,10.8200,10.8300,631800,6863755.0000,3
2021-10-08,20211008150000000,sz.002159,10.8300,10.9500,10.8200,10.9100,623147,6785813.0000,3
2021-10-11,20211011103000000,sz.002159,10.9100,10.9700,10.6500,10.6500,1369100,14796888.0000,3
2021-10-11,20211011113000000,sz.002159,10.6700,10.7800,10.6700,10.7100,593000,6362846.0000,3
2021-10-11,20211011140000000,sz.002159,10.7500,10.9500,10.7300,10.7800,540800,5859167.0000,3
2021-10-11,20211011150000000,sz.002159,10.7800,10.8400,10.7500,10.7900,376000,4060366.0000,3
2021-10-12,20211012103000000,sz.002159,10.7500,10.7500,10.5800,10.6400,546034,5813380.0000,3
2021-10-12,20211012113000000,sz.002159,10.6400,10.6800,10.5300,10.5500,280866,2976390.0000,3
2021-10-12,20211012140000000,sz.002159,10.5500,10.6000,10.4300,10.4800,502600,5284762.0000,3
2021-10-12,20211012150000000,sz.002159,10.4700,10.6400,10.4600,10.5900,732635,7719042.0000,3
2021-10-13,20211013103000000,sz.002159,10.6200,10.7200,10.4800,10.6500,299300,3189024.0000,3
2021-10-13,20211013113000000,sz.002159,10.6100,10.6600,10.5700,10.6500,109200,1158817.0000,3
2021-10-13,20211013140000000,sz.002159,10.6600,10.7600,10.6500,10.6900,535500,5724949.0000,3
2021-10-13,20211013150000000,sz.002159,10.6800,10.7500,10.6500,10.6600,353800,3782804.0000,3
2021-10-14,20211014103000000,sz.002159,10.6600,11.0400,10.5700,10.9400,1394801,15125083.0000,3
2021-10-14,20211014113000000,sz.002159,10.9600,11.0400,10.9200,11.0000,324700,3564156.0000,3
2021-10-14,20211014140000000,sz.002159,11.0000,11.1300,10.9200,10.9300,894001,9845996.0000,3
2021-10-14,20211014150000000,sz.002159,10.9300,10.9800,10.8500,10.8500,875200,9531062.0000,3
2021-10-15,20211015103000000,sz.002159,10.7000,10.9800,10.6600,10.7600,950870,10313524.0000,3
2021-10-15,20211015113000000,sz.002159,10.7600,10.7900,10.6700,10.7500,326500,3498394.0000,3
2021-10-15,20211015140000000,sz.002159,10.7600,10.8000,10.7200,10.7500,167800,1805666.0000,3
2021-10-15,20211015150000000,sz.002159,10.7500,10.8200,10.6800,10.7400,266300,2864496.0000,3
2021-10-18,20211018103000000,sz.002159,10.7300,10.8300,10.6100,10.8200,510000,5463818.0000,3
2021-10-18,20211018113000000,sz.002159,10.8200,10.8200,10.7200,10.7500,145000,1562572.0000,3
2021-10-18,20211018140000000,sz.002159,10.7500,10.7600,10.6300,10.6400,198600,2119771.0000,3
2021-10-18,20211018150000000,sz.002159,10.6400,10.6700,10.5500,10.6100,439500,4666340.0000,3
2021-10-19,20211019103000000,sz.002159,10.4800,10.6300,10.4200,10.4500,574400,6034906.0000,3
2021-10-19,20211019113000000,sz.002159,10.4700,10.5100,10.4400,10.5100,190366,1992575.0000,3
2021-10-19,20211019140000000,sz.002159,10.5100,10.5100,10.3800,10.4000,433800,4520012.0000,3
2021-10-19,20211019150000000,sz.002159,10.3900,10.4300,10.3400,10.4000,415200,4312176.0000,3
2021-10-20,20211020103000000,sz.002159,10.5200,10.5200,10.0500,10.1800,1000400,10167160.0000,3
2021-10-20,20211020113000000,sz.002159,10.1800,10.2000,10.1300,10.1600,131000,1331366.0000,3
2021-10-20,20211020140000000,sz.002159,10.1600,10.1700,10.0900,10.1200,233500,2364936.0000,3
2021-10-20,20211020150000000,sz.002159,10.1100,10.2600,10.0900,10.2200,481200,4880647.0000,3
2021-10-21,20211021103000000,sz.002159,10.1700,10.1700,10.0700,10.0900,355300,3590663.0000,3
2021-10-21,20211021113000000,sz.002159,10.0800,10.2700,10.0800,10.2300,399700,4077437.0000,3
2021-10-21,20211021140000000,sz.002159,10.2300,10.2500,10.1600,10.2200,480800,4907059.0000,3
2021-10-21,20211021150000000,sz.002159,10.2200,10.3400,10.2000,10.2400,467000,4799568.0000,3
2021-10-22,20211022103000000,sz.002159,10.3800,10.3800,10.2200,10.2700,405900,4172240.0000,3
2021-10-22,20211022113000000,sz.002159,10.2700,10.5200,10.2500,10.4900,598400,6228185.0000,3
2021-10-22,20211022140000000,sz.002159,10.4900,10.5200,10.3800,10.4300,484400,5061161.0000,3
2021-10-22,20211022150000000,sz.002159,10.4300,10.4600,10.4000,10.4400,232548,2424697.0000,3
2021-10-25,20211025103000000,sz.002159,10.2800,10.4500,10.2000,10.2800,591500,6081854.0000,3
2021-10-25,20211025113000000,sz.002159,10.2800,10.3300,10.2100,10.2200,874700,8988357.0000,3
2021-10-25,20211025140000000,sz.002159,10.2200,10.2400,10.1800,10.2000,225100,2296109.0000,3
2021-10-25,20211025150000000,sz.002159,10.2000,10.2500,10.1900,10.2100,535400,5472864.0000,3
2021-10-26,20211026103000000,sz.002159,10.1100,10.2500,10.1100,10.1900,261600,2664450.0000,3
2021-10-26,20211026113000000,sz.002159,10.1800,10.1900,10.1300,10.1800,144000,1461102.0000,3
2021-10-26,20211026140000000,sz.002159,10.1800,10.1900,10.1200,10.1400,142000,1440228.0000,3
2021-10-26,20211026150000000,sz.002159,10.1600,10.1800,10.1300,10.1600,154800,1572311.0000,3
2021-10-27,20211027103000000,sz.002159,10.1400,10.1900,10.0000,10.0000,415700,4187449.0000,3
2021-10-27,20211027113000000,sz.002159,10.0000,10.0300,9.9500,10.0100,225800,2253062.0000,3
2021-10-27,20211027140000000,sz.002159,10.0100,10.0400,9.9800,9.9900,122900,1228867.0000,3
2021-10-27,20211027150000000,sz.002159,9.9900,10.0200,9.9800,10.0100,237600,2374387.0000,3
2021-10-28,20211028103000000,sz.002159,9.9000,10.0300,9.8800,9.9800,222200,2212317.0000,3
2021-10-28,20211028113000000,sz.002159,9.9800,10.0400,9.9500,10.0300,92400,924514.0000,3
2021-10-28,20211028140000000,sz.002159,10.0300,10.0600,10.0100,10.0400,175901,1762975.0000,3
2021-10-28,20211028150000000,sz.002159,10.0400,10.1800,10.0400,10.0600,310000,3132554.0000,3
2021-10-29,20211029103000000,sz.002159,10.0000,10.1400,10.0000,10.1100,327860,3298156.0000,3
2021-10-29,20211029113000000,sz.002159,10.1100,10.3200,10.0700,10.2800,318000,3242465.0000,3
2021-10-29,20211029140000000,sz.002159,10.2800,10.3100,10.2300,10.2600,184200,1891125.0000,3
2021-10-29,20211029150000000,sz.002159,10.2600,10.2800,10.1600,10.2400,419159,4284380.0000,3
2021-11-01,20211101103000000,sz.002159,10.1500,10.3000,10.1000,10.2000,496059,5053139.0000,3
2021-11-01,20211101113000000,sz.002159,10.2000,10.3600,10.1900,10.3300,304800,3132978.0000,3
2021-11-01,20211101140000000,sz.002159,10.3500,10.4500,10.1900,10.1900,700800,7239774.0000,3
2021-11-01,20211101150000000,sz.002159,10.1900,10.3000,10.1900,10.2800,554100,5678730.0000,3
2021-11-02,20211102103000000,sz.002159,10.2800,10.3100,10.2000,10.2500,234000,2395153.0000,3
2021-11-02,20211102113000000,sz.002159,10.2500,10.2700,10.1400,10.2000,211646,2161363.0000,3
2021-11-02,20211102140000000,sz.002159,10.2000,10.2100,10.0600,10.1000,234500,2377508.0000,3
2021-11-02,20211102150000000,sz.002159,10.1100,10.1400,10.0600,10.1400,299500,3021042.0000,3
2021-11-03,20211103103000000,sz.002159,10.1700,10.2000,10.0800,10.1500,169800,1724415.0000,3
2021-11-03,20211103113000000,sz.002159,10.1500,10.1900,10.1300,10.1300,50800,516236.0000,3
2021-11-03,20211103140000000,sz.002159,10.1300,10.1700,10.1300,10.1500,65300,662500.0000,3
2021-11-03,20211103150000000,sz.002159,10.1600,10.2100,10.1500,10.1900,99500,1012641.0000,3
2021-11-04,20211104103000000,sz.002159,10.2300,10.2400,9.9100,10.1400,539000,5416639.0000,3
2021-11-04,20211104113000000,sz.002159,10.1400,10.1900,10.0700,10.1900,277457,2806303.0000,3
2021-11-04,20211104140000000,sz.002159,10.1900,10.2000,10.1500,10.2000,177500,1807331.0000,3
2021-11-04,20211104150000000,sz.002159,10.2200,10.2600,10.1700,10.2300,210900,2157429.0000,3
2021-11-05,20211105103000000,sz.002159,10.2100,10.2200,10.1000,10.1700,156800,1592731.0000,3
2021-11-05,20211105113000000,sz.002159,10.1600,10.3100,10.1600,10.3100,190500,1948039.0000,3
2021-11-05,20211105140000000,sz.002159,10.3200,10.3300,10.2300,10.2700,226700,2327558.0000,3
2021-11-05,20211105150000000,sz.002159,10.2700,10.2700,10.2200,10.2600,124700,1277313.0000,3
2021-11-08,20211108103000000,sz.002159,10.3500,11.2100,10.3000,10.6000,2779172,29832889.0000,3
2021-11-08,20211108113000000,sz.002159,10.6000,10.6200,10.4800,10.5000,531400,5599872.0000,3
2021-11-08,20211108140000000,sz.002159,10.5000,10.6100,10.4900,10.5500,240800,2540208.0000,3
2021-11-08,20211108150000000,sz.002159,10.5500,10.5600,10.3800,10.4900,501800,5253477.0000,3
2021-11-09,20211109103000000,sz.002159,10.5000,10.5500,10.3900,10.5200,569388,5965518.0000,3
2021-11-09,20211109113000000,sz.002159,10.5100,10.5700,10.4300,10.4900,327000,3423727.0000,3
2021-11-09,20211109140000000,sz.002159,10.4900,10.6500,10.4900,10.5700,427900,4533501.0000,3
2021-11-09,20211109150000000,sz.002159,10.5700,10.6100,10.5300,10.6000,384100,4061429.0000,3
2021-11-10,20211110103000000,sz.002159,10.5500,10.5500,10.4000,10.4500,367700,3847487.0000,3
2021-11-10,20211110113000000,sz.002159,10.4500,10.5000,10.3000,10.4600,236100,2457318.0000,3
2021-11-10,20211110140000000,sz.002159,10.4600,10.5400,10.4500,10.4900,128600,1347344.0000,3
2021-11-10,20211110150000000,sz.002159,10.4900,10.5600,10.4800,10.5500,160900,1694869.0000,3
2021-11-11,20211111103000000,sz.002159,10.4800,10.5300,10.3900,10.4800,310400,3255697.0000,3
2021-11-11,20211111113000000,sz.002159,10.4800,10.5300,10.4200,10.5000,353500,3705019.0000,3
2021-11-11,20211111140000000,sz.002159,10.5000,10.5000,10.4600,10.4700,251800,2638963.0000,3
2021-11-11,20211111150000000,sz.002159,10.4700,10.5100,10.4400,10.4600,492000,5149233.0000,3
2021-11-12,20211112103000000,sz.002159,10.4600,10.4900,10.3600,10.3900,352970,3670696.0000,3
2021-11-12,20211112113000000,sz.002159,10.3900,10.4500,10.3800,10.4200,134300,1397946.0000,3
2021-11-12,20211112140000000,sz.002159,10.4200,10.5000,10.4200,10.4800,215800,2257335.0000,3
2021-11-12,20211112150000000,sz.002159,10.4800,10.5300,10.4600,10.5200,612101,6424920.0000,3
2021-11-15,20211115103000000,sz.002159,10.5000,10.5800,10.4400,10.5600,350800,3688721.0000,3
2021-11-15,20211115113000000,sz.002159,10.5600,10.7500,10.5600,10.7200,595400,6329615.0000,3
2021-11-15,20211115140000000,sz.002159,10.7200,10.7500,10.6700,10.7300,263000,2816020.0000,3
2021-11-15,20211115150000000,sz.002159,10.7400,10.8000,10.7000,10.7100,442800,4752428.0000,3
2021-11-16,20211116103000000,sz.002159,10.7800,10.8300,10.6200,10.6500,508200,5449117.0000,3
2021-11-16,20211116113000000,sz.002159,10.6500,10.7200,10.6400,10.6600,350300,3741586.0000,3
2021-11-16,20211116140000000,sz.002159,10.6600,10.6700,10.5600,10.6100,375100,3976072.0000,3
2021-11-16,20211116150000000,sz.002159,10.6100,10.6500,10.5300,10.5600,265400,2805694.0000,3
2021-11-17,20211117103000000,sz.002159,10.5000,10.8200,10.5000,10.7000,485500,5202586.0000,3
2021-11-17,20211117113000000,sz.002159,10.7000,10.7300,10.6800,10.7300,149700,1602451.0000,3
2021-11-17,20211117140000000,sz.002159,10.7300,10.7400,10.6900,10.7000,122700,1315465.0000,3
2021-11-17,20211117150000000,sz.002159,10.7000,10.7300,10.6900,10.7300,173800,1861574.0000,3
2021-11-18,20211118103000000,sz.002159,10.6700,10.8000,10.6100,10.7400,359300,3862289.0000,3
2021-11-18,20211118113000000,sz.002159,10.7300,10.7700,10.7000,10.7100,157603,1692206.0000,3
2021-11-18,20211118140000000,sz.002159,10.7100,10.7400,10.6300,10.6400,221800,2372640.0000,3
2021-11-18,20211118150000000,sz.002159,10.6400,10.6500,10.6000,10.6400,275800,2927406.0000,3
2021-11-19,20211119103000000,sz.002159,10.6400,10.6700,10.5500,10.6000,388600,4111035.0000,3
2021-11-19,20211119113000000,sz.002159,10.6000,10.7200,10.5900,10.7200,190200,2027051.0000,3
2021-11-19,20211119140000000,sz.002159,10.7200,10.7300,10.6500,10.6800,149800,1601650.0000,3
2021-11-19,20211119150000000,sz.002159,10.6800,10.7100,10.6600,10.6900,137900,1473558.0000,3
2021-11-22,20211122103000000,sz.002159,10.6400,10.6800,10.5100,10.5100,533100,5630397.0000,3
2021-11-22,20211122113000000,sz.002159,10.5100,10.5800,10.5000,10.5800,191000,2012431.0000,3
2021-11-22,20211122140000000,sz.002159,10.5800,10.6000,10.5300,10.5700,227700,2403244.0000,3
2021-11-22,20211122150000000,sz.002159,10.5700,10.6400,10.5600,10.6100,148300,1573026.0000,3
2021-11-23,20211123103000000,sz.002159,10.6700,10.7200,10.5900,10.6100,243800,2596772.0000,3
2021-11-23,20211123113000000,sz.002159,10.6000,10.6500,10.5600,10.6500,218600,2315310.0000,3
2021-11-23,20211123140000000,sz.002159,10.6500,10.6500,10.5900,10.6100,340900,3615741.0000,3
2021-11-23,20211123150000000,sz.002159,10.6100,10.6200,10.5900,10.6200,148782,1578413.0000,3
2021-11-24,20211124103000000,sz.002159,10.6100,10.6200,10.5300,10.5900,428100,4531596.0000,3
2021-11-24,20211124113000000,sz.002159,10.5900,10.7100,10.5800,10.6900,335051,3564645.0000,3
2021-11-24,20211124140000000,sz.002159,10.6900,10.7400,10.6700,10.7000,186500,1994938.0000,3
2021-11-24,20211124150000000,sz.002159,10.7000,10.7100,10.6300,10.6900,292000,3117887.0000,3
2021-11-25,20211125103000000,sz.002159,10.6900,10.7400,10.6100,10.6500,207800,2210426.0000,3
2021-11-25,20211125113000000,sz.002159,10.6500,10.7200,10.6500,10.6700,114700,1225348.0000,3
2021-11-25,20211125140000000,sz.002159,10.6700,10.7000,10.6400,10.6700,131200,1399121.0000,3
2021-11-25,20211125150000000,sz.002159,10.6700,10.6700,10.6300,10.6300,197200,2099401.0000,3
2021-11-26,20211126103000000,sz.002159,10.6200,10.6500,10.4900,10.5200,750000,7903362.0000,3
2021-11-26,20211126113000000,sz.002159,10.5200,10.5200,10.4900,10.5100,183800,1930609.0000,3
2021-11-26,20211126140000000,sz.002159,10.4900,10.5300,10.4900,10.5000,272100,2858915.0000,3
2021-11-26,20211126150000000,sz.002159,10.5000,10.5200,10.4900,10.4900,120600,1266516.0000,3
2021-11-29,20211129103000000,sz.002159,10.3100,10.3100,10.1600,10.2500,536100,5480688.0000,3
2021-11-29,20211129113000000,sz.002159,10.2500,10.3200,10.2200,10.2800,88100,904743.0000,3
2021-11-29,20211129140000000,sz.002159,10.2800,10.2800,10.1600,10.1900,304400,3106799.0000,3
2021-11-29,20211129150000000,sz.002159,10.1900,10.2100,10.1800,10.1800,202300,2061693.0000,3
2021-11-30,20211130103000000,sz.002159,10.2300,10.3500,10.2300,10.2700,286300,2943045.0000,3
2021-11-30,20211130113000000,sz.002159,10.2700,10.3000,10.2600,10.2900,138150,1420668.0000,3
2021-11-30,20211130140000000,sz.002159,10.2900,10.3300,10.2500,10.2600,124049,1276152.0000,3
2021-11-30,20211130150000000,sz.002159,10.2600,10.2700,10.2200,10.2600,215100,2204055.0000,3
2021-12-01,20211201103000000,sz.002159,10.3000,10.3300,10.2200,10.3200,152500,1569506.0000,3
2021-12-01,20211201113000000,sz.002159,10.3200,10.3900,10.3100,10.3600,166600,1725611.0000,3
2021-12-01,20211201140000000,sz.002159,10.3600,10.3900,10.3300,10.3400,120000,1242274.0000,3
2021-12-01,20211201150000000,sz.002159,10.3400,10.3900,10.3400,10.3800,150671,1561787.0000,3
2021-12-02,20211202103000000,sz.002159,10.4000,10.5900,10.3400,10.3500,685351,7167135.0000,3
2021-12-02,20211202113000000,sz.002159,10.3500,10.3800,10.3100,10.3500,202300,2091254.0000,3
2021-12-02,20211202140000000,sz.002159,10.3600,10.3900,10.3300,10.3400,122100,1263761.0000,3
2021-12-02,20211202150000000,sz.002159,10.3400,10.3700,10.3000,10.3600,331443,3424781.0000,3
2021-12-03,20211203103000000,sz.002159,10.3600,10.4300,10.3200,10.3400,271200,2808430.0000,3
2021-12-03,20211203113000000,sz.002159,10.3400,10.3700,10.3300,10.3700,152400,1576841.0000,3
2021-12-03,20211203140000000,sz.002159,10.3700,10.3700,10.3300,10.3500,166800,1726388.0000,3
2021-12-03,20211203150000000,sz.002159,10.3700,10.3700,10.3400,10.3600,181500,1879421.0000,3
2021-12-06,20211206103000000,sz.002159,10.4100,10.4100,10.2000,10.2700,474400,4863454.0000,3
2021-12-06,20211206113000000,sz.002159,10.2700,10.3100,10.2500,10.3000,68400,703252.0000,3
2021-12-06,20211206140000000,sz.002159,10.3000,10.3100,10.2700,10.2800,111500,1147024.0000,3
2021-12-06,20211206150000000,sz.002159,10.2800,10.3400,10.2500,10.2600,126100,1296940.0000,3
2021-12-07,20211207103000000,sz.002159,10.3300,10.3500,10.2700,10.2900,310200,3196405.0000,3
2021-12-07,20211207113000000,sz.002159,10.2900,10.3300,10.2700,10.3200,280900,2894281.0000,3
2021-12-07,20211207140000000,sz.002159,10.3200,10.3300,10.2800,10.3000,231000,2380461.0000,3
2021-12-07,20211207150000000,sz.002159,10.3000,10.4300,10.2900,10.3600,599482,6208378.0000,3
2021-12-08,20211208103000000,sz.002159,10.3500,10.3700,10.3100,10.3500,220200,2275664.0000,3
2021-12-08,20211208113000000,sz.002159,10.3500,10.4500,10.3400,10.4000,215200,2233963.0000,3
2021-12-08,20211208140000000,sz.002159,10.4000,10.4100,10.3800,10.4000,210400,2186743.0000,3
2021-12-08,20211208150000000,sz.002159,10.4000,10.4000,10.3700,10.4000,118200,1226826.0000,3
2021-12-09,20211209103000000,sz.002159,10.4000,10.5400,10.3500,10.4700,373400,3907991.0000,3
2021-12-09,20211209113000000,sz.002159,10.4700,10.5000,10.4500,10.4500,267800,2804281.0000,3
2021-12-09,20211209140000000,sz.002159,10.4500,10.5700,10.4500,10.5000,337300,3545577.0000,3
2021-12-09,20211209150000000,sz.002159,10.5000,10.5800,10.4800,10.5800,451300,4756165.0000,3
2021-12-10,20211210103000000,sz.002159,10.4800,10.5700,10.4600,10.5600,302500,3181227.0000,3
2021-12-10,20211210113000000,sz.002159,10.5600,10.5600,10.5000,10.5100,370600,3901178.0000,3
2021-12-10,20211210140000000,sz.002159,10.5100,10.5200,10.4400,10.4800,334600,3504862.0000,3
2021-12-10,20211210150000000,sz.002159,10.4800,10.5000,10.4500,10.5000,170900,1790013.0000,3
2021-12-13,20211213103000000,sz.002159,10.4900,10.5200,10.4000,10.4600,352703,3681279.0000,3
2021-12-13,20211213113000000,sz.002159,10.4600,10.4700,10.4200,10.4400,208600,2176390.0000,3
2021-12-13,20211213140000000,sz.002159,10.4400,10.4700,10.4200,10.4600,254179,2655617.0000,3
2021-12-13,20211213150000000,sz.002159,10.4600,10.5000,10.4600,10.4900,102600,1074952.0000,3
2021-12-14,20211214103000000,sz.002159,10.4500,10.5900,10.4500,10.4700,304800,3204160.0000,3
2021-12-14,20211214113000000,sz.002159,10.4800,10.5000,10.4700,10.4900,73400,769037.0000,3
2021-12-14,20211214140000000,sz.002159,10.4900,10.5200,10.4500,10.4500,182603,1913690.0000,3
2021-12-14,20211214150000000,sz.002159,10.4500,10.5200,10.4500,10.5200,311800,3269695.0000,3
2021-12-15,20211215103000000,sz.002159,10.5200,10.6000,10.4800,10.5300,310700,3273297.0000,3
2021-12-15,20211215113000000,sz.002159,10.5300,10.6100,10.5200,10.5600,546153,5776795.0000,3
2021-12-15,20211215140000000,sz.002159,10.5600,10.6100,10.5400,10.5800,370700,3921348.0000,3
2021-12-15,20211215150000000,sz.002159,10.5800,10.5800,10.5000,10.5400,484803,5103445.0000,3
2021-12-16,20211216103000000,sz.002159,10.5300,10.6000,10.5200,10.5500,360300,3801291.0000,3
2021-12-16,20211216113000000,sz.002159,10.5500,10.5700,10.5200,10.5700,174900,1843877.0000,3
2021-12-16,20211216140000000,sz.002159,10.5700,10.5800,10.5100,10.5700,180200,1901055.0000,3
2021-12-16,20211216150000000,sz.002159,10.5700,10.6000,10.5500,10.5700,399800,4224933.0000,3
2021-12-17,20211217103000000,sz.002159,10.5600,10.5900,10.4200,10.4600,635400,6661424.0000,3
2021-12-17,20211217113000000,sz.002159,10.4600,10.5800,10.4000,10.5100,420700,4406990.0000,3
2021-12-17,20211217140000000,sz.002159,10.5100,10.5400,10.4800,10.5000,136743,1436526.0000,3
2021-12-17,20211217150000000,sz.002159,10.5000,10.5300,10.5000,10.5200,142500,1498528.0000,3
2021-12-20,20211220103000000,sz.002159,10.4800,10.5800,10.4500,10.5100,562900,5919732.0000,3
2021-12-20,20211220113000000,sz.002159,10.5100,10.5600,10.4900,10.5500,239600,2519848.0000,3
2021-12-20,20211220140000000,sz.002159,10.5300,10.5600,10.5200,10.5200,126600,1333049.0000,3
2021-12-20,20211220150000000,sz.002159,10.5100,10.5400,10.4800,10.5100,546400,5740640.0000,3
2021-12-21,20211221103000000,sz.002159,10.5200,10.7000,10.5000,10.6000,679700,7214034.0000,3
2021-12-21,20211221113000000,sz.002159,10.6000,10.6700,10.5600,10.6600,373700,3967960.0000,3
2021-12-21,20211221140000000,sz.002159,10.6500,10.7200,10.6300,10.6700,706400,7536168.0000,3
2021-12-21,20211221150000000,sz.002159,10.6700,10.6900,10.6500,10.6900,489200,5223145.0000,3
2021-12-22,20211222103000000,sz.002159,10.7000,10.9000,10.6500,10.6700,727500,7825847.0000,3
2021-12-22,20211222113000000,sz.002159,10.6700,10.7300,10.6400,10.6900,218800,2336477.0000,3
2021-12-22,20211222140000000,sz.002159,10.6900,10.7000,10.6500,10.6900,238100,2539893.0000,3
2021-12-22,20211222150000000,sz.002159,10.6900,10.7000,10.6200,10.6200,443600,4726698.0000,3
2021-12-23,20211223103000000,sz.002159,10.6300,10.6900,10.5500,10.5800,519400,5502615.0000,3
2021-12-23,20211223113000000,sz.002159,10.5800,10.6500,10.5800,10.6300,153903,1631096.0000,3
2021-12-23,20211223140000000,sz.002159,10.6300,10.6300,10.5100,10.5400,307400,3243032.0000,3
2021-12-23,20211223150000000,sz.002159,10.5400,10.5600,10.5100,10.5100,204600,2154066.0000,3
2021-12-24,20211224103000000,sz.002159,10.5000,10.6600,10.4300,10.4500,467000,4902880.0000,3
2021-12-24,20211224113000000,sz.002159,10.4500,10.5400,10.4000,10.5200,273700,2857158.0000,3
2021-12-24,20211224140000000,sz.002159,10.5200,10.6300,10.5000,10.5400,478654,5056467.0000,3
2021-12-24,20211224150000000,sz.002159,10.5400,10.5700,10.5000,10.5400,330400,3480824.0000,3
2021-12-27,20211227103000000,sz.002159,10.5400,10.5600,10.3200,10.4900,554900,5790816.0000,3
2021-12-27,20211227113000000,sz.002159,10.5300,10.5700,10.4800,10.4800,203900,2146240.0000,3
2021-12-27,20211227140000000,sz.002159,10.4800,10.5100,10.4000,10.4600,451951,4718921.0000,3
2021-12-27,20211227150000000,sz.002159,10.4600,10.5100,10.4400,10.4600,234411,2452157.0000,3
2021-12-28,20211228103000000,sz.002159,10.5000,10.5800,10.4200,10.5700,490800,5152456.0000,3
2021-12-28,20211228113000000,sz.002159,10.5700,10.6800,10.5400,10.6600,1024176,10861519.0000,3
2021-12-28,20211228140000000,sz.002159,10.6600,10.7200,10.6400,10.6500,458300,4894415.0000,3
2021-12-28,20211228150000000,sz.002159,10.6500,10.7100,10.6200,10.7000,356437,3807445.0000,3
2021-12-29,20211229103000000,sz.002159,10.7000,10.8800,10.5600,10.8600,1366300,14695255.0000,3
2021-12-29,20211229113000000,sz.002159,10.8700,11.0500,10.8300,10.8300,808000,8831164.0000,3
2021-12-29,20211229140000000,sz.002159,10.8300,11.0000,10.7600,10.9900,633314,6899994.0000,3
2021-12-29,20211229150000000,sz.002159,11.0000,11.1100,10.9300,11.0400,1513400,16681561.0000,3
2021-12-30,20211230103000000,sz.002159,10.9500,11.0300,10.8000,10.9100,958047,10454678.0000,3
2021-12-30,20211230113000000,sz.002159,10.9100,10.9500,10.8600,10.9300,328604,3583434.0000,3
2021-12-30,20211230140000000,sz.002159,10.9400,11.0200,10.9100,10.9700,408000,4476802.0000,3
2021-12-30,20211230150000000,sz.002159,10.9700,11.0200,10.9400,10.9900,557900,6133234.0000,3
2021-12-31,20211231103000000,sz.002159,11.0100,11.0500,10.8800,10.9700,438499,4798425.0000,3
2021-12-31,20211231113000000,sz.002159,10.9700,10.9900,10.9100,10.9300,183301,2006650.0000,3
2021-12-31,20211231140000000,sz.002159,10.9300,10.9400,10.8900,10.9000,188048,2052220.0000,3
2021-12-31,20211231150000000,sz.002159,10.9100,10.9600,10.8700,10.9300,380000,4151998.0000,3
