date,time,code,open,high,low,close,volume,amount,adjustflag
2021-01-04,20210104103000000,sz.000692,2.9200,2.9500,2.8900,2.9200,1478800,4316477.0000,3
2021-01-04,20210104113000000,sz.000692,2.9200,2.9300,2.9000,2.9300,1149300,3356296.0000,3
2021-01-04,20210104140000000,sz.000692,2.9300,2.9400,2.9200,2.9300,560300,1641380.0000,3
2021-01-04,20210104150000000,sz.000692,2.9200,2.9300,2.9200,2.9200,825556,2412480.0000,3
2021-01-05,20210105103000000,sz.000692,2.9300,2.9300,2.8800,2.8800,1946300,5635159.0000,3
2021-01-05,20210105113000000,sz.000692,2.8800,2.8900,2.8700,2.8900,1164900,3355610.0000,3
2021-01-05,20210105140000000,sz.000692,2.8900,2.8900,2.8800,2.8800,495700,1430099.0000,3
2021-01-05,20210105150000000,sz.000692,2.8800,2.9200,2.8800,2.8900,1079207,3133711.0000,3
2021-01-06,20210106103000000,sz.000692,2.9000,2.9100,2.8600,2.8700,1344684,3877919.0000,3
2021-01-06,20210106113000000,sz.000692,2.8700,2.8800,2.8600,2.8700,441902,1268042.0000,3
2021-01-06,20210106140000000,sz.000692,2.8700,2.8800,2.8600,2.8700,842800,2414160.0000,3
2021-01-06,20210106150000000,sz.000692,2.8600,2.9100,2.8600,2.9000,1667900,4821549.0000,3
2021-01-07,20210107103000000,sz.000692,2.8800,2.9000,2.8600,2.8600,1266700,3635253.0000,3
2021-01-07,20210107113000000,sz.000692,2.8600,2.8800,2.8500,2.8700,503100,1440174.0000,3
2021-01-07,20210107140000000,sz.000692,2.8700,2.8800,2.8100,2.8400,1848700,5250595.0000,3
2021-01-07,20210107150000000,sz.000692,2.8300,2.8400,2.8200,2.8300,922202,2608780.0000,3
2021-01-08,20210108103000000,sz.000692,2.8100,2.8300,2.7100,2.7800,1919200,5291561.0000,3
2021-01-08,20210108113000000,sz.000692,2.7800,2.7800,2.7400,2.7600,362700,1000485.0000,3
2021-01-08,20210108140000000,sz.000692,2.7600,2.7600,2.7400,2.7500,438700,1205906.0000,3
2021-01-08,20210108150000000,sz.000692,2.7500,2.7600,2.7500,2.7600,574300,1581655.0000,3
2021-01-11,20210111103000000,sz.000692,2.7400,2.7400,2.7000,2.7200,1327902,3611195.0000,3
2021-01-11,20210111113000000,sz.000692,2.7100,2.7200,2.6800,2.6900,800800,2161901.0000,3
2021-01-11,20210111140000000,sz.000692,2.6900,2.7000,2.6400,2.6500,1066200,2844716.0000,3
2021-01-11,20210111150000000,sz.000692,2.6500,2.6500,2.6200,2.6200,1068847,2812670.0000,3
2021-01-12,20210112103000000,sz.000692,2.6200,2.7200,2.6200,2.6600,1232400,3290857.0000,3
2021-01-12,20210112113000000,sz.000692,2.6600,2.6900,2.6600,2.6800,387200,1035662.0000,3
2021-01-12,20210112140000000,sz.000692,2.6800,2.6800,2.6600,2.6600,237600,634606.0000,3
2021-01-12,20210112150000000,sz.000692,2.6600,2.6700,2.6400,2.6500,600370,1594960.0000,3
2021-01-13,20210113103000000,sz.000692,2.6500,2.6800,2.5500,2.5900,2434714,6312921.0000,3
2021-01-13,20210113113000000,sz.000692,2.5900,2.6000,2.5600,2.6000,613700,1583422.0000,3
2021-01-13,20210113140000000,sz.000692,2.6000,2.7400,2.5900,2.7200,3122960,8343310.0000,3
2021-01-13,20210113150000000,sz.000692,2.7100,2.7400,2.6900,2.7100,1019300,2765718.0000,3
2021-01-14,20210114103000000,sz.000692,2.7100,2.8500,2.7100,2.7600,3616101,10109438.0000,3
2021-01-14,20210114113000000,sz.000692,2.7600,2.7800,2.7500,2.7600,383000,1058852.0000,3
2021-01-14,20210114140000000,sz.000692,2.7600,2.7800,2.7600,2.7700,250800,694290.0000,3
2021-01-14,20210114150000000,sz.000692,2.7700,2.7700,2.7500,2.7500,684600,1888185.0000,3
2021-01-15,20210115103000000,sz.000692,2.7100,2.7700,2.7100,2.7600,599716,1651701.0000,3
2021-01-15,20210115113000000,sz.000692,2.7600,2.7900,2.7600,2.7700,387400,1074774.0000,3
2021-01-15,20210115140000000,sz.000692,2.7700,2.7800,2.7600,2.7600,277300,767818.0000,3
2021-01-15,20210115150000000,sz.000692,2.7600,2.7800,2.7600,2.7700,265700,735841.0000,3
2021-01-18,20210118103000000,sz.000692,2.7500,2.8100,2.7100,2.7300,1360302,3743277.0000,3
2021-01-18,20210118113000000,sz.000692,2.7300,2.7600,2.7300,2.7600,300700,827395.0000,3
2021-01-18,20210118140000000,sz.000692,2.7600,2.7600,2.7200,2.7300,372200,1019048.0000,3
2021-01-18,20210118150000000,sz.000692,2.7300,2.7400,2.7200,2.7300,533416,1454711.0000,3
2021-01-19,20210119103000000,sz.000692,2.7300,2.7300,2.6400,2.6800,2482500,6644529.0000,3
2021-01-19,20210119113000000,sz.000692,2.6800,2.7000,2.6600,2.7000,469400,1259185.0000,3
2021-01-19,20210119140000000,sz.000692,2.7000,2.7200,2.7000,2.7000,429600,1163484.0000,3
2021-01-19,20210119150000000,sz.000692,2.7000,2.7200,2.6700,2.6700,686400,1845025.0000,3
2021-01-20,20210120103000000,sz.000692,2.6700,2.6900,2.6500,2.6600,802800,2140483.0000,3
2021-01-20,20210120113000000,sz.000692,2.6600,2.6700,2.6600,2.6700,286640,763326.0000,3
2021-01-20,20210120140000000,sz.000692,2.6700,2.6700,2.6500,2.6600,321460,852752.0000,3
2021-01-20,20210120150000000,sz.000692,2.6600,2.6600,2.6400,2.6500,773800,2052272.0000,3
2021-01-21,20210121103000000,sz.000692,2.6600,2.7400,2.6400,2.6800,1680288,4525196.0000,3
2021-01-21,20210121113000000,sz.000692,2.6800,2.7100,2.6800,2.7000,248302,669288.0000,3
2021-01-21,20210121140000000,sz.000692,2.7000,2.7200,2.7000,2.7200,510368,1383053.0000,3
2021-01-21,20210121150000000,sz.000692,2.7200,2.7200,2.6900,2.6900,580700,1568664.0000,3
2021-01-22,20210122103000000,sz.000692,2.7100,2.7200,2.6600,2.6600,610616,1632814.0000,3
2021-01-22,20210122113000000,sz.000692,2.6600,2.6700,2.6600,2.6600,220468,586676.0000,3
2021-01-22,20210122140000000,sz.000692,2.6600,2.6900,2.6600,2.6700,268156,716584.0000,3
2021-01-22,20210122150000000,sz.000692,2.6700,2.6900,2.6700,2.6900,264900,708940.0000,3
2021-01-25,20210125103000000,sz.000692,2.6700,2.6700,2.6200,2.6300,1051300,2781372.0000,3
2021-01-25,20210125113000000,sz.000692,2.6300,2.6300,2.6100,2.6100,575500,1507907.0000,3
2021-01-25,20210125140000000,sz.000692,2.6100,2.7400,2.6100,2.6600,1481700,3965761.0000,3
2021-01-25,20210125150000000,sz.000692,2.6500,2.6700,2.6300,2.6400,373700,988810.0000,3
2021-01-26,20210126103000000,sz.000692,2.6400,2.6700,2.6100,2.6300,1137870,2993563.0000,3
2021-01-26,20210126113000000,sz.000692,2.6300,2.6300,2.6100,2.6300,846600,2218871.0000,3
2021-01-26,20210126140000000,sz.000692,2.6300,2.6300,2.6100,2.6200,396900,1037908.0000,3
2021-01-26,20210126150000000,sz.000692,2.6200,2.6200,2.6000,2.6100,369300,963457.0000,3
2021-01-27,20210127103000000,sz.000692,2.6100,2.6400,2.6100,2.6100,459200,1202105.0000,3
2021-01-27,20210127113000000,sz.000692,2.6200,2.6300,2.6100,2.6200,152100,398841.0000,3
2021-01-27,20210127140000000,sz.000692,2.6200,2.6300,2.6100,2.6200,409770,1074132.0000,3
2021-01-27,20210127150000000,sz.000692,2.6200,2.6200,2.6100,2.6200,515930,1348461.0000,3
2021-01-28,20210128103000000,sz.000692,2.6200,2.6200,2.5500,2.6000,966200,2489629.0000,3
2021-01-28,20210128113000000,sz.000692,2.6000,2.6000,2.5800,2.5900,188100,487316.0000,3
2021-01-28,20210128140000000,sz.000692,2.5900,2.6000,2.5800,2.6000,246900,641441.0000,3
2021-01-28,20210128150000000,sz.000692,2.5900,2.6100,2.5900,2.6000,340700,885906.0000,3
2021-01-29,20210129103000000,sz.000692,2.6000,2.6100,2.5400,2.5500,1512100,3880484.0000,3
2021-01-29,20210129113000000,sz.000692,2.5500,2.5600,2.5400,2.5500,703900,1796400.0000,3
2021-01-29,20210129140000000,sz.000692,2.5500,2.5600,2.5400,2.5400,467500,1191663.0000,3
2021-01-29,20210129150000000,sz.000692,2.5400,2.5400,2.5000,2.5100,1190300,2997681.0000,3
2021-02-01,20210201103000000,sz.000692,2.3700,2.5000,2.3100,2.3600,2931000,7018235.0000,3
2021-02-01,20210201113000000,sz.000692,2.3600,2.4000,2.2700,2.3400,2256400,5273292.0000,3
2021-02-01,20210201140000000,sz.000692,2.3400,2.3700,2.3400,2.3700,854116,2005726.0000,3
2021-02-01,20210201150000000,sz.000692,2.3700,2.4400,2.3600,2.4300,931300,2244064.0000,3
2021-02-02,20210202103000000,sz.000692,2.4200,2.6700,2.4100,2.6700,7709981,20275359.0000,3
2021-02-02,20210202113000000,sz.000692,2.6700,2.6700,2.6700,2.6700,102300,273141.0000,3
2021-02-02,20210202140000000,sz.000692,2.6700,2.6700,2.6700,2.6700,407200,1087224.0000,3
2021-02-02,20210202150000000,sz.000692,2.6700,2.6700,2.6700,2.6700,136700,364989.0000,3
2021-02-03,20210203103000000,sz.000692,2.6300,2.6300,2.4900,2.5000,5336000,13633730.0000,3
2021-02-03,20210203113000000,sz.000692,2.5000,2.5700,2.4800,2.5500,1121700,2821902.0000,3
2021-02-03,20210203140000000,sz.000692,2.5500,2.5600,2.5100,2.5100,452800,1148331.0000,3
2021-02-03,20210203150000000,sz.000692,2.5100,2.5400,2.5100,2.5100,839901,2115179.0000,3
2021-02-04,20210204103000000,sz.000692,2.4900,2.6600,2.4700,2.5500,3153600,8146696.0000,3
2021-02-04,20210204113000000,sz.000692,2.5500,2.5500,2.5000,2.5400,648740,1643278.0000,3
2021-02-04,20210204140000000,sz.000692,2.5300,2.5800,2.5300,2.5700,543700,1393290.0000,3
2021-02-04,20210204150000000,sz.000692,2.5700,2.6200,2.5500,2.6000,1039871,2691036.0000,3
2021-02-05,20210205103000000,sz.000692,2.5500,2.6300,2.5400,2.5700,1141740,2947109.0000,3
2021-02-05,20210205113000000,sz.000692,2.5700,2.6000,2.5700,2.5900,483100,1250055.0000,3
2021-02-05,20210205140000000,sz.000692,2.5900,2.6400,2.5800,2.6000,541800,1414563.0000,3
2021-02-05,20210205150000000,sz.000692,2.6000,2.6200,2.5900,2.6000,593300,1543928.0000,3
2021-02-08,20210208103000000,sz.000692,2.5900,2.7500,2.5900,2.7100,2917700,7891904.0000,3
2021-02-08,20210208113000000,sz.000692,2.7100,2.7200,2.7000,2.7200,472400,1281436.0000,3
2021-02-08,20210208140000000,sz.000692,2.7200,2.7200,2.7000,2.7100,479840,1301399.0000,3
2021-02-08,20210208150000000,sz.000692,2.7100,2.7200,2.7000,2.7000,656600,1778804.0000,3
2021-02-09,20210209103000000,sz.000692,2.7000,2.7300,2.6600,2.6900,1004500,2694618.0000,3
2021-02-09,20210209113000000,sz.000692,2.6900,2.7000,2.6600,2.6700,374100,1000335.0000,3
2021-02-09,20210209140000000,sz.000692,2.6700,2.6900,2.6600,2.6600,535000,1425525.0000,3
2021-02-09,20210209150000000,sz.000692,2.6700,2.6700,2.6500,2.6600,481900,1281310.0000,3
2021-02-10,20210210103000000,sz.000692,2.7200,2.7200,2.6600,2.6700,605200,1623983.0000,3
2021-02-10,20210210113000000,sz.000692,2.6700,2.6900,2.6700,2.6800,224400,600785.0000,3
2021-02-10,20210210140000000,sz.000692,2.6700,2.6900,2.6700,2.6800,181839,487614.0000,3
2021-02-10,20210210150000000,sz.000692,2.6800,2.6900,2.6600,2.6700,585361,1567528.0000,3
2021-02-18,20210218103000000,sz.000692,2.7000,2.7000,2.6500,2.6600,1218540,3249178.0000,3
2021-02-18,20210218113000000,sz.000692,2.6600,2.6800,2.6600,2.6800,495700,1322014.0000,3
2021-02-18,20210218140000000,sz.000692,2.6800,2.6800,2.6700,2.6800,359400,961665.0000,3
2021-02-18,20210218150000000,sz.000692,2.6800,2.7100,2.6800,2.7000,572400,1545936.0000,3
2021-02-19,20210219103000000,sz.000692,2.7000,2.7100,2.6800,2.6900,567658,1524904.0000,3
2021-02-19,20210219113000000,sz.000692,2.6900,2.7000,2.6800,2.7000,523989,1409221.0000,3
2021-02-19,20210219140000000,sz.000692,2.7000,2.7700,2.6900,2.7700,1171956,3202012.0000,3
2021-02-19,20210219150000000,sz.000692,2.7700,2.7800,2.7500,2.7500,988500,2728566.0000,3
2021-02-22,20210222103000000,sz.000692,2.7500,2.8300,2.7200,2.8100,2027291,5630350.0000,3
2021-02-22,20210222113000000,sz.000692,2.8100,2.8100,2.7700,2.8000,728800,2034476.0000,3
2021-02-22,20210222140000000,sz.000692,2.8000,2.8200,2.7900,2.7900,509500,1426495.0000,3
2021-02-22,20210222150000000,sz.000692,2.7800,2.7900,2.6900,2.7000,1529300,4179893.0000,3
2021-02-23,20210223103000000,sz.000692,2.7100,2.7300,2.6600,2.6900,1701800,4581125.0000,3
2021-02-23,20210223113000000,sz.000692,2.6900,2.7000,2.6900,2.7000,86500,232893.0000,3
2021-02-23,20210223140000000,sz.000692,2.7000,2.7000,2.6700,2.6900,528900,1421110.0000,3
2021-02-23,20210223150000000,sz.000692,2.6900,2.6900,2.6700,2.6700,770600,2062809.0000,3
2021-02-24,20210224103000000,sz.000692,2.6500,2.7200,2.6500,2.6800,1999700,5364150.0000,3
2021-02-24,20210224113000000,sz.000692,2.6800,2.6900,2.6600,2.6800,303600,811911.0000,3
2021-02-24,20210224140000000,sz.000692,2.6800,2.6900,2.6700,2.6800,231176,619710.0000,3
2021-02-24,20210224150000000,sz.000692,2.6800,2.6800,2.6600,2.6800,488200,1304664.0000,3
2021-02-25,20210225103000000,sz.000692,2.6900,2.7100,2.6400,2.6800,785600,2096850.0000,3
2021-02-25,20210225113000000,sz.000692,2.6800,2.6900,2.6500,2.6700,567300,1513149.0000,3
2021-02-25,20210225140000000,sz.000692,2.6700,2.6900,2.6600,2.6600,469700,1255786.0000,3
2021-02-25,20210225150000000,sz.000692,2.6600,2.6700,2.6400,2.6600,806700,2135614.0000,3
2021-02-26,20210226103000000,sz.000692,2.6400,2.6500,2.6100,2.6300,860100,2257202.0000,3
2021-02-26,20210226113000000,sz.000692,2.6300,2.6700,2.6300,2.6500,267500,708086.0000,3
2021-02-26,20210226140000000,sz.000692,2.6500,2.6600,2.6400,2.6500,224500,594273.0000,3
2021-02-26,20210226150000000,sz.000692,2.6500,2.6600,2.6300,2.6300,502900,1329153.0000,3
2021-03-01,20210301103000000,sz.000692,2.6500,2.6700,2.6500,2.6700,388300,1032324.0000,3
2021-03-01,20210301113000000,sz.000692,2.6700,2.6800,2.6600,2.6800,347000,925782.0000,3
2021-03-01,20210301140000000,sz.000692,2.6800,2.6800,2.6600,2.6700,115400,307919.0000,3
2021-03-01,20210301150000000,sz.000692,2.6600,2.6700,2.6600,2.6700,280468,746943.0000,3
2021-03-02,20210302103000000,sz.000692,2.6900,2.7000,2.6600,2.7000,1022600,2745589.0000,3
2021-03-02,20210302113000000,sz.000692,2.7000,2.7000,2.6700,2.6800,266500,715300.0000,3
2021-03-02,20210302140000000,sz.000692,2.6800,2.6800,2.6500,2.6600,654200,1741735.0000,3
2021-03-02,20210302150000000,sz.000692,2.6500,2.6700,2.6500,2.6700,159710,424766.0000,3
2021-03-03,20210303103000000,sz.000692,2.6500,2.6500,2.5800,2.6200,2239078,5844254.0000,3
2021-03-03,20210303113000000,sz.000692,2.6200,2.6200,2.6000,2.6200,909900,2371588.0000,3
2021-03-03,20210303140000000,sz.000692,2.6200,2.6200,2.6000,2.6100,791732,2064489.0000,3
2021-03-03,20210303150000000,sz.000692,2.6100,2.6500,2.6000,2.6500,1343100,3523780.0000,3
2021-03-04,20210304103000000,sz.000692,2.6500,2.6500,2.6300,2.6400,1387600,3661803.0000,3
2021-03-04,20210304113000000,sz.000692,2.6400,2.6500,2.6400,2.6500,356158,939807.0000,3
2021-03-04,20210304140000000,sz.000692,2.6500,2.6500,2.6300,2.6300,207300,546430.0000,3
2021-03-04,20210304150000000,sz.000692,2.6300,2.6500,2.6200,2.6400,852600,2246811.0000,3
2021-03-05,20210305103000000,sz.000692,2.6400,2.6500,2.6300,2.6500,657500,1736891.0000,3
2021-03-05,20210305113000000,sz.000692,2.6500,2.6500,2.6300,2.6400,490000,1293317.0000,3
2021-03-05,20210305140000000,sz.000692,2.6400,2.6400,2.6200,2.6400,646500,1699503.0000,3
2021-03-05,20210305150000000,sz.000692,2.6400,2.6600,2.6300,2.6500,1137000,3010472.0000,3
2021-03-08,20210308103000000,sz.000692,2.7000,2.7000,2.6400,2.6500,1126901,3000101.0000,3
2021-03-08,20210308113000000,sz.000692,2.6500,2.6700,2.6500,2.6700,244089,649066.0000,3
2021-03-08,20210308140000000,sz.000692,2.6700,2.6700,2.6500,2.6700,501202,1333528.0000,3
2021-03-08,20210308150000000,sz.000692,2.6700,2.6700,2.6300,2.6400,1061300,2804531.0000,3
2021-03-09,20210309103000000,sz.000692,2.6400,2.6500,2.5600,2.6000,1527100,3973547.0000,3
2021-03-09,20210309113000000,sz.000692,2.6000,2.6200,2.5900,2.6100,477600,1242173.0000,3
2021-03-09,20210309140000000,sz.000692,2.6100,2.6300,2.6100,2.6100,248100,648775.0000,3
2021-03-09,20210309150000000,sz.000692,2.6100,2.6200,2.5900,2.6000,257100,669558.0000,3
2021-03-10,20210310103000000,sz.000692,2.6100,2.6200,2.5800,2.5900,631800,1637920.0000,3
2021-03-10,20210310113000000,sz.000692,2.5900,2.5900,2.5700,2.5800,391100,1010006.0000,3
2021-03-10,20210310140000000,sz.000692,2.5800,2.5900,2.5500,2.5600,636000,1630212.0000,3
2021-03-10,20210310150000000,sz.000692,2.5600,2.5700,2.5300,2.5500,608000,1550179.0000,3
2021-03-11,20210311103000000,sz.000692,2.5300,2.5700,2.5300,2.5700,637600,1627196.0000,3
2021-03-11,20210311113000000,sz.000692,2.5700,2.5700,2.5500,2.5700,286700,735182.0000,3
2021-03-11,20210311140000000,sz.000692,2.5500,2.6100,2.5500,2.6000,573002,1484156.0000,3
2021-03-11,20210311150000000,sz.000692,2.6000,2.6100,2.5800,2.5900,438000,1136894.0000,3
2021-03-12,20210312103000000,sz.000692,2.6000,2.6300,2.5700,2.6300,969800,2523290.0000,3
2021-03-12,20210312113000000,sz.000692,2.6300,2.6900,2.6200,2.6800,1765310,4694347.0000,3
2021-03-12,20210312140000000,sz.000692,2.6800,2.6800,2.6400,2.6600,690800,1841131.0000,3
2021-03-12,20210312150000000,sz.000692,2.6600,2.8500,2.6500,2.8500,8170777,22853016.0000,3
2021-03-15,20210315103000000,sz.000692,2.8600,2.8900,2.7500,2.8100,8765252,24715976.0000,3
2021-03-15,20210315113000000,sz.000692,2.8100,2.8300,2.8100,2.8200,732200,2063591.0000,3
2021-03-15,20210315140000000,sz.000692,2.8200,2.8200,2.7500,2.7900,1623900,4524362.0000,3
2021-03-15,20210315150000000,sz.000692,2.7900,2.8100,2.7600,2.7900,1619900,4505436.0000,3
2021-03-16,20210316103000000,sz.000692,2.7800,2.8000,2.7400,2.7800,2601400,7200127.0000,3
2021-03-16,20210316113000000,sz.000692,2.7800,2.7800,2.7500,2.7700,521710,1441287.0000,3
2021-03-16,20210316140000000,sz.000692,2.7700,2.8100,2.7600,2.7900,1557078,4345950.0000,3
2021-03-16,20210316150000000,sz.000692,2.7900,3.0700,2.7700,2.9900,10193000,30387338.0000,3
2021-03-17,20210317103000000,sz.000692,2.8900,2.9100,2.8200,2.8700,4927000,14057681.0000,3
2021-03-17,20210317113000000,sz.000692,2.8700,2.8700,2.8300,2.8700,1353200,3859408.0000,3
2021-03-17,20210317140000000,sz.000692,2.8700,2.9300,2.8500,2.8800,1964200,5649038.0000,3
2021-03-17,20210317150000000,sz.000692,2.8800,2.8800,2.8500,2.8600,1465300,4196801.0000,3
2021-03-18,20210318103000000,sz.000692,2.8100,2.8500,2.7900,2.8300,2646702,7453536.0000,3
2021-03-18,20210318113000000,sz.000692,2.8300,2.9900,2.8100,2.9000,4244500,12382051.0000,3
2021-03-18,20210318140000000,sz.000692,2.9000,2.9300,2.8900,2.9000,1116200,3249386.0000,3
2021-03-18,20210318150000000,sz.000692,2.9000,2.9100,2.8300,2.8600,1300800,3736597.0000,3
2021-03-19,20210319103000000,sz.000692,2.8200,3.0000,2.8000,2.9300,6124754,17840515.0000,3
2021-03-19,20210319113000000,sz.000692,2.9300,2.9600,2.9000,2.9000,1336100,3924069.0000,3
2021-03-19,20210319140000000,sz.000692,2.9100,2.9200,2.8600,2.9100,1270401,3675979.0000,3
2021-03-19,20210319150000000,sz.000692,2.9100,2.9400,2.8800,2.9300,3913200,11422709.0000,3
2021-03-22,20210322103000000,sz.000692,2.9600,3.0600,2.9400,3.0600,7329542,21987798.0000,3
2021-03-22,20210322113000000,sz.000692,3.0600,3.2000,3.0300,3.1300,7691254,24102363.0000,3
2021-03-22,20210322140000000,sz.000692,3.1400,3.1600,3.1100,3.1600,1293347,4056571.0000,3
2021-03-22,20210322150000000,sz.000692,3.1600,3.1600,3.0500,3.0600,2710502,8400801.0000,3
2021-03-23,20210323103000000,sz.000692,3.0500,3.2000,2.9900,3.1400,8661602,26866963.0000,3
2021-03-23,20210323113000000,sz.000692,3.1400,3.1800,3.1100,3.1200,2379700,7480850.0000,3
2021-03-23,20210323140000000,sz.000692,3.1200,3.1300,3.0500,3.0700,1775100,5485710.0000,3
2021-03-23,20210323150000000,sz.000692,3.0700,3.1500,3.0400,3.1500,2602000,8060009.0000,3
2021-03-24,20210324103000000,sz.000692,3.0800,3.1800,3.0500,3.1200,4900600,15253860.0000,3
2021-03-24,20210324113000000,sz.000692,3.1200,3.1400,3.0500,3.0500,2430859,7476065.0000,3
2021-03-24,20210324140000000,sz.000692,3.0500,3.1000,3.0500,3.0800,1736800,5336604.0000,3
2021-03-24,20210324150000000,sz.000692,3.0800,3.1000,3.0600,3.0700,2064000,6347850.0000,3
2021-03-25,20210325103000000,sz.000692,3.0300,3.0600,2.9300,2.9700,5086210,15088666.0000,3
2021-03-25,20210325113000000,sz.000692,2.9600,2.9900,2.9000,2.9400,1605900,4729865.0000,3
2021-03-25,20210325140000000,sz.000692,2.9400,2.9600,2.9100,2.9200,1229200,3609502.0000,3
2021-03-25,20210325150000000,sz.000692,2.9200,2.9300,2.8900,2.9200,2541572,7395929.0000,3
2021-03-26,20210326103000000,sz.000692,2.9000,3.0100,2.8600,2.9800,2282000,6734904.0000,3
2021-03-26,20210326113000000,sz.000692,2.9800,3.0200,2.9800,2.9800,1114100,3332521.0000,3
2021-03-26,20210326140000000,sz.000692,2.9800,3.0200,2.9700,3.0000,1509000,4523418.0000,3
2021-03-26,20210326150000000,sz.000692,3.0000,3.0100,2.9700,3.0000,2338900,6991582.0000,3
2021-03-29,20210329103000000,sz.000692,3.0000,3.1400,2.9600,3.0800,4438800,13673122.0000,3
2021-03-29,20210329113000000,sz.000692,3.0900,3.0900,3.0100,3.0300,1413200,4310648.0000,3
2021-03-29,20210329140000000,sz.000692,3.0300,3.0800,3.0300,3.0600,824800,2514020.0000,3
2021-03-29,20210329150000000,sz.000692,3.0600,3.0800,3.0400,3.0500,1572200,4799124.0000,3
2021-03-30,20210330103000000,sz.000692,3.0400,3.0400,2.9300,2.9600,2288300,6813932.0000,3
2021-03-30,20210330113000000,sz.000692,2.9600,2.9800,2.9500,2.9800,279300,827551.0000,3
2021-03-30,20210330140000000,sz.000692,2.9800,3.0000,2.9600,2.9800,533200,1592193.0000,3
2021-03-30,20210330150000000,sz.000692,2.9800,3.2500,2.9600,3.1200,7295772,22910876.0000,3
2021-03-31,20210331103000000,sz.000692,3.0800,3.1400,3.0100,3.0800,4292500,13207115.0000,3
2021-03-31,20210331113000000,sz.000692,3.0800,3.0900,3.0500,3.0500,1299500,3978013.0000,3
2021-03-31,20210331140000000,sz.000692,3.0500,3.0800,3.0400,3.0700,917800,2808441.0000,3
2021-03-31,20210331150000000,sz.000692,3.0700,3.0900,3.0500,3.0600,1384572,4245114.0000,3
2021-04-01,20210401103000000,sz.000692,3.0300,3.1200,3.0100,3.0700,2340410,7166528.0000,3
2021-04-01,20210401113000000,sz.000692,3.0700,3.1500,3.0400,3.1500,3284000,10197776.0000,3
2021-04-01,20210401140000000,sz.000692,3.1500,3.3700,3.1100,3.3700,24100804,80326689.0000,3
2021-04-01,20210401150000000,sz.000692,3.3700,3.3700,3.3700,3.3700,2720420,9167815.0000,3
2021-04-02,20210402103000000,sz.000692,3.5800,3.5800,3.1100,3.1900,19894454,65987642.0000,3
2021-04-02,20210402113000000,sz.000692,3.2000,3.2400,3.1500,3.2100,5605930,17830335.0000,3
2021-04-02,20210402140000000,sz.000692,3.2100,3.4100,3.1800,3.3100,4419922,14569427.0000,3
2021-04-02,20210402150000000,sz.000692,3.3200,3.4000,3.1800,3.1800,5075400,16506758.0000,3
2021-04-06,20210406103000000,sz.000692,3.1200,3.2400,3.1100,3.2000,8901179,28223102.0000,3
2021-04-06,20210406113000000,sz.000692,3.2000,3.2100,3.1600,3.1800,2597742,8250668.0000,3
2021-04-06,20210406140000000,sz.000692,3.1800,3.2000,3.1600,3.1700,1509601,4795924.0000,3
2021-04-06,20210406150000000,sz.000692,3.1700,3.1800,3.1500,3.1700,2327800,7364708.0000,3
2021-04-07,20210407103000000,sz.000692,3.1500,3.4900,3.1500,3.4900,18613084,64223423.0000,3
2021-04-07,20210407113000000,sz.000692,3.4900,3.4900,3.4900,3.4900,1314518,4587668.0000,3
2021-04-07,20210407140000000,sz.000692,3.4900,3.4900,3.4900,3.4900,566670,1977678.0000,3
2021-04-07,20210407150000000,sz.000692,3.4900,3.4900,3.4900,3.4900,1045778,3649765.0000,3
2021-04-08,20210408103000000,sz.000692,3.4900,3.5000,3.3000,3.3400,16539053,55608095.0000,3
2021-04-08,20210408113000000,sz.000692,3.3300,3.3600,3.3300,3.3600,1888500,6316240.0000,3
2021-04-08,20210408140000000,sz.000692,3.3600,3.3900,3.3300,3.3500,3885500,13044082.0000,3
2021-04-08,20210408150000000,sz.000692,3.3500,3.4300,3.3400,3.3700,3946500,13358026.0000,3
2021-04-09,20210409103000000,sz.000692,3.3000,3.5400,3.3000,3.4600,11072328,38060254.0000,3
2021-04-09,20210409113000000,sz.000692,3.4600,3.4600,3.4000,3.4200,1156500,3960577.0000,3
2021-04-09,20210409140000000,sz.000692,3.4200,3.4600,3.4100,3.4200,2146100,7363540.0000,3
2021-04-09,20210409150000000,sz.000692,3.4200,3.4300,3.4000,3.4100,2781060,9502688.0000,3
2021-04-12,20210412103000000,sz.000692,3.3800,3.5000,3.3700,3.4100,5996760,20524542.0000,3
2021-04-12,20210412113000000,sz.000692,3.4100,3.4200,3.3900,3.4000,1037600,3531528.0000,3
2021-04-12,20210412140000000,sz.000692,3.4000,3.4400,3.3900,3.4000,1462220,4992731.0000,3
2021-04-12,20210412150000000,sz.000692,3.4000,3.4200,3.3300,3.3700,2485380,8391304.0000,3
2021-04-13,20210413103000000,sz.000692,3.3600,3.6800,3.3000,3.5000,9520600,33249842.0000,3
2021-04-13,20210413113000000,sz.000692,3.5100,3.5200,3.4200,3.4500,1557700,5406288.0000,3
2021-04-13,20210413140000000,sz.000692,3.4600,3.4900,3.4300,3.4500,1302947,4501437.0000,3
2021-04-13,20210413150000000,sz.000692,3.4500,3.4600,3.4200,3.4600,1561874,5385892.0000,3
2021-04-14,20210414103000000,sz.000692,3.4100,3.4400,3.2300,3.2900,8183260,27154257.0000,3
2021-04-14,20210414113000000,sz.000692,3.2900,3.3200,3.2800,3.3100,1434002,4732208.0000,3
2021-04-14,20210414140000000,sz.000692,3.3100,3.3100,3.2900,3.3000,712100,2349747.0000,3
2021-04-14,20210414150000000,sz.000692,3.3000,3.3600,3.3000,3.3200,2181000,7248661.0000,3
2021-04-15,20210415103000000,sz.000692,3.4000,3.4900,3.2900,3.3800,3982000,13480546.0000,3
2021-04-15,20210415113000000,sz.000692,3.3700,3.3800,3.3400,3.3600,540100,1813108.0000,3
2021-04-15,20210415140000000,sz.000692,3.3600,3.3700,3.3400,3.3500,624600,2093064.0000,3
2021-04-15,20210415150000000,sz.000692,3.3600,3.3700,3.3300,3.3500,1833060,6140877.0000,3
2021-04-16,20210416103000000,sz.000692,3.3000,3.6900,3.3000,3.6000,24784959,89086945.0000,3
2021-04-16,20210416113000000,sz.000692,3.6000,3.6400,3.5600,3.5800,4304100,15535461.0000,3
2021-04-16,20210416140000000,sz.000692,3.5800,3.5900,3.4600,3.4700,3829000,13504190.0000,3
2021-04-16,20210416150000000,sz.000692,3.4700,3.5500,3.4700,3.5400,3156364,11090113.0000,3
2021-04-19,20210419103000000,sz.000692,3.5000,3.6000,3.5000,3.5300,13056116,46371969.0000,3
2021-04-19,20210419113000000,sz.000692,3.5300,3.5300,3.4500,3.4900,5503188,19250049.0000,3
2021-04-19,20210419140000000,sz.000692,3.4900,3.5400,3.4900,3.5300,1261664,4428724.0000,3
2021-04-19,20210419150000000,sz.000692,3.5200,3.5600,3.5200,3.5400,2586302,9152006.0000,3
2021-04-20,20210420103000000,sz.000692,3.5000,3.7400,3.4600,3.5600,11433800,41104220.0000,3
2021-04-20,20210420113000000,sz.000692,3.5600,3.6100,3.5500,3.5800,1299200,4654007.0000,3
2021-04-20,20210420140000000,sz.000692,3.5900,3.6300,3.5700,3.6100,1526700,5495993.0000,3
2021-04-20,20210420150000000,sz.000692,3.6100,3.6200,3.5800,3.5800,2258000,8120076.0000,3
2021-04-21,20210421103000000,sz.000692,3.5300,3.6000,3.5100,3.5300,3404900,12067462.0000,3
2021-04-21,20210421113000000,sz.000692,3.5400,3.5400,3.4700,3.4900,3728400,13037597.0000,3
2021-04-21,20210421140000000,sz.000692,3.4900,3.5000,3.4500,3.4600,3019500,10481111.0000,3
2021-04-21,20210421150000000,sz.000692,3.4600,3.4800,3.4300,3.4600,3599268,12435013.0000,3
2021-04-22,20210422103000000,sz.000692,3.4300,3.5000,3.4200,3.4400,2190916,7574092.0000,3
2021-04-22,20210422113000000,sz.000692,3.4300,3.4600,3.4300,3.4400,1144600,3933476.0000,3
2021-04-22,20210422140000000,sz.000692,3.4400,3.4500,3.4000,3.4200,1565600,5359395.0000,3
2021-04-22,20210422150000000,sz.000692,3.4200,3.4200,3.3500,3.4000,4676369,15781028.0000,3
2021-04-23,20210423103000000,sz.000692,3.4000,3.4400,3.3200,3.3400,3133600,10493054.0000,3
2021-04-23,20210423113000000,sz.000692,3.3400,3.3400,3.2600,3.2900,3159700,10429783.0000,3
2021-04-23,20210423140000000,sz.000692,3.2900,3.3100,3.2700,3.2900,737268,2427346.0000,3
2021-04-23,20210423150000000,sz.000692,3.2900,3.3000,3.2800,3.2900,1461002,4805302.0000,3
2021-04-26,20210426103000000,sz.000692,3.3000,3.3300,3.2100,3.2800,2022900,6645175.0000,3
2021-04-26,20210426113000000,sz.000692,3.2800,3.2900,3.2700,3.2900,667700,2191583.0000,3
2021-04-26,20210426140000000,sz.000692,3.2900,3.3300,3.2800,3.3300,1489269,4943369.0000,3
2021-04-26,20210426150000000,sz.000692,3.3300,3.3300,3.2900,3.3000,1203631,3988763.0000,3
2021-04-27,20210427103000000,sz.000692,3.3000,3.3000,3.1500,3.1600,5126631,16467091.0000,3
2021-04-27,20210427113000000,sz.000692,3.1600,3.2500,3.1400,3.2400,2343986,7483547.0000,3
2021-04-27,20210427140000000,sz.000692,3.2400,3.3700,3.2400,3.3400,2592900,8587431.0000,3
2021-04-27,20210427150000000,sz.000692,3.3400,3.4400,3.3300,3.3800,2454100,8285569.0000,3
2021-04-28,20210428103000000,sz.000692,3.3500,3.4400,3.3300,3.3600,3538501,12050707.0000,3
2021-04-28,20210428113000000,sz.000692,3.3600,3.4100,3.3500,3.3900,1636400,5536395.0000,3
2021-04-28,20210428140000000,sz.000692,3.3900,3.4000,3.3700,3.3800,738786,2499267.0000,3
2021-04-28,20210428150000000,sz.000692,3.3800,3.3900,3.3800,3.3800,1159100,3924234.0000,3
2021-04-29,20210429103000000,sz.000692,3.3900,3.5400,3.3800,3.4900,7088486,24565082.0000,3
2021-04-29,20210429113000000,sz.000692,3.5000,3.5400,3.4800,3.5000,1676460,5882794.0000,3
2021-04-29,20210429140000000,sz.000692,3.5000,3.5100,3.4500,3.4500,1259670,4376093.0000,3
2021-04-29,20210429150000000,sz.000692,3.4500,3.4600,3.4300,3.4400,1273700,4395801.0000,3
2021-04-30,20210430103000000,sz.000692,3.4700,3.5300,3.4300,3.5000,5384969,18740947.0000,3
2021-04-30,20210430113000000,sz.000692,3.5100,3.6300,3.5000,3.5700,3951608,13999547.0000,3
2021-04-30,20210430140000000,sz.000692,3.5700,3.6900,3.5500,3.6100,6004500,21657309.0000,3
2021-04-30,20210430150000000,sz.000692,3.6100,3.6500,3.6000,3.6100,4002800,14480666.0000,3
2021-05-06,20210506103000000,sz.000692,3.5700,3.6800,3.5200,3.6400,7092600,25670957.0000,3
2021-05-06,20210506113000000,sz.000692,3.6400,3.7200,3.6300,3.6500,3787300,13888472.0000,3
2021-05-06,20210506140000000,sz.000692,3.6500,3.6600,3.6000,3.6200,1837444,6658835.0000,3
2021-05-06,20210506150000000,sz.000692,3.6200,3.6900,3.6200,3.6600,2848800,10436010.0000,3
2021-05-07,20210507103000000,sz.000692,3.6500,3.7000,3.5900,3.6600,4911800,17873076.0000,3
2021-05-07,20210507113000000,sz.000692,3.6600,3.6700,3.6100,3.6300,2406382,8734095.0000,3
2021-05-07,20210507140000000,sz.000692,3.6300,3.6400,3.6000,3.6200,1251200,4528637.0000,3
2021-05-07,20210507150000000,sz.000692,3.6200,3.7200,3.6000,3.6800,4930700,18041060.0000,3
2021-05-10,20210510103000000,sz.000692,3.6800,3.6800,3.5300,3.5900,5246300,18827014.0000,3
2021-05-10,20210510113000000,sz.000692,3.5900,3.5900,3.5300,3.5600,2815300,10026548.0000,3
2021-05-10,20210510140000000,sz.000692,3.5600,3.6600,3.5600,3.6400,2494100,9029439.0000,3
2021-05-10,20210510150000000,sz.000692,3.6400,3.6600,3.6300,3.6500,2208400,8051378.0000,3
2021-05-11,20210511103000000,sz.000692,3.6400,3.7000,3.5500,3.5600,5883000,21378884.0000,3
2021-05-11,20210511113000000,sz.000692,3.5600,3.6000,3.5600,3.5900,1100300,3944582.0000,3
2021-05-11,20210511140000000,sz.000692,3.5900,3.6200,3.5900,3.6200,1014700,3660101.0000,3
2021-05-11,20210511150000000,sz.000692,3.6200,3.6200,3.5900,3.6100,1361701,4909997.0000,3
2021-05-12,20210512103000000,sz.000692,3.5900,3.6700,3.5600,3.6600,3607400,13103540.0000,3
2021-05-12,20210512113000000,sz.000692,3.6600,3.6900,3.6400,3.6500,1787100,6559218.0000,3
2021-05-12,20210512140000000,sz.000692,3.6600,3.7000,3.6500,3.7000,2468342,9084001.0000,3
2021-05-12,20210512150000000,sz.000692,3.7000,3.7200,3.6900,3.7100,4237900,15707796.0000,3
2021-05-13,20210513103000000,sz.000692,3.7100,3.8100,3.7000,3.7500,4622200,17350856.0000,3
2021-05-13,20210513113000000,sz.000692,3.7400,3.7500,3.7200,3.7200,1110600,4148176.0000,3
2021-05-13,20210513140000000,sz.000692,3.7200,3.7300,3.6800,3.7100,2669200,9900876.0000,3
2021-05-13,20210513150000000,sz.000692,3.7100,3.7300,3.6600,3.6600,1765200,6511749.0000,3
2021-05-14,20210514103000000,sz.000692,3.7400,3.8000,3.6700,3.7400,5082900,19042434.0000,3
2021-05-14,20210514113000000,sz.000692,3.7300,3.7500,3.7100,3.7200,1035900,3865086.0000,3
2021-05-14,20210514140000000,sz.000692,3.7200,3.7300,3.6900,3.7100,1553500,5752358.0000,3
2021-05-14,20210514150000000,sz.000692,3.7100,3.7700,3.7000,3.7500,3248900,12168780.0000,3
2021-05-17,20210517103000000,sz.000692,3.7500,3.7500,3.6400,3.6500,4524042,16611890.0000,3
2021-05-17,20210517113000000,sz.000692,3.6500,3.6700,3.6000,3.6500,2487400,9042166.0000,3
2021-05-17,20210517140000000,sz.000692,3.6600,3.6600,3.6000,3.6200,887100,3205911.0000,3
2021-05-17,20210517150000000,sz.000692,3.6200,3.6200,3.5800,3.5800,2060000,7415130.0000,3
2021-05-18,20210518103000000,sz.000692,3.6000,3.6300,3.5300,3.5700,2542800,9077573.0000,3
2021-05-18,20210518113000000,sz.000692,3.5700,3.6000,3.5600,3.5600,581900,2079777.0000,3
2021-05-18,20210518140000000,sz.000692,3.5600,3.5900,3.5600,3.5600,813700,2904084.0000,3
2021-05-18,20210518150000000,sz.000692,3.5600,3.5900,3.5600,3.5700,1307900,4670447.0000,3
2021-05-19,20210519103000000,sz.000692,3.6000,3.6000,3.5200,3.5200,2421502,8600153.0000,3
2021-05-19,20210519113000000,sz.000692,3.5100,3.5200,3.4600,3.4800,2971172,10362646.0000,3
2021-05-19,20210519140000000,sz.000692,3.4800,3.5000,3.4600,3.4900,1417800,4927695.0000,3
2021-05-19,20210519150000000,sz.000692,3.4900,3.4900,3.4600,3.4800,2112400,7347481.0000,3
2021-05-20,20210520103000000,sz.000692,3.4500,3.4900,3.4200,3.4600,2311616,7986470.0000,3
2021-05-20,20210520113000000,sz.000692,3.4600,3.4700,3.4400,3.4500,845000,2913675.0000,3
2021-05-20,20210520140000000,sz.000692,3.4500,3.4600,3.4300,3.4400,807581,2778994.0000,3
2021-05-20,20210520150000000,sz.000692,3.4400,3.4400,3.3900,3.4000,2061200,7028900.0000,3
2021-05-21,20210521103000000,sz.000692,3.4100,3.4700,3.3900,3.4600,2403716,8244419.0000,3
2021-05-21,20210521113000000,sz.000692,3.4700,3.5200,3.4600,3.4800,2537700,8869789.0000,3
2021-05-21,20210521140000000,sz.000692,3.4800,3.5000,3.4700,3.4900,701972,2445925.0000,3
2021-05-21,20210521150000000,sz.000692,3.4800,3.5100,3.4700,3.5000,1062700,3719883.0000,3
2021-05-24,20210524103000000,sz.000692,3.5200,3.5800,3.4800,3.5200,3627200,12854573.0000,3
2021-05-24,20210524113000000,sz.000692,3.5200,3.5200,3.4700,3.4700,805900,2810881.0000,3
2021-05-24,20210524140000000,sz.000692,3.4700,3.5000,3.4600,3.4800,748100,2599632.0000,3
2021-05-24,20210524150000000,sz.000692,3.4800,3.5200,3.4700,3.5100,1489020,5206269.0000,3
2021-05-25,20210525103000000,sz.000692,3.4800,3.5200,3.4000,3.4400,3261816,11233292.0000,3
2021-05-25,20210525113000000,sz.000692,3.4400,3.4500,3.4300,3.4400,453500,1558151.0000,3
2021-05-25,20210525140000000,sz.000692,3.4400,3.4700,3.4200,3.4400,757000,2609275.0000,3
2021-05-25,20210525150000000,sz.000692,3.4400,3.4500,3.4200,3.4400,1100900,3778106.0000,3
2021-05-26,20210526103000000,sz.000692,3.4400,3.4600,3.4100,3.4200,2037700,7000154.0000,3
2021-05-26,20210526113000000,sz.000692,3.4200,3.4700,3.4100,3.4500,1083200,3727760.0000,3
2021-05-26,20210526140000000,sz.000692,3.4500,3.4600,3.4200,3.4200,570300,1958388.0000,3
2021-05-26,20210526150000000,sz.000692,3.4200,3.4300,3.4100,3.4100,984401,3364494.0000,3
2021-05-27,20210527103000000,sz.000692,3.4000,3.4500,3.3900,3.4400,896000,3067757.0000,3
2021-05-27,20210527113000000,sz.000692,3.4400,3.4500,3.4100,3.4400,774700,2657377.0000,3
2021-05-27,20210527140000000,sz.000692,3.4400,3.4600,3.4200,3.4200,548000,1887832.0000,3
2021-05-27,20210527150000000,sz.000692,3.4200,3.4400,3.4200,3.4200,581800,1993126.0000,3
2021-05-28,20210528103000000,sz.000692,3.4500,3.4500,3.3600,3.3700,2407613,8156435.0000,3
2021-05-28,20210528113000000,sz.000692,3.3600,3.3700,3.3100,3.3300,2239700,7466721.0000,3
2021-05-28,20210528140000000,sz.000692,3.3300,3.4000,3.3300,3.3800,913200,3072008.0000,3
2021-05-28,20210528150000000,sz.000692,3.3800,3.3800,3.3600,3.3800,741200,2496949.0000,3
2021-05-31,20210531103000000,sz.000692,3.4100,3.4100,3.3300,3.3500,1056400,3543001.0000,3
2021-05-31,20210531113000000,sz.000692,3.3500,3.3800,3.3400,3.3800,499002,1673541.0000,3
2021-05-31,20210531140000000,sz.000692,3.3800,3.3900,3.3500,3.3600,758100,2557184.0000,3
2021-05-31,20210531150000000,sz.000692,3.3600,3.3700,3.3400,3.3600,832100,2792419.0000,3
2021-06-01,20210601103000000,sz.000692,3.3600,3.3800,3.3300,3.3600,890100,2979748.0000,3
2021-06-01,20210601113000000,sz.000692,3.3500,3.4000,3.3400,3.3900,1106200,3732512.0000,3
2021-06-01,20210601140000000,sz.000692,3.3900,3.4000,3.3700,3.3800,451300,1527448.0000,3
2021-06-01,20210601150000000,sz.000692,3.3800,3.3900,3.3700,3.3800,740600,2501416.0000,3
2021-06-02,20210602103000000,sz.000692,3.3900,3.4000,3.3600,3.3800,902400,3052467.0000,3
2021-06-02,20210602113000000,sz.000692,3.3800,3.3900,3.3400,3.3700,907300,3050598.0000,3
2021-06-02,20210602140000000,sz.000692,3.3700,3.3900,3.3600,3.3700,497800,1678072.0000,3
2021-06-02,20210602150000000,sz.000692,3.3700,3.3800,3.3400,3.3600,983859,3299772.0000,3
2021-06-03,20210603103000000,sz.000692,3.3500,3.4500,3.3500,3.4200,3232300,11044154.0000,3
2021-06-03,20210603113000000,sz.000692,3.4200,3.4300,3.3900,3.4100,534000,1822359.0000,3
2021-06-03,20210603140000000,sz.000692,3.4100,3.6100,3.4000,3.5000,4700300,16437816.0000,3
2021-06-03,20210603150000000,sz.000692,3.5000,3.5000,3.4400,3.4500,2226500,7709864.0000,3
2021-06-04,20210604103000000,sz.000692,3.4100,3.4400,3.3500,3.3800,3659200,12383868.0000,3
2021-06-04,20210604113000000,sz.000692,3.3800,3.4000,3.3700,3.4000,504300,1707982.0000,3
2021-06-04,20210604140000000,sz.000692,3.3900,3.3900,3.3700,3.3800,613600,2072286.0000,3
2021-06-04,20210604150000000,sz.000692,3.3800,3.3900,3.3100,3.3400,3372300,11254613.0000,3
2021-06-07,20210607103000000,sz.000692,3.3400,3.3600,3.3200,3.3300,1580900,5265321.0000,3
2021-06-07,20210607113000000,sz.000692,3.3300,3.3500,3.3100,3.3200,851100,2832441.0000,3
2021-06-07,20210607140000000,sz.000692,3.3200,3.3400,3.3100,3.3200,670800,2230318.0000,3
2021-06-07,20210607150000000,sz.000692,3.3200,3.3500,3.3200,3.3400,780900,2605979.0000,3
2021-06-08,20210608103000000,sz.000692,3.3500,3.4100,3.3300,3.4100,1632800,5520689.0000,3
2021-06-08,20210608113000000,sz.000692,3.4100,3.4300,3.3900,3.4200,1575686,5379573.0000,3
2021-06-08,20210608140000000,sz.000692,3.4200,3.6700,3.4200,3.6700,12339021,44452626.0000,3
2021-06-08,20210608150000000,sz.000692,3.6700,3.6700,3.6700,3.6700,5558400,20399328.0000,3
2021-06-09,20210609103000000,sz.000692,3.6400,3.7800,3.5500,3.7700,20555311,75269796.0000,3
2021-06-09,20210609113000000,sz.000692,3.7700,3.7700,3.6600,3.6800,3260014,12101725.0000,3
2021-06-09,20210609140000000,sz.000692,3.6800,3.6900,3.6300,3.6800,2641700,9677379.0000,3
2021-06-09,20210609150000000,sz.000692,3.6800,3.7100,3.6500,3.7000,3508100,12930573.0000,3
2021-06-10,20210610103000000,sz.000692,3.6400,3.7600,3.6100,3.6400,6943100,25429463.0000,3
2021-06-10,20210610113000000,sz.000692,3.6400,3.6500,3.6100,3.6200,2509200,9115507.0000,3
2021-06-10,20210610140000000,sz.000692,3.6100,3.6400,3.5800,3.6100,4578700,16518877.0000,3
2021-06-10,20210610150000000,sz.000692,3.6100,3.6500,3.6100,3.6500,2635932,9573578.0000,3
2021-06-11,20210611103000000,sz.000692,3.6200,3.7100,3.6000,3.6500,5645500,20666373.0000,3
2021-06-11,20210611113000000,sz.000692,3.6500,3.6600,3.6100,3.6300,1743400,6337648.0000,3
2021-06-11,20210611140000000,sz.000692,3.6400,3.6700,3.6200,3.6300,1406700,5123790.0000,3
2021-06-11,20210611150000000,sz.000692,3.6300,3.6600,3.6100,3.6200,3561159,12927508.0000,3
2021-06-15,20210615103000000,sz.000692,3.5900,3.6500,3.5900,3.6100,2909600,10503713.0000,3
2021-06-15,20210615113000000,sz.000692,3.6000,3.6700,3.5400,3.6700,4561000,16405007.0000,3
2021-06-15,20210615140000000,sz.000692,3.6700,3.6800,3.6000,3.6100,2326800,8500164.0000,3
2021-06-15,20210615150000000,sz.000692,3.6100,3.6800,3.6000,3.6800,4508400,16512290.0000,3
2021-06-16,20210616103000000,sz.000692,3.6400,3.6600,3.6000,3.6300,2605500,9444030.0000,3
2021-06-16,20210616113000000,sz.000692,3.6300,3.6500,3.6100,3.6200,675400,2451182.0000,3
2021-06-16,20210616140000000,sz.000692,3.6200,3.6300,3.6000,3.6100,1370000,4947935.0000,3
2021-06-16,20210616150000000,sz.000692,3.6100,3.6100,3.5900,3.6000,1401800,5047131.0000,3
2021-06-17,20210617103000000,sz.000692,3.5900,3.6000,3.5400,3.5700,1192300,4269939.0000,3
2021-06-17,20210617113000000,sz.000692,3.5800,3.5900,3.5400,3.5700,865700,3080022.0000,3
2021-06-17,20210617140000000,sz.000692,3.5700,3.5800,3.5100,3.5200,1580700,5593199.0000,3
2021-06-17,20210617150000000,sz.000692,3.5200,3.5400,3.5000,3.5300,1459600,5136146.0000,3
2021-06-18,20210618103000000,sz.000692,3.5600,3.5600,3.4500,3.5000,1553359,5420288.0000,3
2021-06-18,20210618113000000,sz.000692,3.5000,3.5200,3.4800,3.5200,534700,1871486.0000,3
2021-06-18,20210618140000000,sz.000692,3.5200,3.5400,3.5000,3.5000,364500,1282069.0000,3
2021-06-18,20210618150000000,sz.000692,3.5000,3.5100,3.4800,3.5000,1314100,4594574.0000,3
2021-06-21,20210621103000000,sz.000692,3.5200,3.5400,3.4900,3.5100,1482300,5211496.0000,3
2021-06-21,20210621113000000,sz.000692,3.5100,3.5400,3.5100,3.5400,1332820,4691123.0000,3
2021-06-21,20210621140000000,sz.000692,3.5400,3.6700,3.5200,3.6100,3003700,10793499.0000,3
2021-06-21,20210621150000000,sz.000692,3.6100,3.6400,3.5900,3.6200,1898200,6869472.0000,3
2021-06-22,20210622103000000,sz.000692,3.6300,3.6400,3.5800,3.6200,1610600,5816328.0000,3
2021-06-22,20210622113000000,sz.000692,3.6100,3.6200,3.5900,3.6100,504700,1819202.0000,3
2021-06-22,20210622140000000,sz.000692,3.6100,3.6100,3.5600,3.5800,1224100,4384809.0000,3
2021-06-22,20210622150000000,sz.000692,3.5800,3.6100,3.5700,3.5900,1189900,4272078.0000,3
2021-06-23,20210623103000000,sz.000692,3.5600,3.6400,3.5600,3.6100,2014000,7288054.0000,3
2021-06-23,20210623113000000,sz.000692,3.6200,3.6200,3.5900,3.6100,708100,2551504.0000,3
2021-06-23,20210623140000000,sz.000692,3.6100,3.6100,3.5600,3.5700,1155200,4125687.0000,3
2021-06-23,20210623150000000,sz.000692,3.5700,3.5700,3.5300,3.5700,1669200,5937223.0000,3
2021-06-24,20210624103000000,sz.000692,3.5400,3.5900,3.5000,3.5200,1996300,7043491.0000,3
2021-06-24,20210624113000000,sz.000692,3.5300,3.5400,3.5000,3.5300,895500,3147943.0000,3
2021-06-24,20210624140000000,sz.000692,3.5300,3.5300,3.4800,3.4900,1306900,4567011.0000,3
2021-06-24,20210624150000000,sz.000692,3.4900,3.4900,3.4500,3.4700,1733600,6011763.0000,3
2021-06-25,20210625103000000,sz.000692,3.4600,3.4800,3.4000,3.4000,2148600,7371621.0000,3
2021-06-25,20210625113000000,sz.000692,3.4000,3.4400,3.3800,3.4300,1235500,4208357.0000,3
2021-06-25,20210625140000000,sz.000692,3.4300,3.4800,3.4200,3.4800,804300,2777912.0000,3
2021-06-25,20210625150000000,sz.000692,3.4800,3.5200,3.4700,3.4900,1129600,3944460.0000,3
2021-06-28,20210628103000000,sz.000692,3.5500,3.5600,3.4900,3.5000,1361106,4782898.9400,3
2021-06-28,20210628113000000,sz.000692,3.5000,3.5100,3.4900,3.5000,420900,1473021.0000,3
2021-06-28,20210628140000000,sz.000692,3.5000,3.5000,3.4500,3.4600,908894,3153311.0600,3
2021-06-28,20210628150000000,sz.000692,3.4600,3.4700,3.4400,3.4400,1278000,4412381.0000,3
2021-06-29,20210629103000000,sz.000692,3.4300,3.4700,3.4000,3.4600,1327400,4573303.0000,3
2021-06-29,20210629113000000,sz.000692,3.4600,3.4600,3.4200,3.4300,381200,1308775.0000,3
2021-06-29,20210629140000000,sz.000692,3.4300,3.4300,3.4100,3.4200,383200,1308987.0000,3
2021-06-29,20210629150000000,sz.000692,3.4200,3.4500,3.4100,3.4200,748556,2564670.9600,3
2021-06-30,20210630103000000,sz.000692,3.4100,3.5400,3.4100,3.4600,2605556,9097246.8800,3
2021-06-30,20210630113000000,sz.000692,3.4600,3.4900,3.4500,3.4900,523700,1818082.0000,3
2021-06-30,20210630140000000,sz.000692,3.4800,3.4900,3.4600,3.4700,173800,603705.0000,3
2021-06-30,20210630150000000,sz.000692,3.4700,3.4800,3.4500,3.4600,558600,1934926.0000,3
2021-07-01,20210701103000000,sz.000692,3.4800,3.4800,3.4000,3.4400,908626,3122807.4400,3
2021-07-01,20210701113000000,sz.000692,3.4400,3.4400,3.4000,3.4300,522100,1782582.0000,3
2021-07-01,20210701140000000,sz.000692,3.4300,3.4300,3.4000,3.4100,453400,1548713.0000,3
2021-07-01,20210701150000000,sz.000692,3.4100,3.4200,3.3700,3.3900,1133815,3848326.7000,3
2021-07-02,20210702103000000,sz.000692,3.3900,3.4200,3.3300,3.3700,1151600,3880656.0000,3
2021-07-02,20210702113000000,sz.000692,3.3700,3.4000,3.3600,3.3900,243900,823632.0000,3
2021-07-02,20210702140000000,sz.000692,3.3900,3.4000,3.3600,3.3700,337600,1138449.0000,3
2021-07-02,20210702150000000,sz.000692,3.3700,3.3900,3.3500,3.3800,718900,2420126.0000,3
2021-07-05,20210705103000000,sz.000692,3.3900,3.4200,3.3300,3.4000,918702,3114736.7400,3
2021-07-05,20210705113000000,sz.000692,3.4000,3.4100,3.3900,3.4000,279400,950453.0000,3
2021-07-05,20210705140000000,sz.000692,3.4000,3.5200,3.3900,3.5000,3006541,10447767.7900,3
2021-07-05,20210705150000000,sz.000692,3.5000,3.5100,3.4800,3.4900,1146900,4008385.0000,3
2021-07-06,20210706103000000,sz.000692,3.4700,3.5300,3.4700,3.4900,1269300,4436759.0000,3
2021-07-06,20210706113000000,sz.000692,3.4900,3.5000,3.4700,3.5000,479800,1675036.0000,3
2021-07-06,20210706140000000,sz.000692,3.5000,3.5000,3.4700,3.4700,376302,1310003.9400,3
2021-07-06,20210706150000000,sz.000692,3.4700,3.4700,3.4400,3.4600,1204698,4163999.0600,3
2021-07-07,20210707103000000,sz.000692,3.5100,3.5300,3.4400,3.4400,1346900,4695937.0000,3
2021-07-07,20210707113000000,sz.000692,3.4400,3.4700,3.4400,3.4500,283200,978061.0000,3
2021-07-07,20210707140000000,sz.000692,3.4500,3.4700,3.4300,3.4600,582400,2005991.0000,3
2021-07-07,20210707150000000,sz.000692,3.4600,3.4600,3.4400,3.4500,570200,1964071.0000,3
2021-07-08,20210708103000000,sz.000692,3.4600,3.4600,3.4000,3.4100,1109700,3798076.8500,3
2021-07-08,20210708113000000,sz.000692,3.4100,3.4100,3.3800,3.3900,713900,2420590.0000,3
2021-07-08,20210708140000000,sz.000692,3.3900,3.4000,3.3600,3.3800,1076200,3629504.0000,3
2021-07-08,20210708150000000,sz.000692,3.3800,3.3900,3.3600,3.3600,863900,2914674.0000,3
2021-07-09,20210709103000000,sz.000692,3.3900,3.4200,3.3600,3.3700,1019600,3452229.0000,3
2021-07-09,20210709113000000,sz.000692,3.3800,3.3800,3.3600,3.3800,397800,1341562.0000,3
2021-07-09,20210709140000000,sz.000692,3.3800,3.4000,3.3600,3.4000,816700,2757593.0000,3
2021-07-09,20210709150000000,sz.000692,3.4000,3.4000,3.3600,3.3800,1247600,4216048.0000,3
2021-07-12,20210712103000000,sz.000692,3.4000,3.4300,3.3700,3.3900,1162102,3941869.4600,3
2021-07-12,20210712113000000,sz.000692,3.3900,3.3900,3.3600,3.3700,1003700,3385127.0000,3
2021-07-12,20210712140000000,sz.000692,3.3600,3.3800,3.3600,3.3600,476500,1605124.0000,3
2021-07-12,20210712150000000,sz.000692,3.3600,3.3800,3.3400,3.3500,1445200,4849557.0000,3
2021-07-13,20210713103000000,sz.000692,3.3500,3.3500,3.2000,3.2800,3906034,12774833.1000,3
2021-07-13,20210713113000000,sz.000692,3.2800,3.2900,3.2500,3.2600,952659,3113944.3400,3
2021-07-13,20210713140000000,sz.000692,3.2600,3.3000,3.2500,3.2900,377500,1237422.0000,3
2021-07-13,20210713150000000,sz.000692,3.2900,3.3100,3.2700,3.2800,1860101,6109548.2800,3
2021-07-14,20210714103000000,sz.000692,3.2400,3.3300,3.2400,3.2600,1690300,5548793.0000,3
2021-07-14,20210714113000000,sz.000692,3.2600,3.2900,3.2600,3.2800,555400,1817430.0000,3
2021-07-14,20210714140000000,sz.000692,3.2800,3.3000,3.2700,3.2700,399800,1310330.0000,3
2021-07-14,20210714150000000,sz.000692,3.2700,3.2800,3.2500,3.2600,985600,3212496.0000,3
2021-07-15,20210715103000000,sz.000692,3.2600,3.2700,3.2000,3.2300,1772100,5708162.0000,3
2021-07-15,20210715113000000,sz.000692,3.2300,3.2300,3.2100,3.2200,358700,1153751.0000,3
2021-07-15,20210715140000000,sz.000692,3.2200,3.2500,3.2200,3.2500,313216,1011682.8400,3
2021-07-15,20210715150000000,sz.000692,3.2500,3.2500,3.2100,3.2200,1249200,4030182.5200,3
2021-07-16,20210716103000000,sz.000692,3.2100,3.2700,3.2100,3.2200,1398602,4510181.4400,3
2021-07-16,20210716113000000,sz.000692,3.2200,3.2400,3.2200,3.2300,455900,1471943.0000,3
2021-07-16,20210716140000000,sz.000692,3.2200,3.2300,3.2000,3.2100,645100,2073227.0000,3
2021-07-16,20210716150000000,sz.000692,3.2100,3.2200,3.1800,3.1800,1319700,4224993.5500,3
2021-07-19,20210719103000000,sz.000692,3.2400,3.2400,3.1400,3.1600,1605300,5080889.2800,3
2021-07-19,20210719113000000,sz.000692,3.1600,3.1800,3.1500,3.1700,365900,1155795.0000,3
2021-07-19,20210719140000000,sz.000692,3.1700,3.1900,3.1600,3.1700,583500,1853353.0000,3
2021-07-19,20210719150000000,sz.000692,3.1700,3.1900,3.1600,3.1700,469100,1490039.0000,3
2021-07-20,20210720103000000,sz.000692,3.1800,3.1900,3.1400,3.1700,696492,2199006.7200,3
2021-07-20,20210720113000000,sz.000692,3.1700,3.1700,3.1500,3.1600,257500,813837.0000,3
2021-07-20,20210720140000000,sz.000692,3.1600,3.1600,3.1400,3.1500,800156,2516782.8400,3
2021-07-20,20210720150000000,sz.000692,3.1500,3.1700,3.1400,3.1600,540800,1707030.0000,3
2021-07-21,20210721103000000,sz.000692,3.1600,3.2000,3.1500,3.1700,888300,2823735.0000,3
2021-07-21,20210721113000000,sz.000692,3.1700,3.2000,3.1700,3.2000,486200,1548360.0000,3
2021-07-21,20210721140000000,sz.000692,3.2000,3.2000,3.1900,3.2000,387500,1238161.0000,3
2021-07-21,20210721150000000,sz.000692,3.2000,3.2200,3.1900,3.2100,735512,2356668.4000,3
2021-07-22,20210722103000000,sz.000692,3.2500,3.2600,3.1900,3.2100,1100700,3545411.0000,3
2021-07-22,20210722113000000,sz.000692,3.2100,3.2300,3.1900,3.1900,617500,1979497.0000,3
2021-07-22,20210722140000000,sz.000692,3.1900,3.2000,3.1700,3.1900,650400,2072376.0000,3
2021-07-22,20210722150000000,sz.000692,3.1900,3.1900,3.1000,3.1300,3758200,11775514.0000,3
2021-07-23,20210723103000000,sz.000692,3.1300,3.1300,3.0000,3.0200,4980300,15161821.0000,3
2021-07-23,20210723113000000,sz.000692,3.0200,3.0300,2.9800,3.0100,1766600,5308374.0000,3
2021-07-23,20210723140000000,sz.000692,3.0100,3.0200,3.0000,3.0100,803900,2415671.0000,3
2021-07-23,20210723150000000,sz.000692,3.0100,3.0300,2.9900,3.0100,1270900,3821329.0000,3
2021-07-26,20210726103000000,sz.000692,3.0000,3.0500,2.9700,3.0400,1762000,5314997.0000,3
2021-07-26,20210726113000000,sz.000692,3.0400,3.0400,3.0100,3.0200,470800,1425063.0000,3
2021-07-26,20210726140000000,sz.000692,3.0200,3.0300,2.9900,3.0200,753800,2268959.0000,3
2021-07-26,20210726150000000,sz.000692,3.0200,3.0200,3.0000,3.0000,488300,1470940.0000,3
2021-07-27,20210727103000000,sz.000692,2.9800,3.0300,2.9400,2.9500,1742100,5194835.0000,3
2021-07-27,20210727113000000,sz.000692,2.9500,2.9800,2.9400,2.9800,626000,1847610.0000,3
2021-07-27,20210727140000000,sz.000692,2.9800,2.9800,2.9400,2.9600,705000,2084343.0000,3
2021-07-27,20210727150000000,sz.000692,2.9600,2.9700,2.9300,2.9500,1167400,3439322.0000,3
2021-07-28,20210728103000000,sz.000692,2.9400,2.9600,2.8200,2.9000,3152310,9039834.3000,3
2021-07-28,20210728113000000,sz.000692,2.9000,2.9200,2.8800,2.8900,447500,1295525.0000,3
2021-07-28,20210728140000000,sz.000692,2.8900,2.8900,2.8500,2.8800,251500,720975.0000,3
2021-07-28,20210728150000000,sz.000692,2.8800,2.8900,2.8500,2.8600,571600,1638765.0000,3
2021-07-29,20210729103000000,sz.000692,2.8800,2.9400,2.8800,2.9100,1390700,4057725.0000,3
2021-07-29,20210729113000000,sz.000692,2.9100,2.9200,2.8900,2.9100,426300,1236998.0000,3
2021-07-29,20210729140000000,sz.000692,2.9100,2.9100,2.8800,2.8900,346000,1001255.0000,3
2021-07-29,20210729150000000,sz.000692,2.8900,2.9000,2.8700,2.8800,463975,1337196.2500,3
2021-07-30,20210730103000000,sz.000692,2.9100,2.9400,2.8500,2.9300,1759675,5076940.5000,3
2021-07-30,20210730113000000,sz.000692,2.9300,2.9400,2.8800,2.8800,466725,1360942.5000,3
2021-07-30,20210730140000000,sz.000692,2.8800,2.9100,2.8800,2.9100,303200,877985.0000,3
2021-07-30,20210730150000000,sz.000692,2.9100,2.9100,2.8900,2.9000,511000,1483005.0000,3
2021-08-02,20210802103000000,sz.000692,2.9800,2.9900,2.9200,2.9400,1927300,5708258.0000,3
2021-08-02,20210802113000000,sz.000692,2.9500,2.9600,2.9200,2.9500,815700,2399610.0000,3
2021-08-02,20210802140000000,sz.000692,2.9500,3.0400,2.9400,3.0200,1417000,4241775.0000,3
2021-08-02,20210802150000000,sz.000692,3.0200,3.0300,3.0000,3.0000,705200,2126807.0000,3
2021-08-03,20210803103000000,sz.000692,2.9800,3.1200,2.9800,3.0900,2981800,9215674.0000,3
2021-08-03,20210803113000000,sz.000692,3.0900,3.1500,3.0800,3.1400,1459100,4549018.0000,3
2021-08-03,20210803140000000,sz.000692,3.1300,3.1400,3.1000,3.1200,899200,2809911.0000,3
2021-08-03,20210803150000000,sz.000692,3.1200,3.1400,3.1100,3.1100,902020,2814630.4000,3
2021-08-04,20210804103000000,sz.000692,3.0800,3.1200,3.0700,3.0900,1326300,4103663.0000,3
2021-08-04,20210804113000000,sz.000692,3.0900,3.1000,3.0700,3.0800,410600,1264431.0000,3
2021-08-04,20210804140000000,sz.000692,3.0800,3.0900,3.0700,3.0800,477600,1469267.0000,3
2021-08-04,20210804150000000,sz.000692,3.0700,3.0800,3.0500,3.0500,1272900,3899238.0000,3
2021-08-05,20210805103000000,sz.000692,3.0700,3.0800,3.0100,3.0500,939400,2856936.0000,3
2021-08-05,20210805113000000,sz.000692,3.0500,3.0600,3.0300,3.0400,490900,1491643.0000,3
2021-08-05,20210805140000000,sz.000692,3.0500,3.0500,3.0200,3.0300,237000,720052.0000,3
2021-08-05,20210805150000000,sz.000692,3.0300,3.0400,3.0100,3.0300,707000,2138486.0000,3
2021-08-06,20210806103000000,sz.000692,3.1000,3.1000,3.0200,3.0700,1494200,4588627.0000,3
2021-08-06,20210806113000000,sz.000692,3.0700,3.0700,3.0400,3.0500,383200,1171664.0000,3
2021-08-06,20210806140000000,sz.000692,3.0500,3.0500,3.0200,3.0400,402600,1222071.0000,3
2021-08-06,20210806150000000,sz.000692,3.0400,3.0500,3.0200,3.0400,564751,1716811.0000,3
2021-08-09,20210809103000000,sz.000692,3.0400,3.0800,3.0300,3.0600,1624900,4970038.0000,3
2021-08-09,20210809113000000,sz.000692,3.0600,3.0800,3.0500,3.0700,373900,1145982.0000,3
2021-08-09,20210809140000000,sz.000692,3.0700,3.0900,3.0600,3.0900,616613,1900074.0000,3
2021-08-09,20210809150000000,sz.000692,3.0900,3.0900,3.0700,3.0900,953600,2937757.0000,3
2021-08-10,20210810103000000,sz.000692,3.0800,3.1200,3.0600,3.1100,981600,3037008.0000,3
2021-08-10,20210810113000000,sz.000692,3.1000,3.1200,3.1000,3.1200,448100,1392455.0000,3
2021-08-10,20210810140000000,sz.000692,3.1200,3.1300,3.0900,3.1100,757000,2357144.0000,3
2021-08-10,20210810150000000,sz.000692,3.1100,3.1500,3.0900,3.1500,1809855,5648133.0000,3
2021-08-11,20210811103000000,sz.000692,3.1600,3.1600,3.1000,3.1500,1189500,3733413.0000,3
2021-08-11,20210811113000000,sz.000692,3.1400,3.1600,3.1300,3.1500,530200,1666603.0000,3
2021-08-11,20210811140000000,sz.000692,3.1500,3.1500,3.1300,3.1400,228900,718174.0000,3
2021-08-11,20210811150000000,sz.000692,3.1400,3.1600,3.1200,3.1500,1156600,3630030.0000,3
2021-08-12,20210812103000000,sz.000692,3.1400,3.1500,3.1000,3.1100,1104708,3449157.0000,3
2021-08-12,20210812113000000,sz.000692,3.1100,3.1400,3.1000,3.1300,485900,1515195.0000,3
2021-08-12,20210812140000000,sz.000692,3.1400,3.1400,3.1200,3.1300,205200,641232.0000,3
2021-08-12,20210812150000000,sz.000692,3.1300,3.1400,3.1200,3.1200,719000,2248540.0000,3
2021-08-13,20210813103000000,sz.000692,3.1300,3.1400,3.1000,3.1100,1060100,3304915.0000,3
2021-08-13,20210813113000000,sz.000692,3.1100,3.1200,3.1000,3.1200,432300,1345807.0000,3
2021-08-13,20210813140000000,sz.000692,3.1200,3.1400,3.1100,3.1200,598200,1869156.0000,3
2021-08-13,20210813150000000,sz.000692,3.1300,3.1300,3.1100,3.1300,532200,1660294.0000,3
2021-08-16,20210816103000000,sz.000692,3.1400,3.2200,3.1300,3.2200,2504108,7942642.0000,3
2021-08-16,20210816113000000,sz.000692,3.2200,3.2600,3.2000,3.2400,1702200,5503201.0000,3
2021-08-16,20210816140000000,sz.000692,3.2400,3.2400,3.2000,3.2100,404875,1298936.0000,3
2021-08-16,20210816150000000,sz.000692,3.2100,3.2100,3.1600,3.2100,1079138,3436510.0000,3
2021-08-17,20210817103000000,sz.000692,3.1800,3.2600,3.1700,3.2200,2125189,6850981.0000,3
2021-08-17,20210817113000000,sz.000692,3.2200,3.2200,3.1900,3.1900,566100,1811274.0000,3
2021-08-17,20210817140000000,sz.000692,3.1900,3.2000,3.1500,3.1600,1099700,3489891.0000,3
2021-08-17,20210817150000000,sz.000692,3.1600,3.1600,3.1000,3.1100,1756800,5489767.0000,3
2021-08-18,20210818103000000,sz.000692,3.0900,3.2000,3.0900,3.2000,2204302,6965216.0000,3
2021-08-18,20210818113000000,sz.000692,3.2000,3.2100,3.1800,3.1900,828700,2649790.0000,3
2021-08-18,20210818140000000,sz.000692,3.1900,3.2400,3.1900,3.2100,1811600,5824062.0000,3
2021-08-18,20210818150000000,sz.000692,3.2100,3.2300,3.2000,3.2300,760868,2445559.0000,3
2021-08-19,20210819103000000,sz.000692,3.2500,3.2600,3.1700,3.1700,1432800,4586597.0000,3
2021-08-19,20210819113000000,sz.000692,3.1700,3.1800,3.1300,3.1500,1470400,4632038.0000,3
2021-08-19,20210819140000000,sz.000692,3.1500,3.1800,3.1500,3.1700,541300,1711341.0000,3
2021-08-19,20210819150000000,sz.000692,3.1700,3.1800,3.1500,3.1800,713100,2258715.0000,3
2021-08-20,20210820103000000,sz.000692,3.2100,3.2100,3.1000,3.1400,1052400,3300502.0000,3
2021-08-20,20210820113000000,sz.000692,3.1400,3.1400,3.1100,3.1100,569400,1776009.0000,3
2021-08-20,20210820140000000,sz.000692,3.1100,3.1200,3.1000,3.1100,447600,1389429.0000,3
2021-08-20,20210820150000000,sz.000692,3.1100,3.1300,3.1100,3.1200,636500,1984984.0000,3
2021-08-23,20210823103000000,sz.000692,3.1800,3.2400,3.1300,3.1900,1838100,5888794.0000,3
2021-08-23,20210823113000000,sz.000692,3.1900,3.2000,3.1800,3.1900,671500,2141807.0000,3
2021-08-23,20210823140000000,sz.000692,3.1900,3.2100,3.1900,3.2000,635600,2031952.0000,3
2021-08-23,20210823150000000,sz.000692,3.2000,3.2400,3.1900,3.2400,2179600,7011523.0000,3
2021-08-24,20210824103000000,sz.000692,3.2300,3.3500,3.2000,3.3300,4349270,14320931.0000,3
2021-08-24,20210824113000000,sz.000692,3.3300,3.3300,3.2900,3.3000,483200,1597614.0000,3
2021-08-24,20210824140000000,sz.000692,3.3000,3.3200,3.2900,3.3000,599100,1980364.0000,3
2021-08-24,20210824150000000,sz.000692,3.3000,3.3100,3.2800,3.2900,1153100,3789433.0000,3
2021-08-25,20210825103000000,sz.000692,3.2600,3.3400,3.2300,3.2900,1934800,6382116.0000,3
2021-08-25,20210825113000000,sz.000692,3.2900,3.3200,3.2800,3.3200,928700,3066758.0000,3
2021-08-25,20210825140000000,sz.000692,3.3200,3.3200,3.3000,3.3100,719200,2375878.0000,3
2021-08-25,20210825150000000,sz.000692,3.3100,3.3500,3.3100,3.3200,2610300,8692985.0000,3
2021-08-26,20210826103000000,sz.000692,3.3000,3.3400,3.3000,3.3200,1365800,4529064.0000,3
2021-08-26,20210826113000000,sz.000692,3.3200,3.3400,3.3200,3.3300,886700,2950933.0000,3
2021-08-26,20210826140000000,sz.000692,3.3200,3.3300,3.3100,3.3300,668100,2217745.0000,3
2021-08-26,20210826150000000,sz.000692,3.3300,3.3300,3.2900,3.2900,1391600,4596229.0000,3
2021-08-27,20210827103000000,sz.000692,3.2800,3.3200,3.2300,3.2500,1778400,5831026.0000,3
2021-08-27,20210827113000000,sz.000692,3.2500,3.2500,3.1800,3.1900,3360800,10791874.0000,3
2021-08-27,20210827140000000,sz.000692,3.2000,3.2000,3.1700,3.1900,1533100,4877591.0000,3
2021-08-27,20210827150000000,sz.000692,3.1900,3.1900,3.1400,3.1400,2669500,8420624.0000,3
2021-08-30,20210830103000000,sz.000692,3.1600,3.2000,3.1300,3.1700,2613700,8267396.0000,3
2021-08-30,20210830113000000,sz.000692,3.1700,3.1700,3.1200,3.1400,1104900,3474421.0000,3
2021-08-30,20210830140000000,sz.000692,3.1400,3.1500,3.1100,3.1200,1212200,3794452.0000,3
2021-08-30,20210830150000000,sz.000692,3.1200,3.1300,3.0900,3.1100,1063700,3305567.0000,3
2021-08-31,20210831103000000,sz.000692,3.1000,3.1400,3.0800,3.1000,1692500,5267585.0000,3
2021-08-31,20210831113000000,sz.000692,3.1000,3.1200,3.0900,3.1100,506800,1572271.0000,3
2021-08-31,20210831140000000,sz.000692,3.1100,3.1300,3.1000,3.1200,586900,1827951.0000,3
2021-08-31,20210831150000000,sz.000692,3.1100,3.1400,3.1100,3.1200,1041900,3251936.0000,3
2021-09-01,20210901103000000,sz.000692,3.1100,3.2000,3.1100,3.1100,3157200,9963358.0000,3
2021-09-01,20210901113000000,sz.000692,3.1100,3.1200,3.0800,3.1100,1920100,5956154.0000,3
2021-09-01,20210901140000000,sz.000692,3.1100,3.1400,3.1000,3.1200,740500,2313173.0000,3
2021-09-01,20210901150000000,sz.000692,3.1200,3.1500,3.1100,3.1400,813400,2548972.0000,3
2021-09-02,20210902103000000,sz.000692,3.1300,3.2000,3.1000,3.1900,2505200,7939606.0000,3
2021-09-02,20210902113000000,sz.000692,3.1900,3.2000,3.1700,3.1800,478200,1521617.0000,3
2021-09-02,20210902140000000,sz.000692,3.1800,3.1900,3.1700,3.1900,737700,2348990.0000,3
2021-09-02,20210902150000000,sz.000692,3.1900,3.2000,3.1800,3.1900,1519700,4854269.0000,3
2021-09-03,20210903103000000,sz.000692,3.2000,3.2600,3.1700,3.2300,2002230,6458684.0000,3
2021-09-03,20210903113000000,sz.000692,3.2300,3.2400,3.1800,3.2200,1024900,3292594.0000,3
2021-09-03,20210903140000000,sz.000692,3.2200,3.2500,3.2100,3.2500,737300,2379712.0000,3
2021-09-03,20210903150000000,sz.000692,3.2500,3.2500,3.2200,3.2400,1311922,4246159.0000,3
2021-09-06,20210906103000000,sz.000692,3.2700,3.3500,3.2400,3.2700,4056800,13397769.0000,3
2021-09-06,20210906113000000,sz.000692,3.2800,3.3000,3.2600,3.2900,469700,1539915.0000,3
2021-09-06,20210906140000000,sz.000692,3.2900,3.3000,3.2800,3.2800,940900,3095066.0000,3
2021-09-06,20210906150000000,sz.000692,3.2900,3.3100,3.2700,3.2900,1521671,5010799.0000,3
2021-09-07,20210907103000000,sz.000692,3.2900,3.4900,3.2800,3.3900,5845100,19866923.0000,3
2021-09-07,20210907113000000,sz.000692,3.3900,3.4000,3.3800,3.3900,698169,2363761.0000,3
2021-09-07,20210907140000000,sz.000692,3.3900,3.3900,3.3700,3.3700,1096100,3701598.0000,3
2021-09-07,20210907150000000,sz.000692,3.3700,3.4000,3.3700,3.4000,2982500,10090258.0000,3
2021-09-08,20210908103000000,sz.000692,3.4000,3.5100,3.3800,3.4900,6525900,22604781.0000,3
2021-09-08,20210908113000000,sz.000692,3.5000,3.5000,3.4500,3.4800,1398500,4859630.0000,3
2021-09-08,20210908140000000,sz.000692,3.4800,3.5000,3.4700,3.4800,1165600,4067542.0000,3
2021-09-08,20210908150000000,sz.000692,3.4800,3.5400,3.4800,3.5200,4959300,17428463.0000,3
2021-09-09,20210909103000000,sz.000692,3.5500,3.5500,3.4700,3.5100,3946400,13829729.0000,3
2021-09-09,20210909113000000,sz.000692,3.5100,3.5300,3.5000,3.5300,1485474,5223083.0000,3
2021-09-09,20210909140000000,sz.000692,3.5300,3.5400,3.5200,3.5300,1393700,4922611.0000,3
2021-09-09,20210909150000000,sz.000692,3.5300,3.5500,3.5300,3.5400,1509324,5343062.0000,3
2021-09-10,20210910103000000,sz.000692,3.5600,3.5900,3.5000,3.5200,3678600,13007957.0000,3
2021-09-10,20210910113000000,sz.000692,3.5200,3.5200,3.4700,3.5000,1392900,4859797.0000,3
2021-09-10,20210910140000000,sz.000692,3.5000,3.5300,3.4900,3.5100,785374,2757866.0000,3
2021-09-10,20210910150000000,sz.000692,3.5100,3.5100,3.4700,3.4700,1502700,5237210.0000,3
2021-09-13,20210913103000000,sz.000692,3.4800,3.5400,3.4600,3.5200,2500300,8751164.0000,3
2021-09-13,20210913113000000,sz.000692,3.5200,3.5300,3.4900,3.5200,927800,3254140.0000,3
2021-09-13,20210913140000000,sz.000692,3.5100,3.5200,3.4800,3.4900,1064974,3728116.0000,3
2021-09-13,20210913150000000,sz.000692,3.4900,3.5200,3.4800,3.5200,1327800,4652075.0000,3
2021-09-14,20210914103000000,sz.000692,3.5600,3.5600,3.4400,3.4800,3450400,12004914.0000,3
2021-09-14,20210914113000000,sz.000692,3.4800,3.5000,3.4600,3.5000,785400,2736317.0000,3
2021-09-14,20210914140000000,sz.000692,3.4900,3.5200,3.4600,3.4600,1007200,3512795.0000,3
2021-09-14,20210914150000000,sz.000692,3.4700,3.4700,3.4400,3.4600,1268100,4381467.0000,3
2021-09-15,20210915103000000,sz.000692,3.4600,3.5300,3.4600,3.5200,2570726,8980997.0000,3
2021-09-15,20210915113000000,sz.000692,3.5200,3.5500,3.5100,3.5400,1650800,5839218.0000,3
2021-09-15,20210915140000000,sz.000692,3.5400,3.5400,3.4900,3.5200,623900,2192871.0000,3
2021-09-15,20210915150000000,sz.000692,3.5200,3.5400,3.4900,3.5400,1945568,6842510.0000,3
2021-09-16,20210916103000000,sz.000692,3.5200,3.5800,3.5200,3.5200,2082200,7382232.0000,3
2021-09-16,20210916113000000,sz.000692,3.5200,3.5300,3.4800,3.5000,1480608,5183611.0000,3
2021-09-16,20210916140000000,sz.000692,3.5000,3.5200,3.4900,3.5000,692900,2429276.0000,3
2021-09-16,20210916150000000,sz.000692,3.5000,3.5100,3.4800,3.5000,1011000,3536597.0000,3
2021-09-17,20210917103000000,sz.000692,3.5000,3.5700,3.4900,3.5300,3013200,10672699.0000,3
2021-09-17,20210917113000000,sz.000692,3.5300,3.5400,3.4900,3.4900,1231000,4325542.0000,3
2021-09-17,20210917140000000,sz.000692,3.5000,3.5600,3.4800,3.5500,1778500,6248263.0000,3
2021-09-17,20210917150000000,sz.000692,3.5500,3.5600,3.5400,3.5500,1520000,5396541.0000,3
2021-09-22,20210922103000000,sz.000692,3.5300,3.9100,3.5100,3.9100,17366748,65710242.0000,3
2021-09-22,20210922113000000,sz.000692,3.9100,3.9100,3.9100,3.9100,1365970,5340942.0000,3
2021-09-22,20210922140000000,sz.000692,3.9100,3.9100,3.9100,3.9100,1583982,6193370.0000,3
2021-09-22,20210922150000000,sz.000692,3.9100,3.9100,3.9100,3.9100,561000,2193510.0000,3
2021-09-23,20210923103000000,sz.000692,3.9700,4.2000,3.7400,3.8000,36197245,145862243.0000,3
2021-09-23,20210923113000000,sz.000692,3.8000,3.8300,3.7000,3.7700,6342426,23888876.0000,3
2021-09-23,20210923140000000,sz.000692,3.7700,3.8500,3.7700,3.8400,4828500,18381928.0000,3
2021-09-23,20210923150000000,sz.000692,3.8400,4.1000,3.8000,4.0500,10857510,43232253.0000,3
2021-09-24,20210924103000000,sz.000692,3.9200,3.9200,3.7600,3.8100,13530100,51630054.0000,3
2021-09-24,20210924113000000,sz.000692,3.8100,3.8300,3.7900,3.8100,2840074,10812886.0000,3
2021-09-24,20210924140000000,sz.000692,3.8000,3.8400,3.8000,3.8000,2693292,10272125.0000,3
2021-09-24,20210924150000000,sz.000692,3.8000,3.9000,3.7900,3.8200,6066340,23331656.0000,3
2021-09-27,20210927103000000,sz.000692,3.9000,3.9400,3.7000,3.7300,10212080,39190284.0000,3
2021-09-27,20210927113000000,sz.000692,3.7300,3.8200,3.7200,3.7300,1967402,7384682.0000,3
2021-09-27,20210927140000000,sz.000692,3.7500,3.8000,3.7200,3.7900,1760700,6616709.0000,3
2021-09-27,20210927150000000,sz.000692,3.7900,3.9000,3.7800,3.8600,4985186,19230866.0000,3
2021-09-28,20210928103000000,sz.000692,3.7500,3.8400,3.6800,3.7500,5862179,21987092.0000,3
2021-09-28,20210928113000000,sz.000692,3.7500,3.8600,3.7300,3.8500,2312774,8831712.0000,3
2021-09-28,20210928140000000,sz.000692,3.8500,3.8800,3.8000,3.8600,4082500,15710172.0000,3
2021-09-28,20210928150000000,sz.000692,3.8700,3.9000,3.8300,3.8600,4497572,17397286.0000,3
2021-09-29,20210929103000000,sz.000692,3.7900,3.7900,3.6700,3.7000,6272170,23314184.0000,3
2021-09-29,20210929113000000,sz.000692,3.7000,3.7000,3.5700,3.6200,4821830,17479433.0000,3
2021-09-29,20210929140000000,sz.000692,3.6200,3.7000,3.6200,3.6800,976491,3582980.0000,3
2021-09-29,20210929150000000,sz.000692,3.6800,3.6800,3.5800,3.6300,2379400,8618508.0000,3
2021-09-30,20210930103000000,sz.000692,3.6500,3.9300,3.6100,3.8300,10227066,39016660.0000,3
2021-09-30,20210930113000000,sz.000692,3.8300,3.8500,3.7700,3.8100,1863800,7089759.0000,3
2021-09-30,20210930140000000,sz.000692,3.8100,3.8900,3.8000,3.8600,3910300,15090435.0000,3
2021-09-30,20210930150000000,sz.000692,3.8700,3.8900,3.8400,3.8800,5222628,20222888.0000,3
2021-10-08,20211008103000000,sz.000692,3.9500,4.0200,3.8400,3.9100,10650291,41830247.0000,3
2021-10-08,20211008113000000,sz.000692,3.9000,3.9200,3.8800,3.8800,1972700,7688944.0000,3
2021-10-08,20211008140000000,sz.000692,3.8900,3.9200,3.8600,3.8700,2221500,8647844.0000,3
2021-10-08,20211008150000000,sz.000692,3.8700,3.9200,3.8700,3.9200,3790374,14779646.0000,3
2021-10-11,20211011103000000,sz.000692,3.9200,3.9200,3.6600,3.7000,8811600,33097134.0000,3
2021-10-11,20211011113000000,sz.000692,3.7000,3.8600,3.7000,3.8200,3259400,12364537.0000,3
2021-10-11,20211011140000000,sz.000692,3.8200,3.8500,3.7900,3.8300,1622202,6195949.0000,3
2021-10-11,20211011150000000,sz.000692,3.8300,3.8500,3.7900,3.8300,2094100,7995133.0000,3
2021-10-12,20211012103000000,sz.000692,3.8500,4.2100,3.8000,4.2100,18639188,77613160.0000,3
2021-10-12,20211012113000000,sz.000692,4.2100,4.2100,4.2100,4.2100,4920862,20716829.0000,3
2021-10-12,20211012140000000,sz.000692,4.2100,4.2100,4.2100,4.2100,1700800,7160368.0000,3
2021-10-12,20211012150000000,sz.000692,4.2100,4.2100,4.2100,4.2100,1272150,5355752.0000,3
2021-10-13,20211013103000000,sz.000692,4.2300,4.4000,3.8100,3.8200,36217544,148141134.0000,3
2021-10-13,20211013113000000,sz.000692,3.8200,3.8900,3.7900,3.8700,5684217,21738287.0000,3
2021-10-13,20211013140000000,sz.000692,3.8700,3.8700,3.8100,3.8100,4286249,16434129.0000,3
2021-10-13,20211013150000000,sz.000692,3.8100,3.8100,3.7900,3.7900,5808321,22057412.0000,3
2021-10-14,20211014103000000,sz.000692,3.5200,3.8100,3.5000,3.7400,17534040,63748125.0000,3
2021-10-14,20211014113000000,sz.000692,3.7400,3.8300,3.7200,3.8000,2445800,9247857.0000,3
2021-10-14,20211014140000000,sz.000692,3.8100,3.9700,3.7500,3.8700,7005800,27120639.0000,3
2021-10-14,20211014150000000,sz.000692,3.8700,3.8800,3.7900,3.8000,2867459,10976971.0000,3
2021-10-15,20211015103000000,sz.000692,3.8500,3.8600,3.5500,3.5800,11110764,40684258.0000,3
2021-10-15,20211015113000000,sz.000692,3.5800,3.6400,3.5800,3.6200,1669200,6037691.0000,3
2021-10-15,20211015140000000,sz.000692,3.6200,3.6500,3.6100,3.6300,2007400,7280666.0000,3
2021-10-15,20211015150000000,sz.000692,3.6300,3.6400,3.5700,3.6000,3709200,13372751.0000,3
2021-10-18,20211018103000000,sz.000692,3.3500,3.8000,3.3500,3.7800,12217024,45000304.0000,3
2021-10-18,20211018113000000,sz.000692,3.7800,3.9500,3.7700,3.8600,8801959,33991076.0000,3
2021-10-18,20211018140000000,sz.000692,3.8700,3.9300,3.8600,3.8900,3299100,12830272.0000,3
2021-10-18,20211018150000000,sz.000692,3.8800,3.9100,3.8700,3.8900,6626100,25814070.0000,3
2021-10-19,20211019103000000,sz.000692,3.9100,4.0600,3.8200,3.8900,21360480,84226387.0000,3
2021-10-19,20211019113000000,sz.000692,3.8900,3.9100,3.8200,3.8700,3276800,12661229.0000,3
2021-10-19,20211019140000000,sz.000692,3.8800,3.9400,3.8100,3.8400,4020100,15546796.0000,3
2021-10-19,20211019150000000,sz.000692,3.8400,3.8800,3.8000,3.8800,3918580,15056126.0000,3
2021-10-20,20211020103000000,sz.000692,3.9100,3.9400,3.7400,3.8800,9379304,36001132.0000,3
2021-10-20,20211020113000000,sz.000692,3.8800,3.8800,3.7900,3.8200,2832800,10840281.0000,3
2021-10-20,20211020140000000,sz.000692,3.8200,3.8300,3.7800,3.7900,2431387,9242336.0000,3
2021-10-20,20211020150000000,sz.000692,3.7900,3.8300,3.7400,3.7400,5110600,19336674.0000,3
2021-10-21,20211021103000000,sz.000692,3.7500,3.8700,3.6500,3.6900,8150225,30162642.0000,3
2021-10-21,20211021113000000,sz.000692,3.6900,3.6900,3.6500,3.6700,1760600,6461614.0000,3
2021-10-21,20211021140000000,sz.000692,3.6700,3.6800,3.5900,3.6100,5360100,19390451.0000,3
2021-10-21,20211021150000000,sz.000692,3.6100,3.6100,3.5800,3.6000,3945100,14170500.0000,3
2021-10-22,20211022103000000,sz.000692,3.5700,3.6800,3.5000,3.5000,5738800,20247755.0000,3
2021-10-22,20211022113000000,sz.000692,3.5000,3.5100,3.4500,3.4700,3103500,10776792.0000,3
2021-10-22,20211022140000000,sz.000692,3.4700,3.4700,3.3900,3.4000,4153300,14215641.0000,3
2021-10-22,20211022150000000,sz.000692,3.4000,3.4100,3.3700,3.3700,4846800,16413874.0000,3
2021-10-25,20211025103000000,sz.000692,3.4800,3.5400,3.3800,3.4800,6003500,20835011.0000,3
2021-10-25,20211025113000000,sz.000692,3.4800,3.5300,3.4600,3.4900,1867600,6541010.0000,3
2021-10-25,20211025140000000,sz.000692,3.4900,3.4900,3.4200,3.4400,1287300,4445914.0000,3
2021-10-25,20211025150000000,sz.000692,3.4400,3.4500,3.3900,3.4200,4328828,14796540.0000,3
2021-10-26,20211026103000000,sz.000692,3.4600,3.5600,3.4100,3.5100,6487868,22765026.0000,3
2021-10-26,20211026113000000,sz.000692,3.5100,3.5100,3.4100,3.4200,3537600,12176435.0000,3
2021-10-26,20211026140000000,sz.000692,3.4200,3.4500,3.3800,3.4400,2729800,9302778.0000,3
2021-10-26,20211026150000000,sz.000692,3.4400,3.4500,3.4100,3.4200,2517100,8622200.0000,3
2021-10-27,20211027103000000,sz.000692,3.3500,3.4500,3.3500,3.4000,3565344,12141168.0000,3
2021-10-27,20211027113000000,sz.000692,3.4000,3.5600,3.4000,3.4800,5205300,18158324.0000,3
2021-10-27,20211027140000000,sz.000692,3.4800,3.4800,3.4400,3.4400,1289900,4455694.0000,3
2021-10-27,20211027150000000,sz.000692,3.4400,3.4800,3.4200,3.4700,2300800,7944318.0000,3
2021-10-28,20211028103000000,sz.000692,3.4700,3.6000,3.4700,3.5100,8018800,28309590.0000,3
2021-10-28,20211028113000000,sz.000692,3.5100,3.5300,3.4700,3.5200,2431759,8513172.0000,3
2021-10-28,20211028140000000,sz.000692,3.5200,3.5300,3.5000,3.5200,1186824,4172633.0000,3
2021-10-28,20211028150000000,sz.000692,3.5200,3.5400,3.4800,3.5400,2253276,7912171.0000,3
2021-10-29,20211029103000000,sz.000692,3.4000,3.5000,3.3700,3.3900,5920390,20262068.0000,3
2021-10-29,20211029113000000,sz.000692,3.3900,3.4300,3.3800,3.4200,945600,3222078.0000,3
2021-10-29,20211029140000000,sz.000692,3.4200,3.4400,3.4100,3.4200,810900,2773207.0000,3
2021-10-29,20211029150000000,sz.000692,3.4200,3.4600,3.4100,3.4400,1385874,4760245.0000,3
2021-11-01,20211101103000000,sz.000692,3.4800,3.4800,3.4000,3.4400,2468868,8457800.0000,3
2021-11-01,20211101113000000,sz.000692,3.4400,3.4700,3.4300,3.4500,938300,3233625.0000,3
2021-11-01,20211101140000000,sz.000692,3.4500,3.5000,3.4300,3.4500,1209200,4179861.0000,3
2021-11-01,20211101150000000,sz.000692,3.4400,3.4600,3.4300,3.4400,1084800,3734893.0000,3
2021-11-02,20211102103000000,sz.000692,3.4600,3.4700,3.4100,3.4200,1616500,5537992.0000,3
2021-11-02,20211102113000000,sz.000692,3.4200,3.4600,3.4200,3.4300,837600,2882732.0000,3
2021-11-02,20211102140000000,sz.000692,3.4400,3.4400,3.3300,3.3700,3450400,11711560.0000,3
2021-11-02,20211102150000000,sz.000692,3.3700,3.3800,3.3500,3.3600,1407100,4732304.0000,3
2021-11-03,20211103103000000,sz.000692,3.3200,3.3900,3.3200,3.3600,1591100,5328805.0000,3
2021-11-03,20211103113000000,sz.000692,3.3600,3.3700,3.3300,3.3500,1187500,3977605.0000,3
2021-11-03,20211103140000000,sz.000692,3.3500,3.3500,3.3200,3.3400,1250000,4171828.0000,3
2021-11-03,20211103150000000,sz.000692,3.3400,3.3800,3.3400,3.3700,1141888,3837959.0000,3
2021-11-04,20211104103000000,sz.000692,3.3300,3.4200,3.3300,3.4100,2252700,7615404.0000,3
2021-11-04,20211104113000000,sz.000692,3.4100,3.4100,3.3900,3.3900,561400,1904790.0000,3
2021-11-04,20211104140000000,sz.000692,3.3900,3.4700,3.3900,3.4500,2559600,8796507.0000,3
2021-11-04,20211104150000000,sz.000692,3.4400,3.5000,3.4400,3.4800,2475802,8591494.0000,3
2021-11-05,20211105103000000,sz.000692,3.4200,3.5000,3.4200,3.4400,1624400,5613701.0000,3
2021-11-05,20211105113000000,sz.000692,3.4400,3.4500,3.4300,3.4500,390200,1342897.0000,3
2021-11-05,20211105140000000,sz.000692,3.4500,3.5000,3.4200,3.5000,1862600,6430104.0000,3
2021-11-05,20211105150000000,sz.000692,3.5000,3.5800,3.4700,3.5000,3520074,12369191.0000,3
2021-11-08,20211108103000000,sz.000692,3.5900,3.5900,3.4700,3.5600,3833900,13483333.0000,3
2021-11-08,20211108113000000,sz.000692,3.5500,3.7800,3.5000,3.7400,6651642,24390502.0000,3
2021-11-08,20211108140000000,sz.000692,3.7400,3.8400,3.6800,3.8400,10778302,40850049.0000,3
2021-11-08,20211108150000000,sz.000692,3.8300,3.8500,3.8300,3.8500,11243754,43274525.0000,3
2021-11-09,20211109103000000,sz.000692,3.8700,3.9000,3.7500,3.7800,16584988,63373557.0000,3
2021-11-09,20211109113000000,sz.000692,3.7800,3.8600,3.7800,3.8100,3824700,14585531.0000,3
2021-11-09,20211109140000000,sz.000692,3.8100,3.8200,3.7900,3.8200,1608100,6116284.0000,3
2021-11-09,20211109150000000,sz.000692,3.8200,3.8200,3.7800,3.8200,5049516,19154771.0000,3
2021-11-10,20211110103000000,sz.000692,3.7400,3.8100,3.7100,3.7500,5206000,19587155.0000,3
2021-11-10,20211110113000000,sz.000692,3.7500,3.8500,3.7300,3.8400,2955060,11183852.0000,3
2021-11-10,20211110140000000,sz.000692,3.8500,3.8700,3.7800,3.8500,3192700,12225704.0000,3
2021-11-10,20211110150000000,sz.000692,3.8500,3.8700,3.8400,3.8600,3594259,13869214.0000,3
2021-11-11,20211111103000000,sz.000692,3.8600,3.8700,3.8200,3.8400,2852160,10950577.0000,3
2021-11-11,20211111113000000,sz.000692,3.8400,3.8500,3.8200,3.8400,1143900,4392268.0000,3
2021-11-11,20211111140000000,sz.000692,3.8400,3.8400,3.8000,3.8300,1834180,7004234.0000,3
2021-11-11,20211111150000000,sz.000692,3.8300,3.8500,3.8200,3.8200,2311500,8860606.0000,3
2021-11-12,20211112103000000,sz.000692,3.8100,3.8500,3.7700,3.7800,2392000,9080001.0000,3
2021-11-12,20211112113000000,sz.000692,3.7800,3.7900,3.7600,3.7800,2087902,7877790.0000,3
2021-11-12,20211112140000000,sz.000692,3.7800,3.8000,3.7600,3.7800,1253000,4740623.0000,3
2021-11-12,20211112150000000,sz.000692,3.7800,3.8100,3.7800,3.7800,2141974,8122406.0000,3
2021-11-15,20211115103000000,sz.000692,3.8500,4.1600,3.7700,4.1300,21744100,87274096.0000,3
2021-11-15,20211115113000000,sz.000692,4.1300,4.1600,4.1200,4.1500,7183300,29774592.0000,3
2021-11-15,20211115140000000,sz.000692,4.1500,4.1500,4.0700,4.0800,4974990,20475310.0000,3
2021-11-15,20211115150000000,sz.000692,4.0800,4.1100,4.0400,4.1000,5425000,22118349.0000,3
2021-11-16,20211116103000000,sz.000692,4.0300,4.3400,4.0300,4.2500,14263600,59689688.0000,3
2021-11-16,20211116113000000,sz.000692,4.2500,4.2500,4.1900,4.2100,2888700,12173227.0000,3
2021-11-16,20211116140000000,sz.000692,4.2100,4.2400,4.1700,4.1800,2015598,8453201.0000,3
2021-11-16,20211116150000000,sz.000692,4.1800,4.1900,4.1400,4.1700,3558180,14809813.0000,3
2021-11-17,20211117103000000,sz.000692,4.1500,4.3600,4.1200,4.2700,7668000,32521707.0000,3
2021-11-17,20211117113000000,sz.000692,4.2600,4.3000,4.2400,4.3000,1953302,8344394.0000,3
2021-11-17,20211117140000000,sz.000692,4.3000,4.3300,4.2600,4.3200,2876618,12377571.0000,3
2021-11-17,20211117150000000,sz.000692,4.3200,4.3300,4.3000,4.3300,5346825,23078370.0000,3
2021-11-18,20211118103000000,sz.000692,4.3000,4.7500,4.2200,4.7000,20027853,91637792.0000,3
2021-11-18,20211118113000000,sz.000692,4.6900,4.7200,4.6100,4.6500,4246040,19781182.0000,3
2021-11-18,20211118140000000,sz.000692,4.6500,4.7100,4.6300,4.7000,4265400,19964954.0000,3
2021-11-18,20211118150000000,sz.000692,4.6900,4.7400,4.6700,4.7300,6903000,32525574.0000,3
2021-11-19,20211119103000000,sz.000692,4.6100,4.7700,4.4400,4.5000,14267906,65114577.0000,3
2021-11-19,20211119113000000,sz.000692,4.5000,4.5600,4.5000,4.5500,2197002,9976959.0000,3
2021-11-19,20211119140000000,sz.000692,4.5500,4.6200,4.5200,4.6000,3022400,13839884.0000,3
2021-11-19,20211119150000000,sz.000692,4.6000,4.6100,4.5500,4.5900,6460200,29536864.0000,3
2021-11-22,20211122103000000,sz.000692,4.5900,4.6000,4.2700,4.4000,14658403,64235272.0000,3
2021-11-22,20211122113000000,sz.000692,4.4000,4.4300,4.3600,4.3900,2235208,9824171.0000,3
2021-11-22,20211122140000000,sz.000692,4.3900,4.4100,4.3500,4.3800,2273300,9960029.0000,3
2021-11-22,20211122150000000,sz.000692,4.3800,4.3900,4.3400,4.3400,4415500,19264435.0000,3
2021-11-23,20211123103000000,sz.000692,4.3400,4.3600,4.2400,4.3500,7651700,32865507.0000,3
2021-11-23,20211123113000000,sz.000692,4.3400,4.3600,4.3300,4.3600,1951264,8484229.0000,3
2021-11-23,20211123140000000,sz.000692,4.3600,4.3800,4.3100,4.3300,2128692,9260843.0000,3
2021-11-23,20211123150000000,sz.000692,4.3300,4.3500,4.3000,4.3000,3245500,14014701.0000,3
2021-11-24,20211124103000000,sz.000692,4.3300,4.3600,4.0600,4.0800,13150700,54340381.0000,3
2021-11-24,20211124113000000,sz.000692,4.0800,4.0900,4.0200,4.0700,5854400,23710385.0000,3
2021-11-24,20211124140000000,sz.000692,4.0700,4.1600,4.0600,4.1200,2527300,10406673.0000,3
2021-11-24,20211124150000000,sz.000692,4.1200,4.1400,4.0900,4.1100,3711000,15266398.0000,3
2021-11-25,20211125103000000,sz.000692,4.1500,4.1900,4.0400,4.0600,6172800,25351481.0000,3
2021-11-25,20211125113000000,sz.000692,4.0600,4.1200,4.0500,4.1200,1660923,6769046.0000,3
2021-11-25,20211125140000000,sz.000692,4.1200,4.1200,4.0600,4.0800,1457047,5955593.0000,3
2021-11-25,20211125150000000,sz.000692,4.0800,4.0900,4.0400,4.0400,3020100,12254012.0000,3
2021-11-26,20211126103000000,sz.000692,4.0500,4.0900,3.9600,3.9800,4255800,16970458.0000,3
2021-11-26,20211126113000000,sz.000692,3.9900,4.0000,3.9600,3.9700,1462700,5820939.0000,3
2021-11-26,20211126140000000,sz.000692,3.9600,3.9800,3.8900,3.9300,4681300,18410470.0000,3
2021-11-26,20211126150000000,sz.000692,3.9300,3.9700,3.9200,3.9400,2874600,11337517.0000,3
2021-11-29,20211129103000000,sz.000692,3.8700,3.9100,3.8000,3.9100,3839600,14891355.0000,3
2021-11-29,20211129113000000,sz.000692,3.9100,3.9300,3.8900,3.9200,1198100,4687168.0000,3
2021-11-29,20211129140000000,sz.000692,3.9200,3.9400,3.8700,3.9400,1928600,7517754.0000,3
2021-11-29,20211129150000000,sz.000692,3.9400,3.9500,3.8700,3.9000,4644400,18137703.0000,3
2021-11-30,20211130103000000,sz.000692,3.9200,4.0000,3.8900,3.9200,4982800,19664350.0000,3
2021-11-30,20211130113000000,sz.000692,3.9200,3.9300,3.9000,3.9000,1792700,7015182.0000,3
2021-11-30,20211130140000000,sz.000692,3.9000,3.9200,3.8600,3.8800,1895500,7382119.0000,3
2021-11-30,20211130150000000,sz.000692,3.8800,3.8800,3.8400,3.8600,2904600,11205391.0000,3
2021-12-01,20211201103000000,sz.000692,3.8400,3.9000,3.8300,3.8900,2682300,10357862.0000,3
2021-12-01,20211201113000000,sz.000692,3.8900,3.8900,3.8500,3.8700,1002342,3873913.0000,3
2021-12-01,20211201140000000,sz.000692,3.8600,3.8800,3.8400,3.8700,1455200,5612903.0000,3
2021-12-01,20211201150000000,sz.000692,3.8700,3.8900,3.8500,3.8900,2728000,10557323.0000,3
2021-12-02,20211202103000000,sz.000692,3.8700,3.9000,3.8000,3.8100,2939800,11311528.0000,3
2021-12-02,20211202113000000,sz.000692,3.8100,3.8500,3.8100,3.8200,1071200,4105815.0000,3
2021-12-02,20211202140000000,sz.000692,3.8300,3.8300,3.8000,3.8100,2368700,9023258.0000,3
2021-12-02,20211202150000000,sz.000692,3.8100,3.8100,3.7200,3.7300,8053500,30167508.0000,3
2021-12-03,20211203103000000,sz.000692,3.6000,3.8300,3.6000,3.7100,3297306,12264282.0000,3
2021-12-03,20211203113000000,sz.000692,3.7100,3.7800,3.7100,3.7700,1657700,6234132.0000,3
2021-12-03,20211203140000000,sz.000692,3.7700,3.7800,3.7400,3.7500,1165000,4375802.0000,3
2021-12-03,20211203150000000,sz.000692,3.7500,3.7600,3.7300,3.7500,1862700,6979694.0000,3
2021-12-06,20211206103000000,sz.000692,3.7800,3.9300,3.7500,3.9300,6385300,24475611.0000,3
2021-12-06,20211206113000000,sz.000692,3.9300,3.9600,3.8400,3.8500,4407800,17192596.0000,3
2021-12-06,20211206140000000,sz.000692,3.8500,3.8600,3.8100,3.8400,2276306,8723444.0000,3
2021-12-06,20211206150000000,sz.000692,3.8400,3.8400,3.8000,3.8000,2691800,10277221.0000,3
2021-12-07,20211207103000000,sz.000692,3.8300,3.8700,3.7200,3.8200,4592500,17490028.0000,3
2021-12-07,20211207113000000,sz.000692,3.8100,3.8500,3.7800,3.8500,2011100,7662484.0000,3
2021-12-07,20211207140000000,sz.000692,3.8500,3.8500,3.7800,3.7800,1973200,7532571.0000,3
2021-12-07,20211207150000000,sz.000692,3.7800,3.8400,3.7800,3.8300,2042800,7782876.0000,3
2021-12-08,20211208103000000,sz.000692,3.8500,3.8600,3.8000,3.8300,2480900,9481821.0000,3
2021-12-08,20211208113000000,sz.000692,3.8300,3.9100,3.8200,3.9000,1820100,7025535.0000,3
2021-12-08,20211208140000000,sz.000692,3.9000,3.9100,3.8600,3.8800,2041300,7924920.0000,3
2021-12-08,20211208150000000,sz.000692,3.8800,3.9000,3.8700,3.8900,2200300,8543762.0000,3
2021-12-09,20211209103000000,sz.000692,3.8800,4.0400,3.8600,4.0000,8747881,34761258.0000,3
2021-12-09,20211209113000000,sz.000692,3.9900,4.0300,3.9600,3.9600,2587100,10340698.0000,3
2021-12-09,20211209140000000,sz.000692,3.9700,3.9800,3.9300,3.9600,2345822,9268281.0000,3
2021-12-09,20211209150000000,sz.000692,3.9500,3.9500,3.9200,3.9400,1857578,7314298.0000,3
2021-12-10,20211210103000000,sz.000692,3.9700,4.0800,3.9100,4.0300,5501300,22055449.0000,3
2021-12-10,20211210113000000,sz.000692,4.0300,4.0300,3.9700,3.9900,1275900,5103836.0000,3
2021-12-10,20211210140000000,sz.000692,3.9900,3.9900,3.9400,3.9400,1571600,6225768.0000,3
2021-12-10,20211210150000000,sz.000692,3.9400,3.9800,3.9300,3.9700,2595900,10248919.0000,3
2021-12-13,20211213103000000,sz.000692,3.9900,4.0700,3.9300,3.9400,5271500,21062211.0000,3
2021-12-13,20211213113000000,sz.000692,3.9400,3.9900,3.9400,3.9800,1463300,5797283.0000,3
2021-12-13,20211213140000000,sz.000692,3.9800,3.9900,3.9500,3.9600,1052400,4168579.0000,3
2021-12-13,20211213150000000,sz.000692,3.9600,3.9600,3.9400,3.9500,1335100,5271079.0000,3
2021-12-14,20211214103000000,sz.000692,3.9500,3.9900,3.8700,3.9100,3643600,14249814.0000,3
2021-12-14,20211214113000000,sz.000692,3.9100,3.9300,3.8800,3.9000,1625500,6345757.0000,3
2021-12-14,20211214140000000,sz.000692,3.8900,3.9500,3.8900,3.9300,1190880,4678235.0000,3
2021-12-14,20211214150000000,sz.000692,3.9300,3.9600,3.9300,3.9600,1423700,5622599.0000,3
2021-12-15,20211215103000000,sz.000692,4.0300,4.0400,3.9000,4.0100,4844075,19327088.0000,3
2021-12-15,20211215113000000,sz.000692,4.0200,4.0700,4.0200,4.0500,4917362,19876030.0000,3
2021-12-15,20211215140000000,sz.000692,4.0700,4.1000,4.0200,4.0900,5179681,21025195.0000,3
2021-12-15,20211215150000000,sz.000692,4.0900,4.1100,4.0200,4.0700,3444080,14027832.0000,3
2021-12-16,20211216103000000,sz.000692,4.0600,4.1000,4.0000,4.0500,5065000,20442548.0000,3
2021-12-16,20211216113000000,sz.000692,4.0500,4.0500,4.0200,4.0400,1517300,6124787.0000,3
2021-12-16,20211216140000000,sz.000692,4.0400,4.2000,4.0400,4.1500,5858000,24218287.0000,3
2021-12-16,20211216150000000,sz.000692,4.1500,4.1700,4.1300,4.1600,2527862,10498227.0000,3
2021-12-17,20211217103000000,sz.000692,4.1500,4.3200,4.0900,4.2500,9539900,39960367.0000,3
2021-12-17,20211217113000000,sz.000692,4.2500,4.2800,4.2100,4.2800,4270900,18127034.0000,3
2021-12-17,20211217140000000,sz.000692,4.2800,4.3000,4.2100,4.2200,3075700,13058163.0000,3
2021-12-17,20211217150000000,sz.000692,4.2200,4.3000,4.2100,4.2800,6154800,26254546.0000,3
2021-12-20,20211220103000000,sz.000692,4.2300,4.2600,4.0400,4.0600,10255200,42369497.0000,3
2021-12-20,20211220113000000,sz.000692,4.0600,4.1400,4.0500,4.1300,2521582,10349975.0000,3
2021-12-20,20211220140000000,sz.000692,4.1200,4.1600,4.0900,4.1400,2618780,10806349.0000,3
2021-12-20,20211220150000000,sz.000692,4.1500,4.1700,4.0900,4.1100,2630900,10847137.0000,3
2021-12-21,20211221103000000,sz.000692,4.0800,4.1400,4.0200,4.0200,6422859,26091086.0000,3
2021-12-21,20211221113000000,sz.000692,4.0200,4.0500,4.0100,4.0500,1697500,6838778.0000,3
2021-12-21,20211221140000000,sz.000692,4.0500,4.0700,4.0100,4.0600,1826300,7381611.0000,3
2021-12-21,20211221150000000,sz.000692,4.0600,4.0900,4.0400,4.0600,3644900,14798996.0000,3
2021-12-22,20211222103000000,sz.000692,4.0500,4.0500,3.9800,4.0300,5439500,21842104.0000,3
2021-12-22,20211222113000000,sz.000692,4.0300,4.0300,3.9500,3.9700,3860300,15388068.0000,3
2021-12-22,20211222140000000,sz.000692,3.9800,3.9800,3.9000,3.9500,2742400,10845548.0000,3
2021-12-22,20211222150000000,sz.000692,3.9500,3.9700,3.9300,3.9600,4228890,16705734.0000,3
2021-12-23,20211223103000000,sz.000692,3.9600,3.9800,3.8300,3.9300,4509300,17661942.0000,3
2021-12-23,20211223113000000,sz.000692,3.9300,4.0000,3.9200,3.9900,1506600,5966267.0000,3
2021-12-23,20211223140000000,sz.000692,3.9800,4.0000,3.9400,3.9500,1510500,6000995.0000,3
2021-12-23,20211223150000000,sz.000692,3.9600,3.9600,3.9100,3.9300,2820700,11095455.0000,3
2021-12-24,20211224103000000,sz.000692,3.9300,4.0400,3.9100,3.9300,4998100,19871814.0000,3
2021-12-24,20211224113000000,sz.000692,3.9300,3.9400,3.9000,3.9200,1628900,6380945.0000,3
2021-12-24,20211224140000000,sz.000692,3.9300,3.9300,3.8900,3.8900,1835100,7174629.0000,3
2021-12-24,20211224150000000,sz.000692,3.8900,3.9100,3.8500,3.8500,4405400,17032937.0000,3
2021-12-27,20211227103000000,sz.000692,3.9000,3.9900,3.8800,3.9400,5175800,20377624.0000,3
2021-12-27,20211227113000000,sz.000692,3.9400,3.9500,3.9000,3.9100,1224000,4796832.0000,3
2021-12-27,20211227140000000,sz.000692,3.9100,3.9300,3.8700,3.9200,1472600,5739168.0000,3
2021-12-27,20211227150000000,sz.000692,3.9200,3.9400,3.9000,3.9200,1922000,7532736.0000,3
2021-12-28,20211228103000000,sz.000692,3.9300,3.9400,3.8000,3.8100,4399300,16879092.0000,3
2021-12-28,20211228113000000,sz.000692,3.8100,3.8300,3.8000,3.8200,1180140,4497600.0000,3
2021-12-28,20211228140000000,sz.000692,3.8100,3.8200,3.7900,3.8000,1829160,6955429.0000,3
2021-12-28,20211228150000000,sz.000692,3.8000,3.8100,3.7800,3.8000,2108300,7998047.0000,3
2021-12-29,20211229103000000,sz.000692,3.7900,3.8200,3.7400,3.8000,2692000,10155029.0000,3
2021-12-29,20211229113000000,sz.000692,3.8000,3.8200,3.7800,3.8000,859400,3265735.0000,3
2021-12-29,20211229140000000,sz.000692,3.8000,3.8400,3.7900,3.8200,1260000,4802743.0000,3
2021-12-29,20211229150000000,sz.000692,3.8200,3.8200,3.8000,3.8100,910278,3469923.0000,3
2021-12-30,20211230103000000,sz.000692,3.8000,3.8600,3.8000,3.8600,1406500,5397081.0000,3
2021-12-30,20211230113000000,sz.000692,3.8600,3.8600,3.8300,3.8500,1115700,4291355.0000,3
2021-12-30,20211230140000000,sz.000692,3.8500,3.8900,3.8300,3.8800,1419700,5493065.0000,3
2021-12-30,20211230150000000,sz.000692,3.8800,3.8900,3.8300,3.8500,2066900,7957626.0000,3
2021-12-31,20211231103000000,sz.000692,3.8400,3.9100,3.8100,3.8800,1771574,6870472.0000,3
2021-12-31,20211231113000000,sz.000692,3.8800,3.8800,3.8500,3.8700,1602026,6188007.0000,3
2021-12-31,20211231140000000,sz.000692,3.8700,3.9000,3.8600,3.8900,1225800,4760337.0000,3
2021-12-31,20211231150000000,sz.000692,3.8900,3.9300,3.8900,3.9300,2403500,9413257.0000,3
