date,time,code,open,high,low,close,volume,amount,adjustflag
2021-01-04,20210104103000000,sz.002533,5.3200,5.3800,5.2900,5.3600,2226269,11882962.0000,3
2021-01-04,20210104113000000,sz.002533,5.3600,5.4000,5.3500,5.3800,1556400,8366291.0000,3
2021-01-04,20210104140000000,sz.002533,5.3900,5.4400,5.3800,5.4200,1444820,7815442.0000,3
2021-01-04,20210104150000000,sz.002533,5.4200,5.4500,5.4100,5.4300,1541500,8375809.0000,3
2021-01-05,20210105103000000,sz.002533,5.4100,5.4300,5.3700,5.4000,1762620,9513160.0000,3
2021-01-05,20210105113000000,sz.002533,5.4000,5.4100,5.3500,5.3800,1085000,5831289.0000,3
2021-01-05,20210105140000000,sz.002533,5.3800,5.4000,5.3700,5.3900,626600,3373600.0000,3
2021-01-05,20210105150000000,sz.002533,5.3900,5.3900,5.3700,5.3800,694604,3737346.0000,3
2021-01-06,20210106103000000,sz.002533,5.4000,5.4100,5.3000,5.3100,2155822,11495188.0000,3
2021-01-06,20210106113000000,sz.002533,5.3200,5.3400,5.3000,5.3100,829500,4407037.0000,3
2021-01-06,20210106140000000,sz.002533,5.3200,5.3400,5.3000,5.3300,767700,4079193.0000,3
2021-01-06,20210106150000000,sz.002533,5.3300,5.3400,5.3100,5.3200,980152,5212870.0000,3
2021-01-07,20210107103000000,sz.002533,5.3200,5.3400,5.2800,5.3000,1518000,8055761.0000,3
2021-01-07,20210107113000000,sz.002533,5.3000,5.3700,5.3000,5.3300,1085462,5794248.0000,3
2021-01-07,20210107140000000,sz.002533,5.3300,5.3400,5.2200,5.2600,1755000,9263824.0000,3
2021-01-07,20210107150000000,sz.002533,5.2600,5.2700,5.2200,5.2700,1540862,8075971.0000,3
2021-01-08,20210108103000000,sz.002533,5.2600,5.2600,5.1300,5.2300,2789400,14454759.0000,3
2021-01-08,20210108113000000,sz.002533,5.2300,5.2500,5.2000,5.2300,658700,3443585.0000,3
2021-01-08,20210108140000000,sz.002533,5.2300,5.2300,5.1900,5.2000,582640,3035541.0000,3
2021-01-08,20210108150000000,sz.002533,5.2000,5.2300,5.1800,5.2200,778200,4046448.0000,3
2021-01-11,20210111103000000,sz.002533,5.2400,5.2500,5.1700,5.2000,1762400,9177650.0000,3
2021-01-11,20210111113000000,sz.002533,5.2000,5.2100,5.1800,5.2000,693561,3601100.0000,3
2021-01-11,20210111140000000,sz.002533,5.2000,5.2100,5.1900,5.2000,875699,4552839.0000,3
2021-01-11,20210111150000000,sz.002533,5.2000,5.2200,5.1900,5.2000,844403,4392161.0000,3
2021-01-12,20210112103000000,sz.002533,5.2100,5.2400,5.1600,5.2200,1442200,7500159.0000,3
2021-01-12,20210112113000000,sz.002533,5.2100,5.2300,5.2000,5.2300,639693,3335305.0000,3
2021-01-12,20210112140000000,sz.002533,5.2200,5.2300,5.2100,5.2300,519000,2711511.0000,3
2021-01-12,20210112150000000,sz.002533,5.2300,5.2400,5.2100,5.2400,632973,3308520.0000,3
2021-01-13,20210113103000000,sz.002533,5.2400,5.2400,5.1600,5.1700,1349793,7003277.0000,3
2021-01-13,20210113113000000,sz.002533,5.1700,5.2200,5.1700,5.2000,581600,3019725.0000,3
2021-01-13,20210113140000000,sz.002533,5.1900,5.2100,5.1800,5.1800,486700,2528866.0000,3
2021-01-13,20210113150000000,sz.002533,5.1800,5.2200,5.1800,5.2200,739600,3843542.0000,3
2021-01-14,20210114103000000,sz.002533,5.2100,5.2300,5.1700,5.1900,968400,5030014.0000,3
2021-01-14,20210114113000000,sz.002533,5.1900,5.2400,5.1900,5.2200,810300,4228673.0000,3
2021-01-14,20210114140000000,sz.002533,5.2300,5.2400,5.2100,5.2300,430212,2248385.0000,3
2021-01-14,20210114150000000,sz.002533,5.2300,5.2300,5.2100,5.2200,633682,3305765.0000,3
2021-01-15,20210115103000000,sz.002533,5.2000,5.2700,5.2000,5.2600,847000,4439473.0000,3
2021-01-15,20210115113000000,sz.002533,5.2600,5.2600,5.2300,5.2300,398700,2092996.0000,3
2021-01-15,20210115140000000,sz.002533,5.2300,5.2400,5.2100,5.2200,437000,2284440.0000,3
2021-01-15,20210115150000000,sz.002533,5.2200,5.2500,5.2200,5.2500,561400,2939669.0000,3
2021-01-18,20210118103000000,sz.002533,5.2500,5.3300,5.2200,5.3200,1964140,10386814.0000,3
2021-01-18,20210118113000000,sz.002533,5.3100,5.3500,5.3100,5.3300,637500,3393933.0000,3
2021-01-18,20210118140000000,sz.002533,5.3300,5.3300,5.3100,5.3100,434300,2309027.0000,3
2021-01-18,20210118150000000,sz.002533,5.3100,5.3500,5.3100,5.3400,1184184,6319357.0000,3
2021-01-19,20210119103000000,sz.002533,5.3400,5.3400,5.2900,5.3100,775200,4114299.0000,3
2021-01-19,20210119113000000,sz.002533,5.3200,5.3300,5.3000,5.3200,280100,1488683.0000,3
2021-01-19,20210119140000000,sz.002533,5.3300,5.3300,5.3000,5.3100,508500,2702419.0000,3
2021-01-19,20210119150000000,sz.002533,5.3100,5.3200,5.2900,5.3100,558740,2962670.0000,3
2021-01-20,20210120103000000,sz.002533,5.3300,5.3600,5.3100,5.3500,838000,4469151.0000,3
2021-01-20,20210120113000000,sz.002533,5.3500,5.3700,5.3200,5.3200,927000,4960410.0000,3
2021-01-20,20210120140000000,sz.002533,5.3300,5.3400,5.3200,5.3300,437342,2331154.0000,3
2021-01-20,20210120150000000,sz.002533,5.3300,5.3500,5.3300,5.3400,430200,2296214.0000,3
2021-01-21,20210121103000000,sz.002533,5.3600,5.4200,5.3400,5.4100,2072341,11145852.0000,3
2021-01-21,20210121113000000,sz.002533,5.4200,5.4300,5.4000,5.4300,676700,3664520.0000,3
2021-01-21,20210121140000000,sz.002533,5.4200,5.4300,5.4100,5.4200,724500,3925680.0000,3
2021-01-21,20210121150000000,sz.002533,5.4200,5.4200,5.3800,5.4000,886472,4784001.0000,3
2021-01-22,20210122103000000,sz.002533,5.4000,5.4100,5.3400,5.3700,1275700,6846277.0000,3
2021-01-22,20210122113000000,sz.002533,5.3600,5.4000,5.3400,5.3800,828500,4444913.0000,3
2021-01-22,20210122140000000,sz.002533,5.3800,5.4000,5.3800,5.3900,391900,2111628.0000,3
2021-01-22,20210122150000000,sz.002533,5.3900,5.3900,5.3400,5.3500,543200,2911259.0000,3
2021-01-25,20210125103000000,sz.002533,5.3500,5.3700,5.2600,5.2700,1362744,7197989.0000,3
2021-01-25,20210125113000000,sz.002533,5.2700,5.2800,5.2400,5.2500,681700,3584555.0000,3
2021-01-25,20210125140000000,sz.002533,5.2500,5.2600,5.2300,5.2400,490600,2575679.0000,3
2021-01-25,20210125150000000,sz.002533,5.2400,5.2400,5.2000,5.2000,1136200,5920804.0000,3
2021-01-26,20210126103000000,sz.002533,5.1900,5.2600,5.1500,5.2200,1019638,5326275.0000,3
2021-01-26,20210126113000000,sz.002533,5.2200,5.2300,5.1700,5.2000,443986,2307185.0000,3
2021-01-26,20210126140000000,sz.002533,5.2100,5.2500,5.1900,5.2100,391129,2039754.0000,3
2021-01-26,20210126150000000,sz.002533,5.2100,5.2200,5.1700,5.2000,574900,2986271.0000,3
2021-01-27,20210127103000000,sz.002533,5.1900,5.2600,5.1600,5.2400,1289833,6727582.0000,3
2021-01-27,20210127113000000,sz.002533,5.2400,5.2800,5.2300,5.2600,546800,2877130.0000,3
2021-01-27,20210127140000000,sz.002533,5.2600,5.2700,5.2400,5.2500,301624,1584950.0000,3
2021-01-27,20210127150000000,sz.002533,5.2500,5.2500,5.2200,5.2500,252900,1324712.0000,3
2021-01-28,20210128103000000,sz.002533,5.2200,5.2700,5.1800,5.2300,766900,4008919.0000,3
2021-01-28,20210128113000000,sz.002533,5.2300,5.2500,5.2100,5.2200,364100,1904746.0000,3
2021-01-28,20210128140000000,sz.002533,5.2200,5.2400,5.1900,5.2000,565900,2948625.0000,3
2021-01-28,20210128150000000,sz.002533,5.2000,5.2200,5.1700,5.1800,495000,2568725.0000,3
2021-01-29,20210129103000000,sz.002533,5.1800,5.2300,5.1600,5.1700,827700,4296221.0000,3
2021-01-29,20210129113000000,sz.002533,5.1700,5.1900,5.1500,5.1800,613120,3171729.0000,3
2021-01-29,20210129140000000,sz.002533,5.1700,5.1800,5.1100,5.1200,1253480,6447977.0000,3
2021-01-29,20210129150000000,sz.002533,5.1200,5.1400,5.0500,5.1400,1689200,8601289.0000,3
2021-02-01,20210201103000000,sz.002533,5.1000,5.1500,5.0800,5.0900,945200,4828674.0000,3
2021-02-01,20210201113000000,sz.002533,5.0900,5.1000,5.0400,5.0700,917527,4645547.0000,3
2021-02-01,20210201140000000,sz.002533,5.0600,5.0700,5.0500,5.0600,600000,3034985.0000,3
2021-02-01,20210201150000000,sz.002533,5.0600,5.0700,5.0300,5.0400,995300,5024240.0000,3
2021-02-02,20210202103000000,sz.002533,5.0300,5.0800,5.0000,5.0400,1397100,7030947.0000,3
2021-02-02,20210202113000000,sz.002533,5.0400,5.0500,5.0100,5.0200,594400,2984600.0000,3
2021-02-02,20210202140000000,sz.002533,5.0200,5.0300,5.0100,5.0300,320247,1607383.0000,3
2021-02-02,20210202150000000,sz.002533,5.0300,5.0400,5.0100,5.0300,473400,2376378.0000,3
2021-02-03,20210203103000000,sz.002533,5.0200,5.0400,4.9200,4.9300,2000960,9932126.0000,3
2021-02-03,20210203113000000,sz.002533,4.9300,4.9400,4.8900,4.9000,1227340,6027117.0000,3
2021-02-03,20210203140000000,sz.002533,4.9000,4.9200,4.8900,4.9000,483100,2368729.0000,3
2021-02-03,20210203150000000,sz.002533,4.9000,4.9300,4.8900,4.9100,649800,3191587.0000,3
2021-02-04,20210204103000000,sz.002533,4.9100,4.9200,4.7900,4.8200,2398740,11590663.0000,3
2021-02-04,20210204113000000,sz.002533,4.8200,4.8400,4.7700,4.7900,1705200,8181799.0000,3
2021-02-04,20210204140000000,sz.002533,4.7900,4.8100,4.7600,4.7700,588000,2812350.0000,3
2021-02-04,20210204150000000,sz.002533,4.7700,4.8000,4.7500,4.7600,1340200,6386036.0000,3
2021-02-05,20210205103000000,sz.002533,4.7700,4.8500,4.7500,4.7800,1044900,5012344.0000,3
2021-02-05,20210205113000000,sz.002533,4.7800,4.8200,4.7500,4.7500,552200,2639314.0000,3
2021-02-05,20210205140000000,sz.002533,4.7500,4.7900,4.7500,4.7900,170400,813706.0000,3
2021-02-05,20210205150000000,sz.002533,4.7900,4.8000,4.7400,4.7800,1164184,5544307.0000,3
2021-02-08,20210208103000000,sz.002533,4.7800,4.8000,4.7200,4.7400,1320100,6270415.0000,3
2021-02-08,20210208113000000,sz.002533,4.7400,4.7900,4.7300,4.7800,514500,2448120.0000,3
2021-02-08,20210208140000000,sz.002533,4.7800,4.7900,4.7600,4.7800,310100,1479839.0000,3
2021-02-08,20210208150000000,sz.002533,4.7700,4.7900,4.7600,4.7800,537100,2564664.0000,3
2021-02-09,20210209103000000,sz.002533,4.7700,4.7900,4.7300,4.7800,599437,2856525.0000,3
2021-02-09,20210209113000000,sz.002533,4.7800,4.8000,4.7700,4.7900,349240,1671836.0000,3
2021-02-09,20210209140000000,sz.002533,4.8000,4.8200,4.7900,4.7900,735520,3533724.0000,3
2021-02-09,20210209150000000,sz.002533,4.7900,4.8200,4.7900,4.8200,648000,3112483.0000,3
2021-02-10,20210210103000000,sz.002533,4.8300,4.8600,4.7800,4.8200,909200,4384618.0000,3
2021-02-10,20210210113000000,sz.002533,4.8200,4.8500,4.8200,4.8400,340520,1646084.0000,3
2021-02-10,20210210140000000,sz.002533,4.8400,4.8600,4.8300,4.8300,570100,2760114.0000,3
2021-02-10,20210210150000000,sz.002533,4.8300,4.8600,4.8300,4.8500,774900,3751630.0000,3
2021-02-18,20210218103000000,sz.002533,4.9000,4.9600,4.8800,4.9200,1455820,7163861.0000,3
2021-02-18,20210218113000000,sz.002533,4.9300,4.9400,4.9200,4.9200,507200,2502066.0000,3
2021-02-18,20210218140000000,sz.002533,4.9300,4.9500,4.9200,4.9300,571400,2818344.0000,3
2021-02-18,20210218150000000,sz.002533,4.9300,4.9600,4.9300,4.9400,497500,2457594.0000,3
2021-02-19,20210219103000000,sz.002533,4.9500,5.0000,4.9400,4.9900,1244200,6192188.0000,3
2021-02-19,20210219113000000,sz.002533,4.9900,5.0000,4.9700,5.0000,774984,3862326.0000,3
2021-02-19,20210219140000000,sz.002533,5.0000,5.1400,5.0000,5.1100,1405800,7103989.0000,3
2021-02-19,20210219150000000,sz.002533,5.1000,5.1600,5.0900,5.1400,1760900,9054776.0000,3
2021-02-22,20210222103000000,sz.002533,5.1400,5.2400,5.1300,5.2400,2800000,14489165.0000,3
2021-02-22,20210222113000000,sz.002533,5.2400,5.2500,5.2100,5.2300,929500,4858052.0000,3
2021-02-22,20210222140000000,sz.002533,5.2300,5.3300,5.2300,5.2600,1480300,7805588.0000,3
2021-02-22,20210222150000000,sz.002533,5.2600,5.2600,5.1600,5.1800,1491200,7752847.0000,3
2021-02-23,20210223103000000,sz.002533,5.1800,5.2000,5.1300,5.1600,1517400,7833326.0000,3
2021-02-23,20210223113000000,sz.002533,5.1600,5.1900,5.1500,5.1600,306400,1584370.0000,3
2021-02-23,20210223140000000,sz.002533,5.1600,5.1800,5.1500,5.1700,341500,1762864.0000,3
2021-02-23,20210223150000000,sz.002533,5.1700,5.1700,5.1300,5.1400,637600,3281965.0000,3
2021-02-24,20210224103000000,sz.002533,5.1400,5.1600,5.1200,5.1400,889900,4575824.0000,3
2021-02-24,20210224113000000,sz.002533,5.1400,5.1600,5.1300,5.1400,444200,2282365.0000,3
2021-02-24,20210224140000000,sz.002533,5.1300,5.1500,5.1200,5.1300,582700,2987060.0000,3
2021-02-24,20210224150000000,sz.002533,5.1200,5.1300,5.0800,5.1000,879800,4487344.0000,3
2021-02-25,20210225103000000,sz.002533,5.1100,5.1600,5.0700,5.1100,782800,3997182.0000,3
2021-02-25,20210225113000000,sz.002533,5.1100,5.1400,5.0800,5.1200,518200,2652537.0000,3
2021-02-25,20210225140000000,sz.002533,5.1200,5.1200,5.0900,5.0900,341000,1738377.0000,3
2021-02-25,20210225150000000,sz.002533,5.0900,5.1000,5.0600,5.0700,558300,2833944.0000,3
2021-02-26,20210226103000000,sz.002533,5.0900,5.1600,5.0700,5.0900,1463600,7474448.0000,3
2021-02-26,20210226113000000,sz.002533,5.0800,5.1100,5.0800,5.1100,341500,1738492.0000,3
2021-02-26,20210226140000000,sz.002533,5.1100,5.1100,5.0800,5.0900,403320,2052282.0000,3
2021-02-26,20210226150000000,sz.002533,5.0900,5.1100,5.0800,5.1100,699000,3561645.0000,3
2021-03-01,20210301103000000,sz.002533,5.1100,5.1900,5.1100,5.1900,1477501,7627980.0000,3
2021-03-01,20210301113000000,sz.002533,5.1900,5.2200,5.1700,5.1800,1107700,5750573.0000,3
2021-03-01,20210301140000000,sz.002533,5.1900,5.1900,5.1700,5.1900,555900,2878850.0000,3
2021-03-01,20210301150000000,sz.002533,5.1900,5.2000,5.1700,5.1900,856200,4440259.0000,3
2021-03-02,20210302103000000,sz.002533,5.2100,5.3000,5.2000,5.2800,2497901,13116401.0000,3
2021-03-02,20210302113000000,sz.002533,5.2800,5.2800,5.2100,5.2200,869800,4557604.0000,3
2021-03-02,20210302140000000,sz.002533,5.2400,5.2400,5.2100,5.2100,373000,1947851.0000,3
2021-03-02,20210302150000000,sz.002533,5.2100,5.2500,5.2100,5.2400,553300,2894433.0000,3
2021-03-03,20210303103000000,sz.002533,5.2200,5.2800,5.2000,5.2100,1730900,9060544.0000,3
2021-03-03,20210303113000000,sz.002533,5.2100,5.2400,5.2000,5.2400,491584,2566616.0000,3
2021-03-03,20210303140000000,sz.002533,5.2400,5.2500,5.2200,5.2300,291400,1525339.0000,3
2021-03-03,20210303150000000,sz.002533,5.2300,5.2700,5.2200,5.2500,1197400,6276416.0000,3
2021-03-04,20210304103000000,sz.002533,5.2500,5.2900,5.2300,5.2600,1356804,7143502.0000,3
2021-03-04,20210304113000000,sz.002533,5.2600,5.2700,5.2400,5.2600,393800,2070832.0000,3
2021-03-04,20210304140000000,sz.002533,5.2600,5.2700,5.2200,5.2300,571800,2994769.0000,3
2021-03-04,20210304150000000,sz.002533,5.2300,5.2400,5.2100,5.2200,628400,3285761.0000,3
2021-03-05,20210305103000000,sz.002533,5.2200,5.2600,5.2100,5.2400,1037700,5431959.0000,3
2021-03-05,20210305113000000,sz.002533,5.2400,5.2500,5.2300,5.2500,378800,1984635.0000,3
2021-03-05,20210305140000000,sz.002533,5.2400,5.2500,5.2300,5.2400,395300,2071018.0000,3
2021-03-05,20210305150000000,sz.002533,5.2400,5.2600,5.2400,5.2600,751800,3946217.0000,3
2021-03-08,20210308103000000,sz.002533,5.2800,5.3000,5.2500,5.2800,1310200,6921515.0000,3
2021-03-08,20210308113000000,sz.002533,5.2800,5.2900,5.2500,5.2700,585800,3088086.0000,3
2021-03-08,20210308140000000,sz.002533,5.2800,5.2800,5.2500,5.2800,576100,3032233.0000,3
2021-03-08,20210308150000000,sz.002533,5.2800,5.2800,5.2200,5.2200,606300,3177900.0000,3
2021-03-09,20210309103000000,sz.002533,5.2200,5.2600,5.1100,5.1700,2024600,10481177.0000,3
2021-03-09,20210309113000000,sz.002533,5.1700,5.2400,5.1500,5.2300,638700,3317792.0000,3
2021-03-09,20210309140000000,sz.002533,5.2300,5.2900,5.2300,5.2600,1082527,5702185.0000,3
2021-03-09,20210309150000000,sz.002533,5.2600,5.2600,5.2100,5.2200,663451,3473523.0000,3
2021-03-10,20210310103000000,sz.002533,5.2800,5.2900,5.2100,5.2200,1050900,5500136.0000,3
2021-03-10,20210310113000000,sz.002533,5.2200,5.2700,5.2100,5.2600,574300,3003792.0000,3
2021-03-10,20210310140000000,sz.002533,5.2700,5.2700,5.2100,5.2100,568600,2975549.0000,3
2021-03-10,20210310150000000,sz.002533,5.2100,5.2400,5.1700,5.1900,795500,4135688.0000,3
2021-03-11,20210311103000000,sz.002533,5.1600,5.2200,5.1500,5.2100,1197400,6209626.0000,3
2021-03-11,20210311113000000,sz.002533,5.2100,5.2400,5.2100,5.2300,526903,2751539.0000,3
2021-03-11,20210311140000000,sz.002533,5.2300,5.2700,5.2300,5.2600,847800,4451770.0000,3
2021-03-11,20210311150000000,sz.002533,5.2600,5.2700,5.2400,5.2700,1309202,6889797.0000,3
2021-03-12,20210312103000000,sz.002533,5.2500,5.2800,5.2300,5.2800,999728,5251667.0000,3
2021-03-12,20210312113000000,sz.002533,5.2800,5.3500,5.2600,5.3500,1947805,10339944.0000,3
2021-03-12,20210312140000000,sz.002533,5.3500,5.3600,5.3000,5.3300,937240,4990551.0000,3
2021-03-12,20210312150000000,sz.002533,5.3300,5.3300,5.2900,5.3300,1286586,6830391.0000,3
2021-03-15,20210315103000000,sz.002533,5.3100,5.4200,5.3100,5.3900,2872384,15437208.0000,3
2021-03-15,20210315113000000,sz.002533,5.3900,5.4800,5.3700,5.4300,2612844,14190014.0000,3
2021-03-15,20210315140000000,sz.002533,5.4400,5.4500,5.4100,5.4300,1260700,6848978.0000,3
2021-03-15,20210315150000000,sz.002533,5.4300,5.4400,5.4000,5.4200,1303600,7064405.0000,3
2021-03-16,20210316103000000,sz.002533,5.4400,5.6600,5.4300,5.6200,8957020,50041884.0000,3
2021-03-16,20210316113000000,sz.002533,5.6200,5.6500,5.5900,5.6500,2238144,12584357.0000,3
2021-03-16,20210316140000000,sz.002533,5.6500,5.6500,5.5600,5.5600,2052000,11492483.0000,3
2021-03-16,20210316150000000,sz.002533,5.5600,5.5900,5.5500,5.5600,1698520,9450419.0000,3
2021-03-17,20210317103000000,sz.002533,5.5300,5.6200,5.5000,5.5300,3850400,21341219.0000,3
2021-03-17,20210317113000000,sz.002533,5.5300,5.5400,5.4500,5.4900,2904200,15928732.0000,3
2021-03-17,20210317140000000,sz.002533,5.4800,5.5200,5.4800,5.5000,714100,3927807.0000,3
2021-03-17,20210317150000000,sz.002533,5.4900,5.5400,5.4900,5.5400,1109900,6119256.0000,3
2021-03-18,20210318103000000,sz.002533,5.4800,5.5800,5.4800,5.5500,2019158,11134545.0000,3
2021-03-18,20210318113000000,sz.002533,5.5500,5.5800,5.5100,5.5100,1211600,6722996.0000,3
2021-03-18,20210318140000000,sz.002533,5.5100,5.5500,5.5100,5.5400,725500,4014971.0000,3
2021-03-18,20210318150000000,sz.002533,5.5400,5.5500,5.5200,5.5300,869800,4812988.0000,3
2021-03-19,20210319103000000,sz.002533,5.4900,5.7600,5.4100,5.7200,9554422,54226398.0000,3
2021-03-19,20210319113000000,sz.002533,5.7200,5.8300,5.7000,5.7700,4497687,25976828.0000,3
2021-03-19,20210319140000000,sz.002533,5.7700,5.7800,5.6800,5.7200,1937853,11063098.0000,3
2021-03-19,20210319150000000,sz.002533,5.7200,5.7400,5.6900,5.7300,2163411,12360220.0000,3
2021-03-22,20210322103000000,sz.002533,5.7300,5.8200,5.6900,5.7100,4876235,28011176.0000,3
2021-03-22,20210322113000000,sz.002533,5.7100,5.8000,5.7000,5.7700,1886004,10854715.0000,3
2021-03-22,20210322140000000,sz.002533,5.7700,5.7800,5.7300,5.7500,1279900,7356867.0000,3
2021-03-22,20210322150000000,sz.002533,5.7400,5.7900,5.7400,5.7900,1979100,11418614.0000,3
2021-03-23,20210323103000000,sz.002533,5.7200,5.8500,5.6900,5.7000,4254600,24501175.0000,3
2021-03-23,20210323113000000,sz.002533,5.7000,5.7800,5.7000,5.7400,1091000,6266123.0000,3
2021-03-23,20210323140000000,sz.002533,5.7400,5.7700,5.7200,5.7300,749000,4303696.0000,3
2021-03-23,20210323150000000,sz.002533,5.7300,5.7500,5.6900,5.7000,1391703,7949078.0000,3
2021-03-24,20210324103000000,sz.002533,5.6600,5.7400,5.6300,5.6900,2004284,11432074.0000,3
2021-03-24,20210324113000000,sz.002533,5.6800,5.7200,5.6400,5.6500,1311705,7439524.0000,3
2021-03-24,20210324140000000,sz.002533,5.6400,5.6800,5.6400,5.6700,842700,4766806.0000,3
2021-03-24,20210324150000000,sz.002533,5.6700,5.6700,5.6100,5.6200,1570100,8848393.0000,3
2021-03-25,20210325103000000,sz.002533,5.6100,5.6600,5.5700,5.6400,1972000,11063638.0000,3
2021-03-25,20210325113000000,sz.002533,5.6400,5.6400,5.5600,5.5900,862000,4829246.0000,3
2021-03-25,20210325140000000,sz.002533,5.5900,5.6200,5.5800,5.6000,545403,3052418.0000,3
2021-03-25,20210325150000000,sz.002533,5.6000,5.6000,5.5700,5.5800,824000,4600587.0000,3
2021-03-26,20210326103000000,sz.002533,5.5800,5.6400,5.5700,5.5900,1825300,10228488.0000,3
2021-03-26,20210326113000000,sz.002533,5.5900,5.6200,5.5900,5.6000,671900,3767183.0000,3
2021-03-26,20210326140000000,sz.002533,5.6100,5.6200,5.6000,5.6200,679900,3815391.0000,3
2021-03-26,20210326150000000,sz.002533,5.6200,5.6300,5.6000,5.6100,886500,4977265.0000,3
2021-03-29,20210329103000000,sz.002533,5.6200,5.7000,5.6100,5.6800,2382100,13485002.0000,3
2021-03-29,20210329113000000,sz.002533,5.6800,5.7000,5.6400,5.6700,723386,4098015.0000,3
2021-03-29,20210329140000000,sz.002533,5.6800,5.6900,5.6500,5.6800,567700,3217767.0000,3
2021-03-29,20210329150000000,sz.002533,5.6700,5.7500,5.6700,5.7200,2070400,11840027.0000,3
2021-03-30,20210330103000000,sz.002533,5.7200,5.7300,5.4800,5.5400,4065601,22581928.0000,3
2021-03-30,20210330113000000,sz.002533,5.5400,5.5500,5.5200,5.5400,607400,3362612.0000,3
2021-03-30,20210330140000000,sz.002533,5.5400,5.5900,5.5400,5.5800,736005,4097033.0000,3
2021-03-30,20210330150000000,sz.002533,5.5800,5.6100,5.5500,5.6000,1102600,6166325.0000,3
2021-03-31,20210331103000000,sz.002533,5.6000,5.7300,5.5800,5.6500,2750500,15573106.0000,3
2021-03-31,20210331113000000,sz.002533,5.6500,5.6700,5.6300,5.6700,625700,3536730.0000,3
2021-03-31,20210331140000000,sz.002533,5.6700,5.7000,5.6300,5.6800,999876,5672419.0000,3
2021-03-31,20210331150000000,sz.002533,5.6800,5.7000,5.6600,5.6700,1049200,5956688.0000,3
2021-04-01,20210401103000000,sz.002533,5.6700,5.6800,5.6000,5.6200,1279300,7202479.0000,3
2021-04-01,20210401113000000,sz.002533,5.6200,5.6300,5.5900,5.6000,947475,5313534.0000,3
2021-04-01,20210401140000000,sz.002533,5.5900,5.6100,5.5500,5.5700,1398600,7793024.0000,3
2021-04-01,20210401150000000,sz.002533,5.5700,5.6000,5.5600,5.6000,1165680,6509786.0000,3
2021-04-02,20210402103000000,sz.002533,5.5900,5.6000,5.5200,5.5600,1481016,8217271.0000,3
2021-04-02,20210402113000000,sz.002533,5.5600,5.5800,5.5500,5.5600,320032,1780597.0000,3
2021-04-02,20210402140000000,sz.002533,5.5600,5.5700,5.5400,5.5400,301500,1675728.0000,3
2021-04-02,20210402150000000,sz.002533,5.5400,5.5600,5.5300,5.5400,914600,5071321.0000,3
2021-04-06,20210406103000000,sz.002533,5.5500,5.5700,5.5300,5.5500,1056100,5859045.0000,3
2021-04-06,20210406113000000,sz.002533,5.5500,5.5700,5.5400,5.5700,370632,2058995.0000,3
2021-04-06,20210406140000000,sz.002533,5.5800,5.5900,5.5500,5.5700,447100,2487856.0000,3
2021-04-06,20210406150000000,sz.002533,5.5700,5.6000,5.5600,5.5700,591900,3301981.0000,3
2021-04-07,20210407103000000,sz.002533,5.5700,5.5900,5.5500,5.5900,839931,4673663.0000,3
2021-04-07,20210407113000000,sz.002533,5.5900,5.6400,5.5800,5.6300,1110598,6226703.0000,3
2021-04-07,20210407140000000,sz.002533,5.6300,5.6400,5.6000,5.6100,571105,3209044.0000,3
2021-04-07,20210407150000000,sz.002533,5.6100,5.6400,5.6000,5.6400,1078752,6072962.0000,3
2021-04-08,20210408103000000,sz.002533,5.6300,5.6300,5.5400,5.5600,1673300,9316949.0000,3
2021-04-08,20210408113000000,sz.002533,5.5600,5.5800,5.5500,5.5700,553100,3076360.0000,3
2021-04-08,20210408140000000,sz.002533,5.5700,5.5800,5.5600,5.5600,431800,2402722.0000,3
2021-04-08,20210408150000000,sz.002533,5.5600,5.5700,5.4900,5.5000,2311700,12769052.0000,3
2021-04-09,20210409103000000,sz.002533,5.5000,5.5400,5.4600,5.5200,910800,5013216.0000,3
2021-04-09,20210409113000000,sz.002533,5.5100,5.5300,5.5000,5.5100,289800,1597084.0000,3
2021-04-09,20210409140000000,sz.002533,5.5100,5.5200,5.4600,5.4800,1097320,6007741.0000,3
2021-04-09,20210409150000000,sz.002533,5.4800,5.5100,5.4600,5.5000,541600,2970169.0000,3
2021-04-12,20210412103000000,sz.002533,5.5000,5.5300,5.4700,5.5100,1035900,5690972.0000,3
2021-04-12,20210412113000000,sz.002533,5.5100,5.5100,5.4900,5.5100,269100,1479488.0000,3
2021-04-12,20210412140000000,sz.002533,5.5000,5.5000,5.4700,5.4800,306000,1678507.0000,3
2021-04-12,20210412150000000,sz.002533,5.4800,5.4800,5.4300,5.4800,1050100,5735342.0000,3
2021-04-13,20210413103000000,sz.002533,5.4700,5.4800,5.3600,5.3900,1469260,7932157.0000,3
2021-04-13,20210413113000000,sz.002533,5.4000,5.4200,5.3800,5.4000,491000,2649936.0000,3
2021-04-13,20210413140000000,sz.002533,5.4000,5.4100,5.3500,5.3700,982500,5268763.0000,3
2021-04-13,20210413150000000,sz.002533,5.3700,5.3800,5.3500,5.3500,624500,3348452.0000,3
2021-04-14,20210414103000000,sz.002533,5.3500,5.4000,5.3500,5.3900,554800,2981594.0000,3
2021-04-14,20210414113000000,sz.002533,5.3900,5.4000,5.3600,5.3700,612202,3292322.0000,3
2021-04-14,20210414140000000,sz.002533,5.3700,5.4100,5.3700,5.4000,480500,2587404.0000,3
2021-04-14,20210414150000000,sz.002533,5.4000,5.4100,5.3800,5.4000,509700,2750475.0000,3
2021-04-15,20210415103000000,sz.002533,5.4200,5.4800,5.3700,5.4500,2488000,13541227.0000,3
2021-04-15,20210415113000000,sz.002533,5.4500,5.4600,5.4300,5.4400,587800,3200982.0000,3
2021-04-15,20210415140000000,sz.002533,5.4500,5.4700,5.4200,5.4600,572200,3114601.0000,3
2021-04-15,20210415150000000,sz.002533,5.4600,5.4900,5.4200,5.4400,1315000,7171493.0000,3
2021-04-16,20210416103000000,sz.002533,5.4300,5.4900,5.4200,5.4700,1253800,6850038.0000,3
2021-04-16,20210416113000000,sz.002533,5.4700,5.4900,5.4600,5.4800,517900,2836396.0000,3
2021-04-16,20210416140000000,sz.002533,5.4800,5.5200,5.4800,5.5100,944760,5200371.0000,3
2021-04-16,20210416150000000,sz.002533,5.5200,5.5300,5.5000,5.5200,873900,4819752.0000,3
2021-04-19,20210419103000000,sz.002533,5.5100,5.5600,5.5100,5.5400,1155600,6394952.0000,3
2021-04-19,20210419113000000,sz.002533,5.5500,5.5700,5.5200,5.5400,793800,4396394.0000,3
2021-04-19,20210419140000000,sz.002533,5.5400,5.5500,5.5200,5.5400,456500,2527066.0000,3
2021-04-19,20210419150000000,sz.002533,5.5400,5.5500,5.5200,5.5400,1018387,5641588.0000,3
2021-04-20,20210420103000000,sz.002533,5.5400,5.6500,5.4900,5.6100,2449300,13664375.0000,3
2021-04-20,20210420113000000,sz.002533,5.6100,5.6300,5.5900,5.6200,903400,5066154.0000,3
2021-04-20,20210420140000000,sz.002533,5.6100,5.6200,5.5900,5.6000,763300,4277004.0000,3
2021-04-20,20210420150000000,sz.002533,5.6000,5.6000,5.5600,5.5600,722649,4030434.0000,3
2021-04-21,20210421103000000,sz.002533,5.5700,5.5900,5.5000,5.5300,1532700,8476074.0000,3
2021-04-21,20210421113000000,sz.002533,5.5300,5.5400,5.5200,5.5200,567254,3134974.0000,3
2021-04-21,20210421140000000,sz.002533,5.5200,5.5300,5.5000,5.5000,553500,3051895.0000,3
2021-04-21,20210421150000000,sz.002533,5.5000,5.5200,5.4900,5.5100,805645,4433965.0000,3
2021-04-22,20210422103000000,sz.002533,5.5100,5.5400,5.4700,5.4900,1409100,7751989.0000,3
2021-04-22,20210422113000000,sz.002533,5.4900,5.5100,5.4800,5.4900,614000,3372841.0000,3
2021-04-22,20210422140000000,sz.002533,5.4900,5.5000,5.4700,5.4800,420400,2304083.0000,3
2021-04-22,20210422150000000,sz.002533,5.4800,5.5000,5.4600,5.5000,711100,3895007.0000,3
2021-04-23,20210423103000000,sz.002533,5.5300,5.5500,5.4700,5.4900,1410620,7759625.0000,3
2021-04-23,20210423113000000,sz.002533,5.4900,5.5100,5.4500,5.4500,1093200,5979788.0000,3
2021-04-23,20210423140000000,sz.002533,5.4500,5.4600,5.4300,5.4500,683900,3726616.0000,3
2021-04-23,20210423150000000,sz.002533,5.4500,5.4900,5.4400,5.4700,600113,3281122.0000,3
2021-04-26,20210426103000000,sz.002533,5.4500,5.5200,5.4400,5.4700,1557100,8545178.0000,3
2021-04-26,20210426113000000,sz.002533,5.4700,5.4800,5.4500,5.4700,563200,3076774.0000,3
2021-04-26,20210426140000000,sz.002533,5.4600,5.5200,5.4500,5.5000,1162698,6391207.0000,3
2021-04-26,20210426150000000,sz.002533,5.5000,5.5100,5.4500,5.4500,1137800,6227268.0000,3
2021-04-27,20210427103000000,sz.002533,5.4500,5.4800,5.4000,5.4100,1328200,7212593.0000,3
2021-04-27,20210427113000000,sz.002533,5.4100,5.4400,5.3700,5.4200,1048160,5662575.0000,3
2021-04-27,20210427140000000,sz.002533,5.4200,5.4800,5.4000,5.4800,1007805,5492066.0000,3
2021-04-27,20210427150000000,sz.002533,5.4800,5.5300,5.4700,5.5100,1928501,10619319.0000,3
2021-04-28,20210428103000000,sz.002533,5.5000,5.5100,5.4300,5.4500,1155275,6302505.0000,3
2021-04-28,20210428113000000,sz.002533,5.4500,5.4700,5.4200,5.4400,640980,3488914.0000,3
2021-04-28,20210428140000000,sz.002533,5.4400,5.4400,5.4200,5.4300,659024,3576485.0000,3
2021-04-28,20210428150000000,sz.002533,5.4300,5.4400,5.4000,5.4100,962682,5214258.0000,3
2021-04-29,20210429103000000,sz.002533,5.3800,5.4400,5.3700,5.4300,1176200,6364338.0000,3
2021-04-29,20210429113000000,sz.002533,5.4200,5.4600,5.4200,5.4400,571706,3107369.0000,3
2021-04-29,20210429140000000,sz.002533,5.4300,5.4800,5.4300,5.4800,1025864,5602546.0000,3
2021-04-29,20210429150000000,sz.002533,5.4700,5.4800,5.4400,5.4500,794900,4345376.0000,3
2021-04-30,20210430103000000,sz.002533,5.4900,5.5500,5.4600,5.5500,2093864,11551314.0000,3
2021-04-30,20210430113000000,sz.002533,5.5500,5.5800,5.5300,5.5700,1586301,8805063.0000,3
2021-04-30,20210430140000000,sz.002533,5.5700,5.5700,5.5100,5.5300,929800,5148662.0000,3
2021-04-30,20210430150000000,sz.002533,5.5400,5.5600,5.5200,5.5200,1252245,6940285.0000,3
2021-05-06,20210506103000000,sz.002533,5.5300,5.5400,5.4800,5.5100,1363186,7507143.0000,3
2021-05-06,20210506113000000,sz.002533,5.5100,5.5200,5.4600,5.4800,1027100,5630566.0000,3
2021-05-06,20210506140000000,sz.002533,5.4800,5.4900,5.4700,5.4800,431600,2363439.0000,3
2021-05-06,20210506150000000,sz.002533,5.4800,5.4900,5.4500,5.4600,1016400,5555832.0000,3
2021-05-07,20210507103000000,sz.002533,5.4500,5.4800,5.4500,5.4500,920600,5025020.0000,3
2021-05-07,20210507113000000,sz.002533,5.4500,5.5200,5.4500,5.5100,612500,3363678.0000,3
2021-05-07,20210507140000000,sz.002533,5.5100,5.5600,5.4900,5.5300,1028020,5683674.0000,3
2021-05-07,20210507150000000,sz.002533,5.5300,5.5400,5.5000,5.5400,930300,5138089.0000,3
2021-05-10,20210510103000000,sz.002533,5.5300,5.5600,5.4700,5.4900,1488100,8172895.0000,3
2021-05-10,20210510113000000,sz.002533,5.5000,5.5200,5.4700,5.4900,1155000,6338871.0000,3
2021-05-10,20210510140000000,sz.002533,5.4900,5.5200,5.4800,5.5000,578881,3178570.0000,3
2021-05-10,20210510150000000,sz.002533,5.5000,5.5300,5.4800,5.5200,729400,4015476.0000,3
2021-05-11,20210511103000000,sz.002533,5.5500,5.5700,5.4800,5.5000,1690200,9333901.0000,3
2021-05-11,20210511113000000,sz.002533,5.4900,5.5200,5.4700,5.4900,908300,4987078.0000,3
2021-05-11,20210511140000000,sz.002533,5.4800,5.5100,5.4800,5.5100,306500,1685727.0000,3
2021-05-11,20210511150000000,sz.002533,5.5100,5.5200,5.4900,5.5000,741146,4079736.0000,3
2021-05-12,20210512103000000,sz.002533,5.5100,5.5200,5.4600,5.4900,1043000,5711311.0000,3
2021-05-12,20210512113000000,sz.002533,5.4900,5.5100,5.4800,5.4900,461100,2533559.0000,3
2021-05-12,20210512140000000,sz.002533,5.4900,5.5300,5.4900,5.5300,631100,3479513.0000,3
2021-05-12,20210512150000000,sz.002533,5.5200,5.5400,5.5100,5.5300,868600,4800544.0000,3
2021-05-13,20210513103000000,sz.002533,5.5000,5.5700,5.4900,5.5400,1521202,8429163.0000,3
2021-05-13,20210513113000000,sz.002533,5.5400,5.5600,5.5300,5.5500,730400,4047666.0000,3
2021-05-13,20210513140000000,sz.002533,5.5400,5.5500,5.4900,5.5200,749000,4135666.0000,3
2021-05-13,20210513150000000,sz.002533,5.5200,5.5300,5.4600,5.4800,1223400,6713459.0000,3
2021-05-14,20210514103000000,sz.002533,5.4800,5.5100,5.4700,5.4900,1015902,5573487.0000,3
2021-05-14,20210514113000000,sz.002533,5.4900,5.5100,5.4800,5.5100,656800,3610657.0000,3
2021-05-14,20210514140000000,sz.002533,5.5100,5.5400,5.4900,5.5100,818600,4507278.0000,3
2021-05-14,20210514150000000,sz.002533,5.5100,5.5200,5.5000,5.5100,751920,4145000.0000,3
2021-05-17,20210517103000000,sz.002533,5.5600,5.5700,5.5000,5.5400,1826375,10096405.0000,3
2021-05-17,20210517113000000,sz.002533,5.5400,5.5400,5.5100,5.5200,603400,3334974.0000,3
2021-05-17,20210517140000000,sz.002533,5.5200,5.5300,5.5000,5.5300,662000,3649601.0000,3
2021-05-17,20210517150000000,sz.002533,5.5300,5.5300,5.4900,5.4900,1065200,5862171.0000,3
2021-05-18,20210518103000000,sz.002533,5.4900,5.5000,5.4500,5.4900,829600,4542426.0000,3
2021-05-18,20210518113000000,sz.002533,5.4900,5.5100,5.4700,5.4900,459121,2522198.0000,3
2021-05-18,20210518140000000,sz.002533,5.5000,5.5200,5.4900,5.5000,235900,1299186.0000,3
2021-05-18,20210518150000000,sz.002533,5.5000,5.5200,5.4900,5.5100,694400,3822657.0000,3
2021-05-19,20210519103000000,sz.002533,5.5400,5.5500,5.4900,5.5100,1020800,5632697.0000,3
2021-05-19,20210519113000000,sz.002533,5.5100,5.5200,5.4800,5.4900,413300,2273019.0000,3
2021-05-19,20210519140000000,sz.002533,5.4900,5.5000,5.4700,5.4700,414700,2275279.0000,3
2021-05-19,20210519150000000,sz.002533,5.4800,5.4900,5.4700,5.4900,551857,3024544.0000,3
2021-05-20,20210520103000000,sz.002533,5.4400,5.4400,5.2600,5.3000,3612126,19245466.0000,3
2021-05-20,20210520113000000,sz.002533,5.3000,5.3100,5.2400,5.3000,1732100,9135349.0000,3
2021-05-20,20210520140000000,sz.002533,5.2900,5.3200,5.2800,5.3000,684900,3629242.0000,3
2021-05-20,20210520150000000,sz.002533,5.3000,5.3100,5.2600,5.2600,1211000,6392296.0000,3
2021-05-21,20210521103000000,sz.002533,5.2600,5.3800,5.2500,5.3500,2028200,10811459.0000,3
2021-05-21,20210521113000000,sz.002533,5.3500,5.3800,5.3300,5.3700,685120,3671529.0000,3
2021-05-21,20210521140000000,sz.002533,5.3700,5.3700,5.3400,5.3500,377900,2024140.0000,3
2021-05-21,20210521150000000,sz.002533,5.3500,5.3900,5.3400,5.3600,1121800,6010486.0000,3
2021-05-24,20210524103000000,sz.002533,5.3800,5.5800,5.3600,5.5500,4448387,24490720.0000,3
2021-05-24,20210524113000000,sz.002533,5.5500,5.5600,5.5200,5.5400,962300,5338142.0000,3
2021-05-24,20210524140000000,sz.002533,5.5400,5.5500,5.5100,5.5300,759200,4198991.0000,3
2021-05-24,20210524150000000,sz.002533,5.5300,5.5700,5.5100,5.5500,1844741,10241500.0000,3
2021-05-25,20210525103000000,sz.002533,5.5700,5.5700,5.4600,5.4900,1810600,9969797.0000,3
2021-05-25,20210525113000000,sz.002533,5.4900,5.5100,5.4700,5.4900,1130846,6209992.0000,3
2021-05-25,20210525140000000,sz.002533,5.4900,5.5400,5.4800,5.5300,937521,5170520.0000,3
2021-05-25,20210525150000000,sz.002533,5.5300,5.5500,5.5100,5.5400,1614100,8934843.0000,3
2021-05-26,20210526103000000,sz.002533,5.2900,5.3600,5.2600,5.3300,2295300,12195970.0000,3
2021-05-26,20210526113000000,sz.002533,5.3300,5.3300,5.3000,5.3300,829520,4410617.0000,3
2021-05-26,20210526140000000,sz.002533,5.3300,5.3400,5.2900,5.3000,634700,3367433.0000,3
2021-05-26,20210526150000000,sz.002533,5.3000,5.3100,5.2800,5.3000,899000,4759455.0000,3
2021-05-27,20210527103000000,sz.002533,5.2800,5.3000,5.2600,5.2800,1735500,9156304.0000,3
2021-05-27,20210527113000000,sz.002533,5.2800,5.2900,5.2600,5.2700,807100,4253188.0000,3
2021-05-27,20210527140000000,sz.002533,5.2700,5.2700,5.2400,5.2400,849200,4464691.0000,3
2021-05-27,20210527150000000,sz.002533,5.2400,5.2500,5.2200,5.2400,829640,4342332.0000,3
2021-05-28,20210528103000000,sz.002533,5.2400,5.2800,5.1800,5.2100,1445767,7561559.0000,3
2021-05-28,20210528113000000,sz.002533,5.2100,5.2100,5.1800,5.1900,1202400,6243560.0000,3
2021-05-28,20210528140000000,sz.002533,5.1900,5.1900,5.1500,5.1600,1096508,5667822.0000,3
2021-05-28,20210528150000000,sz.002533,5.1600,5.1700,5.1300,5.1300,1384934,7126149.0000,3
2021-05-31,20210531103000000,sz.002533,5.1300,5.1900,5.1300,5.1900,1194801,6163688.0000,3
2021-05-31,20210531113000000,sz.002533,5.1900,5.1900,5.1100,5.1300,915700,4711881.0000,3
2021-05-31,20210531140000000,sz.002533,5.1300,5.1500,5.1100,5.1400,1014600,5199820.0000,3
2021-05-31,20210531150000000,sz.002533,5.1400,5.1600,5.1200,5.1600,848000,4364896.0000,3
2021-06-01,20210601103000000,sz.002533,5.1600,5.1900,5.1300,5.1500,831300,4289550.0000,3
2021-06-01,20210601113000000,sz.002533,5.1500,5.1800,5.1400,5.1800,475700,2453992.0000,3
2021-06-01,20210601140000000,sz.002533,5.1700,5.1800,5.1400,5.1500,719700,3709699.0000,3
2021-06-01,20210601150000000,sz.002533,5.1600,5.1700,5.1300,5.1600,742920,3825673.0000,3
2021-06-02,20210602103000000,sz.002533,5.1800,5.1800,5.1400,5.1500,708424,3652448.0000,3
2021-06-02,20210602113000000,sz.002533,5.1500,5.1600,5.1300,5.1500,502000,2578403.0000,3
2021-06-02,20210602140000000,sz.002533,5.1500,5.1500,5.1300,5.1300,433492,2225635.0000,3
2021-06-02,20210602150000000,sz.002533,5.1300,5.1400,5.1100,5.1200,737808,3780659.0000,3
2021-06-03,20210603103000000,sz.002533,5.1100,5.1500,5.1000,5.1200,1096700,5620862.0000,3
2021-06-03,20210603113000000,sz.002533,5.1200,5.1300,5.1100,5.1300,689600,3529539.0000,3
2021-06-03,20210603140000000,sz.002533,5.1300,5.1400,5.1100,5.1300,577500,2960696.0000,3
2021-06-03,20210603150000000,sz.002533,5.1200,5.1400,5.1100,5.1200,822620,4213963.0000,3
2021-06-04,20210604103000000,sz.002533,5.1200,5.1400,5.0900,5.1000,1027801,5256340.0000,3
2021-06-04,20210604113000000,sz.002533,5.0900,5.1100,5.0800,5.0900,738200,3758470.0000,3
2021-06-04,20210604140000000,sz.002533,5.0900,5.1200,5.0800,5.0900,483900,2467345.0000,3
2021-06-04,20210604150000000,sz.002533,5.0900,5.1000,5.0700,5.0900,698920,3552336.0000,3
2021-06-07,20210607103000000,sz.002533,5.0900,5.1000,5.0600,5.0800,651494,3306899.0000,3
2021-06-07,20210607113000000,sz.002533,5.0700,5.0800,5.0600,5.0600,457000,2316359.0000,3
2021-06-07,20210607140000000,sz.002533,5.0700,5.0800,5.0500,5.0700,729105,3691716.0000,3
2021-06-07,20210607150000000,sz.002533,5.0700,5.0800,5.0600,5.0600,456034,2309255.0000,3
2021-06-08,20210608103000000,sz.002533,5.0500,5.1000,5.0500,5.0600,1402100,7119993.0000,3
2021-06-08,20210608113000000,sz.002533,5.0600,5.1000,5.0500,5.0900,1021600,5189069.0000,3
2021-06-08,20210608140000000,sz.002533,5.1000,5.1100,5.0900,5.1000,632350,3225561.0000,3
2021-06-08,20210608150000000,sz.002533,5.1000,5.1200,5.0900,5.1100,568400,2900582.0000,3
2021-06-09,20210609103000000,sz.002533,5.0800,5.1300,5.0800,5.1300,911601,4647707.0000,3
2021-06-09,20210609113000000,sz.002533,5.1300,5.1300,5.1000,5.1100,606800,3100167.0000,3
2021-06-09,20210609140000000,sz.002533,5.1100,5.1100,5.0900,5.0900,282872,1442029.0000,3
2021-06-09,20210609150000000,sz.002533,5.0900,5.1000,5.0600,5.0700,639200,3243128.0000,3
2021-06-10,20210610103000000,sz.002533,5.0700,5.1000,5.0600,5.0800,795380,4041242.0000,3
2021-06-10,20210610113000000,sz.002533,5.0800,5.0800,5.0600,5.0700,636351,3225171.0000,3
2021-06-10,20210610140000000,sz.002533,5.0700,5.0800,5.0700,5.0700,332500,1686457.0000,3
2021-06-10,20210610150000000,sz.002533,5.0700,5.0900,5.0600,5.0800,1241543,6294339.0000,3
2021-06-11,20210611103000000,sz.002533,5.0800,5.0800,5.0600,5.0800,907020,4599633.0000,3
2021-06-11,20210611113000000,sz.002533,5.0800,5.0800,5.0600,5.0800,566600,2873690.0000,3
2021-06-11,20210611140000000,sz.002533,5.0800,5.0800,5.0500,5.0700,542020,2743694.0000,3
2021-06-11,20210611150000000,sz.002533,5.0600,5.0700,5.0200,5.0300,1415352,7138904.0000,3
2021-06-15,20210615103000000,sz.002533,5.0500,5.0700,5.0100,5.0400,1164600,5863444.0000,3
2021-06-15,20210615113000000,sz.002533,5.0500,5.0500,5.0300,5.0400,196800,991368.0000,3
2021-06-15,20210615140000000,sz.002533,5.0500,5.0500,5.0200,5.0300,210100,1057488.0000,3
2021-06-15,20210615150000000,sz.002533,5.0400,5.0400,5.0200,5.0400,513721,2582475.0000,3
2021-06-16,20210616103000000,sz.002533,5.0200,5.0300,4.9500,4.9600,1636836,8130662.0000,3
2021-06-16,20210616113000000,sz.002533,4.9600,4.9800,4.9600,4.9700,255963,1271333.0000,3
2021-06-16,20210616140000000,sz.002533,4.9600,4.9700,4.9300,4.9400,660416,3269274.0000,3
2021-06-16,20210616150000000,sz.002533,4.9400,4.9500,4.9300,4.9500,524540,2592321.0000,3
2021-06-17,20210617103000000,sz.002533,4.9500,4.9700,4.9100,4.9500,493800,2441475.0000,3
2021-06-17,20210617113000000,sz.002533,4.9500,4.9600,4.9400,4.9500,282200,1396919.0000,3
2021-06-17,20210617140000000,sz.002533,4.9500,4.9600,4.9200,4.9300,587700,2901587.0000,3
2021-06-17,20210617150000000,sz.002533,4.9300,4.9300,4.9100,4.9200,640200,3151507.0000,3
2021-06-18,20210618103000000,sz.002533,4.9200,4.9300,4.8800,4.9100,1104278,5409522.0000,3
2021-06-18,20210618113000000,sz.002533,4.9100,4.9400,4.8900,4.9200,407300,2003927.0000,3
2021-06-18,20210618140000000,sz.002533,4.9200,4.9700,4.9100,4.9600,647200,3196300.0000,3
2021-06-18,20210618150000000,sz.002533,4.9600,4.9800,4.9500,4.9600,627535,3114816.0000,3
2021-06-21,20210621103000000,sz.002533,4.9600,5.0500,4.9500,5.0300,1491907,7468978.0000,3
2021-06-21,20210621113000000,sz.002533,5.0300,5.0400,5.0100,5.0400,470200,2365850.0000,3
2021-06-21,20210621140000000,sz.002533,5.0400,5.0500,5.0300,5.0400,392500,1978602.0000,3
2021-06-21,20210621150000000,sz.002533,5.0400,5.0600,5.0200,5.0500,603500,3044869.0000,3
2021-06-22,20210622103000000,sz.002533,5.0500,5.0900,5.0500,5.0700,1191907,6045873.0000,3
2021-06-22,20210622113000000,sz.002533,5.0700,5.0800,5.0500,5.0800,487700,2470811.0000,3
2021-06-22,20210622140000000,sz.002533,5.0800,5.1100,5.0600,5.0600,970120,4935390.0000,3
2021-06-22,20210622150000000,sz.002533,5.0600,5.0900,5.0600,5.0900,541100,2747965.0000,3
2021-06-23,20210623103000000,sz.002533,5.1200,5.1300,5.0400,5.0600,1173600,5951603.0000,3
2021-06-23,20210623113000000,sz.002533,5.0700,5.0700,5.0400,5.0600,365300,1847293.0000,3
2021-06-23,20210623140000000,sz.002533,5.0500,5.0600,5.0300,5.0300,1000800,5042781.0000,3
2021-06-23,20210623150000000,sz.002533,5.0300,5.0500,5.0200,5.0500,654500,3298862.0000,3
2021-06-24,20210624103000000,sz.002533,5.0500,5.0800,5.0400,5.0600,1153605,5832466.0000,3
2021-06-24,20210624113000000,sz.002533,5.0600,5.0900,5.0500,5.0900,794000,4024030.0000,3
2021-06-24,20210624140000000,sz.002533,5.0900,5.1000,5.0700,5.0900,530300,2694711.0000,3
2021-06-24,20210624150000000,sz.002533,5.0900,5.1000,5.0700,5.0900,1023000,5206686.0000,3
2021-06-25,20210625103000000,sz.002533,5.0700,5.1200,5.0700,5.0800,1026100,5235605.0000,3
2021-06-25,20210625113000000,sz.002533,5.0800,5.1100,5.0600,5.1100,548500,2790490.0000,3
2021-06-25,20210625140000000,sz.002533,5.1100,5.1200,5.0900,5.1000,667200,3404907.0000,3
2021-06-25,20210625150000000,sz.002533,5.1100,5.1300,5.0900,5.1300,931420,4765208.0000,3
2021-06-28,20210628103000000,sz.002533,5.1500,5.1600,5.0900,5.1100,1645600,8433642.0000,3
2021-06-28,20210628113000000,sz.002533,5.1100,5.1400,5.1100,5.1200,422800,2167197.0000,3
2021-06-28,20210628140000000,sz.002533,5.1200,5.1500,5.1200,5.1200,455360,2338799.2000,3
2021-06-28,20210628150000000,sz.002533,5.1200,5.1400,5.1100,5.1300,522515,2676724.9500,3
2021-06-29,20210629103000000,sz.002533,5.1500,5.1700,5.1000,5.1500,1431513,7363459.3600,3
2021-06-29,20210629113000000,sz.002533,5.1600,5.1600,5.1300,5.1400,383806,1976213.5600,3
2021-06-29,20210629140000000,sz.002533,5.1400,5.1400,5.1100,5.1300,340200,1743454.0000,3
2021-06-29,20210629150000000,sz.002533,5.1300,5.1300,5.1000,5.1100,764100,3904692.0000,3
2021-06-30,20210630103000000,sz.002533,5.1100,5.1500,5.0800,5.1000,909513,4644568.1700,3
2021-06-30,20210630113000000,sz.002533,5.1000,5.1400,5.1000,5.1200,656700,3367489.0000,3
2021-06-30,20210630140000000,sz.002533,5.1200,5.1400,5.1100,5.1300,601101,3082892.1100,3
2021-06-30,20210630150000000,sz.002533,5.1300,5.1400,5.1100,5.1400,336002,1722090.2400,3
2021-07-01,20210701103000000,sz.002533,5.1400,5.1400,5.0800,5.1000,691600,3530976.0000,3
2021-07-01,20210701113000000,sz.002533,5.1100,5.1200,5.0800,5.0900,494300,2518584.0000,3
2021-07-01,20210701140000000,sz.002533,5.0900,5.1000,5.0800,5.1000,321100,1635601.0000,3
2021-07-01,20210701150000000,sz.002533,5.1000,5.1000,5.0400,5.0400,809800,4107545.0000,3
2021-07-02,20210702103000000,sz.002533,5.0400,5.1400,5.0300,5.1400,1611400,8231226.0000,3
2021-07-02,20210702113000000,sz.002533,5.1400,5.1400,5.1100,5.1400,898400,4610585.0000,3
2021-07-02,20210702140000000,sz.002533,5.1300,5.1800,5.1300,5.1600,2262379,11685962.0300,3
2021-07-02,20210702150000000,sz.002533,5.1600,5.1900,5.1500,5.1900,2056544,10648757.9200,3
2021-07-05,20210705103000000,sz.002533,5.1900,5.2100,5.1300,5.1900,1446161,7469301.1500,3
2021-07-05,20210705113000000,sz.002533,5.1800,5.2000,5.1700,5.2000,980200,5083818.0000,3
2021-07-05,20210705140000000,sz.002533,5.1900,5.2200,5.1900,5.2000,793500,4128774.0000,3
2021-07-05,20210705150000000,sz.002533,5.2000,5.2000,5.1800,5.2000,595300,3091913.0000,3
2021-07-06,20210706103000000,sz.002533,5.1800,5.2300,5.1800,5.2300,987784,5146833.9600,3
2021-07-06,20210706113000000,sz.002533,5.2200,5.2400,5.1800,5.1900,943331,4924338.8200,3
2021-07-06,20210706140000000,sz.002533,5.1900,5.2100,5.1600,5.1900,503457,2608478.3800,3
2021-07-06,20210706150000000,sz.002533,5.1900,5.2300,5.1600,5.2300,1171500,6085131.0000,3
2021-07-07,20210707103000000,sz.002533,5.2300,5.2300,5.1700,5.1900,652200,3387134.0000,3
2021-07-07,20210707113000000,sz.002533,5.1900,5.2000,5.1700,5.1800,433900,2249371.0000,3
2021-07-07,20210707140000000,sz.002533,5.1900,5.2000,5.1700,5.1900,729050,3777383.5000,3
2021-07-07,20210707150000000,sz.002533,5.1900,5.2100,5.1800,5.2000,636200,3307860.0000,3
2021-07-08,20210708103000000,sz.002533,5.1500,5.2000,5.1100,5.1400,1775700,9149545.0000,3
2021-07-08,20210708113000000,sz.002533,5.1400,5.1600,5.1200,5.1300,496031,2547000.3400,3
2021-07-08,20210708140000000,sz.002533,5.1300,5.1500,5.1100,5.1100,833300,4266787.0000,3
2021-07-08,20210708150000000,sz.002533,5.1100,5.1500,5.1100,5.1400,511805,2625297.6500,3
2021-07-09,20210709103000000,sz.002533,5.1100,5.2100,5.1100,5.1900,1564920,8097254.0400,3
2021-07-09,20210709113000000,sz.002533,5.1900,5.2100,5.1500,5.1800,837713,4337792.2100,3
2021-07-09,20210709140000000,sz.002533,5.1800,5.2100,5.1800,5.2000,1008700,5242835.0000,3
2021-07-09,20210709150000000,sz.002533,5.2100,5.3100,5.2000,5.2500,3141940,16514924.4000,3
2021-07-12,20210712103000000,sz.002533,5.2500,5.3300,5.2400,5.3000,3290628,17415518.5600,3
2021-07-12,20210712113000000,sz.002533,5.3000,5.4100,5.2900,5.4100,3488240,18678147.2700,3
2021-07-12,20210712140000000,sz.002533,5.4400,5.7600,5.4100,5.4500,8741001,48200558.6900,3
2021-07-12,20210712150000000,sz.002533,5.4500,5.4900,5.4400,5.4600,2688993,14707856.9400,3
2021-07-13,20210713103000000,sz.002533,5.5200,5.6300,5.4200,5.6100,9305384,51552695.1600,3
2021-07-13,20210713113000000,sz.002533,5.6000,5.6100,5.5300,5.5700,2082700,11612221.0000,3
2021-07-13,20210713140000000,sz.002533,5.5800,5.6000,5.5100,5.6000,1928000,10692614.0000,3
2021-07-13,20210713150000000,sz.002533,5.5900,5.7000,5.5700,5.6500,5355813,30226401.2500,3
2021-07-14,20210714103000000,sz.002533,5.7800,5.9700,5.6200,5.6800,16759020,96694466.1900,3
2021-07-14,20210714113000000,sz.002533,5.6800,5.7000,5.6200,5.6900,2823080,15936438.2000,3
2021-07-14,20210714140000000,sz.002533,5.6900,5.9000,5.6200,5.8100,7570910,43833338.6800,3
2021-07-14,20210714150000000,sz.002533,5.8200,5.8200,5.6900,5.7200,3234900,18590860.0000,3
2021-07-15,20210715103000000,sz.002533,5.7800,5.9300,5.7500,5.8100,10472991,61207557.8000,3
2021-07-15,20210715113000000,sz.002533,5.8100,5.8300,5.7600,5.7700,2404327,13916625.4400,3
2021-07-15,20210715140000000,sz.002533,5.7800,5.8000,5.7300,5.7800,2473400,14257797.0000,3
2021-07-15,20210715150000000,sz.002533,5.7700,5.8200,5.7200,5.7500,3937200,22731911.0000,3
2021-07-16,20210716103000000,sz.002533,5.7400,5.9300,5.7400,5.9200,11439234,67321177.0600,3
2021-07-16,20210716113000000,sz.002533,5.9200,6.1000,5.9000,6.0200,10394343,62490826.1200,3
2021-07-16,20210716140000000,sz.002533,6.0400,6.2200,6.0300,6.1400,10763861,66119168.5400,3
2021-07-16,20210716150000000,sz.002533,6.1400,6.2800,6.1200,6.1500,7209920,44550299.0000,3
2021-07-19,20210719103000000,sz.002533,6.2100,6.7500,6.1900,6.7400,29484372,189959484.9300,3
2021-07-19,20210719113000000,sz.002533,6.7400,6.7500,6.4500,6.5200,6440759,42417479.4800,3
2021-07-19,20210719140000000,sz.002533,6.5200,6.5200,6.3700,6.4100,6344525,40786985.0000,3
2021-07-19,20210719150000000,sz.002533,6.4000,6.4500,6.3600,6.4000,4733388,30293088.1500,3
2021-07-20,20210720103000000,sz.002533,6.3000,6.4900,6.1900,6.3900,16425345,103964739.3300,3
2021-07-20,20210720113000000,sz.002533,6.3900,6.5800,6.3500,6.5100,7193949,46561732.4800,3
2021-07-20,20210720140000000,sz.002533,6.5100,6.7700,6.5100,6.6900,10077082,67241898.5600,3
2021-07-20,20210720150000000,sz.002533,6.6800,6.9900,6.6800,6.8700,14818020,101934915.8600,3
2021-07-21,20210721103000000,sz.002533,6.8500,6.9000,6.7000,6.8300,17397092,118543336.9400,3
2021-07-21,20210721113000000,sz.002533,6.8300,6.9800,6.7800,6.9100,6993462,48239484.4100,3
2021-07-21,20210721140000000,sz.002533,6.9300,6.9400,6.8500,6.8800,4149613,28594659.2400,3
2021-07-21,20210721150000000,sz.002533,6.8800,6.8900,6.8100,6.8500,6704453,45903162.2900,3
2021-07-22,20210722103000000,sz.002533,6.8700,7.4500,6.8700,7.4100,26092797,189269808.6900,3
2021-07-22,20210722113000000,sz.002533,7.4100,7.5400,7.3500,7.5100,11923224,89200445.9400,3
2021-07-22,20210722140000000,sz.002533,7.5100,7.5200,7.4100,7.4900,3593665,26848130.4500,3
2021-07-22,20210722150000000,sz.002533,7.5000,7.5000,7.3500,7.4800,6742000,50184607.8200,3
2021-07-23,20210723103000000,sz.002533,7.5200,7.9700,7.5000,7.8200,29506402,228401488.8800,3
2021-07-23,20210723113000000,sz.002533,7.8200,8.2100,7.7900,7.9000,14440258,115138855.1700,3
2021-07-23,20210723140000000,sz.002533,7.9200,7.9300,7.8000,7.8300,3978720,31265758.0000,3
2021-07-23,20210723150000000,sz.002533,7.8400,7.8600,7.7400,7.8500,5790048,45179378.9300,3
2021-07-26,20210726103000000,sz.002533,7.9900,8.0000,7.7100,7.8800,14625600,115001252.3200,3
2021-07-26,20210726113000000,sz.002533,7.8800,8.1900,7.8500,7.9800,10277544,82244508.8000,3
2021-07-26,20210726140000000,sz.002533,7.9800,8.0400,7.8500,8.0000,5376791,42658184.1800,3
2021-07-26,20210726150000000,sz.002533,7.9900,8.0300,7.8800,7.9900,6561152,52216277.0700,3
2021-07-27,20210727103000000,sz.002533,7.9900,7.9900,7.3000,7.4000,26240676,199234053.3400,3
2021-07-27,20210727113000000,sz.002533,7.3900,7.5500,7.2800,7.4500,7980824,59432539.4800,3
2021-07-27,20210727140000000,sz.002533,7.4400,7.5200,7.3000,7.3600,7345558,54460043.8800,3
2021-07-27,20210727150000000,sz.002533,7.3600,7.3800,7.1900,7.1900,10642703,77167363.2300,3
2021-07-28,20210728103000000,sz.002533,7.0000,7.3100,6.5900,7.2000,25788661,180456223.7500,3
2021-07-28,20210728113000000,sz.002533,7.2000,7.2800,7.1000,7.1800,5232200,37604123.0000,3
2021-07-28,20210728140000000,sz.002533,7.1800,7.4100,7.1500,7.4000,7618400,55449602.0700,3
2021-07-28,20210728150000000,sz.002533,7.4000,7.4200,7.1400,7.2600,7700357,56295939.2400,3
2021-07-29,20210729103000000,sz.002533,7.3900,7.9000,7.2900,7.5800,20008019,153020980.1500,3
2021-07-29,20210729113000000,sz.002533,7.5900,7.7200,7.5000,7.7000,4104934,31217486.1200,3
2021-07-29,20210729140000000,sz.002533,7.7000,7.8500,7.6600,7.7700,7430419,57760878.0800,3
2021-07-29,20210729150000000,sz.002533,7.7700,7.8900,7.6800,7.8900,9531665,74327654.2400,3
2021-07-30,20210730103000000,sz.002533,8.6700,8.6800,8.3100,8.6800,43235029,372414728.0300,3
2021-07-30,20210730113000000,sz.002533,8.6800,8.6800,8.6800,8.6800,824920,7160305.6000,3
2021-07-30,20210730140000000,sz.002533,8.6800,8.6800,8.6800,8.6800,1670660,14501328.8000,3
2021-07-30,20210730150000000,sz.002533,8.6800,8.6800,8.6800,8.6800,1106308,9602753.4400,3
2021-08-02,20210802103000000,sz.002533,8.8800,9.2400,8.8500,8.9500,43602569,394549032.9500,3
2021-08-02,20210802113000000,sz.002533,8.9600,9.0100,8.6300,8.6600,14656400,128808124.3700,3
2021-08-02,20210802140000000,sz.002533,8.6600,8.6600,8.3500,8.3500,13443920,114302608.8000,3
2021-08-02,20210802150000000,sz.002533,8.3600,8.6000,8.2800,8.4100,12750317,107049618.6800,3
2021-08-03,20210803103000000,sz.002533,8.4200,8.6700,8.1100,8.1400,24795480,208770876.5500,3
2021-08-03,20210803113000000,sz.002533,8.1400,8.4000,8.0800,8.2600,5921821,48973897.7800,3
2021-08-03,20210803140000000,sz.002533,8.2600,8.2800,8.0500,8.0900,9040760,73627063.2000,3
2021-08-03,20210803150000000,sz.002533,8.0800,8.1400,7.9800,8.0200,7825172,62791956.7600,3
2021-08-04,20210804103000000,sz.002533,7.9300,8.8200,7.9200,8.8200,25915254,219875982.8600,3
2021-08-04,20210804113000000,sz.002533,8.8200,8.8200,8.8200,8.8200,1433900,12646998.0000,3
2021-08-04,20210804140000000,sz.002533,8.8200,8.8200,8.6500,8.6800,20219972,177418267.4000,3
2021-08-04,20210804150000000,sz.002533,8.6800,8.8200,8.6600,8.7100,12476224,109030160.6100,3
2021-08-05,20210805103000000,sz.002533,8.5200,8.8800,8.4900,8.6000,22781456,196330897.9200,3
2021-08-05,20210805113000000,sz.002533,8.5900,8.7500,8.5600,8.7300,7264117,62966978.7300,3
2021-08-05,20210805140000000,sz.002533,8.7300,9.1500,8.6900,8.9900,14612250,131284765.3900,3
2021-08-05,20210805150000000,sz.002533,9.0100,9.1200,8.9100,9.0000,11761867,106287632.9800,3
2021-08-06,20210806103000000,sz.002533,8.9100,9.5800,8.9000,9.5400,21845444,200877518.0000,3
2021-08-06,20210806113000000,sz.002533,9.5300,9.8900,9.4200,9.6300,14360254,138219362.0000,3
2021-08-06,20210806140000000,sz.002533,9.6300,9.7900,9.4000,9.7200,7955865,76547648.0000,3
2021-08-06,20210806150000000,sz.002533,9.7200,9.9000,9.6700,9.9000,13361921,131135104.0000,3
2021-08-09,20210809103000000,sz.002533,10.2100,10.3900,9.6000,9.8000,32295036,324487136.0000,3
2021-08-09,20210809113000000,sz.002533,9.8000,9.9000,9.5500,9.6100,9844132,95681488.0000,3
2021-08-09,20210809140000000,sz.002533,9.6100,9.8900,9.4500,9.8800,9573839,92037648.0000,3
2021-08-09,20210809150000000,sz.002533,9.8800,9.8800,9.5400,9.5400,10224450,98151392.0000,3
2021-08-10,20210810103000000,sz.002533,9.7100,10.0100,9.4300,9.8000,20497126,199766214.0000,3
2021-08-10,20210810113000000,sz.002533,9.8100,9.8100,9.5000,9.6500,6020100,57795297.0000,3
2021-08-10,20210810140000000,sz.002533,9.6500,9.8600,9.5500,9.5700,6990235,67956425.0000,3
2021-08-10,20210810150000000,sz.002533,9.5700,9.7200,9.4500,9.6900,9705798,93176576.0000,3
2021-08-11,20210811103000000,sz.002533,9.6000,9.7400,9.0100,9.0500,23115074,216029800.0000,3
2021-08-11,20210811113000000,sz.002533,9.0500,9.4200,9.0500,9.3900,9225794,85057080.0000,3
2021-08-11,20210811140000000,sz.002533,9.3800,9.5400,9.3300,9.5200,5304304,50104176.0000,3
2021-08-11,20210811150000000,sz.002533,9.5200,9.5300,9.4100,9.4400,6725280,63615488.0000,3
2021-08-12,20210812103000000,sz.002533,9.4400,9.4800,9.0900,9.3800,11074873,102885665.0000,3
2021-08-12,20210812113000000,sz.002533,9.3700,9.8400,9.2900,9.7500,12707500,122218379.0000,3
2021-08-12,20210812140000000,sz.002533,9.7500,10.1500,9.7200,10.0800,15568796,154513364.0000,3
2021-08-12,20210812150000000,sz.002533,10.0900,10.3800,10.0900,10.1900,15927556,163501504.0000,3
2021-08-13,20210813103000000,sz.002533,10.0900,10.7000,9.8100,10.1100,23584736,241029937.0000,3
2021-08-13,20210813113000000,sz.002533,10.1000,10.1000,9.6800,9.7000,13353186,131970767.0000,3
2021-08-13,20210813140000000,sz.002533,9.7000,9.9500,9.7000,9.7900,4968026,48797264.0000,3
2021-08-13,20210813150000000,sz.002533,9.7900,9.8700,9.5100,9.7200,11729340,113371728.0000,3
2021-08-16,20210816103000000,sz.002533,9.6800,10.2000,9.6100,10.0200,26885653,266113119.0000,3
2021-08-16,20210816113000000,sz.002533,10.0100,10.1000,9.9200,10.0600,7947190,79599169.0000,3
2021-08-16,20210816140000000,sz.002533,10.0600,10.1200,9.9900,10.1200,5377582,54021136.0000,3
2021-08-16,20210816150000000,sz.002533,10.1200,10.1200,9.9400,10.0200,11309800,113264192.0000,3
2021-08-17,20210817103000000,sz.002533,9.9100,9.9700,9.3300,9.4800,20794743,200105614.0000,3
2021-08-17,20210817113000000,sz.002533,9.4900,9.8500,9.4100,9.7300,8418373,81136642.0000,3
2021-08-17,20210817140000000,sz.002533,9.7200,9.7200,9.3800,9.4100,6597863,62704656.0000,3
2021-08-17,20210817150000000,sz.002533,9.4000,9.5000,9.2100,9.2600,10368990,96617680.0000,3
2021-08-18,20210818103000000,sz.002533,9.4300,9.6800,9.3900,9.5500,15420811,146561927.0000,3
2021-08-18,20210818113000000,sz.002533,9.5500,9.5900,9.3100,9.3200,6623900,62713335.0000,3
2021-08-18,20210818140000000,sz.002533,9.3300,9.4000,9.1200,9.2600,9609451,88622946.0000,3
2021-08-18,20210818150000000,sz.002533,9.2600,9.4200,9.2500,9.3300,6101800,56913504.0000,3
2021-08-19,20210819103000000,sz.002533,9.3200,9.3600,9.0700,9.1800,11933860,109816683.0000,3
2021-08-19,20210819113000000,sz.002533,9.1800,9.4500,9.1500,9.3200,6150000,57328905.0000,3
2021-08-19,20210819140000000,sz.002533,9.3200,9.5600,9.3200,9.4700,5747110,54396705.0000,3
2021-08-19,20210819150000000,sz.002533,9.4500,9.5200,9.2700,9.2700,6424700,60319227.0000,3
2021-08-20,20210820103000000,sz.002533,9.4700,9.4800,9.0300,9.1000,8581400,78608873.0000,3
2021-08-20,20210820113000000,sz.002533,9.1000,9.3600,9.0200,9.2600,7469900,68290633.0000,3
2021-08-20,20210820140000000,sz.002533,9.2600,9.2600,9.0800,9.1800,5291520,48378208.0000,3
2021-08-20,20210820150000000,sz.002533,9.1700,9.3700,9.1700,9.2600,9060200,83982174.0000,3
2021-08-23,20210823103000000,sz.002533,9.3200,9.4800,9.1000,9.2100,9058280,84019762.0000,3
2021-08-23,20210823113000000,sz.002533,9.2100,9.4800,9.2100,9.4700,5478802,51366649.0000,3
2021-08-23,20210823140000000,sz.002533,9.4600,9.5800,9.3400,9.3600,5390000,51064173.0000,3
2021-08-23,20210823150000000,sz.002533,9.3600,9.4200,9.3100,9.3100,6301401,58867890.0000,3
2021-08-24,20210824103000000,sz.002533,9.3900,9.5900,9.3700,9.5400,9722341,91945420.0000,3
2021-08-24,20210824113000000,sz.002533,9.5400,9.6500,9.4000,9.4300,7017720,66988009.0000,3
2021-08-24,20210824140000000,sz.002533,9.4500,9.5400,9.4300,9.4400,3807000,36097980.0000,3
2021-08-24,20210824150000000,sz.002533,9.4400,9.5500,9.3300,9.5500,9348702,88442815.0000,3
2021-08-25,20210825103000000,sz.002533,9.6400,9.6400,9.0500,9.2100,17819377,165013595.0000,3
2021-08-25,20210825113000000,sz.002533,9.2100,9.3200,9.1300,9.3100,4035300,37149536.0000,3
2021-08-25,20210825140000000,sz.002533,9.3100,9.5200,9.1600,9.2000,6365700,59485509.0000,3
2021-08-25,20210825150000000,sz.002533,9.2100,9.3900,9.2100,9.3600,3891273,36247440.0000,3
2021-08-26,20210826103000000,sz.002533,9.2700,9.4300,9.1300,9.1600,8938500,83026193.0000,3
2021-08-26,20210826113000000,sz.002533,9.1600,9.3100,9.1500,9.2100,2798100,25816507.0000,3
2021-08-26,20210826140000000,sz.002533,9.2300,9.3400,9.1900,9.2100,2417229,22357841.0000,3
2021-08-26,20210826150000000,sz.002533,9.2100,9.2700,9.1100,9.1200,6318793,57987279.0000,3
2021-08-27,20210827103000000,sz.002533,9.1400,9.2700,8.8000,9.0900,15616000,140248235.0000,3
2021-08-27,20210827113000000,sz.002533,9.0900,9.1100,8.8400,8.8900,5470737,48798184.0000,3
2021-08-27,20210827140000000,sz.002533,8.8900,9.4000,8.8900,9.3700,12813549,118269229.0000,3
2021-08-27,20210827150000000,sz.002533,9.3800,9.6400,9.3600,9.5500,13258229,126183872.0000,3
2021-08-30,20210830103000000,sz.002533,9.4800,9.5700,9.2400,9.2600,10030820,93912598.0000,3
2021-08-30,20210830113000000,sz.002533,9.2700,9.3100,9.2000,9.2300,4802620,44386743.0000,3
2021-08-30,20210830140000000,sz.002533,9.2500,9.3200,9.0800,9.1000,5957700,54650939.0000,3
2021-08-30,20210830150000000,sz.002533,9.1000,9.1900,9.1000,9.1700,4004647,36656952.0000,3
2021-08-31,20210831103000000,sz.002533,9.0500,9.2000,8.9700,9.0900,6218600,56470579.0000,3
2021-08-31,20210831113000000,sz.002533,9.0900,9.1200,8.9800,8.9900,4522343,40826107.0000,3
2021-08-31,20210831140000000,sz.002533,8.9900,9.3600,8.9800,9.2200,6993000,64496885.0000,3
2021-08-31,20210831150000000,sz.002533,9.2100,9.2300,9.1200,9.1600,3327777,30472048.0000,3
2021-09-01,20210901103000000,sz.002533,9.1000,9.2900,8.8100,8.8600,10573206,94829668.0000,3
2021-09-01,20210901113000000,sz.002533,8.8700,8.8800,8.5000,8.5400,8222800,71280457.0000,3
2021-09-01,20210901140000000,sz.002533,8.5400,8.6600,8.3800,8.4400,9290101,78815739.0000,3
2021-09-01,20210901150000000,sz.002533,8.4500,8.6100,8.4200,8.5100,4853300,41430632.0000,3
2021-09-02,20210902103000000,sz.002533,8.4500,9.1400,8.4400,9.0800,18057800,160324395.0000,3
2021-09-02,20210902113000000,sz.002533,9.0600,9.1800,9.0100,9.1800,9276941,84431530.0000,3
2021-09-02,20210902140000000,sz.002533,9.1800,9.3600,9.1800,9.3600,14721717,137258763.0000,3
2021-09-02,20210902150000000,sz.002533,9.3600,9.3600,9.3600,9.3600,656200,6142032.0000,3
2021-09-03,20210903103000000,sz.002533,9.4500,10.1800,9.4000,10.0800,30976666,304065472.0000,3
2021-09-03,20210903113000000,sz.002533,10.0900,10.0900,9.5300,9.6400,10568260,102940224.0000,3
2021-09-03,20210903140000000,sz.002533,9.6600,9.6800,9.4600,9.5700,7569740,72470624.0000,3
2021-09-03,20210903150000000,sz.002533,9.5600,9.6000,9.4300,9.6000,5627221,53478016.0000,3
2021-09-06,20210906103000000,sz.002533,9.3900,9.4800,8.7500,8.8100,27795020,250964879.0000,3
2021-09-06,20210906113000000,sz.002533,8.8100,8.9000,8.7200,8.7600,7293680,64203473.0000,3
2021-09-06,20210906140000000,sz.002533,8.7600,8.8300,8.6400,8.6400,9646000,83775424.0000,3
2021-09-06,20210906150000000,sz.002533,8.6500,8.6700,8.6400,8.6500,7361020,63627008.0000,3
2021-09-07,20210907103000000,sz.002533,8.6300,8.9200,8.5200,8.7300,15176296,132001879.0000,3
2021-09-07,20210907113000000,sz.002533,8.7300,9.3000,8.7100,9.2800,14698700,131930014.0000,3
2021-09-07,20210907140000000,sz.002533,9.2700,9.3400,9.1000,9.1800,12922500,118893067.0000,3
2021-09-07,20210907150000000,sz.002533,9.1800,9.1800,9.0400,9.1000,9324800,84795184.0000,3
2021-09-08,20210908103000000,sz.002533,9.2900,9.3000,8.7200,8.8400,15470200,137923035.0000,3
2021-09-08,20210908113000000,sz.002533,8.8300,8.8700,8.7600,8.8200,6422000,56539415.0000,3
2021-09-08,20210908140000000,sz.002533,8.8200,8.9000,8.7200,8.8200,7266724,63884879.0000,3
2021-09-08,20210908150000000,sz.002533,8.8200,8.8600,8.7800,8.8000,6302400,55550943.0000,3
2021-09-09,20210909103000000,sz.002533,8.8200,8.9000,8.6500,8.6800,7840901,68518162.0000,3
2021-09-09,20210909113000000,sz.002533,8.6900,8.7600,8.6300,8.7400,3300400,28658793.0000,3
2021-09-09,20210909140000000,sz.002533,8.7200,8.7400,8.6000,8.6400,4449900,38458232.0000,3
2021-09-09,20210909150000000,sz.002533,8.6400,8.6800,8.5800,8.6100,4968220,42820051.0000,3
2021-09-10,20210910103000000,sz.002533,8.5100,8.7800,8.4800,8.5700,10399900,90101327.0000,3
2021-09-10,20210910113000000,sz.002533,8.5700,8.6800,8.4500,8.6700,4912000,41857381.0000,3
2021-09-10,20210910140000000,sz.002533,8.6800,8.7000,8.5600,8.5800,2297813,19792513.0000,3
2021-09-10,20210910150000000,sz.002533,8.5800,8.5800,8.4800,8.5000,4485700,38234561.0000,3
2021-09-13,20210913103000000,sz.002533,8.5500,8.8500,8.5100,8.5800,11597400,100715303.0000,3
2021-09-13,20210913113000000,sz.002533,8.5800,8.5800,8.3800,8.4100,5221540,44122407.0000,3
2021-09-13,20210913140000000,sz.002533,8.4100,8.4500,8.3000,8.3500,5257900,43960722.0000,3
2021-09-13,20210913150000000,sz.002533,8.3500,8.4000,8.3200,8.3600,3996100,33373897.0000,3
2021-09-14,20210914103000000,sz.002533,8.4000,8.4800,8.2500,8.4500,7876904,65946677.0000,3
2021-09-14,20210914113000000,sz.002533,8.4700,8.5900,8.4400,8.4900,4478700,38112824.0000,3
2021-09-14,20210914140000000,sz.002533,8.4800,8.5600,8.4200,8.5200,4191620,35605815.0000,3
2021-09-14,20210914150000000,sz.002533,8.5100,8.5400,8.4400,8.4400,3651422,30985027.0000,3
2021-09-15,20210915103000000,sz.002533,8.4300,8.6500,8.2500,8.5000,9871660,83440124.0000,3
2021-09-15,20210915113000000,sz.002533,8.5000,8.6000,8.4700,8.5900,3443864,29403593.0000,3
2021-09-15,20210915140000000,sz.002533,8.5900,8.5900,8.4800,8.5200,1789800,15257432.0000,3
2021-09-15,20210915150000000,sz.002533,8.5200,8.5700,8.4800,8.5400,3338080,28487548.0000,3
2021-09-16,20210916103000000,sz.002533,8.5000,8.6400,8.3300,8.3400,13437400,113514676.0000,3
2021-09-16,20210916113000000,sz.002533,8.3500,8.3600,8.0800,8.1100,11086877,91262355.0000,3
2021-09-16,20210916140000000,sz.002533,8.1100,8.2200,8.0400,8.0700,5237200,42478314.0000,3
2021-09-16,20210916150000000,sz.002533,8.0700,8.1600,8.0500,8.0900,3008700,24382751.0000,3
2021-09-17,20210917103000000,sz.002533,8.0900,8.4100,8.0700,8.2800,11249971,93211193.0000,3
2021-09-17,20210917113000000,sz.002533,8.2800,8.3300,8.1400,8.1500,4317220,35466419.0000,3
2021-09-17,20210917140000000,sz.002533,8.1400,8.1400,7.9700,8.1000,5022005,40364636.0000,3
2021-09-17,20210917150000000,sz.002533,8.1000,8.1600,8.0200,8.1200,4261706,34572779.0000,3
2021-09-22,20210922103000000,sz.002533,8.0400,8.3200,8.0000,8.2100,9369900,76543799.0000,3
2021-09-22,20210922113000000,sz.002533,8.2200,8.2600,8.1600,8.2300,2751413,22564920.0000,3
2021-09-22,20210922140000000,sz.002533,8.2300,8.2800,8.1600,8.1700,3747500,30793182.0000,3
2021-09-22,20210922150000000,sz.002533,8.1600,8.2200,8.0700,8.1500,6695887,54488169.0000,3
2021-09-23,20210923103000000,sz.002533,8.1500,8.4600,8.1100,8.1500,10076800,83571367.0000,3
2021-09-23,20210923113000000,sz.002533,8.1500,8.2000,8.1200,8.1400,2377593,19382700.0000,3
2021-09-23,20210923140000000,sz.002533,8.1600,8.2500,8.1200,8.2400,2542200,20796296.0000,3
2021-09-23,20210923150000000,sz.002533,8.2400,8.2700,8.1900,8.2300,5707597,47005650.0000,3
2021-09-24,20210924103000000,sz.002533,8.1700,8.2300,7.9300,7.9500,8233500,65908664.0000,3
2021-09-24,20210924113000000,sz.002533,7.9500,8.0700,7.9300,8.0000,2127900,17008699.0000,3
2021-09-24,20210924140000000,sz.002533,8.0000,8.0000,7.9200,7.9400,1871600,14885556.0000,3
2021-09-24,20210924150000000,sz.002533,7.9300,7.9600,7.8300,7.9100,5955000,46988744.0000,3
2021-09-27,20210927103000000,sz.002533,7.8500,7.9300,7.5200,7.5900,9277113,71110116.0000,3
2021-09-27,20210927113000000,sz.002533,7.5900,7.7100,7.1300,7.1400,9801000,72708134.0000,3
2021-09-27,20210927140000000,sz.002533,7.1300,7.5800,7.1200,7.5400,11925900,87011242.0000,3
2021-09-27,20210927150000000,sz.002533,7.5400,7.5800,7.4900,7.5200,2392160,18013299.0000,3
2021-09-28,20210928103000000,sz.002533,7.4000,7.8300,7.3800,7.7900,10969723,84037420.0000,3
2021-09-28,20210928113000000,sz.002533,7.7800,7.9200,7.7000,7.8700,5128520,40135461.0000,3
2021-09-28,20210928140000000,sz.002533,7.8700,8.0300,7.8000,7.9600,6056147,47969351.0000,3
2021-09-28,20210928150000000,sz.002533,7.9600,7.9700,7.8400,7.8900,5194543,41021049.0000,3
2021-09-29,20210929103000000,sz.002533,7.8900,7.9000,7.6300,7.7200,7920800,61482422.0000,3
2021-09-29,20210929113000000,sz.002533,7.7200,7.7300,7.5300,7.5700,3506900,26654402.0000,3
2021-09-29,20210929140000000,sz.002533,7.5800,7.6600,7.5500,7.5800,2694900,20477531.0000,3
2021-09-29,20210929150000000,sz.002533,7.5700,7.6400,7.5200,7.5600,2774000,21014355.0000,3
2021-09-30,20210930103000000,sz.002533,7.5600,7.6700,7.5100,7.6000,4318300,32800667.0000,3
2021-09-30,20210930113000000,sz.002533,7.6000,7.7700,7.5900,7.7400,4088003,31399015.0000,3
2021-09-30,20210930140000000,sz.002533,7.7400,7.9300,7.7100,7.8600,3575902,28020095.0000,3
2021-09-30,20210930150000000,sz.002533,7.8600,7.8800,7.7700,7.8200,2574060,20175502.0000,3
2021-10-08,20211008103000000,sz.002533,7.9500,8.3300,7.8300,7.9000,11603800,93293281.0000,3
2021-10-08,20211008113000000,sz.002533,7.9100,7.9300,7.6500,7.6800,4097700,31750425.0000,3
2021-10-08,20211008140000000,sz.002533,7.6900,7.7200,7.6600,7.6600,2214500,17016127.0000,3
2021-10-08,20211008150000000,sz.002533,7.6600,7.7100,7.5500,7.6900,3418500,26105298.0000,3
2021-10-11,20211011103000000,sz.002533,7.7300,7.7300,7.3800,7.4700,6452300,48402012.0000,3
2021-10-11,20211011113000000,sz.002533,7.4800,7.5000,7.4200,7.4600,1964500,14639581.0000,3
2021-10-11,20211011140000000,sz.002533,7.4500,7.5100,7.4000,7.4200,1592300,11867898.0000,3
2021-10-11,20211011150000000,sz.002533,7.4200,7.4700,7.3700,7.4700,3291300,24446348.0000,3
2021-10-12,20211012103000000,sz.002533,7.4900,7.5000,7.2200,7.2800,6327301,46361533.0000,3
2021-10-12,20211012113000000,sz.002533,7.2800,7.2800,7.1600,7.1900,2477900,17882363.0000,3
2021-10-12,20211012140000000,sz.002533,7.1900,7.1900,7.0500,7.1100,3371500,23966984.0000,3
2021-10-12,20211012150000000,sz.002533,7.1100,7.1700,7.0800,7.1700,2417417,17218614.0000,3
2021-10-13,20211013103000000,sz.002533,7.1800,7.2000,7.0100,7.0700,4925600,34854756.0000,3
2021-10-13,20211013113000000,sz.002533,7.0700,7.1100,7.0300,7.0900,1319640,9326970.0000,3
2021-10-13,20211013140000000,sz.002533,7.0900,7.1300,7.0500,7.0900,1401400,9949351.0000,3
2021-10-13,20211013150000000,sz.002533,7.0900,7.1600,7.0900,7.1600,1871100,13351094.0000,3
2021-10-14,20211014103000000,sz.002533,7.1100,7.3300,7.0800,7.2800,4824040,34794267.0000,3
2021-10-14,20211014113000000,sz.002533,7.2800,7.5200,7.2700,7.4800,3762100,27892060.0000,3
2021-10-14,20211014140000000,sz.002533,7.4800,7.5500,7.4300,7.4900,2652401,19851090.0000,3
2021-10-14,20211014150000000,sz.002533,7.4900,7.6600,7.4800,7.6200,6804500,51691711.0000,3
2021-10-15,20211015103000000,sz.002533,7.5100,7.5600,7.2900,7.3100,6956700,51381559.0000,3
2021-10-15,20211015113000000,sz.002533,7.3100,7.3900,7.2800,7.3000,2167500,15866588.0000,3
2021-10-15,20211015140000000,sz.002533,7.3100,7.4200,7.2700,7.4200,1994500,14664890.0000,3
2021-10-15,20211015150000000,sz.002533,7.4200,7.4900,7.3600,7.3800,2834340,20992238.0000,3
2021-10-18,20211018103000000,sz.002533,7.4600,7.8200,7.4000,7.7800,11409300,87595434.0000,3
2021-10-18,20211018113000000,sz.002533,7.7800,7.9600,7.7700,7.9100,5895200,46332360.0000,3
2021-10-18,20211018140000000,sz.002533,7.9100,8.1200,7.8900,8.1200,7601241,61417179.0000,3
2021-10-18,20211018150000000,sz.002533,8.1200,8.1200,8.1200,8.1200,757300,6149276.0000,3
2021-10-19,20211019103000000,sz.002533,8.2400,8.3000,7.9300,8.1700,20666800,168148302.0000,3
2021-10-19,20211019113000000,sz.002533,8.1600,8.2400,8.0700,8.0900,5179341,42216297.0000,3
2021-10-19,20211019140000000,sz.002533,8.1000,8.1100,8.0400,8.0400,4226800,34106029.0000,3
2021-10-19,20211019150000000,sz.002533,8.0500,8.1000,8.0300,8.0500,4915880,39571772.0000,3
2021-10-20,20211020103000000,sz.002533,8.0800,8.1100,7.9000,7.9900,9688800,77319709.0000,3
2021-10-20,20211020113000000,sz.002533,7.9900,8.0700,7.9200,8.0100,3503300,27976749.0000,3
2021-10-20,20211020140000000,sz.002533,8.0200,8.1200,8.0000,8.0000,3893900,31339329.0000,3
2021-10-20,20211020150000000,sz.002533,8.0000,8.0500,7.9800,8.0400,3911800,31346498.0000,3
2021-10-21,20211021103000000,sz.002533,8.0800,8.0800,7.7700,7.9100,8753700,68899154.0000,3
2021-10-21,20211021113000000,sz.002533,7.9200,7.9500,7.8500,7.9200,2462700,19455419.0000,3
2021-10-21,20211021140000000,sz.002533,7.9200,7.9500,7.8600,7.8700,2045300,16158075.0000,3
2021-10-21,20211021150000000,sz.002533,7.8700,7.9000,7.8400,7.8700,2501700,19697083.0000,3
2021-10-22,20211022103000000,sz.002533,7.8500,7.9000,7.6800,7.6800,6668300,51589043.0000,3
2021-10-22,20211022113000000,sz.002533,7.6800,7.7000,7.5500,7.6400,4747000,36250551.0000,3
2021-10-22,20211022140000000,sz.002533,7.6300,7.6500,7.5300,7.5800,2742900,20774542.0000,3
2021-10-22,20211022150000000,sz.002533,7.5800,7.5900,7.5400,7.5500,2536900,19181172.0000,3
2021-10-25,20211025103000000,sz.002533,7.5900,7.8800,7.5200,7.8600,7326900,56351546.0000,3
2021-10-25,20211025113000000,sz.002533,7.8700,7.9200,7.8100,7.9000,3380435,26611301.0000,3
2021-10-25,20211025140000000,sz.002533,7.9000,7.9100,7.6500,7.6700,5821900,45136701.0000,3
2021-10-25,20211025150000000,sz.002533,7.6600,7.7500,7.6600,7.7400,3008000,23209723.0000,3
2021-10-26,20211026103000000,sz.002533,8.1100,8.5100,8.1000,8.5100,14671340,123243958.0000,3
2021-10-26,20211026113000000,sz.002533,8.5100,8.5100,8.5100,8.5100,922100,7847071.0000,3
2021-10-26,20211026140000000,sz.002533,8.5100,8.5100,8.5100,8.5100,637300,5423423.0000,3
2021-10-26,20211026150000000,sz.002533,8.5100,8.5100,8.5100,8.5100,895300,7619003.0000,3
2021-10-27,20211027103000000,sz.002533,8.7900,8.9400,8.4600,8.6700,51511246,448282704.0000,3
2021-10-27,20211027113000000,sz.002533,8.6600,8.7800,8.6100,8.7000,8021762,69719968.0000,3
2021-10-27,20211027140000000,sz.002533,8.7200,8.7600,8.6300,8.6400,6499912,56418400.0000,3
2021-10-27,20211027150000000,sz.002533,8.6400,8.7600,8.6300,8.7300,10665726,92819872.0000,3
2021-10-28,20211028103000000,sz.002533,8.6100,8.8600,8.4300,8.5100,22158036,191001632.0000,3
2021-10-28,20211028113000000,sz.002533,8.5100,8.7400,8.3900,8.6500,9186068,78444976.0000,3
2021-10-28,20211028140000000,sz.002533,8.6400,8.7100,8.5500,8.6400,4249241,36695920.0000,3
2021-10-28,20211028150000000,sz.002533,8.6400,8.6500,8.5000,8.5400,5478400,46873616.0000,3
2021-10-29,20211029103000000,sz.002533,8.5300,9.1900,8.5300,8.7900,28866245,255450731.0000,3
2021-10-29,20211029113000000,sz.002533,8.7900,8.8100,8.6700,8.7300,4230500,36958277.0000,3
2021-10-29,20211029140000000,sz.002533,8.7300,8.9000,8.7100,8.8300,5134759,45172784.0000,3
2021-10-29,20211029150000000,sz.002533,8.8300,8.8800,8.7700,8.8300,7442531,65681792.0000,3
2021-11-01,20211101103000000,sz.002533,8.8300,9.1800,8.8200,9.0800,24645755,223170761.0000,3
2021-11-01,20211101113000000,sz.002533,9.0800,9.2000,9.0800,9.1800,6838560,62570583.0000,3
2021-11-01,20211101140000000,sz.002533,9.1700,9.2400,9.0000,9.0300,7198117,65544000.0000,3
2021-11-01,20211101150000000,sz.002533,9.0300,9.0800,8.9500,8.9900,6265710,56414336.0000,3
2021-11-02,20211102103000000,sz.002533,8.9900,9.0500,8.8000,8.8700,14379862,128039296.0000,3
2021-11-02,20211102113000000,sz.002533,8.8700,8.8800,8.7500,8.8400,5047811,44483805.0000,3
2021-11-02,20211102140000000,sz.002533,8.8400,8.8400,8.5800,8.6200,7304300,63416188.0000,3
2021-11-02,20211102150000000,sz.002533,8.6200,8.7500,8.5800,8.6900,5374742,46635607.0000,3
2021-11-03,20211103103000000,sz.002533,8.7000,8.7600,8.2600,8.3700,14744900,124424873.0000,3
2021-11-03,20211103113000000,sz.002533,8.3700,8.4300,8.2500,8.3200,4481800,37335245.0000,3
2021-11-03,20211103140000000,sz.002533,8.3200,8.3200,8.2100,8.2400,3870309,31943516.0000,3
2021-11-03,20211103150000000,sz.002533,8.2400,8.3900,8.2200,8.3500,4231128,35304525.0000,3
2021-11-04,20211104103000000,sz.002533,8.4900,9.1900,8.4500,9.1900,26842964,241909922.0000,3
2021-11-04,20211104113000000,sz.002533,9.1900,9.1900,9.1900,9.1900,566088,5202349.0000,3
2021-11-04,20211104140000000,sz.002533,9.1900,9.1900,9.1900,9.1900,690700,6347533.0000,3
2021-11-04,20211104150000000,sz.002533,9.1900,9.1900,9.1900,9.1900,1000020,9190184.0000,3
2021-11-05,20211105103000000,sz.002533,9.1800,9.1900,8.7500,8.8500,27173670,242258505.0000,3
2021-11-05,20211105113000000,sz.002533,8.8400,8.9300,8.7900,8.8200,5892000,52096407.0000,3
2021-11-05,20211105140000000,sz.002533,8.8200,8.8400,8.7600,8.7800,5899300,51879360.0000,3
2021-11-05,20211105150000000,sz.002533,8.7800,8.8300,8.6700,8.6800,7435548,64963568.0000,3
2021-11-08,20211108103000000,sz.002533,8.6900,8.8600,8.5400,8.8200,13226400,115256502.0000,3
2021-11-08,20211108113000000,sz.002533,8.8100,8.9000,8.7600,8.8500,6115100,54050480.0000,3
2021-11-08,20211108140000000,sz.002533,8.8500,8.8600,8.7600,8.8000,3404600,29963534.0000,3
2021-11-08,20211108150000000,sz.002533,8.8000,8.8600,8.7600,8.8300,4541292,39977992.0000,3
2021-11-09,20211109103000000,sz.002533,8.8000,9.0300,8.7300,8.7600,10291316,91269997.0000,3
2021-11-09,20211109113000000,sz.002533,8.7700,8.8200,8.7100,8.7300,3176100,27834100.0000,3
2021-11-09,20211109140000000,sz.002533,8.7200,8.8500,8.6600,8.8500,3540000,30922912.0000,3
2021-11-09,20211109150000000,sz.002533,8.8500,8.8500,8.7200,8.7600,5308200,46548537.0000,3
2021-11-10,20211110103000000,sz.002533,8.7700,9.3000,8.7200,9.0400,24416143,222186021.0000,3
2021-11-10,20211110113000000,sz.002533,9.0400,9.1300,8.9900,9.0800,5495250,49720187.0000,3
2021-11-10,20211110140000000,sz.002533,9.0800,9.0900,8.9200,9.0200,4481300,40292000.0000,3
2021-11-10,20211110150000000,sz.002533,9.0100,9.1500,8.9900,9.1200,6870010,62502688.0000,3
2021-11-11,20211111103000000,sz.002533,9.1000,9.2400,8.9900,9.0400,13360040,121616046.0000,3
2021-11-11,20211111113000000,sz.002533,9.0400,9.0800,8.9800,9.0400,3559000,32145123.0000,3
2021-11-11,20211111140000000,sz.002533,9.0400,9.2100,9.0200,9.1500,7419700,67904855.0000,3
2021-11-11,20211111150000000,sz.002533,9.1500,9.1700,9.1100,9.1700,4817520,44012174.0000,3
2021-11-12,20211112103000000,sz.002533,9.2400,9.6700,9.2100,9.5700,19568710,185975296.0000,3
2021-11-12,20211112113000000,sz.002533,9.5800,9.6800,9.4800,9.5300,4751900,45573519.0000,3
2021-11-12,20211112140000000,sz.002533,9.5200,9.5400,9.3500,9.3500,5192280,48956113.0000,3
2021-11-12,20211112150000000,sz.002533,9.3500,9.4600,9.3400,9.4100,5142966,48333824.0000,3
2021-11-15,20211115103000000,sz.002533,9.4600,9.7500,9.3500,9.5500,13093200,124467954.0000,3
2021-11-15,20211115113000000,sz.002533,9.5300,9.5500,9.3400,9.3400,4284000,40370927.0000,3
2021-11-15,20211115140000000,sz.002533,9.3500,9.4100,9.2300,9.3700,4572752,42526245.0000,3
2021-11-15,20211115150000000,sz.002533,9.3800,9.3900,9.2400,9.2800,3609692,33582867.0000,3
2021-11-16,20211116103000000,sz.002533,9.3900,9.4500,9.0400,9.0900,12996200,119433554.0000,3
2021-11-16,20211116113000000,sz.002533,9.1000,9.1300,9.0500,9.0700,4430400,40222414.0000,3
2021-11-16,20211116140000000,sz.002533,9.0700,9.0800,8.9900,9.0000,6205400,56004607.0000,3
2021-11-16,20211116150000000,sz.002533,9.0000,9.1200,8.9900,9.0100,4402720,39737268.0000,3
2021-11-17,20211117103000000,sz.002533,9.0100,9.1500,8.9400,9.1300,9479059,86005741.0000,3
2021-11-17,20211117113000000,sz.002533,9.1300,9.1800,9.0600,9.1300,4867141,44386369.0000,3
2021-11-17,20211117140000000,sz.002533,9.1300,9.1800,9.0600,9.1100,4334800,39488062.0000,3
2021-11-17,20211117150000000,sz.002533,9.1100,9.1600,9.0900,9.1200,5152700,46994767.0000,3
2021-11-18,20211118103000000,sz.002533,9.1300,9.3700,9.0400,9.1100,8381000,76700368.0000,3
2021-11-18,20211118113000000,sz.002533,9.1100,9.1800,9.1000,9.1600,3057996,27938364.0000,3
2021-11-18,20211118140000000,sz.002533,9.1600,9.1700,9.0000,9.0000,4306500,39091845.0000,3
2021-11-18,20211118150000000,sz.002533,9.0100,9.0700,8.9800,8.9900,4557734,41072464.0000,3
2021-11-19,20211119103000000,sz.002533,9.0000,9.0100,8.8600,8.8900,9047400,80707488.0000,3
2021-11-19,20211119113000000,sz.002533,8.8900,9.0200,8.8600,8.9500,2790500,24968906.0000,3
2021-11-19,20211119140000000,sz.002533,8.9500,9.2800,8.9400,9.2100,9651307,88394489.0000,3
2021-11-19,20211119150000000,sz.002533,9.2200,9.3800,9.2100,9.3600,8929406,83159309.0000,3
2021-11-22,20211122103000000,sz.002533,9.3400,9.4900,9.2100,9.3000,10026878,93207937.0000,3
2021-11-22,20211122113000000,sz.002533,9.3000,9.4700,9.2200,9.4600,5592161,52114796.0000,3
2021-11-22,20211122140000000,sz.002533,9.4500,9.6500,9.4400,9.5500,7671807,73281468.0000,3
2021-11-22,20211122150000000,sz.002533,9.5400,9.5400,9.4600,9.5000,4647228,44163949.0000,3
2021-11-23,20211123103000000,sz.002533,9.6900,9.7500,9.4500,9.6200,11013034,105660141.0000,3
2021-11-23,20211123113000000,sz.002533,9.6200,9.6500,9.4600,9.6000,4447840,42492529.0000,3
2021-11-23,20211123140000000,sz.002533,9.6100,9.8200,9.5700,9.7300,9027900,87497113.0000,3
2021-11-23,20211123150000000,sz.002533,9.7300,9.7700,9.6500,9.7000,5540220,53757385.0000,3
2021-11-24,20211124103000000,sz.002533,9.6900,9.8900,9.5500,9.5700,9109000,88303338.0000,3
2021-11-24,20211124113000000,sz.002533,9.5500,9.6000,9.4500,9.5800,5783500,55096068.0000,3
2021-11-24,20211124140000000,sz.002533,9.5800,9.5900,9.4500,9.4700,3885800,36945824.0000,3
2021-11-24,20211124150000000,sz.002533,9.4700,9.5200,9.4200,9.4900,3984022,37718531.0000,3
2021-11-25,20211125103000000,sz.002533,9.4800,9.9000,9.3900,9.6800,15082020,147104122.0000,3
2021-11-25,20211125113000000,sz.002533,9.6800,9.7400,9.6200,9.7000,2754600,26653983.0000,3
2021-11-25,20211125140000000,sz.002533,9.7000,10.1500,9.6300,9.9300,11063520,109832023.0000,3
2021-11-25,20211125150000000,sz.002533,9.9300,9.9400,9.8000,9.8900,9338086,92129600.0000,3
2021-11-26,20211126103000000,sz.002533,9.8800,9.9500,9.7600,9.8600,10116659,99445039.0000,3
2021-11-26,20211126113000000,sz.002533,9.8600,10.0900,9.8600,9.8900,8141500,81411273.0000,3
2021-11-26,20211126140000000,sz.002533,9.8800,9.9400,9.8200,9.9300,2502792,24711570.0000,3
2021-11-26,20211126150000000,sz.002533,9.9300,9.9500,9.8500,9.8600,4204566,41579747.0000,3
2021-11-29,20211129103000000,sz.002533,9.7100,10.2000,9.6300,10.1600,15448401,154899832.0000,3
2021-11-29,20211129113000000,sz.002533,10.1600,10.3200,10.0800,10.2800,7711790,78818273.0000,3
2021-11-29,20211129140000000,sz.002533,10.2800,10.3700,10.1500,10.2300,5534267,56801111.0000,3
2021-11-29,20211129150000000,sz.002533,10.2200,10.3400,10.2100,10.3000,5910000,60819408.0000,3
2021-11-30,20211130103000000,sz.002533,10.3300,10.4900,10.0500,10.3600,12316586,126350861.0000,3
2021-11-30,20211130113000000,sz.002533,10.3600,10.4100,10.2400,10.2400,3534500,36401300.0000,3
2021-11-30,20211130140000000,sz.002533,10.2400,10.2400,10.1000,10.1100,5354700,54356016.0000,3
2021-11-30,20211130150000000,sz.002533,10.1100,10.1800,10.0300,10.1300,5543000,56034863.0000,3
2021-12-01,20211201103000000,sz.002533,10.1000,10.2800,10.0400,10.1200,7885148,79767845.0000,3
2021-12-01,20211201113000000,sz.002533,10.1000,10.1700,10.0000,10.0600,5790300,58310699.0000,3
2021-12-01,20211201140000000,sz.002533,10.0700,10.2200,10.0700,10.1800,3840680,38952388.0000,3
2021-12-01,20211201150000000,sz.002533,10.1800,10.2600,10.1700,10.2500,4031364,41226541.0000,3
2021-12-02,20211202103000000,sz.002533,10.2900,10.2900,9.9100,9.9300,11213586,112556471.0000,3
2021-12-02,20211202113000000,sz.002533,9.9300,10.0200,9.8900,9.9900,5298800,52600839.0000,3
2021-12-02,20211202140000000,sz.002533,9.9900,9.9900,9.8500,9.9500,3490200,34526920.0000,3
2021-12-02,20211202150000000,sz.002533,9.9500,10.0000,9.9000,9.9400,3342610,33254699.0000,3
2021-12-03,20211203103000000,sz.002533,9.9700,9.9800,9.5500,9.7700,9775800,95311091.0000,3
2021-12-03,20211203113000000,sz.002533,9.7700,10.0700,9.7700,9.9800,5364276,53378335.0000,3
2021-12-03,20211203140000000,sz.002533,9.9700,9.9800,9.8200,9.8300,3213087,31732460.0000,3
2021-12-03,20211203150000000,sz.002533,9.8300,9.9200,9.8200,9.8400,2842441,28004431.0000,3
2021-12-06,20211206103000000,sz.002533,9.8500,9.9500,9.6700,9.7200,6611000,64762896.0000,3
2021-12-06,20211206113000000,sz.002533,9.7300,9.8000,9.6500,9.6900,2592200,25146247.0000,3
2021-12-06,20211206140000000,sz.002533,9.7000,9.7000,9.5500,9.5600,4673100,44890453.0000,3
2021-12-06,20211206150000000,sz.002533,9.5600,9.5700,9.3800,9.3900,7051236,66726352.0000,3
2021-12-07,20211207103000000,sz.002533,9.5000,9.5300,8.9200,8.9200,16544100,151660862.0000,3
2021-12-07,20211207113000000,sz.002533,8.9200,9.0000,8.7800,8.9900,6652120,59020936.0000,3
2021-12-07,20211207140000000,sz.002533,9.0000,9.0100,8.8600,8.8800,5026500,44787347.0000,3
2021-12-07,20211207150000000,sz.002533,8.8800,8.9500,8.8400,8.9400,4295310,38197431.0000,3
2021-12-08,20211208103000000,sz.002533,8.9500,9.2600,8.8700,9.1600,10757404,97551679.0000,3
2021-12-08,20211208113000000,sz.002533,9.1700,9.2200,9.1000,9.1200,2706500,24782053.0000,3
2021-12-08,20211208140000000,sz.002533,9.1300,9.1300,8.9700,9.0000,3593300,32434899.0000,3
2021-12-08,20211208150000000,sz.002533,9.0000,9.0200,8.9600,9.0000,4718116,42403567.0000,3
2021-12-09,20211209103000000,sz.002533,9.0000,9.0500,8.8200,8.8300,6759100,60225518.0000,3
2021-12-09,20211209113000000,sz.002533,8.8200,8.8600,8.7800,8.8500,4612812,40634685.0000,3
2021-12-09,20211209140000000,sz.002533,8.8600,8.8600,8.7700,8.7900,3809877,33511193.0000,3
2021-12-09,20211209150000000,sz.002533,8.7900,8.8300,8.7600,8.7900,4051800,35607227.0000,3
2021-12-10,20211210103000000,sz.002533,8.6700,8.7500,8.5700,8.6500,8560400,74101020.0000,3
2021-12-10,20211210113000000,sz.002533,8.6500,8.7500,8.6500,8.7000,2281400,19862060.0000,3
2021-12-10,20211210140000000,sz.002533,8.7000,8.7400,8.6800,8.6800,2329200,20273525.0000,3
2021-12-10,20211210150000000,sz.002533,8.6800,8.6900,8.5800,8.6000,7129448,61412560.0000,3
2021-12-13,20211213103000000,sz.002533,8.7000,8.7300,8.3900,8.5000,10307100,87522184.0000,3
2021-12-13,20211213113000000,sz.002533,8.5000,8.8400,8.4900,8.8300,6806600,59332816.0000,3
2021-12-13,20211213140000000,sz.002533,8.8200,8.8700,8.7800,8.8100,3714600,32789972.0000,3
2021-12-13,20211213150000000,sz.002533,8.7900,8.8100,8.7400,8.7700,2630487,23060962.0000,3
2021-12-14,20211214103000000,sz.002533,8.7600,9.2000,8.6800,9.0800,14833900,133888489.0000,3
2021-12-14,20211214113000000,sz.002533,9.0800,9.1600,9.0000,9.0800,5763361,52322607.0000,3
2021-12-14,20211214140000000,sz.002533,9.0800,9.1600,9.0500,9.1000,3239300,29540012.0000,3
2021-12-14,20211214150000000,sz.002533,9.1000,9.1300,9.0500,9.1000,4497900,40881978.0000,3
2021-12-15,20211215103000000,sz.002533,9.0900,9.1200,8.8600,9.0300,8068248,72224986.0000,3
2021-12-15,20211215113000000,sz.002533,9.0200,9.2800,9.0100,9.2400,6030158,55259206.0000,3
2021-12-15,20211215140000000,sz.002533,9.2500,9.3100,9.1200,9.1600,3612300,33203444.0000,3
2021-12-15,20211215150000000,sz.002533,9.1600,9.1600,9.0500,9.1300,3667600,33370693.0000,3
2021-12-16,20211216103000000,sz.002533,9.0800,9.1300,8.9600,8.9900,5483700,49528819.0000,3
2021-12-16,20211216113000000,sz.002533,8.9900,9.0300,8.9700,8.9800,1710300,15382408.0000,3
2021-12-16,20211216140000000,sz.002533,8.9900,9.0100,8.9500,8.9500,2639900,23695185.0000,3
2021-12-16,20211216150000000,sz.002533,8.9500,9.0300,8.9400,9.0200,2638935,23744380.0000,3
2021-12-17,20211217103000000,sz.002533,9.1000,9.4400,9.0200,9.1600,13963800,129581105.0000,3
2021-12-17,20211217113000000,sz.002533,9.1600,9.2300,9.1200,9.1300,2784100,25544067.0000,3
2021-12-17,20211217140000000,sz.002533,9.1300,9.1800,9.1000,9.1200,2071200,18918108.0000,3
2021-12-17,20211217150000000,sz.002533,9.1200,9.1600,9.0600,9.1200,2980058,27154104.0000,3
2021-12-20,20211220103000000,sz.002533,9.0700,9.1300,8.8500,8.8900,7079100,63514761.0000,3
2021-12-20,20211220113000000,sz.002533,8.8800,8.9200,8.7700,8.8000,4118300,36406676.0000,3
2021-12-20,20211220140000000,sz.002533,8.7900,8.9500,8.7900,8.8600,1996100,17744282.0000,3
2021-12-20,20211220150000000,sz.002533,8.8600,8.9200,8.8100,8.8600,2721140,24128260.0000,3
2021-12-21,20211221103000000,sz.002533,8.7800,9.0000,8.7700,8.8600,3946100,35049432.0000,3
2021-12-21,20211221113000000,sz.002533,8.8600,8.8700,8.7800,8.8400,1973300,17425155.0000,3
2021-12-21,20211221140000000,sz.002533,8.8400,8.9500,8.8200,8.8900,2001500,17782612.0000,3
2021-12-21,20211221150000000,sz.002533,8.8800,8.9000,8.8300,8.8700,2538600,22501201.0000,3
2021-12-22,20211222103000000,sz.002533,9.0500,9.1900,8.9100,9.0900,8287322,75127652.0000,3
2021-12-22,20211222113000000,sz.002533,9.0900,9.1200,9.0200,9.0400,1730100,15660180.0000,3
2021-12-22,20211222140000000,sz.002533,9.0400,9.0700,8.9800,9.0700,1624400,14651311.0000,3
2021-12-22,20211222150000000,sz.002533,9.0600,9.1100,8.9900,9.0500,3441700,31153188.0000,3
2021-12-23,20211223103000000,sz.002533,8.9700,9.0200,8.8900,8.9300,5011800,44784574.0000,3
2021-12-23,20211223113000000,sz.002533,8.9400,9.1200,8.9300,9.1000,2492300,22514542.0000,3
2021-12-23,20211223140000000,sz.002533,9.1300,9.1300,9.0500,9.0700,2264700,20562154.0000,3
2021-12-23,20211223150000000,sz.002533,9.0700,9.0900,9.0200,9.0600,3179100,28767357.0000,3
2021-12-24,20211224103000000,sz.002533,9.0600,9.0600,8.6700,8.6800,8485200,75223594.0000,3
2021-12-24,20211224113000000,sz.002533,8.6800,8.8600,8.6800,8.8400,3424392,30064983.0000,3
2021-12-24,20211224140000000,sz.002533,8.8500,8.8600,8.7100,8.7200,2071500,18164271.0000,3
2021-12-24,20211224150000000,sz.002533,8.7300,8.8000,8.6800,8.7200,3257800,28401688.0000,3
2021-12-27,20211227103000000,sz.002533,8.6700,8.7500,8.5700,8.7200,6298457,54393182.0000,3
2021-12-27,20211227113000000,sz.002533,8.7200,8.7300,8.6300,8.6400,1365100,11837201.0000,3
2021-12-27,20211227140000000,sz.002533,8.6400,8.6500,8.5100,8.6200,2810800,24071419.0000,3
2021-12-27,20211227150000000,sz.002533,8.6200,8.6300,8.5300,8.5700,1891820,16203885.0000,3
2021-12-28,20211228103000000,sz.002533,8.5900,8.6500,8.4800,8.5600,3372027,28876481.0000,3
2021-12-28,20211228113000000,sz.002533,8.5600,8.5900,8.5100,8.5300,1243300,10622296.0000,3
2021-12-28,20211228140000000,sz.002533,8.5200,8.6100,8.5000,8.5100,1798996,15355067.0000,3
2021-12-28,20211228150000000,sz.002533,8.5300,8.6000,8.4900,8.5800,2832704,24182286.0000,3
2021-12-29,20211229103000000,sz.002533,8.5800,8.6900,8.5000,8.6100,3301427,28432551.0000,3
2021-12-29,20211229113000000,sz.002533,8.6100,8.6200,8.5300,8.5300,2137800,18335894.0000,3
2021-12-29,20211229140000000,sz.002533,8.5400,8.5700,8.5100,8.5700,1271100,10861178.0000,3
2021-12-29,20211229150000000,sz.002533,8.5700,8.6100,8.5500,8.5600,1483917,12735386.0000,3
2021-12-30,20211230103000000,sz.002533,8.5200,8.6000,8.5100,8.5900,2463192,21104186.0000,3
2021-12-30,20211230113000000,sz.002533,8.5900,8.7000,8.5800,8.6400,2083920,18013289.0000,3
2021-12-30,20211230140000000,sz.002533,8.6400,8.6500,8.5800,8.5900,1241200,10687351.0000,3
2021-12-30,20211230150000000,sz.002533,8.5900,8.6200,8.5600,8.5900,2190800,18827059.0000,3
2021-12-31,20211231103000000,sz.002533,8.6900,8.7600,8.6000,8.6700,3652400,31694898.0000,3
2021-12-31,20211231113000000,sz.002533,8.6700,8.7300,8.6500,8.6600,1190800,10351162.0000,3
2021-12-31,20211231140000000,sz.002533,8.6600,8.6800,8.5600,8.6100,2212200,19073602.0000,3
2021-12-31,20211231150000000,sz.002533,8.6100,8.6600,8.5500,8.6100,2649500,22797776.0000,3
