date,time,code,open,high,low,close,volume,amount,adjustflag
2021-01-04,20210104103000000,sz.002448,5.6500,5.7600,5.6000,5.6400,3470600,19620266.0000,3
2021-01-04,20210104113000000,sz.002448,5.6400,5.6900,5.6100,5.6900,1471700,8311329.0000,3
2021-01-04,20210104140000000,sz.002448,5.6900,5.7000,5.6500,5.6600,810600,4598937.0000,3
2021-01-04,20210104150000000,sz.002448,5.6600,5.6900,5.6400,5.6900,2057200,11674286.0000,3
2021-01-05,20210105103000000,sz.002448,5.6500,5.6700,5.5300,5.5600,3882200,21682657.0000,3
2021-01-05,20210105113000000,sz.002448,5.5600,5.5800,5.5200,5.5400,1493900,8287770.0000,3
2021-01-05,20210105140000000,sz.002448,5.5400,5.5700,5.5300,5.5500,638400,3542400.0000,3
2021-01-05,20210105150000000,sz.002448,5.5500,5.6000,5.5500,5.5600,1040800,5797035.0000,3
2021-01-06,20210106103000000,sz.002448,5.5900,5.5900,5.4500,5.4800,2331900,12817186.0000,3
2021-01-06,20210106113000000,sz.002448,5.4700,5.4800,5.4000,5.4200,1597600,8688004.0000,3
2021-01-06,20210106140000000,sz.002448,5.4200,5.4400,5.3900,5.4300,2308650,12493686.0000,3
2021-01-06,20210106150000000,sz.002448,5.4300,5.4400,5.4000,5.4300,1118500,6061189.0000,3
2021-01-07,20210107103000000,sz.002448,5.4500,5.4600,5.3500,5.4300,2137899,11519307.0000,3
2021-01-07,20210107113000000,sz.002448,5.4300,5.4800,5.4200,5.4400,739150,4025774.0000,3
2021-01-07,20210107140000000,sz.002448,5.4400,5.4400,5.3600,5.3700,1342400,7230829.0000,3
2021-01-07,20210107150000000,sz.002448,5.3700,5.3900,5.3500,5.3700,1046792,5623536.0000,3
2021-01-08,20210108103000000,sz.002448,5.3800,5.3900,5.2500,5.3700,1833400,9753463.0000,3
2021-01-08,20210108113000000,sz.002448,5.3700,5.4100,5.3400,5.3400,664100,3565873.0000,3
2021-01-08,20210108140000000,sz.002448,5.3400,5.3600,5.3400,5.3500,432029,2311824.0000,3
2021-01-08,20210108150000000,sz.002448,5.3500,5.3900,5.3300,5.3700,1042565,5584089.0000,3
2021-01-11,20210111103000000,sz.002448,5.3700,5.4700,5.2900,5.3300,1841500,9810662.0000,3
2021-01-11,20210111113000000,sz.002448,5.3300,5.3400,5.1900,5.2000,2183000,11494009.0000,3
2021-01-11,20210111140000000,sz.002448,5.2100,5.2300,5.1000,5.1000,2170800,11241362.0000,3
2021-01-11,20210111150000000,sz.002448,5.1100,5.1600,5.0800,5.1300,2256500,11542465.0000,3
2021-01-12,20210112103000000,sz.002448,5.1200,5.2000,5.0500,5.1500,1376500,7076648.0000,3
2021-01-12,20210112113000000,sz.002448,5.1400,5.1600,5.1100,5.1100,598915,3070484.0000,3
2021-01-12,20210112140000000,sz.002448,5.1100,5.1500,5.1000,5.1400,623902,3197850.0000,3
2021-01-12,20210112150000000,sz.002448,5.1400,5.1700,5.1200,5.1600,1249550,6424217.0000,3
2021-01-13,20210113103000000,sz.002448,5.1600,5.1600,5.0500,5.0600,2457400,12487999.0000,3
2021-01-13,20210113113000000,sz.002448,5.0600,5.0900,5.0500,5.0700,950550,4816052.0000,3
2021-01-13,20210113140000000,sz.002448,5.0700,5.1300,5.0500,5.1100,1067400,5419532.0000,3
2021-01-13,20210113150000000,sz.002448,5.1000,5.1100,5.0700,5.0800,873900,4443013.0000,3
2021-01-14,20210114103000000,sz.002448,5.0500,5.1100,5.0500,5.1000,696257,3540690.0000,3
2021-01-14,20210114113000000,sz.002448,5.1000,5.1400,5.0900,5.1400,702700,3600012.0000,3
2021-01-14,20210114140000000,sz.002448,5.1500,5.1500,5.1100,5.1100,669500,3430862.0000,3
2021-01-14,20210114150000000,sz.002448,5.1100,5.1100,5.0800,5.1000,1190750,6059467.0000,3
2021-01-15,20210115103000000,sz.002448,5.1000,5.2300,5.0800,5.1800,2007010,10401028.0000,3
2021-01-15,20210115113000000,sz.002448,5.1800,5.2000,5.1600,5.1900,704400,3651278.0000,3
2021-01-15,20210115140000000,sz.002448,5.2500,5.3900,5.2500,5.2800,3059999,16193800.0000,3
2021-01-15,20210115150000000,sz.002448,5.2800,5.3200,5.2600,5.2800,1281677,6778072.0000,3
2021-01-18,20210118103000000,sz.002448,5.2100,5.2700,5.1800,5.2100,2380150,12441287.0000,3
2021-01-18,20210118113000000,sz.002448,5.2200,5.2800,5.2100,5.2600,719950,3774944.0000,3
2021-01-18,20210118140000000,sz.002448,5.2600,5.2600,5.2300,5.2400,619200,3245677.0000,3
2021-01-18,20210118150000000,sz.002448,5.2400,5.2700,5.2300,5.2600,683900,3589608.0000,3
2021-01-19,20210119103000000,sz.002448,5.2200,5.2600,5.1800,5.2300,1378850,7191054.0000,3
2021-01-19,20210119113000000,sz.002448,5.2400,5.2400,5.2200,5.2400,393650,2058484.0000,3
2021-01-19,20210119140000000,sz.002448,5.2400,5.2600,5.2300,5.2400,573700,3010265.0000,3
2021-01-19,20210119150000000,sz.002448,5.2400,5.2800,5.2100,5.2700,1475327,7745349.0000,3
2021-01-20,20210120103000000,sz.002448,5.3000,5.3300,5.2500,5.2700,1125803,5944651.0000,3
2021-01-20,20210120113000000,sz.002448,5.2700,5.4600,5.2700,5.3500,3976750,21371663.0000,3
2021-01-20,20210120140000000,sz.002448,5.3500,5.3800,5.3400,5.3600,829800,4447814.0000,3
2021-01-20,20210120150000000,sz.002448,5.3600,5.3700,5.3400,5.3400,819200,4380040.0000,3
2021-01-21,20210121103000000,sz.002448,5.2700,5.2700,5.1800,5.2500,2866600,15002683.0000,3
2021-01-21,20210121113000000,sz.002448,5.2500,5.2900,5.2300,5.2700,757500,3983469.0000,3
2021-01-21,20210121140000000,sz.002448,5.2700,5.2800,5.2600,5.2600,553750,2917450.0000,3
2021-01-21,20210121150000000,sz.002448,5.2600,5.2700,5.2400,5.2600,1106800,5817180.0000,3
2021-01-22,20210122103000000,sz.002448,5.2400,5.2500,5.1800,5.2000,1156826,6016122.0000,3
2021-01-22,20210122113000000,sz.002448,5.2000,5.2100,5.1700,5.1900,518800,2689878.0000,3
2021-01-22,20210122140000000,sz.002448,5.2000,5.2300,5.1700,5.2200,496000,2587291.0000,3
2021-01-22,20210122150000000,sz.002448,5.2100,5.2100,5.1800,5.1800,459200,2384393.0000,3
2021-01-25,20210125103000000,sz.002448,5.1700,5.1700,5.0700,5.1100,1644650,8391253.0000,3
2021-01-25,20210125113000000,sz.002448,5.1100,5.1100,5.0700,5.0800,982900,5000493.0000,3
2021-01-25,20210125140000000,sz.002448,5.0900,5.0900,5.0600,5.0700,984300,4993081.0000,3
2021-01-25,20210125150000000,sz.002448,5.0700,5.0900,5.0600,5.0700,798100,4047655.0000,3
2021-01-26,20210126103000000,sz.002448,5.0700,5.1100,5.0400,5.0600,895300,4547824.0000,3
2021-01-26,20210126113000000,sz.002448,5.0600,5.0900,5.0500,5.0800,361340,1831098.0000,3
2021-01-26,20210126140000000,sz.002448,5.0800,5.0900,5.0700,5.0900,332200,1686606.0000,3
2021-01-26,20210126150000000,sz.002448,5.0900,5.0900,5.0700,5.0900,425700,2163170.0000,3
2021-01-27,20210127103000000,sz.002448,5.1000,5.1400,5.0700,5.1000,986500,5039302.0000,3
2021-01-27,20210127113000000,sz.002448,5.0900,5.1200,5.0900,5.1000,331800,1692939.0000,3
2021-01-27,20210127140000000,sz.002448,5.1000,5.1100,5.0800,5.0800,391100,1990525.0000,3
2021-01-27,20210127150000000,sz.002448,5.0800,5.1000,5.0700,5.0700,524999,2667900.0000,3
2021-01-28,20210128103000000,sz.002448,5.0700,5.0700,5.0000,5.0100,1586000,7978070.0000,3
2021-01-28,20210128113000000,sz.002448,5.0100,5.1200,5.0100,5.0600,637000,3226886.0000,3
2021-01-28,20210128140000000,sz.002448,5.0600,5.0700,5.0400,5.0400,486600,2460022.0000,3
2021-01-28,20210128150000000,sz.002448,5.0400,5.0600,5.0000,5.0000,1267100,6354057.0000,3
2021-01-29,20210129103000000,sz.002448,5.0900,5.1300,5.0400,5.1000,1970303,10029290.0000,3
2021-01-29,20210129113000000,sz.002448,5.1000,5.1800,5.0900,5.1200,1693050,8688758.0000,3
2021-01-29,20210129140000000,sz.002448,5.1200,5.1300,5.0900,5.1000,528150,2695024.0000,3
2021-01-29,20210129150000000,sz.002448,5.1000,5.1000,5.0600,5.0700,1159500,5880213.0000,3
2021-02-01,20210201103000000,sz.002448,5.0500,5.0800,5.0200,5.0600,1589100,8007504.0000,3
2021-02-01,20210201113000000,sz.002448,5.0500,5.0700,5.0400,5.0600,472200,2385170.0000,3
2021-02-01,20210201140000000,sz.002448,5.0600,5.0900,5.0500,5.0700,496450,2517790.0000,3
2021-02-01,20210201150000000,sz.002448,5.0800,5.0900,5.0600,5.0700,920400,4669187.0000,3
2021-02-02,20210202103000000,sz.002448,5.0700,5.1500,5.0500,5.1200,1486400,7607088.0000,3
2021-02-02,20210202113000000,sz.002448,5.1200,5.1300,5.1000,5.1200,571200,2920735.0000,3
2021-02-02,20210202140000000,sz.002448,5.1200,5.1300,5.1000,5.1200,641100,3282253.0000,3
2021-02-02,20210202150000000,sz.002448,5.1200,5.1400,5.1100,5.1300,839920,4307962.0000,3
2021-02-03,20210203103000000,sz.002448,5.1000,5.1300,5.0500,5.0800,1198788,6097341.0000,3
2021-02-03,20210203113000000,sz.002448,5.0800,5.0900,5.0600,5.0700,386350,1959776.0000,3
2021-02-03,20210203140000000,sz.002448,5.0700,5.1000,5.0600,5.0600,674400,3422514.0000,3
2021-02-03,20210203150000000,sz.002448,5.0600,5.0800,5.0300,5.0300,868962,4387701.0000,3
2021-02-04,20210204103000000,sz.002448,5.0200,5.0500,4.9700,4.9900,1321352,6607873.0000,3
2021-02-04,20210204113000000,sz.002448,4.9900,5.0000,4.9000,4.9100,1944238,9615009.0000,3
2021-02-04,20210204140000000,sz.002448,4.9100,4.9300,4.8800,4.9100,683452,3348669.0000,3
2021-02-04,20210204150000000,sz.002448,4.9100,4.9500,4.9000,4.9100,849400,4178389.0000,3
2021-02-05,20210205103000000,sz.002448,4.9000,4.9700,4.9000,4.9000,980200,4833595.0000,3
2021-02-05,20210205113000000,sz.002448,4.9000,4.9300,4.9000,4.9100,323700,1589908.0000,3
2021-02-05,20210205140000000,sz.002448,4.9100,4.9400,4.9000,4.9400,371750,1825354.0000,3
2021-02-05,20210205150000000,sz.002448,4.9400,4.9400,4.8700,4.8800,744750,3653860.0000,3
2021-02-08,20210208103000000,sz.002448,4.9000,4.9500,4.8400,4.9300,1247300,6113598.0000,3
2021-02-08,20210208113000000,sz.002448,4.9300,4.9400,4.9100,4.9300,277703,1368283.0000,3
2021-02-08,20210208140000000,sz.002448,4.9300,4.9800,4.9200,4.9300,563600,2787398.0000,3
2021-02-08,20210208150000000,sz.002448,4.9300,4.9300,4.8800,4.8900,601200,2950207.0000,3
2021-02-09,20210209103000000,sz.002448,4.8900,4.9300,4.8900,4.9300,552400,2714018.0000,3
2021-02-09,20210209113000000,sz.002448,4.9300,4.9400,4.9000,4.9200,343600,1689391.0000,3
2021-02-09,20210209140000000,sz.002448,4.9200,4.9400,4.9200,4.9400,369300,1822560.0000,3
2021-02-09,20210209150000000,sz.002448,4.9400,4.9600,4.9400,4.9600,654450,3237831.0000,3
2021-02-10,20210210103000000,sz.002448,5.0000,5.0000,4.9500,4.9700,725925,3608138.0000,3
2021-02-10,20210210113000000,sz.002448,4.9700,4.9900,4.9600,4.9700,326000,1622434.0000,3
2021-02-10,20210210140000000,sz.002448,4.9700,4.9900,4.9700,4.9700,398800,1985477.0000,3
2021-02-10,20210210150000000,sz.002448,4.9700,4.9800,4.9600,4.9600,539350,2680584.0000,3
2021-02-18,20210218103000000,sz.002448,5.0300,5.0500,4.9900,5.0500,1706670,8582766.0000,3
2021-02-18,20210218113000000,sz.002448,5.0500,5.0500,5.0300,5.0300,565900,2852784.0000,3
2021-02-18,20210218140000000,sz.002448,5.0300,5.0500,5.0300,5.0300,450800,2271872.0000,3
2021-02-18,20210218150000000,sz.002448,5.0400,5.0600,5.0300,5.0600,659059,3325860.0000,3
2021-02-19,20210219103000000,sz.002448,5.0600,5.1200,5.0400,5.1100,1190050,6040266.0000,3
2021-02-19,20210219113000000,sz.002448,5.1100,5.1400,5.1100,5.1300,859800,4404086.0000,3
2021-02-19,20210219140000000,sz.002448,5.1300,5.1700,5.1300,5.1600,1021600,5258419.0000,3
2021-02-19,20210219150000000,sz.002448,5.1600,5.1900,5.1500,5.1800,1423999,7360489.0000,3
2021-02-22,20210222103000000,sz.002448,5.1900,5.2800,5.1800,5.2700,2090700,10943173.0000,3
2021-02-22,20210222113000000,sz.002448,5.2700,5.2800,5.2200,5.2500,1390600,7297651.0000,3
2021-02-22,20210222140000000,sz.002448,5.2500,5.2800,5.2500,5.2700,1039400,5469629.0000,3
2021-02-22,20210222150000000,sz.002448,5.2700,5.2700,5.1800,5.2000,1878950,9807604.0000,3
2021-02-23,20210223103000000,sz.002448,5.1800,5.2300,5.1500,5.1700,1415750,7328286.0000,3
2021-02-23,20210223113000000,sz.002448,5.1700,5.2000,5.1700,5.1800,376900,1951898.0000,3
2021-02-23,20210223140000000,sz.002448,5.1800,5.2100,5.1700,5.1700,972300,5047128.0000,3
2021-02-23,20210223150000000,sz.002448,5.1800,5.2000,5.1600,5.1600,1098750,5687257.0000,3
2021-02-24,20210224103000000,sz.002448,5.1700,5.2300,5.1500,5.2000,1371503,7110426.0000,3
2021-02-24,20210224113000000,sz.002448,5.2000,5.2200,5.1800,5.2000,747800,3888744.0000,3
2021-02-24,20210224140000000,sz.002448,5.2000,5.2100,5.1800,5.1800,492300,2557926.0000,3
2021-02-24,20210224150000000,sz.002448,5.1900,5.2000,5.1500,5.1900,721950,3737527.0000,3
2021-02-25,20210225103000000,sz.002448,5.2000,5.2100,5.1400,5.1700,958800,4965420.0000,3
2021-02-25,20210225113000000,sz.002448,5.1700,5.1900,5.1600,5.1600,631400,3267014.0000,3
2021-02-25,20210225140000000,sz.002448,5.1700,5.1700,5.1400,5.1600,411205,2120083.0000,3
2021-02-25,20210225150000000,sz.002448,5.1600,5.1700,5.1300,5.1500,912400,4696890.0000,3
2021-02-26,20210226103000000,sz.002448,5.1700,5.2000,5.1300,5.2000,1201605,6216607.0000,3
2021-02-26,20210226113000000,sz.002448,5.2000,5.2400,5.1900,5.2300,1271828,6643596.0000,3
2021-02-26,20210226140000000,sz.002448,5.2300,5.2700,5.2300,5.2400,1372200,7202789.0000,3
2021-02-26,20210226150000000,sz.002448,5.2400,5.2500,5.2400,5.2400,742799,3896149.0000,3
2021-03-01,20210301103000000,sz.002448,5.2400,5.2900,5.2200,5.2700,1812483,9524953.0000,3
2021-03-01,20210301113000000,sz.002448,5.2800,5.2800,5.2600,5.2700,599700,3161374.0000,3
2021-03-01,20210301140000000,sz.002448,5.2800,5.2800,5.2600,5.2800,420650,2216656.0000,3
2021-03-01,20210301150000000,sz.002448,5.2800,5.3000,5.2700,5.3000,1003950,5304781.0000,3
2021-03-02,20210302103000000,sz.002448,5.3300,5.3300,5.2400,5.2600,1138400,6003493.0000,3
2021-03-02,20210302113000000,sz.002448,5.2600,5.2600,5.2300,5.2400,414600,2174268.0000,3
2021-03-02,20210302140000000,sz.002448,5.2300,5.2400,5.2100,5.2200,497200,2599032.0000,3
2021-03-02,20210302150000000,sz.002448,5.2200,5.2800,5.2100,5.2800,694100,3648143.0000,3
2021-03-03,20210303103000000,sz.002448,5.2500,5.2800,5.2300,5.2400,738650,3879930.0000,3
2021-03-03,20210303113000000,sz.002448,5.2400,5.2800,5.2300,5.2800,537200,2824498.0000,3
2021-03-03,20210303140000000,sz.002448,5.2800,5.3200,5.2800,5.2900,819750,4341404.0000,3
2021-03-03,20210303150000000,sz.002448,5.2900,5.3000,5.2700,5.3000,511500,2705433.0000,3
2021-03-04,20210304103000000,sz.002448,5.2800,5.2900,5.2500,5.2700,995400,5248006.0000,3
2021-03-04,20210304113000000,sz.002448,5.2700,5.3000,5.2600,5.2700,342200,1805571.0000,3
2021-03-04,20210304140000000,sz.002448,5.2700,5.2800,5.2400,5.2400,577900,3038570.0000,3
2021-03-04,20210304150000000,sz.002448,5.2400,5.2700,5.2000,5.2400,959000,5015179.0000,3
2021-03-05,20210305103000000,sz.002448,5.2400,5.3100,5.2200,5.2700,1241900,6551688.0000,3
2021-03-05,20210305113000000,sz.002448,5.2800,5.2900,5.2700,5.2900,425400,2245465.0000,3
2021-03-05,20210305140000000,sz.002448,5.2900,5.4000,5.2900,5.3700,4048050,21688650.0000,3
2021-03-05,20210305150000000,sz.002448,5.3700,5.3800,5.3500,5.3800,1691210,9079056.0000,3
2021-03-08,20210308103000000,sz.002448,5.3700,5.4200,5.3500,5.3500,3184550,17148036.0000,3
2021-03-08,20210308113000000,sz.002448,5.3500,5.3800,5.3300,5.3800,1186350,6350792.0000,3
2021-03-08,20210308140000000,sz.002448,5.3800,5.3800,5.3400,5.3700,794600,4261415.0000,3
2021-03-08,20210308150000000,sz.002448,5.3700,5.3800,5.3300,5.3300,946100,5067671.0000,3
2021-03-09,20210309103000000,sz.002448,5.3500,5.3800,5.2300,5.3100,3166150,16827667.0000,3
2021-03-09,20210309113000000,sz.002448,5.3100,5.3800,5.2900,5.3700,1339300,7147547.0000,3
2021-03-09,20210309140000000,sz.002448,5.3700,5.4000,5.3500,5.3600,814000,4378544.0000,3
2021-03-09,20210309150000000,sz.002448,5.3600,5.3700,5.3100,5.3400,760800,4058828.0000,3
2021-03-10,20210310103000000,sz.002448,5.3400,5.3700,5.2700,5.2700,1525800,8120963.0000,3
2021-03-10,20210310113000000,sz.002448,5.2700,5.3700,5.2500,5.3500,1494500,7897472.0000,3
2021-03-10,20210310140000000,sz.002448,5.3500,5.4800,5.3400,5.4300,6232300,33716933.0000,3
2021-03-10,20210310150000000,sz.002448,5.4300,5.4500,5.4000,5.4500,2029700,11030293.0000,3
2021-03-11,20210311103000000,sz.002448,5.4300,5.5000,5.3800,5.4700,6539800,35733943.0000,3
2021-03-11,20210311113000000,sz.002448,5.4700,5.5100,5.4600,5.5000,2250322,12336819.0000,3
2021-03-11,20210311140000000,sz.002448,5.5000,5.6100,5.4900,5.6000,4165850,23136063.0000,3
2021-03-11,20210311150000000,sz.002448,5.6000,5.6000,5.5300,5.6000,3044900,16972251.0000,3
2021-03-12,20210312103000000,sz.002448,5.6000,5.7500,5.5900,5.6100,13143372,74687110.0000,3
2021-03-12,20210312113000000,sz.002448,5.6100,5.6100,5.5500,5.5700,1960350,10958753.0000,3
2021-03-12,20210312140000000,sz.002448,5.5700,5.6500,5.5700,5.5800,2770200,15551921.0000,3
2021-03-12,20210312150000000,sz.002448,5.5800,5.6100,5.5200,5.6100,3067100,17070461.0000,3
2021-03-15,20210315103000000,sz.002448,5.5700,5.6200,5.4700,5.6000,6890379,38180855.0000,3
2021-03-15,20210315113000000,sz.002448,5.5900,5.6500,5.5600,5.5800,3179151,17843880.0000,3
2021-03-15,20210315140000000,sz.002448,5.5700,5.5800,5.4800,5.4800,1790421,9872416.0000,3
2021-03-15,20210315150000000,sz.002448,5.4800,5.5800,5.4500,5.5800,2808833,15421757.0000,3
2021-03-16,20210316103000000,sz.002448,5.5500,5.7500,5.5000,5.6000,13417325,75917593.0000,3
2021-03-16,20210316113000000,sz.002448,5.6000,5.6400,5.5800,5.5900,1330800,7457802.0000,3
2021-03-16,20210316140000000,sz.002448,5.5900,5.6200,5.5700,5.6200,1351199,7545959.0000,3
2021-03-16,20210316150000000,sz.002448,5.6200,5.6700,5.6000,5.6500,2387822,13482226.0000,3
2021-03-17,20210317103000000,sz.002448,5.6100,5.6900,5.5500,5.5600,5502299,30859670.0000,3
2021-03-17,20210317113000000,sz.002448,5.5600,5.5800,5.4900,5.4900,4066000,22445587.0000,3
2021-03-17,20210317140000000,sz.002448,5.4900,5.5100,5.4800,5.4900,1439400,7905646.0000,3
2021-03-17,20210317150000000,sz.002448,5.4900,5.5000,5.4700,5.4700,2521600,13820747.0000,3
2021-03-18,20210318103000000,sz.002448,5.4800,5.5000,5.3700,5.3800,4080600,22072703.0000,3
2021-03-18,20210318113000000,sz.002448,5.3800,5.4400,5.3700,5.3900,2106750,11389406.0000,3
2021-03-18,20210318140000000,sz.002448,5.3900,5.4100,5.3400,5.3500,3061900,16405172.0000,3
2021-03-18,20210318150000000,sz.002448,5.3500,5.3600,5.2800,5.3600,2398300,12763453.0000,3
2021-03-19,20210319103000000,sz.002448,5.3200,5.3600,5.2900,5.3500,1477950,7873859.0000,3
2021-03-19,20210319113000000,sz.002448,5.3500,5.3800,5.3400,5.3600,784261,4201249.0000,3
2021-03-19,20210319140000000,sz.002448,5.3600,5.3700,5.3200,5.3600,595800,3182997.0000,3
2021-03-19,20210319150000000,sz.002448,5.3600,5.3600,5.3300,5.3600,1075900,5758466.0000,3
2021-03-22,20210322103000000,sz.002448,5.3500,5.4200,5.3400,5.3900,2187600,11791206.0000,3
2021-03-22,20210322113000000,sz.002448,5.3900,5.4000,5.3600,5.3800,889000,4782567.0000,3
2021-03-22,20210322140000000,sz.002448,5.3800,5.4100,5.3600,5.4000,1129600,6076226.0000,3
2021-03-22,20210322150000000,sz.002448,5.4000,5.4100,5.3900,5.4000,1040300,5613587.0000,3
2021-03-23,20210323103000000,sz.002448,5.4000,5.4000,5.3300,5.3300,1522000,8156035.0000,3
2021-03-23,20210323113000000,sz.002448,5.3300,5.3500,5.3100,5.3200,918700,4897361.0000,3
2021-03-23,20210323140000000,sz.002448,5.3100,5.3500,5.3000,5.3200,874325,4653271.0000,3
2021-03-23,20210323150000000,sz.002448,5.3400,5.3400,5.2900,5.3300,1523900,8093260.0000,3
2021-03-24,20210324103000000,sz.002448,5.3200,5.3400,5.2900,5.3200,1292975,6879947.0000,3
2021-03-24,20210324113000000,sz.002448,5.3200,5.3200,5.2800,5.2800,860000,4557874.0000,3
2021-03-24,20210324140000000,sz.002448,5.2800,5.3000,5.2600,5.2900,807000,4259267.0000,3
2021-03-24,20210324150000000,sz.002448,5.3000,5.3000,5.2700,5.2700,892200,4711009.0000,3
2021-03-25,20210325103000000,sz.002448,5.2500,5.2900,5.2200,5.2800,1266002,6651410.0000,3
2021-03-25,20210325113000000,sz.002448,5.2800,5.2900,5.2500,5.2600,394600,2079441.0000,3
2021-03-25,20210325140000000,sz.002448,5.2600,5.2800,5.2500,5.2500,475424,2501856.0000,3
2021-03-25,20210325150000000,sz.002448,5.2500,5.2700,5.2400,5.2400,540912,2838893.0000,3
2021-03-26,20210326103000000,sz.002448,5.2500,5.2800,5.2500,5.2800,494050,2600366.0000,3
2021-03-26,20210326113000000,sz.002448,5.2800,5.2900,5.2600,5.2800,404750,2134344.0000,3
2021-03-26,20210326140000000,sz.002448,5.2800,5.2800,5.2600,5.2700,850100,4482726.0000,3
2021-03-26,20210326150000000,sz.002448,5.2700,5.2800,5.2100,5.2100,2455700,12861731.0000,3
2021-03-29,20210329103000000,sz.002448,5.2300,5.2400,5.1800,5.1900,1297600,6754372.0000,3
2021-03-29,20210329113000000,sz.002448,5.1900,5.2200,5.1600,5.2200,2813550,14635027.0000,3
2021-03-29,20210329140000000,sz.002448,5.2200,5.2400,5.2100,5.2200,781450,4079983.0000,3
2021-03-29,20210329150000000,sz.002448,5.2200,5.2800,5.2100,5.2800,1160850,6085995.0000,3
2021-03-30,20210330103000000,sz.002448,5.2500,5.2600,5.2000,5.2000,1280500,6684736.0000,3
2021-03-30,20210330113000000,sz.002448,5.2000,5.2200,5.1700,5.1800,843900,4380344.0000,3
2021-03-30,20210330140000000,sz.002448,5.1900,5.2900,5.1900,5.2700,1818800,9559579.0000,3
2021-03-30,20210330150000000,sz.002448,5.2700,5.3400,5.2700,5.3300,1768702,9389676.0000,3
2021-03-31,20210331103000000,sz.002448,5.2900,5.3500,5.2900,5.3300,1355600,7224174.0000,3
2021-03-31,20210331113000000,sz.002448,5.3300,5.3700,5.3300,5.3500,674450,3609314.0000,3
2021-03-31,20210331140000000,sz.002448,5.3500,5.3600,5.3200,5.3500,733350,3913459.0000,3
2021-03-31,20210331150000000,sz.002448,5.3400,5.3500,5.3300,5.3500,768400,4101862.0000,3
2021-04-01,20210401103000000,sz.002448,5.3400,5.3500,5.2800,5.3200,958300,5097533.0000,3
2021-04-01,20210401113000000,sz.002448,5.3200,5.3600,5.3200,5.3300,1113200,5952848.0000,3
2021-04-01,20210401140000000,sz.002448,5.3300,5.3400,5.3100,5.3300,356400,1896820.0000,3
2021-04-01,20210401150000000,sz.002448,5.3300,5.4500,5.3200,5.4200,5501186,29708347.0000,3
2021-04-02,20210402103000000,sz.002448,5.4100,5.4400,5.3500,5.4100,1151400,6198959.0000,3
2021-04-02,20210402113000000,sz.002448,5.4100,5.4600,5.4000,5.4400,2292900,12462342.0000,3
2021-04-02,20210402140000000,sz.002448,5.4400,5.4400,5.4000,5.4100,472800,2559005.0000,3
2021-04-02,20210402150000000,sz.002448,5.4100,5.4500,5.4100,5.4500,1546800,8408674.0000,3
2021-04-06,20210406103000000,sz.002448,5.4500,5.5100,5.4000,5.4100,2362550,12889510.0000,3
2021-04-06,20210406113000000,sz.002448,5.4100,5.4500,5.4100,5.4200,476452,2586246.0000,3
2021-04-06,20210406140000000,sz.002448,5.4200,5.4500,5.4100,5.4200,945250,5128338.0000,3
2021-04-06,20210406150000000,sz.002448,5.4200,5.4400,5.4100,5.4200,1144908,6211170.0000,3
2021-04-07,20210407103000000,sz.002448,5.4000,5.4200,5.3500,5.3600,1548450,8311165.0000,3
2021-04-07,20210407113000000,sz.002448,5.3600,5.3800,5.3500,5.3800,358400,1922609.0000,3
2021-04-07,20210407140000000,sz.002448,5.3800,5.3900,5.3600,5.3700,684700,3675209.0000,3
2021-04-07,20210407150000000,sz.002448,5.3700,5.4700,5.3700,5.4500,1709663,9263920.0000,3
2021-04-08,20210408103000000,sz.002448,5.4000,5.5200,5.4000,5.5000,3901400,21356144.0000,3
2021-04-08,20210408113000000,sz.002448,5.5000,5.5500,5.4600,5.5400,2242750,12360973.0000,3
2021-04-08,20210408140000000,sz.002448,5.5300,5.5600,5.5200,5.5300,2770250,15340112.0000,3
2021-04-08,20210408150000000,sz.002448,5.5300,5.5400,5.5100,5.5400,2237700,12372414.0000,3
2021-04-09,20210409103000000,sz.002448,5.5100,5.6200,5.4900,5.5000,4411910,24472678.0000,3
2021-04-09,20210409113000000,sz.002448,5.5000,5.6100,5.4900,5.6100,3844490,21389970.0000,3
2021-04-09,20210409140000000,sz.002448,5.6000,5.6000,5.5000,5.5400,3845600,21298545.0000,3
2021-04-09,20210409150000000,sz.002448,5.5400,5.5600,5.5000,5.5600,3084250,17044855.0000,3
2021-04-12,20210412103000000,sz.002448,5.5300,5.6000,5.5100,5.5200,1922500,10667156.0000,3
2021-04-12,20210412113000000,sz.002448,5.5300,5.6300,5.5100,5.6300,6055155,33830618.0000,3
2021-04-12,20210412140000000,sz.002448,5.6200,5.6300,5.5800,5.6100,1850650,10366989.0000,3
2021-04-12,20210412150000000,sz.002448,5.6100,5.6100,5.5800,5.6000,1743950,9756865.0000,3
2021-04-13,20210413103000000,sz.002448,5.6000,5.6200,5.5100,5.5200,1460800,8097803.0000,3
2021-04-13,20210413113000000,sz.002448,5.5300,5.5300,5.4400,5.4900,1430400,7842217.0000,3
2021-04-13,20210413140000000,sz.002448,5.5000,5.5600,5.4900,5.5400,1520700,8415325.0000,3
2021-04-13,20210413150000000,sz.002448,5.5400,5.6200,5.5200,5.5700,4837305,26974330.0000,3
2021-04-14,20210414103000000,sz.002448,5.6000,5.6800,5.4300,5.4600,7900200,43668589.0000,3
2021-04-14,20210414113000000,sz.002448,5.4600,5.5100,5.4400,5.4800,906200,4966529.0000,3
2021-04-14,20210414140000000,sz.002448,5.4800,5.5000,5.4600,5.4900,2039150,11177849.0000,3
2021-04-14,20210414150000000,sz.002448,5.4900,5.5400,5.4500,5.5200,2612150,14374241.0000,3
2021-04-15,20210415103000000,sz.002448,5.5000,5.5300,5.4300,5.4900,2869550,15716781.0000,3
2021-04-15,20210415113000000,sz.002448,5.4900,5.5500,5.4400,5.4600,2387703,13113652.0000,3
2021-04-15,20210415140000000,sz.002448,5.4600,5.4800,5.4400,5.4700,478900,2614400.0000,3
2021-04-15,20210415150000000,sz.002448,5.4700,5.5100,5.4500,5.5100,1188750,6525350.0000,3
2021-04-16,20210416103000000,sz.002448,5.5100,5.5800,5.4900,5.5200,7668600,42444043.0000,3
2021-04-16,20210416113000000,sz.002448,5.5200,5.5400,5.5000,5.5100,1060250,5855258.0000,3
2021-04-16,20210416140000000,sz.002448,5.5100,5.7600,5.5100,5.6800,14310661,80869893.0000,3
2021-04-16,20210416150000000,sz.002448,5.6800,5.6800,5.6100,5.6200,2944938,16617236.0000,3
2021-04-19,20210419103000000,sz.002448,5.8900,5.9500,5.6400,5.7500,20332350,117196557.0000,3
2021-04-19,20210419113000000,sz.002448,5.7400,5.7800,5.7200,5.7500,6341750,36473230.0000,3
2021-04-19,20210419140000000,sz.002448,5.7500,5.8200,5.7400,5.7400,6535450,37699516.0000,3
2021-04-19,20210419150000000,sz.002448,5.7400,5.8100,5.6900,5.8000,12534968,72210115.0000,3
2021-04-20,20210420103000000,sz.002448,5.7500,5.8200,5.6500,5.6600,13857788,79343782.0000,3
2021-04-20,20210420113000000,sz.002448,5.6600,5.6900,5.6400,5.6700,3813400,21590819.0000,3
2021-04-20,20210420140000000,sz.002448,5.6700,5.6800,5.6200,5.6300,3788200,21383365.0000,3
2021-04-20,20210420150000000,sz.002448,5.6300,5.6300,5.5500,5.5600,7169878,40040150.0000,3
2021-04-21,20210421103000000,sz.002448,5.4400,5.4800,5.3400,5.3800,10169775,54932336.0000,3
2021-04-21,20210421113000000,sz.002448,5.3800,5.4200,5.3700,5.4000,2100800,11332760.0000,3
2021-04-21,20210421140000000,sz.002448,5.4000,5.5700,5.3900,5.4800,6121575,33598462.0000,3
2021-04-21,20210421150000000,sz.002448,5.4800,5.5000,5.4100,5.4100,3188909,17369999.0000,3
2021-04-22,20210422103000000,sz.002448,5.4500,5.9500,5.4200,5.9500,49354815,288469824.0000,3
2021-04-22,20210422113000000,sz.002448,5.9500,5.9500,5.9500,5.9500,1187558,7065984.0000,3
2021-04-22,20210422140000000,sz.002448,5.9500,5.9500,5.9500,5.9500,1327150,7896528.0000,3
2021-04-22,20210422150000000,sz.002448,5.9500,5.9500,5.7900,5.7900,18062300,106352384.0000,3
2021-04-23,20210423103000000,sz.002448,5.6500,5.8000,5.6200,5.6800,28106540,160072723.0000,3
2021-04-23,20210423113000000,sz.002448,5.6800,5.6900,5.5700,5.5900,10298900,57904173.0000,3
2021-04-23,20210423140000000,sz.002448,5.5900,5.6100,5.5300,5.5700,5077800,28230733.0000,3
2021-04-23,20210423150000000,sz.002448,5.5700,5.6500,5.5600,5.6500,6227508,34947555.0000,3
2021-04-26,20210426103000000,sz.002448,5.6800,5.6900,5.5600,5.5600,8862750,49696337.0000,3
2021-04-26,20210426113000000,sz.002448,5.5600,5.6200,5.5300,5.5700,4219605,23496776.0000,3
2021-04-26,20210426140000000,sz.002448,5.5600,5.6100,5.5300,5.5800,3546800,19741717.0000,3
2021-04-26,20210426150000000,sz.002448,5.5800,5.5800,5.5200,5.5200,6949900,38493092.0000,3
2021-04-27,20210427103000000,sz.002448,5.5100,5.7300,5.3600,5.4100,13689566,75746830.0000,3
2021-04-27,20210427113000000,sz.002448,5.4100,5.4300,5.3800,5.4000,3206800,17328620.0000,3
2021-04-27,20210427140000000,sz.002448,5.4100,5.4800,5.3900,5.4500,1674500,9103388.0000,3
2021-04-27,20210427150000000,sz.002448,5.4500,5.4600,5.4000,5.4400,2892800,15722620.0000,3
2021-04-28,20210428103000000,sz.002448,5.4000,5.4300,5.3200,5.4200,6726336,36087089.0000,3
2021-04-28,20210428113000000,sz.002448,5.4200,5.4400,5.3800,5.3900,1538600,8315687.0000,3
2021-04-28,20210428140000000,sz.002448,5.3900,5.5200,5.3500,5.4700,5369486,29193411.0000,3
2021-04-28,20210428150000000,sz.002448,5.4700,5.5100,5.4500,5.4800,3042218,16663441.0000,3
2021-04-29,20210429103000000,sz.002448,5.5200,5.5800,5.4500,5.4700,5320800,29319100.0000,3
2021-04-29,20210429113000000,sz.002448,5.4700,5.5200,5.4500,5.4900,1554750,8534325.0000,3
2021-04-29,20210429140000000,sz.002448,5.5000,5.5000,5.4600,5.4700,1365055,7472976.0000,3
2021-04-29,20210429150000000,sz.002448,5.4700,5.4800,5.4100,5.4100,2965800,16142958.0000,3
2021-04-30,20210430103000000,sz.002448,5.4000,5.4400,5.3600,5.3800,3152250,17002667.0000,3
2021-04-30,20210430113000000,sz.002448,5.3800,5.4500,5.3700,5.4300,1484750,8038392.0000,3
2021-04-30,20210430140000000,sz.002448,5.4300,5.4300,5.3900,5.4100,1098850,5935215.0000,3
2021-04-30,20210430150000000,sz.002448,5.4100,5.4400,5.4000,5.4300,2040300,11073704.0000,3
2021-05-06,20210506103000000,sz.002448,5.4400,5.4700,5.4000,5.4400,3030400,16472820.0000,3
2021-05-06,20210506113000000,sz.002448,5.4500,5.4500,5.4000,5.4400,1526750,8281570.0000,3
2021-05-06,20210506140000000,sz.002448,5.4400,5.5100,5.4300,5.4900,2496100,13679421.0000,3
2021-05-06,20210506150000000,sz.002448,5.4900,5.5000,5.4700,5.4900,2158353,11846899.0000,3
2021-05-07,20210507103000000,sz.002448,5.4800,5.5400,5.4400,5.4600,3360700,18409091.0000,3
2021-05-07,20210507113000000,sz.002448,5.4600,5.4700,5.4300,5.4600,2313750,12605657.0000,3
2021-05-07,20210507140000000,sz.002448,5.4500,5.4900,5.4400,5.4400,1566800,8549338.0000,3
2021-05-07,20210507150000000,sz.002448,5.4400,5.4600,5.4200,5.4300,2322500,12615761.0000,3
2021-05-10,20210510103000000,sz.002448,5.4100,5.4500,5.3800,5.4400,2754309,14912985.0000,3
2021-05-10,20210510113000000,sz.002448,5.4200,5.4400,5.4100,5.4100,876100,4756080.0000,3
2021-05-10,20210510140000000,sz.002448,5.4100,5.5600,5.4100,5.5000,5084455,27940403.0000,3
2021-05-10,20210510150000000,sz.002448,5.5000,5.5200,5.4900,5.5000,2089000,11498008.0000,3
2021-05-11,20210511103000000,sz.002448,5.4600,5.5000,5.4200,5.4300,5168200,28181918.0000,3
2021-05-11,20210511113000000,sz.002448,5.4300,5.4700,5.4300,5.4700,1157900,6313533.0000,3
2021-05-11,20210511140000000,sz.002448,5.4700,5.5100,5.4600,5.5100,2733600,14986011.0000,3
2021-05-11,20210511150000000,sz.002448,5.5000,5.5300,5.4900,5.5300,3477999,19178691.0000,3
2021-05-12,20210512103000000,sz.002448,5.5500,5.7100,5.5300,5.6700,12404599,69848523.0000,3
2021-05-12,20210512113000000,sz.002448,5.6700,5.6800,5.6300,5.6600,3185650,18007462.0000,3
2021-05-12,20210512140000000,sz.002448,5.6600,5.6700,5.6300,5.6500,1854000,10467014.0000,3
2021-05-12,20210512150000000,sz.002448,5.6500,5.7100,5.6500,5.6800,5479500,31143472.0000,3
2021-05-13,20210513103000000,sz.002448,5.6500,5.7300,5.6200,5.6800,7660400,43527274.0000,3
2021-05-13,20210513113000000,sz.002448,5.6900,5.7000,5.6600,5.6800,2166378,12292259.0000,3
2021-05-13,20210513140000000,sz.002448,5.6800,5.6900,5.6300,5.6500,2772000,15683329.0000,3
2021-05-13,20210513150000000,sz.002448,5.6400,5.7800,5.6400,5.7000,5823453,33269972.0000,3
2021-05-14,20210514103000000,sz.002448,5.6600,5.7200,5.6400,5.6700,4702100,26693125.0000,3
2021-05-14,20210514113000000,sz.002448,5.6700,5.7300,5.6600,5.6800,2875100,16349183.0000,3
2021-05-14,20210514140000000,sz.002448,5.6800,5.7000,5.6700,5.6900,2384300,13557426.0000,3
2021-05-14,20210514150000000,sz.002448,5.6900,5.7000,5.6100,5.6100,6074450,34415129.0000,3
2021-05-17,20210517103000000,sz.002448,5.5300,5.5300,5.4000,5.4800,10529300,57500723.0000,3
2021-05-17,20210517113000000,sz.002448,5.4800,5.5800,5.4800,5.5600,3376278,18695004.0000,3
2021-05-17,20210517140000000,sz.002448,5.5600,5.7000,5.5400,5.7000,3424650,19266300.0000,3
2021-05-17,20210517150000000,sz.002448,5.7000,5.7100,5.6300,5.6700,3668603,20783662.0000,3
2021-05-18,20210518103000000,sz.002448,5.5900,5.6600,5.5800,5.6400,3775350,21201313.0000,3
2021-05-18,20210518113000000,sz.002448,5.6400,5.6700,5.6200,5.6700,1490899,8417779.0000,3
2021-05-18,20210518140000000,sz.002448,5.6700,5.7000,5.6600,5.6900,2774702,15771848.0000,3
2021-05-18,20210518150000000,sz.002448,5.6900,5.7200,5.6600,5.7100,4404900,25091952.0000,3
2021-05-19,20210519103000000,sz.002448,5.7300,5.7800,5.6300,5.6900,5056850,28746977.0000,3
2021-05-19,20210519113000000,sz.002448,5.6800,5.8100,5.6600,5.8000,7072000,40729108.0000,3
2021-05-19,20210519140000000,sz.002448,5.8000,5.8000,5.7000,5.7200,2600500,14928076.0000,3
2021-05-19,20210519150000000,sz.002448,5.7200,5.7800,5.7100,5.7500,3478750,19985591.0000,3
2021-05-20,20210520103000000,sz.002448,5.7100,5.8300,5.6800,5.7100,5425850,31240341.0000,3
2021-05-20,20210520113000000,sz.002448,5.7100,5.8100,5.6800,5.8000,4379899,25196157.0000,3
2021-05-20,20210520140000000,sz.002448,5.8000,5.8200,5.7600,5.7800,2323400,13440125.0000,3
2021-05-20,20210520150000000,sz.002448,5.7800,5.8500,5.7600,5.7800,4887500,28355310.0000,3
2021-05-21,20210521103000000,sz.002448,5.7800,5.8000,5.7000,5.7700,5074450,29142443.0000,3
2021-05-21,20210521113000000,sz.002448,5.7700,5.8000,5.7500,5.7700,2061650,11904699.0000,3
2021-05-21,20210521140000000,sz.002448,5.7800,5.8300,5.7700,5.8100,4364400,25360573.0000,3
2021-05-21,20210521150000000,sz.002448,5.8000,5.8800,5.7900,5.8500,8082239,47186664.0000,3
2021-05-24,20210524103000000,sz.002448,5.8100,5.8500,5.7500,5.7600,6937650,40250966.0000,3
2021-05-24,20210524113000000,sz.002448,5.7600,5.8500,5.7600,5.8200,4349602,25177136.0000,3
2021-05-24,20210524140000000,sz.002448,5.8200,5.8400,5.7700,5.7700,1662700,9654037.0000,3
2021-05-24,20210524150000000,sz.002448,5.7700,5.7900,5.7500,5.7800,2838000,16381636.0000,3
2021-05-25,20210525103000000,sz.002448,5.7600,5.8100,5.6800,5.6900,5724300,32879141.0000,3
2021-05-25,20210525113000000,sz.002448,5.7000,5.7200,5.6600,5.7100,3406899,19397592.0000,3
2021-05-25,20210525140000000,sz.002448,5.7200,5.8300,5.7100,5.8100,5345157,30909954.0000,3
2021-05-25,20210525150000000,sz.002448,5.8100,5.8100,5.7500,5.7500,2769611,15995071.0000,3
2021-05-26,20210526103000000,sz.002448,5.7900,5.8000,5.7400,5.7700,3940200,22734640.0000,3
2021-05-26,20210526113000000,sz.002448,5.7600,5.7700,5.7000,5.7400,3496200,20028054.0000,3
2021-05-26,20210526140000000,sz.002448,5.7400,5.7900,5.7400,5.7700,1891000,10906613.0000,3
2021-05-26,20210526150000000,sz.002448,5.7700,5.7700,5.7300,5.7400,2458500,14130159.0000,3
2021-05-27,20210527103000000,sz.002448,5.7800,5.8400,5.7100,5.8400,3712300,21439833.0000,3
2021-05-27,20210527113000000,sz.002448,5.8400,5.8400,5.7800,5.8000,2271350,13190921.0000,3
2021-05-27,20210527140000000,sz.002448,5.8000,5.8600,5.7900,5.8400,3904900,22779908.0000,3
2021-05-27,20210527150000000,sz.002448,5.8400,5.8700,5.8300,5.8500,4013300,23457706.0000,3
2021-05-28,20210528103000000,sz.002448,5.8400,5.8600,5.7800,5.7900,3465600,20182976.0000,3
2021-05-28,20210528113000000,sz.002448,5.7900,5.8000,5.7700,5.7900,2034750,11778679.0000,3
2021-05-28,20210528140000000,sz.002448,5.7900,5.8100,5.7600,5.7600,2707700,15665824.0000,3
2021-05-28,20210528150000000,sz.002448,5.7700,5.7800,5.7400,5.7600,3194950,18398198.0000,3
2021-05-31,20210531103000000,sz.002448,5.7300,5.8200,5.7000,5.8000,3828100,22076638.0000,3
2021-05-31,20210531113000000,sz.002448,5.8000,5.8000,5.7300,5.7300,1681600,9700087.0000,3
2021-05-31,20210531140000000,sz.002448,5.7300,5.7700,5.7200,5.7300,2102400,12079961.0000,3
2021-05-31,20210531150000000,sz.002448,5.7300,5.7600,5.7200,5.7500,2573950,14768208.0000,3
2021-06-01,20210601103000000,sz.002448,5.7500,5.7600,5.7000,5.7600,2388052,13691184.0000,3
2021-06-01,20210601113000000,sz.002448,5.7600,5.8500,5.7500,5.8300,3903205,22684238.0000,3
2021-06-01,20210601140000000,sz.002448,5.8300,5.8900,5.8000,5.8700,4637747,27169216.0000,3
2021-06-01,20210601150000000,sz.002448,5.8700,6.0300,5.8500,5.9500,12421500,73843953.0000,3
2021-06-02,20210602103000000,sz.002448,5.9400,5.9900,5.8800,5.9000,6740700,39913205.0000,3
2021-06-02,20210602113000000,sz.002448,5.9100,5.9300,5.8700,5.9300,2472100,14560387.0000,3
2021-06-02,20210602140000000,sz.002448,5.9300,5.9500,5.8900,5.9200,2843300,16827358.0000,3
2021-06-02,20210602150000000,sz.002448,5.9200,5.9600,5.9000,5.9100,3943700,23385130.0000,3
2021-06-03,20210603103000000,sz.002448,5.9400,6.0100,5.9000,5.9300,4821100,28690804.0000,3
2021-06-03,20210603113000000,sz.002448,5.9300,5.9300,5.9000,5.9000,1737200,10273842.0000,3
2021-06-03,20210603140000000,sz.002448,5.9000,5.9400,5.8900,5.9000,1984350,11717438.0000,3
2021-06-03,20210603150000000,sz.002448,5.9000,5.9600,5.8600,5.9100,4806551,28393284.0000,3
2021-06-04,20210604103000000,sz.002448,5.9000,5.9200,5.8500,5.8700,2659500,15627609.0000,3
2021-06-04,20210604113000000,sz.002448,5.8600,5.8700,5.8000,5.8300,3144350,18363786.0000,3
2021-06-04,20210604140000000,sz.002448,5.8400,5.8700,5.8100,5.8300,1551700,9062875.0000,3
2021-06-04,20210604150000000,sz.002448,5.8300,5.8800,5.8000,5.8500,3442050,20103144.0000,3
2021-06-07,20210607103000000,sz.002448,5.8600,5.8900,5.7900,5.8700,3214350,18750879.0000,3
2021-06-07,20210607113000000,sz.002448,5.8700,5.8900,5.8200,5.8800,2582200,15127155.0000,3
2021-06-07,20210607140000000,sz.002448,5.8800,6.0000,5.8800,5.9600,6944200,41390044.0000,3
2021-06-07,20210607150000000,sz.002448,5.9600,5.9700,5.9500,5.9500,3348750,19944725.0000,3
2021-06-08,20210608103000000,sz.002448,5.9500,6.0400,5.9200,5.9500,5069050,30279745.0000,3
2021-06-08,20210608113000000,sz.002448,5.9500,5.9900,5.9500,5.9600,2579000,15381651.0000,3
2021-06-08,20210608140000000,sz.002448,5.9600,6.0800,5.9500,6.0000,5259875,31660620.0000,3
2021-06-08,20210608150000000,sz.002448,6.0000,6.0500,5.9900,6.0100,4047400,24349521.0000,3
2021-06-09,20210609103000000,sz.002448,6.0300,6.0600,5.9500,5.9600,4381100,26205280.0000,3
2021-06-09,20210609113000000,sz.002448,5.9600,6.0200,5.9500,5.9800,1480153,8855914.0000,3
2021-06-09,20210609140000000,sz.002448,5.9800,6.0200,5.9700,6.0200,1619550,9708196.0000,3
2021-06-09,20210609150000000,sz.002448,6.0200,6.0400,5.9900,6.0400,2286200,13743508.0000,3
2021-06-10,20210610103000000,sz.002448,5.9900,6.0500,5.9400,5.9500,4221650,25256961.0000,3
2021-06-10,20210610113000000,sz.002448,5.9500,5.9800,5.9200,5.9600,1827250,10873535.0000,3
2021-06-10,20210610140000000,sz.002448,5.9600,5.9900,5.9500,5.9600,1975475,11786769.0000,3
2021-06-10,20210610150000000,sz.002448,5.9600,6.0200,5.9600,6.0000,2419700,14523034.0000,3
2021-06-11,20210611103000000,sz.002448,6.0000,6.0500,5.9500,5.9800,3395178,20380950.0000,3
2021-06-11,20210611113000000,sz.002448,5.9800,5.9900,5.9000,5.9200,2765700,16429756.0000,3
2021-06-11,20210611140000000,sz.002448,5.9200,5.9500,5.9100,5.9400,1313100,7786568.0000,3
2021-06-11,20210611150000000,sz.002448,5.9400,5.9400,5.8600,5.8700,3314000,19549727.0000,3
2021-06-15,20210615103000000,sz.002448,5.8200,5.8400,5.7200,5.7900,4330650,25025085.0000,3
2021-06-15,20210615113000000,sz.002448,5.8000,6.0500,5.8000,6.0000,7312750,43418139.0000,3
2021-06-15,20210615140000000,sz.002448,6.0100,6.1600,5.9800,6.0600,7781583,47206805.0000,3
2021-06-15,20210615150000000,sz.002448,6.0600,6.1200,6.0500,6.0800,6529000,39707286.0000,3
2021-06-16,20210616103000000,sz.002448,6.0800,6.2100,5.9800,6.1500,13560550,82961474.0000,3
2021-06-16,20210616113000000,sz.002448,6.1400,6.1600,6.0100,6.0100,4315500,26233276.0000,3
2021-06-16,20210616140000000,sz.002448,6.0100,6.0200,5.9400,5.9800,3439300,20575511.0000,3
2021-06-16,20210616150000000,sz.002448,5.9800,6.0100,5.9200,5.9500,3737828,22270868.0000,3
2021-06-17,20210617103000000,sz.002448,6.0200,6.0400,5.8600,5.8800,5065600,30045734.0000,3
2021-06-17,20210617113000000,sz.002448,5.8800,5.9700,5.8600,5.9700,2754600,16318818.0000,3
2021-06-17,20210617140000000,sz.002448,5.9700,5.9700,5.8500,5.8800,2234700,13195242.0000,3
2021-06-17,20210617150000000,sz.002448,5.8800,5.8900,5.8300,5.8700,3424950,20077164.0000,3
2021-06-18,20210618103000000,sz.002448,5.8400,6.0200,5.8100,6.0200,7824350,46308123.0000,3
2021-06-18,20210618113000000,sz.002448,6.0200,6.0500,5.9400,5.9400,3315100,19880935.0000,3
2021-06-18,20210618140000000,sz.002448,5.9400,6.1100,5.9200,6.1100,6201953,37422257.0000,3
2021-06-18,20210618150000000,sz.002448,6.0900,6.2100,6.0800,6.1100,16993824,104445785.0000,3
2021-06-21,20210621103000000,sz.002448,6.2000,6.3800,6.1200,6.2100,20667278,129087339.0000,3
2021-06-21,20210621113000000,sz.002448,6.2100,6.3100,6.1800,6.3100,5263750,32844362.0000,3
2021-06-21,20210621140000000,sz.002448,6.3000,6.3100,6.2000,6.2000,3693854,23041246.0000,3
2021-06-21,20210621150000000,sz.002448,6.2000,6.2600,6.2000,6.2400,4298500,26800311.0000,3
2021-06-22,20210622103000000,sz.002448,6.2200,6.2900,6.1400,6.1600,8866428,55075705.0000,3
2021-06-22,20210622113000000,sz.002448,6.1600,6.2400,6.1500,6.1800,4295500,26626594.0000,3
2021-06-22,20210622140000000,sz.002448,6.1900,6.2400,6.1400,6.1600,4176100,25843300.0000,3
2021-06-22,20210622150000000,sz.002448,6.1600,6.1700,6.0900,6.1400,6145700,37636773.0000,3
2021-06-23,20210623103000000,sz.002448,6.1800,6.1900,6.0800,6.1900,5741900,35255583.0000,3
2021-06-23,20210623113000000,sz.002448,6.1800,6.1900,6.0900,6.1400,3506500,21508935.0000,3
2021-06-23,20210623140000000,sz.002448,6.1300,6.2100,6.1300,6.1900,2592900,16016068.0000,3
2021-06-23,20210623150000000,sz.002448,6.1900,6.2500,6.1800,6.2100,4297900,26672177.0000,3
2021-06-24,20210624103000000,sz.002448,6.1500,6.1700,6.0800,6.1200,4222955,25847360.0000,3
2021-06-24,20210624113000000,sz.002448,6.1200,6.1400,6.0900,6.0900,1882800,11503778.0000,3
2021-06-24,20210624140000000,sz.002448,6.1000,6.1200,6.0700,6.0900,1945000,11840215.0000,3
2021-06-24,20210624150000000,sz.002448,6.0900,6.1100,6.0400,6.0500,2875200,17462974.0000,3
2021-06-25,20210625103000000,sz.002448,6.0600,6.1500,6.0100,6.1500,4814000,29199774.0000,3
2021-06-25,20210625113000000,sz.002448,6.1500,6.2300,6.1300,6.1900,7312500,45245978.0000,3
2021-06-25,20210625140000000,sz.002448,6.1900,6.2500,6.1600,6.2100,4065700,25234843.0000,3
2021-06-25,20210625150000000,sz.002448,6.2000,6.2200,6.1900,6.1900,3387300,21009704.0000,3
2021-06-28,20210628103000000,sz.002448,6.2400,6.2500,6.1000,6.2100,10091500,62294564.0000,3
2021-06-28,20210628113000000,sz.002448,6.2100,6.2100,6.1100,6.1200,2615200,16047333.0000,3
2021-06-28,20210628140000000,sz.002448,6.1200,6.1500,6.0700,6.0800,4431700,27045833.0000,3
2021-06-28,20210628150000000,sz.002448,6.0900,6.1400,6.0500,6.1200,4077615,24843258.1500,3
2021-06-29,20210629103000000,sz.002448,6.1000,6.1700,6.0600,6.1400,7465300,45774914.0000,3
2021-06-29,20210629113000000,sz.002448,6.1400,6.1500,6.0700,6.0700,3143900,19220180.0000,3
2021-06-29,20210629140000000,sz.002448,6.0700,6.0900,6.0300,6.0400,2567700,15571354.0000,3
2021-06-29,20210629150000000,sz.002448,6.0400,6.0400,6.0000,6.0200,3455400,20797184.0000,3
2021-06-30,20210630103000000,sz.002448,6.0200,6.0700,5.9600,6.0500,6248900,37680393.0000,3
2021-06-30,20210630113000000,sz.002448,6.0500,6.0700,5.9800,5.9900,1650500,9934950.0000,3
2021-06-30,20210630140000000,sz.002448,6.0000,6.0900,5.9900,6.0400,3031500,18327386.0000,3
2021-06-30,20210630150000000,sz.002448,6.0400,6.1200,6.0300,6.1000,4326270,26331533.1000,3
2021-07-01,20210701103000000,sz.002448,6.0900,6.3600,6.0500,6.2800,15514150,96674622.0000,3
2021-07-01,20210701113000000,sz.002448,6.2800,6.3500,6.2500,6.2900,8894450,56077527.0000,3
2021-07-01,20210701140000000,sz.002448,6.2900,6.3300,6.2600,6.3000,4943762,31130144.9800,3
2021-07-01,20210701150000000,sz.002448,6.3000,6.3200,6.2300,6.2600,8740300,54815625.0000,3
2021-07-02,20210702103000000,sz.002448,6.2300,6.3700,6.1300,6.1300,16007517,100293068.7600,3
2021-07-02,20210702113000000,sz.002448,6.1300,6.3100,6.1200,6.3100,4342036,26965736.8400,3
2021-07-02,20210702140000000,sz.002448,6.3100,6.4100,6.2300,6.3700,10560150,66914458.5000,3
2021-07-02,20210702150000000,sz.002448,6.3800,6.3800,6.2200,6.3000,8291200,52177563.0000,3
2021-07-05,20210705103000000,sz.002448,6.4300,6.5500,6.3100,6.3800,23290600,148864166.9000,3
2021-07-05,20210705113000000,sz.002448,6.3900,6.6400,6.3800,6.4600,11351600,73929556.0000,3
2021-07-05,20210705140000000,sz.002448,6.4600,6.4900,6.3800,6.4000,6697100,43125528.5000,3
2021-07-05,20210705150000000,sz.002448,6.4000,6.4800,6.3400,6.4600,6939350,44394348.5000,3
2021-07-06,20210706103000000,sz.002448,6.3800,6.3800,6.2600,6.2900,11871104,74895091.9500,3
2021-07-06,20210706113000000,sz.002448,6.2800,6.3400,6.2700,6.3000,3298800,20774926.0000,3
2021-07-06,20210706140000000,sz.002448,6.2900,6.3000,6.1900,6.2200,5046900,31426480.0000,3
2021-07-06,20210706150000000,sz.002448,6.2200,6.3300,6.1900,6.3000,9205400,57781621.0000,3
2021-07-07,20210707103000000,sz.002448,6.2600,6.4400,6.2200,6.4300,14543753,92388919.2500,3
2021-07-07,20210707113000000,sz.002448,6.4300,6.5300,6.3800,6.5100,20734000,134202210.5000,3
2021-07-07,20210707140000000,sz.002448,6.5000,6.5500,6.3900,6.4100,9193800,59416386.5000,3
2021-07-07,20210707150000000,sz.002448,6.4100,6.4600,6.3400,6.4400,8753600,56197195.0000,3
2021-07-08,20210708103000000,sz.002448,6.4100,6.5100,6.2800,6.3200,16450000,105373231.6700,3
2021-07-08,20210708113000000,sz.002448,6.3300,6.3400,6.2000,6.2300,9618300,60220044.5000,3
2021-07-08,20210708140000000,sz.002448,6.2400,6.2700,6.1600,6.2100,8751800,54255288.0000,3
2021-07-08,20210708150000000,sz.002448,6.2000,6.2600,6.1900,6.2500,5011211,31243642.7500,3
2021-07-09,20210709103000000,sz.002448,6.2200,6.2900,6.1800,6.2500,5480733,34224732.2500,3
2021-07-09,20210709113000000,sz.002448,6.2500,6.6100,6.2500,6.6000,28339914,183216401.1000,3
2021-07-09,20210709140000000,sz.002448,6.6100,6.7700,6.6100,6.6800,23233011,155135909.2400,3
2021-07-09,20210709150000000,sz.002448,6.6800,6.7300,6.6300,6.7000,9940650,66321907.0000,3
2021-07-12,20210712103000000,sz.002448,6.6500,6.7400,6.5700,6.6700,13467250,89483558.5000,3
2021-07-12,20210712113000000,sz.002448,6.6700,6.8200,6.6300,6.8200,12378450,83012200.5000,3
2021-07-12,20210712140000000,sz.002448,6.8300,6.8700,6.6100,6.6300,12671700,85269665.0000,3
2021-07-12,20210712150000000,sz.002448,6.6300,6.6600,6.5700,6.6300,7575110,50073635.3000,3
2021-07-13,20210713103000000,sz.002448,6.5700,6.6900,6.5300,6.6200,9940200,65772161.0000,3
2021-07-13,20210713113000000,sz.002448,6.6300,6.6400,6.5800,6.6200,2243000,14821980.0000,3
2021-07-13,20210713140000000,sz.002448,6.6300,6.6400,6.5700,6.6000,2529827,16692707.9300,3
2021-07-13,20210713150000000,sz.002448,6.6000,6.6300,6.5700,6.6200,5424600,35799668.0000,3
2021-07-14,20210714103000000,sz.002448,6.5700,6.6000,6.3700,6.4200,11477950,74252635.0000,3
2021-07-14,20210714113000000,sz.002448,6.4200,6.4500,6.4000,6.4500,3210460,20629296.1300,3
2021-07-14,20210714140000000,sz.002448,6.4500,6.7600,6.4300,6.7000,18835650,125123816.5000,3
2021-07-14,20210714150000000,sz.002448,6.7100,6.7200,6.4700,6.5400,10363100,67892464.0100,3
2021-07-15,20210715103000000,sz.002448,6.5100,6.5900,6.4500,6.5400,6440100,41981935.0000,3
2021-07-15,20210715113000000,sz.002448,6.5500,6.7100,6.4900,6.6200,17733733,117259456.4900,3
2021-07-15,20210715140000000,sz.002448,6.6200,6.7300,6.5800,6.6600,11611850,77366325.8900,3
2021-07-15,20210715150000000,sz.002448,6.6600,6.6600,6.5300,6.6300,9353350,61633516.5000,3
2021-07-16,20210716103000000,sz.002448,6.5500,6.5700,6.4200,6.5300,12544750,81434160.5000,3
2021-07-16,20210716113000000,sz.002448,6.5300,6.5700,6.3900,6.4100,9909700,64003134.0000,3
2021-07-16,20210716140000000,sz.002448,6.4100,6.4800,6.3900,6.4200,3740200,24082487.0000,3
2021-07-16,20210716150000000,sz.002448,6.4300,6.4500,6.3900,6.4100,4735610,30379243.2000,3
2021-07-19,20210719103000000,sz.002448,6.4200,6.5100,6.3600,6.4700,8000183,51380141.3400,3
2021-07-19,20210719113000000,sz.002448,6.4700,6.4900,6.4200,6.4900,2781150,17979418.5000,3
2021-07-19,20210719140000000,sz.002448,6.4900,6.5100,6.4400,6.4600,3971256,25740732.3200,3
2021-07-19,20210719150000000,sz.002448,6.4600,6.4900,6.4400,6.4900,4232300,27373082.9000,3
2021-07-20,20210720103000000,sz.002448,6.4200,6.4800,6.3900,6.4700,6251543,40203012.9300,3
2021-07-20,20210720113000000,sz.002448,6.4700,6.5200,6.4300,6.4800,3413700,22076674.0000,3
2021-07-20,20210720140000000,sz.002448,6.4800,6.5500,6.4700,6.5000,4219950,27449264.5000,3
2021-07-20,20210720150000000,sz.002448,6.5000,6.5200,6.4900,6.5200,3213000,20888585.0000,3
2021-07-21,20210721103000000,sz.002448,6.4900,6.5700,6.4400,6.5300,7804933,50818354.0000,3
2021-07-21,20210721113000000,sz.002448,6.5300,6.5400,6.4600,6.4700,4001500,26020726.6700,3
2021-07-21,20210721140000000,sz.002448,6.4700,6.5100,6.4400,6.4500,5333500,34498010.0000,3
2021-07-21,20210721150000000,sz.002448,6.4600,6.5000,6.4300,6.5000,7723850,49952661.0000,3
2021-07-22,20210722103000000,sz.002448,6.5700,6.8000,6.4900,6.7200,28318000,189633961.5000,3
2021-07-22,20210722113000000,sz.002448,6.7200,6.7300,6.5300,6.5500,9824800,64823811.0000,3
2021-07-22,20210722140000000,sz.002448,6.5500,6.5800,6.4600,6.4600,6274100,40840969.0000,3
2021-07-22,20210722150000000,sz.002448,6.4700,6.5100,6.4300,6.4700,5980900,38717938.0000,3
2021-07-23,20210723103000000,sz.002448,6.4700,6.5100,6.0400,6.2800,19064250,119841538.0000,3
2021-07-23,20210723113000000,sz.002448,6.2900,6.3100,6.2100,6.2200,4150400,25921630.0000,3
2021-07-23,20210723140000000,sz.002448,6.2200,6.2600,6.1900,6.2400,4997950,31061555.5000,3
2021-07-23,20210723150000000,sz.002448,6.2400,6.2400,6.1300,6.1400,6798250,41922177.5000,3
2021-07-26,20210726103000000,sz.002448,6.1400,6.2300,6.0800,6.2000,7481160,46138820.2000,3
2021-07-26,20210726113000000,sz.002448,6.2000,6.2200,6.0500,6.1000,5723600,35089970.0000,3
2021-07-26,20210726140000000,sz.002448,6.0900,6.1200,6.0100,6.1000,7594800,46178807.0000,3
2021-07-26,20210726150000000,sz.002448,6.1000,6.1700,6.0900,6.1400,5940300,36426065.0000,3
2021-07-27,20210727103000000,sz.002448,6.1300,6.2200,6.1000,6.1100,4868300,29987650.0000,3
2021-07-27,20210727113000000,sz.002448,6.1200,6.2300,6.1100,6.2200,5159100,31969253.0000,3
2021-07-27,20210727140000000,sz.002448,6.2300,6.2800,6.2000,6.2500,4492150,28070074.0000,3
2021-07-27,20210727150000000,sz.002448,6.2500,6.2500,6.1300,6.1400,4539550,28020855.0000,3
2021-07-28,20210728103000000,sz.002448,6.1200,6.1700,5.9400,6.1300,9304719,56058666.7400,3
2021-07-28,20210728113000000,sz.002448,6.1300,6.2100,6.0800,6.1400,5315700,32718486.0000,3
2021-07-28,20210728140000000,sz.002448,6.1400,6.1700,6.0800,6.1100,1854600,11360386.5000,3
2021-07-28,20210728150000000,sz.002448,6.1000,6.1300,6.0500,6.0800,2837750,17259252.0000,3
2021-07-29,20210729103000000,sz.002448,6.1200,6.1600,6.0700,6.1000,4751978,29050369.2400,3
2021-07-29,20210729113000000,sz.002448,6.1000,6.1200,6.0800,6.1200,1920500,11701109.0000,3
2021-07-29,20210729140000000,sz.002448,6.1100,6.2000,6.1100,6.1600,3888800,23971276.0000,3
2021-07-29,20210729150000000,sz.002448,6.1600,6.2000,6.1600,6.1900,3939500,24346047.0000,3
2021-07-30,20210730103000000,sz.002448,6.1400,6.2000,6.1400,6.1700,3479100,21428061.0000,3
2021-07-30,20210730113000000,sz.002448,6.1800,6.2200,6.1600,6.1700,2004200,12398673.0000,3
2021-07-30,20210730140000000,sz.002448,6.1600,6.1600,6.0500,6.0800,3473900,21188263.0000,3
2021-07-30,20210730150000000,sz.002448,6.0800,6.1600,6.0800,6.1200,3290700,20149174.5000,3
2021-08-02,20210802103000000,sz.002448,6.0800,6.1800,6.0800,6.1500,3338100,20486539.0000,3
2021-08-02,20210802113000000,sz.002448,6.1500,6.2000,6.1500,6.2000,2741400,16929136.0000,3
2021-08-02,20210802140000000,sz.002448,6.1900,6.2300,6.1800,6.2100,3516200,21830624.0000,3
2021-08-02,20210802150000000,sz.002448,6.2200,6.2300,6.1800,6.2000,3391855,21032982.4500,3
2021-08-03,20210803103000000,sz.002448,6.1900,6.3400,6.1700,6.2600,5048350,31630562.5000,3
2021-08-03,20210803113000000,sz.002448,6.2600,6.3000,6.2400,6.2900,1636250,10269995.5000,3
2021-08-03,20210803140000000,sz.002448,6.2800,6.2900,6.2400,6.2500,2211900,13858537.0000,3
2021-08-03,20210803150000000,sz.002448,6.2500,6.2600,6.1600,6.2200,3368500,20894848.0000,3
2021-08-04,20210804103000000,sz.002448,6.2200,6.3400,6.1900,6.3300,5323300,33448997.0000,3
2021-08-04,20210804113000000,sz.002448,6.3300,6.3400,6.2800,6.2900,2837100,17875912.0000,3
2021-08-04,20210804140000000,sz.002448,6.2900,6.3100,6.2700,6.2800,2221200,13977247.0000,3
2021-08-04,20210804150000000,sz.002448,6.2900,6.3100,6.2800,6.3000,2429805,15301328.5000,3
2021-08-05,20210805103000000,sz.002448,6.3000,6.4300,6.2800,6.4000,7581100,48257245.0000,3
2021-08-05,20210805113000000,sz.002448,6.4000,6.4500,6.3800,6.4500,4106050,26336669.5000,3
2021-08-05,20210805140000000,sz.002448,6.4500,6.4800,6.4200,6.4200,3694150,23817491.5000,3
2021-08-05,20210805150000000,sz.002448,6.4300,6.5000,6.4100,6.4800,5585950,36094002.0000,3
2021-08-06,20210806103000000,sz.002448,6.4900,6.5700,6.3800,6.5100,10111750,65645950.0000,3
2021-08-06,20210806113000000,sz.002448,6.5100,6.5300,6.4500,6.5300,3383800,21943885.0000,3
2021-08-06,20210806140000000,sz.002448,6.5300,6.5800,6.5200,6.5700,4588350,30033396.0000,3
2021-08-06,20210806150000000,sz.002448,6.5800,6.6100,6.5500,6.5900,8006400,52659054.0000,3
2021-08-09,20210809103000000,sz.002448,6.5800,7.1000,6.5800,6.9300,33595300,230060616.0000,3
2021-08-09,20210809113000000,sz.002448,6.9400,6.9400,6.7600,6.8300,6374300,43544888.0000,3
2021-08-09,20210809140000000,sz.002448,6.8300,6.8700,6.7800,6.8100,7007100,47801408.0000,3
2021-08-09,20210809150000000,sz.002448,6.8000,6.9600,6.8000,6.9400,13144314,90765376.0000,3
2021-08-10,20210810103000000,sz.002448,6.8800,7.0900,6.8000,6.9900,23757604,166593281.0000,3
2021-08-10,20210810113000000,sz.002448,7.0000,7.0000,6.9200,6.9600,5607500,39054877.0000,3
2021-08-10,20210810140000000,sz.002448,6.9600,6.9700,6.8700,6.9100,6029500,41705466.0000,3
2021-08-10,20210810150000000,sz.002448,6.9100,7.0100,6.8800,6.9900,7305042,50757544.0000,3
2021-08-11,20210811103000000,sz.002448,7.0000,7.3500,6.9100,6.9900,18869250,133699999.0000,3
2021-08-11,20210811113000000,sz.002448,6.9900,7.0900,6.9700,6.9900,8207178,57815823.0000,3
2021-08-11,20210811140000000,sz.002448,7.0000,7.0600,6.9800,7.0200,6524254,45780899.0000,3
2021-08-11,20210811150000000,sz.002448,7.0300,7.1000,7.0200,7.0800,8133816,57483183.0000,3
2021-08-12,20210812103000000,sz.002448,7.1300,7.1300,6.8400,6.8800,14124199,97531250.0000,3
2021-08-12,20210812113000000,sz.002448,6.8700,6.9100,6.8000,6.9100,5451069,37344094.0000,3
2021-08-12,20210812140000000,sz.002448,6.9000,6.9600,6.8800,6.9600,3540700,24473759.0000,3
2021-08-12,20210812150000000,sz.002448,6.9500,6.9700,6.9000,6.9200,4108000,28463647.0000,3
2021-08-13,20210813103000000,sz.002448,6.9200,6.9500,6.8500,6.9000,6177900,42661918.0000,3
2021-08-13,20210813113000000,sz.002448,6.9000,6.9700,6.8500,6.9700,4410160,30417674.0000,3
2021-08-13,20210813140000000,sz.002448,6.9700,7.0300,6.9300,6.9500,4897150,34159262.0000,3
2021-08-13,20210813150000000,sz.002448,6.9500,6.9900,6.9400,6.9600,4765200,33195102.0000,3
2021-08-16,20210816103000000,sz.002448,6.9000,7.0000,6.8300,6.8500,6985578,48173293.0000,3
2021-08-16,20210816113000000,sz.002448,6.8500,6.9700,6.8400,6.9500,2332600,16137024.0000,3
2021-08-16,20210816140000000,sz.002448,6.9500,6.9900,6.9100,6.9800,3161000,22013854.0000,3
2021-08-16,20210816150000000,sz.002448,6.9800,6.9800,6.8500,6.8900,4970900,34385487.0000,3
2021-08-17,20210817103000000,sz.002448,6.9700,6.9700,6.7100,6.7400,7418950,50546981.0000,3
2021-08-17,20210817113000000,sz.002448,6.7400,6.8200,6.7300,6.7500,2177505,14749852.0000,3
2021-08-17,20210817140000000,sz.002448,6.7500,6.7500,6.6700,6.6900,4085650,27387119.0000,3
2021-08-17,20210817150000000,sz.002448,6.6900,6.7000,6.5900,6.6000,5697750,37807796.0000,3
2021-08-18,20210818103000000,sz.002448,6.6000,6.7000,6.5900,6.6600,4781850,31756448.0000,3
2021-08-18,20210818113000000,sz.002448,6.6600,6.6900,6.6000,6.6300,2882030,19134949.0000,3
2021-08-18,20210818140000000,sz.002448,6.6400,6.6800,6.6100,6.6500,1775550,11794291.0000,3
2021-08-18,20210818150000000,sz.002448,6.6500,6.6900,6.6400,6.6700,3326200,22167529.0000,3
2021-08-19,20210819103000000,sz.002448,6.7000,6.7000,6.5100,6.5300,6365500,41829376.0000,3
2021-08-19,20210819113000000,sz.002448,6.5400,6.5800,6.5000,6.5500,2238400,14632955.0000,3
2021-08-19,20210819140000000,sz.002448,6.5500,6.6600,6.5400,6.6200,3123200,20658516.0000,3
2021-08-19,20210819150000000,sz.002448,6.6200,6.6400,6.5800,6.5900,2528500,16709084.0000,3
2021-08-20,20210820103000000,sz.002448,6.6200,6.6500,6.4900,6.5900,3997600,26311446.0000,3
2021-08-20,20210820113000000,sz.002448,6.5900,6.6000,6.5300,6.5500,1764400,11577634.0000,3
2021-08-20,20210820140000000,sz.002448,6.5500,6.5500,6.5000,6.5100,2770150,18062109.0000,3
2021-08-20,20210820150000000,sz.002448,6.5100,6.6200,6.5100,6.6000,3037300,19989164.0000,3
2021-08-23,20210823103000000,sz.002448,6.6100,6.7400,6.5800,6.6800,6656800,44570821.0000,3
2021-08-23,20210823113000000,sz.002448,6.6800,6.7400,6.6700,6.7300,2902250,19439427.0000,3
2021-08-23,20210823140000000,sz.002448,6.7300,6.8000,6.7200,6.7700,4682000,31666641.0000,3
2021-08-23,20210823150000000,sz.002448,6.7700,6.8000,6.7500,6.7700,3968400,26903969.0000,3
2021-08-24,20210824103000000,sz.002448,6.7700,6.9600,6.7600,6.8900,7904900,54343573.0000,3
2021-08-24,20210824113000000,sz.002448,6.9000,6.9000,6.8000,6.8100,3519300,24133358.0000,3
2021-08-24,20210824140000000,sz.002448,6.8200,6.8600,6.8000,6.8500,2789300,19055899.0000,3
2021-08-24,20210824150000000,sz.002448,6.8500,6.8700,6.8300,6.8500,2621600,17949242.0000,3
2021-08-25,20210825103000000,sz.002448,6.8500,6.9100,6.7700,6.8700,6013300,41176478.0000,3
2021-08-25,20210825113000000,sz.002448,6.8700,6.8900,6.8500,6.8600,1832900,12587703.0000,3
2021-08-25,20210825140000000,sz.002448,6.8700,6.8700,6.8200,6.8500,2594300,17739751.0000,3
2021-08-25,20210825150000000,sz.002448,6.8500,6.9000,6.8400,6.8700,4192600,28782613.0000,3
2021-08-26,20210826103000000,sz.002448,6.8500,6.9000,6.8200,6.8300,3871900,26581039.0000,3
2021-08-26,20210826113000000,sz.002448,6.8300,6.9000,6.8200,6.9000,2696133,18496508.0000,3
2021-08-26,20210826140000000,sz.002448,6.8900,7.0200,6.8900,6.9600,7570250,52600236.0000,3
2021-08-26,20210826150000000,sz.002448,6.9500,6.9900,6.9100,6.9400,4441100,30838419.0000,3
2021-08-27,20210827103000000,sz.002448,6.9100,7.1000,6.8900,6.9600,8999800,62787568.0000,3
2021-08-27,20210827113000000,sz.002448,6.9500,6.9600,6.8700,6.9200,3820100,26400956.0000,3
2021-08-27,20210827140000000,sz.002448,6.9100,6.9800,6.8900,6.8900,3175900,22000566.0000,3
2021-08-27,20210827150000000,sz.002448,6.8900,6.9500,6.8800,6.9200,4494200,31028273.0000,3
2021-08-30,20210830103000000,sz.002448,6.8800,6.9800,6.8600,6.9700,8233500,57034207.0000,3
2021-08-30,20210830113000000,sz.002448,6.9800,6.9900,6.9200,6.9600,3254800,22670279.0000,3
2021-08-30,20210830140000000,sz.002448,6.9600,6.9800,6.8800,6.8800,3468200,24018585.0000,3
2021-08-30,20210830150000000,sz.002448,6.8800,6.9300,6.8700,6.9300,3527600,24373277.0000,3
2021-08-31,20210831103000000,sz.002448,6.9300,6.9700,6.8500,6.8500,5281600,36494451.0000,3
2021-08-31,20210831113000000,sz.002448,6.8500,6.8700,6.7900,6.8200,4675200,31937163.0000,3
2021-08-31,20210831140000000,sz.002448,6.8100,6.9900,6.8100,6.9600,4712700,32520993.0000,3
2021-08-31,20210831150000000,sz.002448,6.9600,7.0700,6.9500,7.0500,8850400,62164152.0000,3
2021-09-01,20210901103000000,sz.002448,7.0500,7.0800,6.8400,6.8800,11187800,77690729.0000,3
2021-09-01,20210901113000000,sz.002448,6.8800,6.8800,6.7100,6.8500,6645200,45217662.0000,3
2021-09-01,20210901140000000,sz.002448,6.8500,6.8700,6.7700,6.7900,2604200,17739009.0000,3
2021-09-01,20210901150000000,sz.002448,6.7800,6.8000,6.7400,6.7500,4485600,30324103.0000,3
2021-09-02,20210902103000000,sz.002448,6.8200,7.2500,6.6800,6.9200,17511500,122512839.0000,3
2021-09-02,20210902113000000,sz.002448,6.9100,6.9500,6.8900,6.9500,2802800,19384331.0000,3
2021-09-02,20210902140000000,sz.002448,6.9600,6.9600,6.8800,6.9100,2802100,19369637.0000,3
2021-09-02,20210902150000000,sz.002448,6.9100,6.9700,6.8900,6.9600,4338900,30103509.0000,3
2021-09-03,20210903103000000,sz.002448,6.9200,7.2400,6.9000,7.2000,18131350,128810906.0000,3
2021-09-03,20210903113000000,sz.002448,7.1900,7.1900,7.0200,7.0600,6983200,49582922.0000,3
2021-09-03,20210903140000000,sz.002448,7.0700,7.2000,7.0600,7.2000,5858700,41925173.0000,3
2021-09-03,20210903150000000,sz.002448,7.1900,7.2000,7.1000,7.1500,5577100,39836593.0000,3
2021-09-06,20210906103000000,sz.002448,7.2000,7.4500,7.0300,7.1000,19666583,142270813.0000,3
2021-09-06,20210906113000000,sz.002448,7.0900,7.1100,7.0300,7.0500,4764800,33642950.0000,3
2021-09-06,20210906140000000,sz.002448,7.0500,7.1400,7.0300,7.0900,3311100,23424913.0000,3
2021-09-06,20210906150000000,sz.002448,7.0900,7.1400,7.0800,7.1300,4256964,30284438.0000,3
2021-09-07,20210907103000000,sz.002448,7.1300,7.1300,7.0000,7.0500,6579550,46339274.0000,3
2021-09-07,20210907113000000,sz.002448,7.0500,7.1100,7.0300,7.0900,3026600,21393902.0000,3
2021-09-07,20210907140000000,sz.002448,7.1000,7.1200,7.0200,7.0600,4341600,30651935.0000,3
2021-09-07,20210907150000000,sz.002448,7.0700,7.1000,7.0500,7.0700,4315177,30501473.0000,3
2021-09-08,20210908103000000,sz.002448,7.0800,7.1300,7.0400,7.0700,6149900,43575411.0000,3
2021-09-08,20210908113000000,sz.002448,7.0700,7.0900,7.0200,7.0400,3047833,21486596.0000,3
2021-09-08,20210908140000000,sz.002448,7.0500,7.1000,7.0100,7.0800,4550850,32085507.0000,3
2021-09-08,20210908150000000,sz.002448,7.0800,7.1000,7.0600,7.0800,3162328,22391641.0000,3
2021-09-09,20210909103000000,sz.002448,7.0200,7.0700,7.0200,7.0300,4543100,31973362.0000,3
2021-09-09,20210909113000000,sz.002448,7.0300,7.0800,7.0200,7.0200,2215300,15600159.0000,3
2021-09-09,20210909140000000,sz.002448,7.0200,7.0400,6.8900,6.9500,8882253,61768351.0000,3
2021-09-09,20210909150000000,sz.002448,6.9500,7.0500,6.9400,7.0400,3468152,24303702.0000,3
2021-09-10,20210910103000000,sz.002448,7.0400,7.1800,7.0300,7.0800,8283250,58882906.0000,3
2021-09-10,20210910113000000,sz.002448,7.0800,7.1000,6.9900,7.0600,4042800,28457666.0000,3
2021-09-10,20210910140000000,sz.002448,7.0600,7.0600,7.0100,7.0200,1996300,14031622.0000,3
2021-09-10,20210910150000000,sz.002448,7.0200,7.0300,6.9500,6.9500,5688550,39752852.0000,3
2021-09-13,20210913103000000,sz.002448,6.9100,6.9300,6.7900,6.8200,7417300,50753936.0000,3
2021-09-13,20210913113000000,sz.002448,6.8200,6.8600,6.8000,6.8400,2009000,13714325.0000,3
2021-09-13,20210913140000000,sz.002448,6.8300,6.8500,6.8100,6.8400,2504250,17097610.0000,3
2021-09-13,20210913150000000,sz.002448,6.8400,6.8500,6.7900,6.8100,3888600,26522401.0000,3
2021-09-14,20210914103000000,sz.002448,6.8200,6.8900,6.7300,6.8600,6397600,43528528.0000,3
2021-09-14,20210914113000000,sz.002448,6.8600,6.8800,6.8200,6.8400,1296700,8884901.0000,3
2021-09-14,20210914140000000,sz.002448,6.8400,6.8400,6.7700,6.7800,1972850,13405403.0000,3
2021-09-14,20210914150000000,sz.002448,6.7800,6.7800,6.6800,6.7000,4785300,32184137.0000,3
2021-09-15,20210915103000000,sz.002448,6.6800,6.7500,6.6300,6.7100,3584000,24016251.0000,3
2021-09-15,20210915113000000,sz.002448,6.7100,6.7500,6.6900,6.7500,1766805,11855134.0000,3
2021-09-15,20210915140000000,sz.002448,6.7500,6.8600,6.7500,6.7700,3081900,20923761.0000,3
2021-09-15,20210915150000000,sz.002448,6.7600,6.7900,6.7400,6.7900,2037750,13795431.0000,3
2021-09-16,20210916103000000,sz.002448,6.8100,7.1000,6.7800,6.9600,14069903,97807044.0000,3
2021-09-16,20210916113000000,sz.002448,6.9600,6.9900,6.8900,6.9100,2646700,18349803.0000,3
2021-09-16,20210916140000000,sz.002448,6.9100,6.9100,6.8300,6.8500,3321677,22819695.0000,3
2021-09-16,20210916150000000,sz.002448,6.8500,6.8900,6.8300,6.8500,3454250,23667933.0000,3
2021-09-17,20210917103000000,sz.002448,6.8600,7.2100,6.8600,7.1300,23028902,163376894.0000,3
2021-09-17,20210917113000000,sz.002448,7.1200,7.2000,7.0800,7.1500,6877300,49088157.0000,3
2021-09-17,20210917140000000,sz.002448,7.1600,7.2500,7.1100,7.2000,10144950,72948213.0000,3
2021-09-17,20210917150000000,sz.002448,7.2000,7.3200,7.1900,7.2600,14173920,102974000.0000,3
2021-09-22,20210922103000000,sz.002448,7.2600,7.4700,7.2000,7.3800,22370033,164565311.0000,3
2021-09-22,20210922113000000,sz.002448,7.3800,7.4300,7.3500,7.3700,3964550,29321285.0000,3
2021-09-22,20210922140000000,sz.002448,7.3600,7.4600,7.3400,7.3700,7905200,58540363.0000,3
2021-09-22,20210922150000000,sz.002448,7.3700,7.4000,7.3100,7.3800,7039649,51866273.0000,3
2021-09-23,20210923103000000,sz.002448,7.4000,7.8100,7.3800,7.7500,33368449,254953715.0000,3
2021-09-23,20210923113000000,sz.002448,7.7500,7.7500,7.6500,7.7200,5270200,40532861.0000,3
2021-09-23,20210923140000000,sz.002448,7.7200,7.7700,7.6500,7.6800,5155000,39703408.0000,3
2021-09-23,20210923150000000,sz.002448,7.6800,7.7100,7.6300,7.6800,6375250,48902384.0000,3
2021-09-24,20210924103000000,sz.002448,7.6300,8.0400,7.5900,7.8100,29973862,237111179.0000,3
2021-09-24,20210924113000000,sz.002448,7.8100,7.8300,7.6800,7.8300,7342700,56939013.0000,3
2021-09-24,20210924140000000,sz.002448,7.8100,7.8600,7.6300,7.6400,11231250,86984912.0000,3
2021-09-24,20210924150000000,sz.002448,7.6400,7.6500,7.5000,7.5200,11461371,86670208.0000,3
2021-09-27,20210927103000000,sz.002448,7.7300,7.7300,7.2300,7.2400,19815200,147897360.0000,3
2021-09-27,20210927113000000,sz.002448,7.2400,7.3100,7.0600,7.0700,6375250,45812070.0000,3
2021-09-27,20210927140000000,sz.002448,7.0700,7.2400,7.0300,7.2400,4179650,29904043.0000,3
2021-09-27,20210927150000000,sz.002448,7.2400,7.2600,7.1500,7.1900,4495400,32341183.0000,3
2021-09-28,20210928103000000,sz.002448,7.2900,7.2900,7.0200,7.0500,10037430,71556455.0000,3
2021-09-28,20210928113000000,sz.002448,7.0500,7.1100,7.0400,7.0800,2373600,16785471.0000,3
2021-09-28,20210928140000000,sz.002448,7.0800,7.1900,7.0800,7.1800,2546100,18171720.0000,3
2021-09-28,20210928150000000,sz.002448,7.1800,7.2000,7.1000,7.2000,4160500,29713345.0000,3
2021-09-29,20210929103000000,sz.002448,7.1000,7.2700,7.0300,7.1100,6591800,47034495.0000,3
2021-09-29,20210929113000000,sz.002448,7.1100,7.1200,6.9600,7.0000,4926500,34623448.0000,3
2021-09-29,20210929140000000,sz.002448,7.0000,7.0700,6.9900,7.0200,1719800,12063509.0000,3
2021-09-29,20210929150000000,sz.002448,7.0200,7.1200,7.0000,7.1200,5263600,37128256.0000,3
2021-09-30,20210930103000000,sz.002448,7.0900,7.3000,7.0200,7.0500,19777500,141880955.0000,3
2021-09-30,20210930113000000,sz.002448,7.0600,7.0900,6.9900,6.9900,5129400,36091408.0000,3
2021-09-30,20210930140000000,sz.002448,6.9900,7.0400,6.9000,6.9900,6101500,42521131.0000,3
2021-09-30,20210930150000000,sz.002448,6.9900,7.0100,6.9100,6.9400,5649630,39310304.0000,3
2021-10-08,20211008103000000,sz.002448,6.9300,7.2800,6.9300,7.1900,19550077,139616977.0000,3
2021-10-08,20211008113000000,sz.002448,7.1900,7.2300,7.1500,7.2100,4379500,31489082.0000,3
2021-10-08,20211008140000000,sz.002448,7.2100,7.3800,7.2000,7.3300,10658750,77725354.0000,3
2021-10-08,20211008150000000,sz.002448,7.3300,7.4300,7.3100,7.4300,7425400,54815531.0000,3
2021-10-11,20211011103000000,sz.002448,7.4100,7.6400,7.3000,7.4900,16322150,122220333.0000,3
2021-10-11,20211011113000000,sz.002448,7.4900,7.6600,7.4800,7.5500,6459850,48922141.0000,3
2021-10-11,20211011140000000,sz.002448,7.5500,7.5500,7.4200,7.5000,5746400,43022913.0000,3
2021-10-11,20211011150000000,sz.002448,7.5000,7.5200,7.4200,7.4900,4706750,35135295.0000,3
2021-10-12,20211012103000000,sz.002448,7.4800,7.6700,7.4000,7.5500,9855710,73953182.0000,3
2021-10-12,20211012113000000,sz.002448,7.5400,7.5600,7.4100,7.4900,4336500,32404862.0000,3
2021-10-12,20211012140000000,sz.002448,7.4800,7.4800,7.3100,7.3800,3533700,26041488.0000,3
2021-10-12,20211012150000000,sz.002448,7.3800,7.5000,7.3400,7.4600,4471339,33193608.0000,3
2021-10-13,20211013103000000,sz.002448,7.4600,7.6400,7.3100,7.4800,15425500,116019597.0000,3
2021-10-13,20211013113000000,sz.002448,7.4800,7.5200,7.3400,7.3500,4172300,30942628.0000,3
2021-10-13,20211013140000000,sz.002448,7.3500,7.5000,7.3000,7.4100,6142655,45462939.0000,3
2021-10-13,20211013150000000,sz.002448,7.4000,7.4400,7.3700,7.4200,3754900,27782904.0000,3
2021-10-14,20211014103000000,sz.002448,7.3500,7.4500,7.2100,7.3900,11560010,84793690.0000,3
2021-10-14,20211014113000000,sz.002448,7.3900,7.4900,7.3600,7.4900,4733400,35139507.0000,3
2021-10-14,20211014140000000,sz.002448,7.4900,7.5900,7.4800,7.5700,10288351,77565867.0000,3
2021-10-14,20211014150000000,sz.002448,7.5700,7.6300,7.5600,7.6200,9116800,69291743.0000,3
2021-10-15,20211015103000000,sz.002448,7.5600,7.6600,7.4200,7.5200,16028293,121296115.0000,3
2021-10-15,20211015113000000,sz.002448,7.5200,7.5300,7.3300,7.5300,8568700,63602957.0000,3
2021-10-15,20211015140000000,sz.002448,7.5300,7.6200,7.4900,7.6000,3911200,29576814.0000,3
2021-10-15,20211015150000000,sz.002448,7.6000,7.6000,7.5400,7.5700,4580650,34668990.0000,3
2021-10-18,20211018103000000,sz.002448,7.5600,7.6500,7.4900,7.6200,11480211,86986260.0000,3
2021-10-18,20211018113000000,sz.002448,7.6200,7.6300,7.5300,7.5800,4425100,33520127.0000,3
2021-10-18,20211018140000000,sz.002448,7.5800,7.5900,7.5200,7.5600,2882693,21789017.0000,3
2021-10-18,20211018150000000,sz.002448,7.5600,7.6300,7.5500,7.5800,6968600,52908446.0000,3
2021-10-19,20211019103000000,sz.002448,7.5800,7.8400,7.5700,7.8300,22193600,172165433.0000,3
2021-10-19,20211019113000000,sz.002448,7.8200,7.9100,7.7800,7.8700,7121400,55918417.0000,3
2021-10-19,20211019140000000,sz.002448,7.8700,7.8900,7.8200,7.8600,3370700,26491931.0000,3
2021-10-19,20211019150000000,sz.002448,7.8600,7.9200,7.8400,7.8800,7625550,60064331.0000,3
2021-10-20,20211020103000000,sz.002448,7.8400,8.0000,7.6900,7.9600,20259410,159191259.0000,3
2021-10-20,20211020113000000,sz.002448,7.9600,7.9800,7.9100,7.9700,4502050,35782364.0000,3
2021-10-20,20211020140000000,sz.002448,7.9700,8.0100,7.9300,7.9600,5657680,45099240.0000,3
2021-10-20,20211020150000000,sz.002448,7.9600,7.9900,7.9400,7.9800,7651550,60978801.0000,3
2021-10-21,20211021103000000,sz.002448,7.9700,8.1000,7.8800,8.0000,16463400,131743720.0000,3
2021-10-21,20211021113000000,sz.002448,8.0000,8.0000,7.9300,7.9700,4212200,33526860.0000,3
2021-10-21,20211021140000000,sz.002448,7.9600,8.0000,7.8300,7.8400,11635800,92372231.0000,3
2021-10-21,20211021150000000,sz.002448,7.8300,7.9700,7.8200,7.9300,8756859,69243973.0000,3
2021-10-22,20211022103000000,sz.002448,7.8800,8.0200,7.7100,8.0000,20287529,160287353.0000,3
2021-10-22,20211022113000000,sz.002448,8.0200,8.0200,7.7900,7.9200,7998550,63158418.0000,3
2021-10-22,20211022140000000,sz.002448,7.9300,7.9300,7.8400,7.8600,2502200,19724677.0000,3
2021-10-22,20211022150000000,sz.002448,7.8700,7.8700,7.7900,7.8500,5131859,40223376.0000,3
2021-10-25,20211025103000000,sz.002448,7.7600,7.8200,7.5700,7.5900,12278100,94390032.0000,3
2021-10-25,20211025113000000,sz.002448,7.5900,7.6600,7.5800,7.6300,4105650,31263259.0000,3
2021-10-25,20211025140000000,sz.002448,7.6300,7.7200,7.6200,7.6800,4452279,34157943.0000,3
2021-10-25,20211025150000000,sz.002448,7.6800,7.6900,7.6500,7.6800,4119400,31607939.0000,3
2021-10-26,20211026103000000,sz.002448,7.6800,7.8300,7.6300,7.8000,10910348,84861736.0000,3
2021-10-26,20211026113000000,sz.002448,7.8000,7.8700,7.7800,7.8500,4171600,32664940.0000,3
2021-10-26,20211026140000000,sz.002448,7.8500,7.8800,7.7900,7.7900,5651200,44251658.0000,3
2021-10-26,20211026150000000,sz.002448,7.7900,7.8400,7.7800,7.8400,3743800,29266521.0000,3
2021-10-27,20211027103000000,sz.002448,7.7800,7.8400,7.5800,7.7400,11953600,92073235.0000,3
2021-10-27,20211027113000000,sz.002448,7.7400,7.7500,7.6500,7.6700,3893900,29995639.0000,3
2021-10-27,20211027140000000,sz.002448,7.6700,7.7200,7.6500,7.6600,3366500,25864353.0000,3
2021-10-27,20211027150000000,sz.002448,7.6600,7.7000,7.6100,7.6600,4160000,31838073.0000,3
2021-10-28,20211028103000000,sz.002448,7.6300,7.7400,7.4100,7.4700,9245600,69927300.0000,3
2021-10-28,20211028113000000,sz.002448,7.4600,7.4900,7.3500,7.4800,3491000,25883489.0000,3
2021-10-28,20211028140000000,sz.002448,7.4700,7.5500,7.4700,7.4900,2438950,18320440.0000,3
2021-10-28,20211028150000000,sz.002448,7.5000,7.5400,7.4400,7.4500,2880050,21547730.0000,3
2021-10-29,20211029103000000,sz.002448,7.4700,7.6100,7.3600,7.3600,8983300,67096181.0000,3
2021-10-29,20211029113000000,sz.002448,7.3600,7.4100,7.2900,7.3900,4520050,33214537.0000,3
2021-10-29,20211029140000000,sz.002448,7.4000,7.4000,7.3600,7.3800,2255300,16648155.0000,3
2021-10-29,20211029150000000,sz.002448,7.3800,7.4000,7.3400,7.3900,4400610,32458078.0000,3
2021-11-01,20211101103000000,sz.002448,7.3900,7.6300,7.2900,7.6300,10280337,76952606.0000,3
2021-11-01,20211101113000000,sz.002448,7.6200,7.6600,7.5600,7.6100,5749065,43745145.0000,3
2021-11-01,20211101140000000,sz.002448,7.6000,7.7000,7.5700,7.6300,6134420,46908933.0000,3
2021-11-01,20211101150000000,sz.002448,7.6300,7.6900,7.6000,7.6700,6066200,46477708.0000,3
2021-11-02,20211102103000000,sz.002448,7.6400,7.7200,7.5400,7.6200,10522500,80314204.0000,3
2021-11-02,20211102113000000,sz.002448,7.6200,7.6200,7.4700,7.5200,6024400,45409092.0000,3
2021-11-02,20211102140000000,sz.002448,7.5300,7.5300,7.2400,7.2500,7869027,57809311.0000,3
2021-11-02,20211102150000000,sz.002448,7.2500,7.3800,7.1900,7.3600,7395569,53801639.0000,3
2021-11-03,20211103103000000,sz.002448,7.3800,7.4300,7.2500,7.2600,8268251,60687647.0000,3
2021-11-03,20211103113000000,sz.002448,7.2600,7.3500,7.2000,7.2700,3449210,25051161.0000,3
2021-11-03,20211103140000000,sz.002448,7.2700,7.2800,7.1000,7.1200,5576390,39908835.0000,3
2021-11-03,20211103150000000,sz.002448,7.1200,7.3700,7.0900,7.3400,5229600,37993145.0000,3
2021-11-04,20211104103000000,sz.002448,7.3300,7.4400,7.2800,7.3600,8888358,65490887.0000,3
2021-11-04,20211104113000000,sz.002448,7.3600,7.4000,7.2800,7.2900,5133142,37632466.0000,3
2021-11-04,20211104140000000,sz.002448,7.2800,7.3600,7.2500,7.3300,3447000,25264238.0000,3
2021-11-04,20211104150000000,sz.002448,7.3300,7.3800,7.3300,7.3700,3199678,23523858.0000,3
2021-11-05,20211105103000000,sz.002448,7.3700,7.6500,7.2900,7.5600,14562268,109598892.0000,3
2021-11-05,20211105113000000,sz.002448,7.5600,7.6100,7.5500,7.6100,4792400,36324215.0000,3
2021-11-05,20211105140000000,sz.002448,7.6100,7.6300,7.5200,7.5600,5467819,41375093.0000,3
2021-11-05,20211105150000000,sz.002448,7.5600,7.5900,7.5400,7.5800,6975250,52769210.0000,3
2021-11-08,20211108103000000,sz.002448,7.7400,7.9100,7.4300,7.6900,27903800,214450104.0000,3
2021-11-08,20211108113000000,sz.002448,7.6700,7.7500,7.5800,7.6100,3361060,25710500.0000,3
2021-11-08,20211108140000000,sz.002448,7.6200,7.6500,7.4600,7.6500,7710100,58162804.0000,3
2021-11-08,20211108150000000,sz.002448,7.6500,7.7700,7.6400,7.7200,10744562,82888112.0000,3
2021-11-09,20211109103000000,sz.002448,7.6100,7.6700,7.5000,7.5100,10610500,80224135.0000,3
2021-11-09,20211109113000000,sz.002448,7.5000,7.7100,7.4900,7.6500,9771300,74508275.0000,3
2021-11-09,20211109140000000,sz.002448,7.6600,7.6600,7.5300,7.5400,4588719,34712933.0000,3
2021-11-09,20211109150000000,sz.002448,7.5500,7.6100,7.5100,7.5200,6290793,47512678.0000,3
2021-11-10,20211110103000000,sz.002448,7.5200,7.7300,7.3000,7.3300,21769600,164742599.0000,3
2021-11-10,20211110113000000,sz.002448,7.3300,7.3900,7.3000,7.3200,3778037,27718822.0000,3
2021-11-10,20211110140000000,sz.002448,7.3200,7.4500,7.2300,7.4000,5632919,41315122.0000,3
2021-11-10,20211110150000000,sz.002448,7.4000,7.5200,7.4000,7.4800,3805250,28364954.0000,3
2021-11-11,20211111103000000,sz.002448,7.4000,7.5900,7.4000,7.4200,8841400,66297576.0000,3
2021-11-11,20211111113000000,sz.002448,7.4300,7.5200,7.3700,7.5200,3326800,24726706.0000,3
2021-11-11,20211111140000000,sz.002448,7.5200,7.6000,7.4500,7.4900,9272700,70008333.0000,3
2021-11-11,20211111150000000,sz.002448,7.4900,7.5700,7.4700,7.5100,5969100,44932645.0000,3
2021-11-12,20211112103000000,sz.002448,7.4900,7.5700,7.4000,7.5100,6940700,52155912.0000,3
2021-11-12,20211112113000000,sz.002448,7.5100,7.6100,7.4700,7.5800,9170637,69308887.0000,3
2021-11-12,20211112140000000,sz.002448,7.5800,7.5800,7.5000,7.5600,3263800,24595628.0000,3
2021-11-12,20211112150000000,sz.002448,7.5600,7.6100,7.5500,7.5800,6290011,47672417.0000,3
2021-11-15,20211115103000000,sz.002448,7.6000,7.7300,7.5800,7.6800,13095500,100385037.0000,3
2021-11-15,20211115113000000,sz.002448,7.6800,7.7000,7.6300,7.6800,4639800,35575287.0000,3
2021-11-15,20211115140000000,sz.002448,7.6800,7.7500,7.6800,7.7400,6616109,51088916.0000,3
2021-11-15,20211115150000000,sz.002448,7.7400,7.7600,7.7200,7.7400,5231850,40466659.0000,3
2021-11-16,20211116103000000,sz.002448,7.7000,7.8600,7.6400,7.7700,16432059,127425870.0000,3
2021-11-16,20211116113000000,sz.002448,7.7700,7.8700,7.7600,7.8400,6570407,51363172.0000,3
2021-11-16,20211116140000000,sz.002448,7.8500,7.8500,7.7200,7.8100,5267300,40940689.0000,3
2021-11-16,20211116150000000,sz.002448,7.8000,7.8400,7.7500,7.7600,8621500,67163517.0000,3
2021-11-17,20211117103000000,sz.002448,7.7200,7.7500,7.6600,7.7500,6598500,50781755.0000,3
2021-11-17,20211117113000000,sz.002448,7.7500,7.7800,7.7000,7.7300,2821600,21818117.0000,3
2021-11-17,20211117140000000,sz.002448,7.7300,7.9000,7.7300,7.8000,15849200,124224884.0000,3
2021-11-17,20211117150000000,sz.002448,7.8000,7.8800,7.7900,7.8700,6372200,50047299.0000,3
2021-11-18,20211118103000000,sz.002448,7.8600,8.1100,7.8200,8.0100,29558116,236865135.0000,3
2021-11-18,20211118113000000,sz.002448,8.0100,8.1700,7.9600,8.1700,11316903,91159505.0000,3
2021-11-18,20211118140000000,sz.002448,8.1600,8.2200,8.0600,8.1100,10490518,85263376.0000,3
2021-11-18,20211118150000000,sz.002448,8.1100,8.1300,8.0100,8.0500,9481730,76405008.0000,3
2021-11-19,20211119103000000,sz.002448,7.9900,7.9900,7.3500,7.6100,32285844,246463289.0000,3
2021-11-19,20211119113000000,sz.002448,7.6200,7.8300,7.5700,7.7700,7927906,61253399.0000,3
2021-11-19,20211119140000000,sz.002448,7.7700,7.8600,7.6900,7.8000,6698000,52190512.0000,3
2021-11-19,20211119150000000,sz.002448,7.8000,7.8500,7.7600,7.7900,6399507,49862224.0000,3
2021-11-22,20211122103000000,sz.002448,7.7000,7.7800,7.5200,7.7600,16934555,129457726.0000,3
2021-11-22,20211122113000000,sz.002448,7.7600,7.8200,7.7000,7.7700,6265000,48692802.0000,3
2021-11-22,20211122140000000,sz.002448,7.7700,7.8100,7.7100,7.8000,5789910,44946516.0000,3
2021-11-22,20211122150000000,sz.002448,7.8000,7.8800,7.8000,7.8700,8844300,69325948.0000,3
2021-11-23,20211123103000000,sz.002448,7.8400,7.9700,7.7600,7.8900,14442855,113418854.0000,3
2021-11-23,20211123113000000,sz.002448,7.8900,7.9800,7.8500,7.9200,9235600,73210889.0000,3
2021-11-23,20211123140000000,sz.002448,7.9100,7.9900,7.8300,7.9600,8782050,69634062.0000,3
2021-11-23,20211123150000000,sz.002448,7.9600,7.9700,7.9200,7.9200,5764200,45785219.0000,3
2021-11-24,20211124103000000,sz.002448,7.9000,8.1500,7.8500,7.9100,22028605,176825765.0000,3
2021-11-24,20211124113000000,sz.002448,7.9200,8.0500,7.8800,8.0500,6680933,53172022.0000,3
2021-11-24,20211124140000000,sz.002448,8.0500,8.1400,8.0500,8.0700,8263311,66859349.0000,3
2021-11-24,20211124150000000,sz.002448,8.0700,8.0900,8.0400,8.0600,6604800,53262640.0000,3
2021-11-25,20211125103000000,sz.002448,8.0200,8.3000,7.9500,7.9600,23438200,190369708.0000,3
2021-11-25,20211125113000000,sz.002448,7.9500,8.1800,7.9100,8.1500,14019200,113549236.0000,3
2021-11-25,20211125140000000,sz.002448,8.1500,8.2000,8.1200,8.1300,6795156,55449856.0000,3
2021-11-25,20211125150000000,sz.002448,8.1300,8.1300,8.0200,8.0700,7264907,58633328.0000,3
2021-11-26,20211126103000000,sz.002448,7.9800,8.0100,7.8100,7.9500,11314400,89374926.0000,3
2021-11-26,20211126113000000,sz.002448,7.9600,8.0700,7.8900,8.0500,6538300,52293182.0000,3
2021-11-26,20211126140000000,sz.002448,8.0500,8.1600,7.9100,8.0000,10795604,86835771.0000,3
2021-11-26,20211126150000000,sz.002448,8.0000,8.0100,7.9100,7.9600,6318789,50392393.0000,3
2021-11-29,20211129103000000,sz.002448,7.8300,7.9400,7.7800,7.8900,7677459,60475128.0000,3
2021-11-29,20211129113000000,sz.002448,7.8900,8.0000,7.8600,7.9300,6476700,51414070.0000,3
2021-11-29,20211129140000000,sz.002448,7.9300,7.9800,7.8500,7.9400,4662600,36895763.0000,3
2021-11-29,20211129150000000,sz.002448,7.9300,7.9600,7.8900,7.9400,4965900,39397198.0000,3
2021-11-30,20211130103000000,sz.002448,7.9900,8.1400,7.9100,7.9500,18053160,144682937.0000,3
2021-11-30,20211130113000000,sz.002448,7.9500,7.9900,7.7700,7.8500,12589101,98833493.0000,3
2021-11-30,20211130140000000,sz.002448,7.8500,7.8800,7.6400,7.6800,12680207,98429794.0000,3
2021-11-30,20211130150000000,sz.002448,7.6800,7.7500,7.5900,7.7100,9751850,74782512.0000,3
2021-12-01,20211201103000000,sz.002448,7.7000,7.9000,7.6800,7.7900,16133060,125814246.0000,3
2021-12-01,20211201113000000,sz.002448,7.8000,7.8600,7.7900,7.8300,4155100,32517230.0000,3
2021-12-01,20211201140000000,sz.002448,7.8300,7.8300,7.7600,7.7700,2234200,17385903.0000,3
2021-12-01,20211201150000000,sz.002448,7.7700,7.8300,7.7600,7.8100,4943600,38558279.0000,3
2021-12-02,20211202103000000,sz.002448,7.7500,7.9300,7.6600,7.7700,13792600,107544563.0000,3
2021-12-02,20211202113000000,sz.002448,7.7700,7.7900,7.7200,7.7600,3321600,25762275.0000,3
2021-12-02,20211202140000000,sz.002448,7.7500,7.7600,7.6900,7.7000,2782500,21458297.0000,3
2021-12-02,20211202150000000,sz.002448,7.7000,7.7100,7.5700,7.5800,8358255,63788897.0000,3
2021-12-03,20211203103000000,sz.002448,7.6100,7.7800,7.5200,7.5400,21002650,160916563.0000,3
2021-12-03,20211203113000000,sz.002448,7.5400,7.6100,7.4800,7.6100,4968118,37414351.0000,3
2021-12-03,20211203140000000,sz.002448,7.6100,7.6200,7.5500,7.5900,3099900,23505069.0000,3
2021-12-03,20211203150000000,sz.002448,7.5900,7.6100,7.5300,7.5400,4448565,33645710.0000,3
2021-12-06,20211206103000000,sz.002448,7.5000,7.5500,7.0500,7.1900,23473493,169732451.0000,3
2021-12-06,20211206113000000,sz.002448,7.1900,7.4100,7.1800,7.4000,8341900,61084838.0000,3
2021-12-06,20211206140000000,sz.002448,7.4000,7.4000,7.2000,7.2400,3649600,26511520.0000,3
2021-12-06,20211206150000000,sz.002448,7.2400,7.2500,7.1000,7.1200,7448743,53280231.0000,3
2021-12-07,20211207103000000,sz.002448,7.1200,7.2600,7.0700,7.0900,13131400,94219078.0000,3
2021-12-07,20211207113000000,sz.002448,7.0900,7.0900,6.9500,7.0200,7424304,52006527.0000,3
2021-12-07,20211207140000000,sz.002448,7.0200,7.0300,6.8800,6.9100,4733986,32873773.0000,3
2021-12-07,20211207150000000,sz.002448,6.9100,6.9400,6.8100,6.8600,6323040,43380347.0000,3
2021-12-08,20211208103000000,sz.002448,6.8800,7.0300,6.8500,6.9600,12117100,84133572.0000,3
2021-12-08,20211208113000000,sz.002448,6.9500,6.9600,6.9100,6.9200,3585300,24847415.0000,3
2021-12-08,20211208140000000,sz.002448,6.9200,6.9500,6.8700,6.8900,3670300,25327732.0000,3
2021-12-08,20211208150000000,sz.002448,6.8900,6.9000,6.8600,6.9000,3895102,26820440.0000,3
2021-12-09,20211209103000000,sz.002448,6.9100,6.9800,6.9000,6.9300,6224204,43141090.0000,3
2021-12-09,20211209113000000,sz.002448,6.9300,6.9700,6.9100,6.9400,2730200,18943660.0000,3
2021-12-09,20211209140000000,sz.002448,6.9400,6.9500,6.8700,6.9000,3392200,23415546.0000,3
2021-12-09,20211209150000000,sz.002448,6.9000,6.9100,6.8800,6.8900,3292000,22684575.0000,3
2021-12-10,20211210103000000,sz.002448,6.8800,6.9300,6.7800,6.9200,6137090,42074217.0000,3
2021-12-10,20211210113000000,sz.002448,6.9200,6.9500,6.9100,6.9300,1689800,11710025.0000,3
2021-12-10,20211210140000000,sz.002448,6.9200,6.9400,6.8300,6.8400,3869300,26598865.0000,3
2021-12-10,20211210150000000,sz.002448,6.8300,6.8400,6.7900,6.7900,7511950,51118539.0000,3
2021-12-13,20211213103000000,sz.002448,6.7900,6.8600,6.7700,6.7900,6838800,46605144.0000,3
2021-12-13,20211213113000000,sz.002448,6.7900,6.8300,6.7900,6.8200,1413200,9636133.0000,3
2021-12-13,20211213140000000,sz.002448,6.8300,6.8400,6.8100,6.8100,1658250,11317324.0000,3
2021-12-13,20211213150000000,sz.002448,6.8100,6.8400,6.8000,6.8400,3465680,23612569.0000,3
2021-12-14,20211214103000000,sz.002448,6.8500,6.8700,6.8000,6.8400,3234503,22125671.0000,3
2021-12-14,20211214113000000,sz.002448,6.8400,6.9400,6.8400,6.9400,3741728,25819223.0000,3
2021-12-14,20211214140000000,sz.002448,6.9400,6.9700,6.9300,6.9400,2389800,16596245.0000,3
2021-12-14,20211214150000000,sz.002448,6.9300,6.9700,6.9300,6.9700,3320500,23073130.0000,3
2021-12-15,20211215103000000,sz.002448,6.9800,7.0000,6.9000,6.9100,4507828,31220445.0000,3
2021-12-15,20211215113000000,sz.002448,6.9100,6.9600,6.9100,6.9500,1611000,11153788.0000,3
2021-12-15,20211215140000000,sz.002448,6.9500,6.9500,6.9100,6.9100,1764300,12223819.0000,3
2021-12-15,20211215150000000,sz.002448,6.9100,6.9300,6.8800,6.8900,3503800,24170515.0000,3
2021-12-16,20211216103000000,sz.002448,6.8700,6.9200,6.8400,6.9000,2838450,19524179.0000,3
2021-12-16,20211216113000000,sz.002448,6.9000,6.9200,6.8900,6.8900,1213200,8371436.0000,3
2021-12-16,20211216140000000,sz.002448,6.8900,6.9000,6.8600,6.8800,1642700,11303867.0000,3
2021-12-16,20211216150000000,sz.002448,6.8800,6.9300,6.8700,6.9300,2707760,18678807.0000,3
2021-12-17,20211217103000000,sz.002448,6.9300,6.9300,6.8500,6.8500,3504500,24095561.0000,3
2021-12-17,20211217113000000,sz.002448,6.8500,6.8700,6.8300,6.8600,2102700,14397800.0000,3
2021-12-17,20211217140000000,sz.002448,6.8600,6.8600,6.8300,6.8500,2047500,14004192.0000,3
2021-12-17,20211217150000000,sz.002448,6.8500,6.8500,6.8300,6.8300,1784550,12198184.0000,3
2021-12-20,20211220103000000,sz.002448,6.8000,6.8600,6.6300,6.6900,5867600,39534279.0000,3
2021-12-20,20211220113000000,sz.002448,6.6900,6.7000,6.6500,6.6900,2498450,16665761.0000,3
2021-12-20,20211220140000000,sz.002448,6.6800,6.7300,6.6700,6.7100,1930700,12919416.0000,3
2021-12-20,20211220150000000,sz.002448,6.7100,6.7100,6.6500,6.6500,2760600,18396349.0000,3
2021-12-21,20211221103000000,sz.002448,6.6500,6.6900,6.6100,6.6700,3090400,20553202.0000,3
2021-12-21,20211221113000000,sz.002448,6.6700,6.7400,6.6400,6.7200,1775600,11865033.0000,3
2021-12-21,20211221140000000,sz.002448,6.7300,6.7800,6.7100,6.7500,2442500,16478172.0000,3
2021-12-21,20211221150000000,sz.002448,6.7400,6.7700,6.7200,6.7700,2760550,18639440.0000,3
2021-12-22,20211222103000000,sz.002448,6.9000,7.1900,6.8900,6.9900,18431475,129653531.0000,3
2021-12-22,20211222113000000,sz.002448,6.9900,7.0000,6.9300,6.9400,2401000,16704927.0000,3
2021-12-22,20211222140000000,sz.002448,6.9400,6.9700,6.9400,6.9700,1741560,12123205.0000,3
2021-12-22,20211222150000000,sz.002448,6.9800,6.9800,6.9600,6.9700,3287100,22912585.0000,3
2021-12-23,20211223103000000,sz.002448,6.8500,6.9400,6.8300,6.8900,6713400,46163011.0000,3
2021-12-23,20211223113000000,sz.002448,6.8900,6.9600,6.8800,6.9400,2210700,15276593.0000,3
2021-12-23,20211223140000000,sz.002448,6.9400,6.9500,6.8800,6.8900,2066500,14251307.0000,3
2021-12-23,20211223150000000,sz.002448,6.8900,6.9600,6.8600,6.8900,3342750,23074663.0000,3
2021-12-24,20211224103000000,sz.002448,6.8900,6.9500,6.8000,6.8500,6041700,41434059.0000,3
2021-12-24,20211224113000000,sz.002448,6.8400,6.8600,6.8100,6.8300,1569600,10720066.0000,3
2021-12-24,20211224140000000,sz.002448,6.8300,6.8300,6.7800,6.7900,2464900,16755642.0000,3
2021-12-24,20211224150000000,sz.002448,6.7900,6.7900,6.7500,6.7600,2483800,16822081.0000,3
2021-12-27,20211227103000000,sz.002448,6.7000,6.7100,6.5500,6.6700,6160000,40786998.0000,3
2021-12-27,20211227113000000,sz.002448,6.6600,6.7300,6.6600,6.7000,1507000,10085809.0000,3
2021-12-27,20211227140000000,sz.002448,6.7000,6.7200,6.6200,6.6600,1276400,8497874.0000,3
2021-12-27,20211227150000000,sz.002448,6.6600,6.6900,6.6400,6.6800,1316499,8775112.0000,3
2021-12-28,20211228103000000,sz.002448,6.6500,6.6900,6.6200,6.6700,2139853,14242699.0000,3
2021-12-28,20211228113000000,sz.002448,6.6800,6.7600,6.6500,6.7300,1885000,12667794.0000,3
2021-12-28,20211228140000000,sz.002448,6.7300,6.7500,6.7100,6.7300,794500,5345900.0000,3
2021-12-28,20211228150000000,sz.002448,6.7300,6.7700,6.7200,6.7600,1707059,11519213.0000,3
2021-12-29,20211229103000000,sz.002448,6.7600,6.7700,6.7000,6.7200,2119800,14267729.0000,3
2021-12-29,20211229113000000,sz.002448,6.7300,6.7300,6.7100,6.7300,894200,6008986.0000,3
2021-12-29,20211229140000000,sz.002448,6.7200,6.7300,6.6900,6.7100,1221053,8192122.0000,3
2021-12-29,20211229150000000,sz.002448,6.7200,6.7300,6.6900,6.7000,1351850,9070181.0000,3
2021-12-30,20211230103000000,sz.002448,6.7000,6.7700,6.6800,6.7500,2568414,17280781.0000,3
2021-12-30,20211230113000000,sz.002448,6.7500,6.8200,6.7200,6.7700,3113853,21098537.0000,3
2021-12-30,20211230140000000,sz.002448,6.7700,6.7800,6.7600,6.7800,1130250,7647981.0000,3
2021-12-30,20211230150000000,sz.002448,6.7800,6.7800,6.7600,6.7600,1811700,12259745.0000,3
2021-12-31,20211231103000000,sz.002448,6.7600,6.8300,6.7400,6.8200,3003650,20409058.0000,3
2021-12-31,20211231113000000,sz.002448,6.8200,6.8300,6.8000,6.8000,1867500,12731748.0000,3
2021-12-31,20211231140000000,sz.002448,6.8000,6.8100,6.7800,6.7800,2129400,14457944.0000,3
2021-12-31,20211231150000000,sz.002448,6.7800,6.8000,6.7500,6.7700,2522300,17090222.0000,3
