date,time,code,open,high,low,close,volume,amount,adjustflag
2021-01-04,20210104103000000,sz.300534,5.7900,5.8500,5.7600,5.8100,1404364,8153699.0000,3
2021-01-04,20210104113000000,sz.300534,5.8100,5.8400,5.8000,5.8300,751600,4372820.0000,3
2021-01-04,20210104140000000,sz.300534,5.8300,5.9100,5.8300,5.8600,1377900,8084509.0000,3
2021-01-04,20210104150000000,sz.300534,5.8600,5.8700,5.8400,5.8500,1151950,6745209.0000,3
2021-01-05,20210105103000000,sz.300534,5.8800,6.0100,5.8700,5.9200,2538200,15116105.0000,3
2021-01-05,20210105113000000,sz.300534,5.9200,5.9500,5.8800,5.9000,817950,4841110.0000,3
2021-01-05,20210105140000000,sz.300534,5.9100,5.9300,5.8800,5.9000,687900,4064032.0000,3
2021-01-05,20210105150000000,sz.300534,5.9000,5.9100,5.8700,5.8800,926850,5458812.0000,3
2021-01-06,20210106103000000,sz.300534,5.8600,5.9000,5.6300,5.6600,2788550,16010486.0000,3
2021-01-06,20210106113000000,sz.300534,5.6600,5.6800,5.5800,5.6100,1568900,8810740.0000,3
2021-01-06,20210106140000000,sz.300534,5.6100,5.6500,5.6000,5.6300,718750,4040694.0000,3
2021-01-06,20210106150000000,sz.300534,5.6300,5.6500,5.5800,5.6400,1064159,5985136.0000,3
2021-01-07,20210107103000000,sz.300534,5.6200,5.6300,5.3900,5.4100,3033400,16616303.0000,3
2021-01-07,20210107113000000,sz.300534,5.4200,5.4400,5.4000,5.4200,770200,4173198.0000,3
2021-01-07,20210107140000000,sz.300534,5.4300,5.5100,5.3900,5.4100,1801400,9792760.0000,3
2021-01-07,20210107150000000,sz.300534,5.4100,5.5300,5.4100,5.5000,1253750,6872388.0000,3
2021-01-08,20210108103000000,sz.300534,5.5000,5.6000,5.3500,5.6000,1945000,10631912.0000,3
2021-01-08,20210108113000000,sz.300534,5.6000,5.6400,5.5400,5.5600,1143450,6399764.0000,3
2021-01-08,20210108140000000,sz.300534,5.5500,5.5600,5.4800,5.4900,1107100,6105398.0000,3
2021-01-08,20210108150000000,sz.300534,5.4900,5.5000,5.4600,5.4600,830700,4551691.0000,3
2021-01-11,20210111103000000,sz.300534,5.4600,5.5100,5.3100,5.3200,2171700,11743873.0000,3
2021-01-11,20210111113000000,sz.300534,5.3200,5.3500,5.2200,5.2500,1835900,9702725.0000,3
2021-01-11,20210111140000000,sz.300534,5.2600,5.2800,5.2000,5.2200,1271500,6652950.0000,3
2021-01-11,20210111150000000,sz.300534,5.2100,5.2500,5.1600,5.1700,2687150,13959811.0000,3
2021-01-12,20210112103000000,sz.300534,5.1400,5.3000,5.1200,5.1800,1663700,8693970.0000,3
2021-01-12,20210112113000000,sz.300534,5.1800,5.1900,5.1000,5.1300,672697,3460176.0000,3
2021-01-12,20210112140000000,sz.300534,5.1300,5.1700,5.1200,5.1200,789050,4054646.0000,3
2021-01-12,20210112150000000,sz.300534,5.1200,5.1600,5.1000,5.1300,985487,5048996.0000,3
2021-01-13,20210113103000000,sz.300534,5.1300,5.1300,4.8500,4.9400,3989350,19867720.0000,3
2021-01-13,20210113113000000,sz.300534,4.9400,5.0100,4.9400,4.9700,803100,3996626.0000,3
2021-01-13,20210113140000000,sz.300534,4.9800,4.9800,4.9100,4.9400,614400,3038110.0000,3
2021-01-13,20210113150000000,sz.300534,4.9400,5.0400,4.9200,4.9900,719100,3592263.0000,3
2021-01-14,20210114103000000,sz.300534,4.9900,5.0600,4.9000,5.0200,1292400,6462335.0000,3
2021-01-14,20210114113000000,sz.300534,5.0200,5.0800,5.0200,5.0700,679460,3438014.0000,3
2021-01-14,20210114140000000,sz.300534,5.0700,5.0700,5.0000,5.0200,676800,3405032.0000,3
2021-01-14,20210114150000000,sz.300534,5.0300,5.0700,5.0100,5.0300,726000,3659182.0000,3
2021-01-15,20210115103000000,sz.300534,5.0400,5.2300,5.0400,5.1500,2389700,12336979.0000,3
2021-01-15,20210115113000000,sz.300534,5.1500,5.1700,5.1200,5.1300,445100,2290589.0000,3
2021-01-15,20210115140000000,sz.300534,5.1000,5.1300,5.0300,5.0600,2014900,10229471.0000,3
2021-01-15,20210115150000000,sz.300534,5.0600,5.1700,5.0600,5.1500,897898,4592646.0000,3
2021-01-18,20210118103000000,sz.300534,5.1300,5.2500,5.1000,5.2100,1830748,9511921.0000,3
2021-01-18,20210118113000000,sz.300534,5.2100,5.2300,5.2000,5.2300,356800,1860807.0000,3
2021-01-18,20210118140000000,sz.300534,5.2300,5.2700,5.2300,5.2300,651200,3418786.0000,3
2021-01-18,20210118150000000,sz.300534,5.2300,5.3000,5.2000,5.3000,1727800,9077374.0000,3
2021-01-19,20210119103000000,sz.300534,5.2600,5.3300,5.2400,5.3100,1140400,6040116.0000,3
2021-01-19,20210119113000000,sz.300534,5.3100,5.3700,5.3100,5.3500,657694,3511008.0000,3
2021-01-19,20210119140000000,sz.300534,5.3500,5.3600,5.3000,5.3000,561300,2989867.0000,3
2021-01-19,20210119150000000,sz.300534,5.3000,5.4200,5.2900,5.3700,2246500,12048697.0000,3
2021-01-20,20210120103000000,sz.300534,5.4000,5.5500,5.3100,5.3300,2514750,13578522.0000,3
2021-01-20,20210120113000000,sz.300534,5.3300,5.3500,5.2800,5.3300,778700,4137608.0000,3
2021-01-20,20210120140000000,sz.300534,5.3300,5.3300,5.2900,5.3000,372800,1979025.0000,3
2021-01-20,20210120150000000,sz.300534,5.3000,5.3200,5.2800,5.2900,703100,3723458.0000,3
2021-01-21,20210121103000000,sz.300534,5.3100,5.4200,5.2900,5.3600,2048200,10959332.0000,3
2021-01-21,20210121113000000,sz.300534,5.3600,5.3800,5.3500,5.3500,437200,2344765.0000,3
2021-01-21,20210121140000000,sz.300534,5.3500,5.3600,5.3200,5.3300,466900,2489231.0000,3
2021-01-21,20210121150000000,sz.300534,5.3300,5.3400,5.3000,5.3100,625100,3322744.0000,3
2021-01-22,20210122103000000,sz.300534,5.3200,5.3500,5.2200,5.3400,1490144,7872808.0000,3
2021-01-22,20210122113000000,sz.300534,5.3500,5.3900,5.3000,5.3100,843750,4512085.0000,3
2021-01-22,20210122140000000,sz.300534,5.3100,5.3200,5.2500,5.2500,751700,3967615.0000,3
2021-01-22,20210122150000000,sz.300534,5.2500,5.3000,5.2500,5.2900,529600,2799025.0000,3
2021-01-25,20210125103000000,sz.300534,5.2900,5.3000,5.1200,5.2000,1472087,7651076.0000,3
2021-01-25,20210125113000000,sz.300534,5.2000,5.2100,5.1300,5.1600,490244,2530402.0000,3
2021-01-25,20210125140000000,sz.300534,5.1600,5.1800,5.1100,5.1700,612800,3153370.0000,3
2021-01-25,20210125150000000,sz.300534,5.1800,5.1800,5.0800,5.1200,810650,4135735.0000,3
2021-01-26,20210126103000000,sz.300534,5.1200,5.1700,5.0400,5.1400,1405800,7204068.0000,3
2021-01-26,20210126113000000,sz.300534,5.1400,5.1600,5.0800,5.1100,801700,4104780.0000,3
2021-01-26,20210126140000000,sz.300534,5.1000,5.1100,5.0600,5.0600,424400,2157619.0000,3
2021-01-26,20210126150000000,sz.300534,5.0600,5.1100,5.0300,5.0700,926850,4695832.0000,3
2021-01-27,20210127103000000,sz.300534,5.0800,5.1100,5.0200,5.0900,853900,4318243.0000,3
2021-01-27,20210127113000000,sz.300534,5.0800,5.1000,5.0500,5.1000,447950,2277909.0000,3
2021-01-27,20210127140000000,sz.300534,5.1000,5.1100,5.0500,5.0600,435500,2211177.0000,3
2021-01-27,20210127150000000,sz.300534,5.0600,5.0700,5.0000,5.0000,888100,4468285.0000,3
2021-01-28,20210128103000000,sz.300534,5.0100,5.1700,4.9700,5.0700,1861100,9462287.0000,3
2021-01-28,20210128113000000,sz.300534,5.0700,5.1500,5.0500,5.1300,506300,2578824.0000,3
2021-01-28,20210128140000000,sz.300534,5.1400,5.1400,5.0400,5.0700,449000,2284062.0000,3
2021-01-28,20210128150000000,sz.300534,5.0700,5.0900,5.0200,5.0400,1160500,5864812.0000,3
2021-01-29,20210129103000000,sz.300534,5.0800,5.0800,4.9300,4.9900,1776400,8850179.0000,3
2021-01-29,20210129113000000,sz.300534,4.9900,5.1100,4.9300,5.0700,1465398,7365686.0000,3
2021-01-29,20210129140000000,sz.300534,5.0700,5.0700,4.9500,4.9900,494100,2470925.0000,3
2021-01-29,20210129150000000,sz.300534,4.9900,5.0100,4.9400,4.9800,489800,2433065.0000,3
2021-02-01,20210201103000000,sz.300534,5.0900,5.4400,5.0100,5.2700,4771600,25110430.0000,3
2021-02-01,20210201113000000,sz.300534,5.2700,5.2900,5.2100,5.2900,769350,4033952.0000,3
2021-02-01,20210201140000000,sz.300534,5.2800,5.2800,5.1900,5.2200,486800,2540655.0000,3
2021-02-01,20210201150000000,sz.300534,5.2200,5.2200,5.1300,5.1900,1159500,5992764.0000,3
2021-02-02,20210202103000000,sz.300534,5.1600,5.1700,5.0000,5.1300,1924100,9798090.0000,3
2021-02-02,20210202113000000,sz.300534,5.1300,5.1300,5.0700,5.1000,354300,1803627.0000,3
2021-02-02,20210202140000000,sz.300534,5.1000,5.1200,5.0500,5.1000,435298,2212724.0000,3
2021-02-02,20210202150000000,sz.300534,5.1000,5.1000,5.0600,5.0700,664302,3372568.0000,3
2021-02-03,20210203103000000,sz.300534,5.0600,5.0900,4.9900,5.0600,1319250,6641906.0000,3
2021-02-03,20210203113000000,sz.300534,5.0600,5.0700,5.0200,5.0400,224200,1130292.0000,3
2021-02-03,20210203140000000,sz.300534,5.0400,5.0500,4.9900,5.0300,749400,3761266.0000,3
2021-02-03,20210203150000000,sz.300534,5.0300,5.0300,4.9500,4.9500,850300,4236150.0000,3
2021-02-04,20210204103000000,sz.300534,4.9500,5.0100,4.8800,4.9100,1158350,5714956.0000,3
2021-02-04,20210204113000000,sz.300534,4.9000,4.9100,4.8000,4.8200,856600,4151228.0000,3
2021-02-04,20210204140000000,sz.300534,4.8200,4.8200,4.7600,4.8000,624200,2984228.0000,3
2021-02-04,20210204150000000,sz.300534,4.8000,4.9400,4.7900,4.8900,1074000,5219894.0000,3
2021-02-05,20210205103000000,sz.300534,4.8800,4.9700,4.8800,4.9200,836550,4126289.0000,3
2021-02-05,20210205113000000,sz.300534,4.9200,5.0000,4.8900,4.9000,523500,2593876.0000,3
2021-02-05,20210205140000000,sz.300534,4.9000,4.9200,4.8600,4.8700,211300,1033812.0000,3
2021-02-05,20210205150000000,sz.300534,4.8700,4.9000,4.8600,4.8600,514300,2508983.0000,3
2021-02-08,20210208103000000,sz.300534,4.8700,5.0800,4.8000,5.0500,1522700,7500521.0000,3
2021-02-08,20210208113000000,sz.300534,5.0500,5.1500,5.0000,5.0600,1323600,6703559.0000,3
2021-02-08,20210208140000000,sz.300534,5.0600,5.2600,5.0400,5.2500,1141504,5891549.0000,3
2021-02-08,20210208150000000,sz.300534,5.2500,5.3200,5.1400,5.1600,1438950,7487941.0000,3
2021-02-09,20210209103000000,sz.300534,5.1100,5.2500,5.0800,5.2200,1786505,9250676.0000,3
2021-02-09,20210209113000000,sz.300534,5.2100,5.2200,5.1200,5.1500,641695,3317016.0000,3
2021-02-09,20210209140000000,sz.300534,5.1500,5.1800,5.1400,5.1400,273800,1411254.0000,3
2021-02-09,20210209150000000,sz.300534,5.1400,5.5900,5.1200,5.3600,4781023,25696338.0000,3
2021-02-10,20210210103000000,sz.300534,5.3400,5.3400,5.1100,5.1600,4207024,21916955.0000,3
2021-02-10,20210210113000000,sz.300534,5.1600,5.1700,5.1200,5.1600,821650,4235213.0000,3
2021-02-10,20210210140000000,sz.300534,5.1500,5.1600,5.1100,5.1200,896650,4596781.0000,3
2021-02-10,20210210150000000,sz.300534,5.1200,5.1700,5.1100,5.1400,1152150,5930040.0000,3
2021-02-18,20210218103000000,sz.300534,5.1500,5.2800,5.1300,5.2000,2127800,11062474.0000,3
2021-02-18,20210218113000000,sz.300534,5.2000,5.2500,5.1900,5.2000,604400,3152451.0000,3
2021-02-18,20210218140000000,sz.300534,5.2000,5.2500,5.1900,5.2200,634400,3310253.0000,3
2021-02-18,20210218150000000,sz.300534,5.2100,5.2700,5.2100,5.2600,1041800,5457596.0000,3
2021-02-19,20210219103000000,sz.300534,5.2400,5.3100,5.2100,5.3100,1162650,6114735.0000,3
2021-02-19,20210219113000000,sz.300534,5.3100,5.3500,5.2900,5.3300,1009600,5374586.0000,3
2021-02-19,20210219140000000,sz.300534,5.3400,5.3900,5.3300,5.3700,946700,5065245.0000,3
2021-02-19,20210219150000000,sz.300534,5.3700,5.4300,5.3700,5.4000,1241500,6709976.0000,3
2021-02-22,20210222103000000,sz.300534,5.4000,5.5200,5.3700,5.5000,2169450,11873934.0000,3
2021-02-22,20210222113000000,sz.300534,5.5000,5.5700,5.4800,5.5700,823204,4540151.0000,3
2021-02-22,20210222140000000,sz.300534,5.5700,5.6500,5.5300,5.5400,2078560,11607442.0000,3
2021-02-22,20210222150000000,sz.300534,5.5400,5.5400,5.4200,5.4200,1780100,9739612.0000,3
2021-02-23,20210223103000000,sz.300534,5.3900,5.4700,5.3600,5.4400,1113550,6037102.0000,3
2021-02-23,20210223113000000,sz.300534,5.4400,5.4900,5.4300,5.4500,559000,3051572.0000,3
2021-02-23,20210223140000000,sz.300534,5.4500,5.5900,5.4400,5.4800,1187200,6548734.0000,3
2021-02-23,20210223150000000,sz.300534,5.4800,5.5000,5.3300,5.4500,1694100,9165708.0000,3
2021-02-24,20210224103000000,sz.300534,5.4300,5.5800,5.3500,5.5500,1992800,10974262.0000,3
2021-02-24,20210224113000000,sz.300534,5.5500,5.6000,5.5000,5.5000,1342300,7455818.0000,3
2021-02-24,20210224140000000,sz.300534,5.5100,5.5700,5.4900,5.5600,824400,4554120.0000,3
2021-02-24,20210224150000000,sz.300534,5.5600,5.5800,5.5400,5.5700,1124400,6249149.0000,3
2021-02-25,20210225103000000,sz.300534,5.5800,5.6300,5.4600,5.4600,1957800,10851972.0000,3
2021-02-25,20210225113000000,sz.300534,5.4600,5.5000,5.4300,5.4400,774100,4225288.0000,3
2021-02-25,20210225140000000,sz.300534,5.4400,5.4700,5.4000,5.4100,697600,3790609.0000,3
2021-02-25,20210225150000000,sz.300534,5.4100,5.4400,5.3700,5.3900,1137200,6140535.0000,3
2021-02-26,20210226103000000,sz.300534,5.3600,5.4500,5.3500,5.4000,1211850,6548335.0000,3
2021-02-26,20210226113000000,sz.300534,5.4000,5.4600,5.4000,5.4600,559700,3040192.0000,3
2021-02-26,20210226140000000,sz.300534,5.4500,5.4700,5.3900,5.4000,592600,3210190.0000,3
2021-02-26,20210226150000000,sz.300534,5.4000,5.4300,5.3900,5.3900,680150,3675019.0000,3
2021-03-01,20210301103000000,sz.300534,5.4500,5.5400,5.3900,5.4800,853900,4676143.0000,3
2021-03-01,20210301113000000,sz.300534,5.4800,5.5000,5.4300,5.4500,809100,4419823.0000,3
2021-03-01,20210301140000000,sz.300534,5.4800,5.5000,5.4000,5.4200,1091600,5946659.0000,3
2021-03-01,20210301150000000,sz.300534,5.4200,5.4700,5.4100,5.4700,700100,3808532.0000,3
2021-03-02,20210302103000000,sz.300534,5.4800,5.5100,5.4000,5.4200,1177100,6402993.0000,3
2021-03-02,20210302113000000,sz.300534,5.4200,5.4300,5.4000,5.4200,522500,2828567.0000,3
2021-03-02,20210302140000000,sz.300534,5.4200,5.4500,5.4000,5.4300,489900,2656370.0000,3
2021-03-02,20210302150000000,sz.300534,5.4300,5.4900,5.4100,5.4700,659650,3600336.0000,3
2021-03-03,20210303103000000,sz.300534,5.4500,5.5300,5.4000,5.4500,1010700,5513564.0000,3
2021-03-03,20210303113000000,sz.300534,5.4500,5.4900,5.4500,5.4600,502000,2743368.0000,3
2021-03-03,20210303140000000,sz.300534,5.4600,5.4800,5.4400,5.4700,450900,2462638.0000,3
2021-03-03,20210303150000000,sz.300534,5.4700,5.5000,5.4600,5.4900,705500,3865448.0000,3
2021-03-04,20210304103000000,sz.300534,5.4700,5.5000,5.4200,5.4600,1133900,6194487.0000,3
2021-03-04,20210304113000000,sz.300534,5.4600,5.4900,5.4600,5.4700,387600,2119573.0000,3
2021-03-04,20210304140000000,sz.300534,5.4700,5.4700,5.4100,5.4200,520800,2829369.0000,3
2021-03-04,20210304150000000,sz.300534,5.4200,5.4400,5.4000,5.4100,609550,3303684.0000,3
2021-03-05,20210305103000000,sz.300534,5.4100,5.5200,5.3800,5.5000,1498500,8197490.0000,3
2021-03-05,20210305113000000,sz.300534,5.5000,5.5800,5.4900,5.5300,879700,4870235.0000,3
2021-03-05,20210305140000000,sz.300534,5.5300,5.5500,5.5200,5.5500,393400,2179060.0000,3
2021-03-05,20210305150000000,sz.300534,5.5500,5.5700,5.5300,5.5500,913050,5069021.0000,3
2021-03-08,20210308103000000,sz.300534,5.5400,5.6000,5.4900,5.5100,1880100,10415741.0000,3
2021-03-08,20210308113000000,sz.300534,5.5100,5.5600,5.4900,5.5000,552300,3049572.0000,3
2021-03-08,20210308140000000,sz.300534,5.5000,5.5400,5.4400,5.4400,896600,4912480.0000,3
2021-03-08,20210308150000000,sz.300534,5.4400,5.4600,5.4200,5.4300,890200,4838778.0000,3
2021-03-09,20210309103000000,sz.300534,5.4100,5.4600,5.1800,5.2500,2269500,12062520.0000,3
2021-03-09,20210309113000000,sz.300534,5.2500,5.3300,5.2300,5.3300,604600,3191638.0000,3
2021-03-09,20210309140000000,sz.300534,5.3300,5.3800,5.3300,5.3600,489400,2621337.0000,3
2021-03-09,20210309150000000,sz.300534,5.3600,5.3600,5.2800,5.2900,620560,3297570.0000,3
2021-03-10,20210310103000000,sz.300534,5.3400,5.3400,5.2300,5.2300,968800,5092509.0000,3
2021-03-10,20210310113000000,sz.300534,5.2300,5.2800,5.2300,5.2800,174000,914275.0000,3
2021-03-10,20210310140000000,sz.300534,5.2800,5.2900,5.1800,5.1900,529800,2768258.0000,3
2021-03-10,20210310150000000,sz.300534,5.1800,5.2200,5.1600,5.1700,472500,2452899.0000,3
2021-03-11,20210311103000000,sz.300534,5.2200,5.2600,5.1700,5.2300,690600,3608394.0000,3
2021-03-11,20210311113000000,sz.300534,5.2300,5.2700,5.2200,5.2200,355400,1864711.0000,3
2021-03-11,20210311140000000,sz.300534,5.2200,5.3100,5.2200,5.2800,747600,3942541.0000,3
2021-03-11,20210311150000000,sz.300534,5.2800,5.3500,5.2800,5.3100,447150,2370086.0000,3
2021-03-12,20210312103000000,sz.300534,5.3000,5.3700,5.2300,5.2600,880900,4653792.0000,3
2021-03-12,20210312113000000,sz.300534,5.2500,5.2700,5.2000,5.2400,525500,2746393.0000,3
2021-03-12,20210312140000000,sz.300534,5.2400,5.2700,5.2400,5.2600,353100,1853627.0000,3
2021-03-12,20210312150000000,sz.300534,5.2600,5.2700,5.2300,5.2400,416700,2186433.0000,3
2021-03-15,20210315103000000,sz.300534,5.2500,5.3000,5.2000,5.2700,644100,3390591.0000,3
2021-03-15,20210315113000000,sz.300534,5.2700,5.2700,5.2400,5.2600,174600,917693.0000,3
2021-03-15,20210315140000000,sz.300534,5.2600,5.2700,5.2300,5.2600,261100,1369985.0000,3
2021-03-15,20210315150000000,sz.300534,5.2600,5.2700,5.2000,5.2300,524860,2743402.0000,3
2021-03-16,20210316103000000,sz.300534,5.2600,5.3600,5.2300,5.3500,829494,4393735.0000,3
2021-03-16,20210316113000000,sz.300534,5.3500,5.4600,5.3500,5.3600,1247400,6738811.0000,3
2021-03-16,20210316140000000,sz.300534,5.3600,5.4400,5.3600,5.4000,454100,2453340.0000,3
2021-03-16,20210316150000000,sz.300534,5.4000,5.4000,5.3700,5.3700,693700,3734429.0000,3
2021-03-17,20210317103000000,sz.300534,5.3500,5.5400,5.3400,5.5100,2512850,13742385.0000,3
2021-03-17,20210317113000000,sz.300534,5.5200,5.5200,5.4700,5.5200,792700,4359041.0000,3
2021-03-17,20210317140000000,sz.300534,5.5200,5.5400,5.4800,5.5100,629750,3470130.0000,3
2021-03-17,20210317150000000,sz.300534,5.5100,5.5200,5.4800,5.5200,759183,4176973.0000,3
2021-03-18,20210318103000000,sz.300534,5.4800,5.5700,5.4300,5.5300,1418900,7781559.0000,3
2021-03-18,20210318113000000,sz.300534,5.5300,5.6300,5.5100,5.5700,1373300,7639292.0000,3
2021-03-18,20210318140000000,sz.300534,5.5700,5.5800,5.5200,5.5500,406200,2252501.0000,3
2021-03-18,20210318150000000,sz.300534,5.5500,5.6300,5.5300,5.6300,1600350,8941061.0000,3
2021-03-19,20210319103000000,sz.300534,5.5500,5.7500,5.5400,5.6800,2743500,15598696.0000,3
2021-03-19,20210319113000000,sz.300534,5.6700,5.7700,5.6700,5.7100,963600,5500823.0000,3
2021-03-19,20210319140000000,sz.300534,5.7100,5.7200,5.6300,5.6700,963200,5461457.0000,3
2021-03-19,20210319150000000,sz.300534,5.6700,5.6900,5.6500,5.6900,817900,4642736.0000,3
2021-03-22,20210322103000000,sz.300534,5.6700,5.8000,5.6300,5.6700,1884900,10742197.0000,3
2021-03-22,20210322113000000,sz.300534,5.6700,5.6700,5.6100,5.6400,722700,4077583.0000,3
2021-03-22,20210322140000000,sz.300534,5.6500,5.6600,5.6300,5.6300,389200,2197319.0000,3
2021-03-22,20210322150000000,sz.300534,5.6300,5.6600,5.6300,5.6500,846300,4778880.0000,3
2021-03-23,20210323103000000,sz.300534,5.6200,5.6700,5.5300,5.5400,1459600,8140752.0000,3
2021-03-23,20210323113000000,sz.300534,5.5400,5.5500,5.5100,5.5200,453000,2504597.0000,3
2021-03-23,20210323140000000,sz.300534,5.5200,5.5400,5.5000,5.5200,439000,2422555.0000,3
2021-03-23,20210323150000000,sz.300534,5.5200,5.5500,5.4800,5.5400,770300,4248874.0000,3
2021-03-24,20210324103000000,sz.300534,5.5000,5.5800,5.5000,5.5500,602900,3343652.0000,3
2021-03-24,20210324113000000,sz.300534,5.5500,5.5800,5.5200,5.5200,448100,2490133.0000,3
2021-03-24,20210324140000000,sz.300534,5.5300,5.5400,5.4900,5.5200,514450,2836666.0000,3
2021-03-24,20210324150000000,sz.300534,5.5200,5.5500,5.5100,5.5300,422300,2337217.0000,3
2021-03-25,20210325103000000,sz.300534,5.5300,5.5400,5.4500,5.5100,853800,4690296.0000,3
2021-03-25,20210325113000000,sz.300534,5.5100,5.5300,5.4900,5.5000,259000,1427008.0000,3
2021-03-25,20210325140000000,sz.300534,5.5000,5.5200,5.4700,5.4900,382400,2100059.0000,3
2021-03-25,20210325150000000,sz.300534,5.4900,5.4900,5.4400,5.4500,676550,3696632.0000,3
2021-03-26,20210326103000000,sz.300534,5.5200,5.5200,5.4500,5.4800,477200,2611860.0000,3
2021-03-26,20210326113000000,sz.300534,5.4800,5.5300,5.4700,5.5100,377300,2073270.0000,3
2021-03-26,20210326140000000,sz.300534,5.5200,5.5300,5.4900,5.4900,261000,1438095.0000,3
2021-03-26,20210326150000000,sz.300534,5.4900,5.5100,5.4700,5.4800,523800,2875201.0000,3
2021-03-29,20210329103000000,sz.300534,5.5200,5.5900,5.4900,5.5500,1359950,7549808.0000,3
2021-03-29,20210329113000000,sz.300534,5.5500,5.6300,5.4900,5.6000,1052500,5861519.0000,3
2021-03-29,20210329140000000,sz.300534,5.5900,5.6000,5.4800,5.5400,888400,4900802.0000,3
2021-03-29,20210329150000000,sz.300534,5.5400,5.5500,5.5100,5.5500,391700,2170081.0000,3
2021-03-30,20210330103000000,sz.300534,5.5400,5.5600,5.3000,5.3500,2242400,12160661.0000,3
2021-03-30,20210330113000000,sz.300534,5.3500,5.3500,5.2800,5.2900,1060200,5637775.0000,3
2021-03-30,20210330140000000,sz.300534,5.2800,5.3100,5.2600,5.2700,738700,3900447.0000,3
2021-03-30,20210330150000000,sz.300534,5.2700,5.2700,5.2100,5.2300,1365400,7155598.0000,3
2021-03-31,20210331103000000,sz.300534,5.2300,5.2700,5.1800,5.2100,1077500,5628937.0000,3
2021-03-31,20210331113000000,sz.300534,5.2100,5.2600,5.1900,5.2600,514300,2676453.0000,3
2021-03-31,20210331140000000,sz.300534,5.2600,5.2600,5.2200,5.2600,389700,2042151.0000,3
2021-03-31,20210331150000000,sz.300534,5.2600,5.2700,5.2400,5.2500,297500,1562938.0000,3
2021-04-01,20210401103000000,sz.300534,5.2800,5.3000,5.2200,5.2400,555300,2912642.0000,3
2021-04-01,20210401113000000,sz.300534,5.2400,5.2600,5.2200,5.2500,277150,1452163.0000,3
2021-04-01,20210401140000000,sz.300534,5.2400,5.3100,5.2400,5.2900,439650,2316448.0000,3
2021-04-01,20210401150000000,sz.300534,5.2900,5.2900,5.2400,5.2400,489000,2573463.0000,3
2021-04-02,20210402103000000,sz.300534,5.2400,5.2700,5.2100,5.2700,722500,3789062.0000,3
2021-04-02,20210402113000000,sz.300534,5.2700,5.2800,5.2500,5.2700,211200,1111723.0000,3
2021-04-02,20210402140000000,sz.300534,5.2700,5.2800,5.2500,5.2600,205200,1079203.0000,3
2021-04-02,20210402150000000,sz.300534,5.2600,5.2900,5.2500,5.2700,539200,2841136.0000,3
2021-04-06,20210406103000000,sz.300534,5.2500,5.3400,5.2500,5.3200,993900,5269229.0000,3
2021-04-06,20210406113000000,sz.300534,5.3000,5.3200,5.3000,5.3100,262400,1394074.0000,3
2021-04-06,20210406140000000,sz.300534,5.3100,5.3600,5.3100,5.3500,561850,3001211.0000,3
2021-04-06,20210406150000000,sz.300534,5.3500,5.3700,5.3300,5.3600,602700,3227257.0000,3
2021-04-07,20210407103000000,sz.300534,5.3400,5.4200,5.3400,5.3900,839000,4516229.0000,3
2021-04-07,20210407113000000,sz.300534,5.3900,5.4000,5.3600,5.4000,371200,1998677.0000,3
2021-04-07,20210407140000000,sz.300534,5.4000,5.4300,5.3900,5.4200,447000,2416135.0000,3
2021-04-07,20210407150000000,sz.300534,5.4200,5.4500,5.4000,5.4300,843800,4573048.0000,3
2021-04-08,20210408103000000,sz.300534,5.5500,5.5500,5.4100,5.4900,1642300,8981606.0000,3
2021-04-08,20210408113000000,sz.300534,5.4900,5.5000,5.4400,5.4800,410850,2246232.0000,3
2021-04-08,20210408140000000,sz.300534,5.4700,5.4700,5.4100,5.4100,562700,3056484.0000,3
2021-04-08,20210408150000000,sz.300534,5.4100,5.4200,5.3500,5.3500,672950,3618028.0000,3
2021-04-09,20210409103000000,sz.300534,5.3600,5.4500,5.3100,5.3700,1181500,6358486.0000,3
2021-04-09,20210409113000000,sz.300534,5.3900,5.4200,5.3500,5.4100,449200,2418206.0000,3
2021-04-09,20210409140000000,sz.300534,5.4200,5.4900,5.4000,5.4700,789250,4306642.0000,3
2021-04-09,20210409150000000,sz.300534,5.4700,5.5300,5.4500,5.5100,1380200,7583057.0000,3
2021-04-12,20210412103000000,sz.300534,5.5000,5.7500,5.4600,5.6600,3833450,21581941.0000,3
2021-04-12,20210412113000000,sz.300534,5.6500,5.6700,5.6200,5.6500,859100,4849691.0000,3
2021-04-12,20210412140000000,sz.300534,5.6500,5.6500,5.6100,5.6200,650300,3664098.0000,3
2021-04-12,20210412150000000,sz.300534,5.6200,5.6300,5.5900,5.6000,729800,4094147.0000,3
2021-04-13,20210413103000000,sz.300534,5.6000,5.6600,5.5400,5.6400,1664050,9317594.0000,3
2021-04-13,20210413113000000,sz.300534,5.6300,5.6600,5.5800,5.6300,562650,3161927.0000,3
2021-04-13,20210413140000000,sz.300534,5.6300,5.6400,5.5800,5.6000,312750,1753531.0000,3
2021-04-13,20210413150000000,sz.300534,5.6000,5.6300,5.5800,5.6100,597400,3348051.0000,3
2021-04-14,20210414103000000,sz.300534,5.6100,5.6100,5.4200,5.4900,1695953,9303636.0000,3
2021-04-14,20210414113000000,sz.300534,5.4700,5.5600,5.4700,5.5600,456500,2513516.0000,3
2021-04-14,20210414140000000,sz.300534,5.5600,5.6000,5.5300,5.5700,488900,2722369.0000,3
2021-04-14,20210414150000000,sz.300534,5.5800,5.6100,5.5500,5.6100,698100,3898439.0000,3
2021-04-15,20210415103000000,sz.300534,5.6400,5.6600,5.5700,5.6100,820950,4613087.0000,3
2021-04-15,20210415113000000,sz.300534,5.6100,5.6500,5.5900,5.6400,576700,3242644.0000,3
2021-04-15,20210415140000000,sz.300534,5.6400,5.7300,5.6400,5.7000,1254250,7124065.0000,3
2021-04-15,20210415150000000,sz.300534,5.7000,5.7800,5.6600,5.7100,2438500,13948083.0000,3
2021-04-16,20210416103000000,sz.300534,5.8300,5.9000,5.6600,5.8800,3737950,21666599.0000,3
2021-04-16,20210416113000000,sz.300534,5.8800,5.9600,5.8700,5.9400,1741803,10280502.0000,3
2021-04-16,20210416140000000,sz.300534,5.9300,5.9500,5.8900,5.9100,1156000,6840506.0000,3
2021-04-16,20210416150000000,sz.300534,5.9100,5.9500,5.9000,5.9500,1283900,7608509.0000,3
2021-04-19,20210419103000000,sz.300534,6.1900,6.8500,6.0500,6.5000,13655969,87663070.0000,3
2021-04-19,20210419113000000,sz.300534,6.5000,6.5100,6.3200,6.3200,1963500,12556072.0000,3
2021-04-19,20210419140000000,sz.300534,6.3200,6.3900,6.2600,6.3200,1479350,9355883.0000,3
2021-04-19,20210419150000000,sz.300534,6.3200,6.3800,6.2700,6.3600,1734800,10980522.0000,3
2021-04-20,20210420103000000,sz.300534,6.3600,6.5300,6.3000,6.4200,5744300,36977713.0000,3
2021-04-20,20210420113000000,sz.300534,6.4200,6.4900,6.4100,6.4300,1321900,8522994.0000,3
2021-04-20,20210420140000000,sz.300534,6.4300,6.4700,6.3700,6.4600,1183700,7586730.0000,3
2021-04-20,20210420150000000,sz.300534,6.4600,6.5100,6.4100,6.4500,2258000,14585474.0000,3
2021-04-21,20210421103000000,sz.300534,6.4100,6.6500,6.4000,6.5600,3295100,21584378.0000,3
2021-04-21,20210421113000000,sz.300534,6.5600,6.6000,6.4900,6.5000,980919,6414482.0000,3
2021-04-21,20210421140000000,sz.300534,6.5000,6.5700,6.4800,6.5500,1210600,7892824.0000,3
2021-04-21,20210421150000000,sz.300534,6.5500,6.5800,6.5400,6.5700,1443900,9470300.0000,3
2021-04-22,20210422103000000,sz.300534,6.6700,6.7500,6.5000,6.6700,3130850,20783189.0000,3
2021-04-22,20210422113000000,sz.300534,6.6700,6.8600,6.6500,6.7700,3084148,20929413.0000,3
2021-04-22,20210422140000000,sz.300534,6.7700,6.8400,6.7400,6.7900,1186000,8051289.0000,3
2021-04-22,20210422150000000,sz.300534,6.7900,6.7900,6.7100,6.7300,1511800,10198700.0000,3
2021-04-23,20210423103000000,sz.300534,6.7900,6.7900,6.5700,6.6000,3800200,25240575.0000,3
2021-04-23,20210423113000000,sz.300534,6.5900,6.6300,6.5000,6.5300,2458000,16078825.0000,3
2021-04-23,20210423140000000,sz.300534,6.5100,6.5700,6.4800,6.5600,1568800,10223611.0000,3
2021-04-23,20210423150000000,sz.300534,6.5600,6.5600,6.5000,6.5300,1272650,8311118.0000,3
2021-05-13,20210513103000000,sz.300534,7.6800,7.6800,6.6500,6.7000,15323683,106095929.0000,3
2021-05-13,20210513113000000,sz.300534,6.7100,6.8200,6.5000,6.8100,5853798,39023655.0000,3
2021-05-13,20210513140000000,sz.300534,6.8200,6.8200,6.5000,6.6300,2593700,17316552.0000,3
2021-05-13,20210513150000000,sz.300534,6.6500,6.6500,6.2900,6.3700,5244055,33621445.0000,3
2021-05-14,20210514103000000,sz.300534,6.2500,6.8800,6.2500,6.7900,16697283,111344654.0000,3
2021-05-14,20210514113000000,sz.300534,6.7900,6.8400,6.5700,6.6300,3063700,20480277.0000,3
2021-05-14,20210514140000000,sz.300534,6.6300,6.6700,6.5800,6.6300,1054900,6995679.0000,3
2021-05-14,20210514150000000,sz.300534,6.6300,6.6300,6.5000,6.6000,2302498,15114627.0000,3
2021-05-17,20210517103000000,sz.300534,6.3400,6.3700,5.8800,5.9700,10673500,64352894.0000,3
2021-05-17,20210517113000000,sz.300534,5.9700,6.0900,5.9400,6.0700,2056850,12348265.0000,3
2021-05-17,20210517140000000,sz.300534,6.0700,6.1200,5.9600,5.9800,1696500,10243736.0000,3
2021-05-17,20210517150000000,sz.300534,5.9800,6.0200,5.9100,5.9200,2379800,14150962.0000,3
2021-05-18,20210518103000000,sz.300534,5.8400,5.9500,5.7400,5.7900,6530400,38049890.0000,3
2021-05-18,20210518113000000,sz.300534,5.7900,5.8600,5.7900,5.8500,1584700,9223119.0000,3
2021-05-18,20210518140000000,sz.300534,5.8500,5.9500,5.8400,5.9200,2597850,15311064.0000,3
2021-05-18,20210518150000000,sz.300534,5.9200,6.0200,5.9100,5.9800,2087044,12461995.0000,3
2021-05-19,20210519103000000,sz.300534,5.9200,5.9700,5.8000,5.8200,3531650,20769597.0000,3
2021-05-19,20210519113000000,sz.300534,5.8100,5.8200,5.7700,5.8100,1736400,10069237.0000,3
2021-05-19,20210519140000000,sz.300534,5.8100,5.8300,5.7300,5.7400,1866550,10793223.0000,3
2021-05-19,20210519150000000,sz.300534,5.7400,5.8400,5.7400,5.7700,2074350,11988397.0000,3
2021-05-20,20210520103000000,sz.300534,5.7400,6.2100,5.6800,5.9900,9931050,59978666.0000,3
2021-05-20,20210520113000000,sz.300534,5.9900,6.0400,5.9500,6.0000,1133800,6796955.0000,3
2021-05-20,20210520140000000,sz.300534,6.0000,6.0100,5.9300,5.9500,867000,5180712.0000,3
2021-05-20,20210520150000000,sz.300534,5.9500,6.0500,5.9300,6.0200,2280200,13695070.0000,3
2021-05-21,20210521103000000,sz.300534,5.9000,6.0200,5.8400,5.9200,3610700,21268851.0000,3
2021-05-21,20210521113000000,sz.300534,5.9200,5.9500,5.8400,5.8900,1830351,10792415.0000,3
2021-05-21,20210521140000000,sz.300534,5.8900,5.9000,5.8500,5.8600,952900,5593690.0000,3
2021-05-21,20210521150000000,sz.300534,5.8600,5.9200,5.8500,5.9200,1610500,9490308.0000,3
2021-05-24,20210524103000000,sz.300534,5.8700,5.9100,5.7500,5.8600,2805850,16312845.0000,3
2021-05-24,20210524113000000,sz.300534,5.8600,5.8800,5.8200,5.8800,911400,5322687.0000,3
2021-05-24,20210524140000000,sz.300534,5.8800,5.9500,5.8700,5.8900,1226800,7246543.0000,3
2021-05-24,20210524150000000,sz.300534,5.8900,5.9100,5.8700,5.8800,1218800,7167973.0000,3
2021-05-25,20210525103000000,sz.300534,5.8600,5.9700,5.8100,5.8300,2506500,14743636.0000,3
2021-05-25,20210525113000000,sz.300534,5.8300,5.8600,5.7900,5.8500,892400,5197803.0000,3
2021-05-25,20210525140000000,sz.300534,5.8500,5.8900,5.8300,5.8800,1050150,6142474.0000,3
2021-05-25,20210525150000000,sz.300534,5.8800,5.9100,5.8600,5.8800,1764000,10379250.0000,3
2021-05-26,20210526103000000,sz.300534,5.8800,6.0400,5.8800,6.0300,3561100,21273080.0000,3
2021-05-26,20210526113000000,sz.300534,6.0300,6.1000,6.0100,6.0700,3002500,18183999.0000,3
2021-05-26,20210526140000000,sz.300534,6.0700,6.1100,6.0600,6.0900,1584233,9640052.0000,3
2021-05-26,20210526150000000,sz.300534,6.0900,6.1200,6.0600,6.1000,2275600,13851676.0000,3
2021-05-27,20210527103000000,sz.300534,6.0500,6.1700,6.0300,6.1400,2844000,17339725.0000,3
2021-05-27,20210527113000000,sz.300534,6.1400,6.1500,6.0400,6.1000,1452700,8841128.0000,3
2021-05-27,20210527140000000,sz.300534,6.1000,6.1500,6.0900,6.1100,1234900,7559153.0000,3
2021-05-27,20210527150000000,sz.300534,6.1100,6.1400,6.0800,6.0900,1402651,8560384.0000,3
2021-05-28,20210528103000000,sz.300534,6.0500,6.0700,5.9500,5.9600,2648700,15898565.0000,3
2021-05-28,20210528113000000,sz.300534,5.9600,5.9900,5.9500,5.9700,766300,4572275.0000,3
2021-05-28,20210528140000000,sz.300534,5.9600,5.9700,5.9000,5.9000,1373000,8145665.0000,3
2021-05-28,20210528150000000,sz.300534,5.9000,5.9200,5.8600,5.8800,1980900,11666537.0000,3
2021-05-31,20210531103000000,sz.300534,5.9200,5.9800,5.9000,5.9200,1404200,8341613.0000,3
2021-05-31,20210531113000000,sz.300534,5.9200,5.9300,5.8700,5.9000,857900,5060308.0000,3
2021-05-31,20210531140000000,sz.300534,5.9100,5.9400,5.8600,5.8900,908150,5353254.0000,3
2021-05-31,20210531150000000,sz.300534,5.8900,5.9200,5.8900,5.9000,1175700,6942446.0000,3
2021-06-01,20210601103000000,sz.300534,5.9300,6.0700,5.8900,6.0200,2533300,15186233.0000,3
2021-06-01,20210601113000000,sz.300534,6.0100,6.0700,6.0000,6.0600,882900,5326863.0000,3
2021-06-01,20210601140000000,sz.300534,6.0600,6.0900,6.0500,6.0900,1663000,10098980.0000,3
2021-06-01,20210601150000000,sz.300534,6.0900,6.1000,6.0700,6.0900,1218700,7414006.0000,3
2021-06-02,20210602103000000,sz.300534,6.0600,6.0900,5.9900,6.0800,2067100,12470019.0000,3
2021-06-02,20210602113000000,sz.300534,6.0800,6.1400,6.0400,6.0400,912800,5556284.0000,3
2021-06-02,20210602140000000,sz.300534,6.0600,6.4600,6.0200,6.3500,5663100,35392916.0000,3
2021-06-02,20210602150000000,sz.300534,6.3500,6.4000,6.2700,6.4000,3233348,20485451.0000,3
2021-06-03,20210603103000000,sz.300534,6.3400,6.4100,6.2900,6.3400,3018600,19183159.0000,3
2021-06-03,20210603113000000,sz.300534,6.3400,6.3600,6.2800,6.3100,1447800,9133620.0000,3
2021-06-03,20210603140000000,sz.300534,6.3100,6.3400,6.2900,6.2900,1034900,6523649.0000,3
2021-06-03,20210603150000000,sz.300534,6.3000,6.3000,6.2500,6.2700,2045853,12823450.0000,3
2021-06-04,20210604103000000,sz.300534,6.2700,6.3100,6.2200,6.2800,1225600,7694191.0000,3
2021-06-04,20210604113000000,sz.300534,6.2800,6.2800,6.2100,6.2600,900900,5619433.0000,3
2021-06-04,20210604140000000,sz.300534,6.2500,6.3000,6.2200,6.2300,746098,4674024.0000,3
2021-06-04,20210604150000000,sz.300534,6.2300,6.2500,6.2000,6.2100,1087700,6764683.0000,3
2021-06-07,20210607103000000,sz.300534,6.1700,6.2200,6.1400,6.1800,1261783,7788745.0000,3
2021-06-07,20210607113000000,sz.300534,6.1800,6.2200,6.1700,6.1800,560000,3468283.0000,3
2021-06-07,20210607140000000,sz.300534,6.1800,6.2700,6.1600,6.2600,978300,6069029.0000,3
2021-06-07,20210607150000000,sz.300534,6.2600,6.4000,6.2500,6.4000,1770300,11169651.0000,3
2021-06-08,20210608103000000,sz.300534,6.3800,6.4400,6.2700,6.2800,1733500,10976837.0000,3
2021-06-08,20210608113000000,sz.300534,6.2800,6.2900,6.2300,6.2500,882700,5524517.0000,3
2021-06-08,20210608140000000,sz.300534,6.2400,6.2600,6.1900,6.2100,724400,4502951.0000,3
2021-06-08,20210608150000000,sz.300534,6.2100,6.2300,6.2000,6.2300,1034850,6431049.0000,3
2021-06-09,20210609103000000,sz.300534,6.2500,6.2800,6.1600,6.1900,1375800,8562313.0000,3
2021-06-09,20210609113000000,sz.300534,6.1900,6.2300,6.1700,6.2100,530900,3282954.0000,3
2021-06-09,20210609140000000,sz.300534,6.2100,6.2300,6.1600,6.2000,511700,3168002.0000,3
2021-06-09,20210609150000000,sz.300534,6.2000,6.2200,6.1800,6.2000,583800,3618407.0000,3
2021-06-10,20210610103000000,sz.300534,6.2000,6.2600,6.1400,6.1500,1357000,8391026.0000,3
2021-06-10,20210610113000000,sz.300534,6.1500,6.2100,6.1500,6.1900,540800,3338414.0000,3
2021-06-10,20210610140000000,sz.300534,6.1900,6.2000,6.1600,6.1600,365800,2260629.0000,3
2021-06-10,20210610150000000,sz.300534,6.1600,6.1900,6.1600,6.1700,936100,5780986.0000,3
2021-06-11,20210611103000000,sz.300534,6.1500,6.2300,6.1500,6.1500,1313600,8110189.0000,3
2021-06-11,20210611113000000,sz.300534,6.1500,6.2000,6.1500,6.1500,477100,2941346.0000,3
2021-06-11,20210611140000000,sz.300534,6.1400,6.1500,6.0400,6.0600,1000900,6103771.0000,3
2021-06-11,20210611150000000,sz.300534,6.0700,6.0700,6.0100,6.0100,1849500,11169831.0000,3
2021-06-15,20210615103000000,sz.300534,6.0000,6.0500,5.9200,5.9600,1319700,7878499.0000,3
2021-06-15,20210615113000000,sz.300534,5.9600,5.9700,5.8900,5.9400,686600,4068008.0000,3
2021-06-15,20210615140000000,sz.300534,5.9400,5.9400,5.8900,5.9300,392650,2319670.0000,3
2021-06-15,20210615150000000,sz.300534,5.9300,5.9800,5.9200,5.9500,609100,3627659.0000,3
2021-06-16,20210616103000000,sz.300534,5.9500,5.9900,5.8700,5.9800,1049700,6234568.0000,3
2021-06-16,20210616113000000,sz.300534,5.9800,5.9900,5.9500,5.9600,546600,3265918.0000,3
2021-06-16,20210616140000000,sz.300534,5.9500,5.9600,5.9000,5.9000,399900,2367531.0000,3
2021-06-16,20210616150000000,sz.300534,5.9000,5.9400,5.9000,5.9300,487100,2886468.0000,3
2021-06-17,20210617103000000,sz.300534,5.9400,5.9800,5.8900,5.9400,664800,3951888.0000,3
2021-06-17,20210617113000000,sz.300534,5.9400,5.9400,5.8900,5.9100,538500,3183815.0000,3
2021-06-17,20210617140000000,sz.300534,5.9100,5.9100,5.8200,5.8300,1150850,6742987.0000,3
2021-06-17,20210617150000000,sz.300534,5.8300,5.8900,5.8300,5.8700,633200,3711466.0000,3
2021-06-18,20210618103000000,sz.300534,5.8800,5.8900,5.8100,5.8800,650000,3799692.0000,3
2021-06-18,20210618113000000,sz.300534,5.8800,5.9500,5.8800,5.9400,756000,4478775.0000,3
2021-06-18,20210618140000000,sz.300534,5.9500,5.9700,5.9200,5.9500,374500,2225997.0000,3
2021-06-18,20210618150000000,sz.300534,5.9500,6.0000,5.9200,5.9800,1192000,7098869.0000,3
2021-06-21,20210621103000000,sz.300534,5.9900,6.0500,5.9500,6.0000,1019800,6125222.0000,3
2021-06-21,20210621113000000,sz.300534,6.0000,6.0300,5.9800,6.0000,384900,2310043.0000,3
2021-06-21,20210621140000000,sz.300534,6.0000,6.0100,5.9900,6.0100,572400,3433206.0000,3
2021-06-21,20210621150000000,sz.300534,6.0100,6.0900,6.0100,6.0500,1137000,6883790.0000,3
2021-06-22,20210622103000000,sz.300534,6.0500,6.0900,6.0200,6.0500,947200,5735637.0000,3
2021-06-22,20210622113000000,sz.300534,6.0500,6.1000,6.0400,6.0900,555200,3377446.0000,3
2021-06-22,20210622140000000,sz.300534,6.0800,6.1000,6.0600,6.0600,644700,3922848.0000,3
2021-06-22,20210622150000000,sz.300534,6.0600,6.0700,6.0400,6.0600,805398,4875131.0000,3
2021-06-23,20210623103000000,sz.300534,6.0500,6.1000,6.0200,6.0300,810604,4901201.0000,3
2021-06-23,20210623113000000,sz.300534,6.0300,6.0500,5.9800,6.0000,745500,4482059.0000,3
2021-06-23,20210623140000000,sz.300534,6.0000,6.0300,5.9800,5.9900,615000,3686528.0000,3
2021-06-23,20210623150000000,sz.300534,5.9900,5.9900,5.8900,5.9200,1548350,9182002.0000,3
2021-06-24,20210624103000000,sz.300534,5.9000,5.9500,5.8700,5.9000,926700,5465843.0000,3
2021-06-24,20210624113000000,sz.300534,5.9000,5.9000,5.8600,5.8600,572400,3363843.0000,3
2021-06-24,20210624140000000,sz.300534,5.8600,5.9000,5.8500,5.9000,380100,2233590.0000,3
2021-06-24,20210624150000000,sz.300534,5.9000,5.9000,5.8500,5.8600,583000,3420657.0000,3
2021-06-25,20210625103000000,sz.300534,5.8800,5.8800,5.7800,5.8000,1196298,6953510.0000,3
2021-06-25,20210625113000000,sz.300534,5.8000,5.8200,5.7700,5.7900,526902,3052106.0000,3
2021-06-25,20210625140000000,sz.300534,5.7900,5.8400,5.7800,5.8400,293300,1703960.0000,3
2021-06-25,20210625150000000,sz.300534,5.8400,5.8500,5.8300,5.8500,581550,3397254.0000,3
2021-06-28,20210628103000000,sz.300534,5.8700,5.8800,5.7900,5.8500,927100,5397637.0000,3
2021-06-28,20210628113000000,sz.300534,5.8500,6.0400,5.8400,5.9900,2217800,13216350.0000,3
2021-06-28,20210628140000000,sz.300534,5.9900,6.0500,5.9500,6.0500,1521600,9143426.0000,3
2021-06-28,20210628150000000,sz.300534,6.0400,6.1700,6.0300,6.1200,2698800,16480159.0000,3
2021-06-29,20210629103000000,sz.300534,6.1200,6.4700,6.1000,6.1500,7553900,47386488.4600,3
2021-06-29,20210629113000000,sz.300534,6.1500,6.1500,6.0600,6.1000,1458100,8887397.0000,3
2021-06-29,20210629140000000,sz.300534,6.0900,6.0900,6.0100,6.0100,792700,4793324.0000,3
2021-06-29,20210629150000000,sz.300534,6.0100,6.0500,5.9800,6.0500,1112200,6689259.0000,3
2021-06-30,20210630103000000,sz.300534,5.9700,6.1500,5.9600,5.9700,2729100,16480747.0000,3
2021-06-30,20210630113000000,sz.300534,5.9700,7.2600,5.9700,7.2600,18433364,125038063.3600,3
2021-06-30,20210630140000000,sz.300534,7.1900,7.1900,6.7400,6.8200,8105300,56229636.0000,3
2021-06-30,20210630150000000,sz.300534,6.8200,7.0000,6.8200,6.8800,3422800,23600231.0000,3
2021-07-01,20210701103000000,sz.300534,6.5500,7.9800,6.5500,7.7300,29813173,215776360.7400,3
2021-07-01,20210701113000000,sz.300534,7.7300,7.8300,7.4400,7.7900,6323054,48395511.4200,3
2021-07-01,20210701140000000,sz.300534,7.8200,7.8200,7.5700,7.7800,3169550,24526102.0000,3
2021-07-01,20210701150000000,sz.300534,7.7800,8.2000,7.7800,7.9900,12967509,104051377.8100,3
2021-07-02,20210702103000000,sz.300534,7.7600,7.9500,7.3000,7.3800,23542704,178573754.8500,3
2021-07-02,20210702113000000,sz.300534,7.3700,7.5000,7.2300,7.4700,6080362,44732047.3800,3
2021-07-02,20210702140000000,sz.300534,7.4700,7.4800,7.3000,7.3500,3755900,27778990.0000,3
2021-07-02,20210702150000000,sz.300534,7.3600,7.5500,7.3100,7.5500,6741405,50013144.3600,3
2021-07-05,20210705103000000,sz.300534,7.3200,7.4500,7.1600,7.2300,11419647,83216828.8500,3
2021-07-05,20210705113000000,sz.300534,7.2300,7.3300,7.2000,7.2200,3068200,22266937.0200,3
2021-07-05,20210705140000000,sz.300534,7.2200,7.2200,7.1400,7.1600,3064602,21994017.4000,3
2021-07-05,20210705150000000,sz.300534,7.1600,7.2400,7.0800,7.1900,5654950,40398171.5000,3
2021-07-06,20210706103000000,sz.300534,7.2300,7.4200,7.0100,7.0400,10909900,78739883.5000,3
2021-07-06,20210706113000000,sz.300534,7.0300,7.1200,6.9800,7.0400,2891933,20372593.6700,3
2021-07-06,20210706140000000,sz.300534,7.0500,7.0900,6.9500,6.9600,2774367,19402000.0000,3
2021-07-06,20210706150000000,sz.300534,6.9600,7.0200,6.9100,6.9800,4468269,31063036.5500,3
2021-07-07,20210707103000000,sz.300534,6.8000,6.9500,6.7600,6.8100,7679200,52477444.0000,3
2021-07-07,20210707113000000,sz.300534,6.8200,6.8400,6.7900,6.8100,1624600,11063451.0000,3
2021-07-07,20210707140000000,sz.300534,6.8100,6.9100,6.8000,6.8200,2439600,16680087.0000,3
2021-07-07,20210707150000000,sz.300534,6.8200,6.8700,6.8000,6.8400,3427650,23416814.5000,3
2021-07-08,20210708103000000,sz.300534,6.8400,6.8600,6.6400,6.7100,5885169,39554384.3000,3
2021-07-08,20210708113000000,sz.300534,6.7100,6.7800,6.6400,6.6600,2345700,15715507.0000,3
2021-07-08,20210708140000000,sz.300534,6.6600,6.6700,6.5500,6.6100,3572050,23554079.0000,3
2021-07-08,20210708150000000,sz.300534,6.6100,6.6300,6.5500,6.5600,4423800,29128543.0000,3
2021-07-09,20210709103000000,sz.300534,6.5900,6.6800,6.5000,6.5800,4728200,31222127.0000,3
2021-07-09,20210709113000000,sz.300534,6.5800,6.6100,6.4800,6.5500,1848500,12094359.0000,3
2021-07-09,20210709140000000,sz.300534,6.5300,6.6700,6.5100,6.6400,1958400,12957152.0000,3
2021-07-09,20210709150000000,sz.300534,6.6400,6.6600,6.6000,6.6000,2948982,19540158.0200,3
2021-07-12,20210712103000000,sz.300534,6.6300,6.7500,6.5100,6.6500,4632001,30883352.7400,3
2021-07-12,20210712113000000,sz.300534,6.6500,6.7000,6.6300,6.6500,1381600,9203433.0000,3
2021-07-12,20210712140000000,sz.300534,6.6800,6.6900,6.6200,6.6500,1400798,9312561.7400,3
2021-07-12,20210712150000000,sz.300534,6.6600,6.6900,6.6200,6.6300,2617700,17410542.0200,3
2021-07-13,20210713103000000,sz.300534,6.6800,6.9300,6.6200,6.6800,7605900,51256934.2400,3
2021-07-13,20210713113000000,sz.300534,6.6700,6.7600,6.6500,6.7200,1881050,12603020.5000,3
2021-07-13,20210713140000000,sz.300534,6.7300,6.7500,6.6700,6.7300,1529100,10249233.0000,3
2021-07-13,20210713150000000,sz.300534,6.7300,6.7300,6.6800,6.6800,2018750,13525549.5000,3
2021-07-14,20210714103000000,sz.300534,6.6700,7.1300,6.5300,6.9500,13847748,95234213.4400,3
2021-07-14,20210714113000000,sz.300534,6.9500,7.0100,6.8800,6.9900,2965451,20618706.9100,3
2021-07-14,20210714140000000,sz.300534,7.0000,7.0800,6.9000,6.9000,2289227,16010305.8600,3
2021-07-14,20210714150000000,sz.300534,6.9000,6.9900,6.8600,6.9300,3140700,21761887.0000,3
2021-07-15,20210715103000000,sz.300534,6.8300,6.8300,6.4000,6.4300,10622863,69900863.0800,3
2021-07-15,20210715113000000,sz.300534,6.4300,6.6500,6.4300,6.5800,1708300,11193919.5000,3
2021-07-15,20210715140000000,sz.300534,6.5800,6.6700,6.5400,6.6000,1410750,9334064.0000,3
2021-07-15,20210715150000000,sz.300534,6.6000,6.6400,6.5500,6.5500,1610800,10619395.5000,3
2021-07-16,20210716103000000,sz.300534,6.5300,6.5900,6.4500,6.4800,3292000,21435336.0000,3
2021-07-16,20210716113000000,sz.300534,6.4800,6.6000,6.4700,6.5900,1127550,7355068.5000,3
2021-07-16,20210716140000000,sz.300534,6.5900,6.7000,6.5600,6.6000,2479501,16456206.5900,3
2021-07-16,20210716150000000,sz.300534,6.6000,6.6500,6.5700,6.6400,2078000,13747841.0000,3
2021-07-19,20210719103000000,sz.300534,6.5800,6.8900,6.4700,6.8900,6351000,42532387.5000,3
2021-07-19,20210719113000000,sz.300534,6.8900,7.2500,6.8900,7.0600,10874400,76720446.0000,3
2021-07-19,20210719140000000,sz.300534,7.0800,7.1300,6.9800,7.0500,2152900,15192206.0600,3
2021-07-19,20210719150000000,sz.300534,7.0400,7.1000,7.0200,7.0900,3577400,25281531.5000,3
2021-07-20,20210720103000000,sz.300534,6.9000,7.2000,6.8700,6.9400,7486350,52496666.0000,3
2021-07-20,20210720113000000,sz.300534,6.9500,7.1500,6.9400,7.0200,3090900,21825500.0000,3
2021-07-20,20210720140000000,sz.300534,7.0300,7.0300,6.9400,6.9600,1821200,12692203.0000,3
2021-07-20,20210720150000000,sz.300534,6.9600,7.0200,6.9600,7.0100,2466100,17229055.0000,3
2021-07-21,20210721103000000,sz.300534,7.0700,7.1000,6.9000,6.9600,4537100,31627956.0000,3
2021-07-21,20210721113000000,sz.300534,6.9600,6.9600,6.8900,6.9300,1729098,11974056.2000,3
2021-07-21,20210721140000000,sz.300534,6.9300,6.9600,6.8600,6.9200,2220757,15328642.1200,3
2021-07-21,20210721150000000,sz.300534,6.9200,6.9400,6.8400,6.9300,3409350,23510152.0000,3
2021-07-22,20210722103000000,sz.300534,6.8800,6.9200,6.6700,6.7200,5594400,37729302.0000,3
2021-07-22,20210722113000000,sz.300534,6.7200,6.7900,6.7200,6.7700,1517500,10262390.0000,3
2021-07-22,20210722140000000,sz.300534,6.7700,6.7700,6.6900,6.7100,1328900,8919448.0000,3
2021-07-22,20210722150000000,sz.300534,6.7000,6.7300,6.6700,6.7100,2300682,15406384.5800,3
2021-07-23,20210723103000000,sz.300534,6.7000,6.7400,6.5800,6.5900,3552700,23591256.0000,3
2021-07-23,20210723113000000,sz.300534,6.5900,6.8100,6.5900,6.7100,3059250,20589612.5000,3
2021-07-23,20210723140000000,sz.300534,6.7200,6.7600,6.6800,6.7500,1263600,8495410.0000,3
2021-07-23,20210723150000000,sz.300534,6.7500,6.9100,6.7300,6.9100,5753250,39372546.6800,3
2021-07-26,20210726103000000,sz.300534,6.8300,6.9000,6.6700,6.7200,4316332,29056225.7200,3
2021-07-26,20210726113000000,sz.300534,6.7200,6.7400,6.4300,6.5400,3795100,25012280.0000,3
2021-07-26,20210726140000000,sz.300534,6.5600,6.5600,6.3600,6.4600,2199500,14196868.0000,3
2021-07-26,20210726150000000,sz.300534,6.4600,6.5500,6.4400,6.5100,1598400,10399817.0000,3
2021-07-27,20210727103000000,sz.300534,6.4400,6.5500,6.3700,6.3900,2555600,16538140.0000,3
2021-07-27,20210727113000000,sz.300534,6.3900,6.5600,6.3900,6.5300,1084950,7042427.5000,3
2021-07-27,20210727140000000,sz.300534,6.5300,6.6000,6.5000,6.5600,1117500,7326500.0000,3
2021-07-27,20210727150000000,sz.300534,6.5600,6.5900,6.4700,6.5700,2182600,14271246.0000,3
2021-07-28,20210728103000000,sz.300534,6.5400,6.6700,6.1500,6.3400,4271050,27279428.0000,3
2021-07-28,20210728113000000,sz.300534,6.3400,6.4700,6.3100,6.3700,974600,6218991.0000,3
2021-07-28,20210728140000000,sz.300534,6.3600,6.4600,6.3000,6.3900,764900,4872770.0000,3
2021-07-28,20210728150000000,sz.300534,6.3900,6.4400,6.2800,6.3200,1387800,8829157.0000,3
2021-07-29,20210729103000000,sz.300534,6.3600,6.4700,6.3200,6.4100,1666500,10648174.0000,3
2021-07-29,20210729113000000,sz.300534,6.4100,6.5000,6.3700,6.4800,1564900,10063308.0000,3
2021-07-29,20210729140000000,sz.300534,6.4700,6.5500,6.4500,6.4900,1321600,8575195.0000,3
2021-07-29,20210729150000000,sz.300534,6.4900,6.4900,6.4200,6.4300,1278304,8241473.6800,3
2021-07-30,20210730103000000,sz.300534,6.3900,6.4700,6.2400,6.3100,3072702,19351554.0800,3
2021-07-30,20210730113000000,sz.300534,6.3100,6.4300,6.3100,6.4300,1082900,6901862.0000,3
2021-07-30,20210730140000000,sz.300534,6.4300,6.6700,6.4300,6.5800,3355000,22041661.0000,3
2021-07-30,20210730150000000,sz.300534,6.5800,6.6100,6.5400,6.6100,1484200,9772356.0000,3
2021-08-02,20210802103000000,sz.300534,6.5900,6.6700,6.5100,6.6300,2445250,16117638.0000,3
2021-08-02,20210802113000000,sz.300534,6.6300,6.8200,6.6100,6.7900,3503900,23538340.0000,3
2021-08-02,20210802140000000,sz.300534,6.7900,6.8100,6.7200,6.7300,1878900,12709110.0000,3
2021-08-02,20210802150000000,sz.300534,6.7300,6.7700,6.7000,6.7700,2215801,14934520.7000,3
2021-08-03,20210803103000000,sz.300534,6.7000,7.0600,6.6900,6.9800,6985700,48432629.0000,3
2021-08-03,20210803113000000,sz.300534,6.9900,7.0200,6.8900,6.8900,1941800,13542901.0000,3
2021-08-03,20210803140000000,sz.300534,6.9000,6.9500,6.8300,6.8800,2169750,14912952.5000,3
2021-08-03,20210803150000000,sz.300534,6.8800,6.8900,6.7700,6.7900,2564650,17490473.0000,3
2021-08-04,20210804103000000,sz.300534,6.8800,6.8900,6.7300,6.7900,3381300,22981103.0000,3
2021-08-04,20210804113000000,sz.300534,6.7900,6.8200,6.7400,6.7600,1083700,7344545.0000,3
2021-08-04,20210804140000000,sz.300534,6.7600,6.7900,6.7400,6.7700,863500,5840690.0000,3
2021-08-04,20210804150000000,sz.300534,6.7700,6.8700,6.7600,6.8500,2201800,15031189.0000,3
2021-08-05,20210805103000000,sz.300534,6.8100,7.2400,6.8100,7.0800,9982300,70632391.0000,3
2021-08-05,20210805113000000,sz.300534,7.0800,7.0900,6.9700,7.0400,2500250,17561962.0000,3
2021-08-05,20210805140000000,sz.300534,7.0100,7.0400,6.9400,6.9700,1477350,10299809.0000,3
2021-08-05,20210805150000000,sz.300534,6.9700,7.0300,6.9400,6.9900,2639700,18444807.0000,3
2021-08-06,20210806103000000,sz.300534,6.8800,6.9300,6.6300,6.7000,7215000,48749486.0000,3
2021-08-06,20210806113000000,sz.300534,6.7000,6.7100,6.6500,6.6600,1863800,12432917.0000,3
2021-08-06,20210806140000000,sz.300534,6.6700,6.6800,6.6100,6.6400,1646400,10927738.0000,3
2021-08-06,20210806150000000,sz.300534,6.6400,6.7700,6.6300,6.7200,2194550,14713098.0000,3
2021-08-09,20210809103000000,sz.300534,6.7500,6.8200,6.6600,6.6900,3103400,20890775.0000,3
2021-08-09,20210809113000000,sz.300534,6.6900,6.7200,6.6600,6.6900,1017800,6806329.0000,3
2021-08-09,20210809140000000,sz.300534,6.7000,6.7100,6.6700,6.6900,873250,5840594.0000,3
2021-08-09,20210809150000000,sz.300534,6.6900,6.7000,6.6600,6.6900,1372850,9175259.0000,3
2021-08-10,20210810103000000,sz.300534,6.7500,6.8800,6.6200,6.8000,4441700,30076032.0000,3
2021-08-10,20210810113000000,sz.300534,6.7900,6.8200,6.7000,6.7200,1581700,10678757.0000,3
2021-08-10,20210810140000000,sz.300534,6.7100,6.9500,6.7100,6.8800,2697800,18550860.0000,3
2021-08-10,20210810150000000,sz.300534,6.8800,6.9400,6.8200,6.9300,3277550,22576280.0000,3
2021-08-11,20210811103000000,sz.300534,6.9000,7.0400,6.8300,6.9900,4768400,33181316.0000,3
2021-08-11,20210811113000000,sz.300534,6.9900,7.0700,6.9100,6.9300,2279900,15915654.0000,3
2021-08-11,20210811140000000,sz.300534,6.9400,7.0100,6.9200,6.9800,1211500,8445665.0000,3
2021-08-11,20210811150000000,sz.300534,6.9800,6.9900,6.9400,6.9800,2531150,17619663.0000,3
2021-08-12,20210812103000000,sz.300534,6.9500,7.2500,6.8200,7.1500,8306423,58560480.0000,3
2021-08-12,20210812113000000,sz.300534,7.1500,7.1500,7.0500,7.0800,1566700,11116337.0000,3
2021-08-12,20210812140000000,sz.300534,7.0700,7.1000,7.0000,7.0100,1678500,11837495.0000,3
2021-08-12,20210812150000000,sz.300534,7.0100,7.0600,7.0100,7.0100,1954000,13734092.0000,3
2021-08-13,20210813103000000,sz.300534,7.0600,7.1500,6.9600,7.0000,3914400,27594439.0000,3
2021-08-13,20210813113000000,sz.300534,7.0000,7.0400,6.9500,6.9900,1709350,11950077.0000,3
2021-08-13,20210813140000000,sz.300534,7.0000,7.0100,6.9300,6.9600,1455100,10137669.0000,3
2021-08-13,20210813150000000,sz.300534,6.9600,7.1600,6.9600,7.1000,4443950,31533083.0000,3
2021-08-16,20210816103000000,sz.300534,7.1100,7.3200,7.0300,7.2000,6675600,48151187.0000,3
2021-08-16,20210816113000000,sz.300534,7.2000,7.3400,7.1900,7.2500,3494700,25440001.0000,3
2021-08-16,20210816140000000,sz.300534,7.2500,7.2700,7.1700,7.1900,1693000,12202860.0000,3
2021-08-16,20210816150000000,sz.300534,7.1900,7.2000,7.1100,7.1600,2614300,18704838.0000,3
2021-08-17,20210817103000000,sz.300534,7.1300,7.1400,6.9200,7.0200,3732300,26227752.0000,3
2021-08-17,20210817113000000,sz.300534,7.0200,7.0200,6.9400,6.9500,1525400,10634608.0000,3
2021-08-17,20210817140000000,sz.300534,6.9400,6.9500,6.8500,6.8800,2510300,17308336.0000,3
2021-08-17,20210817150000000,sz.300534,6.8800,6.8800,6.7000,6.7700,3636864,24726776.0000,3
2021-08-18,20210818103000000,sz.300534,6.8000,7.0400,6.8000,6.9400,3856800,26732532.0000,3
2021-08-18,20210818113000000,sz.300534,6.9400,6.9400,6.8100,6.8300,1063300,7302259.0000,3
2021-08-18,20210818140000000,sz.300534,6.8300,6.8900,6.8100,6.8200,1000000,6849837.0000,3
2021-08-18,20210818150000000,sz.300534,6.8200,6.9400,6.8200,6.9100,1498500,10310721.0000,3
2021-08-19,20210819103000000,sz.300534,6.9500,7.4700,6.9400,7.1200,13112300,94986081.0000,3
2021-08-19,20210819113000000,sz.300534,7.1200,7.1600,7.0700,7.1300,1813600,12904310.0000,3
2021-08-19,20210819140000000,sz.300534,7.1400,7.2000,7.0900,7.1700,937500,6708477.0000,3
2021-08-19,20210819150000000,sz.300534,7.1700,7.2300,7.1400,7.2300,2968294,21347045.0000,3
2021-08-20,20210820103000000,sz.300534,7.2300,7.2400,6.9500,7.0000,5858000,41214877.0000,3
2021-08-20,20210820113000000,sz.300534,7.0100,7.0400,6.9500,6.9600,2074000,14501936.0000,3
2021-08-20,20210820140000000,sz.300534,6.9600,6.9600,6.8700,6.9000,2030500,14025200.0000,3
2021-08-20,20210820150000000,sz.300534,6.9000,7.0100,6.8900,7.0000,1841050,12816436.0000,3
2021-08-23,20210823103000000,sz.300534,7.0100,7.1100,6.8800,6.9500,3577500,24845829.0000,3
2021-08-23,20210823113000000,sz.300534,6.9500,7.0300,6.9300,7.0000,1623450,11339583.0000,3
2021-08-23,20210823140000000,sz.300534,6.9900,7.0700,6.9800,7.0400,1475200,10364001.0000,3
2021-08-23,20210823150000000,sz.300534,7.0400,7.0600,7.0000,7.0500,2328400,16386200.0000,3
2021-08-24,20210824103000000,sz.300534,7.0600,7.0900,6.8600,6.9000,4424550,30736177.0000,3
2021-08-24,20210824113000000,sz.300534,6.9000,6.9300,6.8700,6.8900,1942000,13382083.0000,3
2021-08-24,20210824140000000,sz.300534,6.8900,6.9300,6.8700,6.9100,1378400,9513655.0000,3
2021-08-24,20210824150000000,sz.300534,6.9100,6.9300,6.8800,6.8900,1687350,11630453.0000,3
2021-08-25,20210825103000000,sz.300534,6.8700,6.9800,6.7000,6.9300,4205798,28781560.0000,3
2021-08-25,20210825113000000,sz.300534,6.9300,6.9300,6.9000,6.9200,538900,3727848.0000,3
2021-08-25,20210825140000000,sz.300534,6.9300,6.9300,6.8700,6.8700,651300,4490557.0000,3
2021-08-25,20210825150000000,sz.300534,6.8800,6.9900,6.8700,6.9800,2389450,16626331.0000,3
2021-08-26,20210826103000000,sz.300534,6.9100,7.0200,6.8600,6.9500,1992250,13824106.0000,3
2021-08-26,20210826113000000,sz.300534,6.9500,6.9700,6.8600,6.8900,1245000,8601537.0000,3
2021-08-26,20210826140000000,sz.300534,6.8800,6.9300,6.8300,6.8500,1011450,6963448.0000,3
2021-08-26,20210826150000000,sz.300534,6.8400,6.9300,6.8200,6.8300,1852400,12714209.0000,3
2021-08-27,20210827103000000,sz.300534,6.8100,6.8200,6.6400,6.6900,2711400,18207889.0000,3
2021-08-27,20210827113000000,sz.300534,6.6900,6.6900,6.6400,6.6900,873500,5824364.0000,3
2021-08-27,20210827140000000,sz.300534,6.6800,6.6900,6.5700,6.6400,1564350,10376771.0000,3
2021-08-27,20210827150000000,sz.300534,6.6300,6.6800,6.5900,6.6000,1670800,11077960.0000,3
2021-08-30,20210830103000000,sz.300534,6.6000,6.7000,6.5700,6.6800,1509700,10013066.0000,3
2021-08-30,20210830113000000,sz.300534,6.6800,6.7500,6.6600,6.7000,1783200,11927596.0000,3
2021-08-30,20210830140000000,sz.300534,6.7000,6.7300,6.6800,6.6800,1229900,8245021.0000,3
2021-08-30,20210830150000000,sz.300534,6.6800,6.7400,6.6700,6.7100,1035000,6940081.0000,3
2021-08-31,20210831103000000,sz.300534,6.6800,6.7300,6.6400,6.6600,1410950,9432279.0000,3
2021-08-31,20210831113000000,sz.300534,6.6600,6.6700,6.5100,6.5200,1489300,9825555.0000,3
2021-08-31,20210831140000000,sz.300534,6.5200,6.5600,6.4200,6.4600,2536000,16396859.0000,3
2021-08-31,20210831150000000,sz.300534,6.4600,6.5200,6.4400,6.4900,1340800,8685902.0000,3
2021-09-01,20210901103000000,sz.300534,6.5000,6.5500,6.3500,6.3900,2146500,13853485.0000,3
2021-09-01,20210901113000000,sz.300534,6.3900,6.4500,6.3100,6.4500,1531700,9748718.0000,3
2021-09-01,20210901140000000,sz.300534,6.4500,6.4900,6.4400,6.4600,592500,3829727.0000,3
2021-09-01,20210901150000000,sz.300534,6.4500,6.5400,6.4400,6.5200,1628300,10590332.0000,3
2021-09-02,20210902103000000,sz.300534,6.5200,6.5200,6.4100,6.4600,1063300,6869342.0000,3
2021-09-02,20210902113000000,sz.300534,6.4600,6.5200,6.4500,6.4900,554500,3594586.0000,3
2021-09-02,20210902140000000,sz.300534,6.4900,6.5300,6.4800,6.5100,520300,3382170.0000,3
2021-09-02,20210902150000000,sz.300534,6.5100,6.5700,6.5000,6.5500,1037050,6778630.0000,3
2021-09-03,20210903103000000,sz.300534,6.5600,6.6900,6.5500,6.6200,2375500,15762477.0000,3
2021-09-03,20210903113000000,sz.300534,6.6200,6.6700,6.5800,6.6600,1191500,7877456.0000,3
2021-09-03,20210903140000000,sz.300534,6.6600,6.7100,6.6400,6.6800,1184900,7920313.0000,3
2021-09-03,20210903150000000,sz.300534,6.6800,6.7000,6.6400,6.6800,1118500,7463452.0000,3
2021-09-06,20210906103000000,sz.300534,6.6900,6.8300,6.6500,6.8100,4716900,31862934.0000,3
2021-09-06,20210906113000000,sz.300534,6.8000,6.8300,6.7600,6.8100,1373801,9332268.0000,3
2021-09-06,20210906140000000,sz.300534,6.8100,6.8200,6.7200,6.7500,1133700,7677225.0000,3
2021-09-06,20210906150000000,sz.300534,6.7500,6.7900,6.7400,6.7900,1254400,8502293.0000,3
2021-09-07,20210907103000000,sz.300534,6.8100,6.8600,6.7100,6.7600,4099150,27839127.0000,3
2021-09-07,20210907113000000,sz.300534,6.7600,6.7700,6.7400,6.7400,1161000,7839448.0000,3
2021-09-07,20210907140000000,sz.300534,6.7500,6.7800,6.7400,6.7500,682800,4613475.0000,3
2021-09-07,20210907150000000,sz.300534,6.7500,6.7900,6.7300,6.7500,1574400,10634997.0000,3
2021-09-08,20210908103000000,sz.300534,6.7100,6.8000,6.7000,6.7800,1779750,12040393.0000,3
2021-09-08,20210908113000000,sz.300534,6.7800,6.8000,6.7300,6.7700,1175600,7960836.0000,3
2021-09-08,20210908140000000,sz.300534,6.7700,6.8000,6.7500,6.7900,858050,5817219.0000,3
2021-09-08,20210908150000000,sz.300534,6.7900,6.8300,6.7800,6.8200,1491700,10150570.0000,3
2021-09-09,20210909103000000,sz.300534,6.8100,6.8200,6.7500,6.8000,1819400,12340443.0000,3
2021-09-09,20210909113000000,sz.300534,6.8000,6.8700,6.7900,6.8400,2133300,14585305.0000,3
2021-09-09,20210909140000000,sz.300534,6.8400,6.8400,6.7600,6.7700,935900,6356714.0000,3
2021-09-09,20210909150000000,sz.300534,6.7700,6.7900,6.7500,6.7500,1098400,7433028.0000,3
2021-09-10,20210910103000000,sz.300534,6.7600,6.7800,6.6400,6.6500,2620000,17536645.0000,3
2021-09-10,20210910113000000,sz.300534,6.6500,6.7200,6.6100,6.7000,1668804,11100940.0000,3
2021-09-10,20210910140000000,sz.300534,6.7000,6.7900,6.6700,6.7900,1089300,7327337.0000,3
2021-09-10,20210910150000000,sz.300534,6.7900,6.8800,6.7700,6.8800,3996297,27364163.0000,3
2021-09-13,20210913103000000,sz.300534,6.8100,7.1800,6.8000,7.0500,8107400,57119557.0000,3
2021-09-13,20210913113000000,sz.300534,7.0500,7.0800,7.0100,7.0500,1360200,9583087.0000,3
2021-09-13,20210913140000000,sz.300534,7.0400,7.0500,6.9500,6.9800,1583400,11071581.0000,3
2021-09-13,20210913150000000,sz.300534,6.9800,7.0100,6.9500,6.9700,1468696,10245306.0000,3
2021-09-14,20210914103000000,sz.300534,6.9700,7.2200,6.9400,7.0300,5522396,39301931.0000,3
2021-09-14,20210914113000000,sz.300534,7.0200,7.0800,6.9800,7.0000,1229000,8618104.0000,3
2021-09-14,20210914140000000,sz.300534,6.9900,7.0000,6.9300,6.9500,1330200,9269683.0000,3
2021-09-14,20210914150000000,sz.300534,6.9500,6.9700,6.9000,6.9200,1702150,11798835.0000,3
2021-09-15,20210915103000000,sz.300534,6.9500,7.0100,6.8200,6.8500,2691050,18585628.0000,3
2021-09-15,20210915113000000,sz.300534,6.8500,6.8700,6.7800,6.8400,1627700,11104113.0000,3
2021-09-15,20210915140000000,sz.300534,6.8300,7.0000,6.8100,6.9700,1532500,10582796.0000,3
2021-09-15,20210915150000000,sz.300534,6.9700,6.9700,6.8900,6.9300,1071700,7415735.0000,3
2021-09-16,20210916103000000,sz.300534,6.8300,7.0900,6.8300,7.0400,3540095,24825108.0000,3
2021-09-16,20210916113000000,sz.300534,7.0400,7.1200,6.9900,7.0000,3204100,22641297.0000,3
2021-09-16,20210916140000000,sz.300534,6.9900,6.9900,6.9100,6.9200,1056800,7344002.0000,3
2021-09-16,20210916150000000,sz.300534,6.9200,6.9500,6.8500,6.8700,1368400,9451990.0000,3
2021-09-17,20210917103000000,sz.300534,6.9300,7.0000,6.6700,6.6700,3455400,23390465.0000,3
2021-09-17,20210917113000000,sz.300534,6.6700,6.7800,6.6100,6.7000,1753700,11717303.0000,3
2021-09-17,20210917140000000,sz.300534,6.7000,6.7200,6.6500,6.7000,747300,4987091.0000,3
2021-09-17,20210917150000000,sz.300534,6.6900,6.7400,6.6800,6.6900,1121800,7522442.0000,3
2021-09-22,20210922103000000,sz.300534,6.6900,6.7800,6.4900,6.5100,2725450,17943798.0000,3
2021-09-22,20210922113000000,sz.300534,6.5100,6.5700,6.4900,6.5500,797200,5200665.0000,3
2021-09-22,20210922140000000,sz.300534,6.5600,6.6100,6.5300,6.5900,539200,3542264.0000,3
2021-09-22,20210922150000000,sz.300534,6.5900,6.6000,6.5300,6.5600,858800,5643155.0000,3
2021-09-23,20210923103000000,sz.300534,6.6600,6.9300,6.6000,6.7900,4421900,30002662.0000,3
2021-09-23,20210923113000000,sz.300534,6.8000,6.8400,6.7300,6.7500,791800,5371290.0000,3
2021-09-23,20210923140000000,sz.300534,6.7600,6.7700,6.7200,6.7300,615800,4153741.0000,3
2021-09-23,20210923150000000,sz.300534,6.7300,6.8000,6.7200,6.7800,1122500,7610504.0000,3
2021-09-24,20210924103000000,sz.300534,6.8100,6.8300,6.6200,6.6800,2088100,13998562.0000,3
2021-09-24,20210924113000000,sz.300534,6.6800,6.8400,6.6800,6.7800,998400,6749480.0000,3
2021-09-24,20210924140000000,sz.300534,6.7900,6.9600,6.7300,6.8200,2779700,19088328.0000,3
2021-09-24,20210924150000000,sz.300534,6.8200,6.8400,6.7000,6.7000,1012100,6858331.0000,3
2021-09-27,20210927103000000,sz.300534,6.7400,6.7700,6.3500,6.3700,4600700,29911992.0000,3
2021-09-27,20210927113000000,sz.300534,6.3700,6.4000,6.1600,6.1900,3143200,19706606.0000,3
2021-09-27,20210927140000000,sz.300534,6.1800,6.2000,6.1000,6.1600,1833300,11280528.0000,3
2021-09-27,20210927150000000,sz.300534,6.1600,6.2000,6.1200,6.1500,1310800,8076756.0000,3
2021-09-28,20210928103000000,sz.300534,6.1400,6.1900,5.9900,6.0100,2617600,15894041.0000,3
2021-09-28,20210928113000000,sz.300534,6.0100,6.0600,5.9900,6.0200,796150,4793702.0000,3
2021-09-28,20210928140000000,sz.300534,6.0400,6.1300,6.0100,6.1300,675800,4095576.0000,3
2021-09-28,20210928150000000,sz.300534,6.1300,6.1400,6.0800,6.1100,816800,4987166.0000,3
2021-09-29,20210929103000000,sz.300534,6.0500,6.0800,6.0000,6.0400,1187750,7164107.0000,3
2021-09-29,20210929113000000,sz.300534,6.0500,6.0500,5.9000,5.9400,1466700,8756435.0000,3
2021-09-29,20210929140000000,sz.300534,5.9500,5.9700,5.9300,5.9400,612700,3643822.0000,3
2021-09-29,20210929150000000,sz.300534,5.9400,5.9500,5.8900,5.8900,832500,4923916.0000,3
2021-09-30,20210930103000000,sz.300534,5.9100,6.0400,5.9100,6.0300,1225300,7340960.0000,3
2021-09-30,20210930113000000,sz.300534,6.0300,6.0700,5.9900,6.0600,594600,3583926.0000,3
2021-09-30,20210930140000000,sz.300534,6.0600,6.1500,6.0600,6.1300,1028600,6285601.0000,3
2021-09-30,20210930150000000,sz.300534,6.1300,6.1800,6.1200,6.1500,1114900,6852479.0000,3
2021-10-08,20211008103000000,sz.300534,6.1600,6.4300,6.0900,6.3700,3620100,22960583.0000,3
2021-10-08,20211008113000000,sz.300534,6.3700,6.4200,6.3500,6.3700,812200,5186200.0000,3
2021-10-08,20211008140000000,sz.300534,6.3700,6.4500,6.3300,6.4300,1034800,6622867.0000,3
2021-10-08,20211008150000000,sz.300534,6.4300,6.5200,6.4000,6.4600,1857000,12001251.0000,3
2021-10-11,20211011103000000,sz.300534,6.4900,6.5800,6.3800,6.4200,1861650,12020632.0000,3
2021-10-11,20211011113000000,sz.300534,6.4200,6.4400,6.3800,6.4000,501500,3214068.0000,3
2021-10-11,20211011140000000,sz.300534,6.4000,6.4700,6.3900,6.4300,531500,3419317.0000,3
2021-10-11,20211011150000000,sz.300534,6.4200,6.4400,6.3900,6.4100,525250,3366940.0000,3
2021-10-12,20211012103000000,sz.300534,6.4500,6.4900,6.3400,6.3700,1138000,7265043.0000,3
2021-10-12,20211012113000000,sz.300534,6.3800,6.4000,6.3100,6.3200,1341800,8497210.0000,3
2021-10-12,20211012140000000,sz.300534,6.3200,6.3400,6.2400,6.2900,978000,6141463.0000,3
2021-10-12,20211012150000000,sz.300534,6.3000,6.3500,6.2800,6.3500,534350,3375401.0000,3
2021-10-13,20211013103000000,sz.300534,6.3800,6.4100,6.1500,6.1500,1604300,10000809.0000,3
2021-10-13,20211013113000000,sz.300534,6.1500,6.2200,6.1200,6.2200,569800,3502577.0000,3
2021-10-13,20211013140000000,sz.300534,6.2200,6.3200,6.2100,6.2900,894350,5615737.0000,3
2021-10-13,20211013150000000,sz.300534,6.2900,6.3100,6.2500,6.2600,474100,2973939.0000,3
2021-10-14,20211014103000000,sz.300534,6.2300,6.2400,6.1800,6.2200,750000,4653813.0000,3
2021-10-14,20211014113000000,sz.300534,6.2200,6.2500,6.1900,6.2400,440300,2736163.0000,3
2021-10-14,20211014140000000,sz.300534,6.2400,6.3000,6.2400,6.2900,403600,2533573.0000,3
2021-10-14,20211014150000000,sz.300534,6.2900,6.3100,6.2300,6.2300,898550,5629844.0000,3
2021-10-15,20211015103000000,sz.300534,6.1900,6.3500,6.1600,6.2000,882600,5470166.0000,3
2021-10-15,20211015113000000,sz.300534,6.2000,6.2100,6.1400,6.2100,480700,2964717.0000,3
2021-10-15,20211015140000000,sz.300534,6.2100,6.2200,6.1700,6.1900,517500,3201329.0000,3
2021-10-15,20211015150000000,sz.300534,6.1800,6.1900,6.1400,6.1400,729600,4496509.0000,3
2021-10-18,20211018103000000,sz.300534,6.2100,6.2100,6.0400,6.1100,1181000,7201071.0000,3
2021-10-18,20211018113000000,sz.300534,6.1100,6.1600,6.1100,6.1500,223500,1371349.0000,3
2021-10-18,20211018140000000,sz.300534,6.1500,6.1700,6.1400,6.1500,343150,2111143.0000,3
2021-10-18,20211018150000000,sz.300534,6.1500,6.1800,6.1400,6.1600,790300,4867903.0000,3
2021-10-19,20211019103000000,sz.300534,6.1300,6.2000,6.1300,6.1500,779900,4810326.0000,3
2021-10-19,20211019113000000,sz.300534,6.1500,6.2000,6.1500,6.2000,584600,3614022.0000,3
2021-10-19,20211019140000000,sz.300534,6.1900,6.1900,6.1500,6.1600,329200,2029507.0000,3
2021-10-19,20211019150000000,sz.300534,6.1600,6.1700,6.0900,6.1200,983600,6021373.0000,3
2021-10-20,20211020103000000,sz.300534,6.1300,6.2900,6.0500,6.2500,3077200,18929635.0000,3
2021-10-20,20211020113000000,sz.300534,6.2600,6.3100,6.2200,6.2700,1113900,6977259.0000,3
2021-10-20,20211020140000000,sz.300534,6.2800,6.2800,6.2200,6.2600,499800,3120801.0000,3
2021-10-20,20211020150000000,sz.300534,6.2600,6.4100,6.2400,6.3700,2487650,15756393.0000,3
2021-10-21,20211021103000000,sz.300534,6.3000,6.3600,6.1900,6.1900,1539900,9617497.0000,3
2021-10-21,20211021113000000,sz.300534,6.1900,6.2200,6.1800,6.2000,681700,4222019.0000,3
2021-10-21,20211021140000000,sz.300534,6.2200,6.2300,6.1400,6.1600,950400,5865814.0000,3
2021-10-21,20211021150000000,sz.300534,6.1500,6.1600,6.1100,6.1300,1118700,6858291.0000,3
2021-10-22,20211022103000000,sz.300534,6.1400,6.1600,6.0800,6.1100,950600,5815053.0000,3
2021-10-22,20211022113000000,sz.300534,6.1000,6.1100,6.0600,6.1100,449500,2729790.0000,3
2021-10-22,20211022140000000,sz.300534,6.1100,6.1200,6.0200,6.0200,689700,4181897.0000,3
2021-10-22,20211022150000000,sz.300534,6.0200,6.0400,5.9200,6.0200,1437344,8610896.0000,3
2021-10-25,20211025103000000,sz.300534,6.0000,6.0000,5.9600,5.9600,658600,3935137.0000,3
2021-10-25,20211025113000000,sz.300534,5.9600,5.9900,5.9500,5.9600,317700,1894862.0000,3
2021-10-25,20211025140000000,sz.300534,5.9600,5.9800,5.9500,5.9700,232900,1387719.0000,3
2021-10-25,20211025150000000,sz.300534,5.9600,5.9800,5.9300,5.9600,1160161,6901291.0000,3
2021-10-26,20211026103000000,sz.300534,5.9000,5.9300,5.7300,5.8700,1858300,10837969.0000,3
2021-10-26,20211026113000000,sz.300534,5.8700,5.8700,5.7900,5.8000,659900,3836379.0000,3
2021-10-26,20211026140000000,sz.300534,5.8200,5.8300,5.7600,5.7700,657800,3803928.0000,3
2021-10-26,20211026150000000,sz.300534,5.7700,5.8400,5.7600,5.8200,723000,4189553.0000,3
2021-10-27,20211027103000000,sz.300534,5.7500,5.7700,5.4500,5.4700,5262200,29283732.0000,3
2021-10-27,20211027113000000,sz.300534,5.4700,5.4700,5.3800,5.4200,1515000,8208381.0000,3
2021-10-27,20211027140000000,sz.300534,5.4200,5.4200,5.3600,5.3700,1288000,6939645.0000,3
2021-10-27,20211027150000000,sz.300534,5.3700,5.4300,5.3400,5.3800,1172150,6300353.0000,3
2021-10-28,20211028103000000,sz.300534,5.3500,5.4200,5.2500,5.2900,2019050,10760226.0000,3
2021-10-28,20211028113000000,sz.300534,5.3000,5.3200,5.2700,5.3100,426850,2258933.0000,3
2021-10-28,20211028140000000,sz.300534,5.3100,5.3300,5.2700,5.2900,359800,1904390.0000,3
2021-10-28,20211028150000000,sz.300534,5.2900,5.3200,5.2400,5.2700,1172400,6185383.0000,3
2021-10-29,20211029103000000,sz.300534,5.2800,5.3900,5.2500,5.3600,1211200,6462852.0000,3
2021-10-29,20211029113000000,sz.300534,5.3600,5.3900,5.3500,5.3700,657000,3527451.0000,3
2021-10-29,20211029140000000,sz.300534,5.3700,5.4100,5.3600,5.4000,512600,2758994.0000,3
2021-10-29,20211029150000000,sz.300534,5.4000,5.4400,5.3900,5.4200,797900,4322109.0000,3
2021-11-01,20211101103000000,sz.300534,5.4400,5.5100,5.3600,5.4900,759050,4142528.0000,3
2021-11-01,20211101113000000,sz.300534,5.4900,5.5000,5.4400,5.4400,537550,2937768.0000,3
2021-11-01,20211101140000000,sz.300534,5.4600,5.5200,5.4500,5.4800,614400,3372696.0000,3
2021-11-01,20211101150000000,sz.300534,5.4800,5.5300,5.4700,5.5000,594800,3270720.0000,3
2021-11-02,20211102103000000,sz.300534,5.4800,5.5500,5.4400,5.4500,709100,3887153.0000,3
2021-11-02,20211102113000000,sz.300534,5.4600,5.4700,5.4000,5.4500,711600,3866708.0000,3
2021-11-02,20211102140000000,sz.300534,5.4400,5.4500,5.3200,5.3300,1146100,6160482.0000,3
2021-11-02,20211102150000000,sz.300534,5.3300,5.3700,5.3100,5.3600,709900,3789544.0000,3
2021-11-03,20211103103000000,sz.300534,5.3600,5.4800,5.3200,5.4300,1225800,6659701.0000,3
2021-11-03,20211103113000000,sz.300534,5.4300,5.4500,5.4000,5.4200,266900,1446163.0000,3
2021-11-03,20211103140000000,sz.300534,5.4200,5.4600,5.4100,5.4400,338500,1841104.0000,3
2021-11-03,20211103150000000,sz.300534,5.4400,5.4600,5.4200,5.4500,603300,3278094.0000,3
2021-11-04,20211104103000000,sz.300534,5.4500,5.5200,5.4300,5.4700,839500,4591420.0000,3
2021-11-04,20211104113000000,sz.300534,5.4700,5.5200,5.4700,5.5000,427714,2354015.0000,3
2021-11-04,20211104140000000,sz.300534,5.5100,5.5400,5.5000,5.5100,429400,2368828.0000,3
2021-11-04,20211104150000000,sz.300534,5.5100,5.5600,5.5000,5.5400,640200,3540374.0000,3
2021-11-05,20211105103000000,sz.300534,5.5400,5.5600,5.5000,5.5300,477000,2632959.0000,3
2021-11-05,20211105113000000,sz.300534,5.5300,5.5500,5.5100,5.5200,308400,1704936.0000,3
2021-11-05,20211105140000000,sz.300534,5.5200,5.5400,5.4700,5.4900,499400,2746702.0000,3
2021-11-05,20211105150000000,sz.300534,5.4900,5.5100,5.4500,5.4800,555700,3049296.0000,3
2021-11-08,20211108103000000,sz.300534,5.5000,5.5100,5.4100,5.5000,613400,3343903.0000,3
2021-11-08,20211108113000000,sz.300534,5.5000,5.5300,5.4700,5.5200,501700,2759485.0000,3
2021-11-08,20211108140000000,sz.300534,5.5300,5.5900,5.5300,5.5400,483150,2681540.0000,3
2021-11-08,20211108150000000,sz.300534,5.5400,5.6000,5.5100,5.5700,917400,5104437.0000,3
2021-11-09,20211109103000000,sz.300534,5.5500,5.7600,5.5400,5.6600,1857900,10534559.0000,3
2021-11-09,20211109113000000,sz.300534,5.6600,5.6600,5.5800,5.5800,555800,3121649.0000,3
2021-11-09,20211109140000000,sz.300534,5.6000,5.6100,5.5700,5.5900,542100,3024185.0000,3
2021-11-09,20211109150000000,sz.300534,5.6000,5.6300,5.5800,5.6100,799150,4476834.0000,3
2021-11-10,20211110103000000,sz.300534,5.5800,5.6500,5.5600,5.6100,1202500,6725686.0000,3
2021-11-10,20211110113000000,sz.300534,5.6100,5.6100,5.5400,5.5600,466300,2591875.0000,3
2021-11-10,20211110140000000,sz.300534,5.5600,5.7100,5.5600,5.6000,1298450,7295092.0000,3
2021-11-10,20211110150000000,sz.300534,5.6000,5.6500,5.5800,5.6500,728200,4098860.0000,3
2021-11-11,20211111103000000,sz.300534,5.6100,5.6900,5.6100,5.6500,966200,5459335.0000,3
2021-11-11,20211111113000000,sz.300534,5.6500,5.6800,5.6400,5.6800,395700,2240030.0000,3
2021-11-11,20211111140000000,sz.300534,5.6800,5.6800,5.6500,5.6600,504850,2859300.0000,3
2021-11-11,20211111150000000,sz.300534,5.6600,5.6600,5.5900,5.6000,3044000,17092678.0000,3
2021-11-12,20211112103000000,sz.300534,5.5800,5.6300,5.5700,5.5900,862600,4820504.0000,3
2021-11-12,20211112113000000,sz.300534,5.5900,5.6200,5.5900,5.6200,390300,2187605.0000,3
2021-11-12,20211112140000000,sz.300534,5.6200,5.7000,5.6100,5.6700,1476200,8360684.0000,3
2021-11-12,20211112150000000,sz.300534,5.6600,5.7200,5.6500,5.7000,1250100,7114982.0000,3
2021-11-15,20211115103000000,sz.300534,5.6800,5.8100,5.6500,5.7900,1232900,7097218.0000,3
2021-11-15,20211115113000000,sz.300534,5.7900,5.8300,5.7900,5.8200,887500,5154775.0000,3
2021-11-15,20211115140000000,sz.300534,5.8200,5.8200,5.7800,5.8100,603850,3503505.0000,3
2021-11-15,20211115150000000,sz.300534,5.8100,5.8600,5.8000,5.8300,764850,4461406.0000,3
2021-11-16,20211116103000000,sz.300534,5.8000,6.2200,5.7700,6.1400,3629150,21758437.0000,3
2021-11-16,20211116113000000,sz.300534,6.1500,6.1600,5.9200,5.9400,2398100,14393290.0000,3
2021-11-16,20211116140000000,sz.300534,5.9400,5.9500,5.8600,5.9200,1135100,6709634.0000,3
2021-11-16,20211116150000000,sz.300534,5.9200,5.9300,5.8400,5.9200,1118700,6591620.0000,3
2021-11-17,20211117103000000,sz.300534,5.8600,5.9200,5.8000,5.9000,2447500,14350930.0000,3
2021-11-17,20211117113000000,sz.300534,5.9200,5.9200,5.8100,5.8300,1367661,7992060.0000,3
2021-11-17,20211117140000000,sz.300534,5.8400,5.9000,5.8400,5.8800,825500,4844522.0000,3
2021-11-17,20211117150000000,sz.300534,5.8800,5.9100,5.8700,5.9000,1188963,6988339.0000,3
2021-11-18,20211118103000000,sz.300534,5.8700,5.9400,5.8400,5.8800,1351700,7950917.0000,3
2021-11-18,20211118113000000,sz.300534,5.8800,5.8900,5.7900,5.8200,1250900,7283917.0000,3
2021-11-18,20211118140000000,sz.300534,5.8300,5.8800,5.7900,5.7900,750700,4375936.0000,3
2021-11-18,20211118150000000,sz.300534,5.7900,5.8000,5.7300,5.7300,1070900,6163365.0000,3
2021-11-19,20211119103000000,sz.300534,5.7500,5.8200,5.7300,5.7600,1037300,5976868.0000,3
2021-11-19,20211119113000000,sz.300534,5.7600,5.8100,5.7500,5.8100,504800,2919280.0000,3
2021-11-19,20211119140000000,sz.300534,5.8100,5.8400,5.8000,5.8300,473100,2755856.0000,3
2021-11-19,20211119150000000,sz.300534,5.8300,5.8300,5.7500,5.7900,865150,5001335.0000,3
2021-11-22,20211122103000000,sz.300534,5.8500,5.8500,5.6800,5.7200,1332600,7647526.0000,3
2021-11-22,20211122113000000,sz.300534,5.7200,5.7600,5.7100,5.7500,372300,2133395.0000,3
2021-11-22,20211122140000000,sz.300534,5.7600,5.7600,5.7300,5.7400,220400,1266034.0000,3
2021-11-22,20211122150000000,sz.300534,5.7400,5.7500,5.7100,5.7300,655600,3756223.0000,3
2021-11-23,20211123103000000,sz.300534,5.7500,5.7800,5.7100,5.7200,953800,5474980.0000,3
2021-11-23,20211123113000000,sz.300534,5.7100,5.7900,5.6900,5.7800,874786,5013254.0000,3
2021-11-23,20211123140000000,sz.300534,5.7700,5.8300,5.7600,5.8000,739500,4275292.0000,3
2021-11-23,20211123150000000,sz.300534,5.7900,5.8000,5.7700,5.7900,400500,2316960.0000,3
2021-11-24,20211124103000000,sz.300534,5.7800,5.8000,5.6800,5.7100,1229447,7024118.0000,3
2021-11-24,20211124113000000,sz.300534,5.7000,5.7900,5.7000,5.7900,659100,3789885.0000,3
2021-11-24,20211124140000000,sz.300534,5.7700,5.8200,5.7600,5.8000,536700,3107573.0000,3
2021-11-24,20211124150000000,sz.300534,5.7900,5.8300,5.7800,5.8300,1155650,6701581.0000,3
2021-11-25,20211125103000000,sz.300534,5.8100,5.9500,5.8100,5.9300,2328560,13733407.0000,3
2021-11-25,20211125113000000,sz.300534,5.9300,5.9900,5.9000,5.9900,1245300,7410220.0000,3
2021-11-25,20211125140000000,sz.300534,5.9800,5.9900,5.9100,5.9200,751900,4468458.0000,3
2021-11-25,20211125150000000,sz.300534,5.9200,5.9400,5.9000,5.9200,852502,5044151.0000,3
2021-11-26,20211126103000000,sz.300534,5.9200,5.9500,5.7500,5.7500,1724600,10023024.0000,3
2021-11-26,20211126113000000,sz.300534,5.7500,5.8000,5.7500,5.8000,446100,2574512.0000,3
2021-11-26,20211126140000000,sz.300534,5.7700,5.8200,5.7700,5.8100,527200,3052553.0000,3
2021-11-26,20211126150000000,sz.300534,5.8100,5.8200,5.7800,5.7900,875215,5076983.0000,3
2021-11-29,20211129103000000,sz.300534,5.7900,5.9300,5.7900,5.8100,2128200,12482192.0000,3
2021-11-29,20211129113000000,sz.300534,5.8100,5.8800,5.8000,5.8800,692019,4032902.0000,3
2021-11-29,20211129140000000,sz.300534,5.8800,5.8900,5.8100,5.8500,974400,5701459.0000,3
2021-11-29,20211129150000000,sz.300534,5.8500,5.8800,5.7900,5.8300,915648,5339261.0000,3
2021-11-30,20211130103000000,sz.300534,5.7900,5.9200,5.7900,5.8700,1788900,10493082.0000,3
2021-11-30,20211130113000000,sz.300534,5.8700,5.9200,5.8700,5.9100,805100,4748102.0000,3
2021-11-30,20211130140000000,sz.300534,5.9200,5.9300,5.8600,5.9000,972951,5737284.0000,3
2021-11-30,20211130150000000,sz.300534,5.9000,6.0000,5.8600,5.9900,2452352,14592276.0000,3
2021-12-01,20211201103000000,sz.300534,5.9900,6.0200,5.8800,6.0000,1703000,10144251.0000,3
2021-12-01,20211201113000000,sz.300534,6.0000,6.0500,5.9700,6.0300,1021050,6135233.0000,3
2021-12-01,20211201140000000,sz.300534,6.0300,6.0300,5.9700,6.0100,784400,4702546.0000,3
2021-12-01,20211201150000000,sz.300534,6.0000,6.0500,6.0000,6.0400,1247750,7520668.0000,3
2021-12-02,20211202103000000,sz.300534,6.0400,6.1700,6.0000,6.1300,3043101,18570501.0000,3
2021-12-02,20211202113000000,sz.300534,6.1300,6.1300,6.0200,6.0400,856200,5199491.0000,3
2021-12-02,20211202140000000,sz.300534,6.0400,6.0700,5.9800,5.9800,720549,4334463.0000,3
2021-12-02,20211202150000000,sz.300534,5.9800,5.9900,5.9300,5.9500,1121250,6677255.0000,3
2021-12-03,20211203103000000,sz.300534,5.9300,6.0400,5.9300,5.9600,1459602,8734007.0000,3
2021-12-03,20211203113000000,sz.300534,5.9600,5.9800,5.9400,5.9600,596615,3551511.0000,3
2021-12-03,20211203140000000,sz.300534,5.9600,5.9800,5.9400,5.9700,366300,2182717.0000,3
2021-12-03,20211203150000000,sz.300534,5.9700,5.9800,5.9100,5.9200,1028200,6104455.0000,3
2021-12-06,20211206103000000,sz.300534,5.9300,5.9500,5.7900,5.8100,2493102,14578649.0000,3
2021-12-06,20211206113000000,sz.300534,5.8100,5.8400,5.7900,5.8400,531450,3090907.0000,3
2021-12-06,20211206140000000,sz.300534,5.8400,5.9300,5.8300,5.8500,674400,3960817.0000,3
2021-12-06,20211206150000000,sz.300534,5.8500,5.8500,5.7900,5.8000,781800,4546425.0000,3
2021-12-07,20211207103000000,sz.300534,5.8300,6.2600,5.7900,5.9800,7032304,42445340.0000,3
2021-12-07,20211207113000000,sz.300534,5.9800,6.0000,5.9000,6.0000,969050,5760230.0000,3
2021-12-07,20211207140000000,sz.300534,5.9800,5.9900,5.9200,5.9500,715100,4251917.0000,3
2021-12-07,20211207150000000,sz.300534,5.9500,5.9900,5.9400,5.9800,1021959,6100397.0000,3
2021-12-08,20211208103000000,sz.300534,5.9800,6.0600,5.8600,5.9400,2969400,17615357.0000,3
2021-12-08,20211208113000000,sz.300534,5.9400,6.0200,5.9300,5.9700,1053500,6300127.0000,3
2021-12-08,20211208140000000,sz.300534,5.9700,5.9700,5.9400,5.9600,522600,3112373.0000,3
2021-12-08,20211208150000000,sz.300534,5.9600,5.9600,5.9100,5.9500,928900,5516589.0000,3
2021-12-09,20211209103000000,sz.300534,6.0200,6.0600,5.9200,6.0000,1236800,7371385.0000,3
2021-12-09,20211209113000000,sz.300534,6.0000,6.0000,5.9500,5.9500,565300,3374758.0000,3
2021-12-09,20211209140000000,sz.300534,5.9600,5.9700,5.9300,5.9600,694400,4133233.0000,3
2021-12-09,20211209150000000,sz.300534,5.9600,6.0000,5.9500,5.9900,1180650,7061503.0000,3
2021-12-10,20211210103000000,sz.300534,5.9900,6.0200,5.9500,5.9600,1066500,6382039.0000,3
2021-12-10,20211210113000000,sz.300534,5.9600,5.9800,5.9400,5.9600,744200,4436677.0000,3
2021-12-10,20211210140000000,sz.300534,5.9600,5.9700,5.9400,5.9700,772750,4602038.0000,3
2021-12-10,20211210150000000,sz.300534,5.9700,5.9700,5.9300,5.9500,749100,4452399.0000,3
2021-12-13,20211213103000000,sz.300534,5.9100,5.9600,5.8500,5.8700,1450400,8552103.0000,3
2021-12-13,20211213113000000,sz.300534,5.8700,5.9200,5.8500,5.9100,539400,3176167.0000,3
2021-12-13,20211213140000000,sz.300534,5.9200,5.9200,5.8700,5.8900,461700,2720440.0000,3
2021-12-13,20211213150000000,sz.300534,5.9000,5.9100,5.8700,5.8800,612050,3601939.0000,3
2021-12-14,20211214103000000,sz.300534,5.8700,6.0200,5.8700,5.9300,1969400,11727094.0000,3
2021-12-14,20211214113000000,sz.300534,5.9400,5.9600,5.9200,5.9500,456100,2709513.0000,3
2021-12-14,20211214140000000,sz.300534,5.9500,5.9500,5.9100,5.9200,415600,2461324.0000,3
2021-12-14,20211214150000000,sz.300534,5.9200,5.9500,5.8800,5.9400,1556200,9190555.0000,3
2021-12-15,20211215103000000,sz.300534,5.9400,6.0100,5.9000,5.9800,1366500,8142624.0000,3
2021-12-15,20211215113000000,sz.300534,5.9800,6.0100,5.9600,5.9900,839300,5021186.0000,3
2021-12-15,20211215140000000,sz.300534,5.9800,6.0400,5.9800,6.0400,1510600,9083675.0000,3
2021-12-15,20211215150000000,sz.300534,6.0400,6.3500,6.0200,6.1900,7094900,43738947.0000,3
2021-12-16,20211216103000000,sz.300534,6.1500,6.1500,6.0400,6.0800,2951200,17964119.0000,3
2021-12-16,20211216113000000,sz.300534,6.0800,6.0800,6.0300,6.0700,1865700,11281975.0000,3
2021-12-16,20211216140000000,sz.300534,6.0700,6.1000,6.0400,6.0400,1893217,11490020.0000,3
2021-12-16,20211216150000000,sz.300534,6.0400,6.0700,6.0300,6.0500,2052100,12412716.0000,3
2021-12-17,20211217103000000,sz.300534,6.0600,6.1400,6.0300,6.0900,2338800,14220293.0000,3
2021-12-17,20211217113000000,sz.300534,6.0900,6.1900,6.0800,6.1600,1949800,11973798.0000,3
2021-12-17,20211217140000000,sz.300534,6.1700,6.2300,6.1300,6.1500,1418600,8775020.0000,3
2021-12-17,20211217150000000,sz.300534,6.1500,6.1700,6.1300,6.1400,1317600,8096712.0000,3
2021-12-20,20211220103000000,sz.300534,6.2500,7.3700,6.2500,7.3700,29675817,214082044.0000,3
2021-12-20,20211220113000000,sz.300534,7.3700,7.3700,7.3700,7.3700,1756400,12944668.0000,3
2021-12-20,20211220140000000,sz.300534,7.3700,7.3700,7.3700,7.3700,1736700,12799479.0000,3
2021-12-20,20211220150000000,sz.300534,7.3700,7.3700,7.3700,7.3700,1886900,13906453.0000,3
2021-12-21,20211221103000000,sz.300534,7.8000,8.0900,7.2800,7.9100,53376114,413236256.0000,3
2021-12-21,20211221113000000,sz.300534,7.9000,8.0600,7.8200,7.9400,8325500,66282992.0000,3
2021-12-21,20211221140000000,sz.300534,7.9400,8.8400,7.8900,8.8400,14986304,129392288.0000,3
2021-12-21,20211221150000000,sz.300534,8.8400,8.8400,8.8400,8.8400,1484600,13123856.0000,3
2021-12-22,20211222103000000,sz.300534,9.5400,10.6100,9.2000,10.4100,75519263,764421472.0000,3
2021-12-22,20211222113000000,sz.300534,10.4000,10.6100,10.2600,10.6100,11929417,125625872.0000,3
2021-12-22,20211222140000000,sz.300534,10.6100,10.6100,10.6100,10.6100,1441700,15296432.0000,3
2021-12-22,20211222150000000,sz.300534,10.6100,10.6100,10.6100,10.6100,1441159,15290704.0000,3
2021-12-23,20211223103000000,sz.300534,11.1800,11.3800,9.9000,10.0900,66850247,715920960.0000,3
2021-12-23,20211223113000000,sz.300534,10.0800,10.2400,9.8100,9.8800,10715250,106985856.0000,3
2021-12-23,20211223140000000,sz.300534,9.8300,10.1000,9.6600,9.9700,8056050,79750480.0000,3
2021-12-23,20211223150000000,sz.300534,9.9600,10.0300,9.6100,9.8000,14188333,138796864.0000,3
2021-12-24,20211224103000000,sz.300534,9.4900,11.3600,9.2000,10.9500,65611771,667165248.0000,3
2021-12-24,20211224113000000,sz.300534,10.9500,11.1000,10.5900,11.0300,9602650,104970976.0000,3
2021-12-24,20211224140000000,sz.300534,11.0500,11.7600,11.0300,11.7600,10926923,126657904.0000,3
2021-12-24,20211224150000000,sz.300534,11.7600,11.7600,11.7600,11.7600,3587600,42190176.0000,3
2021-12-27,20211227103000000,sz.300534,11.6400,13.9000,11.0900,13.0500,62452873,785600992.0000,3
2021-12-27,20211227113000000,sz.300534,13.1000,13.8800,13.1000,13.2000,11109158,149224384.0000,3
2021-12-27,20211227140000000,sz.300534,13.2000,13.5000,12.8900,13.0900,7894909,103951808.0000,3
2021-12-27,20211227150000000,sz.300534,13.1300,13.8800,12.0100,13.2000,20180160,260073296.0000,3
2021-12-28,20211228103000000,sz.300534,12.6000,13.3800,12.0400,12.8500,45623173,575313744.0000,3
2021-12-28,20211228113000000,sz.300534,12.8500,12.8500,12.2800,12.5000,6775755,84438016.0000,3
2021-12-28,20211228140000000,sz.300534,12.4800,12.8600,12.3600,12.6600,7997554,101155664.0000,3
2021-12-28,20211228150000000,sz.300534,12.6700,12.6800,12.3600,12.5600,14402315,179915984.0000,3
2021-12-29,20211229103000000,sz.300534,12.1400,13.4700,11.9600,12.5300,49611358,637986208.0000,3
2021-12-29,20211229113000000,sz.300534,12.5500,12.8600,12.3300,12.6100,7058560,89111344.0000,3
2021-12-29,20211229140000000,sz.300534,12.6100,12.6500,12.1000,12.3900,7328150,90273088.0000,3
2021-12-29,20211229150000000,sz.300534,12.3900,12.3900,12.1000,12.2700,11236267,137404064.0000,3
2021-12-30,20211230103000000,sz.300534,11.9100,13.3900,11.4000,13.2400,54848024,675675424.0000,3
2021-12-30,20211230113000000,sz.300534,13.2200,13.2300,12.7500,13.1700,11684064,152242624.0000,3
2021-12-30,20211230140000000,sz.300534,13.2300,14.7200,13.2300,14.4500,23914941,339412144.0000,3
2021-12-30,20211230150000000,sz.300534,14.4500,14.7200,14.4400,14.7200,9140167,134361760.0000,3
