date,time,code,open,high,low,close,volume,amount,adjustflag
2021-01-04,20210104103000000,sz.300545,27.2400,27.7400,27.0100,27.6800,411515,11271282.0000,3
2021-01-04,20210104113000000,sz.300545,27.6800,27.6900,27.5300,27.5300,150500,4153929.0000,3
2021-01-04,20210104140000000,sz.300545,27.5300,27.6500,27.4400,27.5500,286300,7882386.0000,3
2021-01-04,20210104150000000,sz.300545,27.5500,27.5500,27.3800,27.5100,391100,10740163.0000,3
2021-01-05,20210105103000000,sz.300545,27.5100,27.5100,27.1300,27.1300,488800,13336032.0000,3
2021-01-05,20210105113000000,sz.300545,27.1300,27.2400,26.8100,26.9300,382900,10339277.0000,3
2021-01-05,20210105140000000,sz.300545,26.9300,27.1000,26.9300,26.9800,191764,5175556.0000,3
2021-01-05,20210105150000000,sz.300545,26.9800,27.1800,26.9600,27.1600,281622,7624135.0000,3
2021-01-06,20210106103000000,sz.300545,27.0000,27.0000,26.0200,26.3000,980195,25935827.0000,3
2021-01-06,20210106113000000,sz.300545,26.3000,26.3700,26.0100,26.0500,401700,10500489.0000,3
2021-01-06,20210106140000000,sz.300545,26.0500,26.2800,26.0300,26.1100,292000,7614204.0000,3
2021-01-06,20210106150000000,sz.300545,26.1000,26.1200,25.8300,26.1000,638300,16585212.0000,3
2021-01-07,20210107103000000,sz.300545,25.9500,26.0000,24.8100,24.9400,1197740,30191487.0000,3
2021-01-07,20210107113000000,sz.300545,24.9400,25.0000,24.4900,24.5000,855700,21112454.0000,3
2021-01-07,20210107140000000,sz.300545,24.4900,24.5200,23.4800,24.3600,1452909,34766057.0000,3
2021-01-07,20210107150000000,sz.300545,24.3600,24.3600,23.8800,24.0000,584837,14029517.0000,3
2021-01-08,20210108103000000,sz.300545,23.9900,24.5400,23.2600,24.4900,1217271,29103537.0000,3
2021-01-08,20210108113000000,sz.300545,24.4900,24.4900,24.1600,24.1700,268835,6541274.0000,3
2021-01-08,20210108140000000,sz.300545,24.1700,24.2800,24.0500,24.1000,179100,4329833.0000,3
2021-01-08,20210108150000000,sz.300545,24.1600,24.2500,24.0600,24.1900,209457,5060546.0000,3
2021-01-11,20210111103000000,sz.300545,24.1900,24.2600,23.7600,23.7800,671391,16104742.0000,3
2021-01-11,20210111113000000,sz.300545,23.7800,23.7800,23.2800,23.3000,598200,14060804.0000,3
2021-01-11,20210111140000000,sz.300545,23.2900,23.5500,23.2900,23.4900,329400,7704377.0000,3
2021-01-11,20210111150000000,sz.300545,23.4900,23.7600,23.4200,23.6000,396035,9334175.0000,3
2021-01-12,20210112103000000,sz.300545,23.5000,23.9000,23.3000,23.3200,614000,14471336.0000,3
2021-01-12,20210112113000000,sz.300545,23.3200,23.3300,22.8800,23.0200,514849,11916761.0000,3
2021-01-12,20210112140000000,sz.300545,23.0200,23.5000,22.9000,23.3800,434100,10051699.0000,3
2021-01-12,20210112150000000,sz.300545,23.3900,23.5400,23.3000,23.5400,293322,6872132.0000,3
2021-01-13,20210113103000000,sz.300545,23.5000,23.5000,22.8000,22.8900,675588,15550138.0000,3
2021-01-13,20210113113000000,sz.300545,22.8900,23.2400,22.8800,22.9700,287409,6615996.0000,3
2021-01-13,20210113140000000,sz.300545,23.0000,23.2500,23.0000,23.2100,221521,5125998.0000,3
2021-01-13,20210113150000000,sz.300545,23.2100,23.3000,23.1100,23.1800,233200,5410328.0000,3
2021-01-14,20210114103000000,sz.300545,23.1000,23.3400,22.8800,23.1600,401484,9292009.0000,3
2021-01-14,20210114113000000,sz.300545,23.1800,23.9500,23.1600,23.8500,554639,13065031.0000,3
2021-01-14,20210114140000000,sz.300545,23.8700,23.8700,23.4400,23.7300,340300,8050966.0000,3
2021-01-14,20210114150000000,sz.300545,23.7300,23.7300,23.3500,23.5600,284735,6705603.0000,3
2021-01-15,20210115103000000,sz.300545,23.7900,24.1500,23.3200,23.6300,572448,13639513.0000,3
2021-01-15,20210115113000000,sz.300545,23.6300,23.8400,23.6100,23.6700,184900,4384342.0000,3
2021-01-15,20210115140000000,sz.300545,23.6700,23.9700,23.5700,23.7300,208086,4936286.0000,3
2021-01-15,20210115150000000,sz.300545,23.7300,23.8700,23.7000,23.8100,290700,6916328.0000,3
2021-01-18,20210118103000000,sz.300545,24.0100,24.3000,23.6600,23.9700,474000,11402372.0000,3
2021-01-18,20210118113000000,sz.300545,23.9700,24.0000,23.8600,23.9600,173335,4146549.0000,3
2021-01-18,20210118140000000,sz.300545,23.9600,24.0900,23.9300,23.9600,311043,7467301.0000,3
2021-01-18,20210118150000000,sz.300545,23.9600,24.3800,23.9600,24.3100,642600,15568011.0000,3
2021-01-19,20210119103000000,sz.300545,24.0500,24.4500,24.0500,24.3400,366300,8891146.0000,3
2021-01-19,20210119113000000,sz.300545,24.3400,24.7000,24.2800,24.4600,384800,9413114.0000,3
2021-01-19,20210119140000000,sz.300545,24.4600,24.4800,24.1600,24.1600,342600,8333162.0000,3
2021-01-19,20210119150000000,sz.300545,24.1600,24.3200,24.1400,24.2500,248285,6015695.0000,3
2021-01-20,20210120103000000,sz.300545,24.5600,24.5600,24.1000,24.2700,294300,7131881.0000,3
2021-01-20,20210120113000000,sz.300545,24.2600,24.3900,24.1300,24.1600,138100,3351280.0000,3
2021-01-20,20210120140000000,sz.300545,24.1500,24.1900,24.0500,24.1000,194700,4694524.0000,3
2021-01-20,20210120150000000,sz.300545,24.1000,24.1300,24.0100,24.0800,256100,6161421.0000,3
2021-01-21,20210121103000000,sz.300545,24.0800,24.2900,23.8300,24.2000,451984,10884241.0000,3
2021-01-21,20210121113000000,sz.300545,24.2000,24.2500,24.0100,24.1000,246500,5942773.0000,3
2021-01-21,20210121140000000,sz.300545,24.1000,24.2200,24.0900,24.1100,243900,5887622.0000,3
2021-01-21,20210121150000000,sz.300545,24.1100,24.1200,23.8900,23.8900,322900,7747657.0000,3
2021-01-22,20210122103000000,sz.300545,23.8800,24.0700,23.3200,23.4600,491000,11561503.0000,3
2021-01-22,20210122113000000,sz.300545,23.4600,23.6700,23.4400,23.4400,211700,4976884.0000,3
2021-01-22,20210122140000000,sz.300545,23.4300,23.6200,23.4000,23.4500,222300,5225943.0000,3
2021-01-22,20210122150000000,sz.300545,23.4500,23.5400,23.3800,23.4000,330400,7748779.0000,3
2021-01-25,20210125103000000,sz.300545,23.4000,23.4000,22.7500,23.0600,589600,13541328.0000,3
2021-01-25,20210125113000000,sz.300545,23.0600,23.0900,22.8600,22.9200,140300,3219475.0000,3
2021-01-25,20210125140000000,sz.300545,22.8900,22.9500,22.8400,22.8900,178100,4077706.0000,3
2021-01-25,20210125150000000,sz.300545,22.8800,23.1100,22.7500,22.9800,365100,8361129.0000,3
2021-01-26,20210126103000000,sz.300545,23.0100,24.3000,23.0100,23.7400,989673,23585898.0000,3
2021-01-26,20210126113000000,sz.300545,23.7400,23.9000,23.6300,23.7400,191700,4558165.0000,3
2021-01-26,20210126140000000,sz.300545,23.7500,23.7500,23.4400,23.4600,177300,4179130.0000,3
2021-01-26,20210126150000000,sz.300545,23.4600,23.5500,23.3300,23.4900,250800,5880587.0000,3
2021-01-27,20210127103000000,sz.300545,23.3300,23.7600,23.0000,23.1300,474028,10971509.0000,3
2021-01-27,20210127113000000,sz.300545,23.1300,23.2500,22.8800,23.0000,206772,4767896.0000,3
2021-01-27,20210127140000000,sz.300545,22.9900,23.2500,22.9200,23.0000,231000,5318043.0000,3
2021-01-27,20210127150000000,sz.300545,23.0000,23.3500,22.9900,23.3400,439100,10176267.0000,3
2021-01-28,20210128103000000,sz.300545,23.0200,23.6300,23.0200,23.1900,271200,6336904.0000,3
2021-01-28,20210128113000000,sz.300545,23.1900,23.4200,23.1400,23.2900,136752,3184929.0000,3
2021-01-28,20210128140000000,sz.300545,23.2900,26.6000,23.2000,25.1200,3214375,80989890.0000,3
2021-01-28,20210128150000000,sz.300545,25.1200,25.1500,24.5400,25.0000,906885,22589597.0000,3
2021-01-29,20210129103000000,sz.300545,24.4500,24.5900,23.6200,23.8500,1286100,30966426.0000,3
2021-01-29,20210129113000000,sz.300545,23.8500,23.9400,23.6800,23.7000,405600,9644356.0000,3
2021-01-29,20210129140000000,sz.300545,23.7100,24.5000,23.3500,23.5000,714485,16908707.0000,3
2021-01-29,20210129150000000,sz.300545,23.5900,23.9900,23.4900,23.8500,418861,9924082.0000,3
2021-02-01,20210201103000000,sz.300545,23.6500,23.7100,23.0600,23.2500,756383,17574507.0000,3
2021-02-01,20210201113000000,sz.300545,23.2500,23.2500,22.9000,23.0900,387400,8934183.0000,3
2021-02-01,20210201140000000,sz.300545,23.0800,23.2800,23.0800,23.1600,161200,3742188.0000,3
2021-02-01,20210201150000000,sz.300545,23.1800,23.4800,23.1200,23.3300,242365,5643955.0000,3
2021-02-02,20210202103000000,sz.300545,23.2000,23.6000,22.9500,23.2100,431101,10015951.0000,3
2021-02-02,20210202113000000,sz.300545,23.2100,23.3400,23.0200,23.2600,297600,6901206.0000,3
2021-02-02,20210202140000000,sz.300545,23.2500,23.3800,23.2200,23.3100,147198,3430908.0000,3
2021-02-02,20210202150000000,sz.300545,23.2600,23.4400,23.2600,23.4100,328200,7670910.0000,3
2021-02-03,20210203103000000,sz.300545,23.1800,24.2000,23.1200,23.7000,772664,18365521.0000,3
2021-02-03,20210203113000000,sz.300545,23.7000,23.9400,23.6500,23.9200,138600,3299927.0000,3
2021-02-03,20210203140000000,sz.300545,23.9500,23.9900,23.7300,23.9300,279765,6680738.0000,3
2021-02-03,20210203150000000,sz.300545,23.9300,24.4900,23.8900,23.8900,815031,19621369.0000,3
2021-02-04,20210204103000000,sz.300545,23.7600,23.8000,22.8900,22.9800,688257,16052907.0000,3
2021-02-04,20210204113000000,sz.300545,23.0000,23.0900,22.5700,22.8100,449156,10234592.0000,3
2021-02-04,20210204140000000,sz.300545,22.7800,22.8200,22.6100,22.7800,174000,3947683.0000,3
2021-02-04,20210204150000000,sz.300545,22.7800,23.0600,22.7600,22.7600,292765,6700319.0000,3
2021-02-05,20210205103000000,sz.300545,22.5800,23.0600,22.1000,22.1200,487365,11030628.0000,3
2021-02-05,20210205113000000,sz.300545,22.1200,22.3300,21.5900,21.6600,544720,11960166.0000,3
2021-02-05,20210205140000000,sz.300545,21.7000,21.9100,21.6700,21.7200,204700,4448441.0000,3
2021-02-05,20210205150000000,sz.300545,21.7200,21.7300,21.1800,21.1800,454400,9752106.0000,3
2021-02-08,20210208103000000,sz.300545,20.9500,21.5100,20.8700,21.0000,448333,9423715.0000,3
2021-02-08,20210208113000000,sz.300545,21.0000,21.4800,21.0000,21.3100,143200,3042334.0000,3
2021-02-08,20210208140000000,sz.300545,21.3200,21.3900,21.1200,21.1200,87000,1850511.0000,3
2021-02-08,20210208150000000,sz.300545,21.1300,21.2700,20.9900,21.0000,225100,4740262.0000,3
2021-02-09,20210209103000000,sz.300545,21.0000,21.3200,20.9700,21.1300,151900,3210675.0000,3
2021-02-09,20210209113000000,sz.300545,21.1500,21.2900,21.1200,21.2000,158700,3364720.0000,3
2021-02-09,20210209140000000,sz.300545,21.2400,21.4900,21.2000,21.3100,141060,3011839.0000,3
2021-02-09,20210209150000000,sz.300545,21.3100,21.4300,21.2700,21.2900,286809,6117206.0000,3
2021-02-10,20210210103000000,sz.300545,21.0500,22.0000,21.0500,21.5800,300500,6491769.0000,3
2021-02-10,20210210113000000,sz.300545,21.5800,21.7000,21.5200,21.5700,112300,2425294.0000,3
2021-02-10,20210210140000000,sz.300545,21.5700,21.6700,21.5500,21.5500,58500,1263878.0000,3
2021-02-10,20210210150000000,sz.300545,21.5300,21.7200,21.4800,21.6900,243500,5262606.0000,3
2021-02-18,20210218103000000,sz.300545,22.2500,22.6000,22.0200,22.2200,440700,9843875.0000,3
2021-02-18,20210218113000000,sz.300545,22.2200,22.5000,22.2200,22.3600,225733,5054554.0000,3
2021-02-18,20210218140000000,sz.300545,22.3500,22.4800,22.3500,22.4200,88300,1979990.0000,3
2021-02-18,20210218150000000,sz.300545,22.4200,22.4200,22.2600,22.2800,174000,3884316.0000,3
2021-02-19,20210219103000000,sz.300545,22.3000,22.7500,22.1700,22.6500,383607,8647900.0000,3
2021-02-19,20210219113000000,sz.300545,22.6500,22.9900,22.6300,22.9700,283000,6474271.0000,3
2021-02-19,20210219140000000,sz.300545,22.9600,23.2800,22.8500,23.1800,193300,4449146.0000,3
2021-02-19,20210219150000000,sz.300545,23.1600,23.2300,23.0600,23.1800,202600,4686218.0000,3
2021-02-22,20210222103000000,sz.300545,23.4700,23.7800,23.1100,23.6500,500000,11773608.0000,3
2021-02-22,20210222113000000,sz.300545,23.6500,23.8700,23.6000,23.7500,253500,6015571.0000,3
2021-02-22,20210222140000000,sz.300545,23.7500,23.9800,23.5800,23.7500,232300,5525973.0000,3
2021-02-22,20210222150000000,sz.300545,23.7500,23.7500,23.2100,23.3200,394500,9242270.0000,3
2021-02-23,20210223103000000,sz.300545,23.3200,23.3300,22.5000,22.9500,481507,11049928.0000,3
2021-02-23,20210223113000000,sz.300545,22.9500,23.0800,22.8100,22.8200,134400,3076221.0000,3
2021-02-23,20210223140000000,sz.300545,22.8200,22.8700,22.7500,22.7800,140183,3198300.0000,3
2021-02-23,20210223150000000,sz.300545,22.7700,22.8200,22.6500,22.6600,198717,4512918.0000,3
2021-02-24,20210224103000000,sz.300545,22.6000,23.0500,22.5900,22.9100,287800,6588201.0000,3
2021-02-24,20210224113000000,sz.300545,22.9100,22.9600,22.7200,22.8000,181000,4129506.0000,3
2021-02-24,20210224140000000,sz.300545,22.8000,22.8500,22.6600,22.7000,100100,2277315.0000,3
2021-02-24,20210224150000000,sz.300545,22.7000,22.7800,22.5000,22.6900,222700,5036904.0000,3
2021-02-25,20210225103000000,sz.300545,22.7800,23.0000,22.2000,22.2000,294300,6605934.0000,3
2021-02-25,20210225113000000,sz.300545,22.2000,22.3900,22.1100,22.3200,104666,2326427.0000,3
2021-02-25,20210225140000000,sz.300545,22.2600,22.3600,22.2200,22.2400,78500,1748700.0000,3
2021-02-25,20210225150000000,sz.300545,22.2400,22.3400,22.1500,22.2000,176890,3929907.0000,3
2021-02-26,20210226103000000,sz.300545,22.2000,22.2900,21.8100,22.1800,243900,5388812.0000,3
2021-02-26,20210226113000000,sz.300545,22.1800,22.5000,22.1800,22.3500,136800,3055809.0000,3
2021-02-26,20210226140000000,sz.300545,22.3400,22.3900,22.1700,22.2000,70911,1580258.0000,3
2021-02-26,20210226150000000,sz.300545,22.2000,22.3400,22.1600,22.1700,125200,2783373.0000,3
2021-03-01,20210301103000000,sz.300545,22.3000,22.6200,22.2400,22.5200,195600,4394778.0000,3
2021-03-01,20210301113000000,sz.300545,22.5100,22.6100,22.4900,22.5400,129239,2912030.0000,3
2021-03-01,20210301140000000,sz.300545,22.5400,22.5800,22.4300,22.5800,128848,2904098.0000,3
2021-03-01,20210301150000000,sz.300545,22.5800,22.8600,22.5800,22.8600,268800,6110242.0000,3
2021-03-02,20210302103000000,sz.300545,22.9900,23.2900,22.6900,22.6900,355248,8123717.0000,3
2021-03-02,20210302113000000,sz.300545,22.6900,22.6900,22.3000,22.5200,215039,4843330.0000,3
2021-03-02,20210302140000000,sz.300545,22.5300,22.5600,22.3800,22.4400,93800,2108037.0000,3
2021-03-02,20210302150000000,sz.300545,22.4400,22.6200,22.4300,22.6200,92400,2081928.0000,3
2021-03-03,20210303103000000,sz.300545,22.6200,22.8000,22.3200,22.5600,200800,4533059.0000,3
2021-03-03,20210303113000000,sz.300545,22.5600,22.7400,22.5000,22.7100,49100,1109534.0000,3
2021-03-03,20210303140000000,sz.300545,22.7200,22.7300,22.6000,22.6000,88200,1997021.0000,3
2021-03-03,20210303150000000,sz.300545,22.6000,22.8400,22.6000,22.7500,240541,5469513.0000,3
2021-03-04,20210304103000000,sz.300545,22.6200,22.9000,22.5000,22.8500,266685,6068206.0000,3
2021-03-04,20210304113000000,sz.300545,22.8500,23.2700,22.7800,23.0100,363300,8373340.0000,3
2021-03-04,20210304140000000,sz.300545,23.0100,23.0100,22.7500,22.8200,232583,5306207.0000,3
2021-03-04,20210304150000000,sz.300545,22.8100,22.9800,22.7600,22.8100,224800,5137028.0000,3
2021-03-05,20210305103000000,sz.300545,22.5100,23.1700,22.5100,22.8100,348383,7962414.0000,3
2021-03-05,20210305113000000,sz.300545,22.8100,23.1200,22.8100,23.0100,167400,3852653.0000,3
2021-03-05,20210305140000000,sz.300545,23.0100,23.3000,23.0100,23.2400,290239,6728995.0000,3
2021-03-05,20210305150000000,sz.300545,23.2400,23.4100,23.1400,23.3200,447500,10419545.0000,3
2021-03-08,20210308103000000,sz.300545,23.5200,23.8000,23.3600,23.5400,454298,10723935.0000,3
2021-03-08,20210308113000000,sz.300545,23.5400,23.5400,23.1300,23.1300,198300,4637267.0000,3
2021-03-08,20210308140000000,sz.300545,23.1400,23.3500,23.0300,23.2500,163431,3783155.0000,3
2021-03-08,20210308150000000,sz.300545,23.2500,23.2500,22.9000,22.9800,235452,5423575.0000,3
2021-03-09,20210309103000000,sz.300545,22.9800,22.9800,21.1800,22.3900,599022,13334167.0000,3
2021-03-09,20210309113000000,sz.300545,22.4000,22.6300,22.2000,22.6100,107100,2403735.0000,3
2021-03-09,20210309140000000,sz.300545,22.6100,23.1500,22.5800,22.6800,203150,4645294.0000,3
2021-03-09,20210309150000000,sz.300545,22.6700,22.7400,22.2000,22.2700,180600,4047844.0000,3
2021-03-10,20210310103000000,sz.300545,22.3300,23.0000,22.1000,22.2700,371200,8307818.0000,3
2021-03-10,20210310113000000,sz.300545,22.2700,22.4500,22.1900,22.3500,78700,1757314.0000,3
2021-03-10,20210310140000000,sz.300545,22.3100,22.3100,22.0800,22.1600,80800,1792965.0000,3
2021-03-10,20210310150000000,sz.300545,22.1600,22.2600,21.8100,21.8600,210583,4627952.0000,3
2021-03-11,20210311103000000,sz.300545,22.1700,22.1700,21.6200,22.1000,202800,4439189.0000,3
2021-03-11,20210311113000000,sz.300545,22.1000,22.1500,21.9300,21.9300,110700,2441650.0000,3
2021-03-11,20210311140000000,sz.300545,21.9600,22.4500,21.9600,22.2200,143600,3190690.0000,3
2021-03-11,20210311150000000,sz.300545,22.2200,22.3600,22.1800,22.3000,113952,2534150.0000,3
2021-03-12,20210312103000000,sz.300545,22.2700,22.5000,22.0100,22.0900,136700,3027891.0000,3
2021-03-12,20210312113000000,sz.300545,22.0900,22.2200,22.0300,22.1200,66800,1476544.0000,3
2021-03-12,20210312140000000,sz.300545,22.1200,22.1900,21.9400,22.0400,166500,3671603.0000,3
2021-03-12,20210312150000000,sz.300545,22.0400,22.0800,21.9000,21.9800,98952,2175295.0000,3
2021-03-15,20210315103000000,sz.300545,21.9100,22.0000,21.6600,21.8600,178600,3886775.0000,3
2021-03-15,20210315113000000,sz.300545,21.8600,21.8800,21.6800,21.7300,55400,1204767.0000,3
2021-03-15,20210315140000000,sz.300545,21.7300,21.8300,21.4100,21.4200,156600,3383639.0000,3
2021-03-15,20210315150000000,sz.300545,21.4200,21.6600,21.3700,21.4200,168600,3614738.0000,3
2021-03-16,20210316103000000,sz.300545,21.5100,21.8700,21.5100,21.6500,207900,4511985.0000,3
2021-03-16,20210316113000000,sz.300545,21.6500,21.7700,21.5500,21.6600,113600,2455525.0000,3
2021-03-16,20210316140000000,sz.300545,21.6600,21.8000,21.6600,21.7700,71700,1559391.0000,3
2021-03-16,20210316150000000,sz.300545,21.7700,21.8300,21.6500,21.8100,142976,3109943.0000,3
2021-03-17,20210317103000000,sz.300545,22.1000,22.1000,21.7000,21.9600,232683,5087502.0000,3
2021-03-17,20210317113000000,sz.300545,21.9600,22.0600,21.9600,22.0300,117200,2579489.0000,3
2021-03-17,20210317140000000,sz.300545,22.0300,22.3500,22.0200,22.2300,175400,3891664.0000,3
2021-03-17,20210317150000000,sz.300545,22.2300,22.8000,22.2100,22.6500,519700,11721291.0000,3
2021-03-18,20210318103000000,sz.300545,23.0100,23.9200,23.0100,23.3200,1356198,31874606.0000,3
2021-03-18,20210318113000000,sz.300545,23.3200,23.3500,23.1100,23.1700,202002,4687067.0000,3
2021-03-18,20210318140000000,sz.300545,23.1700,23.1900,22.9800,23.0200,153100,3525657.0000,3
2021-03-18,20210318150000000,sz.300545,23.0200,23.0300,22.7000,22.7600,256600,5859035.0000,3
2021-03-19,20210319103000000,sz.300545,21.9700,22.8000,21.9700,22.5800,515900,11554275.0000,3
2021-03-19,20210319113000000,sz.300545,22.5800,22.7500,22.4900,22.6800,132400,2998070.0000,3
2021-03-19,20210319140000000,sz.300545,22.7100,22.7100,22.4000,22.5300,125835,2835312.0000,3
2021-03-19,20210319150000000,sz.300545,22.5300,22.8400,22.5300,22.8300,184900,4201994.0000,3
2021-03-22,20210322103000000,sz.300545,22.5100,23.1500,22.3800,23.1000,474900,10826197.0000,3
2021-03-22,20210322113000000,sz.300545,23.1000,23.1500,22.8200,23.0200,179055,4120941.0000,3
2021-03-22,20210322140000000,sz.300545,23.0200,23.4100,22.9700,23.1800,275501,6391790.0000,3
2021-03-22,20210322150000000,sz.300545,23.1800,23.2000,23.0400,23.1500,192900,4462307.0000,3
2021-03-23,20210323103000000,sz.300545,23.8600,23.8800,23.1900,23.6500,1217823,28691025.0000,3
2021-03-23,20210323113000000,sz.300545,23.6300,23.7700,23.4500,23.5500,330842,7819041.0000,3
2021-03-23,20210323140000000,sz.300545,23.5500,23.6200,23.4700,23.4700,184071,4333836.0000,3
2021-03-23,20210323150000000,sz.300545,23.4700,23.4700,23.2400,23.2800,264448,6165668.0000,3
2021-03-24,20210324103000000,sz.300545,22.9000,23.3900,22.9000,23.2700,447942,10377921.0000,3
2021-03-24,20210324113000000,sz.300545,23.2700,23.2800,22.9000,22.9100,211668,4883242.0000,3
2021-03-24,20210324140000000,sz.300545,22.9300,23.0800,22.9000,23.0400,98800,2270331.0000,3
2021-03-24,20210324150000000,sz.300545,23.0400,23.0700,22.9200,22.9400,161600,3715565.0000,3
2021-03-25,20210325103000000,sz.300545,22.9600,23.7500,22.9600,23.4200,783342,18328794.0000,3
2021-03-25,20210325113000000,sz.300545,23.4200,23.5300,23.3500,23.4300,130600,3063092.0000,3
2021-03-25,20210325140000000,sz.300545,23.3600,23.4600,23.1500,23.1500,123587,2879565.0000,3
2021-03-25,20210325150000000,sz.300545,23.1600,23.2500,23.1000,23.1500,164000,3799889.0000,3
2021-03-26,20210326103000000,sz.300545,23.2300,23.6000,23.2200,23.4900,300700,7033109.0000,3
2021-03-26,20210326113000000,sz.300545,23.4900,23.5400,23.3000,23.3700,120784,2827602.0000,3
2021-03-26,20210326140000000,sz.300545,23.3700,23.4800,23.3000,23.3400,110900,2590342.0000,3
2021-03-26,20210326150000000,sz.300545,23.3400,23.3400,23.1300,23.2000,292087,6780122.0000,3
2021-03-29,20210329103000000,sz.300545,23.2000,23.4700,22.8000,23.3800,378710,8746917.0000,3
2021-03-29,20210329113000000,sz.300545,23.3800,23.5700,23.2100,23.4900,212198,4970268.0000,3
2021-03-29,20210329140000000,sz.300545,23.4900,23.5100,23.3500,23.4000,109200,2559277.0000,3
2021-03-29,20210329150000000,sz.300545,23.4000,23.4000,23.2300,23.2400,189200,4411927.0000,3
2021-03-30,20210330103000000,sz.300545,23.1900,23.2400,22.5100,22.6500,447200,10194277.0000,3
2021-03-30,20210330113000000,sz.300545,22.6500,22.6900,22.5200,22.6200,207300,4687004.0000,3
2021-03-30,20210330140000000,sz.300545,22.6200,22.6400,22.5400,22.5600,92300,2084401.0000,3
2021-03-30,20210330150000000,sz.300545,22.5600,22.5600,22.1100,22.2800,311300,6967536.0000,3
2021-03-31,20210331103000000,sz.300545,22.3600,22.4300,22.0600,22.1100,173800,3857504.0000,3
2021-03-31,20210331113000000,sz.300545,22.1100,22.3500,22.1000,22.3500,94484,2096430.0000,3
2021-03-31,20210331140000000,sz.300545,22.3500,22.3600,22.2700,22.3300,64200,1433296.0000,3
2021-03-31,20210331150000000,sz.300545,22.3300,22.3900,22.2600,22.3200,148200,3308197.0000,3
2021-04-01,20210401103000000,sz.300545,22.1200,22.5400,22.1200,22.4500,183400,4101754.0000,3
2021-04-01,20210401113000000,sz.300545,22.4500,22.5400,22.4300,22.5400,75000,1684855.0000,3
2021-04-01,20210401140000000,sz.300545,22.5500,22.5700,22.4500,22.4900,70000,1574515.0000,3
2021-04-01,20210401150000000,sz.300545,22.4900,22.5000,22.3000,22.4300,147600,3309099.0000,3
2021-04-02,20210402103000000,sz.300545,22.4300,22.8000,22.3200,22.7000,269187,6087445.0000,3
2021-04-02,20210402113000000,sz.300545,22.7000,22.7500,22.6200,22.7400,74100,1681461.0000,3
2021-04-02,20210402140000000,sz.300545,22.7400,23.0900,22.6700,22.9100,273300,6267475.0000,3
2021-04-02,20210402150000000,sz.300545,22.9100,23.1300,22.9000,23.1300,245295,5649917.0000,3
2021-04-06,20210406103000000,sz.300545,23.1300,23.6800,23.0500,23.4200,543190,12731073.0000,3
2021-04-06,20210406113000000,sz.300545,23.4200,23.5300,23.3700,23.3700,177148,4150305.0000,3
2021-04-06,20210406140000000,sz.300545,23.3800,23.5800,23.3800,23.5000,127400,2993445.0000,3
2021-04-06,20210406150000000,sz.300545,23.5100,23.7700,23.4700,23.6000,464295,10952886.0000,3
2021-04-07,20210407103000000,sz.300545,23.8800,24.8600,23.8800,24.3500,1511700,36966770.0000,3
2021-04-07,20210407113000000,sz.300545,24.3300,24.3300,23.9500,24.1200,204300,4925535.0000,3
2021-04-07,20210407140000000,sz.300545,24.0700,24.2400,24.0100,24.0900,146300,3529539.0000,3
2021-04-07,20210407150000000,sz.300545,24.0900,24.0900,23.9700,24.0800,224000,5381965.0000,3
2021-04-08,20210408103000000,sz.300545,23.9700,24.3000,23.6400,24.1300,640500,15370294.0000,3
2021-04-08,20210408113000000,sz.300545,24.1300,24.1600,23.9500,24.0400,192467,4632226.0000,3
2021-04-08,20210408140000000,sz.300545,24.0400,24.0600,23.8200,23.9000,176200,4213762.0000,3
2021-04-08,20210408150000000,sz.300545,23.9000,23.9600,23.7400,23.7400,268500,6403113.0000,3
2021-04-09,20210409103000000,sz.300545,23.8700,23.9300,23.5000,23.5600,350800,8315875.0000,3
2021-04-09,20210409113000000,sz.300545,23.5600,23.6900,23.5200,23.6200,130500,3076348.0000,3
2021-04-09,20210409140000000,sz.300545,23.5900,23.5900,23.3200,23.3900,167300,3917511.0000,3
2021-04-09,20210409150000000,sz.300545,23.3900,23.5500,23.3500,23.4600,188800,4426477.0000,3
2021-04-12,20210412103000000,sz.300545,23.8100,23.8100,23.0000,23.0900,341700,7918798.0000,3
2021-04-12,20210412113000000,sz.300545,23.0900,23.2800,23.0100,23.0900,140565,3247480.0000,3
2021-04-12,20210412140000000,sz.300545,23.0900,23.1200,22.9800,23.1000,139400,3213303.0000,3
2021-04-12,20210412150000000,sz.300545,23.0900,23.1200,22.8300,22.9000,237600,5450183.0000,3
2021-04-13,20210413103000000,sz.300545,22.9000,23.7800,22.9000,23.2800,454000,10605650.0000,3
2021-04-13,20210413113000000,sz.300545,23.2800,23.3600,23.1400,23.2800,118600,2756240.0000,3
2021-04-13,20210413140000000,sz.300545,23.2300,23.2300,23.0700,23.0700,69800,1615204.0000,3
2021-04-13,20210413150000000,sz.300545,23.0700,23.3000,23.0000,23.2300,189966,4392420.0000,3
2021-04-14,20210414103000000,sz.300545,23.5400,25.0000,23.2600,24.5600,1670448,40434706.0000,3
2021-04-14,20210414113000000,sz.300545,24.5600,24.6200,24.3200,24.4500,402251,9839556.0000,3
2021-04-14,20210414140000000,sz.300545,24.4600,24.5000,24.2400,24.2900,201200,4897997.0000,3
2021-04-14,20210414150000000,sz.300545,24.2900,24.3800,24.2500,24.3100,293700,7142004.0000,3
2021-04-15,20210415103000000,sz.300545,24.1800,24.6300,23.9100,23.9600,644885,15567311.0000,3
2021-04-15,20210415113000000,sz.300545,23.9500,24.1000,23.9000,24.0100,202539,4852538.0000,3
2021-04-15,20210415140000000,sz.300545,24.0100,24.0700,23.8800,24.0100,151900,3640451.0000,3
2021-04-15,20210415150000000,sz.300545,24.0100,24.0300,23.8200,23.9500,278000,6654863.0000,3
2021-04-16,20210416103000000,sz.300545,23.9400,24.1700,23.8500,23.8800,260886,6254868.0000,3
2021-04-16,20210416113000000,sz.300545,23.9000,24.0000,23.7700,23.9000,190000,4536198.0000,3
2021-04-16,20210416140000000,sz.300545,23.9000,24.0000,23.8500,23.9500,193744,4637758.0000,3
2021-04-16,20210416150000000,sz.300545,23.9500,24.2500,23.9200,24.0500,386942,9313250.0000,3
2021-04-19,20210419103000000,sz.300545,24.1700,24.4000,24.0000,24.3700,457100,11076078.0000,3
2021-04-19,20210419113000000,sz.300545,24.3700,24.7500,24.2700,24.5500,430400,10551406.0000,3
2021-04-19,20210419140000000,sz.300545,24.5500,24.6200,24.3800,24.5300,201246,4930566.0000,3
2021-04-19,20210419150000000,sz.300545,24.5200,24.6000,24.4600,24.5700,496539,12178668.0000,3
2021-04-20,20210420103000000,sz.300545,24.4000,24.4500,24.0000,24.1400,493800,11917936.0000,3
2021-04-20,20210420113000000,sz.300545,24.1200,24.1400,24.0200,24.0300,165400,3979640.0000,3
2021-04-20,20210420140000000,sz.300545,24.0300,24.1000,23.8500,23.9000,269773,6463763.0000,3
2021-04-20,20210420150000000,sz.300545,23.9000,23.9600,23.8100,23.8700,246125,5872983.0000,3
2021-04-21,20210421103000000,sz.300545,23.7400,23.8600,23.4700,23.5600,399501,9413133.0000,3
2021-04-21,20210421113000000,sz.300545,23.5600,23.8700,23.5100,23.7400,108000,2555926.0000,3
2021-04-21,20210421140000000,sz.300545,23.7300,23.7900,23.6400,23.7400,88300,2093673.0000,3
2021-04-21,20210421150000000,sz.300545,23.7400,23.8100,23.7000,23.8100,153200,3638772.0000,3
2021-04-22,20210422103000000,sz.300545,23.9500,23.9600,23.6600,23.7100,190930,4538217.0000,3
2021-04-22,20210422113000000,sz.300545,23.7100,23.7400,23.6700,23.7100,94000,2227425.0000,3
2021-04-22,20210422140000000,sz.300545,23.7200,23.7400,23.5800,23.5900,125900,2978670.0000,3
2021-04-22,20210422150000000,sz.300545,23.5900,23.6600,23.5100,23.5300,153900,3627176.0000,3
2021-04-23,20210423103000000,sz.300545,23.4300,23.5000,23.1200,23.4400,240272,5602471.0000,3
2021-04-23,20210423113000000,sz.300545,23.4400,23.4400,23.3200,23.3300,104700,2444945.0000,3
2021-04-23,20210423140000000,sz.300545,23.4000,23.4100,23.1000,23.2800,258300,5995797.0000,3
2021-04-23,20210423150000000,sz.300545,23.2800,23.3800,23.2600,23.2800,141400,3294262.0000,3
2021-04-26,20210426103000000,sz.300545,23.4800,23.6500,23.2800,23.6200,309776,7277989.0000,3
2021-04-26,20210426113000000,sz.300545,23.6200,23.7100,23.5800,23.6300,124600,2943696.0000,3
2021-04-26,20210426140000000,sz.300545,23.6100,23.6500,23.3500,23.4000,117900,2765021.0000,3
2021-04-26,20210426150000000,sz.300545,23.4000,23.4100,23.2400,23.2500,178000,4152287.0000,3
2021-04-27,20210427103000000,sz.300545,23.1500,23.5000,23.1500,23.2100,267100,6242397.0000,3
2021-04-27,20210427113000000,sz.300545,23.2100,23.3900,23.2000,23.3000,97700,2276231.0000,3
2021-04-27,20210427140000000,sz.300545,23.3000,24.3300,23.1800,23.8900,596400,14284098.0000,3
2021-04-27,20210427150000000,sz.300545,23.8900,24.1300,23.8600,24.1100,636642,15279027.0000,3
2021-04-28,20210428103000000,sz.300545,23.5700,23.5700,20.2200,22.2000,1554158,34639647.0000,3
2021-04-28,20210428113000000,sz.300545,22.2000,22.2700,22.0500,22.1500,366196,8086637.0000,3
2021-04-28,20210428140000000,sz.300545,22.1600,22.1600,21.9400,21.9500,299804,6615916.0000,3
2021-04-28,20210428150000000,sz.300545,21.9400,22.1000,21.8800,21.9600,480700,10556211.0000,3
2021-04-29,20210429103000000,sz.300545,22.4200,22.4900,21.8000,21.8000,294700,6469010.0000,3
2021-04-29,20210429113000000,sz.300545,21.7500,21.9200,21.6300,21.8000,235800,5123849.0000,3
2021-04-29,20210429140000000,sz.300545,21.8000,21.8600,21.2900,21.4300,330325,7102258.0000,3
2021-04-29,20210429150000000,sz.300545,21.4200,21.4600,21.1300,21.2000,434937,9267663.0000,3
2021-04-30,20210430103000000,sz.300545,21.3300,21.6800,21.2200,21.4900,334800,7203558.0000,3
2021-04-30,20210430113000000,sz.300545,21.4900,21.5000,21.2000,21.2500,324400,6924597.0000,3
2021-04-30,20210430140000000,sz.300545,21.2600,21.3200,21.1900,21.2100,90000,1909376.0000,3
2021-04-30,20210430150000000,sz.300545,21.2300,21.3800,21.2200,21.2200,184600,3928290.0000,3
2021-05-06,20210506103000000,sz.300545,21.4500,21.8000,21.3200,21.5000,352700,7602991.0000,3
2021-05-06,20210506113000000,sz.300545,21.5000,21.6200,21.4600,21.4600,86400,1858822.0000,3
2021-05-06,20210506140000000,sz.300545,21.5800,21.5800,21.3200,21.4300,66400,1419931.0000,3
2021-05-06,20210506150000000,sz.300545,21.4400,21.4500,21.3500,21.3800,103100,2205839.0000,3
2021-05-07,20210507103000000,sz.300545,21.3700,21.4500,20.2100,20.4300,1113073,22875501.0000,3
2021-05-07,20210507113000000,sz.300545,20.4300,20.6600,20.4300,20.6500,211739,4339879.0000,3
2021-05-07,20210507140000000,sz.300545,20.6500,20.6500,20.2000,20.3600,282061,5740890.0000,3
2021-05-07,20210507150000000,sz.300545,20.3600,20.6500,20.3600,20.4300,220200,4505773.0000,3
2021-05-10,20210510103000000,sz.300545,20.4300,20.5700,20.0700,20.4000,244142,4957641.0000,3
2021-05-10,20210510113000000,sz.300545,20.4000,20.4300,20.3200,20.3200,80886,1649318.0000,3
2021-05-10,20210510140000000,sz.300545,20.3100,20.3300,20.1200,20.2300,171400,3466339.0000,3
2021-05-10,20210510150000000,sz.300545,20.2300,20.2500,20.1800,20.2000,131100,2649605.0000,3
2021-05-11,20210511103000000,sz.300545,20.4300,20.4300,19.7400,19.7400,399600,7996514.0000,3
2021-05-11,20210511113000000,sz.300545,19.8000,20.0100,19.7500,20.0100,150500,2994536.0000,3
2021-05-11,20210511140000000,sz.300545,20.0100,20.2100,20.0100,20.1700,61900,1246746.0000,3
2021-05-11,20210511150000000,sz.300545,20.1900,21.0900,20.1900,21.0800,644086,13308026.0000,3
2021-05-12,20210512103000000,sz.300545,20.8400,20.9000,20.5500,20.7000,257300,5316942.0000,3
2021-05-12,20210512113000000,sz.300545,20.7000,20.7600,20.6000,20.6000,101400,2097079.0000,3
2021-05-12,20210512140000000,sz.300545,20.6000,20.7400,20.6000,20.7400,57200,1183947.0000,3
2021-05-12,20210512150000000,sz.300545,20.7400,20.8900,20.7000,20.8200,221700,4612515.0000,3
2021-05-13,20210513103000000,sz.300545,21.1800,21.7000,21.0000,21.3200,832400,17859406.0000,3
2021-05-13,20210513113000000,sz.300545,21.3200,21.4000,21.1800,21.2300,164200,3496767.0000,3
2021-05-13,20210513140000000,sz.300545,21.2300,21.2400,21.0300,21.0500,102300,2163892.0000,3
2021-05-13,20210513150000000,sz.300545,21.0500,21.2900,21.0500,21.1900,254050,5376821.0000,3
2021-05-14,20210514103000000,sz.300545,21.1200,21.3400,20.8000,20.9400,420300,8835642.0000,3
2021-05-14,20210514113000000,sz.300545,20.9400,21.3000,20.9100,21.1500,144800,3047085.0000,3
2021-05-14,20210514140000000,sz.300545,21.1500,21.2500,21.1300,21.1900,132400,2803658.0000,3
2021-05-14,20210514150000000,sz.300545,21.2000,21.4500,21.1700,21.4300,354795,7551006.0000,3
2021-05-17,20210517103000000,sz.300545,21.4200,21.4300,20.8000,20.9000,379295,7963962.0000,3
2021-05-17,20210517113000000,sz.300545,20.9000,20.9600,20.8400,20.9300,134500,2808193.0000,3
2021-05-17,20210517140000000,sz.300545,20.9300,20.9500,20.6700,20.9200,147000,3062230.0000,3
2021-05-17,20210517150000000,sz.300545,20.9200,20.9500,20.9100,20.9100,99355,2078524.0000,3
2021-05-18,20210518103000000,sz.300545,20.9800,21.1800,20.7500,20.9600,203200,4258923.0000,3
2021-05-18,20210518113000000,sz.300545,20.9600,20.9600,20.8700,20.9300,62000,1297278.0000,3
2021-05-18,20210518140000000,sz.300545,20.9300,20.9700,20.8800,20.8800,60300,1261682.0000,3
2021-05-18,20210518150000000,sz.300545,20.8800,20.8900,20.8000,20.8400,115900,2417340.0000,3
2021-05-19,20210519103000000,sz.300545,20.8300,20.8400,20.4700,20.5500,213820,4399424.0000,3
2021-05-19,20210519113000000,sz.300545,20.5500,20.5500,20.4200,20.4800,99500,2038633.0000,3
2021-05-19,20210519140000000,sz.300545,20.4800,20.4800,20.4300,20.4500,61900,1265830.0000,3
2021-05-19,20210519150000000,sz.300545,20.4500,20.4600,20.3300,20.4100,183600,3745312.0000,3
2021-05-20,20210520103000000,sz.300545,20.4800,20.5900,20.2500,20.4600,81800,1670819.0000,3
2021-05-20,20210520113000000,sz.300545,20.4600,20.4600,20.3600,20.4000,45300,923758.0000,3
2021-05-20,20210520140000000,sz.300545,20.4000,20.7000,20.4000,20.6500,107300,2207664.0000,3
2021-05-20,20210520150000000,sz.300545,20.6500,20.6600,20.5500,20.6200,109400,2253350.0000,3
2021-05-21,20210521103000000,sz.300545,20.6900,20.8700,20.5800,20.6900,105600,2180408.0000,3
2021-05-21,20210521113000000,sz.300545,20.6900,20.8200,20.6300,20.6500,109600,2273477.0000,3
2021-05-21,20210521140000000,sz.300545,20.7100,20.7900,20.6400,20.6700,42200,873434.0000,3
2021-05-21,20210521150000000,sz.300545,20.6700,20.7100,20.6000,20.6300,205600,4247016.0000,3
2021-05-24,20210524103000000,sz.300545,20.6800,20.8700,20.4500,20.7400,142300,2931294.0000,3
2021-05-24,20210524113000000,sz.300545,20.7400,20.8200,20.6300,20.8200,69000,1431136.0000,3
2021-05-24,20210524140000000,sz.300545,20.8200,20.8200,20.6800,20.7000,70500,1463046.0000,3
2021-05-24,20210524150000000,sz.300545,20.7000,20.7600,20.7000,20.7500,119517,2479395.0000,3
2021-05-25,20210525103000000,sz.300545,21.0000,21.1000,20.8000,20.9700,230637,4829735.0000,3
2021-05-25,20210525113000000,sz.300545,20.9900,21.2800,20.9500,21.0600,158600,3348673.0000,3
2021-05-25,20210525140000000,sz.300545,21.0800,21.1500,21.0300,21.1000,190700,4018899.0000,3
2021-05-25,20210525150000000,sz.300545,21.1000,21.1100,21.0100,21.0500,221322,4659151.0000,3
2021-05-26,20210526103000000,sz.300545,20.9500,21.2700,20.8000,21.1800,232437,4899980.0000,3
2021-05-26,20210526113000000,sz.300545,21.1900,21.2100,21.1400,21.2000,99900,2114947.0000,3
2021-05-26,20210526140000000,sz.300545,21.2000,21.7000,21.1800,21.5100,419500,9024356.0000,3
2021-05-26,20210526150000000,sz.300545,21.5100,21.6000,21.2000,21.6000,281200,6014690.0000,3
2021-05-27,20210527103000000,sz.300545,21.5100,21.7000,21.2600,21.5500,222637,4774096.0000,3
2021-05-27,20210527113000000,sz.300545,21.5500,21.8500,21.5500,21.7300,207000,4491415.0000,3
2021-05-27,20210527140000000,sz.300545,21.7400,21.9700,21.7100,21.8500,381455,8302173.0000,3
2021-05-27,20210527150000000,sz.300545,21.8500,21.8600,21.6000,21.7500,335500,7292571.0000,3
2021-05-28,20210528103000000,sz.300545,21.8500,21.8500,21.5200,21.6000,191900,4146780.0000,3
2021-05-28,20210528113000000,sz.300545,21.6000,21.6200,21.4200,21.4600,109300,2352577.0000,3
2021-05-28,20210528140000000,sz.300545,21.4600,21.4800,21.3200,21.3300,145200,3105836.0000,3
2021-05-28,20210528150000000,sz.300545,21.3300,21.5300,21.3200,21.4600,221737,4753406.0000,3
2021-05-31,20210531103000000,sz.300545,21.5000,21.5200,21.3000,21.4200,202200,4323698.0000,3
2021-05-31,20210531113000000,sz.300545,21.4200,21.4200,21.3200,21.3200,88500,1890617.0000,3
2021-05-31,20210531140000000,sz.300545,21.3200,21.4000,21.2800,21.2900,115000,2451870.0000,3
2021-05-31,20210531150000000,sz.300545,21.2900,21.4500,21.2600,21.4000,209500,4466629.0000,3
2021-06-01,20210601103000000,sz.300545,21.3800,21.6600,21.3400,21.5900,229800,4946219.0000,3
2021-06-01,20210601113000000,sz.300545,21.5900,21.6000,21.5000,21.5900,74700,1610649.0000,3
2021-06-01,20210601140000000,sz.300545,21.5900,21.6200,21.4800,21.5100,95839,2066370.0000,3
2021-06-01,20210601150000000,sz.300545,21.5100,21.5300,21.4400,21.4500,157255,3376242.0000,3
2021-06-02,20210602103000000,sz.300545,21.5000,21.6800,21.3100,21.3200,270700,5821450.0000,3
2021-06-02,20210602113000000,sz.300545,21.3200,21.3500,21.2800,21.3200,121100,2581822.0000,3
2021-06-02,20210602140000000,sz.300545,21.3100,21.3500,21.1100,21.1200,140900,2992620.0000,3
2021-06-02,20210602150000000,sz.300545,21.1100,21.2000,21.0700,21.1700,144439,3051967.0000,3
2021-06-03,20210603103000000,sz.300545,21.1000,21.3600,21.0200,21.3600,251900,5334864.0000,3
2021-06-03,20210603113000000,sz.300545,21.3600,21.3600,21.1100,21.2200,132800,2818451.0000,3
2021-06-03,20210603140000000,sz.300545,21.2200,21.3300,21.2000,21.2500,72700,1545891.0000,3
2021-06-03,20210603150000000,sz.300545,21.2500,21.2600,21.0300,21.0800,157039,3317980.0000,3
2021-06-04,20210604103000000,sz.300545,21.0800,21.1800,21.0000,21.0500,129100,2720091.0000,3
2021-06-04,20210604113000000,sz.300545,21.0500,21.1300,21.0000,21.0100,104400,2198890.0000,3
2021-06-04,20210604140000000,sz.300545,21.0100,21.0800,21.0000,21.0100,112200,2359656.0000,3
2021-06-04,20210604150000000,sz.300545,21.0100,21.0100,20.8100,20.8100,315350,6581431.0000,3
2021-06-07,20210607103000000,sz.300545,20.8100,21.2100,20.8100,20.9900,209239,4395360.0000,3
2021-06-07,20210607113000000,sz.300545,20.9800,21.0400,20.9000,20.9000,72761,1525239.0000,3
2021-06-07,20210607140000000,sz.300545,20.9000,20.9700,20.9000,20.9400,67039,1403425.0000,3
2021-06-07,20210607150000000,sz.300545,20.9500,21.3500,20.9500,21.1700,245543,5189202.0000,3
2021-06-08,20210608103000000,sz.300545,21.1600,21.4000,21.1000,21.2600,227200,4834567.0000,3
2021-06-08,20210608113000000,sz.300545,21.2600,21.3400,21.1900,21.2600,104300,2214175.0000,3
2021-06-08,20210608140000000,sz.300545,21.2900,21.3000,21.1800,21.2100,99200,2106027.0000,3
2021-06-08,20210608150000000,sz.300545,21.1900,21.3800,21.1800,21.3500,183900,3912724.0000,3
2021-06-09,20210609103000000,sz.300545,21.3500,21.5800,21.2000,21.3500,290000,6197361.0000,3
2021-06-09,20210609113000000,sz.300545,21.3500,21.3500,21.2800,21.3200,68734,1464316.0000,3
2021-06-09,20210609140000000,sz.300545,21.3200,21.3400,21.2100,21.2200,112961,2400632.0000,3
2021-06-09,20210609150000000,sz.300545,21.2200,21.2700,21.0700,21.1700,178337,3774816.0000,3
2021-06-10,20210610103000000,sz.300545,21.1800,21.3500,20.9900,21.3300,233800,4961442.0000,3
2021-06-10,20210610113000000,sz.300545,21.3100,21.4900,21.3100,21.4200,236000,5047949.0000,3
2021-06-10,20210610140000000,sz.300545,21.4200,21.4400,21.3400,21.4200,225966,4838164.0000,3
2021-06-10,20210610150000000,sz.300545,21.4300,21.6200,21.4300,21.5200,367854,7910112.0000,3
2021-06-11,20210611103000000,sz.300545,21.5200,21.7900,21.4100,21.6400,440400,9525718.0000,3
2021-06-11,20210611113000000,sz.300545,21.6400,21.6400,21.4800,21.5400,91800,1976687.0000,3
2021-06-11,20210611140000000,sz.300545,21.5500,21.5500,21.2600,21.3000,222700,4766911.0000,3
2021-06-11,20210611150000000,sz.300545,21.3000,21.4300,21.2600,21.3900,263439,5618798.0000,3
2021-06-15,20210615103000000,sz.300545,21.3900,21.7600,21.2600,21.5800,395900,8501696.0000,3
2021-06-15,20210615113000000,sz.300545,21.5800,21.9200,21.5400,21.9200,498363,10826899.0000,3
2021-06-15,20210615140000000,sz.300545,21.9200,22.4000,21.8500,22.3400,943500,20943578.0000,3
2021-06-15,20210615150000000,sz.300545,22.3400,22.3400,21.9300,22.1300,521600,11511691.0000,3
2021-06-16,20210616103000000,sz.300545,22.1000,22.1500,21.8100,21.9100,513406,11285482.0000,3
2021-06-16,20210616113000000,sz.300545,21.9100,21.9200,21.6800,21.6800,206600,4504302.0000,3
2021-06-16,20210616140000000,sz.300545,21.7700,21.8000,21.6100,21.8000,179600,3896361.0000,3
2021-06-16,20210616150000000,sz.300545,21.8000,21.8400,21.6800,21.8400,246300,5356322.0000,3
2021-06-17,20210617103000000,sz.300545,21.8000,22.0700,21.6300,21.7100,458166,10007580.0000,3
2021-06-17,20210617113000000,sz.300545,21.7100,21.7300,21.4500,21.5000,202200,4372293.0000,3
2021-06-17,20210617140000000,sz.300545,21.4900,22.1300,21.4800,22.1300,387500,8486143.0000,3
2021-06-17,20210617150000000,sz.300545,22.1300,22.6000,22.1300,22.6000,936838,20936489.0000,3
2021-06-18,20210618103000000,sz.300545,22.6000,23.3800,22.3000,22.5000,1339700,30511178.0000,3
2021-06-18,20210618113000000,sz.300545,22.5000,23.2000,22.5000,23.0900,559000,12755274.0000,3
2021-06-18,20210618140000000,sz.300545,23.1000,24.0000,23.0000,23.3900,1467458,34501417.0000,3
2021-06-18,20210618150000000,sz.300545,23.3900,23.4900,23.1600,23.4600,660200,15396185.0000,3
2021-06-21,20210621103000000,sz.300545,23.0000,23.4000,22.8000,23.1600,1299085,30026294.0000,3
2021-06-21,20210621113000000,sz.300545,23.1600,23.2300,23.0200,23.1200,383573,8864757.0000,3
2021-06-21,20210621140000000,sz.300545,23.2000,23.2200,23.0100,23.0700,221000,5104823.0000,3
2021-06-21,20210621150000000,sz.300545,23.0700,23.4500,23.0200,23.3900,461400,10732898.0000,3
2021-06-22,20210622103000000,sz.300545,23.1900,23.4100,22.5000,22.5000,906400,20675150.0000,3
2021-06-22,20210622113000000,sz.300545,22.5000,22.8200,22.4700,22.7700,322900,7303032.0000,3
2021-06-22,20210622140000000,sz.300545,22.8000,22.9300,22.6200,22.6300,258300,5878531.0000,3
2021-06-22,20210622150000000,sz.300545,22.6300,23.0700,22.6200,23.0700,534736,12232460.0000,3
2021-06-23,20210623103000000,sz.300545,22.9200,24.9900,22.7300,24.0000,2514936,60329930.0000,3
2021-06-23,20210623113000000,sz.300545,24.0000,24.1000,23.8700,23.8800,246100,5897319.0000,3
2021-06-23,20210623140000000,sz.300545,23.9000,24.1900,23.8900,23.9100,352100,8466769.0000,3
2021-06-23,20210623150000000,sz.300545,23.9100,24.1600,23.8800,24.0700,605900,14539338.0000,3
2021-06-24,20210624103000000,sz.300545,23.9000,24.4800,23.5600,24.0800,1365985,32697682.0000,3
2021-06-24,20210624113000000,sz.300545,23.9900,24.0800,23.7500,23.7500,408000,9729901.0000,3
2021-06-24,20210624140000000,sz.300545,23.7500,23.9500,23.7000,23.8900,190600,4534111.0000,3
2021-06-24,20210624150000000,sz.300545,23.8900,23.9000,23.4000,23.5500,533100,12598525.0000,3
2021-06-25,20210625103000000,sz.300545,23.8100,23.9000,22.8500,23.1000,883200,20587329.0000,3
2021-06-25,20210625113000000,sz.300545,23.0500,23.1000,22.8000,23.0000,368400,8436221.0000,3
2021-06-25,20210625140000000,sz.300545,23.0600,23.1000,22.8800,22.9100,348700,8002204.0000,3
2021-06-25,20210625150000000,sz.300545,22.9100,23.0400,22.8600,22.8900,357060,8181258.0000,3
2021-06-28,20210628103000000,sz.300545,23.0000,23.1200,22.5100,23.0700,540265,12294369.2900,3
2021-06-28,20210628113000000,sz.300545,23.0900,23.9700,23.0000,23.8900,1002554,23700784.2800,3
2021-06-28,20210628140000000,sz.300545,23.9000,23.9000,23.3800,23.4300,288946,6821655.7200,3
2021-06-28,20210628150000000,sz.300545,23.4100,23.5000,23.4100,23.4600,308700,7242463.8400,3
2021-06-29,20210629103000000,sz.300545,23.4000,23.5900,22.8900,23.0200,696600,16137110.0000,3
2021-06-29,20210629113000000,sz.300545,23.0300,23.1400,22.9000,22.9300,237900,5463032.0000,3
2021-06-29,20210629140000000,sz.300545,22.9300,23.0400,22.8000,22.8000,191500,4386197.0000,3
2021-06-29,20210629150000000,sz.300545,22.8100,22.8900,22.7000,22.7300,254330,5795459.0000,3
2021-06-30,20210630103000000,sz.300545,22.7300,23.5500,22.5700,23.1500,550902,12764124.1800,3
2021-06-30,20210630113000000,sz.300545,23.1600,23.1600,22.9100,22.9600,205900,4735207.0000,3
2021-06-30,20210630140000000,sz.300545,22.9800,23.2500,22.9800,23.1300,167203,3862139.2400,3
2021-06-30,20210630150000000,sz.300545,23.1300,23.4500,23.0600,23.2700,464300,10781216.0000,3
2021-07-01,20210701103000000,sz.300545,23.7000,24.5500,23.2800,23.5300,1320784,31537000.8300,3
2021-07-01,20210701113000000,sz.300545,23.5300,23.5900,23.3200,23.4000,247300,5806240.7500,3
2021-07-01,20210701140000000,sz.300545,23.4000,23.6000,23.3600,23.3600,158000,3712225.0000,3
2021-07-01,20210701150000000,sz.300545,23.3600,23.3800,22.8000,22.8600,362800,8346583.0000,3
2021-07-02,20210702103000000,sz.300545,22.5500,23.1600,22.5000,22.6700,658500,14982462.0000,3
2021-07-02,20210702113000000,sz.300545,22.6700,23.0800,22.6200,22.9500,200100,4581478.0000,3
2021-07-02,20210702140000000,sz.300545,22.9500,23.5500,22.9100,23.3100,505900,11766201.0000,3
2021-07-02,20210702150000000,sz.300545,23.3100,23.3100,23.0000,23.0800,243600,5635746.0000,3
2021-07-05,20210705103000000,sz.300545,22.8500,23.6500,22.8100,23.2300,528600,12318825.0000,3
2021-07-05,20210705113000000,sz.300545,23.2500,23.6800,23.0000,23.4600,503500,11788020.0000,3
2021-07-05,20210705140000000,sz.300545,23.4600,23.5100,23.2300,23.4600,294475,6880094.8800,3
2021-07-05,20210705150000000,sz.300545,23.4600,23.6600,23.4600,23.6500,478300,11273453.0000,3
2021-07-06,20210706103000000,sz.300545,23.7000,23.8000,23.3100,23.7000,563000,13251290.0000,3
2021-07-06,20210706113000000,sz.300545,23.7000,23.7300,23.3300,23.3800,446367,10474031.7700,3
2021-07-06,20210706140000000,sz.300545,23.4700,23.4700,23.1000,23.1800,325900,7587733.0000,3
2021-07-06,20210706150000000,sz.300545,23.1800,23.4300,23.0900,23.4200,230497,5355828.4300,3
2021-07-07,20210707103000000,sz.300545,23.3000,23.6900,23.0100,23.1000,367700,8512246.0000,3
2021-07-07,20210707113000000,sz.300545,23.1000,24.4100,23.0500,24.2000,1321100,31668151.0000,3
2021-07-07,20210707140000000,sz.300545,24.2200,24.8800,24.2200,24.4800,1579541,38798792.0300,3
2021-07-07,20210707150000000,sz.300545,24.4700,24.6300,24.4200,24.5500,930137,22834784.7900,3
2021-07-08,20210708103000000,sz.300545,24.2800,24.8600,24.1000,24.6200,1399875,34349473.5000,3
2021-07-08,20210708113000000,sz.300545,24.6400,25.2200,24.3500,25.0400,990800,24529626.0000,3
2021-07-08,20210708140000000,sz.300545,25.0700,25.2000,24.6400,24.8800,858883,21455449.2800,3
2021-07-08,20210708150000000,sz.300545,24.8800,25.0900,24.8000,24.9900,788700,19692463.1300,3
2021-07-09,20210709103000000,sz.300545,24.7800,25.0000,24.3000,24.3100,1308400,32095100.1000,3
2021-07-09,20210709113000000,sz.300545,24.3000,24.6200,24.2800,24.3200,500575,12197364.0000,3
2021-07-09,20210709140000000,sz.300545,24.3200,24.5800,24.2900,24.4200,314900,7683986.0000,3
2021-07-09,20210709150000000,sz.300545,24.4200,24.7900,24.4200,24.7000,732229,18056504.3000,3
2021-07-12,20210712103000000,sz.300545,24.6200,24.6500,24.0200,24.2400,1133500,27542151.0000,3
2021-07-12,20210712113000000,sz.300545,24.2400,24.3200,24.1700,24.1900,302300,7321698.0000,3
2021-07-12,20210712140000000,sz.300545,24.1700,24.3700,24.1700,24.3000,330190,8014665.9000,3
2021-07-12,20210712150000000,sz.300545,24.3000,24.3500,24.2000,24.3300,549800,13345675.1000,3
2021-07-13,20210713103000000,sz.300545,24.4600,24.4600,23.8100,23.8800,953400,22865363.2500,3
2021-07-13,20210713113000000,sz.300545,23.9000,24.1900,23.8600,24.1800,313200,7518147.0000,3
2021-07-13,20210713140000000,sz.300545,24.1800,24.1800,24.0200,24.1300,192400,4638023.0000,3
2021-07-13,20210713150000000,sz.300545,24.1300,24.2800,24.0700,24.2500,384100,9283394.0000,3
2021-07-14,20210714103000000,sz.300545,24.2800,25.1800,24.2000,24.3900,1312298,32412039.9100,3
2021-07-14,20210714113000000,sz.300545,24.3900,24.4000,24.1900,24.3000,190600,4633014.0000,3
2021-07-14,20210714140000000,sz.300545,24.3300,24.3500,24.2300,24.2600,177300,4302913.0000,3
2021-07-14,20210714150000000,sz.300545,24.2600,24.2900,23.8700,24.0200,493600,11890556.0000,3
2021-07-15,20210715103000000,sz.300545,23.4700,23.6800,22.5800,22.7800,1511964,34908850.6000,3
2021-07-15,20210715113000000,sz.300545,22.7800,22.9300,22.7000,22.7200,261800,5966229.0000,3
2021-07-15,20210715140000000,sz.300545,22.7300,22.7300,22.3600,22.4000,819800,18450492.0000,3
2021-07-15,20210715150000000,sz.300545,22.4000,22.5500,22.3000,22.3100,765000,17171351.9700,3
2021-07-16,20210716103000000,sz.300545,22.0700,22.5300,22.0700,22.3600,405985,9056652.6300,3
2021-07-16,20210716113000000,sz.300545,22.3600,22.3600,22.2600,22.3000,252600,5632931.0000,3
2021-07-16,20210716140000000,sz.300545,22.3000,22.3200,22.0600,22.0800,430227,9543531.0900,3
2021-07-16,20210716150000000,sz.300545,22.0800,22.1500,21.9300,22.0800,388300,8555975.1600,3
2021-07-19,20210719103000000,sz.300545,21.8800,22.1000,21.6400,21.9700,461400,10055673.0000,3
2021-07-19,20210719113000000,sz.300545,21.9400,22.2400,21.8400,22.2200,283000,6252996.0000,3
2021-07-19,20210719140000000,sz.300545,22.2100,22.2500,21.9500,21.9500,213900,4716004.0000,3
2021-07-19,20210719150000000,sz.300545,21.9500,22.2000,21.9200,22.1200,198600,4396725.0000,3
2021-07-20,20210720103000000,sz.300545,22.2200,22.4500,21.7300,21.8700,319300,7004788.0000,3
2021-07-20,20210720113000000,sz.300545,21.8500,21.9200,21.6400,21.6800,287001,6245840.7000,3
2021-07-20,20210720140000000,sz.300545,21.6800,21.7800,21.6000,21.6500,324295,7021188.9500,3
2021-07-20,20210720150000000,sz.300545,21.6500,21.8600,21.6200,21.7300,267200,5814520.0000,3
2021-07-21,20210721103000000,sz.300545,21.8000,22.2000,21.6500,21.9400,397700,8749628.8000,3
2021-07-21,20210721113000000,sz.300545,21.9400,22.2900,21.9400,22.2000,322395,7123270.2500,3
2021-07-21,20210721140000000,sz.300545,22.2000,22.4500,22.0500,22.4000,397700,8848149.9900,3
2021-07-21,20210721150000000,sz.300545,22.4000,22.4000,22.2400,22.3000,368101,8214987.2600,3
2021-07-22,20210722103000000,sz.300545,22.3000,22.8000,22.0400,22.4400,763107,17085961.6300,3
2021-07-22,20210722113000000,sz.300545,22.4400,22.4600,22.3100,22.4500,205000,4586924.9100,3
2021-07-22,20210722140000000,sz.300545,22.4700,22.7800,22.4300,22.7000,361700,8174548.0000,3
2021-07-22,20210722150000000,sz.300545,22.7000,23.6600,22.6400,23.6600,2029604,47216692.8300,3
2021-07-23,20210723103000000,sz.300545,24.3000,27.5000,24.2300,26.2800,7023168,183209541.5900,3
2021-07-23,20210723113000000,sz.300545,26.2800,26.7700,25.9100,26.1600,1051710,27731257.4500,3
2021-07-23,20210723140000000,sz.300545,26.2000,28.3900,26.1600,28.3900,6798661,191054405.6200,3
2021-07-23,20210723150000000,sz.300545,28.3900,28.3900,28.3800,28.3900,845143,23993446.7700,3
2021-07-26,20210726103000000,sz.300545,29.1000,31.1800,28.4500,30.4600,12778128,379983061.8300,3
2021-07-26,20210726113000000,sz.300545,30.4700,32.1300,29.9000,31.7000,3634076,113088238.4900,3
2021-07-26,20210726140000000,sz.300545,31.6900,31.7000,30.1000,31.4900,1378246,42858188.6800,3
2021-07-26,20210726150000000,sz.300545,31.4900,34.0000,31.1000,33.3000,3937426,130523253.2000,3
2021-07-27,20210727103000000,sz.300545,32.3400,35.0000,30.7000,34.2000,9295579,301862253.7100,3
2021-07-27,20210727113000000,sz.300545,34.2400,34.3800,33.3000,33.3000,1920665,65091501.3200,3
2021-07-27,20210727140000000,sz.300545,33.3000,34.2300,32.4600,32.8800,1878033,62150171.5500,3
2021-07-27,20210727150000000,sz.300545,32.9000,33.3000,30.8000,30.8000,3308493,104043213.0900,3
2021-07-28,20210728103000000,sz.300545,30.1600,32.8600,29.9500,32.3600,7465456,234740127.6100,3
2021-07-28,20210728113000000,sz.300545,32.3600,33.5000,31.2200,31.2900,2942423,95620698.7900,3
2021-07-28,20210728140000000,sz.300545,31.2900,32.2000,30.9300,31.3000,946641,29717662.8900,3
2021-07-28,20210728150000000,sz.300545,31.3000,31.5300,30.8000,31.1900,1601800,49853500.0000,3
2021-07-29,20210729103000000,sz.300545,32.1300,32.6000,30.5000,31.3900,4869758,151996179.3400,3
2021-07-29,20210729113000000,sz.300545,31.3900,32.1300,31.1900,31.7100,2120193,67346915.6600,3
2021-07-29,20210729140000000,sz.300545,31.8000,32.4900,31.7500,32.2800,2025662,65068868.0600,3
2021-07-29,20210729150000000,sz.300545,32.2700,33.1000,31.4500,31.5000,3431370,110344090.2200,3
2021-07-30,20210730103000000,sz.300545,30.0000,31.2200,29.2000,29.7100,6891701,206895877.9700,3
2021-07-30,20210730113000000,sz.300545,29.7700,31.3600,29.7600,30.8900,1828771,55945637.4500,3
2021-07-30,20210730140000000,sz.300545,30.9300,30.9900,30.3700,30.7000,1068200,32784000.2400,3
2021-07-30,20210730150000000,sz.300545,30.6900,31.0500,30.5700,31.0000,2041826,63076201.8500,3
2021-08-02,20210802103000000,sz.300545,31.4800,31.8000,29.6200,29.7600,3972752,120887386.5500,3
2021-08-02,20210802113000000,sz.300545,29.7600,30.1300,29.0000,29.2700,2091772,61892129.7600,3
2021-08-02,20210802140000000,sz.300545,29.3100,29.9500,29.2500,29.6900,918116,27251821.7400,3
2021-08-02,20210802150000000,sz.300545,29.6900,30.6400,29.6900,30.2600,2205109,66345631.3600,3
2021-08-03,20210803103000000,sz.300545,30.2800,31.3500,29.8200,29.9700,3764523,115435712.1500,3
2021-08-03,20210803113000000,sz.300545,29.9700,30.4900,29.8900,30.2900,1504418,45500069.0000,3
2021-08-03,20210803140000000,sz.300545,30.3300,30.3500,29.3500,29.5700,1567572,46525678.8800,3
2021-08-03,20210803150000000,sz.300545,29.5700,29.8800,29.1500,29.2000,1747758,51350213.7000,3
2021-08-04,20210804103000000,sz.300545,28.5000,29.5500,28.3900,28.7500,2730339,79387571.8500,3
2021-08-04,20210804113000000,sz.300545,28.7500,29.0700,28.3500,28.9100,1356627,38873862.7500,3
2021-08-04,20210804140000000,sz.300545,28.9100,29.4400,28.6600,29.2900,847300,24640912.0000,3
2021-08-04,20210804150000000,sz.300545,29.3000,29.4900,28.9800,29.3400,1474650,43127178.0000,3
2021-08-05,20210805103000000,sz.300545,28.8600,29.2000,27.4300,27.6200,3949551,111160552.5100,3
2021-08-05,20210805113000000,sz.300545,27.6600,28.1500,27.6300,27.9700,1146401,31879669.7700,3
2021-08-05,20210805140000000,sz.300545,27.9700,28.3200,27.7200,27.7200,1047800,29368146.0000,3
2021-08-05,20210805150000000,sz.300545,27.7700,27.9100,27.5700,27.6900,1870600,51812383.0000,3
2021-08-06,20210806103000000,sz.300545,27.8100,28.0800,26.9700,27.6500,2278695,62749980.0000,3
2021-08-06,20210806113000000,sz.300545,27.6500,27.8600,27.3300,27.4600,749600,20675589.0000,3
2021-08-06,20210806140000000,sz.300545,27.4700,28.0600,27.3900,27.8000,864800,24077739.0000,3
2021-08-06,20210806150000000,sz.300545,27.7500,28.0600,27.7300,28.0500,1528185,42709909.0000,3
2021-08-09,20210809103000000,sz.300545,27.9400,27.9400,27.0600,27.3300,1479285,40697321.0000,3
2021-08-09,20210809113000000,sz.300545,27.3300,27.6600,27.3300,27.5900,519900,14308823.0000,3
2021-08-09,20210809140000000,sz.300545,27.5800,28.6300,27.4600,28.1600,1578306,44327870.0000,3
2021-08-09,20210809150000000,sz.300545,28.1700,28.4200,28.0500,28.3600,1735000,49017358.0000,3
2021-08-10,20210810103000000,sz.300545,28.0800,28.4800,27.9000,28.0700,1876549,52835274.0000,3
2021-08-10,20210810113000000,sz.300545,28.1000,28.2800,27.6900,27.8900,1157200,32296044.0000,3
2021-08-10,20210810140000000,sz.300545,27.9500,27.9500,27.7200,27.7800,747900,20795475.0000,3
2021-08-10,20210810150000000,sz.300545,27.7800,27.8600,27.3600,27.8400,1605033,44347213.0000,3
2021-08-11,20210811103000000,sz.300545,27.6400,28.8000,27.6400,27.8000,3128600,88445952.0000,3
2021-08-11,20210811113000000,sz.300545,27.8000,28.2000,27.7700,28.1300,722600,20199801.0000,3
2021-08-11,20210811140000000,sz.300545,28.1400,28.1900,27.8500,28.1000,626600,17569563.0000,3
2021-08-11,20210811150000000,sz.300545,28.1000,28.7900,28.0800,28.5600,2367000,67332441.0000,3
2021-08-12,20210812103000000,sz.300545,28.5500,28.5600,27.8000,28.0200,1974550,55611679.0000,3
2021-08-12,20210812113000000,sz.300545,28.0300,28.1500,27.8000,27.9300,968250,27035106.0000,3
2021-08-12,20210812140000000,sz.300545,27.9300,28.2600,27.9300,28.0500,630300,17690125.0000,3
2021-08-12,20210812150000000,sz.300545,28.0800,28.1500,27.8300,27.9500,1230928,34423337.0000,3
2021-08-13,20210813103000000,sz.300545,28.0000,28.0000,26.8100,27.1700,2326547,63056266.0000,3
2021-08-13,20210813113000000,sz.300545,27.1600,27.2800,26.8500,27.0000,882900,23842945.0000,3
2021-08-13,20210813140000000,sz.300545,27.0000,27.0000,26.4000,26.5800,1556725,41535502.0000,3
2021-08-13,20210813150000000,sz.300545,26.5800,27.0000,26.4300,26.4300,1268735,33727891.0000,3
2021-08-16,20210816103000000,sz.300545,26.2600,26.9300,25.8800,26.4000,1593708,41852406.0000,3
2021-08-16,20210816113000000,sz.300545,26.4000,26.8800,26.3300,26.7700,623639,16644832.0000,3
2021-08-16,20210816140000000,sz.300545,26.7900,26.9100,26.5200,26.7100,379900,10146867.0000,3
2021-08-16,20210816150000000,sz.300545,26.7100,26.8600,26.5100,26.8300,697325,18639265.0000,3
2021-08-17,20210817103000000,sz.300545,26.5800,26.5800,25.6800,26.0800,1427695,37268358.0000,3
2021-08-17,20210817113000000,sz.300545,26.0400,26.2000,25.7000,25.8400,444200,11513015.0000,3
2021-08-17,20210817140000000,sz.300545,25.8700,26.2400,25.8300,26.0300,628600,16379760.0000,3
2021-08-17,20210817150000000,sz.300545,26.0500,26.0500,25.4000,25.4600,1097900,28148660.0000,3
2021-08-18,20210818103000000,sz.300545,24.9900,25.7200,24.8000,25.4600,1417665,35688532.0000,3
2021-08-18,20210818113000000,sz.300545,25.4600,25.5200,24.8200,24.9900,667083,16713891.0000,3
2021-08-18,20210818140000000,sz.300545,25.0000,25.1500,24.6600,24.7500,783600,19480117.0000,3
2021-08-18,20210818150000000,sz.300545,24.7500,25.3300,24.7500,25.1800,960209,24065124.0000,3
2021-08-19,20210819103000000,sz.300545,25.2600,25.6000,24.9800,25.0400,984100,24880277.0000,3
2021-08-19,20210819113000000,sz.300545,25.0400,25.5500,25.0300,25.3200,432479,10958528.0000,3
2021-08-19,20210819140000000,sz.300545,25.3200,25.3400,25.0800,25.1600,570500,14368122.0000,3
2021-08-19,20210819150000000,sz.300545,25.1600,25.1900,24.9200,25.0100,845400,21172382.0000,3
2021-08-20,20210820103000000,sz.300545,24.7000,25.1600,24.4200,25.0200,839600,20849002.0000,3
2021-08-20,20210820113000000,sz.300545,25.0200,25.2000,24.7700,25.0500,441739,11041427.0000,3
2021-08-20,20210820140000000,sz.300545,25.0500,25.1200,24.8100,24.9200,337900,8425424.0000,3
2021-08-20,20210820150000000,sz.300545,24.9200,25.2500,24.9100,25.2000,803801,20193639.0000,3
2021-08-23,20210823103000000,sz.300545,25.4200,25.8500,25.2000,25.8300,1252964,32106017.0000,3
2021-08-23,20210823113000000,sz.300545,25.8300,25.9500,25.6300,25.7500,621800,16036627.0000,3
2021-08-23,20210823140000000,sz.300545,25.7600,26.0700,25.7300,25.8700,828200,21467963.0000,3
2021-08-23,20210823150000000,sz.300545,25.8700,27.1200,25.7600,26.6900,2873558,76348504.0000,3
2021-08-24,20210824103000000,sz.300545,27.6000,30.5000,26.8000,28.5800,6400629,182627069.0000,3
2021-08-24,20210824113000000,sz.300545,28.5900,28.6700,27.7000,28.0100,1093119,30794099.0000,3
2021-08-24,20210824140000000,sz.300545,28.0300,28.6500,27.8700,28.0000,715100,20217455.0000,3
2021-08-24,20210824150000000,sz.300545,28.0000,28.2000,27.5300,27.7500,1311400,36363857.0000,3
2021-08-25,20210825103000000,sz.300545,26.9500,27.1600,26.4000,26.4100,2871300,76531068.0000,3
2021-08-25,20210825113000000,sz.300545,26.4100,26.7000,26.3000,26.3500,793925,20956811.0000,3
2021-08-25,20210825140000000,sz.300545,26.3500,26.8000,26.2100,26.3100,899700,23748016.0000,3
2021-08-25,20210825150000000,sz.300545,26.3100,26.4900,26.2400,26.2900,892200,23484886.0000,3
2021-08-26,20210826103000000,sz.300545,26.0000,26.5300,25.9000,26.0000,1689050,44250429.0000,3
2021-08-26,20210826113000000,sz.300545,26.0000,26.1300,25.9000,25.9300,536700,13948258.0000,3
2021-08-26,20210826140000000,sz.300545,25.9200,25.9400,25.5200,25.5600,847700,21773738.0000,3
2021-08-26,20210826150000000,sz.300545,25.5600,25.6500,25.2500,25.2800,927000,23586374.0000,3
2021-08-27,20210827103000000,sz.300545,25.9400,25.9800,24.9000,25.3900,1205300,30421726.0000,3
2021-08-27,20210827113000000,sz.300545,25.4000,25.6700,25.2000,25.2200,530800,13489829.0000,3
2021-08-27,20210827140000000,sz.300545,25.2300,25.4000,25.0800,25.1100,355500,8944125.0000,3
2021-08-27,20210827150000000,sz.300545,25.1100,25.1100,24.7600,24.8700,937600,23312857.0000,3
2021-08-30,20210830103000000,sz.300545,24.6000,25.3800,24.6000,25.2700,980641,24652063.0000,3
2021-08-30,20210830113000000,sz.300545,25.2700,25.3300,24.9700,25.1400,456559,11477512.0000,3
2021-08-30,20210830140000000,sz.300545,25.1400,25.1800,24.9900,25.0400,259500,6512836.0000,3
2021-08-30,20210830150000000,sz.300545,25.0400,25.1000,24.8100,24.8700,451600,11257476.0000,3
2021-08-31,20210831103000000,sz.300545,24.8800,25.8800,24.8800,25.2000,1084200,27535879.0000,3
2021-08-31,20210831113000000,sz.300545,25.2000,25.2500,25.0000,25.1100,342800,8598890.0000,3
2021-08-31,20210831140000000,sz.300545,25.1100,25.2900,25.0000,25.0700,322100,8086176.0000,3
2021-08-31,20210831150000000,sz.300545,25.0700,25.6600,25.0700,25.6500,852901,21677821.0000,3
2021-09-01,20210901103000000,sz.300545,25.5500,25.5500,24.6200,25.0000,1148200,28745201.0000,3
2021-09-01,20210901113000000,sz.300545,25.0000,25.0600,24.5000,24.8800,455319,11262486.0000,3
2021-09-01,20210901140000000,sz.300545,24.8800,25.0300,24.8300,24.9300,196700,4896996.0000,3
2021-09-01,20210901150000000,sz.300545,24.9200,25.0000,24.8600,25.0000,297539,7410925.0000,3
2021-09-02,20210902103000000,sz.300545,24.9000,25.2300,24.7500,24.8100,584419,14584854.0000,3
2021-09-02,20210902113000000,sz.300545,24.8200,24.9000,24.7600,24.8800,172200,4275441.0000,3
2021-09-02,20210902140000000,sz.300545,24.8800,26.2100,24.8600,25.8200,1758290,45311130.0000,3
2021-09-02,20210902150000000,sz.300545,25.8200,26.1500,25.7600,26.1000,1056539,27433492.0000,3
2021-09-03,20210903103000000,sz.300545,25.9200,27.4700,25.5000,26.7100,3010340,81001302.0000,3
2021-09-03,20210903113000000,sz.300545,26.7000,26.9100,26.3600,26.8100,591200,15727752.0000,3
2021-09-03,20210903140000000,sz.300545,26.8500,27.0000,26.7700,26.7800,544589,14642958.0000,3
2021-09-03,20210903150000000,sz.300545,26.7700,26.8500,26.5600,26.8000,808692,21620113.0000,3
2021-09-06,20210906103000000,sz.300545,26.8600,27.3800,26.3300,26.4500,1523839,40844393.0000,3
2021-09-06,20210906113000000,sz.300545,26.5000,26.7100,26.4000,26.6600,405700,10765105.0000,3
2021-09-06,20210906140000000,sz.300545,26.6000,26.6700,26.5200,26.6200,244700,6510130.0000,3
2021-09-06,20210906150000000,sz.300545,26.6200,26.9400,26.6200,26.8700,855100,22943028.0000,3
2021-09-07,20210907103000000,sz.300545,26.9900,27.0000,26.2800,26.4800,1283500,34087505.0000,3
2021-09-07,20210907113000000,sz.300545,26.4800,26.5000,26.3100,26.4400,403600,10649552.0000,3
2021-09-07,20210907140000000,sz.300545,26.4300,26.4800,26.2200,26.3500,591600,15571072.0000,3
2021-09-07,20210907150000000,sz.300545,26.3500,26.4100,26.2500,26.3200,559800,14734959.0000,3
2021-09-08,20210908103000000,sz.300545,26.3200,26.4400,26.0000,26.3100,588292,15431493.0000,3
2021-09-08,20210908113000000,sz.300545,26.3100,26.3100,26.0500,26.1000,373600,9768207.0000,3
2021-09-08,20210908140000000,sz.300545,26.1000,26.4300,26.1000,26.3500,358200,9410542.0000,3
2021-09-08,20210908150000000,sz.300545,26.3500,26.4300,26.3000,26.4300,508846,13417600.0000,3
2021-09-09,20210909103000000,sz.300545,26.3200,26.4500,25.6600,25.6600,1073800,27931251.0000,3
2021-09-09,20210909113000000,sz.300545,25.6600,25.8000,25.5600,25.6500,438300,11253133.0000,3
2021-09-09,20210909140000000,sz.300545,25.6500,25.6900,25.1700,25.3300,727000,18480280.0000,3
2021-09-09,20210909150000000,sz.300545,25.3300,25.4600,24.9000,24.9200,837600,21065279.0000,3
2021-09-10,20210910103000000,sz.300545,24.8300,25.3400,24.8300,25.1400,607700,15239894.0000,3
2021-09-10,20210910113000000,sz.300545,25.1400,25.3000,25.0700,25.2400,280800,7067827.0000,3
2021-09-10,20210910140000000,sz.300545,25.2300,25.4800,25.2000,25.2400,286300,7246425.0000,3
2021-09-10,20210910150000000,sz.300545,25.2400,25.3700,25.2000,25.2000,368800,9313264.0000,3
2021-09-13,20210913103000000,sz.300545,25.2200,25.9500,24.9000,25.5500,1032800,26317436.0000,3
2021-09-13,20210913113000000,sz.300545,25.5500,25.5800,25.3600,25.4400,225000,5736261.0000,3
2021-09-13,20210913140000000,sz.300545,25.4300,25.7000,25.3900,25.6100,265449,6791026.0000,3
2021-09-13,20210913150000000,sz.300545,25.6100,25.6600,25.4000,25.4600,447979,11436984.0000,3
2021-09-14,20210914103000000,sz.300545,25.2000,25.3400,25.0100,25.2800,563800,14169979.0000,3
2021-09-14,20210914113000000,sz.300545,25.2800,25.3400,25.2000,25.2200,146009,3690992.0000,3
2021-09-14,20210914140000000,sz.300545,25.2500,25.2500,25.0500,25.0600,250800,6305409.0000,3
2021-09-14,20210914150000000,sz.300545,25.0600,25.0600,24.8000,24.9800,569700,14203319.0000,3
2021-09-15,20210915103000000,sz.300545,24.9000,25.1500,24.8500,24.9800,373800,9343089.0000,3
2021-09-15,20210915113000000,sz.300545,24.9800,25.6900,24.9800,25.3600,440300,11170892.0000,3
2021-09-15,20210915140000000,sz.300545,25.3600,25.4800,25.2000,25.3000,184200,4666010.0000,3
2021-09-15,20210915150000000,sz.300545,25.3000,25.3000,25.1500,25.2200,339700,8569991.0000,3
2021-09-16,20210916103000000,sz.300545,25.2200,25.4500,25.0000,25.3700,431600,10910234.0000,3
2021-09-16,20210916113000000,sz.300545,25.3700,25.3700,24.8800,24.9600,424600,10647883.0000,3
2021-09-16,20210916140000000,sz.300545,24.9800,25.0600,24.8500,24.8600,250200,6236829.0000,3
2021-09-16,20210916150000000,sz.300545,24.8500,24.9200,23.8800,23.9000,979400,23836639.0000,3
2021-09-17,20210917103000000,sz.300545,24.0600,24.3800,23.1200,23.1800,1163702,27669570.0000,3
2021-09-17,20210917113000000,sz.300545,23.1800,23.2800,22.5200,22.9600,1006300,23089637.0000,3
2021-09-17,20210917140000000,sz.300545,22.9600,23.1600,22.8000,23.1200,307525,7062334.0000,3
2021-09-17,20210917150000000,sz.300545,23.1400,23.1400,22.8800,22.9500,539300,12377266.0000,3
2021-09-22,20210922103000000,sz.300545,22.7700,23.0700,22.5700,22.7100,437300,9979662.0000,3
2021-09-22,20210922113000000,sz.300545,22.7100,22.7500,22.6100,22.7500,182300,4131202.0000,3
2021-09-22,20210922140000000,sz.300545,22.7500,22.9200,22.7100,22.7800,200000,4560948.0000,3
2021-09-22,20210922150000000,sz.300545,22.7900,22.9000,22.7100,22.8200,322200,7352938.0000,3
2021-09-23,20210923103000000,sz.300545,22.8200,23.4700,22.8200,23.2600,581600,13527142.0000,3
2021-09-23,20210923113000000,sz.300545,23.2600,23.3000,22.9800,23.0200,282800,6528249.0000,3
2021-09-23,20210923140000000,sz.300545,23.0500,23.0800,22.9500,22.9600,240100,5525320.0000,3
2021-09-23,20210923150000000,sz.300545,22.9800,23.0500,22.9000,22.9700,390100,8957327.0000,3
2021-09-24,20210924103000000,sz.300545,23.0300,23.1000,22.5800,22.6400,474800,10771446.0000,3
2021-09-24,20210924113000000,sz.300545,22.6400,22.8800,22.6000,22.6800,266300,6038160.0000,3
2021-09-24,20210924140000000,sz.300545,22.6800,22.6800,22.1300,22.2200,602200,13473422.0000,3
2021-09-24,20210924150000000,sz.300545,22.2200,22.2700,22.0800,22.2600,484100,10724446.0000,3
2021-09-27,20210927103000000,sz.300545,22.3100,22.6300,22.1000,22.1200,417000,9322625.0000,3
2021-09-27,20210927113000000,sz.300545,22.1200,22.3100,21.8800,21.9200,379500,8390980.0000,3
2021-09-27,20210927140000000,sz.300545,21.9200,22.1000,21.6300,21.9500,403552,8797067.0000,3
2021-09-27,20210927150000000,sz.300545,21.9500,22.0000,21.7000,21.8200,209800,4589295.0000,3
2021-09-28,20210928103000000,sz.300545,21.8400,22.2200,21.8400,22.0900,404489,8915115.0000,3
2021-09-28,20210928113000000,sz.300545,22.0900,22.1000,21.9700,22.0300,156300,3447171.0000,3
2021-09-28,20210928140000000,sz.300545,22.0400,24.6800,22.0000,23.6000,1360300,31738274.0000,3
2021-09-28,20210928150000000,sz.300545,23.6000,23.6000,23.2500,23.3800,1060549,24810359.0000,3
2021-09-29,20210929103000000,sz.300545,22.9000,23.1800,22.4500,22.5700,727200,16518751.0000,3
2021-09-29,20210929113000000,sz.300545,22.5700,22.7400,22.5000,22.7400,230800,5203207.0000,3
2021-09-29,20210929140000000,sz.300545,22.7400,22.7900,22.5400,22.5800,158752,3595551.0000,3
2021-09-29,20210929150000000,sz.300545,22.5800,22.6500,22.2700,22.2700,423500,9523130.0000,3
2021-09-30,20210930103000000,sz.300545,22.7600,22.8000,22.3000,22.5500,301900,6812095.0000,3
2021-09-30,20210930113000000,sz.300545,22.5000,22.7700,22.5000,22.6200,178500,4043335.0000,3
2021-09-30,20210930140000000,sz.300545,22.6500,22.7500,22.5900,22.6600,119541,2710151.0000,3
2021-09-30,20210930150000000,sz.300545,22.6600,22.9200,22.5500,22.7600,387132,8794317.0000,3
2021-10-08,20211008103000000,sz.300545,22.9300,23.3700,22.9300,23.1500,452541,10478585.0000,3
2021-10-08,20211008113000000,sz.300545,23.1400,23.9900,23.1000,23.7400,584119,13779752.0000,3
2021-10-08,20211008140000000,sz.300545,23.7400,23.7500,23.5400,23.5700,158000,3729570.0000,3
2021-10-08,20211008150000000,sz.300545,23.5700,23.6200,23.4500,23.5100,272900,6426311.0000,3
2021-10-11,20211011103000000,sz.300545,23.7000,24.2100,23.3500,23.5000,690461,16451125.0000,3
2021-10-11,20211011113000000,sz.300545,23.5000,23.6700,23.2900,23.4200,333600,7808602.0000,3
2021-10-11,20211011140000000,sz.300545,23.3200,23.4200,23.1000,23.3200,382800,8887080.0000,3
2021-10-11,20211011150000000,sz.300545,23.3100,23.3600,23.1200,23.3600,251600,5843149.0000,3
2021-10-12,20211012103000000,sz.300545,23.3200,23.3200,22.5700,22.9100,370784,8483123.0000,3
2021-10-12,20211012113000000,sz.300545,22.9100,22.9900,22.7700,22.8000,223100,5096354.0000,3
2021-10-12,20211012140000000,sz.300545,22.8000,22.8400,22.3000,22.4300,475900,10692572.0000,3
2021-10-12,20211012150000000,sz.300545,22.4300,22.6000,22.1500,22.5600,340400,7644015.0000,3
2021-10-13,20211013103000000,sz.300545,22.9000,22.9900,22.2300,22.3300,265800,5955472.0000,3
2021-10-13,20211013113000000,sz.300545,22.3300,22.6800,22.3300,22.6100,105500,2377370.0000,3
2021-10-13,20211013140000000,sz.300545,22.6100,22.8000,22.5000,22.7800,207200,4704004.0000,3
2021-10-13,20211013150000000,sz.300545,22.7800,22.8500,22.6300,22.7600,212200,4824154.0000,3
2021-10-14,20211014103000000,sz.300545,22.6900,23.2800,22.5000,23.1000,441200,10123972.0000,3
2021-10-14,20211014113000000,sz.300545,23.1000,23.1500,23.0200,23.0700,125639,2900051.0000,3
2021-10-14,20211014140000000,sz.300545,23.1000,23.1000,22.9200,22.9600,182800,4202789.0000,3
2021-10-14,20211014150000000,sz.300545,22.9600,23.0000,22.8300,22.8500,201500,4613630.0000,3
2021-10-15,20211015103000000,sz.300545,22.8500,23.3000,22.8000,23.1100,358339,8243890.0000,3
2021-10-15,20211015113000000,sz.300545,23.1100,23.4000,23.1100,23.1600,226500,5253726.0000,3
2021-10-15,20211015140000000,sz.300545,23.1500,23.1800,23.0600,23.0900,116300,2688781.0000,3
2021-10-15,20211015150000000,sz.300545,23.0900,23.1000,22.9100,22.9800,206300,4749501.0000,3
2021-10-18,20211018103000000,sz.300545,22.9600,23.1900,22.7700,22.9800,315700,7251638.0000,3
2021-10-18,20211018113000000,sz.300545,22.9800,23.0300,22.9000,22.9100,129700,2979923.0000,3
2021-10-18,20211018140000000,sz.300545,22.9100,22.9100,22.7000,22.7200,220900,5041825.0000,3
2021-10-18,20211018150000000,sz.300545,22.7200,22.7200,22.3700,22.6600,472439,10643783.0000,3
2021-10-19,20211019103000000,sz.300545,21.5000,22.6500,21.5000,22.3000,697100,15459131.0000,3
2021-10-19,20211019113000000,sz.300545,22.3000,22.4500,22.2200,22.2800,156200,3484530.0000,3
2021-10-19,20211019140000000,sz.300545,22.2600,22.3100,22.1800,22.2300,222300,4945269.0000,3
2021-10-19,20211019150000000,sz.300545,22.2300,22.3000,22.0000,22.0500,420558,9290983.0000,3
2021-10-20,20211020103000000,sz.300545,22.1600,22.2200,21.7700,21.8900,521500,11438518.0000,3
2021-10-20,20211020113000000,sz.300545,21.8900,21.9500,21.7900,21.8700,187700,4099993.0000,3
2021-10-20,20211020140000000,sz.300545,21.8800,21.8800,21.6300,21.6300,400549,8715645.0000,3
2021-10-20,20211020150000000,sz.300545,21.6300,21.7500,21.5700,21.6600,340200,7367910.0000,3
2021-10-21,20211021103000000,sz.300545,21.8400,21.8400,21.3600,21.4300,390349,8393944.0000,3
2021-10-21,20211021113000000,sz.300545,21.4300,21.4800,21.4000,21.4200,140400,3010288.0000,3
2021-10-21,20211021140000000,sz.300545,21.4400,21.4800,21.3000,21.3700,329200,7041108.0000,3
2021-10-21,20211021150000000,sz.300545,21.3700,21.9200,21.3700,21.9000,486700,10546602.0000,3
2021-10-22,20211022103000000,sz.300545,21.9900,22.4200,21.8300,22.2500,954600,21191125.0000,3
2021-10-22,20211022113000000,sz.300545,22.2500,22.2900,22.0100,22.1300,355100,7858193.0000,3
2021-10-22,20211022140000000,sz.300545,22.1300,22.3200,21.8800,21.9800,504400,11147061.0000,3
2021-10-22,20211022150000000,sz.300545,21.9800,22.0100,21.5800,21.6000,453400,9869104.0000,3
2021-10-25,20211025103000000,sz.300545,21.6000,21.8800,20.8100,21.0500,1167911,24536276.0000,3
2021-10-25,20211025113000000,sz.300545,21.0800,21.2400,21.0600,21.1700,114700,2425400.0000,3
2021-10-25,20211025140000000,sz.300545,21.1800,21.3400,21.0800,21.2600,162900,3459081.0000,3
2021-10-25,20211025150000000,sz.300545,21.3300,21.3400,21.1600,21.2300,225200,4783991.0000,3
2021-10-26,20211026103000000,sz.300545,21.2000,22.0800,21.0900,21.5000,754411,16371828.0000,3
2021-10-26,20211026113000000,sz.300545,21.5000,21.6100,21.4200,21.5000,99000,2128015.0000,3
2021-10-26,20211026140000000,sz.300545,21.4400,21.8400,21.3900,21.5900,305700,6610322.0000,3
2021-10-26,20211026150000000,sz.300545,21.5900,21.7900,21.5800,21.7100,223939,4855839.0000,3
2021-10-27,20211027103000000,sz.300545,21.7100,21.8900,21.1300,21.1300,566600,12105966.0000,3
2021-10-27,20211027113000000,sz.300545,21.1300,21.2800,21.1000,21.1700,167600,3546252.0000,3
2021-10-27,20211027140000000,sz.300545,21.1700,21.2100,21.0300,21.0600,211600,4464954.0000,3
2021-10-27,20211027150000000,sz.300545,21.0600,21.1100,20.9500,21.0800,327100,6882710.0000,3
2021-10-28,20211028103000000,sz.300545,21.0000,21.2000,20.3600,20.4500,460437,9561811.0000,3
2021-10-28,20211028113000000,sz.300545,20.4500,20.8600,20.4000,20.7500,276800,5700362.0000,3
2021-10-28,20211028140000000,sz.300545,20.7500,20.8200,20.5000,20.5000,160800,3324726.0000,3
2021-10-28,20211028150000000,sz.300545,20.6100,20.7000,20.5700,20.6300,178100,3676326.0000,3
2021-10-29,20211029103000000,sz.300545,20.8600,21.3800,20.8600,21.3400,702100,14851842.0000,3
2021-10-29,20211029113000000,sz.300545,21.3400,21.7600,21.3300,21.5500,412500,8881781.0000,3
2021-10-29,20211029140000000,sz.300545,21.5500,21.5800,21.4400,21.4600,161900,3480914.0000,3
2021-10-29,20211029150000000,sz.300545,21.4600,21.4800,21.3100,21.3300,268200,5731255.0000,3
2021-11-01,20211101103000000,sz.300545,21.1500,21.9700,21.1500,21.7500,607700,13147507.0000,3
2021-11-01,20211101113000000,sz.300545,21.7500,23.0000,21.7500,22.5400,1741700,39013871.0000,3
2021-11-01,20211101140000000,sz.300545,22.5400,22.9800,22.5400,22.6900,496211,11284521.0000,3
2021-11-01,20211101150000000,sz.300545,22.6600,22.7700,22.5700,22.6200,524600,11893722.0000,3
2021-11-02,20211102103000000,sz.300545,22.6200,23.1000,22.4000,23.0500,916300,20889309.0000,3
2021-11-02,20211102113000000,sz.300545,23.0000,23.2800,22.9000,23.1000,1388700,32035316.0000,3
2021-11-02,20211102140000000,sz.300545,23.1100,23.1100,22.6000,22.6000,724800,16490378.0000,3
2021-11-02,20211102150000000,sz.300545,22.6000,22.8800,22.6000,22.7700,453800,10341698.0000,3
2021-11-03,20211103103000000,sz.300545,22.7700,23.1300,22.6200,22.8000,736000,16884703.0000,3
2021-11-03,20211103113000000,sz.300545,22.8000,22.8900,22.6600,22.8100,274839,6259386.0000,3
2021-11-03,20211103140000000,sz.300545,22.7900,23.0300,22.7600,22.9700,419000,9604411.0000,3
2021-11-03,20211103150000000,sz.300545,22.9700,23.2200,22.9300,23.0000,1324900,30547884.0000,3
2021-11-04,20211104103000000,sz.300545,23.0100,23.6000,22.8100,22.8800,684800,15766235.0000,3
2021-11-04,20211104113000000,sz.300545,22.8800,24.1800,22.8700,24.0000,2910200,68143556.0000,3
2021-11-04,20211104140000000,sz.300545,24.3000,24.6100,23.7000,24.1400,5070831,122596356.0000,3
2021-11-04,20211104150000000,sz.300545,24.1400,24.5500,24.1000,24.2000,2888260,70156125.0000,3
2021-11-05,20211105103000000,sz.300545,24.4500,24.4500,23.8000,24.1700,2015200,48538612.0000,3
2021-11-05,20211105113000000,sz.300545,24.1700,25.5000,24.1600,25.4200,3439939,85988383.0000,3
2021-11-05,20211105140000000,sz.300545,25.4500,25.7000,24.7600,24.9500,1246600,31237733.0000,3
2021-11-05,20211105150000000,sz.300545,24.9500,25.1100,24.6800,24.9500,1893839,47102999.0000,3
2021-11-08,20211108103000000,sz.300545,25.0000,25.0000,23.6800,23.9700,2032878,48918213.0000,3
2021-11-08,20211108113000000,sz.300545,23.9000,23.9700,23.5000,23.7100,784300,18607410.0000,3
2021-11-08,20211108140000000,sz.300545,23.7200,24.0100,23.6800,23.9000,656881,15642706.0000,3
2021-11-08,20211108150000000,sz.300545,23.9000,23.9400,23.6900,23.8000,662807,15759432.0000,3
2021-11-09,20211109103000000,sz.300545,23.8100,24.2600,23.3100,23.5000,1464500,34784733.0000,3
2021-11-09,20211109113000000,sz.300545,23.5000,23.7700,23.3800,23.5500,355500,8361399.0000,3
2021-11-09,20211109140000000,sz.300545,23.5600,23.8300,23.5600,23.7200,504841,11974276.0000,3
2021-11-09,20211109150000000,sz.300545,23.7000,23.8000,23.6000,23.7900,626904,14860401.0000,3
2021-11-10,20211110103000000,sz.300545,23.7000,23.9800,23.5000,23.6500,835800,19878757.0000,3
2021-11-10,20211110113000000,sz.300545,23.6500,23.7400,23.3800,23.4000,803300,18878861.0000,3
2021-11-10,20211110140000000,sz.300545,23.4100,23.5600,23.1900,23.3600,790500,18443186.0000,3
2021-11-10,20211110150000000,sz.300545,23.3600,23.6600,23.3300,23.6600,649201,15263482.0000,3
2021-11-11,20211111103000000,sz.300545,23.5900,24.0500,23.5300,23.8800,1011300,24131682.0000,3
2021-11-11,20211111113000000,sz.300545,23.8800,24.0000,23.7800,23.9900,674900,16111714.0000,3
2021-11-11,20211111140000000,sz.300545,24.0000,24.2000,23.9700,24.0300,877300,21139097.0000,3
2021-11-11,20211111150000000,sz.300545,24.0300,24.0600,23.8500,24.0300,639600,15330326.0000,3
2021-11-12,20211112103000000,sz.300545,23.8500,24.1000,23.8000,23.9300,755700,18103379.0000,3
2021-11-12,20211112113000000,sz.300545,23.9300,24.0800,23.8800,23.9900,384600,9231747.0000,3
2021-11-12,20211112140000000,sz.300545,24.0000,24.4000,24.0000,24.4000,641900,15512793.0000,3
2021-11-12,20211112150000000,sz.300545,24.3500,24.4800,24.1000,24.1300,845200,20533068.0000,3
2021-11-15,20211115103000000,sz.300545,24.3600,24.6000,24.1400,24.2300,860900,20943852.0000,3
2021-11-15,20211115113000000,sz.300545,24.2300,24.4300,24.1800,24.3600,369800,8977024.0000,3
2021-11-15,20211115140000000,sz.300545,24.3700,24.5600,24.2700,24.3000,679226,16583583.0000,3
2021-11-15,20211115150000000,sz.300545,24.3000,24.4600,24.2800,24.3300,626300,15238295.0000,3
2021-11-16,20211116103000000,sz.300545,24.3000,24.7900,24.1900,24.2300,1044026,25593963.0000,3
2021-11-16,20211116113000000,sz.300545,24.2300,24.2500,23.7900,23.8800,845949,20314842.0000,3
2021-11-16,20211116140000000,sz.300545,23.8600,23.9000,23.6000,23.6200,691000,16408608.0000,3
2021-11-16,20211116150000000,sz.300545,23.6200,23.9000,23.0500,23.4200,682900,16131247.0000,3
2021-11-17,20211117103000000,sz.300545,23.7700,23.8000,23.4000,23.6700,786600,18545011.0000,3
2021-11-17,20211117113000000,sz.300545,23.6600,23.6800,23.4400,23.5600,335800,7908616.0000,3
2021-11-17,20211117140000000,sz.300545,23.5900,23.6600,23.2800,23.3100,702900,16489668.0000,3
2021-11-17,20211117150000000,sz.300545,23.3000,23.6300,23.2900,23.5800,932200,21874968.0000,3
2021-11-18,20211118103000000,sz.300545,23.7100,24.3100,23.4700,23.5200,1561400,37370891.0000,3
2021-11-18,20211118113000000,sz.300545,23.5400,23.8800,23.5000,23.5500,535100,12662851.0000,3
2021-11-18,20211118140000000,sz.300545,23.5600,23.5600,23.0100,23.1500,970721,22553667.0000,3
2021-11-18,20211118150000000,sz.300545,23.1500,23.1800,22.9200,22.9700,981979,22605625.0000,3
2021-11-19,20211119103000000,sz.300545,22.8500,23.5000,22.8500,23.2200,1151500,26764632.0000,3
2021-11-19,20211119113000000,sz.300545,23.2200,23.7000,23.1300,23.6300,690422,16231970.0000,3
2021-11-19,20211119140000000,sz.300545,23.6300,24.1600,23.6300,23.9900,1313600,31449907.0000,3
2021-11-19,20211119150000000,sz.300545,24.0000,24.0400,23.7800,23.9200,821103,19615017.0000,3
2021-11-22,20211122103000000,sz.300545,23.9700,24.3600,23.6500,23.9200,1246100,29764881.0000,3
2021-11-22,20211122113000000,sz.300545,23.9200,23.9200,23.6800,23.8000,402300,9562725.0000,3
2021-11-22,20211122140000000,sz.300545,23.8400,23.9600,23.7000,23.8200,389900,9282035.0000,3
2021-11-22,20211122150000000,sz.300545,23.8200,23.8800,23.7800,23.8500,659900,15721504.0000,3
2021-11-23,20211123103000000,sz.300545,23.7300,24.5900,23.6700,24.0700,2208900,53526176.0000,3
2021-11-23,20211123113000000,sz.300545,24.0800,25.0000,24.0200,24.9500,1342600,32861297.0000,3
2021-11-23,20211123140000000,sz.300545,24.9500,25.0000,24.4200,24.6400,1537000,37937418.0000,3
2021-11-23,20211123150000000,sz.300545,24.6400,24.7600,24.5200,24.7500,1872003,46150273.0000,3
2021-11-24,20211124103000000,sz.300545,24.7900,24.8600,24.1100,24.1600,1734700,42180256.0000,3
2021-11-24,20211124113000000,sz.300545,24.1600,24.3800,24.0600,24.3800,709500,17185740.0000,3
2021-11-24,20211124140000000,sz.300545,24.3900,24.4000,24.2500,24.3000,597200,14521040.0000,3
2021-11-24,20211124150000000,sz.300545,24.3000,24.3200,24.1000,24.1000,1222521,29548686.0000,3
2021-11-25,20211125103000000,sz.300545,24.1000,24.1600,23.6500,23.9700,1385200,33042671.0000,3
2021-11-25,20211125113000000,sz.300545,23.9700,24.1800,23.9400,24.1600,462800,11131049.0000,3
2021-11-25,20211125140000000,sz.300545,24.1600,24.1600,23.9500,24.0000,494100,11875953.0000,3
2021-11-25,20211125150000000,sz.300545,24.0000,24.0500,23.6800,23.7600,1168200,27817422.0000,3
2021-11-26,20211126103000000,sz.300545,23.6500,23.8500,23.4100,23.7400,1076083,25441840.0000,3
2021-11-26,20211126113000000,sz.300545,23.7400,23.7400,23.3000,23.5900,1022700,23998266.0000,3
2021-11-26,20211126140000000,sz.300545,23.5800,23.6200,23.3700,23.3800,410400,9625559.0000,3
2021-11-26,20211126150000000,sz.300545,23.3800,23.4100,23.2600,23.3000,719200,16771117.0000,3
2021-11-29,20211129103000000,sz.300545,23.0600,23.5300,23.0100,23.2300,822500,19159729.0000,3
2021-11-29,20211129113000000,sz.300545,23.2300,23.2700,23.0300,23.1300,493400,11419580.0000,3
2021-11-29,20211129140000000,sz.300545,23.1300,23.1900,22.8200,22.9400,737800,16932937.0000,3
2021-11-29,20211129150000000,sz.300545,22.9400,22.9500,22.7100,22.8000,1000103,22841150.0000,3
2021-11-30,20211130103000000,sz.300545,22.7800,24.5500,22.7200,24.1600,3190200,75695844.0000,3
2021-11-30,20211130113000000,sz.300545,24.1500,26.5400,24.1000,25.7500,4315941,108111857.0000,3
2021-11-30,20211130140000000,sz.300545,25.7500,26.2900,25.1500,25.9600,4289622,111146667.0000,3
2021-11-30,20211130150000000,sz.300545,25.9600,26.0400,25.5100,26.0000,2754504,71304928.0000,3
2021-12-01,20211201103000000,sz.300545,26.2800,26.3000,25.1000,25.2300,3397354,86264774.0000,3
2021-12-01,20211201113000000,sz.300545,25.2400,25.3500,25.1600,25.3000,680946,17183818.0000,3
2021-12-01,20211201140000000,sz.300545,25.3000,25.3800,25.1800,25.3200,683700,17281898.0000,3
2021-12-01,20211201150000000,sz.300545,25.3200,25.4300,25.2100,25.3700,1058500,26775598.0000,3
2021-12-02,20211202103000000,sz.300545,25.7500,25.7700,24.7200,24.7400,2098940,52486626.0000,3
2021-12-02,20211202113000000,sz.300545,24.7400,24.7500,24.1100,24.2900,2338000,57149076.0000,3
2021-12-02,20211202140000000,sz.300545,24.2900,24.2900,23.9200,24.1900,1479100,35598450.0000,3
2021-12-02,20211202150000000,sz.300545,24.1800,24.4500,24.1400,24.3900,1119366,27185586.0000,3
2021-12-03,20211203103000000,sz.300545,24.3800,25.0000,24.0800,24.8300,2327000,57216670.0000,3
2021-12-03,20211203113000000,sz.300545,24.8300,25.6800,24.8000,25.4200,2412225,60774147.0000,3
2021-12-03,20211203140000000,sz.300545,25.4000,26.2500,25.2300,25.8800,4102900,106077460.0000,3
2021-12-03,20211203150000000,sz.300545,25.8900,25.9600,25.5500,25.5500,1898789,48955083.0000,3
2021-12-06,20211206103000000,sz.300545,26.5000,27.5900,24.9300,26.9000,12689936,332925856.0000,3
2021-12-06,20211206113000000,sz.300545,26.8900,27.1900,26.6600,26.7000,1247100,33660544.0000,3
2021-12-06,20211206140000000,sz.300545,26.7100,26.8300,26.1700,26.5500,1029000,27275152.0000,3
2021-12-06,20211206150000000,sz.300545,26.5600,26.9700,26.2200,26.2500,2223600,59087488.0000,3
2021-12-07,20211207103000000,sz.300545,26.4200,26.6800,24.8000,25.0900,6566684,169061363.0000,3
2021-12-07,20211207113000000,sz.300545,25.0900,25.4000,24.6800,25.2600,1419400,35395154.0000,3
2021-12-07,20211207140000000,sz.300545,25.3500,25.3500,24.5000,24.7300,1427200,35352587.0000,3
2021-12-07,20211207150000000,sz.300545,24.7300,24.8600,24.5000,24.5700,1439331,35463632.0000,3
2021-12-08,20211208103000000,sz.300545,24.3800,26.8800,24.2800,25.4800,6174100,158602067.0000,3
2021-12-08,20211208113000000,sz.300545,25.4700,25.5100,25.2200,25.3000,706300,17895600.0000,3
2021-12-08,20211208140000000,sz.300545,25.4000,26.2900,25.1400,26.0000,2666194,68834263.0000,3
2021-12-08,20211208150000000,sz.300545,26.0000,26.0300,25.7600,26.0000,1825458,47373958.0000,3
2021-12-09,20211209103000000,sz.300545,25.6200,27.2300,25.4500,26.6800,7445862,197582649.0000,3
2021-12-09,20211209113000000,sz.300545,26.6500,27.0000,26.3000,26.5600,1609400,42838726.0000,3
2021-12-09,20211209140000000,sz.300545,26.7000,26.8800,26.2000,26.2800,1046000,27615738.0000,3
2021-12-09,20211209150000000,sz.300545,26.2800,26.3400,26.0100,26.3000,1456846,38195527.0000,3
2021-12-10,20211210103000000,sz.300545,25.8200,26.2900,25.6400,25.6400,2890900,74761548.0000,3
2021-12-10,20211210113000000,sz.300545,25.6500,25.7500,25.4000,25.6000,1395000,35683381.0000,3
2021-12-10,20211210140000000,sz.300545,25.6000,26.0000,25.5500,25.7600,1086700,27890119.0000,3
2021-12-10,20211210150000000,sz.300545,25.7800,26.0000,25.5900,25.6600,1310900,33823705.0000,3
2021-12-13,20211213103000000,sz.300545,25.5200,25.7800,24.8700,25.1400,2227700,55868539.0000,3
2021-12-13,20211213113000000,sz.300545,25.1300,25.3300,25.0000,25.2700,746200,18807642.0000,3
2021-12-13,20211213140000000,sz.300545,25.2600,25.5200,25.0000,25.4500,1011630,25552748.0000,3
2021-12-13,20211213150000000,sz.300545,25.4500,25.4700,25.1600,25.2700,907600,22939560.0000,3
2021-12-14,20211214103000000,sz.300545,25.1400,25.8800,25.0900,25.5700,1670400,42756526.0000,3
2021-12-14,20211214113000000,sz.300545,25.5100,25.7400,25.4400,25.5900,579500,14824706.0000,3
2021-12-14,20211214140000000,sz.300545,25.5900,25.6200,25.3200,25.3800,584300,14862069.0000,3
2021-12-14,20211214150000000,sz.300545,25.3800,25.4000,25.2300,25.3300,1034100,26166496.0000,3
2021-12-15,20211215103000000,sz.300545,25.2900,26.1700,25.2700,25.9400,2486900,64352832.0000,3
2021-12-15,20211215113000000,sz.300545,25.9500,25.9700,25.6500,25.7400,902700,23257930.0000,3
2021-12-15,20211215140000000,sz.300545,25.7300,25.8000,25.4800,25.5700,572939,14667575.0000,3
2021-12-15,20211215150000000,sz.300545,25.5700,25.6100,25.2400,25.2500,867261,22012102.0000,3
2021-12-16,20211216103000000,sz.300545,25.2000,25.7500,25.1800,25.2800,1159300,29426048.0000,3
2021-12-16,20211216113000000,sz.300545,25.2700,25.3500,24.8700,25.0000,1392400,34853497.0000,3
2021-12-16,20211216140000000,sz.300545,25.0000,25.0300,24.8100,24.9200,861200,21447495.0000,3
2021-12-16,20211216150000000,sz.300545,24.9200,24.9200,24.6000,24.8700,1388700,34426067.0000,3
2021-12-17,20211217103000000,sz.300545,24.8700,25.0000,24.1800,24.2000,1688200,41295208.0000,3
2021-12-17,20211217113000000,sz.300545,24.2100,24.7400,24.2000,24.6600,970100,23678253.0000,3
2021-12-17,20211217140000000,sz.300545,24.6000,24.8300,24.5500,24.6000,417400,10297391.0000,3
2021-12-17,20211217150000000,sz.300545,24.6100,24.6300,24.4100,24.4900,733000,17965880.0000,3
2021-12-20,20211220103000000,sz.300545,24.7000,24.7000,24.0800,24.1900,1001100,24318995.0000,3
2021-12-20,20211220113000000,sz.300545,24.1900,24.2400,24.0700,24.0800,418300,10106418.0000,3
2021-12-20,20211220140000000,sz.300545,24.0800,24.2200,24.0500,24.0900,404900,9762635.0000,3
2021-12-20,20211220150000000,sz.300545,24.0900,24.1100,23.9200,23.9700,666900,16006888.0000,3
2021-12-21,20211221103000000,sz.300545,24.3000,24.3500,24.0100,24.1800,685300,16599439.0000,3
2021-12-21,20211221113000000,sz.300545,24.2200,24.2200,23.8600,24.0500,556300,13366348.0000,3
2021-12-21,20211221140000000,sz.300545,24.0500,24.2200,23.9900,24.2100,348100,8400277.0000,3
2021-12-21,20211221150000000,sz.300545,24.1800,24.3200,24.1600,24.3100,501900,12164064.0000,3
2021-12-22,20211222103000000,sz.300545,24.5000,24.6600,24.2000,24.6000,910000,22211613.0000,3
2021-12-22,20211222113000000,sz.300545,24.6000,24.6300,24.4600,24.5800,518200,12730711.0000,3
2021-12-22,20211222140000000,sz.300545,24.5800,24.6200,24.4600,24.5100,329900,8093077.0000,3
2021-12-22,20211222150000000,sz.300545,24.4700,24.5200,24.2300,24.2600,694000,16882992.0000,3
2021-12-23,20211223103000000,sz.300545,24.1800,24.3800,24.0000,24.0700,684500,16522686.0000,3
2021-12-23,20211223113000000,sz.300545,24.0700,24.4600,24.0200,24.4300,489600,11862364.0000,3
2021-12-23,20211223140000000,sz.300545,24.4400,24.4800,24.2300,24.2500,548100,13343162.0000,3
2021-12-23,20211223150000000,sz.300545,24.2500,24.3000,23.9000,23.9900,829800,19980285.0000,3
2021-12-24,20211224103000000,sz.300545,24.0300,24.3300,23.3500,23.3600,1522600,36353804.0000,3
2021-12-24,20211224113000000,sz.300545,23.3700,23.4700,23.1300,23.2700,1095200,25504108.0000,3
2021-12-24,20211224140000000,sz.300545,23.2600,23.3700,23.0600,23.1900,511900,11868891.0000,3
2021-12-24,20211224150000000,sz.300545,23.1800,23.2500,23.0100,23.0800,739131,17058075.0000,3
2021-12-27,20211227103000000,sz.300545,23.0300,23.2800,22.6600,22.9200,907900,20746135.0000,3
2021-12-27,20211227113000000,sz.300545,22.9200,23.0000,22.8900,22.9500,285500,6546213.0000,3
2021-12-27,20211227140000000,sz.300545,22.9500,22.9500,22.8100,22.8400,323200,7387821.0000,3
2021-12-27,20211227150000000,sz.300545,22.8400,23.0000,22.8300,22.9900,305900,7005033.0000,3
2021-12-28,20211228103000000,sz.300545,22.9900,23.2600,22.9800,23.1200,613700,14211545.0000,3
2021-12-28,20211228113000000,sz.300545,23.1200,23.3400,23.0900,23.2000,345500,8027309.0000,3
2021-12-28,20211228140000000,sz.300545,23.2000,23.2700,23.1700,23.1800,198200,4602044.0000,3
2021-12-28,20211228150000000,sz.300545,23.1800,23.3000,23.1700,23.2600,377731,8782625.0000,3
2021-12-29,20211229103000000,sz.300545,23.1200,23.3100,22.7300,23.0000,812031,18651759.0000,3
2021-12-29,20211229113000000,sz.300545,23.0000,23.1200,23.0000,23.1200,160100,3687759.0000,3
2021-12-29,20211229140000000,sz.300545,23.1200,23.1200,22.9300,23.0100,324700,7466302.0000,3
2021-12-29,20211229150000000,sz.300545,23.0100,23.1000,22.5000,22.8900,747000,17109214.0000,3
2021-12-30,20211230103000000,sz.300545,22.8500,23.2100,22.7100,23.1100,536000,12325535.0000,3
2021-12-30,20211230113000000,sz.300545,23.1100,23.3100,23.0500,23.2700,357900,8293418.0000,3
2021-12-30,20211230140000000,sz.300545,23.2700,23.3400,23.0400,23.0800,438400,10159826.0000,3
2021-12-30,20211230150000000,sz.300545,23.0800,23.0800,22.9100,22.9800,472487,10852587.0000,3
2021-12-31,20211231103000000,sz.300545,22.9600,23.2200,22.9200,23.0900,598300,13798260.0000,3
2021-12-31,20211231113000000,sz.300545,23.0900,23.1500,23.0000,23.0000,236200,5453116.0000,3
2021-12-31,20211231140000000,sz.300545,22.9900,23.0200,22.7500,22.8700,804400,18396370.0000,3
2021-12-31,20211231150000000,sz.300545,22.8700,23.0700,22.8300,23.0000,472200,10848652.0000,3
