date,time,code,open,high,low,close,volume,amount,adjustflag
2021-01-04,20210104103000000,sz.300755,26.0300,26.4600,25.9200,26.2800,1579060,41476591.0000,3
2021-01-04,20210104113000000,sz.300755,26.2900,26.3500,26.1000,26.1900,910716,23869056.0000,3
2021-01-04,20210104140000000,sz.300755,26.2300,26.8000,26.2100,26.4900,1446926,38271047.0000,3
2021-01-04,20210104150000000,sz.300755,26.4700,26.5100,26.3600,26.4900,885928,23414402.0000,3
2021-01-05,20210105103000000,sz.300755,26.4100,28.1200,26.2000,27.7200,4166300,114054321.0000,3
2021-01-05,20210105113000000,sz.300755,27.7400,27.8400,27.1800,27.3500,1129268,31053541.0000,3
2021-01-05,20210105140000000,sz.300755,27.3600,27.7700,27.2300,27.6400,830860,22883983.0000,3
2021-01-05,20210105150000000,sz.300755,27.6300,27.7600,27.4500,27.6800,1095620,30300051.0000,3
2021-01-06,20210106103000000,sz.300755,27.8800,27.9300,26.7200,26.8900,2644600,71839802.0000,3
2021-01-06,20210106113000000,sz.300755,26.8900,27.0100,26.6700,26.7700,931960,24988998.0000,3
2021-01-06,20210106140000000,sz.300755,26.7700,26.8900,26.7000,26.8200,484774,12974193.0000,3
2021-01-06,20210106150000000,sz.300755,26.8200,26.8400,26.5900,26.8200,981009,26193699.0000,3
2021-01-07,20210107103000000,sz.300755,26.8200,26.8200,25.5900,25.6900,2466860,63974570.0000,3
2021-01-07,20210107113000000,sz.300755,25.7000,25.7600,25.0700,25.7300,1630620,41443645.0000,3
2021-01-07,20210107140000000,sz.300755,25.7600,25.7600,25.3100,25.3800,934260,23855542.0000,3
2021-01-07,20210107150000000,sz.300755,25.3900,25.6000,25.3000,25.4000,829305,21071536.0000,3
2021-01-08,20210108103000000,sz.300755,25.3000,25.5800,24.4600,25.3700,1797533,44902470.0000,3
2021-01-08,20210108113000000,sz.300755,25.3700,25.5000,25.1000,25.2600,337776,8538417.0000,3
2021-01-08,20210108140000000,sz.300755,25.2600,25.2800,25.1600,25.2100,159179,4011799.0000,3
2021-01-08,20210108150000000,sz.300755,25.2100,25.3900,25.0000,25.3100,398490,10033549.0000,3
2021-01-11,20210111103000000,sz.300755,25.4400,26.0800,24.8400,25.6000,1206701,30848248.0000,3
2021-01-11,20210111113000000,sz.300755,25.6000,25.6100,25.3700,25.4200,374210,9541055.0000,3
2021-01-11,20210111140000000,sz.300755,25.4200,25.5500,25.2000,25.2800,263415,6689054.0000,3
2021-01-11,20210111150000000,sz.300755,25.2800,25.4900,25.0200,25.3700,480513,12157250.0000,3
2021-01-12,20210112103000000,sz.300755,25.3700,25.6900,25.0000,25.5400,601101,15325103.0000,3
2021-01-12,20210112113000000,sz.300755,25.5400,25.5500,25.4100,25.4800,210338,5361475.0000,3
2021-01-12,20210112140000000,sz.300755,25.4900,25.5200,25.3800,25.4200,252000,6411862.0000,3
2021-01-12,20210112150000000,sz.300755,25.4000,25.8700,25.3000,25.8000,731881,18743978.0000,3
2021-01-13,20210113103000000,sz.300755,25.9300,26.0000,24.8000,24.9600,1242312,31461584.0000,3
2021-01-13,20210113113000000,sz.300755,24.9600,25.2200,24.9000,24.9600,365860,9148327.0000,3
2021-01-13,20210113140000000,sz.300755,24.9500,25.0700,24.7000,24.8800,521176,12952265.0000,3
2021-01-13,20210113150000000,sz.300755,24.8800,25.0800,24.8600,25.0000,229265,5726484.0000,3
2021-01-14,20210114103000000,sz.300755,24.9500,24.9500,24.0000,24.2800,1373908,33512284.0000,3
2021-01-14,20210114113000000,sz.300755,24.2800,24.4600,24.1700,24.4100,356280,8670299.0000,3
2021-01-14,20210114140000000,sz.300755,24.4100,24.4100,24.0700,24.1900,480878,11626998.0000,3
2021-01-14,20210114150000000,sz.300755,24.1900,24.2700,24.0600,24.1300,545860,13185255.0000,3
2021-01-15,20210115103000000,sz.300755,24.7800,25.1000,24.5000,24.8600,1461080,36207838.0000,3
2021-01-15,20210115113000000,sz.300755,24.8600,24.8900,24.3800,24.6300,479232,11799971.0000,3
2021-01-15,20210115140000000,sz.300755,24.6300,24.8900,24.4600,24.7100,415332,10227753.0000,3
2021-01-15,20210115150000000,sz.300755,24.7100,25.0000,24.6900,24.8600,540719,13457027.0000,3
2021-01-18,20210118103000000,sz.300755,25.0100,26.2000,25.0100,25.8700,2386634,61320842.0000,3
2021-01-18,20210118113000000,sz.300755,25.8700,26.1000,25.7800,26.0300,544402,14138477.0000,3
2021-01-18,20210118140000000,sz.300755,26.0300,26.0500,25.7800,25.7900,378500,9789639.0000,3
2021-01-18,20210118150000000,sz.300755,25.7800,26.1500,25.7000,25.9800,959700,24868235.0000,3
2021-01-19,20210119103000000,sz.300755,25.6200,26.3900,25.5000,26.2800,1231760,32126829.0000,3
2021-01-19,20210119113000000,sz.300755,26.2800,26.3100,25.9800,26.0300,559961,14657784.0000,3
2021-01-19,20210119140000000,sz.300755,26.0000,26.1000,25.8300,25.9300,363700,9436244.0000,3
2021-01-19,20210119150000000,sz.300755,25.9300,26.2200,25.8600,26.1700,715351,18650482.0000,3
2021-01-20,20210120103000000,sz.300755,25.8000,26.4600,25.8000,26.0500,644829,16869402.0000,3
2021-01-20,20210120113000000,sz.300755,26.0500,26.2000,25.8500,25.9600,487480,12681448.0000,3
2021-01-20,20210120140000000,sz.300755,25.9600,26.1500,25.9300,26.0100,169367,4404844.0000,3
2021-01-20,20210120150000000,sz.300755,26.0100,26.0900,25.9400,26.0500,250200,6506986.0000,3
2021-01-21,20210121103000000,sz.300755,26.0500,26.0600,25.8100,25.8300,449539,11641774.0000,3
2021-01-21,20210121113000000,sz.300755,25.8300,26.1800,25.8300,26.0300,285500,7419502.0000,3
2021-01-21,20210121140000000,sz.300755,26.0300,26.1600,25.9500,26.0800,329960,8593055.0000,3
2021-01-21,20210121150000000,sz.300755,26.0800,26.0800,25.9200,25.9800,548500,14250667.0000,3
2021-01-22,20210122103000000,sz.300755,25.7200,26.2300,25.7200,25.9500,649140,16854960.0000,3
2021-01-22,20210122113000000,sz.300755,25.9500,26.1300,25.8600,26.0000,602000,15610891.0000,3
2021-01-22,20210122140000000,sz.300755,25.9600,26.0200,25.7900,25.7900,276400,7158241.0000,3
2021-01-22,20210122150000000,sz.300755,25.7900,26.0000,25.7400,25.7800,449180,11602682.0000,3
2021-01-25,20210125103000000,sz.300755,26.0000,26.0500,25.2100,25.5300,855500,21885124.0000,3
2021-01-25,20210125113000000,sz.300755,25.5300,26.3500,25.4100,26.1800,1119960,28950572.0000,3
2021-01-25,20210125140000000,sz.300755,26.1700,26.2000,25.9000,26.1100,381750,9941213.0000,3
2021-01-25,20210125150000000,sz.300755,26.1100,26.1200,25.8200,25.8800,342400,8895411.0000,3
2021-01-26,20210126103000000,sz.300755,26.0700,27.3000,26.0700,26.7700,2437478,65333543.0000,3
2021-01-26,20210126113000000,sz.300755,26.7700,26.8000,26.3500,26.3800,549880,14613208.0000,3
2021-01-26,20210126140000000,sz.300755,26.3700,26.3800,25.9300,25.9800,447000,11684410.0000,3
2021-01-26,20210126150000000,sz.300755,25.9900,26.2800,25.9900,26.1000,654165,17092315.0000,3
2021-01-27,20210127103000000,sz.300755,25.4500,25.6600,24.7100,25.5600,1339541,33729482.0000,3
2021-01-27,20210127113000000,sz.300755,25.5600,25.5800,25.3000,25.3700,163200,4145123.0000,3
2021-01-27,20210127140000000,sz.300755,25.4100,25.4900,25.0000,25.4900,600600,15155792.0000,3
2021-01-27,20210127150000000,sz.300755,25.5500,25.8800,25.4800,25.6100,569500,14647577.0000,3
2021-01-28,20210128103000000,sz.300755,25.5000,26.1800,25.2700,26.0500,973000,25134588.0000,3
2021-01-28,20210128113000000,sz.300755,26.0500,26.0600,25.6700,25.6700,326099,8419649.0000,3
2021-01-28,20210128140000000,sz.300755,25.6700,25.7800,25.4800,25.5100,200900,5149868.0000,3
2021-01-28,20210128150000000,sz.300755,25.5100,25.5100,24.9000,24.9700,776118,19524770.0000,3
2021-01-29,20210129103000000,sz.300755,25.0400,25.4500,24.7300,25.1000,1012680,25360779.0000,3
2021-01-29,20210129113000000,sz.300755,25.1000,25.1100,24.8600,24.9600,203429,5080849.0000,3
2021-01-29,20210129140000000,sz.300755,24.9700,25.0100,24.7200,24.7700,273916,6801662.0000,3
2021-01-29,20210129150000000,sz.300755,24.7700,24.9500,24.6100,24.9100,362816,8979627.0000,3
2021-02-01,20210201103000000,sz.300755,24.9100,25.1900,24.5000,24.6700,489989,12117509.0000,3
2021-02-01,20210201113000000,sz.300755,24.6300,24.7000,24.4500,24.6200,268800,6598091.0000,3
2021-02-01,20210201140000000,sz.300755,24.6300,24.7400,24.5600,24.6400,152800,3764329.0000,3
2021-02-01,20210201150000000,sz.300755,24.6400,24.6400,24.4700,24.4700,358660,8797339.0000,3
2021-02-02,20210202103000000,sz.300755,24.5100,24.7500,24.2600,24.7000,607220,14901819.0000,3
2021-02-02,20210202113000000,sz.300755,24.7000,24.8300,24.6100,24.7300,182000,4500297.0000,3
2021-02-02,20210202140000000,sz.300755,24.7300,24.9100,24.6000,24.8700,482802,11940195.0000,3
2021-02-02,20210202150000000,sz.300755,24.8700,25.1200,24.8500,25.0700,664887,16629083.0000,3
2021-02-03,20210203103000000,sz.300755,25.0700,25.1100,24.7100,24.8400,551699,13739680.0000,3
2021-02-03,20210203113000000,sz.300755,24.8300,24.8400,24.5000,24.5800,513424,12646969.0000,3
2021-02-03,20210203140000000,sz.300755,24.5700,24.6000,24.3000,24.4000,497560,12163212.0000,3
2021-02-03,20210203150000000,sz.300755,24.4000,24.4000,24.0800,24.0800,767881,18595770.0000,3
2021-02-04,20210204103000000,sz.300755,24.1100,24.2800,22.9100,23.0600,1774900,41593613.0000,3
2021-02-04,20210204113000000,sz.300755,23.0600,23.1100,21.8300,22.1700,2556347,57180028.0000,3
2021-02-04,20210204140000000,sz.300755,22.3400,22.7400,22.1700,22.6800,781300,17588614.0000,3
2021-02-04,20210204150000000,sz.300755,22.6100,22.8300,22.5500,22.5800,402400,9110837.0000,3
2021-02-05,20210205103000000,sz.300755,22.3000,23.1500,22.0300,22.6100,917200,20800377.0000,3
2021-02-05,20210205113000000,sz.300755,22.6100,22.9500,22.5400,22.6500,464900,10570743.0000,3
2021-02-05,20210205140000000,sz.300755,22.6300,22.8600,22.6300,22.7400,258900,5892060.0000,3
2021-02-05,20210205150000000,sz.300755,22.7400,22.7800,22.5400,22.6200,376520,8516668.0000,3
2021-02-08,20210208103000000,sz.300755,22.6000,22.6000,22.0200,22.2000,646580,14390785.0000,3
2021-02-08,20210208113000000,sz.300755,22.2000,22.3000,22.1000,22.1800,230900,5127527.0000,3
2021-02-08,20210208140000000,sz.300755,22.1800,22.3800,22.1000,22.2900,415380,9233979.0000,3
2021-02-08,20210208150000000,sz.300755,22.3000,22.3700,22.2400,22.3000,325740,7263496.0000,3
2021-02-09,20210209103000000,sz.300755,22.3000,22.5900,22.1300,22.2400,519364,11609215.0000,3
2021-02-09,20210209113000000,sz.300755,22.2400,22.4500,22.2100,22.4100,256660,5731610.0000,3
2021-02-09,20210209140000000,sz.300755,22.4200,22.5400,22.4100,22.4600,208960,4696780.0000,3
2021-02-09,20210209150000000,sz.300755,22.4500,22.9500,22.4500,22.6800,725936,16491093.0000,3
2021-02-10,20210210103000000,sz.300755,22.9300,23.3900,22.5000,23.3500,992800,22695431.0000,3
2021-02-10,20210210113000000,sz.300755,23.3500,23.3600,23.2200,23.3200,320400,7460232.0000,3
2021-02-10,20210210140000000,sz.300755,23.3300,23.3600,23.1800,23.2000,274600,6395165.0000,3
2021-02-10,20210210150000000,sz.300755,23.2000,23.3600,23.0700,23.3500,803184,18612038.0000,3
2021-02-18,20210218103000000,sz.300755,23.3800,23.7700,23.3400,23.3800,767940,18065307.0000,3
2021-02-18,20210218113000000,sz.300755,23.3800,23.5700,23.3400,23.4700,248700,5836777.0000,3
2021-02-18,20210218140000000,sz.300755,23.4700,23.5300,23.3600,23.4100,340526,7989471.0000,3
2021-02-18,20210218150000000,sz.300755,23.4100,23.5100,23.3800,23.4500,328766,7706745.0000,3
2021-02-19,20210219103000000,sz.300755,23.3800,23.8700,23.3800,23.8200,669820,15846931.0000,3
2021-02-19,20210219113000000,sz.300755,23.8200,23.8400,23.6800,23.7800,242800,5772098.0000,3
2021-02-19,20210219140000000,sz.300755,23.8000,24.0600,23.7900,24.0400,465180,11143667.0000,3
2021-02-19,20210219150000000,sz.300755,24.0100,24.1900,24.0000,24.0900,560400,13502781.0000,3
2021-02-22,20210222103000000,sz.300755,24.1100,24.3000,23.7000,23.8000,858400,20545805.0000,3
2021-02-22,20210222113000000,sz.300755,23.8000,23.8400,23.6000,23.6400,496620,11781274.0000,3
2021-02-22,20210222140000000,sz.300755,23.6500,23.8800,23.6400,23.6600,689764,16374331.0000,3
2021-02-22,20210222150000000,sz.300755,23.6700,23.6700,23.2800,23.2800,756936,17756702.0000,3
2021-02-23,20210223103000000,sz.300755,23.2100,23.3200,22.4100,22.4600,1008700,22893236.0000,3
2021-02-23,20210223113000000,sz.300755,22.4600,22.8400,22.4600,22.7400,424571,9610018.0000,3
2021-02-23,20210223140000000,sz.300755,22.7400,22.9500,22.7200,22.8100,411580,9390973.0000,3
2021-02-23,20210223150000000,sz.300755,22.8100,22.8400,22.6000,22.6800,377100,8553968.0000,3
2021-02-24,20210224103000000,sz.300755,22.7200,22.8900,22.6000,22.6900,377680,8585299.0000,3
2021-02-24,20210224113000000,sz.300755,22.6700,22.7400,22.3000,22.5500,635172,14310151.0000,3
2021-02-24,20210224140000000,sz.300755,22.5500,22.5900,22.3900,22.4400,247900,5572306.0000,3
2021-02-24,20210224150000000,sz.300755,22.4400,22.4400,22.2400,22.3100,547900,12228661.0000,3
2021-02-25,20210225103000000,sz.300755,22.3000,22.5400,22.1800,22.1900,599300,13386000.0000,3
2021-02-25,20210225113000000,sz.300755,22.1900,22.3400,22.1100,22.2200,304752,6762838.0000,3
2021-02-25,20210225140000000,sz.300755,22.2200,22.4200,22.2200,22.2900,266200,5941628.0000,3
2021-02-25,20210225150000000,sz.300755,22.2600,22.5200,22.2000,22.5200,747100,16723261.0000,3
2021-02-26,20210226103000000,sz.300755,22.4800,22.4800,22.0200,22.1600,596800,13221688.0000,3
2021-02-26,20210226113000000,sz.300755,22.1500,22.2800,22.0500,22.0500,194087,4291526.0000,3
2021-02-26,20210226140000000,sz.300755,22.0500,22.1800,22.0100,22.0900,216800,4783448.0000,3
2021-02-26,20210226150000000,sz.300755,22.0900,22.1800,22.0700,22.1200,375384,8303633.0000,3
2021-03-01,20210301103000000,sz.300755,22.1900,22.5400,22.1800,22.4800,590200,13217849.0000,3
2021-03-01,20210301113000000,sz.300755,22.4800,22.8100,22.4300,22.7000,320500,7244374.0000,3
2021-03-01,20210301140000000,sz.300755,22.7000,22.8500,22.6100,22.7800,287407,6522414.0000,3
2021-03-01,20210301150000000,sz.300755,22.7800,22.8200,22.7000,22.7700,343891,7829285.0000,3
2021-03-02,20210302103000000,sz.300755,22.8500,22.8900,22.6000,22.6700,349700,7954261.0000,3
2021-03-02,20210302113000000,sz.300755,22.6700,22.7300,22.5200,22.5500,185000,4183520.0000,3
2021-03-02,20210302140000000,sz.300755,22.5800,22.6200,22.5200,22.5300,212000,4782236.0000,3
2021-03-02,20210302150000000,sz.300755,22.5300,22.6700,22.4500,22.6300,323900,7300618.0000,3
2021-03-03,20210303103000000,sz.300755,22.7100,22.7800,22.3100,22.3700,387967,8730343.0000,3
2021-03-03,20210303113000000,sz.300755,22.3700,22.5600,22.3600,22.5500,144300,3243701.0000,3
2021-03-03,20210303140000000,sz.300755,22.5300,22.6700,22.5200,22.6100,117900,2663955.0000,3
2021-03-03,20210303150000000,sz.300755,22.6200,22.7300,22.6200,22.6900,255350,5786193.0000,3
2021-03-04,20210304103000000,sz.300755,22.5000,22.7000,22.3100,22.3200,324962,7292608.0000,3
2021-03-04,20210304113000000,sz.300755,22.3200,22.4000,22.2500,22.3100,194700,4341455.0000,3
2021-03-04,20210304140000000,sz.300755,22.3800,22.3900,22.2700,22.2700,137080,3056844.0000,3
2021-03-04,20210304150000000,sz.300755,22.2600,22.3800,22.2200,22.2500,251582,5603193.0000,3
2021-03-05,20210305103000000,sz.300755,22.4000,22.6000,22.1100,22.5300,409500,9205309.0000,3
2021-03-05,20210305113000000,sz.300755,22.5300,22.8600,22.5200,22.7900,412650,9376689.0000,3
2021-03-05,20210305140000000,sz.300755,22.7800,23.6600,22.7500,23.6300,942439,21803038.0000,3
2021-03-05,20210305150000000,sz.300755,23.6300,23.8700,23.4600,23.7300,1158981,27406009.0000,3
2021-03-08,20210308103000000,sz.300755,23.8600,24.6500,23.7500,24.0700,1547200,37545163.0000,3
2021-03-08,20210308113000000,sz.300755,24.0700,24.0700,23.6000,23.7800,409000,9747880.0000,3
2021-03-08,20210308140000000,sz.300755,23.7800,24.0500,23.7400,23.9400,363743,8684027.0000,3
2021-03-08,20210308150000000,sz.300755,23.9100,23.9600,23.6800,23.8100,394800,9399162.0000,3
2021-03-09,20210309103000000,sz.300755,23.8600,24.3300,23.0300,24.1000,1225260,29051400.0000,3
2021-03-09,20210309113000000,sz.300755,24.1100,24.2000,23.8600,24.1400,366150,8814478.0000,3
2021-03-09,20210309140000000,sz.300755,24.1400,24.4400,23.9900,24.0300,449500,10890208.0000,3
2021-03-09,20210309150000000,sz.300755,24.0100,24.0400,23.7200,23.8100,270783,6462482.0000,3
2021-03-10,20210310103000000,sz.300755,23.8600,24.2100,23.1400,23.4000,1171532,27646733.0000,3
2021-03-10,20210310113000000,sz.300755,23.4000,23.5900,23.2500,23.2700,344260,8067878.0000,3
2021-03-10,20210310140000000,sz.300755,23.3100,23.3100,23.0600,23.1700,252100,5841483.0000,3
2021-03-10,20210310150000000,sz.300755,23.1700,23.2000,22.9700,23.0100,354616,8170455.0000,3
2021-03-11,20210311103000000,sz.300755,22.8400,22.9800,22.3400,22.9200,567700,12856926.0000,3
2021-03-11,20210311113000000,sz.300755,22.9200,23.0000,22.8000,22.8800,184000,4210230.0000,3
2021-03-11,20210311140000000,sz.300755,22.9100,23.0800,22.8100,23.0300,157200,3606921.0000,3
2021-03-11,20210311150000000,sz.300755,23.0300,23.0500,22.8600,22.9700,216000,4951971.0000,3
2021-03-12,20210312103000000,sz.300755,22.9700,23.0600,22.5000,22.6400,337400,7651052.0000,3
2021-03-12,20210312113000000,sz.300755,22.6400,22.7200,22.5100,22.6900,234500,5301758.0000,3
2021-03-12,20210312140000000,sz.300755,22.7000,22.7000,22.5400,22.5400,179200,4049597.0000,3
2021-03-12,20210312150000000,sz.300755,22.5600,22.6500,22.4000,22.4200,367983,8271158.0000,3
2021-03-15,20210315103000000,sz.300755,22.4000,23.0600,22.2200,22.8200,473140,10747288.0000,3
2021-03-15,20210315113000000,sz.300755,22.8200,22.9000,22.7000,22.8000,166400,3793764.0000,3
2021-03-15,20210315140000000,sz.300755,22.8000,22.8000,22.5000,22.5500,207700,4696648.0000,3
2021-03-15,20210315150000000,sz.300755,22.5500,22.6600,22.4100,22.5600,195848,4415713.0000,3
2021-03-16,20210316103000000,sz.300755,22.8800,23.0300,22.5900,22.9000,552500,12656342.0000,3
2021-03-16,20210316113000000,sz.300755,22.9000,22.9000,22.7800,22.8300,137300,3137358.0000,3
2021-03-16,20210316140000000,sz.300755,22.8300,23.1300,22.8200,22.9300,240657,5526867.0000,3
2021-03-16,20210316150000000,sz.300755,22.9300,23.0000,22.8800,22.9600,157183,3607241.0000,3
2021-03-17,20210317103000000,sz.300755,22.7900,23.1800,22.7900,23.1000,364977,8416674.0000,3
2021-03-17,20210317113000000,sz.300755,23.1100,23.2800,23.0900,23.2000,199950,4638625.0000,3
2021-03-17,20210317140000000,sz.300755,23.1900,23.5200,23.1900,23.3400,344860,8053105.0000,3
2021-03-17,20210317150000000,sz.300755,23.3400,23.3600,23.2300,23.3100,216000,5034593.0000,3
2021-03-18,20210318103000000,sz.300755,23.4000,23.4600,23.2000,23.3600,244368,5699084.0000,3
2021-03-18,20210318113000000,sz.300755,23.3600,23.4400,23.2800,23.3300,132860,3102320.0000,3
2021-03-18,20210318140000000,sz.300755,23.3400,23.3400,23.0200,23.0300,219600,5081634.0000,3
2021-03-18,20210318150000000,sz.300755,23.0300,23.1100,23.0000,23.1000,266780,6151545.0000,3
2021-03-19,20210319103000000,sz.300755,22.6400,23.0900,22.6100,22.9400,349500,7987605.0000,3
2021-03-19,20210319113000000,sz.300755,22.9400,23.1600,22.9300,22.9700,91800,2114536.0000,3
2021-03-19,20210319140000000,sz.300755,23.0200,23.0200,22.7100,22.7300,212508,4853335.0000,3
2021-03-19,20210319150000000,sz.300755,22.7300,22.7700,22.6000,22.6700,343100,7777904.0000,3
2021-03-22,20210322103000000,sz.300755,23.1400,23.1500,22.7100,23.0800,321730,7407252.0000,3
2021-03-22,20210322113000000,sz.300755,23.0700,23.1000,22.9900,23.0000,78580,1809065.0000,3
2021-03-22,20210322140000000,sz.300755,23.0000,23.0000,22.7800,22.9700,165360,3785302.0000,3
2021-03-22,20210322150000000,sz.300755,22.9700,22.9800,22.8300,22.8300,247337,5660231.0000,3
2021-03-23,20210323103000000,sz.300755,22.8700,23.1200,22.7400,22.8200,328930,7527734.0000,3
2021-03-23,20210323113000000,sz.300755,22.8200,22.8800,22.7800,22.8300,122300,2789881.0000,3
2021-03-23,20210323140000000,sz.300755,22.8700,22.8800,22.7600,22.8200,106900,2439540.0000,3
2021-03-23,20210323150000000,sz.300755,22.8200,22.8700,22.7100,22.8600,181049,4128487.0000,3
2021-03-24,20210324103000000,sz.300755,22.8600,23.1000,22.6800,22.9900,316900,7270771.0000,3
2021-03-24,20210324113000000,sz.300755,22.9900,23.0200,22.7600,22.7800,306880,7003914.0000,3
2021-03-24,20210324140000000,sz.300755,22.7800,22.8100,22.7100,22.8000,125680,2861047.0000,3
2021-03-24,20210324150000000,sz.300755,22.8000,22.8000,22.5600,22.5800,341020,7731123.0000,3
2021-03-25,20210325103000000,sz.300755,22.5000,22.7800,22.1300,22.4600,478700,10673559.0000,3
2021-03-25,20210325113000000,sz.300755,22.4600,22.4800,22.3000,22.3800,98180,2198650.0000,3
2021-03-25,20210325140000000,sz.300755,22.3800,22.4400,22.2300,22.2300,95900,2142192.0000,3
2021-03-25,20210325150000000,sz.300755,22.2400,22.3000,22.2000,22.2400,213686,4752838.0000,3
2021-03-26,20210326103000000,sz.300755,22.4400,22.4900,22.2400,22.3400,228652,5106496.0000,3
2021-03-26,20210326113000000,sz.300755,22.3400,22.4900,22.3000,22.4000,156600,3509707.0000,3
2021-03-26,20210326140000000,sz.300755,22.4100,22.6500,22.4000,22.4600,221440,4978641.0000,3
2021-03-26,20210326150000000,sz.300755,22.4900,22.5700,22.4300,22.5500,179100,4033466.0000,3
2021-03-29,20210329103000000,sz.300755,22.8000,23.4200,22.7200,23.4200,830432,19189920.0000,3
2021-03-29,20210329113000000,sz.300755,23.4200,23.6600,23.3000,23.4000,648423,15223824.0000,3
2021-03-29,20210329140000000,sz.300755,23.4000,23.4500,23.1800,23.3000,359797,8369731.0000,3
2021-03-29,20210329150000000,sz.300755,23.3000,23.3800,23.2200,23.2400,419977,9784964.0000,3
2021-03-30,20210330103000000,sz.300755,23.1900,23.4800,23.0500,23.1400,586270,13603886.0000,3
2021-03-30,20210330113000000,sz.300755,23.1400,23.2700,23.0500,23.2700,177908,4120669.0000,3
2021-03-30,20210330140000000,sz.300755,23.2700,23.2700,23.1100,23.1100,94800,2197995.0000,3
2021-03-30,20210330150000000,sz.300755,23.1100,23.3700,23.1100,23.3200,247107,5749089.0000,3
2021-03-31,20210331103000000,sz.300755,23.3300,23.3800,22.9400,23.0900,276360,6392790.0000,3
2021-03-31,20210331113000000,sz.300755,23.0900,23.1300,23.0000,23.0700,124620,2870377.0000,3
2021-03-31,20210331140000000,sz.300755,23.0700,23.1000,23.0100,23.0200,74200,1709691.0000,3
2021-03-31,20210331150000000,sz.300755,23.0200,23.1500,23.0200,23.1000,207337,4783277.0000,3
2021-04-01,20210401103000000,sz.300755,23.1000,23.4300,22.8700,23.0900,257517,5919580.0000,3
2021-04-01,20210401113000000,sz.300755,23.0900,23.1200,22.9100,23.1200,124000,2854909.0000,3
2021-04-01,20210401140000000,sz.300755,23.1200,23.4800,23.0600,23.4200,337052,7849944.0000,3
2021-04-01,20210401150000000,sz.300755,23.4200,23.5200,23.3300,23.4900,432920,10150727.0000,3
2021-04-02,20210402103000000,sz.300755,23.4700,25.0800,23.2900,24.7000,1884308,46223363.0000,3
2021-04-02,20210402113000000,sz.300755,24.7000,24.7000,24.6000,24.6800,484648,11946768.0000,3
2021-04-02,20210402140000000,sz.300755,24.6900,25.0900,24.6100,25.0000,1150400,28666557.0000,3
2021-04-02,20210402150000000,sz.300755,25.0000,25.4400,24.9900,25.2900,1414085,35659078.0000,3
2021-04-06,20210406103000000,sz.300755,25.0200,26.6600,25.0200,26.3300,3102668,81025936.0000,3
2021-04-06,20210406113000000,sz.300755,26.3300,26.4400,26.0000,26.2100,710343,18633167.0000,3
2021-04-06,20210406140000000,sz.300755,26.2000,26.4400,26.2000,26.3100,660381,17368280.0000,3
2021-04-06,20210406150000000,sz.300755,26.3100,26.4300,26.2700,26.4000,943860,24881453.0000,3
2021-04-07,20210407103000000,sz.300755,26.4900,26.9700,26.1400,26.7000,2208800,58831284.0000,3
2021-04-07,20210407113000000,sz.300755,26.7000,26.8500,26.5600,26.7400,624616,16700839.0000,3
2021-04-07,20210407140000000,sz.300755,26.7000,26.8700,26.6500,26.8600,625732,16753907.0000,3
2021-04-07,20210407150000000,sz.300755,26.8600,27.0800,26.8400,26.8800,1428894,38523983.0000,3
2021-04-08,20210408103000000,sz.300755,27.1000,27.4700,26.6800,27.4000,1527132,41510803.0000,3
2021-04-08,20210408113000000,sz.300755,27.3800,27.7900,27.3000,27.6100,1094060,30135033.0000,3
2021-04-08,20210408140000000,sz.300755,27.5900,27.8000,27.5400,27.6100,468380,12959830.0000,3
2021-04-08,20210408150000000,sz.300755,27.6100,27.7800,27.5300,27.7000,850571,23539374.0000,3
2021-04-09,20210409103000000,sz.300755,27.7000,27.9000,27.3400,27.6300,1891180,52246221.0000,3
2021-04-09,20210409113000000,sz.300755,27.6300,27.9500,27.5100,27.8000,774420,21493599.0000,3
2021-04-09,20210409140000000,sz.300755,27.7900,27.8100,27.6000,27.7900,599160,16607947.0000,3
2021-04-09,20210409150000000,sz.300755,27.7800,27.8000,27.5200,27.6500,628672,17387391.0000,3
2021-04-12,20210412103000000,sz.300755,27.6400,28.1900,27.4700,27.9800,1422700,39689379.0000,3
2021-04-12,20210412113000000,sz.300755,27.9800,28.1000,27.7500,28.1000,682148,19072793.0000,3
2021-04-12,20210412140000000,sz.300755,28.0500,28.0500,26.5200,26.7900,1828732,49643409.0000,3
2021-04-12,20210412150000000,sz.300755,26.7900,27.1100,26.7000,26.8900,960020,25788989.0000,3
2021-04-13,20210413103000000,sz.300755,29.0000,29.0000,26.3100,26.8300,5736041,157367411.0000,3
2021-04-13,20210413113000000,sz.300755,26.8600,27.8000,26.6000,27.7000,1929952,52205910.0000,3
2021-04-13,20210413140000000,sz.300755,27.5500,27.5500,26.9200,27.2700,1730798,47121987.0000,3
2021-04-13,20210413150000000,sz.300755,27.2800,27.3000,26.5600,26.9200,1130599,30509652.0000,3
2021-04-14,20210414103000000,sz.300755,27.2700,30.5000,27.0000,30.2000,7233144,207582295.0000,3
2021-04-14,20210414113000000,sz.300755,30.1900,31.0000,29.7300,30.0300,3059038,92747017.0000,3
2021-04-14,20210414140000000,sz.300755,30.0300,30.1000,29.6000,30.0700,1973419,59025200.0000,3
2021-04-14,20210414150000000,sz.300755,30.0700,30.6000,29.9200,30.6000,2532015,76526496.0000,3
2021-04-15,20210415103000000,sz.300755,30.4000,30.4000,28.8900,29.8200,3440109,101868799.0000,3
2021-04-15,20210415113000000,sz.300755,29.8600,30.4800,29.8600,30.3400,809642,24452339.0000,3
2021-04-15,20210415140000000,sz.300755,30.3200,31.4100,30.1500,31.3700,2328662,72141632.0000,3
2021-04-15,20210415150000000,sz.300755,31.3800,32.7500,31.2500,31.9600,4025611,128937006.0000,3
2021-04-16,20210416103000000,sz.300755,31.7000,32.4000,31.5700,31.6400,2268660,72571438.0000,3
2021-04-16,20210416113000000,sz.300755,31.6600,32.6500,31.5700,32.4400,1346095,43254599.0000,3
2021-04-16,20210416140000000,sz.300755,32.4500,32.4500,32.1000,32.2200,956842,30886489.0000,3
2021-04-16,20210416150000000,sz.300755,32.2400,32.2500,31.9400,32.0500,1336740,42847502.0000,3
2021-04-19,20210419103000000,sz.300755,31.5400,33.5800,31.5400,33.4700,3211276,104136673.0000,3
2021-04-19,20210419113000000,sz.300755,33.4700,33.4800,33.0000,33.2400,1283204,42671560.0000,3
2021-04-19,20210419140000000,sz.300755,33.2400,33.7600,33.0700,33.2500,1091900,36423757.0000,3
2021-04-19,20210419150000000,sz.300755,33.2500,33.4200,33.1400,33.3100,1270600,42310869.0000,3
2021-04-20,20210420103000000,sz.300755,32.9000,33.8800,32.8000,33.4900,1929620,64282435.0000,3
2021-04-20,20210420113000000,sz.300755,33.4900,34.0000,33.4900,33.7000,1324112,44716681.0000,3
2021-04-20,20210420140000000,sz.300755,33.6900,34.1700,33.5500,33.6400,1325700,44963611.0000,3
2021-04-20,20210420150000000,sz.300755,33.6400,33.8700,33.5100,33.5700,1042000,35084324.0000,3
2021-04-21,20210421103000000,sz.300755,33.5500,33.8500,33.0800,33.6100,1817720,60808720.0000,3
2021-04-21,20210421113000000,sz.300755,33.6100,33.8900,33.5300,33.5800,826900,27870477.0000,3
2021-04-21,20210421140000000,sz.300755,33.5800,34.0900,33.4100,33.4100,1237041,41753377.0000,3
2021-04-21,20210421150000000,sz.300755,33.4000,33.8500,33.3900,33.6800,1001580,33722051.0000,3
2021-04-22,20210422103000000,sz.300755,33.6200,33.9000,33.4200,33.7100,1054880,35493793.0000,3
2021-04-22,20210422113000000,sz.300755,33.7200,33.9200,33.6500,33.8500,428280,14473809.0000,3
2021-04-22,20210422140000000,sz.300755,33.8200,34.0600,33.5100,33.9800,834079,28251260.0000,3
2021-04-22,20210422150000000,sz.300755,33.9800,34.0600,33.8100,33.9500,1014840,34470549.0000,3
2021-04-23,20210423103000000,sz.300755,33.7000,33.9500,33.1400,33.2500,2452416,82015793.0000,3
2021-04-23,20210423113000000,sz.300755,33.2200,33.4900,32.9200,32.9500,1193080,39564341.0000,3
2021-04-23,20210423140000000,sz.300755,32.9000,33.1900,32.8600,33.1700,1040400,34376559.0000,3
2021-04-23,20210423150000000,sz.300755,33.1700,33.2600,32.8700,33.0000,1766160,58390428.0000,3
2021-04-26,20210426103000000,sz.300755,32.8500,33.8000,32.1700,33.7900,2038800,67445067.0000,3
2021-04-26,20210426113000000,sz.300755,33.7800,33.9900,33.4800,33.5300,877800,29668246.0000,3
2021-04-26,20210426140000000,sz.300755,33.5300,33.9500,33.5200,33.5500,640540,21604925.0000,3
2021-04-26,20210426150000000,sz.300755,33.5200,33.5900,33.2600,33.4400,765840,25576607.0000,3
2021-04-27,20210427103000000,sz.300755,33.1700,33.9500,33.0000,33.8700,1418959,47562061.0000,3
2021-04-27,20210427113000000,sz.300755,33.8700,34.2000,33.5800,34.0400,1154682,39209978.0000,3
2021-04-27,20210427140000000,sz.300755,34.1100,34.5000,33.8200,34.1600,879060,30078820.0000,3
2021-04-27,20210427150000000,sz.300755,34.1600,34.3800,33.9100,34.1700,963960,32905104.0000,3
2021-04-28,20210428103000000,sz.300755,34.0400,34.5000,33.7000,34.1800,1171602,39934067.0000,3
2021-04-28,20210428113000000,sz.300755,34.1700,34.6800,34.1000,34.4500,793300,27280610.0000,3
2021-04-28,20210428140000000,sz.300755,34.4000,34.4200,33.9100,34.3600,471800,16092314.0000,3
2021-04-28,20210428150000000,sz.300755,34.3400,34.4900,34.1700,34.4600,567699,19508744.0000,3
2021-04-29,20210429103000000,sz.300755,34.8500,37.5600,34.7000,37.1900,4475239,163042892.0000,3
2021-04-29,20210429113000000,sz.300755,37.1900,37.4600,36.8300,37.0300,1237457,45976081.0000,3
2021-04-29,20210429140000000,sz.300755,37.0100,37.0100,35.3600,35.5600,1750933,62895555.0000,3
2021-04-29,20210429150000000,sz.300755,35.5600,36.4000,35.2800,35.8700,1459802,52367856.0000,3
2021-04-30,20210430103000000,sz.300755,36.7100,37.6600,35.8100,36.9800,2782906,102850763.0000,3
2021-04-30,20210430113000000,sz.300755,36.9600,36.9700,36.5600,36.9300,780420,28691956.0000,3
2021-04-30,20210430140000000,sz.300755,36.9100,36.9800,36.0000,36.1900,822219,29879446.0000,3
2021-04-30,20210430150000000,sz.300755,36.1900,37.3100,36.0400,37.2900,1983618,73065919.0000,3
2021-05-06,20210506103000000,sz.300755,37.0100,37.5700,36.3200,36.7100,2409237,88867447.0000,3
2021-05-06,20210506113000000,sz.300755,36.7200,37.2200,36.5900,36.9900,886183,32662035.0000,3
2021-05-06,20210506140000000,sz.300755,37.0000,37.1000,36.6800,37.0500,559080,20629846.0000,3
2021-05-06,20210506150000000,sz.300755,37.0900,37.3300,36.7800,37.2100,1078160,39964666.0000,3
2021-05-07,20210507103000000,sz.300755,37.1800,37.5800,36.6500,37.1400,1102737,40914121.0000,3
2021-05-07,20210507113000000,sz.300755,37.1400,37.1400,36.6100,36.6400,627400,23113438.0000,3
2021-05-07,20210507140000000,sz.300755,36.6600,36.9100,36.4700,36.5500,555000,20362528.0000,3
2021-05-07,20210507150000000,sz.300755,36.5800,36.6600,36.1300,36.3000,975319,35442456.0000,3
2021-05-10,20210510103000000,sz.300755,36.3400,36.9200,35.5900,35.6000,1522362,55042764.0000,3
2021-05-10,20210510113000000,sz.300755,35.5900,36.0000,35.4500,35.5900,1090846,38945828.0000,3
2021-05-10,20210510140000000,sz.300755,35.6000,35.7800,34.7900,35.0400,1537700,54140971.0000,3
2021-05-10,20210510150000000,sz.300755,35.0400,35.1300,34.3300,34.8000,2672077,92625037.0000,3
2021-05-11,20210511103000000,sz.300755,34.6000,36.1000,34.4900,35.4700,2769980,97950301.0000,3
2021-05-11,20210511113000000,sz.300755,35.4500,36.9900,35.4500,36.9800,1315326,47539287.0000,3
2021-05-11,20210511140000000,sz.300755,36.9800,37.6600,36.5800,37.3400,1310325,48710078.0000,3
2021-05-11,20210511150000000,sz.300755,37.3400,37.3400,36.7500,37.0400,1022864,37841355.0000,3
2021-05-12,20210512103000000,sz.300755,36.9800,38.5100,36.5600,38.3600,1866037,69985006.0000,3
2021-05-12,20210512113000000,sz.300755,38.3600,40.3500,38.3600,40.2800,2338827,92245052.0000,3
2021-05-12,20210512140000000,sz.300755,40.2400,40.4800,39.7100,40.4500,1080340,43394727.0000,3
2021-05-12,20210512150000000,sz.300755,40.4500,41.4000,40.3100,40.8800,2019156,82388687.0000,3
2021-05-13,20210513103000000,sz.300755,40.3000,42.7500,40.0500,40.4000,3879372,160772763.0000,3
2021-05-13,20210513113000000,sz.300755,40.3900,41.3900,40.3800,40.9100,1009418,41349197.0000,3
2021-05-13,20210513140000000,sz.300755,40.9100,40.9300,40.2000,40.5000,1017440,41196626.0000,3
2021-05-13,20210513150000000,sz.300755,40.5000,40.8000,40.0600,40.2200,1161702,46828422.0000,3
2021-05-14,20210514103000000,sz.300755,40.8300,41.3000,40.0800,40.8000,1491367,60772612.0000,3
2021-05-14,20210514113000000,sz.300755,40.8000,41.4500,40.6000,40.6500,678500,27783148.0000,3
2021-05-14,20210514140000000,sz.300755,40.6900,41.5000,40.6300,41.4400,1190200,48931181.0000,3
2021-05-14,20210514150000000,sz.300755,41.4100,41.8800,41.2500,41.5700,1414200,58760728.0000,3
2021-05-17,20210517103000000,sz.300755,41.5000,41.8000,39.6600,40.7700,2828320,114870099.0000,3
2021-05-17,20210517113000000,sz.300755,40.7700,41.2900,40.6500,41.1500,499276,20482014.0000,3
2021-05-17,20210517140000000,sz.300755,41.1700,41.3000,40.5900,40.9400,595800,24436582.0000,3
2021-05-17,20210517150000000,sz.300755,40.9100,41.1300,40.3500,40.4500,910500,37002236.0000,3
2021-05-18,20210518103000000,sz.300755,41.0700,42.6000,40.1600,41.9200,1983725,82839252.0000,3
2021-05-18,20210518113000000,sz.300755,41.9200,42.8300,41.6500,42.0100,1015060,42757068.0000,3
2021-05-18,20210518140000000,sz.300755,42.0700,42.2800,41.7000,41.8700,504300,21203553.0000,3
2021-05-18,20210518150000000,sz.300755,41.8600,42.1300,41.7800,41.9200,645800,27061270.0000,3
2021-05-19,20210519103000000,sz.300755,41.0200,41.5100,40.4800,40.9700,1533067,62821207.0000,3
2021-05-19,20210519113000000,sz.300755,40.9700,41.2300,40.5500,40.6400,536700,21917285.0000,3
2021-05-19,20210519140000000,sz.300755,40.6500,40.7400,39.9300,40.5800,988600,39845887.0000,3
2021-05-19,20210519150000000,sz.300755,40.5900,41.2300,40.3900,40.8100,985800,40318354.0000,3
2021-05-20,20210520103000000,sz.300755,40.6800,41.8500,40.6400,41.4600,1561460,64811387.0000,3
2021-05-20,20210520113000000,sz.300755,41.4500,41.7800,41.3000,41.7100,546400,22689442.0000,3
2021-05-20,20210520140000000,sz.300755,41.6700,41.7800,41.2600,41.3500,636140,26438881.0000,3
2021-05-20,20210520150000000,sz.300755,41.3500,41.7000,41.1900,41.4300,980380,40660254.0000,3
2021-05-21,20210521103000000,sz.300755,41.5700,43.5300,41.3300,42.2200,1866000,79685509.0000,3
2021-05-21,20210521113000000,sz.300755,42.2600,42.8500,41.7300,42.1600,627780,26530390.0000,3
2021-05-21,20210521140000000,sz.300755,42.1600,42.8200,42.0000,42.6200,470180,19959983.0000,3
2021-05-21,20210521150000000,sz.300755,42.6200,42.6200,42.1600,42.4000,815740,34600736.0000,3
2021-05-24,20210524103000000,sz.300755,42.5200,42.8300,41.8100,41.9900,1411400,59665045.0000,3
2021-05-24,20210524113000000,sz.300755,41.9800,42.4400,41.9800,42.0800,439800,18558158.0000,3
2021-05-24,20210524140000000,sz.300755,42.0800,42.3000,41.6100,41.7000,712500,29871100.0000,3
2021-05-24,20210524150000000,sz.300755,41.6700,41.9500,41.5200,41.9500,861498,35927368.0000,3
2021-05-25,20210525103000000,sz.300755,41.9700,44.5000,41.9600,43.2000,2546280,110227540.0000,3
2021-05-25,20210525113000000,sz.300755,43.2100,43.2400,42.6000,42.8200,513800,22018290.0000,3
2021-05-25,20210525140000000,sz.300755,42.8200,43.4200,42.7600,43.1200,445200,19199638.0000,3
2021-05-25,20210525150000000,sz.300755,43.1200,43.1800,42.9000,43.0900,969700,41757062.0000,3
2021-05-26,20210526103000000,sz.300755,43.0800,43.3800,41.9000,41.9200,1485040,62871959.0000,3
2021-05-26,20210526113000000,sz.300755,41.8800,42.0600,41.6000,41.7200,756001,31606638.0000,3
2021-05-26,20210526140000000,sz.300755,41.7000,42.6800,41.7000,42.5200,693300,29304606.0000,3
2021-05-26,20210526150000000,sz.300755,42.5200,42.8400,42.4400,42.6600,647680,27607121.0000,3
2021-05-27,20210527103000000,sz.300755,42.9000,43.6600,42.6000,43.2800,1092572,47127945.0000,3
2021-05-27,20210527113000000,sz.300755,43.2800,43.6500,43.1400,43.2800,419200,18203937.0000,3
2021-05-27,20210527140000000,sz.300755,43.2800,43.3300,43.0600,43.2100,321700,13899782.0000,3
2021-05-27,20210527150000000,sz.300755,43.2100,43.4300,43.1200,43.3000,525625,22746255.0000,3
2021-05-28,20210528103000000,sz.300755,43.3000,44.4000,42.8600,42.9500,1146726,50050124.0000,3
2021-05-28,20210528113000000,sz.300755,42.9500,43.9500,42.9000,43.9500,466500,20346977.0000,3
2021-05-28,20210528140000000,sz.300755,43.9300,43.9600,43.3300,43.3400,450400,19646476.0000,3
2021-05-28,20210528150000000,sz.300755,43.3400,43.4800,43.0000,43.3000,599060,25904542.0000,3
2021-05-31,20210531103000000,sz.300755,43.5800,44.6600,43.5700,44.6600,1440900,63880804.0000,3
2021-05-31,20210531113000000,sz.300755,44.6600,46.4300,44.5500,46.1500,1474483,67056001.0000,3
2021-05-31,20210531140000000,sz.300755,46.1500,47.5500,46.1500,47.3600,1658927,77660039.0000,3
2021-05-31,20210531150000000,sz.300755,47.3600,47.7600,47.0000,47.3600,1128073,53441962.0000,3
2021-06-01,20210601103000000,sz.300755,47.4000,47.8600,46.0000,46.2500,1849501,86495684.0000,3
2021-06-01,20210601113000000,sz.300755,46.2500,47.0000,46.1200,46.9600,678761,31581258.0000,3
2021-06-01,20210601140000000,sz.300755,46.9900,47.3400,46.7900,47.0400,448100,21082977.0000,3
2021-06-01,20210601150000000,sz.300755,47.0300,47.2800,46.8200,47.0100,625700,29440216.0000,3
2021-06-02,20210602103000000,sz.300755,47.0100,48.0000,46.8800,47.7800,1449499,68711576.0000,3
2021-06-02,20210602113000000,sz.300755,47.7800,48.0900,47.5000,47.9400,843500,40318428.0000,3
2021-06-02,20210602140000000,sz.300755,47.9600,47.9600,46.8900,47.1200,651400,30850863.0000,3
2021-06-02,20210602150000000,sz.300755,47.1200,47.1300,46.6800,46.7400,548900,25718401.0000,3
2021-06-03,20210603103000000,sz.300755,46.8000,48.5000,46.7700,48.1500,1309452,62414875.0000,3
2021-06-03,20210603113000000,sz.300755,48.1600,48.6400,47.8800,48.1200,802360,38692996.0000,3
2021-06-03,20210603140000000,sz.300755,48.0000,48.2300,46.9400,47.2300,649161,30844388.0000,3
2021-06-03,20210603150000000,sz.300755,47.2300,47.2800,46.8900,47.0000,648959,30546099.0000,3
2021-06-04,20210604103000000,sz.300755,47.0000,47.5500,46.4400,46.8500,1080775,50830752.0000,3
2021-06-04,20210604113000000,sz.300755,46.8500,47.4000,46.3600,46.7500,644380,30171693.0000,3
2021-06-04,20210604140000000,sz.300755,46.7000,46.9500,46.4600,46.6700,583370,27253737.0000,3
2021-06-04,20210604150000000,sz.300755,46.6700,47.0100,46.6100,46.9000,516400,24172610.0000,3
2021-06-07,20210607103000000,sz.300755,47.0900,50.5200,47.0900,50.4600,3578560,176843291.0000,3
2021-06-07,20210607113000000,sz.300755,50.4900,51.5000,50.3200,50.4800,1182620,60129184.0000,3
2021-06-07,20210607140000000,sz.300755,50.4800,50.8000,50.3000,50.4800,684460,34599349.0000,3
2021-06-07,20210607150000000,sz.300755,50.4400,50.5500,50.2800,50.5000,596854,30095872.0000,3
2021-06-08,20210608103000000,sz.300755,50.4600,51.7900,49.6600,51.3900,2383175,121397427.0000,3
2021-06-08,20210608113000000,sz.300755,51.3900,51.3900,49.2900,49.3300,1508643,75893833.0000,3
2021-06-08,20210608140000000,sz.300755,49.1900,49.6700,46.4000,46.4000,2545627,121953668.0000,3
2021-06-08,20210608150000000,sz.300755,46.5000,46.9500,45.1700,45.5800,2854333,131260768.0000,3
2021-06-09,20210609103000000,sz.300755,45.5400,46.0000,42.8100,44.7900,5499924,242724868.0000,3
2021-06-09,20210609113000000,sz.300755,44.7800,45.4300,44.5100,44.7600,2469800,110859180.0000,3
2021-06-09,20210609140000000,sz.300755,44.7100,44.8600,41.9300,41.9800,3184100,137822432.0000,3
2021-06-09,20210609150000000,sz.300755,41.9900,42.2100,41.1400,41.8500,3950400,164492784.0000,3
2021-06-10,20210610103000000,sz.300755,41.8100,42.8000,40.8600,42.1600,3298014,138204100.0000,3
2021-06-10,20210610113000000,sz.300755,42.1500,43.9800,42.1000,43.8400,1989040,85682602.0000,3
2021-06-10,20210610140000000,sz.300755,43.7300,43.9300,42.8200,42.8900,2395660,104206130.0000,3
2021-06-10,20210610150000000,sz.300755,42.8900,43.2500,42.6900,42.8900,1957440,83974256.0000,3
2021-06-11,20210611103000000,sz.300755,42.5000,43.5000,40.0000,42.8000,4776617,199504131.0000,3
2021-06-11,20210611113000000,sz.300755,42.8000,44.0800,42.7600,43.5000,1341200,58253529.0000,3
2021-06-11,20210611140000000,sz.300755,43.4900,43.4900,42.7000,42.9800,763388,32835524.0000,3
2021-06-11,20210611150000000,sz.300755,43.0100,43.0500,42.7700,42.8000,892500,38299472.0000,3
2021-06-15,20210615103000000,sz.300755,42.0000,43.1900,41.0000,43.1000,2076446,87040206.0000,3
2021-06-15,20210615113000000,sz.300755,43.0800,43.5800,42.5100,42.5500,859980,36949812.0000,3
2021-06-15,20210615140000000,sz.300755,42.6000,43.7100,42.5400,43.4000,1057400,45684526.0000,3
2021-06-15,20210615150000000,sz.300755,43.4000,43.8800,43.2600,43.3800,1119539,48773597.0000,3
2021-06-16,20210616103000000,sz.300755,43.3300,43.4900,41.9000,41.9800,1465000,62571620.0000,3
2021-06-16,20210616113000000,sz.300755,41.9900,42.2100,41.3500,41.6200,885800,37013961.0000,3
2021-06-16,20210616140000000,sz.300755,41.6500,42.1100,41.2600,41.9500,769100,32064615.0000,3
2021-06-16,20210616150000000,sz.300755,41.9500,42.5400,41.9100,41.9800,853500,36030480.0000,3
2021-06-17,20210617103000000,sz.300755,42.2900,43.8500,41.4800,43.7200,1962833,84257962.0000,3
2021-06-17,20210617113000000,sz.300755,43.7200,44.8500,43.2000,44.3100,1090017,48036022.0000,3
2021-06-17,20210617140000000,sz.300755,44.3200,44.5300,43.8000,44.1200,558040,24627053.0000,3
2021-06-17,20210617150000000,sz.300755,44.1200,44.5900,43.7700,43.9600,836010,36895800.0000,3
2021-06-18,20210618103000000,sz.300755,44.0200,44.4900,42.7900,43.3200,1813958,78791407.0000,3
2021-06-18,20210618113000000,sz.300755,43.3100,43.3100,42.1700,42.2100,1052540,45026953.0000,3
2021-06-18,20210618140000000,sz.300755,42.2200,42.4000,41.2000,41.7900,1927500,80442045.0000,3
2021-06-18,20210618150000000,sz.300755,41.7900,42.2500,41.7900,42.1200,1769900,74322283.0000,3
2021-06-21,20210621103000000,sz.300755,42.5000,43.6800,41.6200,43.6600,1907080,81530106.0000,3
2021-06-21,20210621113000000,sz.300755,43.6600,43.7000,42.3600,42.4300,790780,34004951.0000,3
2021-06-21,20210621140000000,sz.300755,42.3500,42.7700,41.4500,41.6400,1207800,50725125.0000,3
2021-06-21,20210621150000000,sz.300755,41.6400,42.5100,41.6400,42.4600,1042131,43887965.0000,3
2021-06-22,20210622103000000,sz.300755,42.5100,42.9600,41.6900,42.5700,1017280,42934836.0000,3
2021-06-22,20210622113000000,sz.300755,42.5700,42.6600,41.2000,41.4300,1424300,59259685.0000,3
2021-06-22,20210622140000000,sz.300755,41.3900,41.8900,41.0600,41.1200,1063200,44041164.0000,3
2021-06-22,20210622150000000,sz.300755,41.1200,41.8200,40.8600,41.7500,1269540,52504240.0000,3
2021-06-23,20210623103000000,sz.300755,41.8000,41.9400,40.5600,40.9400,1518600,62401520.0000,3
2021-06-23,20210623113000000,sz.300755,40.9000,42.0800,40.8500,41.7400,853800,35548299.0000,3
2021-06-23,20210623140000000,sz.300755,41.7300,42.3200,41.5500,41.9000,658500,27654635.0000,3
2021-06-23,20210623150000000,sz.300755,41.9000,42.0200,41.5400,41.8000,813400,33978160.0000,3
2021-06-24,20210624103000000,sz.300755,41.7100,42.1800,40.9200,41.5000,1030500,42590801.0000,3
2021-06-24,20210624113000000,sz.300755,41.5400,41.9200,41.4100,41.5800,408267,16999262.0000,3
2021-06-24,20210624140000000,sz.300755,41.5800,41.8000,41.1200,41.7000,576700,23904622.0000,3
2021-06-24,20210624150000000,sz.300755,41.7000,41.8500,41.1000,41.3100,561100,23229350.0000,3
2021-06-25,20210625103000000,sz.300755,41.7400,41.7400,40.5700,41.0400,937900,38328752.0000,3
2021-06-25,20210625113000000,sz.300755,41.0500,41.4600,40.9600,41.2700,439700,18132261.0000,3
2021-06-25,20210625140000000,sz.300755,41.2000,41.6500,40.9200,41.4700,478400,19726216.0000,3
2021-06-25,20210625150000000,sz.300755,41.4500,41.6000,41.0900,41.0900,575000,23780431.0000,3
2021-06-28,20210628103000000,sz.300755,41.8200,42.3800,41.3000,42.0900,803700,33578818.0000,3
2021-06-28,20210628113000000,sz.300755,42.0800,42.0800,41.3600,41.4500,391200,16303839.0000,3
2021-06-28,20210628140000000,sz.300755,41.4500,41.7400,41.1400,41.2900,451300,18671103.0000,3
2021-06-28,20210628150000000,sz.300755,41.2900,41.4800,41.0000,41.2800,509400,21019906.0000,3
2021-06-29,20210629103000000,sz.300755,41.7000,41.8400,40.1000,40.2900,1239300,50378000.0000,3
2021-06-29,20210629113000000,sz.300755,40.2800,40.8400,40.2000,40.5600,319500,12908745.0000,3
2021-06-29,20210629140000000,sz.300755,40.5600,40.9200,40.4800,40.7900,296300,12065933.0000,3
2021-06-29,20210629150000000,sz.300755,40.7900,40.9600,40.6400,40.8000,472900,19304888.0000,3
2021-06-30,20210630103000000,sz.300755,40.5700,41.8600,40.4900,40.6800,812100,33339107.0000,3
2021-06-30,20210630113000000,sz.300755,40.7000,40.8900,40.5600,40.7100,340400,13854611.0000,3
2021-06-30,20210630140000000,sz.300755,40.8000,41.0600,40.6500,40.6900,259600,10584835.0000,3
2021-06-30,20210630150000000,sz.300755,40.6900,40.8800,40.6700,40.8100,429700,17505791.0000,3
2021-07-01,20210701103000000,sz.300755,41.2200,41.4500,39.8800,41.2700,1079900,43938844.0000,3
2021-07-01,20210701113000000,sz.300755,41.2700,41.3600,40.5700,40.7100,386100,15844513.0000,3
2021-07-01,20210701140000000,sz.300755,40.7000,40.8600,40.0900,40.3600,593000,23995329.0000,3
2021-07-01,20210701150000000,sz.300755,40.4000,40.4000,39.8500,39.8600,676070,27086549.2000,3
2021-07-02,20210702103000000,sz.300755,40.1500,40.7900,39.2200,39.5600,1224559,49043171.3300,3
2021-07-02,20210702113000000,sz.300755,39.6000,39.8500,39.3700,39.4900,403000,15968063.0000,3
2021-07-02,20210702140000000,sz.300755,39.4600,39.6600,39.0000,39.1900,1198600,47050341.6200,3
2021-07-02,20210702150000000,sz.300755,39.1900,39.2400,38.6900,39.1800,1035200,40369049.0000,3
2021-07-05,20210705103000000,sz.300755,39.7500,41.2500,38.5800,41.2500,1820242,72959012.8700,3
2021-07-05,20210705113000000,sz.300755,41.2800,41.6500,40.9000,41.0500,931002,38341505.4000,3
2021-07-05,20210705140000000,sz.300755,41.1100,41.1100,40.5300,41.0000,506200,20641468.0000,3
2021-07-05,20210705150000000,sz.300755,41.0000,41.0000,40.4800,40.8000,709714,28901250.0100,3
2021-07-06,20210706103000000,sz.300755,40.2200,40.7000,39.2000,39.5900,1435380,57046328.8000,3
2021-07-06,20210706113000000,sz.300755,39.5400,39.5400,38.0600,38.7200,1332480,51542800.2000,3
2021-07-06,20210706140000000,sz.300755,38.6700,39.1800,38.3000,38.4300,488000,18884060.0000,3
2021-07-06,20210706150000000,sz.300755,38.4000,39.1100,38.2400,38.9300,615351,23789817.8100,3
2021-07-07,20210707103000000,sz.300755,39.9800,39.9800,38.6600,38.7700,1421900,55829714.5600,3
2021-07-07,20210707113000000,sz.300755,38.8200,39.0900,38.6100,38.7300,663600,25716937.0000,3
2021-07-07,20210707140000000,sz.300755,38.7200,39.1200,38.1700,38.6000,1287300,49552235.0000,3
2021-07-07,20210707150000000,sz.300755,38.6900,38.8100,38.3400,38.7500,1138490,43923694.3000,3
2021-07-08,20210708103000000,sz.300755,38.7600,38.8200,37.7500,38.7000,1837055,70212400.1100,3
2021-07-08,20210708113000000,sz.300755,38.6800,38.7600,37.9800,38.3000,560090,21475631.5000,3
2021-07-08,20210708140000000,sz.300755,38.3100,38.4500,37.8500,37.9200,445500,16994091.0000,3
2021-07-08,20210708150000000,sz.300755,37.9500,38.1300,37.6200,37.7200,1066900,40342726.0000,3
2021-07-09,20210709103000000,sz.300755,38.2700,38.8800,36.8300,37.5600,2161011,81498677.4100,3
2021-07-09,20210709113000000,sz.300755,37.5300,38.2900,37.3400,37.4300,1020300,38604704.0000,3
2021-07-09,20210709140000000,sz.300755,37.4500,37.7300,37.3300,37.6400,686375,25758352.3500,3
2021-07-09,20210709150000000,sz.300755,37.6400,37.8900,37.4400,37.6900,1231931,46431441.8700,3
2021-07-12,20210712103000000,sz.300755,37.4900,38.3000,37.2700,38.0000,1324784,50093640.3600,3
2021-07-12,20210712113000000,sz.300755,38.0000,38.1500,37.7100,37.9600,525457,19933757.7400,3
2021-07-12,20210712140000000,sz.300755,37.9500,37.9500,37.6000,37.7000,719500,27155396.0000,3
2021-07-12,20210712150000000,sz.300755,37.6900,37.9700,37.6500,37.7300,664679,25089217.0700,3
2021-07-13,20210713103000000,sz.300755,37.5500,39.4800,37.5500,38.3100,2196419,85263009.9700,3
2021-07-13,20210713113000000,sz.300755,38.2800,38.6600,38.0700,38.2900,632600,24252598.8000,3
2021-07-13,20210713140000000,sz.300755,38.3500,38.9600,38.1300,38.9200,720000,27710461.6000,3
2021-07-13,20210713150000000,sz.300755,38.9400,39.3600,38.7700,39.2600,1086680,42480105.0000,3
2021-07-14,20210714103000000,sz.300755,38.5000,39.2000,38.0500,38.9400,1458400,56342747.7300,3
2021-07-14,20210714113000000,sz.300755,38.9200,39.6800,38.8000,39.6000,670000,26259678.0000,3
2021-07-14,20210714140000000,sz.300755,39.5900,39.5900,39.0800,39.1700,548693,21575156.3400,3
2021-07-14,20210714150000000,sz.300755,39.1300,39.3200,38.8600,38.9800,671300,26240564.0000,3
2021-07-15,20210715103000000,sz.300755,39.2500,39.4900,38.4500,38.5400,1085920,42232426.0000,3
2021-07-15,20210715113000000,sz.300755,38.5400,39.3400,38.2500,39.1200,695500,26997365.0000,3
2021-07-15,20210715140000000,sz.300755,39.1200,39.3800,38.7000,38.9500,551700,21497680.0000,3
2021-07-15,20210715150000000,sz.300755,38.9500,39.0700,38.5700,38.6900,526674,20416102.0000,3
2021-07-16,20210716103000000,sz.300755,38.3800,38.6800,37.2200,37.4800,1556700,58554089.9000,3
2021-07-16,20210716113000000,sz.300755,37.5300,38.1700,37.2700,38.1700,519300,19496661.0000,3
2021-07-16,20210716140000000,sz.300755,38.1500,38.1500,37.3500,37.4000,412786,15509365.6000,3
2021-07-16,20210716150000000,sz.300755,37.4200,37.5500,37.2300,37.3400,595200,22247364.0000,3
2021-07-19,20210719103000000,sz.300755,37.2200,37.6000,36.9000,37.3300,1047655,38967756.7500,3
2021-07-19,20210719113000000,sz.300755,37.3200,37.3800,36.9200,37.0400,499700,18537489.0000,3
2021-07-19,20210719140000000,sz.300755,37.0400,37.3400,36.6900,36.6900,739560,27309381.7400,3
2021-07-19,20210719150000000,sz.300755,36.6900,37.1000,36.6900,36.9200,828553,30568864.7800,3
2021-07-20,20210720103000000,sz.300755,36.8600,37.0500,36.3600,36.7900,792380,29083870.4000,3
2021-07-20,20210720113000000,sz.300755,36.7900,37.7900,36.7900,37.6400,890700,33363777.0000,3
2021-07-20,20210720140000000,sz.300755,37.6400,38.2500,37.6400,38.0500,828100,31445351.4000,3
2021-07-20,20210720150000000,sz.300755,37.9800,38.1000,37.7200,37.8800,544087,20637070.1700,3
2021-07-21,20210721103000000,sz.300755,37.6500,39.1500,37.4800,38.7100,1784900,68650915.0000,3
2021-07-21,20210721113000000,sz.300755,38.7100,38.9800,37.9400,38.0400,423300,16271040.4000,3
2021-07-21,20210721140000000,sz.300755,38.0500,38.2400,37.7300,37.8800,426273,16145695.9000,3
2021-07-21,20210721150000000,sz.300755,37.8800,38.2200,37.8300,38.0100,478806,18179658.7100,3
2021-07-22,20210722103000000,sz.300755,38.0900,38.4800,37.5200,38.1000,653800,24682496.0000,3
2021-07-22,20210722113000000,sz.300755,38.0200,38.1500,37.3200,37.4200,444300,16710871.0000,3
2021-07-22,20210722140000000,sz.300755,37.4600,37.7700,37.2400,37.3300,395400,14794416.0000,3
2021-07-22,20210722150000000,sz.300755,37.3300,37.3300,37.0000,37.0900,625735,23236370.0000,3
2021-07-23,20210723103000000,sz.300755,37.1700,37.3800,36.0000,36.0500,899820,32757763.2000,3
2021-07-23,20210723113000000,sz.300755,36.0700,36.3000,35.7400,35.8400,487800,17562832.0000,3
2021-07-23,20210723140000000,sz.300755,35.8100,35.8800,35.5000,35.6500,553600,19750590.0000,3
2021-07-23,20210723150000000,sz.300755,35.6500,35.7600,35.4000,35.6000,665371,23684529.8300,3
2021-07-26,20210726103000000,sz.300755,35.9000,35.9400,34.5800,34.8800,1091931,38177228.6900,3
2021-07-26,20210726113000000,sz.300755,34.9700,34.9700,34.3000,34.5200,448425,15532895.8700,3
2021-07-26,20210726140000000,sz.300755,34.5000,34.7900,33.7000,34.6200,1135400,38749701.0000,3
2021-07-26,20210726150000000,sz.300755,34.6000,34.9600,34.4100,34.9200,570960,19809900.6000,3
2021-07-27,20210727103000000,sz.300755,34.9300,35.7600,34.3800,34.5800,1256760,43960048.2000,3
2021-07-27,20210727113000000,sz.300755,34.6000,35.1400,34.5800,34.6300,422080,14722141.4000,3
2021-07-27,20210727140000000,sz.300755,34.6400,34.7600,33.9500,34.1000,962800,32979417.0000,3
2021-07-27,20210727150000000,sz.300755,34.0800,34.1300,32.7000,33.0500,932780,31207159.8000,3
2021-07-28,20210728103000000,sz.300755,32.8100,33.7900,32.1700,32.7700,1150691,37774843.9700,3
2021-07-28,20210728113000000,sz.300755,32.7300,33.3100,32.6000,32.7400,352600,11598729.0000,3
2021-07-28,20210728140000000,sz.300755,32.6500,33.0000,32.4300,33.0000,255898,8346309.8800,3
2021-07-28,20210728150000000,sz.300755,32.9400,33.2600,32.7700,33.1000,490200,16189847.0000,3
2021-07-29,20210729103000000,sz.300755,33.4000,33.9500,32.9100,33.1300,915500,30591261.4000,3
2021-07-29,20210729113000000,sz.300755,33.1300,33.3800,32.9400,33.0600,261850,8676980.6000,3
2021-07-29,20210729140000000,sz.300755,33.1400,33.3000,32.8000,32.9600,432939,14314513.8300,3
2021-07-29,20210729150000000,sz.300755,32.9600,33.1000,32.8300,33.0000,778920,25639693.6000,3
2021-07-30,20210730103000000,sz.300755,32.8900,33.9400,32.7900,33.4400,1260240,42115456.6000,3
2021-07-30,20210730113000000,sz.300755,33.4100,34.1000,33.2400,33.8400,606920,20479634.6000,3
2021-07-30,20210730140000000,sz.300755,33.8300,33.8400,33.2500,33.3900,319800,10702149.0000,3
2021-07-30,20210730150000000,sz.300755,33.3900,33.7500,33.2200,33.3600,483720,16166482.2000,3
2021-08-02,20210802103000000,sz.300755,32.5000,34.0200,32.4200,33.8200,1356796,45348312.0400,3
2021-08-02,20210802113000000,sz.300755,33.8600,34.5100,33.6000,33.6600,799200,27255770.0000,3
2021-08-02,20210802140000000,sz.300755,33.7100,34.1000,33.7000,33.8900,585680,19851071.0000,3
2021-08-02,20210802150000000,sz.300755,33.9200,34.1000,33.5400,33.9000,801940,27082141.0000,3
2021-08-03,20210803103000000,sz.300755,33.6500,34.3400,33.1500,33.8400,922531,31090927.7800,3
2021-08-03,20210803113000000,sz.300755,33.8400,34.3000,33.4600,33.8800,605171,20472300.1800,3
2021-08-03,20210803140000000,sz.300755,33.8500,33.8800,33.6400,33.8500,315100,10633026.2700,3
2021-08-03,20210803150000000,sz.300755,33.8100,33.9800,33.5100,33.5900,565100,19046624.0000,3
2021-08-04,20210804103000000,sz.300755,33.5900,33.9000,33.0200,33.4500,821972,27476241.6000,3
2021-08-04,20210804113000000,sz.300755,33.4500,33.7700,33.2800,33.6600,368200,12353601.6300,3
2021-08-04,20210804140000000,sz.300755,33.6200,33.6900,33.2000,33.2900,500800,16703505.0000,3
2021-08-04,20210804150000000,sz.300755,33.2800,33.6300,33.2300,33.3500,528880,17675393.6500,3
2021-08-05,20210805103000000,sz.300755,32.2600,33.3900,32.2000,32.8600,1081221,35445134.7000,3
2021-08-05,20210805113000000,sz.300755,32.8600,33.3000,32.7400,33.1300,297626,9839179.6400,3
2021-08-05,20210805140000000,sz.300755,33.1500,33.2200,32.5500,32.6700,359600,11776544.0000,3
2021-08-05,20210805150000000,sz.300755,32.6800,32.8600,32.4400,32.7000,501800,16376956.0000,3
2021-08-06,20210806103000000,sz.300755,32.1700,32.8600,32.0300,32.1400,903361,29249083.0000,3
2021-08-06,20210806113000000,sz.300755,32.1700,32.3900,31.5700,31.8200,924200,29447694.0000,3
2021-08-06,20210806140000000,sz.300755,31.8200,31.8800,31.5100,31.6800,603900,19144146.0000,3
2021-08-06,20210806150000000,sz.300755,31.6800,32.1500,31.6000,32.0000,678680,21635882.0000,3
2021-08-09,20210809103000000,sz.300755,32.0000,33.1500,31.5500,32.5100,1372900,44640201.0000,3
2021-08-09,20210809113000000,sz.300755,32.5100,33.3300,32.3600,32.6700,1390600,45669074.0000,3
2021-08-09,20210809140000000,sz.300755,32.7600,32.9900,32.2100,32.2500,775500,25253757.0000,3
2021-08-09,20210809150000000,sz.300755,32.2100,32.8600,32.1700,32.6100,1036182,33587607.0000,3
2021-08-10,20210810103000000,sz.300755,32.6100,32.9600,31.8000,31.9600,1694880,54497106.0000,3
2021-08-10,20210810113000000,sz.300755,31.9600,32.8600,31.9100,32.7300,920835,29727909.0000,3
2021-08-10,20210810140000000,sz.300755,32.7800,34.6100,32.6500,34.4600,2443067,82387439.0000,3
2021-08-10,20210810150000000,sz.300755,34.4600,34.4600,33.7200,34.0000,1359860,46315624.0000,3
2021-08-11,20210811103000000,sz.300755,34.0000,34.0400,32.5100,32.9400,2606242,86069772.0000,3
2021-08-11,20210811113000000,sz.300755,32.9400,32.9400,32.5900,32.5900,1030420,33737879.0000,3
2021-08-11,20210811140000000,sz.300755,32.6000,32.6500,32.2200,32.3500,1157000,37528046.0000,3
2021-08-11,20210811150000000,sz.300755,32.3500,32.4400,32.0500,32.3800,1199600,38724568.0000,3
2021-08-12,20210812103000000,sz.300755,32.2400,32.7600,31.9600,31.9900,1494980,48314763.0000,3
2021-08-12,20210812113000000,sz.300755,31.9700,32.0600,31.3100,31.4400,1296700,41034233.0000,3
2021-08-12,20210812140000000,sz.300755,31.4500,31.4800,31.1700,31.3300,833400,26066368.0000,3
2021-08-12,20210812150000000,sz.300755,31.3300,31.4200,30.9800,31.1900,1456500,45384214.0000,3
2021-08-13,20210813103000000,sz.300755,31.1400,31.3800,30.5500,31.2800,1941700,60036806.0000,3
2021-08-13,20210813113000000,sz.300755,31.2500,31.2800,30.7000,30.7200,757460,23391585.0000,3
2021-08-13,20210813140000000,sz.300755,30.7200,30.7700,30.1900,30.2400,939620,28629242.0000,3
2021-08-13,20210813150000000,sz.300755,30.2400,30.4900,30.1500,30.3000,1221572,36981734.0000,3
2021-08-16,20210816103000000,sz.300755,30.4500,30.8800,30.1100,30.3900,1623900,49376219.0000,3
2021-08-16,20210816113000000,sz.300755,30.4300,30.7000,30.2000,30.5200,1046200,31838349.0000,3
2021-08-16,20210816140000000,sz.300755,30.5700,30.7500,30.0000,30.1100,835400,25285930.0000,3
2021-08-16,20210816150000000,sz.300755,30.1100,30.1400,29.7300,29.9100,1315199,39334413.0000,3
2021-08-17,20210817103000000,sz.300755,30.0000,30.4500,29.4800,29.6000,1441930,43233856.0000,3
2021-08-17,20210817113000000,sz.300755,29.5800,29.6900,29.2800,29.4700,849900,25063932.0000,3
2021-08-17,20210817140000000,sz.300755,29.4900,29.4900,28.9200,29.0200,1207800,35144745.0000,3
2021-08-17,20210817150000000,sz.300755,29.0200,29.2000,28.6800,28.7800,1291784,37311101.0000,3
2021-08-18,20210818103000000,sz.300755,28.9900,29.3600,28.3900,28.5200,1832500,52905238.0000,3
2021-08-18,20210818113000000,sz.300755,28.5400,28.7700,28.3300,28.6400,845860,24119187.0000,3
2021-08-18,20210818140000000,sz.300755,28.6600,28.9400,28.5300,28.6000,611600,17576173.0000,3
2021-08-18,20210818150000000,sz.300755,28.6100,28.7600,28.5300,28.6800,673131,19268297.0000,3
2021-08-19,20210819103000000,sz.300755,29.0400,29.3600,28.8100,29.0900,1536534,44760883.0000,3
2021-08-19,20210819113000000,sz.300755,29.0900,29.2200,28.5000,28.8300,995250,28675369.0000,3
2021-08-19,20210819140000000,sz.300755,28.8700,29.1400,28.8400,29.0100,653300,18954339.0000,3
2021-08-19,20210819150000000,sz.300755,29.0100,29.1700,28.9400,29.0600,599400,17408667.0000,3
2021-08-20,20210820103000000,sz.300755,28.7300,28.9900,28.3600,28.4800,1342200,38391524.0000,3
2021-08-20,20210820113000000,sz.300755,28.4800,28.4900,28.0900,28.0900,840300,23759267.0000,3
2021-08-20,20210820140000000,sz.300755,28.1000,28.2500,27.9100,28.0500,778547,21828514.0000,3
2021-08-20,20210820150000000,sz.300755,28.0500,28.5000,28.0500,28.4400,781080,22092758.0000,3
2021-08-23,20210823103000000,sz.300755,28.5200,29.3800,28.4400,29.2300,1444800,41933053.0000,3
2021-08-23,20210823113000000,sz.300755,29.2300,29.2800,28.8400,28.8600,764871,22180638.0000,3
2021-08-23,20210823140000000,sz.300755,28.8700,29.1000,28.8400,28.9900,761820,22080303.0000,3
2021-08-23,20210823150000000,sz.300755,28.9900,29.1100,28.9000,28.9700,723400,20968921.0000,3
2021-08-24,20210824103000000,sz.300755,29.2000,29.2000,28.6300,29.0400,1057905,30526501.0000,3
2021-08-24,20210824113000000,sz.300755,29.0400,29.4000,28.8900,29.3900,949400,27669118.0000,3
2021-08-24,20210824140000000,sz.300755,29.3900,29.4800,29.0300,29.2200,807200,23605660.0000,3
2021-08-24,20210824150000000,sz.300755,29.2200,29.2900,29.0800,29.1200,611133,17819304.0000,3
2021-08-25,20210825103000000,sz.300755,29.0000,30.5000,29.0000,30.2900,2981618,89690242.0000,3
2021-08-25,20210825113000000,sz.300755,30.2900,30.3000,29.3100,29.4700,1340025,39870264.0000,3
2021-08-25,20210825140000000,sz.300755,29.4800,29.6000,29.3500,29.4600,687600,20250819.0000,3
2021-08-25,20210825150000000,sz.300755,29.4600,29.5600,29.3800,29.4600,691040,20357225.0000,3
2021-08-26,20210826103000000,sz.300755,29.4000,30.0000,29.1200,29.7300,1650633,48762412.0000,3
2021-08-26,20210826113000000,sz.300755,29.7300,29.8400,29.5000,29.8400,677900,20091338.0000,3
2021-08-26,20210826140000000,sz.300755,29.8200,29.8200,29.3700,29.5600,531760,15691246.0000,3
2021-08-26,20210826150000000,sz.300755,29.5700,29.6000,29.2300,29.4800,853980,25160615.0000,3
2021-08-27,20210827103000000,sz.300755,29.9700,30.6600,29.0300,29.2400,3456060,103439695.0000,3
2021-08-27,20210827113000000,sz.300755,29.2400,29.2700,28.8500,29.1500,1320000,38303042.0000,3
2021-08-27,20210827140000000,sz.300755,29.1500,29.5400,28.8500,29.0300,808900,23518383.0000,3
2021-08-27,20210827150000000,sz.300755,29.0300,29.1500,28.8800,29.0500,951660,27563989.0000,3
2021-08-30,20210830103000000,sz.300755,29.2200,30.4900,28.8100,29.9000,4424190,131606526.0000,3
2021-08-30,20210830113000000,sz.300755,29.9000,29.9300,29.2300,29.4600,1225200,36110899.0000,3
2021-08-30,20210830140000000,sz.300755,29.4600,29.7200,29.1200,29.3000,1412300,41532393.0000,3
2021-08-30,20210830150000000,sz.300755,29.3000,29.5000,29.2100,29.4600,1147554,33651898.0000,3
2021-08-31,20210831103000000,sz.300755,29.3400,29.7900,28.9000,28.9300,2459669,72017990.0000,3
2021-08-31,20210831113000000,sz.300755,28.9100,29.0100,28.5600,28.7000,1304720,37549722.0000,3
2021-08-31,20210831140000000,sz.300755,28.7000,29.0800,28.6300,29.0300,836434,24071202.0000,3
2021-08-31,20210831150000000,sz.300755,29.0800,29.1000,28.8300,28.9900,1153288,33384750.0000,3
2021-09-01,20210901103000000,sz.300755,29.1600,29.1600,28.1800,28.9500,2336218,66734763.0000,3
2021-09-01,20210901113000000,sz.300755,28.9400,29.8100,28.7900,29.8100,1980600,57968546.0000,3
2021-09-01,20210901140000000,sz.300755,29.8600,30.0500,29.5300,30.0000,2056439,61287053.0000,3
2021-09-01,20210901150000000,sz.300755,29.9900,30.3700,29.8200,30.0400,2548486,76666645.0000,3
2021-09-02,20210902103000000,sz.300755,30.0000,30.0900,28.8600,29.0600,3504901,102714902.0000,3
2021-09-02,20210902113000000,sz.300755,29.0700,29.2900,28.9800,29.2800,1397118,40728307.0000,3
2021-09-02,20210902140000000,sz.300755,29.2900,29.2900,29.0500,29.1100,1095568,31936703.0000,3
2021-09-02,20210902150000000,sz.300755,29.1100,29.2200,29.0900,29.1100,1239889,36132774.0000,3
2021-09-03,20210903103000000,sz.300755,28.9500,29.5800,28.6000,29.2900,1986581,57684695.0000,3
2021-09-03,20210903113000000,sz.300755,29.3000,29.4800,29.0200,29.0300,859720,25134456.0000,3
2021-09-03,20210903140000000,sz.300755,29.0400,29.2100,29.0100,29.1600,477841,13907848.0000,3
2021-09-03,20210903150000000,sz.300755,29.1600,29.1900,28.9200,29.0500,848200,24624642.0000,3
2021-09-06,20210906103000000,sz.300755,28.8000,29.9600,28.7000,29.6200,2515181,73932834.0000,3
2021-09-06,20210906113000000,sz.300755,29.6000,31.6200,29.5100,31.2600,3514620,107181585.0000,3
2021-09-06,20210906140000000,sz.300755,31.3200,32.9500,31.3100,32.7200,3831250,122847165.0000,3
2021-09-06,20210906150000000,sz.300755,32.6500,34.1000,32.4200,32.8000,4771091,157866208.0000,3
2021-09-07,20210907103000000,sz.300755,32.4000,34.5500,32.2100,32.9300,8901726,296867872.0000,3
2021-09-07,20210907113000000,sz.300755,32.9300,33.1800,32.6700,32.9700,2435300,80002784.0000,3
2021-09-07,20210907140000000,sz.300755,32.9900,33.0300,32.7400,32.8100,1916800,62940480.0000,3
2021-09-07,20210907150000000,sz.300755,32.8000,32.9500,32.7400,32.8800,2062038,67672560.0000,3
2021-09-08,20210908103000000,sz.300755,33.0200,33.0900,31.8000,32.0000,4868828,157365586.0000,3
2021-09-08,20210908113000000,sz.300755,32.0000,32.2800,31.5700,31.6500,1909546,60810633.0000,3
2021-09-08,20210908140000000,sz.300755,31.6500,31.9100,31.3600,31.9100,2215983,70025685.0000,3
2021-09-08,20210908150000000,sz.300755,31.9100,32.1400,31.8100,31.9000,1941741,62047904.0000,3
2021-09-09,20210909103000000,sz.300755,31.8400,32.7300,31.7500,31.9400,3603795,115898180.0000,3
2021-09-09,20210909113000000,sz.300755,31.9300,32.1600,31.7100,31.7700,1510020,48222623.0000,3
2021-09-09,20210909140000000,sz.300755,31.7700,32.4600,31.7100,32.3000,2194080,70367288.0000,3
2021-09-09,20210909150000000,sz.300755,32.3000,32.4100,32.0700,32.3500,1741051,56163221.0000,3
2021-09-10,20210910103000000,sz.300755,32.3200,32.3400,31.5300,31.9800,3799600,121066297.0000,3
2021-09-10,20210910113000000,sz.300755,31.9700,32.0500,31.0800,31.4900,2507700,78959376.0000,3
2021-09-10,20210910140000000,sz.300755,31.4900,31.7000,31.3000,31.4200,1056631,33264515.0000,3
2021-09-10,20210910150000000,sz.300755,31.4200,31.6600,31.3700,31.4200,1050059,33110385.0000,3
2021-09-13,20210913103000000,sz.300755,31.3000,31.7800,30.7500,30.8500,2702110,84378140.0000,3
2021-09-13,20210913113000000,sz.300755,30.8500,30.9300,30.1800,30.2300,2357000,72028157.0000,3
2021-09-13,20210913140000000,sz.300755,30.2500,30.2500,29.8600,30.1100,2512171,75412319.0000,3
2021-09-13,20210913150000000,sz.300755,30.1300,30.1300,29.9000,29.9700,1695821,50897928.0000,3
2021-09-14,20210914103000000,sz.300755,29.9800,31.2900,29.9100,30.4600,3990500,122170675.0000,3
2021-09-14,20210914113000000,sz.300755,30.4500,30.7200,30.0600,30.1700,1208000,36741427.0000,3
2021-09-14,20210914140000000,sz.300755,30.2200,30.2400,29.8300,30.1300,1315974,39572566.0000,3
2021-09-14,20210914150000000,sz.300755,30.1300,30.2000,30.0400,30.1500,1586062,47754346.0000,3
2021-09-15,20210915103000000,sz.300755,30.0000,30.4000,29.6100,29.8800,2984139,89394233.0000,3
2021-09-15,20210915113000000,sz.300755,29.8900,29.9300,29.2900,29.3700,1532340,45279156.0000,3
2021-09-15,20210915140000000,sz.300755,29.3500,29.4700,29.0600,29.1100,1538491,44931548.0000,3
2021-09-15,20210915150000000,sz.300755,29.1100,29.5100,29.1000,29.4700,1022855,29984986.0000,3
2021-09-16,20210916103000000,sz.300755,29.2000,29.6300,29.0500,29.2500,2002760,58722464.0000,3
2021-09-16,20210916113000000,sz.300755,29.2600,30.3700,29.2600,29.8500,2792740,83804937.0000,3
2021-09-16,20210916140000000,sz.300755,29.8900,29.9700,29.7000,29.7200,824440,24578608.0000,3
2021-09-16,20210916150000000,sz.300755,29.7200,29.9100,29.6000,29.6700,1076606,32020900.0000,3
2021-09-17,20210917103000000,sz.300755,29.9900,29.9900,28.8800,29.0200,2314295,67507107.0000,3
2021-09-17,20210917113000000,sz.300755,29.0200,31.6000,29.0000,31.2000,4156635,127416659.0000,3
2021-09-17,20210917140000000,sz.300755,31.1700,32.1000,30.8200,31.7000,3710905,117148266.0000,3
2021-09-17,20210917150000000,sz.300755,31.6900,32.0500,31.5300,31.6700,2370445,75234096.0000,3
2021-09-22,20210922103000000,sz.300755,30.8000,30.8000,29.3500,29.5900,5297200,158290093.0000,3
2021-09-22,20210922113000000,sz.300755,29.5800,29.6000,29.2900,29.4800,1530500,45107342.0000,3
2021-09-22,20210922140000000,sz.300755,29.4900,29.6000,29.3700,29.4400,1230800,36255520.0000,3
2021-09-22,20210922150000000,sz.300755,29.4400,29.6400,29.3600,29.4500,1767301,52076869.0000,3
2021-09-23,20210923103000000,sz.300755,29.6500,31.7000,29.2700,31.5900,6014833,182922348.0000,3
2021-09-23,20210923113000000,sz.300755,31.5900,31.8800,30.6100,30.9800,3086317,96280772.0000,3
2021-09-23,20210923140000000,sz.300755,30.9900,31.0600,30.7000,30.8000,892113,27540256.0000,3
2021-09-23,20210923150000000,sz.300755,30.8000,31.0300,30.6400,30.8400,1625400,50190880.0000,3
2021-09-24,20210924103000000,sz.300755,30.5700,32.3200,30.5000,31.6500,5432183,170063686.0000,3
2021-09-24,20210924113000000,sz.300755,31.6500,31.9600,31.1400,31.4300,2074874,65655352.0000,3
2021-09-24,20210924140000000,sz.300755,31.5000,31.5100,31.0500,31.0800,1269475,39632866.0000,3
2021-09-24,20210924150000000,sz.300755,31.0900,31.4000,30.9800,31.2600,1708760,53289296.0000,3
2021-09-27,20210927103000000,sz.300755,31.6000,34.4500,31.6000,33.1400,9763058,320939264.0000,3
2021-09-27,20210927113000000,sz.300755,33.1400,33.6000,32.5300,32.5500,2189474,72475568.0000,3
2021-09-27,20210927140000000,sz.300755,32.5500,32.9600,32.1800,32.5200,1582157,51405632.0000,3
2021-09-27,20210927150000000,sz.300755,32.5000,32.5100,32.0100,32.3500,2402340,77426176.0000,3
2021-09-28,20210928103000000,sz.300755,31.0500,32.0500,30.5600,31.5600,6555350,204930753.0000,3
2021-09-28,20210928113000000,sz.300755,31.5200,31.6500,30.8800,31.2400,1745984,54609517.0000,3
2021-09-28,20210928140000000,sz.300755,31.2400,31.3800,30.8900,31.0900,1290913,40079794.0000,3
2021-09-28,20210928150000000,sz.300755,31.0900,31.2400,30.9600,31.2000,1688295,52525536.0000,3
2021-09-29,20210929103000000,sz.300755,30.9000,32.0900,30.8000,32.0900,3886095,121831299.0000,3
2021-09-29,20210929113000000,sz.300755,32.0800,32.5000,31.6200,31.8100,2617290,83764414.0000,3
2021-09-29,20210929140000000,sz.300755,31.8100,31.8900,31.4700,31.7100,1048517,33231159.0000,3
2021-09-29,20210929150000000,sz.300755,31.7100,32.1200,31.6000,31.9100,2188454,69595080.0000,3
2021-09-30,20210930103000000,sz.300755,31.9500,32.3500,31.2100,32.0000,4562465,144765351.0000,3
2021-09-30,20210930113000000,sz.300755,32.0000,32.4400,31.8000,32.2200,1682720,54029606.0000,3
2021-09-30,20210930140000000,sz.300755,32.2200,32.3400,31.9800,32.0500,1074300,34558671.0000,3
2021-09-30,20210930150000000,sz.300755,32.0600,32.3000,32.0400,32.2300,1991952,64169860.0000,3
2021-10-08,20211008103000000,sz.300755,32.0200,33.5000,31.6000,32.9300,5226810,170740260.0000,3
2021-10-08,20211008113000000,sz.300755,32.9300,33.9500,32.9200,33.4900,2504988,83654821.0000,3
2021-10-08,20211008140000000,sz.300755,33.5100,33.5700,33.1000,33.2200,1559345,52008983.0000,3
2021-10-08,20211008150000000,sz.300755,33.2100,33.3900,33.0500,33.3000,1829580,60803504.0000,3
2021-10-11,20211011103000000,sz.300755,34.6000,35.9900,34.0300,34.7600,9556752,334939616.0000,3
2021-10-11,20211011113000000,sz.300755,34.7600,34.7600,33.7900,34.5600,2853602,97447184.0000,3
2021-10-11,20211011140000000,sz.300755,34.6000,34.6200,33.8000,33.8400,1199211,40839120.0000,3
2021-10-11,20211011150000000,sz.300755,33.8400,34.1300,33.3600,34.1000,2290175,77230560.0000,3
2021-10-12,20211012103000000,sz.300755,37.0100,40.9200,37.0100,40.3600,26365216,1033295696.0000,3
2021-10-12,20211012113000000,sz.300755,40.3500,40.6600,39.4000,40.1000,3092112,123554784.0000,3
2021-10-12,20211012140000000,sz.300755,40.0600,40.2500,39.5000,39.9000,1530981,61057488.0000,3
2021-10-12,20211012150000000,sz.300755,39.9100,40.5900,39.8600,40.4500,2559383,103234192.0000,3
2021-10-13,20211013103000000,sz.300755,40.9000,41.6800,39.9700,41.1100,12248340,500155792.0000,3
2021-10-13,20211013113000000,sz.300755,41.1100,42.3200,40.4500,41.8700,3998300,165815984.0000,3
2021-10-13,20211013140000000,sz.300755,42.0000,42.7000,41.3500,42.0900,3153720,132207632.0000,3
2021-10-13,20211013150000000,sz.300755,42.0600,42.2000,41.2200,41.8000,2629883,109743360.0000,3
2021-10-14,20211014103000000,sz.300755,41.6000,43.2000,41.5900,41.9300,9780106,414113664.0000,3
2021-10-14,20211014113000000,sz.300755,41.9300,43.5000,41.8100,43.1400,2907240,124055616.0000,3
2021-10-14,20211014140000000,sz.300755,43.1300,43.1300,42.4000,42.7900,1289800,55104656.0000,3
2021-10-14,20211014150000000,sz.300755,42.8300,43.5000,42.7900,43.0700,2685900,115958944.0000,3
2021-10-15,20211015103000000,sz.300755,43.4900,45.9000,42.0300,44.2900,8179494,361774048.0000,3
2021-10-15,20211015113000000,sz.300755,44.2800,44.2800,42.6600,43.2300,4504232,194829120.0000,3
2021-10-15,20211015140000000,sz.300755,43.1000,43.8600,42.9600,43.1900,1832700,79387216.0000,3
2021-10-15,20211015150000000,sz.300755,43.1900,44.0900,43.1000,43.4200,2713112,118109360.0000,3
2021-10-18,20211018103000000,sz.300755,42.1500,43.3200,41.6500,42.1200,8265401,350920128.0000,3
2021-10-18,20211018113000000,sz.300755,42.0800,42.7000,41.9500,42.2700,2740600,115918880.0000,3
2021-10-18,20211018140000000,sz.300755,42.1000,42.7000,41.4000,41.5500,2936271,123318656.0000,3
2021-10-18,20211018150000000,sz.300755,41.5900,42.1000,41.4000,41.9000,4274329,178575696.0000,3
2021-10-19,20211019103000000,sz.300755,42.0000,43.3000,41.1500,42.1400,5900320,249628506.0000,3
2021-10-19,20211019113000000,sz.300755,42.1200,43.0100,42.1000,42.9400,1587000,67742054.0000,3
2021-10-19,20211019140000000,sz.300755,42.9100,43.1600,42.4600,43.0200,1529100,65618432.0000,3
2021-10-19,20211019150000000,sz.300755,43.0200,43.3900,42.9600,43.1000,2693180,116169856.0000,3
2021-10-20,20211020103000000,sz.300755,42.5300,43.8000,41.4700,42.1800,4318600,182023236.0000,3
2021-10-20,20211020113000000,sz.300755,42.1800,42.7400,41.9000,42.4500,1250200,52999409.0000,3
2021-10-20,20211020140000000,sz.300755,42.4200,43.1700,42.3500,43.0000,1731100,74222155.0000,3
2021-10-20,20211020150000000,sz.300755,43.0000,43.2600,42.8700,43.1000,2450003,105520480.0000,3
2021-10-21,20211021103000000,sz.300755,43.1000,44.2800,42.4000,43.0800,2849870,122716815.0000,3
2021-10-21,20211021113000000,sz.300755,43.1100,43.4800,42.5200,42.6400,1354500,58176615.0000,3
2021-10-21,20211021140000000,sz.300755,42.6400,42.8700,42.2800,42.7800,1233798,52533604.0000,3
2021-10-21,20211021150000000,sz.300755,42.7500,43.1400,42.4800,42.8100,1455980,62481318.0000,3
2021-10-22,20211022103000000,sz.300755,42.8000,44.3800,42.0000,42.4300,5479740,236012076.0000,3
2021-10-22,20211022113000000,sz.300755,42.4400,43.2800,42.3200,43.0600,1493000,63861476.0000,3
2021-10-22,20211022140000000,sz.300755,43.1600,43.6000,42.6300,42.6800,1493770,64472016.0000,3
2021-10-22,20211022150000000,sz.300755,42.6800,43.0800,42.6100,42.8500,1659965,71162368.0000,3
2021-10-25,20211025103000000,sz.300755,42.4800,42.9800,41.2800,41.5500,4573551,191828949.0000,3
2021-10-25,20211025113000000,sz.300755,41.5400,41.8900,41.3000,41.8600,1464807,60947838.0000,3
2021-10-25,20211025140000000,sz.300755,41.8500,42.3300,41.5900,42.2200,1498300,62948397.0000,3
2021-10-25,20211025150000000,sz.300755,42.2200,42.5100,42.0600,42.2000,1902900,80390736.0000,3
2021-10-26,20211026103000000,sz.300755,41.9800,42.4000,41.3800,41.5100,2953740,123662058.0000,3
2021-10-26,20211026113000000,sz.300755,41.5500,42.0900,41.2000,41.8100,1665920,69379122.0000,3
2021-10-26,20211026140000000,sz.300755,41.8100,41.9600,41.5000,41.5100,1366985,57020267.0000,3
2021-10-26,20211026150000000,sz.300755,41.5100,41.7500,41.3800,41.4800,1757200,73045113.0000,3
2021-10-27,20211027103000000,sz.300755,41.0200,41.5200,39.7400,40.0600,4467280,180626402.0000,3
2021-10-27,20211027113000000,sz.300755,40.0800,40.5500,39.9800,40.3500,1243000,50039780.0000,3
2021-10-27,20211027140000000,sz.300755,40.3500,40.8400,40.2300,40.4500,1592220,64511082.0000,3
2021-10-27,20211027150000000,sz.300755,40.4400,40.6100,40.2100,40.5700,1552700,62776176.0000,3
2021-10-28,20211028103000000,sz.300755,39.6700,40.5600,39.3100,39.4100,2930380,116720431.0000,3
2021-10-28,20211028113000000,sz.300755,39.4100,39.7400,39.0800,39.6500,1785400,70392807.0000,3
2021-10-28,20211028140000000,sz.300755,39.7100,39.7700,38.9300,39.0800,1742851,68497924.0000,3
2021-10-28,20211028150000000,sz.300755,39.0900,39.1400,38.8000,39.0700,2234914,87094918.0000,3
2021-10-29,20211029103000000,sz.300755,39.2300,40.6000,38.6800,39.3800,3889138,154714464.0000,3
2021-10-29,20211029113000000,sz.300755,39.3500,39.8100,39.2200,39.7000,1076924,42579867.0000,3
2021-10-29,20211029140000000,sz.300755,39.7400,39.8100,39.3000,39.4000,1256800,49619647.0000,3
2021-10-29,20211029150000000,sz.300755,39.3600,39.4700,39.1600,39.3000,1308586,51441222.0000,3
2021-11-01,20211101103000000,sz.300755,39.4300,41.2900,38.2000,40.5700,5786600,232022820.0000,3
2021-11-01,20211101113000000,sz.300755,40.5700,40.9700,40.0100,40.0900,1392751,56386172.0000,3
2021-11-01,20211101140000000,sz.300755,40.1500,40.3800,39.6100,40.2200,2160300,86385328.0000,3
2021-11-01,20211101150000000,sz.300755,40.2300,40.6400,40.0700,40.3100,1651700,66585520.0000,3
2021-11-02,20211102103000000,sz.300755,39.8300,40.6800,39.4200,39.7600,2725700,108724260.0000,3
2021-11-02,20211102113000000,sz.300755,39.7600,40.5300,39.6000,40.0500,1442751,57858168.0000,3
2021-11-02,20211102140000000,sz.300755,40.0200,40.0200,38.9000,38.9600,1807500,71047490.0000,3
2021-11-02,20211102150000000,sz.300755,38.9700,39.3000,38.8800,39.1700,1829000,71456226.0000,3
2021-11-03,20211103103000000,sz.300755,39.6000,39.6000,38.5000,39.0100,1957700,76451394.0000,3
2021-11-03,20211103113000000,sz.300755,39.0000,39.0000,38.4000,38.7600,1196800,46317165.0000,3
2021-11-03,20211103140000000,sz.300755,38.7100,38.9300,38.1000,38.2100,1302500,50003981.0000,3
2021-11-03,20211103150000000,sz.300755,38.2100,39.0100,38.2100,38.7700,1532400,59262146.0000,3
2021-11-04,20211104103000000,sz.300755,38.6600,40.3500,38.5000,40.3500,3057500,120718004.0000,3
2021-11-04,20211104113000000,sz.300755,40.3600,41.2400,39.9500,40.8500,3369600,136692474.0000,3
2021-11-04,20211104140000000,sz.300755,40.9000,41.7500,40.4800,41.3800,2607660,107189938.0000,3
2021-11-04,20211104150000000,sz.300755,41.3800,41.6300,40.9100,41.2100,1842470,76136944.0000,3
2021-11-05,20211105103000000,sz.300755,40.8900,41.9800,40.3700,41.9000,3551531,145892595.0000,3
2021-11-05,20211105113000000,sz.300755,41.9000,42.9500,41.6500,42.3800,2550020,107957040.0000,3
2021-11-05,20211105140000000,sz.300755,42.3900,42.6800,42.1000,42.6200,1448980,61433037.0000,3
2021-11-05,20211105150000000,sz.300755,42.5600,42.9800,42.3500,42.8600,2388560,102027664.0000,3
2021-11-08,20211108103000000,sz.300755,42.4000,42.8200,41.5000,42.5300,3177200,133698999.0000,3
2021-11-08,20211108113000000,sz.300755,42.4500,42.9500,42.1500,42.7200,1253860,53398894.0000,3
2021-11-08,20211108140000000,sz.300755,42.6600,43.1600,42.4900,42.9800,1352500,58051762.0000,3
2021-11-08,20211108150000000,sz.300755,42.9700,43.0800,42.5000,42.6900,1018535,43533593.0000,3
2021-11-09,20211109103000000,sz.300755,42.3100,42.9900,42.1000,42.7300,1514012,64315207.0000,3
2021-11-09,20211109113000000,sz.300755,42.7400,43.7500,42.4100,43.3400,2103875,90851617.0000,3
2021-11-09,20211109140000000,sz.300755,43.1600,43.6700,43.0100,43.3100,998000,43222458.0000,3
2021-11-09,20211109150000000,sz.300755,43.3100,43.5000,42.8300,43.0000,975545,42024362.0000,3
2021-11-10,20211110103000000,sz.300755,42.3900,43.3000,42.2800,42.3300,1796735,76740754.0000,3
2021-11-10,20211110113000000,sz.300755,42.3400,42.5800,41.9000,42.4500,1151777,48616050.0000,3
2021-11-10,20211110140000000,sz.300755,42.4500,42.5700,42.1300,42.3500,652862,27627363.0000,3
2021-11-10,20211110150000000,sz.300755,42.2900,42.8400,42.1800,42.5900,1108015,47125072.0000,3
2021-11-11,20211111103000000,sz.300755,42.4000,43.7400,42.1100,43.1700,2057152,88456646.0000,3
2021-11-11,20211111113000000,sz.300755,43.1600,43.8300,42.9000,43.4900,1049710,45624535.0000,3
2021-11-11,20211111140000000,sz.300755,43.6000,43.9000,43.3900,43.7500,873980,38153732.0000,3
2021-11-11,20211111150000000,sz.300755,43.7500,44.4400,43.4300,44.3100,2394567,105589327.0000,3
2021-11-12,20211112103000000,sz.300755,44.0700,44.4100,43.6000,43.7100,1797099,78861666.0000,3
2021-11-12,20211112113000000,sz.300755,43.7400,44.0500,43.3800,43.7700,772900,33751009.0000,3
2021-11-12,20211112140000000,sz.300755,43.6800,43.8500,43.3400,43.6000,911000,39691549.0000,3
2021-11-12,20211112150000000,sz.300755,43.6500,43.7200,43.1800,43.3000,1004971,43700898.0000,3
2021-11-15,20211115103000000,sz.300755,43.6600,44.1800,42.8100,43.7900,1826600,79467770.0000,3
2021-11-15,20211115113000000,sz.300755,43.7900,44.2100,43.6600,43.9000,835140,36678966.0000,3
2021-11-15,20211115140000000,sz.300755,43.9000,44.4900,43.9000,44.1400,761900,33678328.0000,3
2021-11-15,20211115150000000,sz.300755,44.1400,44.2800,43.7500,43.9000,690400,30402320.0000,3
2021-11-16,20211116103000000,sz.300755,43.6100,47.4900,43.6100,47.3700,3567971,165283293.0000,3
2021-11-16,20211116113000000,sz.300755,47.3900,48.2200,46.8200,47.6200,1543313,73330483.0000,3
2021-11-16,20211116140000000,sz.300755,47.7000,47.7000,47.0000,47.4400,981100,46459056.0000,3
2021-11-16,20211116150000000,sz.300755,47.4500,47.5500,46.8400,46.9200,1365754,64231088.0000,3
2021-11-17,20211117103000000,sz.300755,46.6100,47.0700,45.5800,46.6400,2438803,112745590.0000,3
2021-11-17,20211117113000000,sz.300755,46.6400,46.6700,46.1500,46.1500,710840,32929607.0000,3
2021-11-17,20211117140000000,sz.300755,46.1700,46.2100,45.5100,45.7600,1126511,51643677.0000,3
2021-11-17,20211117150000000,sz.300755,45.7700,46.0600,45.6000,45.9100,1350788,61888805.0000,3
2021-11-18,20211118103000000,sz.300755,45.6100,46.0000,44.5200,45.2600,1679268,75827248.0000,3
2021-11-18,20211118113000000,sz.300755,45.2500,45.5800,44.7200,45.0800,684400,30882756.0000,3
2021-11-18,20211118140000000,sz.300755,45.0800,45.3200,44.8900,45.0100,496228,22380312.0000,3
2021-11-18,20211118150000000,sz.300755,45.0000,45.1600,44.8800,45.0600,839662,37796571.0000,3
2021-11-19,20211119103000000,sz.300755,45.5500,46.2100,44.5000,44.8000,1842236,83616595.0000,3
2021-11-19,20211119113000000,sz.300755,44.8000,45.2800,44.6800,45.0700,423813,19073458.0000,3
2021-11-19,20211119140000000,sz.300755,45.0900,45.7700,44.8400,45.7400,607600,27524117.0000,3
2021-11-19,20211119150000000,sz.300755,45.7400,45.7600,45.2000,45.2900,669574,30451173.0000,3
2021-11-22,20211122103000000,sz.300755,45.6000,46.8400,45.5000,46.0300,1658573,76512779.0000,3
2021-11-22,20211122113000000,sz.300755,46.0000,46.8500,45.6400,46.7800,647280,30010012.0000,3
2021-11-22,20211122140000000,sz.300755,46.7700,46.7800,46.2800,46.6500,510108,23713359.0000,3
2021-11-22,20211122150000000,sz.300755,46.6400,46.7700,46.3200,46.5100,739300,34431167.0000,3
2021-11-23,20211123103000000,sz.300755,46.2000,48.5700,46.0600,47.9000,2183041,104035643.0000,3
2021-11-23,20211123113000000,sz.300755,47.9000,48.2200,47.2800,47.6000,587100,28068078.0000,3
2021-11-23,20211123140000000,sz.300755,47.6400,48.0300,47.5200,47.6900,574740,27413325.0000,3
2021-11-23,20211123150000000,sz.300755,47.6100,48.0100,47.6100,47.7200,770380,36867961.0000,3
2021-11-24,20211124103000000,sz.300755,48.2200,50.2000,48.0500,48.7400,2510367,123813608.0000,3
2021-11-24,20211124113000000,sz.300755,48.7400,50.2000,48.7400,50.2000,1359324,67487698.0000,3
2021-11-24,20211124140000000,sz.300755,50.2500,51.6600,50.2500,50.9500,2248841,114840966.0000,3
2021-11-24,20211124150000000,sz.300755,50.9500,51.2100,50.3000,50.5600,1507863,76363520.0000,3
2021-11-25,20211125103000000,sz.300755,51.1200,52.7200,49.4000,49.7900,3342352,168892787.0000,3
2021-11-25,20211125113000000,sz.300755,49.7800,50.2000,48.7000,49.0800,1120736,55366948.0000,3
2021-11-25,20211125140000000,sz.300755,49.0200,49.1900,48.0000,48.2400,1347589,65482857.0000,3
2021-11-25,20211125150000000,sz.300755,48.2400,48.4000,45.4400,45.9700,5068807,236144400.0000,3
2021-11-26,20211126103000000,sz.300755,45.8300,46.1100,43.1000,45.3200,7492456,334541568.0000,3
2021-11-26,20211126113000000,sz.300755,45.3200,45.6400,45.0300,45.2900,1328143,60274032.0000,3
2021-11-26,20211126140000000,sz.300755,45.2000,45.3800,44.5200,45.1800,970100,43622080.0000,3
2021-11-26,20211126150000000,sz.300755,45.1800,45.4600,44.9400,45.1000,1340946,60591696.0000,3
2021-11-29,20211129103000000,sz.300755,44.5000,45.9500,44.4800,45.0400,2207982,99880400.0000,3
2021-11-29,20211129113000000,sz.300755,45.0400,45.6600,44.8800,45.1000,743582,33635733.0000,3
2021-11-29,20211129140000000,sz.300755,45.0000,45.4200,44.7500,45.2700,687883,30987451.0000,3
2021-11-29,20211129150000000,sz.300755,45.2700,45.2700,44.7200,44.7200,1326783,59637333.0000,3
2021-11-30,20211130103000000,sz.300755,45.1200,45.3300,43.5100,43.6500,2873100,126746353.0000,3
2021-11-30,20211130113000000,sz.300755,43.6700,44.7800,43.5300,44.5200,1230553,54109989.0000,3
2021-11-30,20211130140000000,sz.300755,44.5200,44.5400,44.0600,44.2900,590887,26172593.0000,3
2021-11-30,20211130150000000,sz.300755,44.2100,44.5400,43.6700,44.1900,1539581,67968681.0000,3
2021-12-01,20211201103000000,sz.300755,44.2000,45.4000,43.8800,43.9800,1431205,63650142.0000,3
2021-12-01,20211201113000000,sz.300755,43.9800,44.3800,43.9300,44.1100,460600,20327166.0000,3
2021-12-01,20211201140000000,sz.300755,44.0700,44.9000,43.6000,44.6500,1055827,46749236.0000,3
2021-12-01,20211201150000000,sz.300755,44.6200,44.9600,44.3000,44.4800,988300,44137846.0000,3
2021-12-02,20211202103000000,sz.300755,44.3000,45.3000,43.8400,43.8500,1345143,59858085.0000,3
2021-12-02,20211202113000000,sz.300755,43.8400,44.1300,43.3800,43.7400,889154,38887331.0000,3
2021-12-02,20211202140000000,sz.300755,43.8900,44.2400,43.5000,44.2200,555000,24340164.0000,3
2021-12-02,20211202150000000,sz.300755,44.2200,44.6100,44.0700,44.3000,917700,40681552.0000,3
2021-12-03,20211203103000000,sz.300755,44.0100,45.8000,43.5000,45.5000,2669700,120387610.0000,3
2021-12-03,20211203113000000,sz.300755,45.5200,45.5200,44.3900,44.4100,550600,24686105.0000,3
2021-12-03,20211203140000000,sz.300755,44.4400,44.8800,44.2500,44.5900,477129,21265511.0000,3
2021-12-03,20211203150000000,sz.300755,44.6300,44.7400,44.2500,44.2800,727711,32340196.0000,3
2021-12-06,20211206103000000,sz.300755,43.9200,44.9000,43.5500,43.8700,1144137,50364729.0000,3
2021-12-06,20211206113000000,sz.300755,43.8700,44.1100,43.7200,43.8800,384000,16840648.0000,3
2021-12-06,20211206140000000,sz.300755,43.7900,43.9800,43.5300,43.5900,645552,28199734.0000,3
2021-12-06,20211206150000000,sz.300755,43.5700,43.6500,43.2000,43.2300,1311781,56938399.0000,3
2021-12-07,20211207103000000,sz.300755,43.6000,44.5000,42.8200,43.7100,1420492,62159279.0000,3
2021-12-07,20211207113000000,sz.300755,43.7100,43.7100,43.0400,43.2700,481941,20883241.0000,3
2021-12-07,20211207140000000,sz.300755,43.2700,43.6000,42.8600,43.5800,527600,22788429.0000,3
2021-12-07,20211207150000000,sz.300755,43.5800,43.8600,43.4100,43.7300,482719,21038369.0000,3
2021-12-08,20211208103000000,sz.300755,43.5600,46.5500,43.2000,46.3100,2312453,103804524.0000,3
2021-12-08,20211208113000000,sz.300755,46.3400,47.6000,46.1100,47.3400,2047640,95968415.0000,3
2021-12-08,20211208140000000,sz.300755,47.3400,47.4300,46.5800,46.8000,606300,28423382.0000,3
2021-12-08,20211208150000000,sz.300755,46.8000,47.1600,46.7500,46.9100,811419,38082775.0000,3
2021-12-09,20211209103000000,sz.300755,46.8800,49.3000,46.6000,48.9200,2845855,136599560.0000,3
2021-12-09,20211209113000000,sz.300755,48.8500,49.4900,48.1700,48.8000,1141200,55687925.0000,3
2021-12-09,20211209140000000,sz.300755,48.8500,48.9800,48.4300,48.6300,818510,39897805.0000,3
2021-12-09,20211209150000000,sz.300755,48.6300,48.7300,48.2200,48.4000,1160000,56204230.0000,3
2021-12-10,20211210103000000,sz.300755,48.3000,48.8800,47.4500,48.8800,1909260,91783431.0000,3
2021-12-10,20211210113000000,sz.300755,48.8800,48.9000,48.2000,48.6000,680000,33000584.0000,3
2021-12-10,20211210140000000,sz.300755,48.5900,49.1000,48.4200,48.9200,609100,29721731.0000,3
2021-12-10,20211210150000000,sz.300755,48.9200,49.0800,48.5700,48.9100,903496,44187727.0000,3
2021-12-13,20211213103000000,sz.300755,48.2600,49.8000,48.2600,48.2800,1778882,86822639.0000,3
2021-12-13,20211213113000000,sz.300755,48.2800,48.9500,48.0200,48.8600,706484,34260932.0000,3
2021-12-13,20211213140000000,sz.300755,48.8600,49.1500,48.5100,48.6200,544100,26564774.0000,3
2021-12-13,20211213150000000,sz.300755,48.6200,48.7000,48.2500,48.5000,750708,36361811.0000,3
2021-12-14,20211214103000000,sz.300755,48.4500,49.1800,47.7800,49.0100,1346735,65328038.0000,3
2021-12-14,20211214113000000,sz.300755,48.9800,49.5000,48.8800,49.0500,887900,43680319.0000,3
2021-12-14,20211214140000000,sz.300755,49.0600,49.4400,48.6600,49.3100,543380,26640571.0000,3
2021-12-14,20211214150000000,sz.300755,49.3800,49.3800,48.7200,48.8900,478504,23432716.0000,3
2021-12-15,20211215103000000,sz.300755,48.9500,49.4500,47.6800,48.1700,1349450,65035594.0000,3
2021-12-15,20211215113000000,sz.300755,48.1700,48.3600,47.5000,47.7100,650443,31159055.0000,3
2021-12-15,20211215140000000,sz.300755,47.6300,47.8400,47.2000,47.4000,851855,40446215.0000,3
2021-12-15,20211215150000000,sz.300755,47.4000,47.8100,47.1200,47.2100,878013,41691009.0000,3
2021-12-16,20211216103000000,sz.300755,47.2100,47.7800,46.2700,46.6200,1148380,53804063.0000,3
2021-12-16,20211216113000000,sz.300755,46.6100,47.2900,46.4600,46.9400,546918,25605771.0000,3
2021-12-16,20211216140000000,sz.300755,46.9500,47.0800,46.4500,46.7400,356832,16682245.0000,3
2021-12-16,20211216150000000,sz.300755,46.7300,47.2000,46.6500,46.9500,480273,22549545.0000,3
2021-12-17,20211217103000000,sz.300755,46.7700,46.7800,44.8900,44.9500,1812772,82702394.0000,3
2021-12-17,20211217113000000,sz.300755,44.9200,45.6700,44.7900,45.3300,852300,38551063.0000,3
2021-12-17,20211217140000000,sz.300755,45.3600,45.3600,44.4900,44.5200,890574,39909392.0000,3
2021-12-17,20211217150000000,sz.300755,44.5200,45.1000,44.1200,44.6300,868926,38772991.0000,3
2021-12-20,20211220103000000,sz.300755,44.8000,47.3500,44.8000,46.2700,1937178,89711945.0000,3
2021-12-20,20211220113000000,sz.300755,46.2700,46.2900,45.1700,45.2600,537922,24561935.0000,3
2021-12-20,20211220140000000,sz.300755,45.2600,46.1500,45.0700,45.8800,368200,16780018.0000,3
2021-12-20,20211220150000000,sz.300755,45.8800,45.8900,45.1800,45.3100,562582,25556219.0000,3
2021-12-21,20211221103000000,sz.300755,45.1000,46.5000,44.5000,46.1200,1297764,59660247.0000,3
2021-12-21,20211221113000000,sz.300755,46.1200,46.1200,45.3000,45.5700,457449,20860933.0000,3
2021-12-21,20211221140000000,sz.300755,45.7000,45.7000,44.8300,44.9900,421600,19005413.0000,3
2021-12-21,20211221150000000,sz.300755,45.0600,45.6700,44.9900,45.5500,478132,21691750.0000,3
2021-12-22,20211222103000000,sz.300755,45.4000,49.1500,45.4000,49.1500,2911629,138778706.0000,3
2021-12-22,20211222113000000,sz.300755,49.1800,49.5300,48.6200,48.9900,1216000,59680919.0000,3
2021-12-22,20211222140000000,sz.300755,48.9700,50.1500,48.5700,49.9900,1714562,85080743.0000,3
2021-12-22,20211222150000000,sz.300755,50.1000,51.1700,50.0300,50.8000,1941180,98511072.0000,3
2021-12-23,20211223103000000,sz.300755,51.3000,51.7600,49.5700,50.5100,2211400,111933970.0000,3
2021-12-23,20211223113000000,sz.300755,50.5100,50.8100,49.8300,49.9500,889163,44705562.0000,3
2021-12-23,20211223140000000,sz.300755,49.9500,50.7200,49.6600,50.5000,738060,36957871.0000,3
2021-12-23,20211223150000000,sz.300755,50.4900,51.1700,50.4500,51.0400,1017719,51832288.0000,3
2021-12-24,20211224103000000,sz.300755,51.5000,53.8000,50.0300,52.3700,2712497,141662336.0000,3
2021-12-24,20211224113000000,sz.300755,52.3700,52.3700,51.1100,51.6500,665660,34394719.0000,3
2021-12-24,20211224140000000,sz.300755,51.7600,51.9700,51.1900,51.3000,332003,17083849.0000,3
2021-12-24,20211224150000000,sz.300755,51.3000,51.7200,51.2300,51.6000,568788,29277561.0000,3
2021-12-27,20211227103000000,sz.300755,52.5500,54.9300,51.3700,54.3000,2795602,148153364.0000,3
2021-12-27,20211227113000000,sz.300755,54.3500,54.8000,53.5600,54.0800,861318,46672666.0000,3
2021-12-27,20211227140000000,sz.300755,54.1000,54.2200,53.3000,54.0100,697900,37525252.0000,3
2021-12-27,20211227150000000,sz.300755,54.0100,54.3000,53.5800,53.8900,1016500,54749470.0000,3
2021-12-28,20211228103000000,sz.300755,54.0900,55.1800,53.2200,53.9600,1951446,105440523.0000,3
2021-12-28,20211228113000000,sz.300755,54.0600,54.6600,53.7100,53.9900,686940,37167088.0000,3
2021-12-28,20211228140000000,sz.300755,53.9900,53.9900,52.7800,52.9000,1027662,54742450.0000,3
2021-12-28,20211228150000000,sz.300755,52.9000,53.6600,52.8800,53.4400,937741,49957287.0000,3
2021-12-29,20211229103000000,sz.300755,53.2600,53.4900,51.8800,52.4900,1714180,90268611.0000,3
2021-12-29,20211229113000000,sz.300755,52.4900,52.8600,51.6000,52.0800,1038800,54076505.0000,3
2021-12-29,20211229140000000,sz.300755,52.0200,52.0200,51.2000,51.4800,873500,44988508.0000,3
2021-12-29,20211229150000000,sz.300755,51.4900,51.6200,51.0200,51.3300,1129106,57974517.0000,3
2021-12-30,20211230103000000,sz.300755,51.1100,51.6400,50.3700,50.9800,1298800,66286132.0000,3
2021-12-30,20211230113000000,sz.300755,50.9800,52.1500,50.9800,51.7400,614440,31771834.0000,3
2021-12-30,20211230140000000,sz.300755,51.6800,51.7400,51.0200,51.1600,509360,26136781.0000,3
2021-12-30,20211230150000000,sz.300755,51.1600,51.4700,50.9200,51.1900,571030,29197386.0000,3
2021-12-31,20211231103000000,sz.300755,51.3000,51.3700,49.6600,50.5800,1889100,94698860.0000,3
2021-12-31,20211231113000000,sz.300755,50.5600,50.6000,48.9200,49.8400,1331164,66222608.0000,3
2021-12-31,20211231140000000,sz.300755,49.8500,50.2900,49.4900,50.0700,459500,22915318.0000,3
2021-12-31,20211231150000000,sz.300755,50.0700,50.3400,49.8000,50.0800,665700,33307552.0000,3
