date,time,code,open,high,low,close,volume,amount,adjustflag
2022-01-04,20220104103000000,sh.603505,36.4000,36.4000,35.5100,35.6000,2289363,82072913.0000,3
2022-01-04,20220104113000000,sh.603505,35.6000,37.4500,35.5400,37.0000,2400344,88093438.0000,3
2022-01-04,20220104140000000,sh.603505,37.0100,38.0000,37.0100,37.2700,2015671,75577323.0000,3
2022-01-04,20220104150000000,sh.603505,37.2800,37.6700,37.1700,37.6700,1434059,53649750.0000,3
2022-01-05,20220105103000000,sh.603505,37.5000,37.6000,36.1600,36.1800,2729762,100063152.0000,3
2022-01-05,20220105113000000,sh.603505,36.1800,36.3000,35.5000,35.7200,1535460,55277780.0000,3
2022-01-05,20220105140000000,sh.603505,35.7200,35.8200,35.0000,35.4000,1560543,55184143.0000,3
2022-01-05,20220105150000000,sh.603505,35.4000,35.7900,35.3800,35.6900,863482,30780181.0000,3
2022-01-06,20220106103000000,sh.603505,35.1000,35.5200,34.4000,34.5000,2704787,94311748.0000,3
2022-01-06,20220106113000000,sh.603505,34.5000,35.1500,34.4800,35.1500,1186680,41296525.0000,3
2022-01-06,20220106140000000,sh.603505,35.1800,35.4000,34.9500,35.1100,901750,31652984.0000,3
2022-01-06,20220106150000000,sh.603505,35.0800,35.1200,34.4500,34.6900,1871909,64970501.0000,3
2022-01-07,20220107103000000,sh.603505,34.5000,34.6800,33.8100,34.1900,1995541,68198489.0000,3
2022-01-07,20220107113000000,sh.603505,34.1900,34.2600,33.5000,33.6900,1349223,45541238.0000,3
2022-01-07,20220107140000000,sh.603505,33.6900,34.3300,33.5300,33.7300,861358,29209677.0000,3
2022-01-07,20220107150000000,sh.603505,33.7200,33.7400,33.3700,33.3800,1212281,40658003.0000,3
2022-01-10,20220110103000000,sh.603505,33.3700,34.0800,32.9700,33.6300,1931200,65013225.0000,3
2022-01-10,20220110113000000,sh.603505,33.6200,33.6400,33.1300,33.3600,1173700,39155710.0000,3
2022-01-10,20220110140000000,sh.603505,33.3600,33.3900,33.0300,33.0600,927060,30732564.0000,3
2022-01-10,20220110150000000,sh.603505,33.0600,33.2500,32.9900,33.1900,841884,27875466.0000,3
2022-01-11,20220111103000000,sh.603505,33.3400,34.7000,33.1800,33.6900,3496227,118953947.0000,3
2022-01-11,20220111113000000,sh.603505,33.6900,33.9500,33.3500,33.6900,1219800,40986370.0000,3
2022-01-11,20220111140000000,sh.603505,33.6900,33.7200,33.3500,33.3800,661229,22157628.0000,3
2022-01-11,20220111150000000,sh.603505,33.3800,33.7000,33.3700,33.6800,748529,25128434.0000,3
2022-01-12,20220112103000000,sh.603505,33.7800,34.5800,33.7200,34.2300,2444220,83494447.0000,3
2022-01-12,20220112113000000,sh.603505,34.2300,34.3900,34.1000,34.2800,707205,24218275.0000,3
2022-01-12,20220112140000000,sh.603505,34.2800,34.3100,34.1000,34.1400,392000,13406746.0000,3
2022-01-12,20220112150000000,sh.603505,34.1400,34.4000,34.1400,34.3900,719730,24711988.0000,3
2022-01-13,20220113103000000,sh.603505,34.1100,34.2300,33.0100,33.3100,2035741,68260661.0000,3
2022-01-13,20220113113000000,sh.603505,33.3100,33.9600,33.3000,33.9600,489692,16455428.0000,3
2022-01-13,20220113140000000,sh.603505,33.9500,33.9600,33.4300,33.4900,860900,28958436.0000,3
2022-01-13,20220113150000000,sh.603505,33.4800,33.5800,33.3700,33.4500,836400,27986928.0000,3
2022-01-14,20220114103000000,sh.603505,33.0100,33.7900,33.0100,33.4900,1330395,44398844.0000,3
2022-01-14,20220114113000000,sh.603505,33.4900,33.5800,33.1800,33.3100,457577,15267880.0000,3
2022-01-14,20220114140000000,sh.603505,33.2500,33.5000,33.1300,33.3600,525450,17486660.0000,3
2022-01-14,20220114150000000,sh.603505,33.4000,33.4900,33.2000,33.2400,846867,28189196.0000,3
2022-01-17,20220117103000000,sh.603505,33.1500,33.4500,32.1200,33.4400,1525145,50117163.0000,3
2022-01-17,20220117113000000,sh.603505,33.4400,33.8800,33.1300,33.7500,678599,22756597.0000,3
2022-01-17,20220117140000000,sh.603505,33.7500,33.8100,33.5700,33.7000,442887,14899368.0000,3
2022-01-17,20220117150000000,sh.603505,33.7000,33.7900,33.5200,33.5800,513990,17280480.0000,3
2022-01-18,20220118103000000,sh.603505,33.7500,33.8200,32.9600,33.7000,1350345,44895699.0000,3
2022-01-18,20220118113000000,sh.603505,33.7000,33.9700,33.2000,33.2900,768698,25828681.0000,3
2022-01-18,20220118140000000,sh.603505,33.2900,33.5700,33.0400,33.1200,758660,25172218.0000,3
2022-01-18,20220118150000000,sh.603505,33.1300,33.1900,32.8600,32.9000,1063289,35068151.0000,3
2022-01-19,20220119103000000,sh.603505,32.8600,32.8600,32.2400,32.4100,1411048,45796026.0000,3
2022-01-19,20220119113000000,sh.603505,32.4100,32.5300,32.0000,32.2100,1175900,37851487.0000,3
2022-01-19,20220119140000000,sh.603505,32.2100,32.3700,31.9000,31.9600,706960,22690461.0000,3
2022-01-19,20220119150000000,sh.603505,31.9600,32.1900,31.8900,32.1000,831438,26618752.0000,3
2022-01-20,20220120103000000,sh.603505,32.4400,32.4400,31.1800,31.2200,1883433,59677567.0000,3
2022-01-20,20220120113000000,sh.603505,31.2200,31.3800,30.8500,31.2100,972050,30204564.0000,3
2022-01-20,20220120140000000,sh.603505,31.2000,31.5900,31.1300,31.2000,769150,24086330.0000,3
2022-01-20,20220120150000000,sh.603505,31.1900,31.5000,31.0000,31.0000,1136969,35533717.0000,3
2022-01-21,20220121103000000,sh.603505,31.5800,32.4000,31.4700,31.7900,3237175,103313847.0000,3
2022-01-21,20220121113000000,sh.603505,31.7900,31.8400,31.0400,31.0700,1049127,32901062.0000,3
2022-01-21,20220121140000000,sh.603505,31.8700,31.8700,30.8100,31.2700,1132030,35372588.0000,3
2022-01-21,20220121150000000,sh.603505,31.2700,31.3300,30.9400,30.9900,763779,23750216.0000,3
2022-01-24,20220124103000000,sh.603505,30.5800,32.7500,30.5800,32.2800,2781730,88510457.0000,3
2022-01-24,20220124113000000,sh.603505,32.2800,32.9500,32.1400,32.8200,1739519,56709296.0000,3
2022-01-24,20220124140000000,sh.603505,32.8200,32.9000,32.5200,32.5500,1074111,35170629.0000,3
2022-01-24,20220124150000000,sh.603505,32.5300,32.6600,31.8800,32.0100,1938070,62401061.0000,3
2022-01-25,20220125103000000,sh.603505,32.3000,32.6900,31.5000,31.7600,2130580,68278436.0000,3
2022-01-25,20220125113000000,sh.603505,31.7600,32.2700,31.6300,31.7900,1012813,32367218.0000,3
2022-01-25,20220125140000000,sh.603505,31.7700,31.8700,31.5100,31.7000,644300,20412643.0000,3
2022-01-25,20220125150000000,sh.603505,31.7200,31.8400,31.1700,31.2600,943930,29619236.0000,3
2022-01-26,20220126103000000,sh.603505,31.5700,32.2000,31.3000,31.4600,1926693,61173895.0000,3
2022-01-26,20220126113000000,sh.603505,31.4600,32.5900,31.4600,31.9300,1610960,51845964.0000,3
2022-01-26,20220126140000000,sh.603505,32.0000,32.2800,31.6000,31.8000,811099,25875239.0000,3
2022-01-26,20220126150000000,sh.603505,31.8000,33.1000,31.7800,32.7500,2435284,79676938.0000,3
2022-01-27,20220127103000000,sh.603505,32.7500,32.9600,31.4800,31.4800,2090430,67327161.0000,3
2022-01-27,20220127113000000,sh.603505,31.4800,32.0600,31.2600,31.9300,814642,25816640.0000,3
2022-01-27,20220127140000000,sh.603505,31.9300,32.0600,31.6700,32.0600,492696,15684990.0000,3
2022-01-27,20220127150000000,sh.603505,32.0600,32.1000,31.0400,31.1700,1524019,47989597.0000,3
2022-01-28,20220128103000000,sh.603505,31.3100,31.8000,30.1900,30.9300,1628604,50194092.0000,3
2022-01-28,20220128113000000,sh.603505,30.9300,31.9500,30.9000,31.9000,976814,30833395.0000,3
2022-01-28,20220128140000000,sh.603505,31.7700,31.9000,31.5700,31.6500,399300,12654490.0000,3
2022-01-28,20220128150000000,sh.603505,31.6500,31.6800,31.4200,31.5100,648507,20460450.0000,3
2022-02-07,20220207103000000,sh.603505,32.3000,32.6800,31.9600,32.1900,1904698,61615544.0000,3
2022-02-07,20220207113000000,sh.603505,32.1900,32.3600,32.0700,32.2900,500418,16120029.0000,3
2022-02-07,20220207140000000,sh.603505,32.2900,32.3600,32.1300,32.1500,289500,9327513.0000,3
2022-02-07,20220207150000000,sh.603505,32.1600,32.2700,32.0000,32.2700,622237,19992582.0000,3
2022-02-08,20220208103000000,sh.603505,32.2600,33.3300,32.0000,33.0400,2975760,97892814.0000,3
2022-02-08,20220208113000000,sh.603505,33.0400,33.1800,32.5300,32.6400,957450,31419163.0000,3
2022-02-08,20220208140000000,sh.603505,32.6400,33.0600,32.3500,33.0600,519030,16983157.0000,3
2022-02-08,20220208150000000,sh.603505,33.0600,34.0000,33.0500,34.0000,2186905,73580193.0000,3
2022-02-09,20220209103000000,sh.603505,34.0500,34.1200,33.1100,33.7600,1998846,67030512.0000,3
2022-02-09,20220209113000000,sh.603505,33.7600,34.1500,33.6500,34.1200,895900,30388627.0000,3
2022-02-09,20220209140000000,sh.603505,34.1200,36.6600,34.1200,36.2500,3583358,125709650.0000,3
2022-02-09,20220209150000000,sh.603505,36.2100,36.3000,35.3500,35.3600,1711307,61208315.0000,3
2022-02-10,20220210103000000,sh.603505,35.0200,36.5000,34.9000,35.8600,2711965,97046495.0000,3
2022-02-10,20220210113000000,sh.603505,35.8600,36.2600,35.6500,35.6900,746500,26769908.0000,3
2022-02-10,20220210140000000,sh.603505,35.6900,35.6900,35.3600,35.4200,856288,30379366.0000,3
2022-02-10,20220210150000000,sh.603505,35.4200,35.4500,35.0000,35.1000,1078572,37981418.0000,3
2022-02-11,20220211103000000,sh.603505,35.0000,35.8700,34.6600,35.1700,1930711,68151927.0000,3
2022-02-11,20220211113000000,sh.603505,35.1700,35.8100,34.9000,35.6300,826967,29290124.0000,3
2022-02-11,20220211140000000,sh.603505,35.5800,35.6700,35.1000,35.1000,678129,23995825.0000,3
2022-02-11,20220211150000000,sh.603505,35.1000,35.3400,35.0500,35.1500,744074,26189795.0000,3
2022-02-14,20220214103000000,sh.603505,35.0000,36.2100,34.5200,36.0000,2214301,79007204.0000,3
2022-02-14,20220214113000000,sh.603505,36.0000,36.1000,35.6900,35.8800,619066,22232286.0000,3
2022-02-14,20220214140000000,sh.603505,35.8800,35.9300,35.3800,35.6300,502369,17904923.0000,3
2022-02-14,20220214150000000,sh.603505,35.7000,35.9900,35.5800,35.9300,866081,31048577.0000,3
2022-02-15,20220215103000000,sh.603505,35.7600,36.2500,35.6000,35.8100,1054883,37898847.0000,3
2022-02-15,20220215113000000,sh.603505,35.8100,36.0800,35.6000,36.0000,486620,17416033.0000,3
2022-02-15,20220215140000000,sh.603505,35.9900,35.9900,35.5200,35.5200,360542,12870368.0000,3
2022-02-15,20220215150000000,sh.603505,35.5200,35.5300,34.2000,34.8700,1979658,68740220.0000,3
2022-02-16,20220216103000000,sh.603505,34.9800,36.4000,34.8700,36.1900,2124314,76278470.0000,3
2022-02-16,20220216113000000,sh.603505,36.1900,36.2500,35.8500,35.9200,428558,15439683.0000,3
2022-02-16,20220216140000000,sh.603505,35.9000,35.9200,35.6500,35.7700,426530,15262457.0000,3
2022-02-16,20220216150000000,sh.603505,35.7700,36.3600,35.7600,36.2200,1803127,65169795.0000,3
2022-02-17,20220217103000000,sh.603505,36.0300,36.8600,35.5500,36.6200,1945330,70526305.0000,3
2022-02-17,20220217113000000,sh.603505,36.6200,37.2400,36.5100,36.9900,1653338,61013965.0000,3
2022-02-17,20220217140000000,sh.603505,36.9000,37.0000,36.6200,36.9200,740830,27272969.0000,3
2022-02-17,20220217150000000,sh.603505,36.9200,36.9200,36.4500,36.5900,811907,29747906.0000,3
2022-02-18,20220218103000000,sh.603505,36.1000,36.5800,35.6000,35.6500,1782320,64248280.0000,3
2022-02-18,20220218113000000,sh.603505,35.6300,35.8700,35.5400,35.7100,545900,19497814.0000,3
2022-02-18,20220218140000000,sh.603505,35.7000,36.0400,35.7000,35.7600,517881,18571833.0000,3
2022-02-18,20220218150000000,sh.603505,35.7600,35.9000,35.6500,35.8700,496477,17783372.0000,3
2022-02-21,20220221103000000,sh.603505,36.2100,36.2100,34.9100,35.0400,1491260,52648598.0000,3
2022-02-21,20220221113000000,sh.603505,35.0400,35.1500,34.6000,35.0600,841181,29372948.0000,3
2022-02-21,20220221140000000,sh.603505,35.0600,35.8800,35.0000,35.6800,517200,18368765.0000,3
2022-02-21,20220221150000000,sh.603505,35.6800,35.7000,35.4000,35.6000,510250,18155547.0000,3
2022-02-22,20220222103000000,sh.603505,35.3900,36.1800,35.1000,35.5600,1384061,49443400.0000,3
2022-02-22,20220222113000000,sh.603505,35.5600,36.1300,35.5200,35.7900,599890,21521539.0000,3
2022-02-22,20220222140000000,sh.603505,35.7900,35.8000,35.3500,35.4700,419490,14914135.0000,3
2022-02-22,20220222150000000,sh.603505,35.4700,35.7400,35.3600,35.6500,718768,25582913.0000,3
2022-02-23,20220223103000000,sh.603505,35.4800,36.0800,35.3400,35.8500,1143934,40856865.0000,3
2022-02-23,20220223113000000,sh.603505,35.8500,36.8100,35.7800,36.4400,1228000,44651714.0000,3
2022-02-23,20220223140000000,sh.603505,36.4000,36.6200,36.3000,36.3800,1061845,38706756.0000,3
2022-02-23,20220223150000000,sh.603505,36.3800,36.5800,36.3800,36.5800,828652,30252518.0000,3
2022-02-24,20220224103000000,sh.603505,36.3000,36.8100,35.9900,36.2700,1574694,57334759.0000,3
2022-02-24,20220224113000000,sh.603505,36.2700,36.4500,35.9000,35.9300,942000,34035951.0000,3
2022-02-24,20220224140000000,sh.603505,35.9300,35.9300,34.8900,34.9900,1851478,65391730.0000,3
2022-02-24,20220224150000000,sh.603505,34.9800,35.1500,34.2400,35.0700,1378887,47977920.0000,3
2022-02-25,20220225103000000,sh.603505,35.5000,36.6300,35.2200,36.2900,2764261,99760343.0000,3
2022-02-25,20220225113000000,sh.603505,36.2800,36.3100,35.6500,35.6600,666869,24017028.0000,3
2022-02-25,20220225140000000,sh.603505,35.6600,35.9900,35.5500,35.7900,424115,15169344.0000,3
2022-02-25,20220225150000000,sh.603505,35.7900,35.8000,35.6100,35.6500,543750,19404577.0000,3
2022-02-28,20220228103000000,sh.603505,35.4500,35.8100,34.9000,35.6900,1444363,51071518.0000,3
2022-02-28,20220228113000000,sh.603505,35.6900,35.7300,35.2800,35.4700,327150,11609215.0000,3
2022-02-28,20220228140000000,sh.603505,35.4700,35.9600,35.4300,35.8600,656689,23472742.0000,3
2022-02-28,20220228150000000,sh.603505,35.8600,35.9000,35.6900,35.7100,619497,22160699.0000,3
2022-03-01,20220301103000000,sh.603505,36.1500,37.5000,35.9300,37.0100,4595786,170046328.0000,3
2022-03-01,20220301113000000,sh.603505,37.0100,37.6400,36.8700,37.5000,1597699,59580107.0000,3
2022-03-01,20220301140000000,sh.603505,37.6000,38.3500,37.5500,37.7300,1896773,71941709.0000,3
2022-03-01,20220301150000000,sh.603505,37.7400,38.0000,37.7000,37.9000,1358967,51457456.0000,3
2022-03-02,20220302103000000,sh.603505,37.8000,38.2500,37.0900,37.4300,3102535,116355871.0000,3
2022-03-02,20220302113000000,sh.603505,37.4300,37.7200,37.3100,37.3600,901426,33785289.0000,3
2022-03-02,20220302140000000,sh.603505,37.3900,37.5000,37.2900,37.4200,564502,21094393.0000,3
2022-03-02,20220302150000000,sh.603505,37.4100,37.5800,37.3300,37.5800,756662,28327586.0000,3
2022-03-03,20220303103000000,sh.603505,37.5900,38.4600,37.2100,38.2900,3413428,129317740.0000,3
2022-03-03,20220303113000000,sh.603505,38.2900,38.3100,37.7200,37.9100,1044440,39664695.0000,3
2022-03-03,20220303140000000,sh.603505,37.9100,37.9400,37.4000,37.6200,907600,34130588.0000,3
2022-03-03,20220303150000000,sh.603505,37.6100,37.6100,37.4200,37.4500,1033960,38767110.0000,3
2022-03-04,20220304103000000,sh.603505,37.3500,37.5700,36.9000,37.4300,1681100,62478412.0000,3
2022-03-04,20220304113000000,sh.603505,37.4300,37.5500,37.0900,37.1500,535360,19966049.0000,3
2022-03-04,20220304140000000,sh.603505,37.1400,37.1400,36.7100,36.7400,1283590,47363741.0000,3
2022-03-04,20220304150000000,sh.603505,36.7400,36.7800,36.0000,36.2100,1941560,70553541.0000,3
2022-03-07,20220307103000000,sh.603505,36.5100,36.7100,35.7900,36.3700,1263380,45803526.0000,3
2022-03-07,20220307113000000,sh.603505,36.3700,36.3700,36.1600,36.3000,632430,22919064.0000,3
2022-03-07,20220307140000000,sh.603505,36.3000,36.4800,35.7100,35.8300,846400,30613009.0000,3
2022-03-07,20220307150000000,sh.603505,35.8300,36.1000,35.4700,35.6000,1035930,36968853.0000,3
2022-03-08,20220308103000000,sh.603505,35.6300,36.0000,33.6700,33.7900,2027558,70394878.0000,3
2022-03-08,20220308113000000,sh.603505,33.7900,34.4100,33.6200,33.7800,889400,30196642.0000,3
2022-03-08,20220308140000000,sh.603505,33.7800,34.3000,33.7500,34.0900,667269,22727122.0000,3
2022-03-08,20220308150000000,sh.603505,34.0900,34.1700,33.2000,33.3200,1199255,40301723.0000,3
2022-03-09,20220309103000000,sh.603505,33.3200,33.8100,32.2900,32.4200,2019009,66110813.0000,3
2022-03-09,20220309113000000,sh.603505,32.4200,32.4500,31.3300,31.3300,1681998,53678207.0000,3
2022-03-09,20220309140000000,sh.603505,31.3200,31.5700,29.9900,30.8000,3117446,95565064.0000,3
2022-03-09,20220309150000000,sh.603505,30.7600,32.6100,30.5700,32.4400,1094710,34855822.0000,3
2022-03-10,20220310103000000,sh.603505,33.0100,33.8800,32.4000,32.7400,1890600,62483832.0000,3
2022-03-10,20220310113000000,sh.603505,32.7400,33.8000,32.7300,33.6200,1050768,35012078.0000,3
2022-03-10,20220310140000000,sh.603505,33.6700,33.6800,33.2300,33.3100,745305,24927867.0000,3
2022-03-10,20220310150000000,sh.603505,33.3100,33.5200,33.2900,33.3800,814667,27220253.0000,3
2022-03-11,20220311103000000,sh.603505,32.8500,33.1800,32.0000,32.1900,1540560,50318943.0000,3
2022-03-11,20220311113000000,sh.603505,32.1900,32.3200,31.8500,31.8700,557300,17873913.0000,3
2022-03-11,20220311140000000,sh.603505,31.8700,32.6300,31.8100,32.5300,477030,15364579.0000,3
2022-03-11,20220311150000000,sh.603505,32.5600,33.1500,32.3500,32.9100,1069056,35061101.0000,3
2022-03-14,20220314103000000,sh.603505,32.5200,32.6700,31.9500,32.4800,1180557,38133723.0000,3
2022-03-14,20220314113000000,sh.603505,32.4600,32.4600,32.0500,32.2300,369520,11904109.0000,3
2022-03-14,20220314140000000,sh.603505,32.1900,32.5900,32.0200,32.2100,383920,12405176.0000,3
2022-03-14,20220314150000000,sh.603505,32.2100,32.4500,31.8200,31.8200,570020,18306368.0000,3
2022-03-15,20220315103000000,sh.603505,31.7300,32.0900,30.8800,31.5500,1404848,44288222.0000,3
2022-03-15,20220315113000000,sh.603505,31.6200,32.3000,31.4600,31.5000,441200,14057272.0000,3
2022-03-15,20220315140000000,sh.603505,31.5000,31.5500,30.8800,31.0000,767880,23922472.0000,3
2022-03-15,20220315150000000,sh.603505,31.0000,31.1000,30.1400,30.2500,1346114,41330865.0000,3
2022-03-16,20220316103000000,sh.603505,31.0000,31.0100,29.3200,29.6000,1449382,43491392.0000,3
2022-03-16,20220316113000000,sh.603505,29.6000,29.9900,29.0000,29.6400,1274911,37580376.0000,3
2022-03-16,20220316140000000,sh.603505,29.6400,30.8300,29.6400,30.5900,991148,30141569.0000,3
2022-03-16,20220316150000000,sh.603505,30.6000,31.1500,30.6000,30.9100,923752,28490935.0000,3
2022-03-17,20220317103000000,sh.603505,31.4900,32.2900,31.2500,32.0000,2252707,71744745.0000,3
2022-03-17,20220317113000000,sh.603505,32.0000,32.0400,31.6100,31.7900,510720,16239405.0000,3
2022-03-17,20220317140000000,sh.603505,31.7900,31.8400,31.2300,31.2300,1294400,40788930.0000,3
2022-03-17,20220317150000000,sh.603505,31.2300,31.4900,31.1000,31.2400,921305,28767106.0000,3
2022-03-18,20220318103000000,sh.603505,31.4600,31.4800,30.8700,31.1800,971960,30192152.0000,3
2022-03-18,20220318113000000,sh.603505,31.1800,31.3600,30.9100,30.9700,472500,14710585.0000,3
2022-03-18,20220318140000000,sh.603505,30.9100,31.3800,30.7600,31.3300,596983,18570370.0000,3
2022-03-18,20220318150000000,sh.603505,31.3300,31.4200,31.2100,31.2600,407265,12748238.0000,3
2022-03-21,20220321103000000,sh.603505,30.8700,32.5800,30.8700,32.2600,1781554,56924546.0000,3
2022-03-21,20220321113000000,sh.603505,32.2600,32.3700,31.8600,31.9700,485895,15579679.0000,3
2022-03-21,20220321140000000,sh.603505,31.9800,32.0300,31.4000,31.5000,969357,30630302.0000,3
2022-03-21,20220321150000000,sh.603505,31.5000,31.7900,31.5000,31.7500,593800,18803534.0000,3
2022-03-22,20220322103000000,sh.603505,31.5400,31.6900,30.9000,31.3700,1430673,44758707.0000,3
2022-03-22,20220322113000000,sh.603505,31.3100,31.4500,30.9600,31.0700,726100,22595653.0000,3
2022-03-22,20220322140000000,sh.603505,31.1100,31.3600,30.9000,31.1200,672668,20918450.0000,3
2022-03-22,20220322150000000,sh.603505,31.1100,31.1900,30.9400,31.1000,715320,22209344.0000,3
2022-03-23,20220323103000000,sh.603505,31.1200,31.7100,30.8000,31.5800,1431848,44763666.0000,3
2022-03-23,20220323113000000,sh.603505,31.5800,31.5900,31.0700,31.2000,1033740,32289128.0000,3
2022-03-23,20220323140000000,sh.603505,31.1800,31.3900,31.0000,31.0600,520900,16219303.0000,3
2022-03-23,20220323150000000,sh.603505,31.0600,31.3000,30.9800,31.2000,879604,27329267.0000,3
2022-03-24,20220324103000000,sh.603505,31.4300,31.4300,30.3700,30.4500,1356704,41600987.0000,3
2022-03-24,20220324113000000,sh.603505,30.4500,31.6000,30.3900,31.3600,768210,23862073.0000,3
2022-03-24,20220324140000000,sh.603505,31.3600,31.5000,30.9500,31.4300,510600,15966460.0000,3
2022-03-24,20220324150000000,sh.603505,31.4100,31.4500,31.1700,31.2300,577900,18084125.0000,3
2022-03-25,20220325103000000,sh.603505,31.2400,32.3500,31.1000,31.2700,1965082,62368841.0000,3
2022-03-25,20220325113000000,sh.603505,31.2700,31.2800,30.6100,30.6400,807278,25029850.0000,3
2022-03-25,20220325140000000,sh.603505,30.6400,30.7900,30.5100,30.6800,839230,25673767.0000,3
2022-03-25,20220325150000000,sh.603505,30.6800,30.8600,30.5600,30.7200,500663,15349574.0000,3
2022-03-28,20220328103000000,sh.603505,30.3600,30.3800,29.6000,30.1900,1485610,44399726.0000,3
2022-03-28,20220328113000000,sh.603505,30.1900,30.4400,29.9700,29.9700,425800,12836433.0000,3
2022-03-28,20220328140000000,sh.603505,29.9900,30.0600,29.6900,29.8800,740775,22116088.0000,3
2022-03-28,20220328150000000,sh.603505,29.8600,30.1400,29.7500,29.9000,552661,16512400.0000,3
2022-03-29,20220329103000000,sh.603505,30.1500,30.7500,29.5000,29.5500,1320700,39827653.0000,3
2022-03-29,20220329113000000,sh.603505,29.5500,29.7400,29.2100,29.2500,843830,24893329.0000,3
2022-03-29,20220329140000000,sh.603505,29.2100,29.8900,29.1100,29.7400,978791,28800422.0000,3
2022-03-29,20220329150000000,sh.603505,29.7400,29.8000,29.3100,29.5000,614800,18137721.0000,3
2022-03-30,20220330103000000,sh.603505,29.5300,30.5200,29.4900,29.9800,1609843,48381671.0000,3
2022-03-30,20220330113000000,sh.603505,29.9800,30.0300,29.7500,30.0000,350300,10488048.0000,3
2022-03-30,20220330140000000,sh.603505,30.0000,30.0500,29.8500,30.0500,723865,21674558.0000,3
2022-03-30,20220330150000000,sh.603505,30.0500,30.3000,30.0500,30.1900,624780,18845041.0000,3
2022-03-31,20220331103000000,sh.603505,30.1800,30.2300,29.5000,29.7100,931810,27706027.0000,3
2022-03-31,20220331113000000,sh.603505,29.7200,29.7600,29.2000,29.5000,1054198,30997452.0000,3
2022-03-31,20220331140000000,sh.603505,29.5000,29.5400,29.2700,29.4000,726600,21320006.0000,3
2022-03-31,20220331150000000,sh.603505,29.3900,29.5000,29.3500,29.4900,532458,15665875.0000,3
2022-04-01,20220401103000000,sh.603505,29.0000,29.6200,29.0000,29.3600,807955,23712912.0000,3
2022-04-01,20220401113000000,sh.603505,29.3600,29.5600,29.1800,29.2300,484840,14246380.0000,3
2022-04-01,20220401140000000,sh.603505,29.2500,29.3000,29.1100,29.2000,584500,17060284.0000,3
2022-04-01,20220401150000000,sh.603505,29.2000,29.3300,29.1600,29.2400,346200,10121485.0000,3
2022-04-06,20220406103000000,sh.603505,29.2400,29.7000,28.8600,29.4600,1488137,43501889.0000,3
2022-04-06,20220406113000000,sh.603505,29.4600,29.5100,29.3000,29.3100,184000,5405385.0000,3
2022-04-06,20220406140000000,sh.603505,29.3100,29.4000,29.2200,29.3200,344031,10083440.0000,3
2022-04-06,20220406150000000,sh.603505,29.3000,29.4300,29.1600,29.3500,716626,21010071.0000,3
2022-04-07,20220407103000000,sh.603505,29.3200,29.3900,28.9000,28.9300,710100,20647795.0000,3
2022-04-07,20220407113000000,sh.603505,28.9300,29.3600,28.6800,29.0900,790379,22959020.0000,3
2022-04-07,20220407140000000,sh.603505,29.0900,29.1300,28.8300,28.9200,297300,8602942.0000,3
2022-04-07,20220407150000000,sh.603505,28.9400,29.1000,28.6000,28.6200,517823,14908072.0000,3
2022-04-08,20220408103000000,sh.603505,28.7000,29.8600,28.7000,29.2400,2071438,60839046.0000,3
2022-04-08,20220408113000000,sh.603505,29.2400,30.1100,29.2400,29.6800,1254508,37357409.0000,3
2022-04-08,20220408140000000,sh.603505,29.6500,29.8500,29.6300,29.7400,281760,8374900.0000,3
2022-04-08,20220408150000000,sh.603505,29.7500,29.9900,29.6800,29.8000,893707,26654858.0000,3
2022-04-11,20220411103000000,sh.603505,29.7800,30.1000,28.4200,28.5000,2118190,61782543.0000,3
2022-04-11,20220411113000000,sh.603505,28.5000,28.5500,27.9300,28.2800,1179900,33302319.0000,3
2022-04-11,20220411140000000,sh.603505,28.2800,28.4100,28.0900,28.2400,462600,13074059.0000,3
2022-04-11,20220411150000000,sh.603505,28.2400,28.4400,27.8000,28.0100,718928,20199046.0000,3
2022-04-12,20220412103000000,sh.603505,28.0000,28.0000,27.0000,27.1800,1316355,36034951.0000,3
2022-04-12,20220412113000000,sh.603505,27.1800,27.4600,27.0500,27.0600,473100,12886410.0000,3
2022-04-12,20220412140000000,sh.603505,27.0600,28.0800,27.0500,27.9500,875110,24157376.0000,3
2022-04-12,20220412150000000,sh.603505,27.9600,28.1700,27.9000,28.0800,513100,14386200.0000,3
2022-04-13,20220413103000000,sh.603505,27.9600,28.0900,27.2500,27.4400,718496,19779574.0000,3
2022-04-13,20220413113000000,sh.603505,27.4400,27.7700,27.3600,27.4000,500200,13796626.0000,3
2022-04-13,20220413140000000,sh.603505,27.4200,27.6200,27.3600,27.5000,339335,9331428.0000,3
2022-04-13,20220413150000000,sh.603505,27.5000,27.5200,27.1300,27.1600,631900,17227366.0000,3
2022-04-14,20220414103000000,sh.603505,27.1800,27.7000,27.0500,27.4500,940100,25738976.0000,3
2022-04-14,20220414113000000,sh.603505,27.4500,27.4600,27.2400,27.3000,161500,4414448.0000,3
2022-04-14,20220414140000000,sh.603505,27.3100,27.4100,27.1700,27.3600,330400,9018402.0000,3
2022-04-14,20220414150000000,sh.603505,27.3600,27.5000,27.2300,27.2300,427765,11695614.0000,3
2022-04-15,20220415103000000,sh.603505,27.2000,28.1200,26.5800,28.0100,1786066,49237354.0000,3
2022-04-15,20220415113000000,sh.603505,27.9100,28.0000,27.6800,27.9600,455100,12667254.0000,3
2022-04-15,20220415140000000,sh.603505,27.9600,28.5200,27.7500,28.2900,853030,24087140.0000,3
2022-04-15,20220415150000000,sh.603505,28.2900,28.3700,27.8400,27.9000,564866,15841503.0000,3
2022-04-18,20220418103000000,sh.603505,27.6600,28.3600,27.1500,27.9800,978300,27000879.0000,3
2022-04-18,20220418113000000,sh.603505,27.9800,28.2400,27.7200,27.8200,280300,7832828.0000,3
2022-04-18,20220418140000000,sh.603505,27.8100,28.0200,27.8000,27.9400,251800,7032337.0000,3
2022-04-18,20220418150000000,sh.603505,28.0200,28.0800,27.8400,27.9700,308411,8619817.0000,3
2022-04-19,20220419103000000,sh.603505,27.8500,28.3900,27.8500,28.0800,679245,19133124.0000,3
2022-04-19,20220419113000000,sh.603505,28.0800,28.1300,27.8500,28.0000,446240,12473742.0000,3
2022-04-19,20220419140000000,sh.603505,28.0000,28.0500,27.6200,27.6800,410740,11430969.0000,3
2022-04-19,20220419150000000,sh.603505,27.6800,28.0400,27.4200,27.8800,1221686,33818184.0000,3
2022-04-20,20220420103000000,sh.603505,27.6500,28.1800,27.5000,27.8600,794422,22183307.0000,3
2022-04-20,20220420113000000,sh.603505,27.8600,28.0000,27.7300,27.7300,274800,7651768.0000,3
2022-04-20,20220420140000000,sh.603505,27.7200,27.8000,27.5500,27.5800,294500,8152056.0000,3
2022-04-20,20220420150000000,sh.603505,27.5800,27.6500,27.3000,27.4800,618200,16982868.0000,3
2022-04-21,20220421103000000,sh.603505,27.4000,27.7800,26.6900,26.7900,909369,24523940.0000,3
2022-04-21,20220421113000000,sh.603505,26.7900,26.8500,26.2000,26.3200,709700,18796796.0000,3
2022-04-21,20220421140000000,sh.603505,26.3200,26.8700,26.2100,26.3000,443460,11740747.0000,3
2022-04-21,20220421150000000,sh.603505,26.3000,26.3500,26.0000,26.0400,812013,21227303.0000,3
2022-04-22,20220422103000000,sh.603505,26.0000,26.0400,24.8800,25.7200,1410523,35884218.0000,3
2022-04-22,20220422113000000,sh.603505,25.7200,26.0500,25.5100,25.8300,374045,9620272.0000,3
2022-04-22,20220422140000000,sh.603505,25.8200,26.5000,25.7800,26.3000,393097,10254896.0000,3
2022-04-22,20220422150000000,sh.603505,26.3000,26.3500,26.0000,26.0100,448468,11721000.0000,3
2022-04-25,20220425103000000,sh.603505,25.4800,25.5500,24.1200,24.6400,1264318,31278185.0000,3
2022-04-25,20220425113000000,sh.603505,24.6400,25.0900,24.6200,24.8300,402900,10006910.0000,3
2022-04-25,20220425140000000,sh.603505,24.8300,25.0000,24.0100,24.0200,1031100,25298337.0000,3
2022-04-25,20220425150000000,sh.603505,24.0100,24.3800,23.5000,23.8200,1219011,29128144.0000,3
2022-04-26,20220426103000000,sh.603505,23.6300,24.3900,23.1500,23.7200,1218862,28732278.0000,3
2022-04-26,20220426113000000,sh.603505,23.7300,23.8500,23.4200,23.7300,317400,7505298.0000,3
2022-04-26,20220426140000000,sh.603505,23.7400,23.7900,23.3200,23.3200,488332,11478574.0000,3
2022-04-26,20220426150000000,sh.603505,23.3200,23.3200,22.7700,22.8400,1027248,23609448.0000,3
2022-04-27,20220427103000000,sh.603505,22.4600,23.4800,22.4600,22.7600,1325483,30449406.0000,3
2022-04-27,20220427113000000,sh.603505,22.7600,23.2500,22.6400,23.2500,1200930,27553433.0000,3
2022-04-27,20220427140000000,sh.603505,23.2500,24.2000,23.2500,24.1000,1299000,31003118.0000,3
2022-04-27,20220427150000000,sh.603505,24.1100,24.1100,23.8900,23.9800,840840,20175771.0000,3
2022-04-28,20220428103000000,sh.603505,23.0900,23.6900,22.9600,23.6000,1492230,34771085.0000,3
2022-04-28,20220428113000000,sh.603505,23.6000,23.6000,23.0400,23.1000,524673,12250579.0000,3
2022-04-28,20220428140000000,sh.603505,23.0900,23.0900,22.5200,22.7300,1145920,26105197.0000,3
2022-04-28,20220428150000000,sh.603505,22.7300,22.8800,22.5800,22.7900,964757,21907321.0000,3
2022-04-29,20220429103000000,sh.603505,23.1600,23.5300,22.6000,23.3900,1263465,29216646.0000,3
2022-04-29,20220429113000000,sh.603505,23.3900,23.8600,23.3600,23.6700,774400,18281284.0000,3
2022-04-29,20220429140000000,sh.603505,23.6700,24.2600,23.6700,24.0200,1015980,24401041.0000,3
2022-04-29,20220429150000000,sh.603505,24.0200,24.1900,24.0000,24.1200,957521,23087337.0000,3
2022-05-05,20220505103000000,sh.603505,24.0400,24.4900,23.9500,24.2200,1172400,28402350.0000,3
2022-05-05,20220505113000000,sh.603505,24.2200,24.4600,24.2000,24.4300,636050,15471676.0000,3
2022-05-05,20220505140000000,sh.603505,24.4200,24.8800,24.4200,24.4900,799568,19703106.0000,3
2022-05-05,20220505150000000,sh.603505,24.4800,24.4800,24.2600,24.3200,646581,15747959.0000,3
2022-05-06,20220506103000000,sh.603505,24.0200,24.0200,23.4900,23.8700,743600,17687495.0000,3
2022-05-06,20220506113000000,sh.603505,23.8700,23.9400,23.3500,23.3500,495600,11747073.0000,3
2022-05-06,20220506140000000,sh.603505,23.3500,23.6500,23.3400,23.4500,790500,18575634.0000,3
2022-05-06,20220506150000000,sh.603505,23.4500,23.6000,23.3800,23.5200,654893,15382155.0000,3
2022-05-09,20220509103000000,sh.603505,23.5500,24.3300,23.4000,24.0100,1077946,25780804.0000,3
2022-05-09,20220509113000000,sh.603505,24.0100,24.3900,24.0000,24.2100,486990,11816577.0000,3
2022-05-09,20220509140000000,sh.603505,24.2100,24.3300,23.9000,24.0100,351585,8472996.0000,3
2022-05-09,20220509150000000,sh.603505,24.0000,24.1400,23.9600,24.0800,454533,10934734.0000,3
2022-05-10,20220510103000000,sh.603505,23.6400,24.4200,23.4600,24.4200,1032564,24659184.0000,3
2022-05-10,20220510113000000,sh.603505,24.4200,24.4500,23.9500,23.9500,461836,11185954.0000,3
2022-05-10,20220510140000000,sh.603505,23.9500,24.2600,23.9100,24.1000,317900,7673767.0000,3
2022-05-10,20220510150000000,sh.603505,24.1000,24.1500,24.0300,24.1500,347497,8370203.0000,3
2022-05-11,20220511103000000,sh.603505,24.1500,25.4800,24.1500,25.1400,1479530,36726076.0000,3
2022-05-11,20220511113000000,sh.603505,25.1400,25.1400,24.8800,25.0500,360619,9015404.0000,3
2022-05-11,20220511140000000,sh.603505,25.0500,25.5100,25.0500,25.1500,743090,18831165.0000,3
2022-05-11,20220511150000000,sh.603505,25.1500,25.2400,24.5800,24.5900,1031584,25637437.0000,3
2022-05-12,20220512103000000,sh.603505,24.4800,25.1700,24.4000,24.7600,1039885,25868344.0000,3
2022-05-12,20220512113000000,sh.603505,24.7600,24.8000,24.5500,24.7500,393600,9705347.0000,3
2022-05-12,20220512140000000,sh.603505,24.7900,24.8800,24.3200,24.4300,556900,13658650.0000,3
2022-05-12,20220512150000000,sh.603505,24.4300,24.7800,24.3600,24.7000,672450,16549364.0000,3
2022-05-13,20220513103000000,sh.603505,24.9000,25.3900,24.7400,24.8700,1276364,32002136.0000,3
2022-05-13,20220513113000000,sh.603505,24.8700,24.9000,24.6000,24.8300,300908,7445046.0000,3
2022-05-13,20220513140000000,sh.603505,24.8300,24.9300,24.6800,24.8300,333151,8264551.0000,3
2022-05-13,20220513150000000,sh.603505,24.8300,24.9600,24.8300,24.9300,324755,8087546.0000,3
2022-05-16,20220516103000000,sh.603505,25.0800,25.7500,25.0800,25.2400,1124679,28592889.0000,3
2022-05-16,20220516113000000,sh.603505,25.2400,25.2500,24.9200,24.9300,543200,13593321.0000,3
2022-05-16,20220516140000000,sh.603505,24.9300,24.9600,24.7700,24.8400,518100,12870015.0000,3
2022-05-16,20220516150000000,sh.603505,24.8300,24.8400,24.5500,24.6300,1148324,28288129.0000,3
2022-05-17,20220517103000000,sh.603505,24.4700,25.0000,24.2200,24.6800,1310000,32335433.0000,3
2022-05-17,20220517113000000,sh.603505,24.6800,25.3000,24.6300,25.0300,523310,13051390.0000,3
2022-05-17,20220517140000000,sh.603505,25.0500,25.4100,24.9800,25.2100,813800,20541106.0000,3
2022-05-17,20220517150000000,sh.603505,25.2100,25.2900,25.1600,25.2300,407940,10293033.0000,3
2022-05-18,20220518103000000,sh.603505,25.3000,25.3400,25.0100,25.1500,620370,15628823.0000,3
2022-05-18,20220518113000000,sh.603505,25.1500,25.2900,25.0500,25.2000,298955,7513505.0000,3
2022-05-18,20220518140000000,sh.603505,25.2000,25.2900,25.1400,25.2900,264500,6669154.0000,3
2022-05-18,20220518150000000,sh.603505,25.3000,25.3700,25.0900,25.1300,421600,10633677.0000,3
2022-05-19,20220519103000000,sh.603505,24.9200,25.3000,24.8000,24.9200,962427,24089863.0000,3
2022-05-19,20220519113000000,sh.603505,24.9200,26.0600,24.8600,25.9400,1561700,39955450.0000,3
2022-05-19,20220519140000000,sh.603505,25.9400,26.2400,25.9000,26.0400,1454800,37946145.0000,3
2022-05-19,20220519150000000,sh.603505,26.0100,26.0800,25.8700,26.0000,753530,19558893.0000,3
2022-05-20,20220520103000000,sh.603505,26.0700,27.1700,26.0700,26.9500,3146843,83777194.0000,3
2022-05-20,20220520113000000,sh.603505,26.9500,28.6000,26.8800,28.6000,3542461,98747297.0000,3
2022-05-20,20220520140000000,sh.603505,28.6000,28.6000,28.6000,28.6000,623757,17839450.0000,3
2022-05-20,20220520150000000,sh.603505,28.6000,28.6000,28.6000,28.6000,126960,3631056.0000,3
2022-05-23,20220523103000000,sh.603505,29.8800,30.8800,28.6400,30.3800,9128241,272009792.0000,3
2022-05-23,20220523113000000,sh.603505,30.3800,30.5500,29.9100,30.2100,1528802,46202304.0000,3
2022-05-23,20220523140000000,sh.603505,30.2100,30.6600,30.0500,30.1200,1208200,36702064.0000,3
2022-05-23,20220523150000000,sh.603505,30.1200,30.5500,30.0200,30.4600,1428772,43375840.0000,3
2022-05-24,20220524103000000,sh.603505,30.6000,30.9600,30.0300,30.2900,3331080,101100613.0000,3
2022-05-24,20220524113000000,sh.603505,30.2800,30.5700,30.0000,30.2800,1478727,44749843.0000,3
2022-05-24,20220524140000000,sh.603505,30.2600,31.4100,30.1000,30.9600,3384691,104406075.0000,3
2022-05-24,20220524150000000,sh.603505,30.9700,31.0200,30.4000,30.5000,2392692,73463917.0000,3
2022-05-25,20220525103000000,sh.603505,30.4900,30.8400,30.2000,30.2400,2541435,77467854.0000,3
2022-05-25,20220525113000000,sh.603505,30.2400,30.5000,30.0300,30.4200,990152,29949768.0000,3
2022-05-25,20220525140000000,sh.603505,30.4200,30.7300,30.3700,30.5200,846300,25834230.0000,3
2022-05-25,20220525150000000,sh.603505,30.5200,30.6700,30.4100,30.6200,1311732,40043713.0000,3
2022-05-26,20220526103000000,sh.603505,30.3800,31.5900,30.0100,31.2600,2555280,78387491.0000,3
2022-05-26,20220526113000000,sh.603505,31.2700,31.3900,30.7100,31.1200,1492472,46315653.0000,3
2022-05-26,20220526140000000,sh.603505,31.0400,31.8900,31.0400,31.4000,2391955,75517910.0000,3
2022-05-26,20220526150000000,sh.603505,31.4100,31.6000,31.3000,31.6000,1115030,35074476.0000,3
2022-05-27,20220527103000000,sh.603505,31.7000,32.1600,31.1500,31.9800,2549949,80780850.0000,3
2022-05-27,20220527113000000,sh.603505,31.9800,32.0000,31.1100,31.3300,1846411,58016428.0000,3
2022-05-27,20220527140000000,sh.603505,31.2700,31.5300,31.1300,31.4400,783403,24517198.0000,3
2022-05-27,20220527150000000,sh.603505,31.4400,31.6200,31.2100,31.5900,1158836,36463731.0000,3
2022-05-30,20220530103000000,sh.603505,33.2000,34.7500,33.0000,34.7500,2704645,92480062.0000,3
2022-05-30,20220530113000000,sh.603505,34.7500,34.7500,34.7500,34.7500,103050,3580988.0000,3
2022-05-30,20220530140000000,sh.603505,34.7500,34.7500,34.7500,34.7500,56600,1966850.0000,3
2022-05-30,20220530150000000,sh.603505,34.7500,34.7500,34.7500,34.7500,100829,3503808.0000,3
2022-05-31,20220531103000000,sh.603505,36.5500,36.5500,34.4000,35.9400,5117066,181590507.0000,3
2022-05-31,20220531113000000,sh.603505,35.9400,36.4900,35.6000,35.8100,2198505,79418575.0000,3
2022-05-31,20220531140000000,sh.603505,35.8100,35.9900,35.0400,35.2700,2560033,90722550.0000,3
2022-05-31,20220531150000000,sh.603505,35.2700,35.9600,35.2100,35.7000,1801267,64078784.0000,3
2022-06-01,20220601103000000,sh.603505,35.3300,36.8600,35.3300,35.4400,2659675,95265595.0000,3
2022-06-01,20220601113000000,sh.603505,35.4400,35.6900,35.0700,35.2000,951217,33600558.0000,3
2022-06-01,20220601140000000,sh.603505,35.1600,35.4900,34.8100,35.1600,1365728,47932688.0000,3
2022-06-01,20220601150000000,sh.603505,35.1600,35.4500,35.0200,35.4500,1711589,60193455.0000,3
2022-06-02,20220602103000000,sh.603505,34.9500,36.4500,34.8400,36.1800,2269522,81099287.0000,3
2022-06-02,20220602113000000,sh.603505,36.1800,36.4200,35.7500,35.9300,828211,29871509.0000,3
2022-06-02,20220602140000000,sh.603505,35.9200,35.9200,35.2000,35.3100,1130542,40157892.0000,3
2022-06-02,20220602150000000,sh.603505,35.3100,35.9000,35.2300,35.5600,1153133,41024725.0000,3
2022-06-06,20220606103000000,sh.603505,35.2500,36.9100,35.2500,36.8500,2546687,92631868.0000,3
2022-06-06,20220606113000000,sh.603505,36.8500,36.9000,36.2000,36.7000,1322360,48524896.0000,3
2022-06-06,20220606140000000,sh.603505,36.7400,37.9900,36.3600,37.8900,1641997,60841799.0000,3
2022-06-06,20220606150000000,sh.603505,37.8900,37.8900,37.2800,37.5100,2328680,87682493.0000,3
2022-06-07,20220607103000000,sh.603505,37.5000,37.7900,36.8000,37.4300,2078300,77436737.0000,3
2022-06-07,20220607113000000,sh.603505,37.3200,38.2000,37.3200,37.9600,1395970,52653679.0000,3
2022-06-07,20220607140000000,sh.603505,37.9600,37.9700,37.0800,37.0800,1097352,41147829.0000,3
2022-06-07,20220607150000000,sh.603505,37.0800,37.6500,37.0800,37.5100,1061778,39714249.0000,3
2022-06-08,20220608103000000,sh.603505,38.0000,38.4500,37.3600,37.6200,2098273,79648572.0000,3
2022-06-08,20220608113000000,sh.603505,37.6200,37.6800,36.4500,36.7900,1719415,63606530.0000,3
2022-06-08,20220608140000000,sh.603505,36.7900,37.8000,36.6000,37.6000,1211100,45307479.0000,3
2022-06-08,20220608150000000,sh.603505,37.6000,37.8900,37.4700,37.8400,866105,32720357.0000,3
2022-06-09,20220609103000000,sh.603505,37.8400,38.4000,37.2800,37.9000,1910286,72803738.0000,3
2022-06-09,20220609113000000,sh.603505,37.8900,38.5000,37.8400,38.0300,1163900,44535669.0000,3
2022-06-09,20220609140000000,sh.603505,38.0300,38.1300,37.8700,38.0000,719010,27313963.0000,3
2022-06-09,20220609150000000,sh.603505,38.0000,38.8800,38.0000,38.4700,1848916,71083850.0000,3
2022-06-10,20220610103000000,sh.603505,38.5000,41.0000,38.1600,40.2400,2606386,103643812.0000,3
2022-06-10,20220610113000000,sh.603505,40.2400,41.5200,40.1500,41.2900,1985050,81153973.0000,3
2022-06-10,20220610140000000,sh.603505,41.2900,41.2900,39.8200,39.9000,1429164,57885796.0000,3
2022-06-10,20220610150000000,sh.603505,39.9000,40.1400,39.5600,39.7500,1363030,54263987.0000,3
2022-06-13,20220613103000000,sh.603505,39.7200,43.0000,39.6000,42.9800,5686856,236946719.0000,3
2022-06-13,20220613113000000,sh.603505,42.9800,43.5800,42.6600,43.1600,2101881,90606705.0000,3
2022-06-13,20220613140000000,sh.603505,43.1700,43.6600,42.5000,42.8100,1261318,54292336.0000,3
2022-06-13,20220613150000000,sh.603505,42.7900,43.0700,42.0000,42.3700,2071814,87755600.0000,3
2022-06-14,20220614103000000,sh.603505,42.3700,43.2500,41.6100,43.0400,3214560,136582745.0000,3
2022-06-14,20220614113000000,sh.603505,43.0300,43.0300,41.6500,41.8200,1597600,67400431.0000,3
2022-06-14,20220614140000000,sh.603505,41.8200,42.4500,41.7500,42.2000,1056200,44416900.0000,3
2022-06-14,20220614150000000,sh.603505,42.2000,42.3800,41.8000,42.3600,1241392,52369060.0000,3
2022-06-15,20220615103000000,sh.603505,43.0000,43.0000,40.4000,40.8600,3915455,161852817.0000,3
2022-06-15,20220615113000000,sh.603505,40.8600,41.6700,40.7800,41.1400,808060,33269848.0000,3
2022-06-15,20220615140000000,sh.603505,40.5500,41.0700,39.4400,40.3700,3786374,152126359.0000,3
2022-06-15,20220615150000000,sh.603505,40.3700,40.6900,40.0000,40.1000,1984666,79842096.0000,3
2022-06-16,20220616103000000,sh.603505,40.1000,42.7100,40.0600,42.0900,3794004,157372172.0000,3
2022-06-16,20220616113000000,sh.603505,42.0900,42.3500,41.6800,41.9600,727136,30572651.0000,3
2022-06-16,20220616140000000,sh.603505,41.9600,42.3800,41.4000,41.4200,885392,36987368.0000,3
2022-06-16,20220616150000000,sh.603505,41.4200,41.7900,41.2600,41.6200,1088064,45129185.0000,3
2022-06-17,20220617103000000,sh.603505,41.0100,42.0500,40.4000,40.5500,2543294,104802842.0000,3
2022-06-17,20220617113000000,sh.603505,40.5500,40.8100,39.8100,40.5100,2848694,114734469.0000,3
2022-06-17,20220617140000000,sh.603505,40.5200,41.6800,40.5200,41.4100,1163226,48086048.0000,3
2022-06-17,20220617150000000,sh.603505,41.4100,41.5700,41.0700,41.5000,1560468,64471553.0000,3
2022-06-20,20220620103000000,sh.603505,42.0100,42.2200,40.6100,40.9200,1771040,72663921.0000,3
2022-06-20,20220620113000000,sh.603505,40.9200,41.5000,40.9200,41.2800,781330,32251036.0000,3
2022-06-20,20220620140000000,sh.603505,41.3600,42.1000,41.3000,41.8600,1319640,55215279.0000,3
2022-06-20,20220620150000000,sh.603505,41.8600,41.8600,41.3900,41.7300,1066237,44360195.0000,3
2022-06-21,20220621103000000,sh.603505,41.1200,41.7300,39.2100,39.5500,3931696,156690219.0000,3
2022-06-21,20220621113000000,sh.603505,39.5500,39.6000,39.0500,39.3200,1633920,64163366.0000,3
2022-06-21,20220621140000000,sh.603505,39.3200,39.4600,38.1800,38.1800,2920890,113148783.0000,3
2022-06-21,20220621150000000,sh.603505,38.1800,39.3300,38.1500,39.0200,2101340,81250320.0000,3
2022-06-22,20220622103000000,sh.603505,39.1400,39.5400,38.5300,39.0600,2584940,100991783.0000,3
2022-06-22,20220622113000000,sh.603505,39.0500,39.2700,38.8300,38.9100,1318100,51394165.0000,3
2022-06-22,20220622140000000,sh.603505,38.9100,39.3900,38.9000,39.0000,1240820,48505147.0000,3
2022-06-22,20220622150000000,sh.603505,39.0200,39.1100,38.8600,38.8800,1066317,41569900.0000,3
2022-06-23,20220623103000000,sh.603505,38.9600,39.7000,37.6900,37.7800,2427242,93624982.0000,3
2022-06-23,20220623113000000,sh.603505,37.7800,38.4800,37.7000,38.3900,1646000,62699481.0000,3
2022-06-23,20220623140000000,sh.603505,38.5600,38.5600,37.9800,38.1700,1602179,61118096.0000,3
2022-06-23,20220623150000000,sh.603505,38.1700,39.2700,38.1600,39.1800,2120351,82405153.0000,3
2022-06-24,20220624103000000,sh.603505,39.2300,39.5000,38.8800,39.3200,1658886,65004992.0000,3
2022-06-24,20220624113000000,sh.603505,39.3200,39.8900,39.1300,39.2400,1316202,51936940.0000,3
2022-06-24,20220624140000000,sh.603505,39.2900,39.7700,39.1900,39.2100,973350,38338002.0000,3
2022-06-24,20220624150000000,sh.603505,39.2100,39.5400,39.1600,39.3200,1167430,45914651.0000,3
2022-06-27,20220627103000000,sh.603505,40.0000,41.0900,39.6000,41.0500,3484642,140949185.0000,3
2022-06-27,20220627113000000,sh.603505,41.0800,41.4500,40.6500,40.6600,1520012,62424627.0000,3
2022-06-27,20220627140000000,sh.603505,40.6500,41.2600,40.6500,40.9100,1426673,58522056.0000,3
2022-06-27,20220627150000000,sh.603505,40.9100,41.0000,40.4400,40.5600,1390940,56539300.0000,3
2022-06-28,20220628103000000,sh.603505,40.4100,41.1000,39.9300,40.4500,2108515,85521493.0000,3
2022-06-28,20220628113000000,sh.603505,40.4500,41.3000,40.4500,40.9700,954010,38974597.0000,3
2022-06-28,20220628140000000,sh.603505,41.0000,41.0000,40.6300,40.6300,680738,27774576.0000,3
2022-06-28,20220628150000000,sh.603505,40.6300,40.7400,40.5300,40.6200,1286500,52273671.0000,3
2022-06-29,20220629103000000,sh.603505,40.6000,40.6000,38.9000,39.7100,2963250,117272342.0000,3
2022-06-29,20220629113000000,sh.603505,39.7100,40.2800,39.6000,39.6300,1031100,41172119.0000,3
2022-06-29,20220629140000000,sh.603505,39.6300,39.8900,39.4100,39.8000,791726,31407239.0000,3
2022-06-29,20220629150000000,sh.603505,39.8100,39.8400,39.2400,39.2500,1047885,41464302.0000,3
2022-06-30,20220630103000000,sh.603505,39.6400,40.9500,39.4800,40.7400,1869839,75536816.0000,3
2022-06-30,20220630113000000,sh.603505,40.7400,40.9800,40.5500,40.5800,642621,26226590.0000,3
2022-06-30,20220630140000000,sh.603505,40.5800,40.6800,40.2500,40.4300,602877,24414021.0000,3
2022-06-30,20220630150000000,sh.603505,40.4300,40.9500,40.3900,40.9100,1401851,57114219.0000,3
2022-07-01,20220701103000000,sh.603505,41.1900,41.2500,40.2200,40.7500,1394171,56788148.0000,3
2022-07-01,20220701113000000,sh.603505,40.7500,41.5800,40.7000,41.2300,837530,34458534.0000,3
2022-07-01,20220701140000000,sh.603505,41.2300,41.6000,40.7800,41.4800,1049400,43162775.0000,3
2022-07-01,20220701150000000,sh.603505,41.4800,41.5500,41.0400,41.3300,1101082,45535432.0000,3
2022-07-04,20220704103000000,sh.603505,42.0100,43.5900,41.6000,42.9400,3830583,164287775.0000,3
2022-07-04,20220704113000000,sh.603505,42.9400,43.0300,42.5700,42.9900,881230,37729765.0000,3
2022-07-04,20220704140000000,sh.603505,42.9900,43.3500,42.8000,42.9100,1075200,46395570.0000,3
2022-07-04,20220704150000000,sh.603505,42.9100,43.1900,42.7600,42.9400,1018405,43743866.0000,3
2022-07-05,20220705103000000,sh.603505,43.5000,43.9000,42.0000,42.6800,2318011,99384983.0000,3
2022-07-05,20220705113000000,sh.603505,42.6800,43.3700,42.5100,43.3600,1106700,47497433.0000,3
2022-07-05,20220705140000000,sh.603505,43.3600,43.5300,42.6300,42.7400,1332809,57525160.0000,3
2022-07-05,20220705150000000,sh.603505,42.7400,43.7200,42.6200,43.6400,1532191,66386808.0000,3
2022-07-06,20220706103000000,sh.603505,43.8000,47.6000,43.4100,45.3500,6343700,291958512.0000,3
2022-07-06,20220706113000000,sh.603505,45.3500,45.9600,44.7400,44.8600,1793350,81258400.0000,3
2022-07-06,20220706140000000,sh.603505,44.8300,45.0100,44.1100,44.1200,1224889,54596912.0000,3
2022-07-06,20220706150000000,sh.603505,44.1200,44.9600,44.0000,44.7100,2149316,95496096.0000,3
2022-07-07,20220707103000000,sh.603505,32.3600,32.9000,31.5000,32.5400,4501971,145387649.0000,3
2022-07-07,20220707113000000,sh.603505,32.5400,32.9000,32.3400,32.7500,1135098,37091150.0000,3
2022-07-07,20220707140000000,sh.603505,32.8300,33.2800,32.5500,32.7000,1306525,42939757.0000,3
2022-07-07,20220707150000000,sh.603505,32.7000,33.1600,32.4900,33.1500,2495220,82054772.0000,3
2022-07-08,20220708103000000,sh.603505,32.1500,33.0000,31.5100,31.7100,6153391,198408845.0000,3
2022-07-08,20220708113000000,sh.603505,31.7100,32.5500,31.3100,32.4600,2095515,66464858.0000,3
2022-07-08,20220708140000000,sh.603505,32.4600,32.4600,32.0200,32.2300,889218,28633865.0000,3
2022-07-08,20220708150000000,sh.603505,32.2200,32.7200,32.2200,32.6000,1819300,59074320.0000,3
2022-07-11,20220711103000000,sh.603505,31.9900,33.0900,31.6100,31.8100,3894962,124853645.0000,3
2022-07-11,20220711113000000,sh.603505,31.8100,31.9000,31.2200,31.2700,1646999,51849587.0000,3
2022-07-11,20220711140000000,sh.603505,31.2700,31.4500,30.9100,31.0000,1714020,53344012.0000,3
2022-07-11,20220711150000000,sh.603505,30.9800,31.8500,30.9600,31.4500,1791840,56261652.0000,3
