date,time,code,open,high,low,close,volume,amount,adjustflag
2022-01-04,20220104103000000,sh.600740,6.3300,6.4200,6.3000,6.3300,39094835,248578032.0000,3
2022-01-04,20220104113000000,sh.600740,6.3300,6.3900,6.3100,6.3900,11354220,72235328.0000,3
2022-01-04,20220104140000000,sh.600740,6.3900,6.4000,6.3500,6.3600,5549189,35357280.0000,3
2022-01-04,20220104150000000,sh.600740,6.3600,6.3600,6.3200,6.3500,8411680,53329328.0000,3
2022-01-05,20220105103000000,sh.600740,6.3300,6.3300,6.2400,6.2500,18765201,118069079.0000,3
2022-01-05,20220105113000000,sh.600740,6.2500,6.2700,6.2300,6.2400,7988687,49896190.0000,3
2022-01-05,20220105140000000,sh.600740,6.2400,6.2500,6.2100,6.2300,6549288,40776577.0000,3
2022-01-05,20220105150000000,sh.600740,6.2300,6.2600,6.2100,6.2400,9623207,59977178.0000,3
2022-01-06,20220106103000000,sh.600740,6.2100,6.3100,6.2000,6.2700,13082801,82116520.0000,3
2022-01-06,20220106113000000,sh.600740,6.2700,6.2900,6.2700,6.2800,4140600,26010512.0000,3
2022-01-06,20220106140000000,sh.600740,6.2800,6.2900,6.2600,6.2600,3674639,23060573.0000,3
2022-01-06,20220106150000000,sh.600740,6.2600,6.2800,6.2600,6.2800,5929556,37170572.0000,3
2022-01-07,20220107103000000,sh.600740,6.2500,6.3000,6.2300,6.2900,13035898,81792475.0000,3
2022-01-07,20220107113000000,sh.600740,6.2900,6.3600,6.2600,6.3500,14217222,89772416.0000,3
2022-01-07,20220107140000000,sh.600740,6.3500,6.4000,6.3300,6.3800,16780955,106743813.0000,3
2022-01-07,20220107150000000,sh.600740,6.3800,6.3800,6.3200,6.3500,10497401,66627376.0000,3
2022-01-10,20220110103000000,sh.600740,6.3600,6.4200,6.3200,6.3700,22481637,143144403.0000,3
2022-01-10,20220110113000000,sh.600740,6.3600,6.3700,6.3400,6.3600,5243999,33336788.0000,3
2022-01-10,20220110140000000,sh.600740,6.3600,6.4000,6.3500,6.3900,6244730,39847290.0000,3
2022-01-10,20220110150000000,sh.600740,6.3900,6.4400,6.3600,6.4300,20875078,133939199.0000,3
2022-01-11,20220111103000000,sh.600740,6.3500,6.4300,6.3500,6.4100,16778691,106909433.0000,3
2022-01-11,20220111113000000,sh.600740,6.4000,6.4600,6.3800,6.4500,14592230,93750208.0000,3
2022-01-11,20220111140000000,sh.600740,6.4400,6.4600,6.4000,6.4200,10667944,68613863.0000,3
2022-01-11,20220111150000000,sh.600740,6.4200,6.4800,6.4200,6.4400,14622240,94258208.0000,3
2022-01-12,20220112103000000,sh.600740,6.4500,6.4700,6.3500,6.3800,15422424,98568998.0000,3
2022-01-12,20220112113000000,sh.600740,6.3800,6.4600,6.3700,6.4500,7966695,51082384.0000,3
2022-01-12,20220112140000000,sh.600740,6.4500,6.4600,6.4100,6.4300,6243385,40126507.0000,3
2022-01-12,20220112150000000,sh.600740,6.4300,6.4600,6.4200,6.4400,10224860,65848581.0000,3
2022-01-13,20220113103000000,sh.600740,6.4700,6.6700,6.4500,6.6200,66684878,438243264.0000,3
2022-01-13,20220113113000000,sh.600740,6.6200,6.6400,6.5800,6.6100,14755239,97585360.0000,3
2022-01-13,20220113140000000,sh.600740,6.6100,6.6300,6.5200,6.5400,14553050,95576816.0000,3
2022-01-13,20220113150000000,sh.600740,6.5300,6.5400,6.4700,6.5000,20997731,136532240.0000,3
2022-01-14,20220114103000000,sh.600740,6.4000,6.4400,6.2600,6.3000,38578335,243485677.0000,3
2022-01-14,20220114113000000,sh.600740,6.3000,6.3000,6.2300,6.2400,18027490,112928019.0000,3
2022-01-14,20220114140000000,sh.600740,6.2400,6.2900,6.2300,6.2400,8164619,51025824.0000,3
2022-01-14,20220114150000000,sh.600740,6.2400,6.3000,6.2300,6.2600,9742361,60980688.0000,3
2022-01-17,20220117103000000,sh.600740,6.2600,6.3000,6.2200,6.2700,14454123,90584358.0000,3
2022-01-17,20220117113000000,sh.600740,6.2700,6.3300,6.2500,6.3200,9672353,60824698.0000,3
2022-01-17,20220117140000000,sh.600740,6.3200,6.3300,6.2900,6.3000,6760859,42661309.0000,3
2022-01-17,20220117150000000,sh.600740,6.3000,6.3100,6.2700,6.3100,5959563,37494062.0000,3
2022-01-18,20220118103000000,sh.600740,6.3000,6.3100,6.2400,6.2800,12139893,76118882.0000,3
2022-01-18,20220118113000000,sh.600740,6.2800,6.4200,6.2700,6.4100,22398395,142504885.0000,3
2022-01-18,20220118140000000,sh.600740,6.4100,6.4100,6.3500,6.3500,7893562,50340553.0000,3
2022-01-18,20220118150000000,sh.600740,6.3500,6.3900,6.3400,6.3900,9999987,63690736.0000,3
2022-01-19,20220119103000000,sh.600740,6.4300,6.5300,6.4000,6.4500,35942881,232353520.0000,3
2022-01-19,20220119113000000,sh.600740,6.4600,6.4800,6.4000,6.4000,9840923,63386080.0000,3
2022-01-19,20220119140000000,sh.600740,6.4100,6.4100,6.3300,6.3400,8585700,54698176.0000,3
2022-01-19,20220119150000000,sh.600740,6.3400,6.3900,6.3300,6.3800,6732077,42817648.0000,3
2022-01-20,20220120103000000,sh.600740,6.2900,6.3800,6.2700,6.2900,17682426,111788105.0000,3
2022-01-20,20220120113000000,sh.600740,6.2900,6.3000,6.2300,6.2900,10070879,63087405.0000,3
2022-01-20,20220120140000000,sh.600740,6.2900,6.3500,6.2700,6.3000,5593384,35314705.0000,3
2022-01-20,20220120150000000,sh.600740,6.3000,6.3100,6.2700,6.3000,6629623,41696171.0000,3
2022-01-21,20220121103000000,sh.600740,6.3300,6.4100,6.3100,6.4100,28077178,178551802.0000,3
2022-01-21,20220121113000000,sh.600740,6.4000,6.4000,6.3400,6.3600,7703327,49063159.0000,3
2022-01-21,20220121140000000,sh.600740,6.3600,6.5000,6.3400,6.4700,28514103,183588127.0000,3
2022-01-21,20220121150000000,sh.600740,6.4600,6.5900,6.4500,6.5500,49269364,321755232.0000,3
2022-01-24,20220124103000000,sh.600740,6.5300,6.5300,6.3500,6.4400,36380111,233330916.0000,3
2022-01-24,20220124113000000,sh.600740,6.4500,6.4800,6.3900,6.4000,10740768,69056428.0000,3
2022-01-24,20220124140000000,sh.600740,6.4100,6.4600,6.4100,6.4200,5133621,32990176.0000,3
2022-01-24,20220124150000000,sh.600740,6.4200,6.4800,6.4100,6.4800,8607417,55457056.0000,3
2022-01-25,20220125103000000,sh.600740,6.4000,6.4200,6.1500,6.1800,36286962,227627852.0000,3
2022-01-25,20220125113000000,sh.600740,6.1800,6.2300,6.1400,6.2000,9365630,57935668.0000,3
2022-01-25,20220125140000000,sh.600740,6.1900,6.2000,6.1100,6.1600,11497886,70824208.0000,3
2022-01-25,20220125150000000,sh.600740,6.1600,6.1700,5.9900,6.0200,22918037,138719280.0000,3
2022-01-26,20220126103000000,sh.600740,5.6000,5.7000,5.4200,5.6100,69262102,381987488.0000,3
2022-01-26,20220126113000000,sh.600740,5.6000,5.6300,5.5200,5.5200,8752421,48818656.0000,3
2022-01-26,20220126140000000,sh.600740,5.5200,5.5500,5.4300,5.5100,9989078,54933696.0000,3
2022-01-26,20220126150000000,sh.600740,5.5200,5.5700,5.5100,5.5300,10555333,58490656.0000,3
2022-01-27,20220127103000000,sh.600740,5.5000,5.5800,5.3100,5.3200,24003164,131408893.0000,3
2022-01-27,20220127113000000,sh.600740,5.3300,5.4400,5.3100,5.3800,11676952,62624252.0000,3
2022-01-27,20220127140000000,sh.600740,5.3900,5.3900,5.3500,5.3600,5409884,29042771.0000,3
2022-01-27,20220127150000000,sh.600740,5.3700,5.3700,5.2400,5.2500,14602932,77243668.0000,3
2022-01-28,20220128103000000,sh.600740,5.2500,5.3000,5.0600,5.1200,23077736,118678479.0000,3
2022-01-28,20220128113000000,sh.600740,5.1200,5.2100,5.1000,5.1900,6551718,33829893.0000,3
2022-01-28,20220128140000000,sh.600740,5.1900,5.2700,5.1800,5.2400,4645721,24284520.0000,3
2022-01-28,20220128150000000,sh.600740,5.2400,5.2400,5.1500,5.2000,7799949,40483039.0000,3
2022-02-07,20220207103000000,sh.600740,5.2700,5.3600,5.2200,5.3300,19544860,103595221.0000,3
2022-02-07,20220207113000000,sh.600740,5.3300,5.3400,5.3100,5.3200,4132275,22006512.0000,3
2022-02-07,20220207140000000,sh.600740,5.3300,5.3600,5.3200,5.3500,5411224,28908959.0000,3
2022-02-07,20220207150000000,sh.600740,5.3500,5.3800,5.3300,5.3500,7146930,38279515.0000,3
2022-02-08,20220208103000000,sh.600740,5.4500,5.7100,5.4400,5.5800,41826079,232317869.0000,3
2022-02-08,20220208113000000,sh.600740,5.5800,5.6000,5.5000,5.5200,11064960,61354867.0000,3
2022-02-08,20220208140000000,sh.600740,5.5200,5.5800,5.4900,5.5600,6446240,35692288.0000,3
2022-02-08,20220208150000000,sh.600740,5.5600,5.6700,5.5500,5.6700,17838906,100546176.0000,3
2022-02-09,20220209103000000,sh.600740,5.5900,5.7700,5.5000,5.7400,31979986,181355352.0000,3
2022-02-09,20220209113000000,sh.600740,5.7300,5.7500,5.6900,5.7000,6972784,39874128.0000,3
2022-02-09,20220209140000000,sh.600740,5.7000,5.7100,5.6200,5.6500,9925954,56217992.0000,3
2022-02-09,20220209150000000,sh.600740,5.6500,5.6700,5.6300,5.6600,11710215,66121216.0000,3
2022-02-10,20220210103000000,sh.600740,5.5500,5.6900,5.5200,5.6500,18151398,102188500.0000,3
2022-02-10,20220210113000000,sh.600740,5.6600,5.7200,5.6400,5.6700,8494790,48259701.0000,3
2022-02-10,20220210140000000,sh.600740,5.6700,5.7200,5.6300,5.7200,8358706,47448070.0000,3
2022-02-10,20220210150000000,sh.600740,5.7200,5.7900,5.7000,5.7800,21794118,125376929.0000,3
2022-02-11,20220211103000000,sh.600740,5.7900,5.8900,5.7300,5.8300,31594607,183716126.0000,3
2022-02-11,20220211113000000,sh.600740,5.8400,5.9400,5.8000,5.9000,17866099,105278146.0000,3
2022-02-11,20220211140000000,sh.600740,5.9000,5.9000,5.8000,5.8000,8229880,48082368.0000,3
2022-02-11,20220211150000000,sh.600740,5.8000,5.8400,5.7800,5.8000,11475469,66535136.0000,3
2022-02-14,20220214103000000,sh.600740,5.7800,5.8500,5.7100,5.7500,20943419,121271170.0000,3
2022-02-14,20220214113000000,sh.600740,5.7500,5.7900,5.7000,5.7200,10132252,58138002.0000,3
2022-02-14,20220214140000000,sh.600740,5.7200,5.7400,5.6900,5.7000,7085822,40469841.0000,3
2022-02-14,20220214150000000,sh.600740,5.6900,5.7300,5.6600,5.7100,11159044,63519019.0000,3
2022-02-15,20220215103000000,sh.600740,5.6600,5.7000,5.6200,5.6500,11355628,64170032.0000,3
2022-02-15,20220215113000000,sh.600740,5.6500,5.6900,5.6400,5.6600,5738568,32488031.0000,3
2022-02-15,20220215140000000,sh.600740,5.6700,5.7000,5.6500,5.6600,6833900,38732274.0000,3
2022-02-15,20220215150000000,sh.600740,5.6600,5.6700,5.6000,5.6700,7416043,41835463.0000,3
2022-02-16,20220216103000000,sh.600740,5.6700,5.8000,5.6700,5.7600,12472452,71527420.0000,3
2022-02-16,20220216113000000,sh.600740,5.7600,5.7800,5.7400,5.7500,3924600,22583684.0000,3
2022-02-16,20220216140000000,sh.600740,5.7500,5.7800,5.7200,5.7600,4418227,25392336.0000,3
2022-02-16,20220216150000000,sh.600740,5.7600,5.8100,5.7500,5.8100,10968872,63432543.0000,3
2022-02-17,20220217103000000,sh.600740,5.8100,5.8300,5.7400,5.7600,8065150,46599687.0000,3
2022-02-17,20220217113000000,sh.600740,5.7700,5.8100,5.7700,5.7700,3957976,22913569.0000,3
2022-02-17,20220217140000000,sh.600740,5.7700,5.8100,5.7400,5.7900,6909551,39865354.0000,3
2022-02-17,20220217150000000,sh.600740,5.7900,5.8000,5.7400,5.7600,6194546,35712028.0000,3
2022-02-18,20220218103000000,sh.600740,5.7900,6.0100,5.7700,5.8800,36083584,214011917.0000,3
2022-02-18,20220218113000000,sh.600740,5.8800,6.0800,5.8600,6.0700,34150588,204667731.0000,3
2022-02-18,20220218140000000,sh.600740,6.0700,6.1000,5.9900,6.0000,16474984,99620464.0000,3
2022-02-18,20220218150000000,sh.600740,6.0000,6.0400,5.9800,6.0300,11860807,71292240.0000,3
2022-02-21,20220221103000000,sh.600740,6.0000,6.2600,6.0000,6.1600,51605225,317075536.0000,3
2022-02-21,20220221113000000,sh.600740,6.1600,6.2400,6.1600,6.2200,11838373,73469136.0000,3
2022-02-21,20220221140000000,sh.600740,6.2300,6.2300,6.1700,6.1800,9209412,57127136.0000,3
2022-02-21,20220221150000000,sh.600740,6.1900,6.2500,6.1800,6.2400,15049921,93694752.0000,3
2022-02-22,20220222103000000,sh.600740,6.1900,6.4200,6.1500,6.2000,49898973,314305968.0000,3
2022-02-22,20220222113000000,sh.600740,6.2000,6.2800,6.1800,6.1800,10268510,64027296.0000,3
2022-02-22,20220222140000000,sh.600740,6.1800,6.2300,6.1400,6.1900,9006202,55695760.0000,3
2022-02-22,20220222150000000,sh.600740,6.1900,6.2500,6.1600,6.2300,12988072,80772688.0000,3
2022-02-23,20220223103000000,sh.600740,6.3100,6.3200,6.0700,6.0900,23770804,146514445.0000,3
2022-02-23,20220223113000000,sh.600740,6.1000,6.1600,6.0800,6.1500,8796915,53906602.0000,3
2022-02-23,20220223140000000,sh.600740,6.1500,6.2000,6.1300,6.1900,7060873,43516197.0000,3
2022-02-23,20220223150000000,sh.600740,6.1800,6.2300,6.1800,6.2200,8582414,53295972.0000,3
2022-02-24,20220224103000000,sh.600740,6.1700,6.1900,6.1000,6.1100,15606851,95863501.0000,3
2022-02-24,20220224113000000,sh.600740,6.1000,6.1400,6.0500,6.0600,9823066,59815829.0000,3
2022-02-24,20220224140000000,sh.600740,6.0500,6.0700,5.9100,5.9800,17742373,106464031.0000,3
2022-02-24,20220224150000000,sh.600740,5.9900,5.9900,5.8700,5.9700,15677892,93085647.0000,3
2022-02-25,20220225103000000,sh.600740,5.9700,6.1200,5.9600,6.0800,17558669,106520800.0000,3
2022-02-25,20220225113000000,sh.600740,6.0800,6.0800,6.0200,6.0300,5604198,33853722.0000,3
2022-02-25,20220225140000000,sh.600740,6.0300,6.0600,5.9100,5.9200,9173490,55047934.0000,3
2022-02-25,20220225150000000,sh.600740,5.9200,5.9300,5.7500,5.8700,32935226,192218664.0000,3
2022-02-28,20220228103000000,sh.600740,5.8800,5.9500,5.8500,5.8900,15645541,92322432.0000,3
2022-02-28,20220228113000000,sh.600740,5.8900,5.9700,5.8800,5.9500,6519579,38666411.0000,3
2022-02-28,20220228140000000,sh.600740,5.9500,6.0400,5.9300,6.0400,6981200,41741030.0000,3
2022-02-28,20220228150000000,sh.600740,6.0400,6.0500,5.9900,6.0100,8206255,49333880.0000,3
2022-03-01,20220301103000000,sh.600740,6.0900,6.2500,6.0100,6.0300,27537056,168721335.0000,3
2022-03-01,20220301113000000,sh.600740,6.0300,6.1100,6.0000,6.0800,6481055,39154286.0000,3
2022-03-01,20220301140000000,sh.600740,6.0700,6.1100,6.0000,6.0400,6477345,39112495.0000,3
2022-03-01,20220301150000000,sh.600740,6.0400,6.1300,6.0300,6.1200,11239365,68557948.0000,3
2022-03-02,20220302103000000,sh.600740,6.1600,6.2500,6.1400,6.2400,31309637,194058351.0000,3
2022-03-02,20220302113000000,sh.600740,6.2400,6.3100,6.1800,6.2000,19571118,122335809.0000,3
2022-03-02,20220302140000000,sh.600740,6.2000,6.2300,6.1800,6.2000,5703770,35390640.0000,3
2022-03-02,20220302150000000,sh.600740,6.2000,6.2400,6.2000,6.2200,7911798,49239872.0000,3
2022-03-03,20220303103000000,sh.600740,6.3100,6.5100,6.2900,6.4700,63901777,411401552.0000,3
2022-03-03,20220303113000000,sh.600740,6.4800,6.4800,6.3800,6.4000,11407559,73257792.0000,3
2022-03-03,20220303140000000,sh.600740,6.4000,6.4200,6.3600,6.4000,9953784,63640064.0000,3
2022-03-03,20220303150000000,sh.600740,6.4000,6.4200,6.3700,6.3900,13830012,88401840.0000,3
2022-03-04,20220304103000000,sh.600740,6.3000,6.3900,6.1800,6.3700,38247833,239479276.0000,3
2022-03-04,20220304113000000,sh.600740,6.3700,6.6200,6.3500,6.5200,47250792,307933428.0000,3
2022-03-04,20220304140000000,sh.600740,6.5200,6.5300,6.3600,6.3900,17194523,110464192.0000,3
2022-03-04,20220304150000000,sh.600740,6.3900,6.4000,6.3300,6.3500,13035264,82975312.0000,3
2022-03-07,20220307103000000,sh.600740,6.5700,6.6600,6.4100,6.4200,78889317,516002592.0000,3
2022-03-07,20220307113000000,sh.600740,6.4100,6.4600,6.3700,6.4100,15589883,100101520.0000,3
2022-03-07,20220307140000000,sh.600740,6.4100,6.5000,6.4100,6.4200,12576652,81074544.0000,3
2022-03-07,20220307150000000,sh.600740,6.4200,6.4500,6.3700,6.4500,17556280,112632768.0000,3
2022-03-08,20220308103000000,sh.600740,6.3000,6.4300,6.1900,6.2100,36803160,231665683.0000,3
2022-03-08,20220308113000000,sh.600740,6.2100,6.2600,6.0500,6.1300,22754809,140104733.0000,3
2022-03-08,20220308140000000,sh.600740,6.1300,6.2200,6.1000,6.2200,11444567,70688464.0000,3
2022-03-08,20220308150000000,sh.600740,6.2300,6.2300,6.0800,6.0900,11781936,72216192.0000,3
2022-03-09,20220309103000000,sh.600740,6.1100,6.3900,6.1100,6.2500,37372110,234420701.0000,3
2022-03-09,20220309113000000,sh.600740,6.2500,6.2800,6.0900,6.1000,12585303,77748835.0000,3
2022-03-09,20220309140000000,sh.600740,6.1000,6.1200,5.8300,6.0100,19985923,119899200.0000,3
2022-03-09,20220309150000000,sh.600740,6.0100,6.2300,5.9800,6.1900,18263053,112196288.0000,3
2022-03-10,20220310103000000,sh.600740,6.1000,6.1500,5.8000,6.1400,46368171,277616704.0000,3
2022-03-10,20220310113000000,sh.600740,6.1400,6.1700,6.0800,6.0800,12592361,77130560.0000,3
2022-03-10,20220310140000000,sh.600740,6.0800,6.0800,5.9900,6.0100,12058328,72600480.0000,3
2022-03-10,20220310150000000,sh.600740,6.0100,6.0700,5.9900,6.0400,12303810,74174816.0000,3
2022-03-11,20220311103000000,sh.600740,6.0500,6.1700,5.8200,6.0700,37661806,226408154.0000,3
2022-03-11,20220311113000000,sh.600740,6.0800,6.0900,5.9400,5.9500,10413568,62761670.0000,3
2022-03-11,20220311140000000,sh.600740,5.9500,6.0500,5.9100,6.0400,7684301,46028368.0000,3
2022-03-11,20220311150000000,sh.600740,6.0400,6.0800,5.9800,6.0400,10521428,63507312.0000,3
2022-03-14,20220314103000000,sh.600740,5.8800,6.1800,5.8500,6.0600,31189095,188359554.0000,3
2022-03-14,20220314113000000,sh.600740,6.0600,6.0800,5.9200,5.9400,12154119,72752582.0000,3
2022-03-14,20220314140000000,sh.600740,5.9400,5.9800,5.8700,5.8800,8919000,52753064.0000,3
2022-03-14,20220314150000000,sh.600740,5.8800,5.8900,5.7800,5.7800,17796957,103868496.0000,3
2022-03-15,20220315103000000,sh.600740,5.6900,5.6900,5.2900,5.4000,46615920,252943306.0000,3
2022-03-15,20220315113000000,sh.600740,5.4000,5.5100,5.3800,5.3800,8920041,48485158.0000,3
2022-03-15,20220315140000000,sh.600740,5.3800,5.3900,5.3100,5.3100,9381550,50261408.0000,3
2022-03-15,20220315150000000,sh.600740,5.3300,5.3800,5.2000,5.2200,20631072,108392496.0000,3
2022-03-16,20220316103000000,sh.600740,5.2600,5.3400,5.0600,5.1200,25614673,132432642.0000,3
2022-03-16,20220316113000000,sh.600740,5.1200,5.1800,5.0700,5.1400,7875906,40289979.0000,3
2022-03-16,20220316140000000,sh.600740,5.1400,5.3400,5.1400,5.2900,13082169,68940238.0000,3
2022-03-16,20220316150000000,sh.600740,5.2800,5.3600,5.2800,5.3500,10857995,57882853.0000,3
2022-03-17,20220317103000000,sh.600740,5.4000,5.4400,5.3400,5.4000,18006666,96969777.0000,3
2022-03-17,20220317113000000,sh.600740,5.4000,5.5400,5.3900,5.5300,14709663,80304878.0000,3
2022-03-17,20220317140000000,sh.600740,5.5300,5.5400,5.4200,5.4200,8684965,47554935.0000,3
2022-03-17,20220317150000000,sh.600740,5.4300,5.4700,5.4000,5.4700,8316331,45232250.0000,3
2022-03-18,20220318103000000,sh.600740,5.5400,5.7600,5.4800,5.6900,39096595,221435865.0000,3
2022-03-18,20220318113000000,sh.600740,5.6900,5.8400,5.6900,5.7300,19695726,113552919.0000,3
2022-03-18,20220318140000000,sh.600740,5.7300,5.8200,5.6900,5.8100,10821529,62467152.0000,3
2022-03-18,20220318150000000,sh.600740,5.8000,5.8300,5.7800,5.8000,15503849,89934864.0000,3
2022-03-21,20220321103000000,sh.600740,5.8200,5.9400,5.7400,5.9400,29561134,172821953.0000,3
2022-03-21,20220321113000000,sh.600740,5.9300,5.9500,5.8800,5.8900,9194815,54436191.0000,3
2022-03-21,20220321140000000,sh.600740,5.8900,5.9000,5.8200,5.8600,10417002,60995520.0000,3
2022-03-21,20220321150000000,sh.600740,5.8700,5.9200,5.8600,5.9100,8708180,51360192.0000,3
2022-03-22,20220322103000000,sh.600740,5.9200,5.9500,5.8700,5.9000,19496940,115381434.0000,3
2022-03-22,20220322113000000,sh.600740,5.8900,5.9300,5.8400,5.9000,9612596,56577978.0000,3
2022-03-22,20220322140000000,sh.600740,5.9000,6.0900,5.8900,6.0300,22357586,134555628.0000,3
2022-03-22,20220322150000000,sh.600740,6.0300,6.0600,5.9800,6.0500,14197520,85589824.0000,3
2022-03-23,20220323103000000,sh.600740,6.0100,6.2300,5.9700,6.1500,37619753,231271623.0000,3
2022-03-23,20220323113000000,sh.600740,6.1500,6.1800,6.0500,6.0500,15221812,92872233.0000,3
2022-03-23,20220323140000000,sh.600740,6.0500,6.1900,6.0500,6.1500,11165992,68583328.0000,3
2022-03-23,20220323150000000,sh.600740,6.1500,6.1700,6.1200,6.1600,9657555,59389280.0000,3
2022-03-24,20220324103000000,sh.600740,6.1900,6.2600,6.1300,6.1700,26487988,164094849.0000,3
2022-03-24,20220324113000000,sh.600740,6.1800,6.2100,6.1500,6.1500,8611994,53179620.0000,3
2022-03-24,20220324140000000,sh.600740,6.1600,6.2100,6.1100,6.1800,10247186,63069435.0000,3
2022-03-24,20220324150000000,sh.600740,6.1700,6.1800,6.1100,6.1200,7477704,45873520.0000,3
2022-03-25,20220325103000000,sh.600740,6.0800,6.2000,6.0700,6.1200,18654801,114339279.0000,3
2022-03-25,20220325113000000,sh.600740,6.1200,6.1400,6.0700,6.0900,6977131,42547382.0000,3
2022-03-25,20220325140000000,sh.600740,6.0900,6.1000,6.0200,6.0600,11468680,69431747.0000,3
2022-03-25,20220325150000000,sh.600740,6.0600,6.1200,6.0400,6.0500,7911640,48056872.0000,3
2022-03-28,20220328103000000,sh.600740,6.1000,6.2100,5.9900,6.1600,25926534,157842864.0000,3
2022-03-28,20220328113000000,sh.600740,6.1500,6.2300,6.1300,6.1500,10495738,64893533.0000,3
2022-03-28,20220328140000000,sh.600740,6.1500,6.1600,6.1100,6.1500,4964369,30451314.0000,3
2022-03-28,20220328150000000,sh.600740,6.1500,6.1600,6.1000,6.1300,6464852,39560897.0000,3
2022-03-29,20220329103000000,sh.600740,6.1000,6.2100,6.0600,6.1200,15673349,96345679.0000,3
2022-03-29,20220329113000000,sh.600740,6.1300,6.1900,6.1100,6.1400,5612573,34537884.0000,3
2022-03-29,20220329140000000,sh.600740,6.1400,6.2200,6.1200,6.2200,8971203,55425748.0000,3
2022-03-29,20220329150000000,sh.600740,6.2200,6.2300,6.1500,6.1900,12156600,75192318.0000,3
2022-03-30,20220330103000000,sh.600740,6.1600,6.2100,6.0000,6.0400,24410056,148816228.0000,3
2022-03-30,20220330113000000,sh.600740,6.0300,6.0900,5.9700,6.0800,14569466,87688344.0000,3
2022-03-30,20220330140000000,sh.600740,6.0800,6.0900,6.0400,6.0600,5343379,32358964.0000,3
2022-03-30,20220330150000000,sh.600740,6.0500,6.1000,6.0200,6.0700,15602439,94622080.0000,3
2022-03-31,20220331103000000,sh.600740,6.0900,6.2200,6.0900,6.1800,27072511,166937111.0000,3
2022-03-31,20220331113000000,sh.600740,6.1800,6.2500,6.1600,6.1800,13479554,83655457.0000,3
2022-03-31,20220331140000000,sh.600740,6.1800,6.1900,6.1300,6.1400,7975628,49109544.0000,3
2022-03-31,20220331150000000,sh.600740,6.1400,6.2100,6.1400,6.1900,11753605,72714896.0000,3
2022-04-01,20220401103000000,sh.600740,6.1600,6.3600,6.1000,6.2000,38323942,240509500.0000,3
2022-04-01,20220401113000000,sh.600740,6.2000,6.2500,6.1800,6.1900,8676908,53905604.0000,3
2022-04-01,20220401140000000,sh.600740,6.1800,6.2500,6.1600,6.2300,5725436,35502416.0000,3
2022-04-01,20220401150000000,sh.600740,6.2300,6.2600,6.2100,6.2400,10066820,62834656.0000,3
2022-04-06,20220406103000000,sh.600740,6.2200,6.3500,6.0500,6.1000,31361547,192720778.0000,3
2022-04-06,20220406113000000,sh.600740,6.1000,6.2100,6.0900,6.2100,6182386,38019872.0000,3
2022-04-06,20220406140000000,sh.600740,6.2000,6.3000,6.1700,6.2700,10539698,65697190.0000,3
2022-04-06,20220406150000000,sh.600740,6.2700,6.3300,6.2400,6.3200,16935896,106553024.0000,3
2022-04-07,20220407103000000,sh.600740,6.2300,6.8900,6.2200,6.7500,84442597,550499632.0000,3
2022-04-07,20220407113000000,sh.600740,6.7400,6.7500,6.5400,6.5500,41558997,276057392.0000,3
2022-04-07,20220407140000000,sh.600740,6.5500,6.5500,6.4400,6.4800,19310814,125210528.0000,3
2022-04-07,20220407150000000,sh.600740,6.4800,6.5700,6.4600,6.5000,27100081,176422464.0000,3
2022-04-08,20220408103000000,sh.600740,6.4500,6.6100,6.2200,6.3100,79815733,513378176.0000,3
2022-04-08,20220408113000000,sh.600740,6.3100,6.4400,6.2700,6.4000,18384490,117009952.0000,3
2022-04-08,20220408140000000,sh.600740,6.4000,6.4100,6.3500,6.3900,13676767,87220128.0000,3
2022-04-08,20220408150000000,sh.600740,6.3800,6.4300,6.3700,6.4000,14821043,94785040.0000,3
2022-04-11,20220411103000000,sh.600740,6.2600,6.4200,6.1800,6.2800,38650934,243178586.0000,3
2022-04-11,20220411113000000,sh.600740,6.2800,6.3300,6.2200,6.2900,13715562,85990902.0000,3
2022-04-11,20220411140000000,sh.600740,6.2900,6.3100,6.2300,6.2500,10799024,67653072.0000,3
2022-04-11,20220411150000000,sh.600740,6.2500,6.2700,6.1100,6.1400,21970194,135484912.0000,3
2022-04-12,20220412103000000,sh.600740,6.3800,6.6500,6.3500,6.4100,81993800,531641344.0000,3
2022-04-12,20220412113000000,sh.600740,6.4100,6.4400,6.3300,6.3300,14536700,92672816.0000,3
2022-04-12,20220412140000000,sh.600740,6.3400,6.4900,6.3100,6.4400,15996876,102841072.0000,3
2022-04-12,20220412150000000,sh.600740,6.4400,6.4800,6.4200,6.4700,15602170,100718016.0000,3
2022-04-13,20220413103000000,sh.600740,6.4600,6.8100,6.4100,6.7300,92500028,614906608.0000,3
2022-04-13,20220413113000000,sh.600740,6.7300,6.8600,6.6900,6.8400,40708718,276318688.0000,3
2022-04-13,20220413140000000,sh.600740,6.8500,7.0000,6.8400,6.9200,38753125,267832976.0000,3
2022-04-13,20220413150000000,sh.600740,6.9200,6.9300,6.8000,6.8600,32133199,220343552.0000,3
2022-04-14,20220414103000000,sh.600740,6.8600,7.4000,6.7800,7.2800,116498325,828946704.0000,3
2022-04-14,20220414113000000,sh.600740,7.2700,7.3300,7.1600,7.3000,21813677,158120080.0000,3
2022-04-14,20220414140000000,sh.600740,7.3100,7.5500,7.3100,7.5500,38384244,287886032.0000,3
2022-04-14,20220414150000000,sh.600740,7.5500,7.5500,7.5500,7.5500,3688398,27847408.0000,3
2022-04-15,20220415103000000,sh.600740,7.7700,8.2600,7.6200,7.7100,188338232,1501631008.0000,3
2022-04-15,20220415113000000,sh.600740,7.7100,7.8400,7.5500,7.6600,42173455,323815472.0000,3
2022-04-15,20220415140000000,sh.600740,7.6500,7.7800,7.4500,7.5200,28813139,219275664.0000,3
2022-04-15,20220415150000000,sh.600740,7.5100,7.6000,7.3000,7.4200,56267814,417834128.0000,3
2022-04-18,20220418103000000,sh.600740,7.1400,7.6600,7.0500,7.3300,113399242,835897712.0000,3
2022-04-18,20220418113000000,sh.600740,7.3300,7.5000,7.2500,7.2600,24664754,181784896.0000,3
2022-04-18,20220418140000000,sh.600740,7.2400,7.2900,7.1900,7.2200,21033263,152074816.0000,3
2022-04-18,20220418150000000,sh.600740,7.2100,7.2500,7.1100,7.2100,27413360,196427104.0000,3
2022-04-19,20220419103000000,sh.600740,7.2800,7.4500,7.0800,7.3400,74862921,547935552.0000,3
2022-04-19,20220419113000000,sh.600740,7.3400,7.4400,7.3000,7.3900,19170607,141366256.0000,3
2022-04-19,20220419140000000,sh.600740,7.3900,7.3900,7.1600,7.2600,24766207,179234768.0000,3
2022-04-19,20220419150000000,sh.600740,7.2600,7.3400,7.2200,7.3100,24976057,182263392.0000,3
2022-04-20,20220420103000000,sh.600740,7.1400,7.2400,6.9300,7.0300,65209712,459856928.0000,3
2022-04-20,20220420113000000,sh.600740,7.0200,7.1000,6.9700,7.0200,15470356,108491040.0000,3
2022-04-20,20220420140000000,sh.600740,7.0300,7.0300,6.7800,6.8400,31348927,216073168.0000,3
2022-04-20,20220420150000000,sh.600740,6.8300,6.9000,6.7300,6.7600,33948916,230736096.0000,3
2022-04-21,20220421103000000,sh.600740,6.8000,7.0700,6.7600,6.8300,72103198,499148144.0000,3
2022-04-21,20220421113000000,sh.600740,6.8200,6.8700,6.6800,6.7000,18294883,123381520.0000,3
2022-04-21,20220421140000000,sh.600740,6.7000,6.8500,6.6200,6.6500,20154870,135780256.0000,3
2022-04-21,20220421150000000,sh.600740,6.6500,6.7000,6.5900,6.6400,19610714,130074368.0000,3
2022-04-22,20220422103000000,sh.600740,6.4600,6.7600,6.4000,6.6600,46415561,306733792.0000,3
2022-04-22,20220422113000000,sh.600740,6.6600,6.7300,6.6200,6.7000,12548630,83709920.0000,3
2022-04-22,20220422140000000,sh.600740,6.7000,6.7900,6.7000,6.7700,14876125,100458464.0000,3
2022-04-22,20220422150000000,sh.600740,6.7700,6.7800,6.6800,6.7100,14707563,98800064.0000,3
2022-04-25,20220425103000000,sh.600740,6.4500,6.4500,6.0700,6.1400,63613063,394082416.0000,3
2022-04-25,20220425113000000,sh.600740,6.1400,6.3100,6.1100,6.2400,18778375,116049888.0000,3
2022-04-25,20220425140000000,sh.600740,6.2300,6.3300,6.1500,6.1700,12394064,77189760.0000,3
2022-04-25,20220425150000000,sh.600740,6.1700,6.2200,6.0900,6.1100,18773437,115182816.0000,3
2022-04-26,20220426103000000,sh.600740,5.5800,5.6900,5.5000,5.5000,63627300,351918928.0000,3
2022-04-26,20220426113000000,sh.600740,5.5000,5.5700,5.5000,5.5000,27835092,153368672.0000,3
2022-04-26,20220426140000000,sh.600740,5.5000,5.5000,5.5000,5.5000,2208300,12145648.0000,3
2022-04-26,20220426150000000,sh.600740,5.5000,5.5000,5.5000,5.5000,1238300,6810656.0000,3
2022-04-27,20220427103000000,sh.600740,5.1000,5.2300,4.9600,5.0100,85418728,433923840.0000,3
2022-04-27,20220427113000000,sh.600740,5.0000,5.0900,4.9900,5.0200,26626871,133634432.0000,3
2022-04-27,20220427140000000,sh.600740,5.0300,5.6700,5.0300,5.4800,46426319,246621072.0000,3
2022-04-27,20220427150000000,sh.600740,5.4800,5.5300,5.3800,5.5000,25522350,139943840.0000,3
2022-04-28,20220428103000000,sh.600740,5.3600,5.4800,5.2600,5.4300,55701173,299795408.0000,3
2022-04-28,20220428113000000,sh.600740,5.4300,5.6900,5.4100,5.4400,46839195,260498576.0000,3
2022-04-28,20220428140000000,sh.600740,5.4400,5.4900,5.3700,5.4900,13550365,73267632.0000,3
2022-04-28,20220428150000000,sh.600740,5.4700,5.5300,5.4000,5.4900,20813819,113868912.0000,3
2022-04-29,20220429103000000,sh.600740,5.5300,5.5700,5.3500,5.4500,44142191,241990691.0000,3
2022-04-29,20220429113000000,sh.600740,5.4500,5.4700,5.3600,5.4100,18297496,98989341.0000,3
2022-04-29,20220429140000000,sh.600740,5.4000,5.5600,5.4000,5.5400,28704748,158456736.0000,3
2022-04-29,20220429150000000,sh.600740,5.5400,5.6000,5.5400,5.5800,24069979,134160240.0000,3
2022-05-05,20220505103000000,sh.600740,5.6200,5.7400,5.5100,5.5500,43806260,245944365.0000,3
2022-05-05,20220505113000000,sh.600740,5.5500,5.6000,5.5000,5.5800,10441408,57894419.0000,3
2022-05-05,20220505140000000,sh.600740,5.5800,5.6200,5.5400,5.6000,13033094,72662064.0000,3
2022-05-05,20220505150000000,sh.600740,5.6100,5.6100,5.5400,5.5700,13976815,77786384.0000,3
2022-05-06,20220506103000000,sh.600740,5.4000,5.5200,5.3500,5.4700,32179032,175415678.0000,3
2022-05-06,20220506113000000,sh.600740,5.4700,5.4900,5.3100,5.3200,21476353,116004130.0000,3
2022-05-06,20220506140000000,sh.600740,5.3200,5.4300,5.3200,5.3800,8103561,43544464.0000,3
2022-05-06,20220506150000000,sh.600740,5.3700,5.3800,5.3100,5.3400,14449296,77250560.0000,3
2022-05-09,20220509103000000,sh.600740,5.2600,5.3700,5.2200,5.3000,28644747,151312778.0000,3
2022-05-09,20220509113000000,sh.600740,5.2900,5.3200,5.2700,5.3000,7159209,37894922.0000,3
2022-05-09,20220509140000000,sh.600740,5.3000,5.3400,5.2700,5.2800,7986219,42272915.0000,3
2022-05-09,20220509150000000,sh.600740,5.2800,5.3200,5.2800,5.3100,8578480,45482809.0000,3
2022-05-10,20220510103000000,sh.600740,5.1800,5.2400,5.0400,5.2400,32683162,167679716.0000,3
2022-05-10,20220510113000000,sh.600740,5.2500,5.2800,5.2000,5.2300,9973032,52210889.0000,3
2022-05-10,20220510140000000,sh.600740,5.2300,5.2900,5.2200,5.2600,8149630,42863222.0000,3
2022-05-10,20220510150000000,sh.600740,5.2600,5.2800,5.2500,5.2800,12600540,66353725.0000,3
2022-05-11,20220511103000000,sh.600740,5.2600,5.4000,5.2400,5.3800,24497504,130881476.0000,3
2022-05-11,20220511113000000,sh.600740,5.3800,5.4000,5.3500,5.4000,10623996,57086860.0000,3
2022-05-11,20220511140000000,sh.600740,5.4000,5.4200,5.3700,5.3800,14850627,80165344.0000,3
2022-05-11,20220511150000000,sh.600740,5.3800,5.4300,5.3400,5.3600,18885699,101430144.0000,3
2022-05-12,20220512103000000,sh.600740,5.3500,5.4500,5.3100,5.3200,25956000,139513519.0000,3
2022-05-12,20220512113000000,sh.600740,5.3200,5.3200,5.2400,5.2900,14054336,74097534.0000,3
2022-05-12,20220512140000000,sh.600740,5.3000,5.3100,5.1800,5.2000,13311977,69644915.0000,3
2022-05-12,20220512150000000,sh.600740,5.2000,5.2800,5.2000,5.2700,7756752,40679936.0000,3
2022-05-13,20220513103000000,sh.600740,5.2200,5.3300,5.2200,5.2600,20758348,109638065.0000,3
2022-05-13,20220513113000000,sh.600740,5.2600,5.3100,5.2500,5.3000,8041130,42453880.0000,3
2022-05-13,20220513140000000,sh.600740,5.3000,5.3100,5.2600,5.2800,5951441,31444948.0000,3
2022-05-13,20220513150000000,sh.600740,5.2800,5.3000,5.2700,5.2800,12321157,65116809.0000,3
2022-05-16,20220516103000000,sh.600740,5.3100,5.4100,5.2900,5.3900,30104850,161322640.0000,3
2022-05-16,20220516113000000,sh.600740,5.4000,5.4200,5.3500,5.3800,15880061,85666032.0000,3
2022-05-16,20220516140000000,sh.600740,5.3900,5.4500,5.3500,5.4400,16457538,88964672.0000,3
2022-05-16,20220516150000000,sh.600740,5.4400,5.4500,5.3800,5.4500,21451742,116426352.0000,3
2022-05-17,20220517103000000,sh.600740,5.4500,5.5000,5.3300,5.3500,32787670,177588053.0000,3
2022-05-17,20220517113000000,sh.600740,5.3500,5.4100,5.3400,5.3800,7137437,38396086.0000,3
2022-05-17,20220517140000000,sh.600740,5.3800,5.4200,5.3600,5.3900,6566970,35383716.0000,3
2022-05-17,20220517150000000,sh.600740,5.3900,5.4300,5.3600,5.4100,11609774,62682737.0000,3
2022-05-18,20220518103000000,sh.600740,5.3700,5.3900,5.3100,5.3200,19280597,103005230.0000,3
2022-05-18,20220518113000000,sh.600740,5.3300,5.3400,5.3100,5.3300,8705488,46313337.0000,3
2022-05-18,20220518140000000,sh.600740,5.3200,5.3700,5.3200,5.3300,7566411,40419477.0000,3
2022-05-18,20220518150000000,sh.600740,5.3300,5.3600,5.3000,5.3300,15021515,80010452.0000,3
2022-05-19,20220519103000000,sh.600740,5.2000,5.2300,5.1400,5.2100,19657905,102126137.0000,3
2022-05-19,20220519113000000,sh.600740,5.2000,5.2700,5.2000,5.2500,5866156,30727052.0000,3
2022-05-19,20220519140000000,sh.600740,5.2600,5.2900,5.2300,5.2800,6504145,34226766.0000,3
2022-05-19,20220519150000000,sh.600740,5.2800,5.3300,5.2700,5.3200,11309875,60015709.0000,3
2022-05-20,20220520103000000,sh.600740,5.3100,5.3900,5.3000,5.3900,22635550,121330929.0000,3
2022-05-20,20220520113000000,sh.600740,5.3900,5.4800,5.3800,5.4400,29345800,159609615.0000,3
2022-05-20,20220520140000000,sh.600740,5.4500,5.5100,5.4400,5.4800,20689122,113244288.0000,3
2022-05-20,20220520150000000,sh.600740,5.4900,5.5500,5.4600,5.5400,26476459,146224768.0000,3
2022-05-23,20220523103000000,sh.600740,5.5800,5.7900,5.5000,5.7100,61861751,350101136.0000,3
2022-05-23,20220523113000000,sh.600740,5.7000,5.7300,5.6200,5.6300,14809086,84041408.0000,3
2022-05-23,20220523140000000,sh.600740,5.6200,5.6700,5.6100,5.6500,8554484,48247200.0000,3
2022-05-23,20220523150000000,sh.600740,5.6500,5.6700,5.6300,5.6600,12508407,70654800.0000,3
2022-05-24,20220524103000000,sh.600740,5.6300,5.7600,5.6100,5.7400,43560793,247900530.0000,3
2022-05-24,20220524113000000,sh.600740,5.7400,5.8800,5.7100,5.7300,38596605,224035278.0000,3
2022-05-24,20220524140000000,sh.600740,5.7200,5.7700,5.6800,5.7300,16797310,96164576.0000,3
2022-05-24,20220524150000000,sh.600740,5.7300,5.7300,5.5700,5.5700,24887922,140441120.0000,3
2022-05-25,20220525103000000,sh.600740,5.5300,5.6800,5.4700,5.6500,37874803,211731087.0000,3
2022-05-25,20220525113000000,sh.600740,5.6400,5.6900,5.5900,5.6700,12346243,69654417.0000,3
2022-05-25,20220525140000000,sh.600740,5.6600,5.7500,5.6600,5.6800,14893512,84892928.0000,3
2022-05-25,20220525150000000,sh.600740,5.6800,5.7000,5.6300,5.7000,15516321,88007696.0000,3
2022-05-26,20220526103000000,sh.600740,5.6600,5.7900,5.6300,5.7700,38808489,221457668.0000,3
2022-05-26,20220526113000000,sh.600740,5.7600,5.8000,5.7000,5.7700,13582969,78016556.0000,3
2022-05-26,20220526140000000,sh.600740,5.7600,5.9000,5.7400,5.8400,38105619,222240224.0000,3
2022-05-26,20220526150000000,sh.600740,5.8400,5.8800,5.8000,5.8700,21620904,126364976.0000,3
2022-05-27,20220527103000000,sh.600740,5.8900,6.0400,5.7700,6.0300,60861825,359169536.0000,3
2022-05-27,20220527113000000,sh.600740,6.0300,6.3000,5.9700,6.1400,49414688,302681120.0000,3
2022-05-27,20220527140000000,sh.600740,6.1500,6.1500,6.0400,6.1000,26996406,164287824.0000,3
2022-05-27,20220527150000000,sh.600740,6.1000,6.1500,6.0300,6.1400,28117558,171341552.0000,3
2022-05-30,20220530103000000,sh.600740,6.1400,6.2300,5.9000,5.9600,59104757,356402160.0000,3
2022-05-30,20220530113000000,sh.600740,5.9600,5.9800,5.9200,5.9400,15370518,91377232.0000,3
2022-05-30,20220530140000000,sh.600740,5.9400,6.0300,5.9200,5.9500,17910153,107258704.0000,3
2022-05-30,20220530150000000,sh.600740,5.9500,6.0200,5.9500,6.0200,15745358,94381504.0000,3
2022-05-31,20220531103000000,sh.600740,6.0000,6.0000,5.8100,5.8400,41134012,242507199.0000,3
2022-05-31,20220531113000000,sh.600740,5.8400,5.8700,5.7900,5.8500,19546382,113812833.0000,3
2022-05-31,20220531140000000,sh.600740,5.8500,5.8800,5.8300,5.8400,8415951,49225040.0000,3
2022-05-31,20220531150000000,sh.600740,5.8400,5.8800,5.8400,5.8800,14955149,87663712.0000,3
2022-06-01,20220601103000000,sh.600740,5.8700,5.9500,5.8200,5.8400,25576180,150681514.0000,3
2022-06-01,20220601113000000,sh.600740,5.8400,5.9200,5.8300,5.8700,10159623,59599544.0000,3
2022-06-01,20220601140000000,sh.600740,5.8700,5.8900,5.8100,5.8700,9638746,56334804.0000,3
2022-06-01,20220601150000000,sh.600740,5.8700,6.0300,5.8600,6.0200,32946713,196534218.0000,3
2022-06-02,20220602103000000,sh.600740,5.9500,5.9500,5.8100,5.8700,29016517,170629126.0000,3
2022-06-02,20220602113000000,sh.600740,5.8700,5.8900,5.8300,5.8900,8432500,49396417.0000,3
2022-06-02,20220602140000000,sh.600740,5.8900,5.9100,5.8600,5.8800,6872933,40431561.0000,3
2022-06-02,20220602150000000,sh.600740,5.8800,5.9000,5.8500,5.8800,13761888,80814448.0000,3
2022-06-06,20220606103000000,sh.600740,5.9300,6.0300,5.9000,5.9600,33236491,198747226.0000,3
2022-06-06,20220606113000000,sh.600740,5.9600,5.9800,5.9300,5.9800,10404987,61986059.0000,3
2022-06-06,20220606140000000,sh.600740,5.9800,6.0900,5.9700,6.0400,25297069,152398299.0000,3
2022-06-06,20220606150000000,sh.600740,6.0300,6.0700,6.0300,6.0600,17863310,108148240.0000,3
2022-06-07,20220607103000000,sh.600740,6.0400,6.1000,5.9500,6.0600,33100529,198899907.0000,3
2022-06-07,20220607113000000,sh.600740,6.0600,6.1000,6.0400,6.0400,15356199,93205821.0000,3
2022-06-07,20220607140000000,sh.600740,6.0400,6.0500,5.9800,5.9800,11050339,66364160.0000,3
2022-06-07,20220607150000000,sh.600740,5.9800,6.0100,5.9800,6.0000,10678946,64063552.0000,3
2022-06-08,20220608103000000,sh.600740,6.0000,6.1800,6.0000,6.0900,45080044,275463344.0000,3
2022-06-08,20220608113000000,sh.600740,6.0900,6.1000,5.9700,5.9800,19169362,115874096.0000,3
2022-06-08,20220608140000000,sh.600740,5.9700,6.2500,5.9400,6.2200,34382766,210232192.0000,3
2022-06-08,20220608150000000,sh.600740,6.2200,6.3000,6.1800,6.2800,31818709,198694144.0000,3
2022-06-09,20220609103000000,sh.600740,6.2800,6.4500,6.1500,6.3300,71458482,448393104.0000,3
2022-06-09,20220609113000000,sh.600740,6.3200,6.4300,6.2800,6.3800,25546643,162355488.0000,3
2022-06-09,20220609140000000,sh.600740,6.3700,6.3900,6.2800,6.2900,14746719,93133280.0000,3
2022-06-09,20220609150000000,sh.600740,6.3000,6.9100,6.3000,6.6400,65888852,439115968.0000,3
2022-06-10,20220610103000000,sh.600740,6.3400,6.4900,6.2500,6.4100,48736218,310561200.0000,3
2022-06-10,20220610113000000,sh.600740,6.4100,6.5500,6.3800,6.4800,20781817,134238512.0000,3
2022-06-10,20220610140000000,sh.600740,6.4900,6.6200,6.4600,6.5100,25368803,165857472.0000,3
2022-06-10,20220610150000000,sh.600740,6.5100,6.5500,6.4700,6.4800,26424505,171789088.0000,3
2022-06-13,20220613103000000,sh.600740,6.3700,6.5500,6.2500,6.2900,52017028,333067328.0000,3
2022-06-13,20220613113000000,sh.600740,6.3000,6.3800,6.2600,6.3100,15993115,100900384.0000,3
2022-06-13,20220613140000000,sh.600740,6.3200,6.3500,6.2600,6.2700,13142767,82679568.0000,3
2022-06-13,20220613150000000,sh.600740,6.2800,6.3400,6.2000,6.3100,20027161,125586208.0000,3
2022-06-14,20220614103000000,sh.600740,6.2000,6.5000,6.1800,6.4200,48793977,311118368.0000,3
2022-06-14,20220614113000000,sh.600740,6.4100,6.7400,6.4000,6.6000,45532258,298194528.0000,3
2022-06-14,20220614140000000,sh.600740,6.6000,6.6600,6.5200,6.6300,21916529,144849920.0000,3
2022-06-14,20220614150000000,sh.600740,6.6200,6.6900,6.5600,6.6800,27081383,179707376.0000,3
2022-06-15,20220615103000000,sh.600740,6.6200,6.6600,6.4700,6.5300,53555121,351446640.0000,3
2022-06-15,20220615113000000,sh.600740,6.5400,6.6000,6.5100,6.5900,16656901,109154656.0000,3
2022-06-15,20220615140000000,sh.600740,6.5900,6.6500,6.5200,6.6200,16120709,106261280.0000,3
2022-06-15,20220615150000000,sh.600740,6.6200,6.6200,6.4300,6.4300,28488915,185622848.0000,3
2022-06-16,20220616103000000,sh.600740,6.3600,6.5000,6.2300,6.2500,51298495,325888976.0000,3
2022-06-16,20220616113000000,sh.600740,6.2500,6.3500,6.2500,6.3500,12985559,81719760.0000,3
2022-06-16,20220616140000000,sh.600740,6.3500,6.3600,6.2300,6.2300,14742558,92510944.0000,3
2022-06-16,20220616150000000,sh.600740,6.2300,6.2900,6.1400,6.2500,23334291,145220320.0000,3
2022-06-17,20220617103000000,sh.600740,6.1600,6.2900,6.1300,6.1600,29113800,180393168.0000,3
2022-06-17,20220617113000000,sh.600740,6.1700,6.2200,6.1100,6.1500,12277867,75539544.0000,3
2022-06-17,20220617140000000,sh.600740,6.1500,6.2100,6.1300,6.1500,11006856,67861384.0000,3
2022-06-17,20220617150000000,sh.600740,6.1600,6.2000,6.1300,6.1800,14264422,87968032.0000,3
2022-06-20,20220620103000000,sh.600740,6.0200,6.0300,5.7500,5.7800,61953178,363799504.0000,3
2022-06-20,20220620113000000,sh.600740,5.7900,5.8600,5.7800,5.8400,12465792,72650304.0000,3
2022-06-20,20220620140000000,sh.600740,5.8400,5.8900,5.8200,5.8500,8735388,51089168.0000,3
2022-06-20,20220620150000000,sh.600740,5.8500,5.8800,5.8200,5.8200,14363301,83895296.0000,3
2022-06-21,20220621103000000,sh.600740,5.8000,5.9200,5.7800,5.8500,28215345,165769861.0000,3
2022-06-21,20220621113000000,sh.600740,5.8600,5.8800,5.8300,5.8600,5674145,33223282.0000,3
2022-06-21,20220621140000000,sh.600740,5.8700,5.8700,5.8100,5.8200,6273100,36625931.0000,3
2022-06-21,20220621150000000,sh.600740,5.8200,5.8600,5.7800,5.8600,10989482,63986878.0000,3
2022-06-22,20220622103000000,sh.600740,5.8600,5.9500,5.8300,5.8600,17328616,101785148.0000,3
2022-06-22,20220622113000000,sh.600740,5.8600,5.8600,5.8100,5.8300,8596961,50213304.0000,3
2022-06-22,20220622140000000,sh.600740,5.8300,5.8400,5.7000,5.7400,19729499,113599208.0000,3
2022-06-22,20220622150000000,sh.600740,5.7400,5.7500,5.6400,5.6600,18818505,106797780.0000,3
2022-06-23,20220623103000000,sh.600740,5.6500,5.7000,5.6000,5.6500,18533545,104659805.0000,3
2022-06-23,20220623113000000,sh.600740,5.6500,5.7700,5.6500,5.7400,9491758,54268903.0000,3
2022-06-23,20220623140000000,sh.600740,5.7400,5.7800,5.7300,5.7700,8383204,48271211.0000,3
2022-06-23,20220623150000000,sh.600740,5.7700,5.7900,5.7600,5.7800,9680683,55919665.0000,3
2022-06-24,20220624103000000,sh.600740,5.7900,5.8900,5.7200,5.8500,20604160,119971078.0000,3
2022-06-24,20220624113000000,sh.600740,5.8500,5.8500,5.7700,5.7800,8419704,48859147.0000,3
2022-06-24,20220624140000000,sh.600740,5.7800,5.8000,5.7600,5.7800,5575218,32205013.0000,3
2022-06-24,20220624150000000,sh.600740,5.7900,5.8000,5.7600,5.7700,8395319,48533749.0000,3
2022-06-27,20220627103000000,sh.600740,5.8000,5.9400,5.7600,5.9100,29980188,176135940.0000,3
2022-06-27,20220627113000000,sh.600740,5.9000,5.9200,5.8700,5.8800,9140000,53895883.0000,3
2022-06-27,20220627140000000,sh.600740,5.8700,5.9000,5.8400,5.8800,8370497,49114497.0000,3
2022-06-27,20220627150000000,sh.600740,5.8800,5.9400,5.8700,5.9400,18793401,111291440.0000,3
2022-06-28,20220628103000000,sh.600740,5.9500,6.0200,5.9100,5.9500,26010165,155058799.0000,3
2022-06-28,20220628113000000,sh.600740,5.9400,5.9800,5.9300,5.9400,8296189,49341464.0000,3
2022-06-28,20220628140000000,sh.600740,5.9500,5.9700,5.9300,5.9600,8421340,50095332.0000,3
2022-06-28,20220628150000000,sh.600740,5.9500,6.0100,5.9500,6.0100,12747101,76276661.0000,3
2022-06-29,20220629103000000,sh.600740,6.0000,6.0600,5.9100,5.9300,27147071,162617864.0000,3
2022-06-29,20220629113000000,sh.600740,5.9400,5.9600,5.9000,5.9100,10332806,61232023.0000,3
2022-06-29,20220629140000000,sh.600740,5.9100,5.9400,5.8800,5.9300,7908417,46661921.0000,3
2022-06-29,20220629150000000,sh.600740,5.9200,5.9600,5.8900,5.9100,9787988,57915968.0000,3
2022-06-30,20220630103000000,sh.600740,5.8500,5.9100,5.8400,5.8600,13389450,78634378.0000,3
2022-06-30,20220630113000000,sh.600740,5.8600,5.9000,5.8600,5.8800,6555640,38525328.0000,3
2022-06-30,20220630140000000,sh.600740,5.8800,5.8900,5.8500,5.8600,6257464,36687166.0000,3
2022-06-30,20220630150000000,sh.600740,5.8600,5.8700,5.8000,5.8200,13322422,77748913.0000,3
2022-07-01,20220701103000000,sh.600740,5.7800,5.8000,5.6100,5.7700,24755893,141055252.0000,3
2022-07-01,20220701113000000,sh.600740,5.7700,5.8400,5.7400,5.8000,6757076,39130818.0000,3
2022-07-01,20220701140000000,sh.600740,5.8000,5.8800,5.8000,5.8600,8448680,49344828.0000,3
2022-07-01,20220701150000000,sh.600740,5.8600,5.8700,5.8100,5.8700,6264731,36626216.0000,3
2022-07-04,20220704103000000,sh.600740,5.8000,5.9300,5.7800,5.8100,13146546,76953781.0000,3
2022-07-04,20220704113000000,sh.600740,5.8100,5.8400,5.7900,5.8200,5746630,33381458.0000,3
2022-07-04,20220704140000000,sh.600740,5.8300,5.8400,5.8000,5.8200,4217368,24558501.0000,3
2022-07-04,20220704150000000,sh.600740,5.8200,5.8300,5.8000,5.8200,7563915,43961177.0000,3
2022-07-05,20220705103000000,sh.600740,5.8600,6.0100,5.8500,5.9900,38537339,229017304.0000,3
2022-07-05,20220705113000000,sh.600740,5.9900,5.9900,5.9100,5.9600,11068040,65876936.0000,3
2022-07-05,20220705140000000,sh.600740,5.9600,5.9800,5.9200,5.9200,8337860,49621888.0000,3
2022-07-05,20220705150000000,sh.600740,5.9200,6.0000,5.9100,5.9900,15816765,94367936.0000,3
2022-07-06,20220706103000000,sh.600740,5.8900,5.8900,5.7000,5.7400,33500059,193670566.0000,3
2022-07-06,20220706113000000,sh.600740,5.7400,5.7700,5.7200,5.7200,7104874,40775629.0000,3
2022-07-06,20220706140000000,sh.600740,5.7200,5.7500,5.7100,5.7100,6495648,37156173.0000,3
2022-07-06,20220706150000000,sh.600740,5.7100,5.7300,5.6800,5.7200,10204317,58222448.0000,3
2022-07-07,20220707103000000,sh.600740,5.7100,5.7700,5.6600,5.7400,10715705,61184206.0000,3
2022-07-07,20220707113000000,sh.600740,5.7400,5.7900,5.7200,5.7800,7542132,43387579.0000,3
2022-07-07,20220707140000000,sh.600740,5.7800,5.7900,5.7300,5.7500,4250969,24481584.0000,3
2022-07-07,20220707150000000,sh.600740,5.7500,5.7700,5.7200,5.7400,5806796,33329245.0000,3
2022-07-08,20220708103000000,sh.600740,5.7700,5.8200,5.7200,5.7700,11303832,65082340.0000,3
2022-07-08,20220708113000000,sh.600740,5.7700,5.7700,5.7300,5.7500,3014061,17325042.0000,3
2022-07-08,20220708140000000,sh.600740,5.7500,5.7500,5.7100,5.7100,3886090,22237670.0000,3
2022-07-08,20220708150000000,sh.600740,5.7100,5.7200,5.6800,5.6800,8698935,49532734.0000,3
2022-07-11,20220711103000000,sh.600740,5.6400,5.6400,5.5300,5.5600,14994318,83447689.0000,3
2022-07-11,20220711113000000,sh.600740,5.5500,5.5600,5.4900,5.5100,9963625,54978501.0000,3
2022-07-11,20220711140000000,sh.600740,5.5100,5.5300,5.5000,5.5200,3610791,19901153.0000,3
2022-07-11,20220711150000000,sh.600740,5.5200,5.5600,5.4900,5.5500,6861765,37875427.0000,3
