date,time,code,open,high,low,close,volume,amount,adjustflag
2022-01-04,20220104103000000,sh.600423,4.1300,4.1800,4.0900,4.1600,4389400,18115277.0000,3
2022-01-04,20220104113000000,sh.600423,4.1600,4.2100,4.1400,4.2100,2032400,8487065.0000,3
2022-01-04,20220104140000000,sh.600423,4.2100,4.2200,4.1800,4.1900,1422628,5976472.0000,3
2022-01-04,20220104150000000,sh.600423,4.1900,4.2100,4.1700,4.2100,1606621,6737686.0000,3
2022-01-05,20220105103000000,sh.600423,4.2000,4.4000,4.1600,4.3100,8872800,38303427.0000,3
2022-01-05,20220105113000000,sh.600423,4.3000,4.6300,4.2800,4.6300,13272413,60338282.0000,3
2022-01-05,20220105140000000,sh.600423,4.6300,4.6300,4.6000,4.6300,7969605,36889297.0000,3
2022-01-05,20220105150000000,sh.600423,4.6300,4.6300,4.6300,4.6300,2591300,11997719.0000,3
2022-01-06,20220106103000000,sh.600423,4.6300,4.8500,4.4600,4.7900,30083885,140542134.0000,3
2022-01-06,20220106113000000,sh.600423,4.7800,4.7900,4.6600,4.6900,4033600,19049037.0000,3
2022-01-06,20220106140000000,sh.600423,4.6900,4.7200,4.6500,4.6600,2532500,11859011.0000,3
2022-01-06,20220106150000000,sh.600423,4.6500,4.7400,4.6300,4.7400,5656700,26488621.0000,3
2022-01-07,20220107103000000,sh.600423,4.6100,4.7500,4.5400,4.7100,14913093,68937990.0000,3
2022-01-07,20220107113000000,sh.600423,4.7100,4.7200,4.6100,4.6200,2443650,11375855.0000,3
2022-01-07,20220107140000000,sh.600423,4.6200,4.6600,4.5800,4.5900,2114900,9754728.0000,3
2022-01-07,20220107150000000,sh.600423,4.5900,4.6400,4.5400,4.5400,4611350,21112213.0000,3
2022-01-10,20220110103000000,sh.600423,4.4600,4.6400,4.4600,4.5500,6834410,31064697.0000,3
2022-01-10,20220110113000000,sh.600423,4.5500,4.5900,4.5300,4.5400,1417000,6444501.0000,3
2022-01-10,20220110140000000,sh.600423,4.5400,4.6000,4.5100,4.5200,2554850,11611600.0000,3
2022-01-10,20220110150000000,sh.600423,4.5300,4.5700,4.4800,4.5400,5021000,22780594.0000,3
2022-01-11,20220111103000000,sh.600423,4.5000,4.9900,4.4900,4.6700,23447500,112563474.0000,3
2022-01-11,20220111113000000,sh.600423,4.6700,4.7300,4.6500,4.6900,2599300,12226087.0000,3
2022-01-11,20220111140000000,sh.600423,4.7000,4.8300,4.6600,4.7000,3754300,17818834.0000,3
2022-01-11,20220111150000000,sh.600423,4.7000,4.7400,4.6500,4.7200,4849500,22715048.0000,3
2022-01-12,20220112103000000,sh.600423,4.7600,4.7800,4.5100,4.5900,14323500,66122047.0000,3
2022-01-12,20220112113000000,sh.600423,4.5900,4.6200,4.5600,4.6000,2269200,10406227.0000,3
2022-01-12,20220112140000000,sh.600423,4.6000,4.6100,4.5500,4.5700,1954200,8940471.0000,3
2022-01-12,20220112150000000,sh.600423,4.5800,4.6400,4.5600,4.6400,3160900,14531972.0000,3
2022-01-13,20220113103000000,sh.600423,4.5600,4.6100,4.4600,4.5100,7555961,34158120.0000,3
2022-01-13,20220113113000000,sh.600423,4.5200,4.5400,4.5000,4.5200,1408700,6360411.0000,3
2022-01-13,20220113140000000,sh.600423,4.5200,4.5500,4.4700,4.4900,2167100,9746646.0000,3
2022-01-13,20220113150000000,sh.600423,4.4900,4.5000,4.4700,4.4700,3246522,14538069.0000,3
2022-01-14,20220114103000000,sh.600423,4.5200,4.5500,4.4000,4.4300,3786100,16969460.0000,3
2022-01-14,20220114113000000,sh.600423,4.4300,4.4400,4.3700,4.4100,2976300,13112303.0000,3
2022-01-14,20220114140000000,sh.600423,4.4200,4.4300,4.3900,4.4100,1180300,5205709.0000,3
2022-01-14,20220114150000000,sh.600423,4.4100,4.4100,4.3600,4.3800,2813861,12318495.0000,3
2022-01-17,20220117103000000,sh.600423,4.3800,4.4200,4.3200,4.3600,3862200,16852333.0000,3
2022-01-17,20220117113000000,sh.600423,4.3600,4.4000,4.3600,4.3900,1071800,4702468.0000,3
2022-01-17,20220117140000000,sh.600423,4.4000,4.4200,4.3900,4.4000,1104400,4861770.0000,3
2022-01-17,20220117150000000,sh.600423,4.4000,4.4300,4.3800,4.4300,2394700,10545872.0000,3
2022-01-18,20220118103000000,sh.600423,4.4100,4.4200,4.2600,4.2700,5118302,22091975.0000,3
2022-01-18,20220118113000000,sh.600423,4.2700,4.3100,4.2300,4.2800,2850600,12154776.0000,3
2022-01-18,20220118140000000,sh.600423,4.2800,4.2800,4.2300,4.2300,1340800,5691882.0000,3
2022-01-18,20220118150000000,sh.600423,4.2400,4.2500,4.2000,4.2200,2827600,11935794.0000,3
2022-01-19,20220119103000000,sh.600423,4.2400,4.3000,4.2000,4.2600,3554596,15123873.0000,3
2022-01-19,20220119113000000,sh.600423,4.2600,4.3000,4.2500,4.2700,1219200,5210642.0000,3
2022-01-19,20220119140000000,sh.600423,4.2700,4.2800,4.2500,4.2700,905600,3860785.0000,3
2022-01-19,20220119150000000,sh.600423,4.2700,4.2900,4.2600,4.2800,2230000,9539282.0000,3
2022-01-20,20220120103000000,sh.600423,4.3100,4.3200,4.1300,4.1600,4475700,18769882.0000,3
2022-01-20,20220120113000000,sh.600423,4.1600,4.2200,4.1100,4.1900,2794700,11593436.0000,3
2022-01-20,20220120140000000,sh.600423,4.1800,4.1900,4.1600,4.1700,831100,3468856.0000,3
2022-01-20,20220120150000000,sh.600423,4.1700,4.1700,4.1100,4.1400,2886575,11938582.0000,3
2022-01-21,20220121103000000,sh.600423,4.1600,4.2300,4.1300,4.2200,2837900,11894760.0000,3
2022-01-21,20220121113000000,sh.600423,4.2200,4.3000,4.2000,4.2500,3181200,13533631.0000,3
2022-01-21,20220121140000000,sh.600423,4.2500,4.2500,4.1800,4.2000,1053600,4439674.0000,3
2022-01-21,20220121150000000,sh.600423,4.2100,4.2100,4.1700,4.2000,1388904,5820204.0000,3
2022-01-24,20220124103000000,sh.600423,4.2200,4.2300,4.1200,4.2100,2492000,10399426.0000,3
2022-01-24,20220124113000000,sh.600423,4.2100,4.2500,4.1900,4.2000,1185700,5004380.0000,3
2022-01-24,20220124140000000,sh.600423,4.2000,4.2100,4.1700,4.1900,685800,2868456.0000,3
2022-01-24,20220124150000000,sh.600423,4.1900,4.1900,4.1600,4.1900,928000,3875445.0000,3
2022-01-25,20220125103000000,sh.600423,4.1800,4.2000,4.0200,4.0200,3788900,15482069.0000,3
2022-01-25,20220125113000000,sh.600423,4.0200,4.0700,3.9800,4.0300,1104404,4441920.0000,3
2022-01-25,20220125140000000,sh.600423,4.0300,4.0300,3.9800,4.0100,1138800,4558981.0000,3
2022-01-25,20220125150000000,sh.600423,4.0100,4.0200,3.9000,3.9500,2356800,9313619.0000,3
2022-01-26,20220126103000000,sh.600423,3.9600,4.0300,3.9000,3.9800,2025900,8026135.0000,3
2022-01-26,20220126113000000,sh.600423,3.9800,3.9900,3.9300,3.9300,433200,1715505.0000,3
2022-01-26,20220126140000000,sh.600423,3.9300,3.9600,3.9100,3.9500,1024054,4034688.0000,3
2022-01-26,20220126150000000,sh.600423,3.9500,3.9600,3.9300,3.9500,991000,3912019.0000,3
2022-01-27,20220127103000000,sh.600423,3.9500,4.0100,3.9100,3.9400,2154350,8535170.0000,3
2022-01-27,20220127113000000,sh.600423,3.9500,3.9700,3.9300,3.9300,672200,2649585.0000,3
2022-01-27,20220127140000000,sh.600423,3.9500,3.9500,3.9000,3.9400,751400,2952041.0000,3
2022-01-27,20220127150000000,sh.600423,3.9400,3.9500,3.8000,3.8900,2269100,8799604.0000,3
2022-01-28,20220128103000000,sh.600423,3.8900,3.9300,3.8000,3.8600,2100600,8109363.0000,3
2022-01-28,20220128113000000,sh.600423,3.8600,3.9400,3.8400,3.9200,875000,3410628.0000,3
2022-01-28,20220128140000000,sh.600423,3.9300,3.9500,3.9100,3.9400,799627,3145353.0000,3
2022-01-28,20220128150000000,sh.600423,3.9500,3.9700,3.8900,3.8900,2187800,8586608.0000,3
2022-02-07,20220207103000000,sh.600423,4.0400,4.1900,3.9800,4.1500,4861600,19811261.0000,3
2022-02-07,20220207113000000,sh.600423,4.1500,4.1700,4.1000,4.1100,754600,3121108.0000,3
2022-02-07,20220207140000000,sh.600423,4.1200,4.1300,4.0900,4.1200,584500,2403476.0000,3
2022-02-07,20220207150000000,sh.600423,4.1200,4.1300,4.0800,4.1300,1201900,4935954.0000,3
2022-02-08,20220208103000000,sh.600423,4.0700,4.1800,4.0700,4.1400,2123100,8775719.0000,3
2022-02-08,20220208113000000,sh.600423,4.1400,4.1700,4.1100,4.1400,749700,3099646.0000,3
2022-02-08,20220208140000000,sh.600423,4.1500,4.1700,4.1400,4.1600,548500,2279227.0000,3
2022-02-08,20220208150000000,sh.600423,4.1600,4.1900,4.1500,4.1700,1252600,5224656.0000,3
2022-02-09,20220209103000000,sh.600423,4.1600,4.1700,4.1000,4.1200,2198000,9085369.0000,3
2022-02-09,20220209113000000,sh.600423,4.1200,4.1400,4.1000,4.1300,942000,3876101.0000,3
2022-02-09,20220209140000000,sh.600423,4.1300,4.1500,4.1100,4.1100,847600,3495695.0000,3
2022-02-09,20220209150000000,sh.600423,4.1100,4.1400,4.1100,4.1400,1076900,4446809.0000,3
2022-02-10,20220210103000000,sh.600423,4.1100,4.1600,4.1000,4.1200,1336001,5513951.0000,3
2022-02-10,20220210113000000,sh.600423,4.1200,4.1500,4.1200,4.1300,491600,2033797.0000,3
2022-02-10,20220210140000000,sh.600423,4.1300,4.1400,4.1000,4.1100,752199,3093469.0000,3
2022-02-10,20220210150000000,sh.600423,4.1100,4.1500,4.1000,4.1500,857100,3544847.0000,3
2022-02-11,20220211103000000,sh.600423,4.1300,4.1300,4.0300,4.0600,2367900,9636082.0000,3
2022-02-11,20220211113000000,sh.600423,4.0500,4.0800,4.0400,4.0600,438250,1779573.0000,3
2022-02-11,20220211140000000,sh.600423,4.0600,4.0700,4.0400,4.0500,529600,2147899.0000,3
2022-02-11,20220211150000000,sh.600423,4.0500,4.0600,4.0300,4.0400,1072700,4334699.0000,3
2022-02-14,20220214103000000,sh.600423,4.0100,4.1100,4.0000,4.0600,1488800,6043823.0000,3
2022-02-14,20220214113000000,sh.600423,4.0600,4.1000,4.0600,4.1000,373110,1525203.0000,3
2022-02-14,20220214140000000,sh.600423,4.1000,4.1100,4.0800,4.0800,694700,2842804.0000,3
2022-02-14,20220214150000000,sh.600423,4.0800,4.1300,4.0800,4.1100,1312301,5387815.0000,3
2022-02-15,20220215103000000,sh.600423,4.1400,4.1500,4.0400,4.0500,1137600,4633823.0000,3
2022-02-15,20220215113000000,sh.600423,4.0500,4.0600,4.0400,4.0500,661400,2680101.0000,3
2022-02-15,20220215140000000,sh.600423,4.0500,4.0500,4.0100,4.0200,1157400,4658781.0000,3
2022-02-15,20220215150000000,sh.600423,4.0200,4.0600,4.0000,4.0600,1411400,5683138.0000,3
2022-02-16,20220216103000000,sh.600423,4.0800,4.1000,4.0400,4.0900,943502,3845626.0000,3
2022-02-16,20220216113000000,sh.600423,4.0900,4.1700,4.0900,4.1700,1505100,6224466.0000,3
2022-02-16,20220216140000000,sh.600423,4.1700,4.1900,4.1600,4.1700,2085800,8705356.0000,3
2022-02-16,20220216150000000,sh.600423,4.1500,4.1800,4.1400,4.1700,1248527,5194133.0000,3
2022-02-17,20220217103000000,sh.600423,4.1900,4.2000,4.1100,4.1600,2067000,8587359.0000,3
2022-02-17,20220217113000000,sh.600423,4.1600,4.2200,4.1500,4.2200,942000,3942009.0000,3
2022-02-17,20220217140000000,sh.600423,4.2200,4.2400,4.1700,4.1800,1206127,5062368.0000,3
2022-02-17,20220217150000000,sh.600423,4.1800,4.1900,4.1600,4.1800,1283073,5356092.0000,3
2022-02-18,20220218103000000,sh.600423,4.1700,4.1800,4.1200,4.1500,1452900,6024791.0000,3
2022-02-18,20220218113000000,sh.600423,4.1500,4.1700,4.1400,4.1600,409851,1702120.0000,3
2022-02-18,20220218140000000,sh.600423,4.1700,4.1900,4.1600,4.1800,622400,2597677.0000,3
2022-02-18,20220218150000000,sh.600423,4.1800,4.2000,4.1700,4.1900,1105256,4626453.0000,3
2022-02-21,20220221103000000,sh.600423,4.2000,4.2500,4.1700,4.1800,1785500,7514319.0000,3
2022-02-21,20220221113000000,sh.600423,4.1800,4.2400,4.1700,4.2400,627700,2631789.0000,3
2022-02-21,20220221140000000,sh.600423,4.2400,4.2700,4.2200,4.2700,1333900,5664629.0000,3
2022-02-21,20220221150000000,sh.600423,4.2700,4.2700,4.2500,4.2700,998101,4255389.0000,3
2022-02-22,20220222103000000,sh.600423,4.2400,4.3200,4.2100,4.3100,2718000,11615807.0000,3
2022-02-22,20220222113000000,sh.600423,4.3100,4.4300,4.3100,4.3600,3618942,15858049.0000,3
2022-02-22,20220222140000000,sh.600423,4.3400,4.3900,4.3300,4.3500,1185600,5166187.0000,3
2022-02-22,20220222150000000,sh.600423,4.3500,4.3800,4.3400,4.3700,1700400,7415525.0000,3
2022-02-23,20220223103000000,sh.600423,4.3800,4.4100,4.3000,4.3400,2295300,9984136.0000,3
2022-02-23,20220223113000000,sh.600423,4.3400,4.3700,4.3400,4.3500,738901,3213197.0000,3
2022-02-23,20220223140000000,sh.600423,4.3500,4.4100,4.3400,4.3900,2831300,12374322.0000,3
2022-02-23,20220223150000000,sh.600423,4.3900,4.4000,4.3800,4.3900,1290300,5664493.0000,3
2022-02-24,20220224103000000,sh.600423,4.3800,4.7000,4.3500,4.4900,8342351,38036664.0000,3
2022-02-24,20220224113000000,sh.600423,4.4900,4.5000,4.4400,4.4400,1263200,5641416.0000,3
2022-02-24,20220224140000000,sh.600423,4.4400,4.4400,4.3500,4.3700,3591400,15779758.0000,3
2022-02-24,20220224150000000,sh.600423,4.3700,4.4200,4.3000,4.4000,3807101,16606840.0000,3
2022-02-25,20220225103000000,sh.600423,4.3900,4.5300,4.3400,4.4500,5048300,22357203.0000,3
2022-02-25,20220225113000000,sh.600423,4.4500,4.4800,4.4100,4.4600,1649000,7330884.0000,3
2022-02-25,20220225140000000,sh.600423,4.4600,4.5200,4.4500,4.4700,1604900,7210598.0000,3
2022-02-25,20220225150000000,sh.600423,4.4700,4.4900,4.4400,4.4900,2193700,9788938.0000,3
2022-02-28,20220228103000000,sh.600423,4.4900,4.5000,4.2900,4.3400,5465556,23818899.0000,3
2022-02-28,20220228113000000,sh.600423,4.3400,4.3600,4.3300,4.3400,699600,3038031.0000,3
2022-02-28,20220228140000000,sh.600423,4.3400,4.3500,4.3100,4.3300,1208900,5232665.0000,3
2022-02-28,20220228150000000,sh.600423,4.3300,4.3400,4.3000,4.3400,2553300,11026582.0000,3
2022-03-01,20220301103000000,sh.600423,4.3400,4.3500,4.2600,4.2800,2697000,11576635.0000,3
2022-03-01,20220301113000000,sh.600423,4.2700,4.2800,4.2200,4.2700,1530700,6508761.0000,3
2022-03-01,20220301140000000,sh.600423,4.2700,4.3000,4.2600,4.2800,1151500,4924631.0000,3
2022-03-01,20220301150000000,sh.600423,4.2800,4.3100,4.2700,4.3000,1167900,5011496.0000,3
2022-03-02,20220302103000000,sh.600423,4.3300,4.3700,4.2800,4.3600,1989000,8601092.0000,3
2022-03-02,20220302113000000,sh.600423,4.3600,4.3700,4.3300,4.3400,852500,3707994.0000,3
2022-03-02,20220302140000000,sh.600423,4.3400,4.3600,4.3300,4.3500,762700,3313353.0000,3
2022-03-02,20220302150000000,sh.600423,4.3500,4.3600,4.3400,4.3500,1129800,4913229.0000,3
2022-03-03,20220303103000000,sh.600423,4.3200,4.4200,4.3100,4.3900,3183004,13938217.0000,3
2022-03-03,20220303113000000,sh.600423,4.3900,4.4100,4.3600,4.3700,1092400,4797039.0000,3
2022-03-03,20220303140000000,sh.600423,4.3800,4.3900,4.3500,4.3600,751300,3279869.0000,3
2022-03-03,20220303150000000,sh.600423,4.3600,4.4200,4.3600,4.4100,2122600,9329831.0000,3
2022-03-04,20220304103000000,sh.600423,4.4000,4.4600,4.3600,4.3800,3081101,13585296.0000,3
2022-03-04,20220304113000000,sh.600423,4.3800,4.3900,4.3400,4.3500,1059500,4620955.0000,3
2022-03-04,20220304140000000,sh.600423,4.3500,4.3700,4.3400,4.3500,1170000,5091326.0000,3
2022-03-04,20220304150000000,sh.600423,4.3400,4.3600,4.3100,4.3600,1782000,7731755.0000,3
2022-03-07,20220307103000000,sh.600423,4.3500,4.5400,4.3200,4.4500,5591702,24894355.0000,3
2022-03-07,20220307113000000,sh.600423,4.4500,4.4700,4.3900,4.4000,1149400,5101400.0000,3
2022-03-07,20220307140000000,sh.600423,4.3900,4.4300,4.3700,4.3900,1189900,5229640.0000,3
2022-03-07,20220307150000000,sh.600423,4.3800,4.3900,4.3500,4.3800,1892500,8278975.0000,3
2022-03-08,20220308103000000,sh.600423,4.3300,4.3600,4.1900,4.2100,5138600,21903214.0000,3
2022-03-08,20220308113000000,sh.600423,4.2100,4.3700,4.2100,4.2600,3017300,12966073.0000,3
2022-03-08,20220308140000000,sh.600423,4.2700,4.3100,4.2600,4.2800,477600,2043226.0000,3
2022-03-08,20220308150000000,sh.600423,4.2800,4.2800,4.1600,4.2200,2224900,9364408.0000,3
2022-03-09,20220309103000000,sh.600423,4.2100,4.2800,4.1200,4.1300,2947700,12271774.0000,3
2022-03-09,20220309113000000,sh.600423,4.1300,4.1500,4.0700,4.0700,2329300,9572819.0000,3
2022-03-09,20220309140000000,sh.600423,4.0600,4.0700,3.9100,3.9900,3642500,14577531.0000,3
2022-03-09,20220309150000000,sh.600423,3.9900,4.1600,3.9500,4.1000,3219604,13035714.0000,3
2022-03-10,20220310103000000,sh.600423,4.1200,4.2000,4.0500,4.1700,2588300,10729491.0000,3
2022-03-10,20220310113000000,sh.600423,4.1700,4.1900,4.1500,4.1900,771800,3221702.0000,3
2022-03-10,20220310140000000,sh.600423,4.1800,4.1900,4.1500,4.1800,651500,2714644.0000,3
2022-03-10,20220310150000000,sh.600423,4.1700,4.1800,4.1400,4.1700,905800,3771361.0000,3
2022-03-11,20220311103000000,sh.600423,4.1100,4.2100,4.0600,4.1800,2100800,8654752.0000,3
2022-03-11,20220311113000000,sh.600423,4.1900,4.2500,4.1400,4.1500,1885100,7924044.0000,3
2022-03-11,20220311140000000,sh.600423,4.1500,4.2200,4.1200,4.2100,817000,3401888.0000,3
2022-03-11,20220311150000000,sh.600423,4.2100,4.2400,4.1900,4.2200,1343800,5670922.0000,3
2022-03-14,20220314103000000,sh.600423,4.2200,4.3200,4.1900,4.2800,3422100,14600784.0000,3
2022-03-14,20220314113000000,sh.600423,4.2800,4.2800,4.2000,4.2200,1699400,7201860.0000,3
2022-03-14,20220314140000000,sh.600423,4.2100,4.2600,4.1800,4.2400,1281800,5421184.0000,3
2022-03-14,20220314150000000,sh.600423,4.2400,4.2400,4.1500,4.1600,1380600,5788407.0000,3
2022-03-15,20220315103000000,sh.600423,4.1500,4.1800,4.0000,4.0700,3979656,16245981.0000,3
2022-03-15,20220315113000000,sh.600423,4.0700,4.1600,4.0700,4.0700,1615100,6643618.0000,3
2022-03-15,20220315140000000,sh.600423,4.0700,4.0900,4.0000,4.0100,2185000,8830449.0000,3
2022-03-15,20220315150000000,sh.600423,4.0100,4.0500,3.9200,3.9200,3468200,13814578.0000,3
2022-03-16,20220316103000000,sh.600423,4.0000,4.0100,3.8500,3.8800,2730492,10726777.0000,3
2022-03-16,20220316113000000,sh.600423,3.8800,3.9300,3.8300,3.8900,1672400,6488596.0000,3
2022-03-16,20220316140000000,sh.600423,3.8900,3.9900,3.8900,3.9800,1806700,7144703.0000,3
2022-03-16,20220316150000000,sh.600423,3.9800,4.0300,3.9700,4.0100,1996001,7979685.0000,3
2022-03-17,20220317103000000,sh.600423,4.0800,4.0800,3.9800,4.0100,2370900,9531420.0000,3
2022-03-17,20220317113000000,sh.600423,4.0100,4.0400,4.0000,4.0300,1120800,4497096.0000,3
2022-03-17,20220317140000000,sh.600423,4.0300,4.0700,3.9900,3.9900,1380500,5552819.0000,3
2022-03-17,20220317150000000,sh.600423,4.0000,4.0000,3.9600,3.9800,1743500,6929199.0000,3
2022-03-18,20220318103000000,sh.600423,4.0000,4.0200,3.9400,4.0100,1212500,4845933.0000,3
2022-03-18,20220318113000000,sh.600423,4.0100,4.0300,3.9700,3.9800,1034300,4143459.0000,3
2022-03-18,20220318140000000,sh.600423,3.9800,4.0400,3.9700,4.0300,962800,3861228.0000,3
2022-03-18,20220318150000000,sh.600423,4.0300,4.0400,4.0200,4.0400,849400,3423610.0000,3
2022-03-21,20220321103000000,sh.600423,4.0300,4.1400,4.0100,4.1100,1957800,7972995.0000,3
2022-03-21,20220321113000000,sh.600423,4.1100,4.1100,4.0700,4.1000,871500,3567975.0000,3
2022-03-21,20220321140000000,sh.600423,4.1000,4.1000,4.0300,4.0600,1094800,4440765.0000,3
2022-03-21,20220321150000000,sh.600423,4.0600,4.0900,4.0600,4.0900,600492,2451158.0000,3
2022-03-22,20220322103000000,sh.600423,4.0900,4.1100,4.0500,4.0700,1452500,5917068.0000,3
2022-03-22,20220322113000000,sh.600423,4.0700,4.1500,4.0600,4.1400,1515500,6251371.0000,3
2022-03-22,20220322140000000,sh.600423,4.1400,4.1400,4.0700,4.0900,933000,3834596.0000,3
2022-03-22,20220322150000000,sh.600423,4.0900,4.1200,4.0800,4.1200,874000,3578566.0000,3
2022-03-23,20220323103000000,sh.600423,4.1200,4.1600,4.1000,4.1400,1114700,4614831.0000,3
2022-03-23,20220323113000000,sh.600423,4.1500,4.3900,4.1300,4.2900,6719213,28586625.0000,3
2022-03-23,20220323140000000,sh.600423,4.2900,4.3400,4.2300,4.2600,3190100,13647284.0000,3
2022-03-23,20220323150000000,sh.600423,4.2600,4.3000,4.2400,4.2800,2929357,12539637.0000,3
2022-03-24,20220324103000000,sh.600423,4.3500,4.3500,4.2500,4.2800,4082160,17528465.0000,3
2022-03-24,20220324113000000,sh.600423,4.2800,4.3000,4.2500,4.2600,1757700,7507102.0000,3
2022-03-24,20220324140000000,sh.600423,4.2600,4.2700,4.2100,4.2500,1849912,7835184.0000,3
2022-03-24,20220324150000000,sh.600423,4.2500,4.2500,4.2200,4.2400,1373410,5812663.0000,3
2022-03-25,20220325103000000,sh.600423,4.2200,4.2600,4.2000,4.2200,1766000,7459834.0000,3
2022-03-25,20220325113000000,sh.600423,4.2200,4.2500,4.2100,4.2300,675800,2862942.0000,3
2022-03-25,20220325140000000,sh.600423,4.2200,4.2600,4.2000,4.2200,1661410,7032189.0000,3
2022-03-25,20220325150000000,sh.600423,4.2200,4.2300,4.1900,4.2000,1680700,7068633.0000,3
2022-03-28,20220328103000000,sh.600423,4.2400,4.2400,4.1200,4.1700,1926700,8005100.0000,3
2022-03-28,20220328113000000,sh.600423,4.1700,4.2200,4.1500,4.1800,1012741,4244503.0000,3
2022-03-28,20220328140000000,sh.600423,4.1700,4.1800,4.1400,4.1700,976200,4062855.0000,3
2022-03-28,20220328150000000,sh.600423,4.1700,4.2000,4.1400,4.2000,933200,3890929.0000,3
2022-03-29,20220329103000000,sh.600423,4.2000,4.4600,4.1600,4.3200,7271700,31500546.0000,3
2022-03-29,20220329113000000,sh.600423,4.3200,4.3500,4.3100,4.3200,1291100,5584410.0000,3
2022-03-29,20220329140000000,sh.600423,4.3100,4.3900,4.3100,4.3800,2030200,8835651.0000,3
2022-03-29,20220329150000000,sh.600423,4.3800,4.3900,4.3300,4.3500,2434900,10616465.0000,3
2022-03-30,20220330103000000,sh.600423,4.3400,4.3500,4.2600,4.2700,3437400,14755379.0000,3
2022-03-30,20220330113000000,sh.600423,4.2700,4.2900,4.2300,4.2700,1464800,6236501.0000,3
2022-03-30,20220330140000000,sh.600423,4.2900,4.2900,4.2500,4.2500,1021500,4348816.0000,3
2022-03-30,20220330150000000,sh.600423,4.2600,4.3100,4.2500,4.3000,1773100,7593525.0000,3
2022-03-31,20220331103000000,sh.600423,4.3000,4.3800,4.2500,4.3700,2516900,10853491.0000,3
2022-03-31,20220331113000000,sh.600423,4.3700,4.4000,4.3400,4.3700,2387200,10439761.0000,3
2022-03-31,20220331140000000,sh.600423,4.3700,4.3800,4.3300,4.3600,1786100,7767988.0000,3
2022-03-31,20220331150000000,sh.600423,4.3600,4.3700,4.3300,4.3500,1696183,7386556.0000,3
2022-04-01,20220401103000000,sh.600423,4.3100,4.3900,4.2900,4.3000,1826300,7934956.0000,3
2022-04-01,20220401113000000,sh.600423,4.2900,4.3300,4.2900,4.3100,756500,3259610.0000,3
2022-04-01,20220401140000000,sh.600423,4.3100,4.3500,4.3000,4.3400,572500,2479676.0000,3
2022-04-01,20220401150000000,sh.600423,4.3500,4.3800,4.3300,4.3700,2386800,10416281.0000,3
2022-04-06,20220406103000000,sh.600423,4.3700,4.4500,4.3300,4.4200,3265100,14357850.0000,3
2022-04-06,20220406113000000,sh.600423,4.4200,4.4400,4.4100,4.4300,1373900,6087905.0000,3
2022-04-06,20220406140000000,sh.600423,4.4400,4.4700,4.4300,4.4400,2051600,9124045.0000,3
2022-04-06,20220406150000000,sh.600423,4.4400,4.4400,4.4100,4.4400,1192700,5282614.0000,3
2022-04-07,20220407103000000,sh.600423,4.4400,4.4400,4.3200,4.3400,2460200,10735728.0000,3
2022-04-07,20220407113000000,sh.600423,4.3300,4.3400,4.3000,4.3100,1254000,5417562.0000,3
2022-04-07,20220407140000000,sh.600423,4.3200,4.3400,4.3000,4.3400,704900,3040660.0000,3
2022-04-07,20220407150000000,sh.600423,4.3400,4.3600,4.3000,4.3200,1306800,5651151.0000,3
2022-04-08,20220408103000000,sh.600423,4.3000,4.3400,4.2300,4.2800,1853600,7936670.0000,3
2022-04-08,20220408113000000,sh.600423,4.2800,4.5000,4.2600,4.4400,4789000,21081240.0000,3
2022-04-08,20220408140000000,sh.600423,4.4500,4.5400,4.4300,4.4500,3267800,14637763.0000,3
2022-04-08,20220408150000000,sh.600423,4.4500,4.4600,4.4000,4.4500,2056500,9117185.0000,3
2022-04-11,20220411103000000,sh.600423,4.4000,4.4400,4.3300,4.3300,3902400,17129970.0000,3
2022-04-11,20220411113000000,sh.600423,4.3300,4.3800,4.3200,4.3600,1007200,4381837.0000,3
2022-04-11,20220411140000000,sh.600423,4.3800,4.3800,4.3100,4.3300,1459700,6325716.0000,3
2022-04-11,20220411150000000,sh.600423,4.3300,4.3500,4.2600,4.3200,2307402,9924224.0000,3
2022-04-12,20220412103000000,sh.600423,4.3100,4.3300,4.2300,4.2600,2206200,9418217.0000,3
2022-04-12,20220412113000000,sh.600423,4.2600,4.2900,4.2000,4.2100,2034300,8598486.0000,3
2022-04-12,20220412140000000,sh.600423,4.1900,4.3000,4.1800,4.2800,1410900,6002002.0000,3
2022-04-12,20220412150000000,sh.600423,4.2800,4.3100,4.2700,4.3000,1566300,6726447.0000,3
2022-04-13,20220413103000000,sh.600423,4.2000,4.3400,4.2000,4.2300,2069500,8826462.0000,3
2022-04-13,20220413113000000,sh.600423,4.2300,4.2400,4.1900,4.2300,1515400,6386841.0000,3
2022-04-13,20220413140000000,sh.600423,4.2300,4.2600,4.2100,4.2400,589500,2500049.0000,3
2022-04-13,20220413150000000,sh.600423,4.2400,4.2500,4.2000,4.2200,1252100,5284803.0000,3
2022-04-14,20220414103000000,sh.600423,4.2200,4.2600,4.1300,4.1900,2448701,10223560.0000,3
2022-04-14,20220414113000000,sh.600423,4.1800,4.1900,4.1300,4.1500,920000,3819880.0000,3
2022-04-14,20220414140000000,sh.600423,4.1500,4.2000,4.1100,4.1900,1559000,6456650.0000,3
2022-04-14,20220414150000000,sh.600423,4.1900,4.2000,4.1700,4.1900,1529100,6397957.0000,3
2022-04-15,20220415103000000,sh.600423,4.1900,4.6100,4.1800,4.6100,28846132,131944999.0000,3
2022-04-15,20220415113000000,sh.600423,4.6100,4.6100,4.4200,4.4200,13595667,61548749.0000,3
2022-04-15,20220415140000000,sh.600423,4.4200,4.4400,4.3400,4.3900,4542200,19948586.0000,3
2022-04-15,20220415150000000,sh.600423,4.3800,4.4500,4.3600,4.4200,4261544,18725319.0000,3
2022-04-18,20220418103000000,sh.600423,4.1100,4.2400,3.9800,4.2000,23720367,97933509.0000,3
2022-04-18,20220418113000000,sh.600423,4.2000,4.2900,4.1800,4.1900,5738900,24222521.0000,3
2022-04-18,20220418140000000,sh.600423,4.1900,4.2200,4.1600,4.1800,3697900,15475314.0000,3
2022-04-18,20220418150000000,sh.600423,4.1800,4.2400,4.1400,4.2400,5046300,21103897.0000,3
2022-04-19,20220419103000000,sh.600423,4.1800,4.6600,4.1300,4.6600,23268334,105231414.0000,3
2022-04-19,20220419113000000,sh.600423,4.6600,4.6600,4.6600,4.6600,652300,3039718.0000,3
2022-04-19,20220419140000000,sh.600423,4.6600,4.6600,4.6600,4.6600,1047300,4880418.0000,3
2022-04-19,20220419150000000,sh.600423,4.6600,4.6600,4.6600,4.6600,1053600,4909776.0000,3
2022-04-20,20220420103000000,sh.600423,4.6600,4.8200,4.5800,4.6500,36105202,168977968.0000,3
2022-04-20,20220420113000000,sh.600423,4.6500,4.7200,4.6300,4.6600,3710232,17317606.0000,3
2022-04-20,20220420140000000,sh.600423,4.6600,4.8800,4.6500,4.7600,18358262,88069114.0000,3
2022-04-20,20220420150000000,sh.600423,4.7600,4.8200,4.6400,4.7000,8437143,39737072.0000,3
2022-04-21,20220421103000000,sh.600423,4.6600,4.7700,4.5400,4.5800,22587893,104591645.0000,3
2022-04-21,20220421113000000,sh.600423,4.5700,4.6200,4.5400,4.5400,4866695,22215933.0000,3
2022-04-21,20220421140000000,sh.600423,4.5500,4.5800,4.5100,4.5200,4486500,20382747.0000,3
2022-04-21,20220421150000000,sh.600423,4.5300,4.5500,4.4700,4.5200,6231001,28081446.0000,3
2022-04-22,20220422103000000,sh.600423,4.4700,4.5700,4.2600,4.2900,17780100,77782473.0000,3
2022-04-22,20220422113000000,sh.600423,4.2900,4.2900,4.1900,4.2300,6947494,29471123.0000,3
2022-04-22,20220422140000000,sh.600423,4.2300,4.2500,4.1000,4.2400,5830600,24403613.0000,3
2022-04-22,20220422150000000,sh.600423,4.2200,4.2800,4.1900,4.2400,4622568,19549378.0000,3
2022-04-25,20220425103000000,sh.600423,4.1100,4.2100,3.9500,3.9800,11858400,48483632.0000,3
2022-04-25,20220425113000000,sh.600423,3.9800,4.0200,3.9000,3.9300,4835843,19129716.0000,3
2022-04-25,20220425140000000,sh.600423,3.9300,3.9300,3.8200,3.8200,7135800,27472843.0000,3
2022-04-25,20220425150000000,sh.600423,3.8200,3.8400,3.8200,3.8200,2972300,11365661.0000,3
2022-04-26,20220426103000000,sh.600423,3.7100,3.8000,3.5300,3.6200,8616200,31211364.0000,3
2022-04-26,20220426113000000,sh.600423,3.6200,3.6800,3.5700,3.5700,2717300,9818096.0000,3
2022-04-26,20220426140000000,sh.600423,3.5800,3.6100,3.5000,3.5100,3422600,12135842.0000,3
2022-04-26,20220426150000000,sh.600423,3.5100,3.5200,3.4400,3.4800,5056300,17477268.0000,3
2022-04-27,20220427103000000,sh.600423,3.5000,3.5100,3.3200,3.3300,5871400,20079487.0000,3
2022-04-27,20220427113000000,sh.600423,3.3300,3.4200,3.3200,3.3800,2166700,7287125.0000,3
2022-04-27,20220427140000000,sh.600423,3.3800,3.5400,3.3800,3.5000,3969400,13777154.0000,3
2022-04-27,20220427150000000,sh.600423,3.5100,3.5200,3.4600,3.5100,3152527,11001085.0000,3
2022-04-28,20220428103000000,sh.600423,3.5000,3.6300,3.4300,3.4600,5320300,18711533.0000,3
2022-04-28,20220428113000000,sh.600423,3.4600,3.5600,3.3900,3.4000,3445500,11939570.0000,3
2022-04-28,20220428140000000,sh.600423,3.3900,3.4200,3.3400,3.3700,2435400,8197104.0000,3
2022-04-28,20220428150000000,sh.600423,3.3700,3.4100,3.3500,3.3700,1685100,5687606.0000,3
2022-04-29,20220429103000000,sh.600423,3.4400,3.5400,3.4100,3.5000,6316900,22017863.0000,3
2022-04-29,20220429113000000,sh.600423,3.5000,3.5100,3.4500,3.4800,1169600,4063525.0000,3
2022-04-29,20220429140000000,sh.600423,3.4700,3.5300,3.4700,3.5100,1786300,6256874.0000,3
2022-04-29,20220429150000000,sh.600423,3.5100,3.5400,3.4900,3.5200,2921401,10254502.0000,3
2022-05-05,20220505103000000,sh.600423,3.5400,3.6100,3.4200,3.5800,4589400,16324437.0000,3
2022-05-05,20220505113000000,sh.600423,3.5800,3.6100,3.5700,3.6100,1096500,3938565.0000,3
2022-05-05,20220505140000000,sh.600423,3.6100,3.6500,3.5900,3.6100,2025100,7329611.0000,3
2022-05-05,20220505150000000,sh.600423,3.6100,3.6100,3.5600,3.5800,2645901,9467606.0000,3
2022-05-06,20220506103000000,sh.600423,3.5100,3.5200,3.4300,3.4600,4044800,14038323.0000,3
2022-05-06,20220506113000000,sh.600423,3.4600,3.5000,3.4100,3.4300,3141700,10839690.0000,3
2022-05-06,20220506140000000,sh.600423,3.4300,3.4600,3.4200,3.4400,1026400,3527666.0000,3
2022-05-06,20220506150000000,sh.600423,3.4400,3.4500,3.3800,3.4400,2187100,7464975.0000,3
2022-05-09,20220509103000000,sh.600423,3.4500,3.4900,3.4200,3.4300,3116050,10764234.0000,3
2022-05-09,20220509113000000,sh.600423,3.4300,3.4600,3.4200,3.4400,1423600,4895720.0000,3
2022-05-09,20220509140000000,sh.600423,3.4300,3.4600,3.4100,3.4200,1351800,4644943.0000,3
2022-05-09,20220509150000000,sh.600423,3.4300,3.4700,3.4100,3.4500,1646700,5676673.0000,3
2022-05-10,20220510103000000,sh.600423,3.4600,3.4600,3.3600,3.4100,3216800,10919807.0000,3
2022-05-10,20220510113000000,sh.600423,3.4200,3.4300,3.3900,3.4100,1377500,4691904.0000,3
2022-05-10,20220510140000000,sh.600423,3.4100,3.4600,3.4000,3.4400,1684300,5790607.0000,3
2022-05-10,20220510150000000,sh.600423,3.4400,3.4700,3.4400,3.4700,3096900,10697724.0000,3
2022-05-11,20220511103000000,sh.600423,3.4500,3.5100,3.4300,3.4900,3768900,13111623.0000,3
2022-05-11,20220511113000000,sh.600423,3.4900,3.5000,3.4600,3.5000,1723100,5988891.0000,3
2022-05-11,20220511140000000,sh.600423,3.4900,3.5300,3.4900,3.5000,2047300,7194170.0000,3
2022-05-11,20220511150000000,sh.600423,3.5000,3.5200,3.4400,3.4500,2445500,8504655.0000,3
2022-05-12,20220512103000000,sh.600423,3.4200,3.4900,3.4100,3.4300,2605000,8980068.0000,3
2022-05-12,20220512113000000,sh.600423,3.4300,3.4500,3.4200,3.4400,784400,2692537.0000,3
2022-05-12,20220512140000000,sh.600423,3.4400,3.4500,3.3800,3.4100,3137600,10700561.0000,3
2022-05-12,20220512150000000,sh.600423,3.4100,3.4500,3.3900,3.4300,2180900,7446599.0000,3
2022-05-13,20220513103000000,sh.600423,3.4500,3.6000,3.4200,3.5000,6180200,21685383.0000,3
2022-05-13,20220513113000000,sh.600423,3.5000,3.5100,3.4800,3.4900,1182200,4129885.0000,3
2022-05-13,20220513140000000,sh.600423,3.5000,3.5100,3.4800,3.5100,1026243,3585645.0000,3
2022-05-13,20220513150000000,sh.600423,3.5100,3.5300,3.5100,3.5300,1798001,6330842.0000,3
2022-05-16,20220516103000000,sh.600423,3.5500,3.6500,3.5300,3.6200,5729300,20609140.0000,3
2022-05-16,20220516113000000,sh.600423,3.6200,3.6300,3.5800,3.5900,1442200,5197018.0000,3
2022-05-16,20220516140000000,sh.600423,3.6000,3.6300,3.6000,3.6200,969200,3505041.0000,3
2022-05-16,20220516150000000,sh.600423,3.6200,3.6300,3.5800,3.6300,2668300,9606002.0000,3
2022-05-17,20220517103000000,sh.600423,3.6200,3.6200,3.5200,3.5200,3795200,13506761.0000,3
2022-05-17,20220517113000000,sh.600423,3.5200,3.5600,3.5100,3.5400,1027400,3628222.0000,3
2022-05-17,20220517140000000,sh.600423,3.5400,3.5800,3.5400,3.5600,820600,2918331.0000,3
2022-05-17,20220517150000000,sh.600423,3.5600,3.5800,3.5400,3.5800,1593300,5677599.0000,3
2022-05-18,20220518103000000,sh.600423,3.5800,3.7300,3.5600,3.6900,5173100,18924989.0000,3
2022-05-18,20220518113000000,sh.600423,3.6900,3.7200,3.6800,3.6900,1733900,6415539.0000,3
2022-05-18,20220518140000000,sh.600423,3.6900,3.7200,3.6700,3.7200,1611900,5969484.0000,3
2022-05-18,20220518150000000,sh.600423,3.7200,3.7200,3.6800,3.6800,2061400,7620013.0000,3
2022-05-19,20220519103000000,sh.600423,3.6300,3.7200,3.6000,3.6600,3377646,12314202.0000,3
2022-05-19,20220519113000000,sh.600423,3.6600,3.6800,3.6500,3.6700,877300,3219122.0000,3
2022-05-19,20220519140000000,sh.600423,3.6800,3.6900,3.6500,3.6900,1234200,4531056.0000,3
2022-05-19,20220519150000000,sh.600423,3.6900,3.7100,3.6800,3.6900,1612000,5953566.0000,3
2022-05-20,20220520103000000,sh.600423,3.7000,3.7500,3.6800,3.7500,2947400,10908941.0000,3
2022-05-20,20220520113000000,sh.600423,3.7500,3.7700,3.7100,3.7400,1817300,6815335.0000,3
2022-05-20,20220520140000000,sh.600423,3.7400,3.7700,3.7400,3.7400,1398800,5252749.0000,3
2022-05-20,20220520150000000,sh.600423,3.7400,3.7500,3.7300,3.7400,1694500,6334065.0000,3
2022-05-23,20220523103000000,sh.600423,3.7500,3.8300,3.7200,3.8100,2704900,10255161.0000,3
2022-05-23,20220523113000000,sh.600423,3.8100,3.8200,3.7900,3.8100,820600,3121374.0000,3
2022-05-23,20220523140000000,sh.600423,3.8100,3.8600,3.8000,3.8500,1575191,6034968.0000,3
2022-05-23,20220523150000000,sh.600423,3.8500,3.8600,3.8300,3.8400,1922400,7382908.0000,3
2022-05-24,20220524103000000,sh.600423,3.8100,3.8500,3.7600,3.7700,2626300,9975824.0000,3
2022-05-24,20220524113000000,sh.600423,3.7700,3.7900,3.7100,3.7200,1906800,7139752.0000,3
2022-05-24,20220524140000000,sh.600423,3.7100,3.7300,3.6800,3.6900,1473600,5458870.0000,3
2022-05-24,20220524150000000,sh.600423,3.6900,3.7000,3.6200,3.6300,2161300,7927378.0000,3
2022-05-25,20220525103000000,sh.600423,3.6500,3.7100,3.6200,3.7000,3333800,12235313.0000,3
2022-05-25,20220525113000000,sh.600423,3.7000,3.7600,3.6800,3.7600,1328000,4933466.0000,3
2022-05-25,20220525140000000,sh.600423,3.7600,3.7800,3.7300,3.7500,1024000,3844923.0000,3
2022-05-25,20220525150000000,sh.600423,3.7500,3.7700,3.7300,3.7600,1542200,5780162.0000,3
2022-05-26,20220526103000000,sh.600423,3.7700,3.7700,3.6900,3.7400,2534400,9433594.0000,3
2022-05-26,20220526113000000,sh.600423,3.7400,3.7700,3.7300,3.7700,700200,2625792.0000,3
2022-05-26,20220526140000000,sh.600423,3.7700,3.8000,3.7600,3.7900,1259500,4759545.0000,3
2022-05-26,20220526150000000,sh.600423,3.7900,3.7900,3.7700,3.7800,736100,2782066.0000,3
2022-05-27,20220527103000000,sh.600423,3.7600,3.8000,3.7300,3.7500,1449700,5456758.0000,3
2022-05-27,20220527113000000,sh.600423,3.7500,3.8000,3.7400,3.7800,1127600,4255787.0000,3
2022-05-27,20220527140000000,sh.600423,3.7800,3.7900,3.7400,3.7500,846900,3184987.0000,3
2022-05-27,20220527150000000,sh.600423,3.7500,3.7800,3.7100,3.7800,1734600,6502560.0000,3
2022-05-30,20220530103000000,sh.600423,3.7500,3.8500,3.7300,3.8200,2757510,10461821.0000,3
2022-05-30,20220530113000000,sh.600423,3.8200,4.0600,3.8100,3.8400,5884900,22919980.0000,3
2022-05-30,20220530140000000,sh.600423,3.8400,3.8600,3.8200,3.8200,811400,3116442.0000,3
2022-05-30,20220530150000000,sh.600423,3.8300,3.8800,3.8100,3.8700,1839650,7075684.0000,3
2022-05-31,20220531103000000,sh.600423,3.8200,3.9300,3.8100,3.8800,4183260,16258047.0000,3
2022-05-31,20220531113000000,sh.600423,3.8900,3.8900,3.8400,3.8700,930600,3596923.0000,3
2022-05-31,20220531140000000,sh.600423,3.8700,3.8700,3.8300,3.8400,963700,3701787.0000,3
2022-05-31,20220531150000000,sh.600423,3.8300,3.8800,3.8200,3.8700,1406500,5415072.0000,3
2022-06-01,20220601103000000,sh.600423,3.8300,3.8900,3.8200,3.8600,1489100,5758326.0000,3
2022-06-01,20220601113000000,sh.600423,3.8600,3.8800,3.8400,3.8800,1193100,4603689.0000,3
2022-06-01,20220601140000000,sh.600423,3.8800,3.8900,3.8300,3.8600,771900,2983180.0000,3
2022-06-01,20220601150000000,sh.600423,3.8600,3.8900,3.8600,3.8800,878700,3404196.0000,3
2022-06-02,20220602103000000,sh.600423,3.8700,3.8800,3.8300,3.8600,1055200,4061606.0000,3
2022-06-02,20220602113000000,sh.600423,3.8600,3.8600,3.8200,3.8600,653600,2510542.0000,3
2022-06-02,20220602140000000,sh.600423,3.8600,3.8600,3.8400,3.8500,730000,2808552.0000,3
2022-06-02,20220602150000000,sh.600423,3.8500,3.8700,3.8400,3.8700,824400,3173071.0000,3
2022-06-06,20220606103000000,sh.600423,3.8500,3.8800,3.8300,3.8600,1368200,5268763.0000,3
2022-06-06,20220606113000000,sh.600423,3.8600,3.8900,3.8400,3.8800,717900,2772642.0000,3
2022-06-06,20220606140000000,sh.600423,3.8800,3.8900,3.8500,3.8700,1680100,6479542.0000,3
2022-06-06,20220606150000000,sh.600423,3.8700,3.8900,3.8600,3.8900,1496200,5806059.0000,3
2022-06-07,20220607103000000,sh.600423,3.8800,3.8800,3.7800,3.8300,2534400,9699589.0000,3
2022-06-07,20220607113000000,sh.600423,3.8300,3.9300,3.8100,3.9100,1391900,5414980.0000,3
2022-06-07,20220607140000000,sh.600423,3.9100,3.9200,3.8800,3.8900,1407200,5492881.0000,3
2022-06-07,20220607150000000,sh.600423,3.8800,3.9400,3.8800,3.9200,1558200,6104092.0000,3
2022-06-08,20220608103000000,sh.600423,3.8900,3.9400,3.8900,3.9000,1869800,7312902.0000,3
2022-06-08,20220608113000000,sh.600423,3.8900,3.8900,3.8100,3.8100,1592500,6142663.0000,3
2022-06-08,20220608140000000,sh.600423,3.8100,3.8600,3.8100,3.8600,774600,2967153.0000,3
2022-06-08,20220608150000000,sh.600423,3.8600,3.8900,3.8400,3.8800,899800,3486449.0000,3
2022-06-09,20220609103000000,sh.600423,3.8800,3.8800,3.8300,3.8300,1174100,4509129.0000,3
2022-06-09,20220609113000000,sh.600423,3.8300,3.9000,3.8100,3.8500,1381900,5324978.0000,3
2022-06-09,20220609140000000,sh.600423,3.8500,3.8500,3.7800,3.7900,1339000,5094778.0000,3
2022-06-09,20220609150000000,sh.600423,3.7900,3.8300,3.7800,3.7900,1491800,5668259.0000,3
2022-06-10,20220610103000000,sh.600423,3.7900,3.9000,3.7500,3.8800,3121100,11996149.0000,3
2022-06-10,20220610113000000,sh.600423,3.8800,3.9200,3.8700,3.8800,898700,3497064.0000,3
2022-06-10,20220610140000000,sh.600423,3.8900,3.8900,3.8600,3.8700,1048401,4067531.0000,3
2022-06-10,20220610150000000,sh.600423,3.8700,3.8900,3.8600,3.8800,1386300,5367497.0000,3
2022-06-13,20220613103000000,sh.600423,3.8700,3.9300,3.8500,3.8800,2120502,8239620.0000,3
2022-06-13,20220613113000000,sh.600423,3.8800,3.8900,3.8500,3.8600,602000,2327391.0000,3
2022-06-13,20220613140000000,sh.600423,3.8600,3.8900,3.8300,3.8400,1226300,4731582.0000,3
2022-06-13,20220613150000000,sh.600423,3.8400,3.8700,3.8200,3.8700,1406470,5400930.0000,3
2022-06-14,20220614103000000,sh.600423,3.8400,4.0300,3.7900,3.9100,4753200,18556087.0000,3
2022-06-14,20220614113000000,sh.600423,3.9100,3.9300,3.8300,3.8500,1608450,6246184.0000,3
2022-06-14,20220614140000000,sh.600423,3.8500,3.9500,3.8300,3.9000,1287600,5001702.0000,3
2022-06-14,20220614150000000,sh.600423,3.9000,3.9300,3.9000,3.9200,2000500,7828906.0000,3
2022-06-15,20220615103000000,sh.600423,3.9200,3.9700,3.8600,3.9000,3070700,11972166.0000,3
2022-06-15,20220615113000000,sh.600423,3.9100,3.9100,3.8600,3.8800,1150600,4470207.0000,3
2022-06-15,20220615140000000,sh.600423,3.8900,3.9000,3.8600,3.8800,1471000,5702429.0000,3
2022-06-15,20220615150000000,sh.600423,3.8800,3.8800,3.8300,3.8400,2630401,10126842.0000,3
2022-06-16,20220616103000000,sh.600423,3.8700,3.8700,3.8000,3.8300,1959650,7502614.0000,3
2022-06-16,20220616113000000,sh.600423,3.8300,3.8500,3.8200,3.8500,681800,2614409.0000,3
2022-06-16,20220616140000000,sh.600423,3.8400,3.8500,3.8000,3.8100,1246100,4754968.0000,3
2022-06-16,20220616150000000,sh.600423,3.8100,3.8600,3.7900,3.8600,2605700,9956298.0000,3
2022-06-17,20220617103000000,sh.600423,3.8200,3.8500,3.8000,3.8200,1179300,4511550.0000,3
2022-06-17,20220617113000000,sh.600423,3.8200,3.8400,3.7800,3.7900,1080500,4107349.0000,3
2022-06-17,20220617140000000,sh.600423,3.8000,3.8300,3.7900,3.8100,985101,3751834.0000,3
2022-06-17,20220617150000000,sh.600423,3.8100,3.8300,3.7900,3.8300,1175700,4479912.0000,3
2022-06-20,20220620103000000,sh.600423,3.8300,3.8300,3.7400,3.8100,2816200,10641596.0000,3
2022-06-20,20220620113000000,sh.600423,3.8100,3.8300,3.7900,3.8100,788800,3005876.0000,3
2022-06-20,20220620140000000,sh.600423,3.8000,3.8200,3.8000,3.8100,493000,1879740.0000,3
2022-06-20,20220620150000000,sh.600423,3.8100,3.8200,3.7800,3.8200,1490200,5661054.0000,3
2022-06-21,20220621103000000,sh.600423,3.8200,3.8300,3.7700,3.8000,1108217,4204683.0000,3
2022-06-21,20220621113000000,sh.600423,3.8000,3.8000,3.7700,3.8000,677383,2562137.0000,3
2022-06-21,20220621140000000,sh.600423,3.7900,3.8000,3.7600,3.7600,989000,3732275.0000,3
2022-06-21,20220621150000000,sh.600423,3.7600,3.7700,3.7300,3.7600,1672700,6269865.0000,3
2022-06-22,20220622103000000,sh.600423,3.7600,3.7900,3.7100,3.7500,1202300,4487046.0000,3
2022-06-22,20220622113000000,sh.600423,3.7600,3.7600,3.7200,3.7200,384800,1438708.0000,3
2022-06-22,20220622140000000,sh.600423,3.7300,3.8100,3.7300,3.7800,2006901,7602992.0000,3
2022-06-22,20220622150000000,sh.600423,3.7800,3.7900,3.7300,3.7500,1031701,3876409.0000,3
2022-06-23,20220623103000000,sh.600423,3.7300,3.7600,3.6900,3.6900,2102601,7801675.0000,3
2022-06-23,20220623113000000,sh.600423,3.6900,3.7100,3.6800,3.7000,670317,2477540.0000,3
2022-06-23,20220623140000000,sh.600423,3.7000,3.7600,3.7000,3.7400,993001,3708038.0000,3
2022-06-23,20220623150000000,sh.600423,3.7400,3.7500,3.7300,3.7500,1172900,4391438.0000,3
2022-06-24,20220624103000000,sh.600423,3.7500,3.8100,3.7500,3.8000,1549350,5861102.0000,3
2022-06-24,20220624113000000,sh.600423,3.8000,3.8100,3.7800,3.7900,1112000,4225013.0000,3
2022-06-24,20220624140000000,sh.600423,3.7900,3.8100,3.7800,3.8000,748700,2841738.0000,3
2022-06-24,20220624150000000,sh.600423,3.8000,3.8300,3.7900,3.8200,1231900,4695529.0000,3
2022-06-27,20220627103000000,sh.600423,3.8200,3.8300,3.8000,3.8200,799854,3049380.0000,3
2022-06-27,20220627113000000,sh.600423,3.8100,3.8300,3.7800,3.8300,1796500,6837050.0000,3
2022-06-27,20220627140000000,sh.600423,3.8300,3.8300,3.7800,3.7900,858696,3260629.0000,3
2022-06-27,20220627150000000,sh.600423,3.7900,3.8100,3.7800,3.8000,914496,3468633.0000,3
2022-06-28,20220628103000000,sh.600423,3.8000,3.8700,3.7500,3.8400,1582104,6025865.0000,3
2022-06-28,20220628113000000,sh.600423,3.8400,3.8500,3.8200,3.8400,1473100,5658988.0000,3
2022-06-28,20220628140000000,sh.600423,3.8400,3.8400,3.8100,3.8300,808002,3091022.0000,3
2022-06-28,20220628150000000,sh.600423,3.8300,3.8300,3.8000,3.8300,1772304,6762719.0000,3
2022-06-29,20220629103000000,sh.600423,3.8300,3.8500,3.7800,3.8000,1778800,6770887.0000,3
2022-06-29,20220629113000000,sh.600423,3.8000,3.8500,3.8000,3.8200,644200,2466822.0000,3
2022-06-29,20220629140000000,sh.600423,3.8200,3.8300,3.7800,3.8100,821600,3122920.0000,3
2022-06-29,20220629150000000,sh.600423,3.8100,3.8100,3.7400,3.7600,1502700,5672385.0000,3
2022-06-30,20220630103000000,sh.600423,3.7600,3.8000,3.7300,3.7400,1523300,5713693.0000,3
2022-06-30,20220630113000000,sh.600423,3.7400,3.7600,3.7200,3.7400,1031500,3855080.0000,3
2022-06-30,20220630140000000,sh.600423,3.7500,3.7700,3.7400,3.7500,708700,2656832.0000,3
2022-06-30,20220630150000000,sh.600423,3.7500,3.7600,3.7200,3.7500,1838804,6872814.0000,3
2022-07-01,20220701103000000,sh.600423,3.7700,3.7800,3.7000,3.7100,1646400,6124533.0000,3
2022-07-01,20220701113000000,sh.600423,3.7100,3.8500,3.7000,3.7900,2868321,10882510.0000,3
2022-07-01,20220701140000000,sh.600423,3.7900,3.8200,3.7700,3.8200,1186500,4509981.0000,3
2022-07-01,20220701150000000,sh.600423,3.8200,3.8200,3.7900,3.8100,927800,3532914.0000,3
2022-07-04,20220704103000000,sh.600423,3.7900,3.8100,3.7400,3.7400,1960700,7379150.0000,3
2022-07-04,20220704113000000,sh.600423,3.7400,3.7500,3.7200,3.7400,1007100,3764852.0000,3
2022-07-04,20220704140000000,sh.600423,3.7400,3.7500,3.7200,3.7400,839700,3137029.0000,3
2022-07-04,20220704150000000,sh.600423,3.7400,3.7700,3.7400,3.7600,740600,2780020.0000,3
2022-07-05,20220705103000000,sh.600423,3.7800,3.8000,3.7500,3.7800,1335500,5046655.0000,3
2022-07-05,20220705113000000,sh.600423,3.7800,3.8000,3.7600,3.7800,749800,2834103.0000,3
2022-07-05,20220705140000000,sh.600423,3.7800,3.7900,3.7300,3.7400,983100,3691899.0000,3
2022-07-05,20220705150000000,sh.600423,3.7400,3.8500,3.7200,3.8200,3548000,13503154.0000,3
2022-07-06,20220706103000000,sh.600423,3.8100,3.8200,3.7800,3.8000,1946200,7394408.0000,3
2022-07-06,20220706113000000,sh.600423,3.8000,3.8100,3.7700,3.7800,916500,3468511.0000,3
2022-07-06,20220706140000000,sh.600423,3.7800,3.7900,3.7500,3.7600,894500,3373022.0000,3
2022-07-06,20220706150000000,sh.600423,3.7600,3.7700,3.7400,3.7600,1389800,5213970.0000,3
2022-07-07,20220707103000000,sh.600423,3.8000,3.8000,3.7100,3.7900,1338700,5040375.0000,3
2022-07-07,20220707113000000,sh.600423,3.7900,3.7900,3.7400,3.7400,633300,2375556.0000,3
2022-07-07,20220707140000000,sh.600423,3.7500,3.7600,3.7300,3.7300,772800,2894309.0000,3
2022-07-07,20220707150000000,sh.600423,3.7300,3.8000,3.7300,3.7700,1482704,5593739.0000,3
2022-07-08,20220708103000000,sh.600423,3.7700,3.7900,3.7300,3.7700,1667300,6262723.0000,3
2022-07-08,20220708113000000,sh.600423,3.7700,3.7700,3.7400,3.7600,901900,3381877.0000,3
2022-07-08,20220708140000000,sh.600423,3.7600,3.7600,3.7300,3.7500,650400,2431158.0000,3
2022-07-08,20220708150000000,sh.600423,3.7500,3.7500,3.7300,3.7400,746800,2793239.0000,3
2022-07-11,20220711103000000,sh.600423,3.7200,3.7400,3.6100,3.6300,3285600,11995662.0000,3
2022-07-11,20220711113000000,sh.600423,3.6200,3.6300,3.5900,3.6100,1466500,5291112.0000,3
2022-07-11,20220711140000000,sh.600423,3.6100,3.6100,3.5600,3.5800,1145300,4109545.0000,3
2022-07-11,20220711150000000,sh.600423,3.5800,3.6300,3.5600,3.6300,1224600,4399373.0000,3
