date,time,code,open,high,low,close,volume,amount,adjustflag
2022-01-04,20220104103000000,sh.600586,9.3000,9.3500,9.0700,9.1000,11504541,105321859.0000,3
2022-01-04,20220104113000000,sh.600586,9.1000,9.1400,9.0800,9.1300,2707158,24654471.0000,3
2022-01-04,20220104140000000,sh.600586,9.1400,9.1800,9.1200,9.1700,2478955,22665684.0000,3
2022-01-04,20220104150000000,sh.600586,9.1700,9.1700,9.1100,9.1200,3487155,31857777.0000,3
2022-01-05,20220105103000000,sh.600586,9.1200,9.1600,8.9700,8.9800,8660400,78234877.0000,3
2022-01-05,20220105113000000,sh.600586,8.9800,9.0000,8.9600,8.9700,3156200,28332181.0000,3
2022-01-05,20220105140000000,sh.600586,8.9700,8.9800,8.9000,8.9300,3798600,33966046.0000,3
2022-01-05,20220105150000000,sh.600586,8.9300,8.9900,8.9300,8.9800,2238801,20069161.0000,3
2022-01-06,20220106103000000,sh.600586,8.9800,9.0400,8.9100,8.9600,3953900,35538447.0000,3
2022-01-06,20220106113000000,sh.600586,8.9600,9.0300,8.9500,9.0300,1932700,17391511.0000,3
2022-01-06,20220106140000000,sh.600586,9.0200,9.0800,9.0200,9.0600,2867200,25970948.0000,3
2022-01-06,20220106150000000,sh.600586,9.0500,9.0600,9.0200,9.0300,2154600,19469603.0000,3
2022-01-07,20220107103000000,sh.600586,9.0500,9.1700,9.0100,9.0700,6128200,55772897.0000,3
2022-01-07,20220107113000000,sh.600586,9.0800,9.0800,9.0200,9.0600,2941785,26607790.0000,3
2022-01-07,20220107140000000,sh.600586,9.0600,9.1100,9.0600,9.0900,2461301,22351058.0000,3
2022-01-07,20220107150000000,sh.600586,9.0800,9.0900,9.0300,9.0400,3238302,29300382.0000,3
2022-01-10,20220110103000000,sh.600586,9.0600,9.1600,9.0400,9.0700,6872500,62486276.0000,3
2022-01-10,20220110113000000,sh.600586,9.0800,9.1300,9.0700,9.1300,3143767,28618488.0000,3
2022-01-10,20220110140000000,sh.600586,9.1300,9.1900,9.1200,9.1700,5485202,50247142.0000,3
2022-01-10,20220110150000000,sh.600586,9.1700,9.1800,9.1400,9.1700,4443266,40747645.0000,3
2022-01-11,20220111103000000,sh.600586,9.1900,9.2500,9.1700,9.2000,5614310,51690151.0000,3
2022-01-11,20220111113000000,sh.600586,9.1900,9.1900,9.1300,9.1500,2741101,25085565.0000,3
2022-01-11,20220111140000000,sh.600586,9.1500,9.1900,9.1200,9.1900,2555400,23376585.0000,3
2022-01-11,20220111150000000,sh.600586,9.1900,9.1900,9.1500,9.1600,2899757,26586497.0000,3
2022-01-12,20220112103000000,sh.600586,9.2100,9.2100,9.0500,9.1000,6755300,61401277.0000,3
2022-01-12,20220112113000000,sh.600586,9.1000,9.1300,9.0700,9.0800,1684700,15326204.0000,3
2022-01-12,20220112140000000,sh.600586,9.0800,9.1000,9.0700,9.1000,1997100,18144352.0000,3
2022-01-12,20220112150000000,sh.600586,9.0900,9.1400,9.0900,9.1300,3111600,28385442.0000,3
2022-01-13,20220113103000000,sh.600586,9.1800,9.1800,9.1000,9.1300,4676900,42796037.0000,3
2022-01-13,20220113113000000,sh.600586,9.1400,9.1400,9.0900,9.1000,2085800,19010452.0000,3
2022-01-13,20220113140000000,sh.600586,9.1000,9.1000,9.0600,9.0700,2383701,21635417.0000,3
2022-01-13,20220113150000000,sh.600586,9.0700,9.0700,9.0300,9.0400,3961131,35828826.0000,3
2022-01-14,20220114103000000,sh.600586,9.0500,9.0600,8.9200,9.0000,4704185,42231986.0000,3
2022-01-14,20220114113000000,sh.600586,9.0000,9.0400,8.9700,8.9800,1539800,13873276.0000,3
2022-01-14,20220114140000000,sh.600586,8.9700,9.0200,8.9500,8.9700,2359367,21176706.0000,3
2022-01-14,20220114150000000,sh.600586,8.9600,8.9800,8.9300,8.9500,2789457,24976740.0000,3
2022-01-17,20220117103000000,sh.600586,8.9600,8.9900,8.9000,8.9600,4415901,39488388.0000,3
2022-01-17,20220117113000000,sh.600586,8.9600,8.9700,8.9300,8.9600,1990900,17803699.0000,3
2022-01-17,20220117140000000,sh.600586,8.9500,9.0200,8.9500,9.0000,2150001,19331607.0000,3
2022-01-17,20220117150000000,sh.600586,9.0000,9.0200,8.9900,9.0100,2174500,19595706.0000,3
2022-01-18,20220118103000000,sh.600586,9.0200,9.0400,8.9300,8.9500,3897200,34995164.0000,3
2022-01-18,20220118113000000,sh.600586,8.9500,9.1000,8.9200,9.0600,4350875,39177251.0000,3
2022-01-18,20220118140000000,sh.600586,9.0600,9.0700,9.0100,9.0400,1817901,16414468.0000,3
2022-01-18,20220118150000000,sh.600586,9.0400,9.0500,9.0200,9.0400,2328916,21039699.0000,3
2022-01-19,20220119103000000,sh.600586,9.0000,9.2500,8.9700,9.1600,12088801,110477537.0000,3
2022-01-19,20220119113000000,sh.600586,9.1600,9.1800,9.1100,9.1300,2909200,26598667.0000,3
2022-01-19,20220119140000000,sh.600586,9.1300,9.1500,9.0700,9.0800,2119700,19280568.0000,3
2022-01-19,20220119150000000,sh.600586,9.0800,9.1400,9.0700,9.1400,2916100,26579052.0000,3
2022-01-20,20220120103000000,sh.600586,9.1200,9.1500,8.9800,8.9900,6577416,59487142.0000,3
2022-01-20,20220120113000000,sh.600586,8.9800,8.9800,8.9000,8.9600,4421600,39488185.0000,3
2022-01-20,20220120140000000,sh.600586,8.9600,9.0100,8.9400,8.9400,1819900,16326663.0000,3
2022-01-20,20220120150000000,sh.600586,8.9500,8.9700,8.9200,8.9400,2200879,19676033.0000,3
2022-01-21,20220121103000000,sh.600586,8.9300,8.9700,8.8400,8.9100,3927500,34974999.0000,3
2022-01-21,20220121113000000,sh.600586,8.9100,8.9300,8.8800,8.9000,1634500,14558325.0000,3
2022-01-21,20220121140000000,sh.600586,8.9000,8.9100,8.8700,8.8900,1483980,13188916.0000,3
2022-01-21,20220121150000000,sh.600586,8.8800,8.9200,8.8800,8.9100,2247100,19998630.0000,3
2022-01-24,20220124103000000,sh.600586,9.0300,9.0700,8.9300,8.9900,6719800,60476674.0000,3
2022-01-24,20220124113000000,sh.600586,8.9900,9.1600,8.9900,9.1100,5992600,54430775.0000,3
2022-01-24,20220124140000000,sh.600586,9.1100,9.1300,9.0700,9.0700,2028100,18469818.0000,3
2022-01-24,20220124150000000,sh.600586,9.0700,9.1000,9.0600,9.0900,2557600,23223936.0000,3
2022-01-25,20220125103000000,sh.600586,9.0400,9.1100,8.8300,8.8700,7631201,68325997.0000,3
2022-01-25,20220125113000000,sh.600586,8.8700,8.9400,8.8600,8.9000,1261800,11230152.0000,3
2022-01-25,20220125140000000,sh.600586,8.9000,8.9100,8.8400,8.8800,2133400,18926613.0000,3
2022-01-25,20220125150000000,sh.600586,8.8800,8.9000,8.8000,8.8000,3516900,31093633.0000,3
2022-01-26,20220126103000000,sh.600586,8.8000,8.9800,8.8000,8.8800,3879900,34465366.0000,3
2022-01-26,20220126113000000,sh.600586,8.8800,8.9000,8.8500,8.8800,1245800,11065368.0000,3
2022-01-26,20220126140000000,sh.600586,8.8700,8.8800,8.7800,8.8300,2053301,18101959.0000,3
2022-01-26,20220126150000000,sh.600586,8.8300,8.8800,8.8100,8.8200,2136088,18882084.0000,3
2022-01-27,20220127103000000,sh.600586,8.8100,8.8600,8.5000,8.5100,6681900,57800263.0000,3
2022-01-27,20220127113000000,sh.600586,8.5000,8.5500,8.2800,8.5100,5300400,44703799.0000,3
2022-01-27,20220127140000000,sh.600586,8.5100,8.5200,8.3900,8.4600,2307500,19526514.0000,3
2022-01-27,20220127150000000,sh.600586,8.4600,8.4700,8.3000,8.3000,4548100,38025406.0000,3
2022-01-28,20220128103000000,sh.600586,8.3700,8.4700,8.1200,8.3300,7466210,61892877.0000,3
2022-01-28,20220128113000000,sh.600586,8.3300,8.4200,8.3200,8.4100,2316000,19398809.0000,3
2022-01-28,20220128140000000,sh.600586,8.4000,8.4300,8.4000,8.4100,1094001,9205263.0000,3
2022-01-28,20220128150000000,sh.600586,8.4100,8.4100,8.3100,8.3400,1948099,16273119.0000,3
2022-02-07,20220207103000000,sh.600586,8.4200,8.7300,8.4100,8.6400,8603600,73728258.0000,3
2022-02-07,20220207113000000,sh.600586,8.6500,8.6500,8.5500,8.5700,2544901,21888923.0000,3
2022-02-07,20220207140000000,sh.600586,8.5700,8.6400,8.5500,8.5900,2471500,21241724.0000,3
2022-02-07,20220207150000000,sh.600586,8.5900,8.6100,8.5600,8.6000,3026800,25974974.0000,3
2022-02-08,20220208103000000,sh.600586,8.6700,8.6700,8.5500,8.6400,4540600,39178911.0000,3
2022-02-08,20220208113000000,sh.600586,8.6400,8.6400,8.5200,8.5400,2552000,21879241.0000,3
2022-02-08,20220208140000000,sh.600586,8.5500,8.6200,8.5000,8.6000,2733200,23382017.0000,3
2022-02-08,20220208150000000,sh.600586,8.6100,8.7300,8.5900,8.7200,4094202,35520310.0000,3
2022-02-09,20220209103000000,sh.600586,8.7200,9.2300,8.7000,9.1200,30678552,279558448.0000,3
2022-02-09,20220209113000000,sh.600586,9.1200,9.1300,9.0600,9.1200,3215000,29255168.0000,3
2022-02-09,20220209140000000,sh.600586,9.1200,9.1500,9.1000,9.1300,2936400,26801632.0000,3
2022-02-09,20220209150000000,sh.600586,9.1300,9.1300,9.1000,9.1200,5585801,50939696.0000,3
2022-02-10,20220210103000000,sh.600586,9.1800,9.2600,9.1100,9.1400,11404300,104616037.0000,3
2022-02-10,20220210113000000,sh.600586,9.1300,9.2500,9.1200,9.1500,5948075,54687058.0000,3
2022-02-10,20220210140000000,sh.600586,9.1500,9.1800,9.1300,9.1400,2905900,26596620.0000,3
2022-02-10,20220210150000000,sh.600586,9.1400,9.2500,9.1400,9.2400,8668300,79828548.0000,3
2022-02-11,20220211103000000,sh.600586,9.2800,9.3400,9.1800,9.2200,11580278,107365687.0000,3
2022-02-11,20220211113000000,sh.600586,9.2200,9.2900,9.2000,9.2200,3365200,31087346.0000,3
2022-02-11,20220211140000000,sh.600586,9.2200,9.2400,9.1800,9.1800,3917500,36018572.0000,3
2022-02-11,20220211150000000,sh.600586,9.1800,9.1900,9.1500,9.1600,6010824,55128829.0000,3
2022-02-14,20220214103000000,sh.600586,9.0100,9.1000,8.8600,8.8600,11852200,106416102.0000,3
2022-02-14,20220214113000000,sh.600586,8.8600,8.9000,8.8100,8.8300,4916100,43516667.0000,3
2022-02-14,20220214140000000,sh.600586,8.8300,8.8400,8.7400,8.7700,4995500,43892596.0000,3
2022-02-14,20220214150000000,sh.600586,8.7600,8.8000,8.6800,8.7300,5700572,49756498.0000,3
2022-02-15,20220215103000000,sh.600586,8.7400,8.7800,8.6400,8.7200,6635000,57676301.0000,3
2022-02-15,20220215113000000,sh.600586,8.7200,8.8400,8.6800,8.8100,3095207,27099748.0000,3
2022-02-15,20220215140000000,sh.600586,8.8000,8.8100,8.7400,8.7700,1676800,14708448.0000,3
2022-02-15,20220215150000000,sh.600586,8.7800,8.7900,8.7400,8.7900,2490700,21844031.0000,3
2022-02-16,20220216103000000,sh.600586,8.8400,9.1000,8.8400,9.0400,10482000,94281310.0000,3
2022-02-16,20220216113000000,sh.600586,9.0400,9.0500,9.0100,9.0200,1876501,16945303.0000,3
2022-02-16,20220216140000000,sh.600586,9.0200,9.0700,9.0100,9.0600,2481550,22457227.0000,3
2022-02-16,20220216150000000,sh.600586,9.0500,9.0700,9.0100,9.0500,4813300,43554206.0000,3
2022-02-17,20220217103000000,sh.600586,9.1300,9.1300,8.9400,8.9700,7064951,63501222.0000,3
2022-02-17,20220217113000000,sh.600586,8.9700,9.0500,8.9500,9.0100,2380900,21417190.0000,3
2022-02-17,20220217140000000,sh.600586,9.0000,9.0400,8.9700,9.0100,2719312,24470190.0000,3
2022-02-17,20220217150000000,sh.600586,9.0100,9.0500,9.0000,9.0200,3119300,28156710.0000,3
2022-02-18,20220218103000000,sh.600586,8.9500,9.0900,8.9100,9.0200,3972100,35834708.0000,3
2022-02-18,20220218113000000,sh.600586,9.0200,9.0600,9.0000,9.0500,1549700,13986327.0000,3
2022-02-18,20220218140000000,sh.600586,9.0500,9.0900,9.0200,9.0400,4164300,37714910.0000,3
2022-02-18,20220218150000000,sh.600586,9.0400,9.0500,9.0100,9.0500,4810051,43454784.0000,3
2022-02-21,20220221103000000,sh.600586,9.0300,9.0500,8.9800,9.0000,4589400,41363695.0000,3
2022-02-21,20220221113000000,sh.600586,8.9900,9.0000,8.9500,8.9600,2557700,22958129.0000,3
2022-02-21,20220221140000000,sh.600586,8.9700,8.9900,8.9600,8.9700,2229201,19997969.0000,3
2022-02-21,20220221150000000,sh.600586,8.9700,9.0200,8.9300,9.0100,3859200,34619859.0000,3
2022-02-22,20220222103000000,sh.600586,8.9600,8.9600,8.7900,8.8300,7574701,67129142.0000,3
2022-02-22,20220222113000000,sh.600586,8.8400,8.8800,8.8200,8.8200,1815500,16066666.0000,3
2022-02-22,20220222140000000,sh.600586,8.8200,8.8500,8.7600,8.7900,4104600,36115845.0000,3
2022-02-22,20220222150000000,sh.600586,8.8000,8.8400,8.7900,8.8100,3483872,30693326.0000,3
2022-02-23,20220223103000000,sh.600586,8.8400,8.9500,8.8200,8.8900,4466290,39757695.0000,3
2022-02-23,20220223113000000,sh.600586,8.8800,8.9100,8.8700,8.9000,1568600,13947423.0000,3
2022-02-23,20220223140000000,sh.600586,8.9000,8.9400,8.8900,8.9200,2701901,24110477.0000,3
2022-02-23,20220223150000000,sh.600586,8.9300,8.9600,8.9100,8.9400,3826284,34201261.0000,3
2022-02-24,20220224103000000,sh.600586,8.9000,8.9500,8.8100,8.9300,7295775,64794411.0000,3
2022-02-24,20220224113000000,sh.600586,8.9200,8.9300,8.7800,8.7900,4580800,40543393.0000,3
2022-02-24,20220224140000000,sh.600586,8.7800,8.7800,8.5300,8.5600,9939601,85689624.0000,3
2022-02-24,20220224150000000,sh.600586,8.5600,8.5900,8.4000,8.5600,10060202,85576572.0000,3
2022-02-25,20220225103000000,sh.600586,8.6800,8.8000,8.6800,8.7800,10477453,91631000.0000,3
2022-02-25,20220225113000000,sh.600586,8.7800,8.7800,8.6600,8.6600,2923000,25449795.0000,3
2022-02-25,20220225140000000,sh.600586,8.6700,8.7200,8.6500,8.6800,2371800,20612082.0000,3
2022-02-25,20220225150000000,sh.600586,8.6900,8.6900,8.6100,8.6500,2923200,25263681.0000,3
2022-02-28,20220228103000000,sh.600586,8.7000,8.7000,8.3800,8.4600,11750700,99519090.0000,3
2022-02-28,20220228113000000,sh.600586,8.4600,8.4900,8.4300,8.4700,2673100,22606687.0000,3
2022-02-28,20220228140000000,sh.600586,8.4700,8.5300,8.4500,8.5200,2605400,22103765.0000,3
2022-02-28,20220228150000000,sh.600586,8.5200,8.5500,8.5000,8.5400,2441200,20813093.0000,3
2022-03-01,20220301103000000,sh.600586,8.5800,8.7400,8.5600,8.6500,9650800,83703478.0000,3
2022-03-01,20220301113000000,sh.600586,8.6600,8.6700,8.6100,8.6100,2118271,18292038.0000,3
2022-03-01,20220301140000000,sh.600586,8.6100,8.6400,8.5500,8.5800,3632600,31161051.0000,3
2022-03-01,20220301150000000,sh.600586,8.5800,8.6200,8.5500,8.6200,3623200,31118213.0000,3
2022-03-02,20220302103000000,sh.600586,8.5600,8.6100,8.4700,8.5200,8637902,73601240.0000,3
2022-03-02,20220302113000000,sh.600586,8.5200,8.5400,8.4800,8.4900,3107200,26453665.0000,3
2022-03-02,20220302140000000,sh.600586,8.4900,8.5300,8.4800,8.5100,2287900,19462399.0000,3
2022-03-02,20220302150000000,sh.600586,8.5100,8.5600,8.5000,8.5400,2117700,18064286.0000,3
2022-03-03,20220303103000000,sh.600586,8.5800,8.6300,8.5700,8.5900,5664500,48734560.0000,3
2022-03-03,20220303113000000,sh.600586,8.5900,8.6000,8.5400,8.5500,2468760,21159988.0000,3
2022-03-03,20220303140000000,sh.600586,8.5500,8.5600,8.4900,8.5600,2928140,24961975.0000,3
2022-03-03,20220303150000000,sh.600586,8.5600,8.5700,8.5200,8.5300,2399201,20487931.0000,3
2022-03-04,20220304103000000,sh.600586,8.5200,8.5300,8.3900,8.4500,7448800,62699889.0000,3
2022-03-04,20220304113000000,sh.600586,8.4500,8.4700,8.3800,8.3900,2577090,21688284.0000,3
2022-03-04,20220304140000000,sh.600586,8.3900,8.4000,8.3400,8.3700,3674110,30741428.0000,3
2022-03-04,20220304150000000,sh.600586,8.3700,8.3900,8.3500,8.3700,2453223,20523759.0000,3
2022-03-07,20220307103000000,sh.600586,8.4000,8.4300,8.3000,8.3500,6286350,52469058.0000,3
2022-03-07,20220307113000000,sh.600586,8.3500,8.4100,8.3000,8.3000,3426800,28643249.0000,3
2022-03-07,20220307140000000,sh.600586,8.3100,8.3300,8.2300,8.2500,4509000,37337197.0000,3
2022-03-07,20220307150000000,sh.600586,8.2400,8.2700,8.1600,8.1900,5409700,44359659.0000,3
2022-03-08,20220308103000000,sh.600586,8.2000,8.2700,8.0600,8.0800,7241250,58956563.0000,3
2022-03-08,20220308113000000,sh.600586,8.0800,8.1200,7.8600,7.9000,5969766,47619246.0000,3
2022-03-08,20220308140000000,sh.600586,7.9200,8.0900,7.8900,8.0800,3216801,25740044.0000,3
2022-03-08,20220308150000000,sh.600586,8.0800,8.0800,7.8900,7.9500,3087450,24575294.0000,3
2022-03-09,20220309103000000,sh.600586,7.9900,8.0000,7.7500,7.8600,5129900,40449727.0000,3
2022-03-09,20220309113000000,sh.600586,7.8500,7.8700,7.6800,7.6900,4507600,34998118.0000,3
2022-03-09,20220309140000000,sh.600586,7.6900,7.7000,7.2900,7.5000,8918202,67091631.0000,3
2022-03-09,20220309150000000,sh.600586,7.5000,7.7500,7.4100,7.7000,4810800,36493459.0000,3
2022-03-10,20220310103000000,sh.600586,7.8800,7.9300,7.7900,7.8800,7071671,55689730.0000,3
2022-03-10,20220310113000000,sh.600586,7.8800,8.0300,7.8700,8.0100,5705000,45485777.0000,3
2022-03-10,20220310140000000,sh.600586,8.0200,8.0200,7.9400,7.9800,3694101,29483436.0000,3
2022-03-10,20220310150000000,sh.600586,7.9800,8.0100,7.9700,7.9900,3133101,25044089.0000,3
2022-03-11,20220311103000000,sh.600586,7.8600,7.9300,7.7800,7.8600,5396800,42449555.0000,3
2022-03-11,20220311113000000,sh.600586,7.8600,7.8800,7.8000,7.8100,2554100,20037157.0000,3
2022-03-11,20220311140000000,sh.600586,7.8200,7.9800,7.7900,7.9600,2597000,20464656.0000,3
2022-03-11,20220311150000000,sh.600586,7.9700,8.0300,7.9200,7.9900,3806900,30387348.0000,3
2022-03-14,20220314103000000,sh.600586,7.9200,8.0000,7.9000,7.9000,5493500,43642531.0000,3
2022-03-14,20220314113000000,sh.600586,7.9100,7.9100,7.8000,7.8400,2494000,19588415.0000,3
2022-03-14,20220314140000000,sh.600586,7.8400,7.8600,7.7700,7.7900,2351302,18346689.0000,3
2022-03-14,20220314150000000,sh.600586,7.7800,7.8000,7.6800,7.6900,3775300,29210810.0000,3
2022-03-15,20220315103000000,sh.600586,7.6700,7.6700,7.3500,7.5300,8035100,60259672.0000,3
2022-03-15,20220315113000000,sh.600586,7.5300,7.6200,7.4400,7.4600,2380500,17878197.0000,3
2022-03-15,20220315140000000,sh.600586,7.4800,7.4800,7.3000,7.3500,3898100,28801518.0000,3
2022-03-15,20220315150000000,sh.600586,7.3500,7.4300,7.1600,7.2000,7231204,52695345.0000,3
2022-03-16,20220316103000000,sh.600586,7.3800,7.4400,7.1700,7.2100,6422100,46635960.0000,3
2022-03-16,20220316113000000,sh.600586,7.2100,7.3000,7.1300,7.2300,3478900,25097099.0000,3
2022-03-16,20220316140000000,sh.600586,7.2200,7.5400,7.2200,7.4900,6638600,49373466.0000,3
2022-03-16,20220316150000000,sh.600586,7.4900,7.5800,7.4900,7.5400,4041695,30456726.0000,3
2022-03-17,20220317103000000,sh.600586,7.8000,8.1600,7.7900,8.0100,15381300,122839058.0000,3
2022-03-17,20220317113000000,sh.600586,8.0100,8.1000,8.0100,8.0800,5124371,41309215.0000,3
2022-03-17,20220317140000000,sh.600586,8.0800,8.0900,7.9700,7.9700,4781400,38335692.0000,3
2022-03-17,20220317150000000,sh.600586,7.9700,8.0000,7.8900,7.9500,5413600,42989233.0000,3
2022-03-18,20220318103000000,sh.600586,7.9700,8.2700,7.8900,8.1600,19756401,160761334.0000,3
2022-03-18,20220318113000000,sh.600586,8.1700,8.2300,8.1300,8.1500,4906500,40168951.0000,3
2022-03-18,20220318140000000,sh.600586,8.1500,8.2000,8.1500,8.1800,4629600,37841471.0000,3
2022-03-18,20220318150000000,sh.600586,8.1800,8.2300,8.1700,8.2300,6570371,53923716.0000,3
2022-03-21,20220321103000000,sh.600586,8.3000,8.5300,8.3000,8.4100,24581202,207575902.0000,3
2022-03-21,20220321113000000,sh.600586,8.4200,8.4200,8.3300,8.3800,5137100,43027437.0000,3
2022-03-21,20220321140000000,sh.600586,8.3800,8.3800,8.2700,8.3500,5635601,46844181.0000,3
2022-03-21,20220321150000000,sh.600586,8.3500,8.4200,8.3400,8.3800,4412700,36973696.0000,3
2022-03-22,20220322103000000,sh.600586,8.3000,8.4400,8.2400,8.2800,9291135,77196048.0000,3
2022-03-22,20220322113000000,sh.600586,8.2900,8.3500,8.2600,8.3100,4306600,35698911.0000,3
2022-03-22,20220322140000000,sh.600586,8.3100,8.3800,8.2900,8.2900,3221500,26812749.0000,3
2022-03-22,20220322150000000,sh.600586,8.2900,8.3100,8.2700,8.2900,3558091,29478359.0000,3
2022-03-23,20220323103000000,sh.600586,8.5200,8.6100,8.3800,8.3900,15751200,133829612.0000,3
2022-03-23,20220323113000000,sh.600586,8.3900,8.4200,8.3200,8.3300,3345400,28057751.0000,3
2022-03-23,20220323140000000,sh.600586,8.3300,8.3900,8.3200,8.3400,2548100,21284919.0000,3
2022-03-23,20220323150000000,sh.600586,8.3400,8.3500,8.3100,8.3200,3730800,31053223.0000,3
2022-03-24,20220324103000000,sh.600586,8.1900,8.2500,8.0900,8.1200,10623700,86806691.0000,3
2022-03-24,20220324113000000,sh.600586,8.1300,8.1500,8.1100,8.1400,2684600,21818947.0000,3
2022-03-24,20220324140000000,sh.600586,8.1500,8.2100,8.0700,8.1700,3288100,26715507.0000,3
2022-03-24,20220324150000000,sh.600586,8.1800,8.1800,8.1100,8.1500,3125900,25436419.0000,3
2022-03-25,20220325103000000,sh.600586,8.2400,8.2500,8.1100,8.1800,5871000,47886792.0000,3
2022-03-25,20220325113000000,sh.600586,8.1800,8.2000,8.1200,8.1200,2588200,21122824.0000,3
2022-03-25,20220325140000000,sh.600586,8.1300,8.1800,8.0800,8.1600,3929575,31937276.0000,3
2022-03-25,20220325150000000,sh.600586,8.1600,8.1800,8.1000,8.1000,3183700,25879474.0000,3
2022-03-28,20220328103000000,sh.600586,7.9900,8.1700,7.8500,8.1200,9950000,79597938.0000,3
2022-03-28,20220328113000000,sh.600586,8.1200,8.2000,8.0900,8.1000,2789200,22703709.0000,3
2022-03-28,20220328140000000,sh.600586,8.1000,8.1300,8.0700,8.1100,1598700,12946469.0000,3
2022-03-28,20220328150000000,sh.600586,8.1200,8.1400,8.0400,8.0700,2372600,19150074.0000,3
2022-03-29,20220329103000000,sh.600586,8.1100,8.1200,7.9500,7.9600,5228000,41986400.0000,3
2022-03-29,20220329113000000,sh.600586,7.9700,8.0200,7.9100,7.9100,2493000,19842996.0000,3
2022-03-29,20220329140000000,sh.600586,7.9200,7.9900,7.8800,7.9600,2474100,19625579.0000,3
2022-03-29,20220329150000000,sh.600586,7.9600,7.9800,7.9000,7.9200,2518636,19966962.0000,3
2022-03-30,20220330103000000,sh.600586,8.0100,8.1100,8.0100,8.0200,6512300,52518716.0000,3
2022-03-30,20220330113000000,sh.600586,8.0200,8.0700,7.9900,8.0400,2284800,18339373.0000,3
2022-03-30,20220330140000000,sh.600586,8.0500,8.0800,8.0400,8.0800,2172000,17517993.0000,3
2022-03-30,20220330150000000,sh.600586,8.0800,8.0900,8.0700,8.0900,3318600,26822586.0000,3
2022-03-31,20220331103000000,sh.600586,8.0800,8.1900,8.0400,8.1300,6958700,56706078.0000,3
2022-03-31,20220331113000000,sh.600586,8.1300,8.1400,8.0500,8.0800,3432500,27770012.0000,3
2022-03-31,20220331140000000,sh.600586,8.0800,8.1000,8.0200,8.0300,2446900,19701970.0000,3
2022-03-31,20220331150000000,sh.600586,8.0200,8.0700,8.0200,8.0600,2519900,20283556.0000,3
2022-04-01,20220401103000000,sh.600586,8.0100,8.0200,7.9100,7.9200,6039500,48040583.0000,3
2022-04-01,20220401113000000,sh.600586,7.9200,7.9800,7.9100,7.9500,2325200,18473121.0000,3
2022-04-01,20220401140000000,sh.600586,7.9600,8.0000,7.9400,7.9700,1786600,14245862.0000,3
2022-04-01,20220401150000000,sh.600586,7.9700,8.0400,7.9700,8.0200,2960301,23697445.0000,3
2022-04-06,20220406103000000,sh.600586,8.0000,8.1500,7.9700,8.0900,7092200,57152713.0000,3
2022-04-06,20220406113000000,sh.600586,8.0900,8.1400,8.0700,8.1300,2484500,20146735.0000,3
2022-04-06,20220406140000000,sh.600586,8.1300,8.4500,8.1100,8.3500,14694453,122448798.0000,3
2022-04-06,20220406150000000,sh.600586,8.3500,8.4000,8.3000,8.3900,7041301,58843556.0000,3
2022-04-07,20220407103000000,sh.600586,8.3000,8.5400,8.2600,8.4600,14824200,125457380.0000,3
2022-04-07,20220407113000000,sh.600586,8.4600,8.4700,8.3800,8.4100,5677300,47826792.0000,3
2022-04-07,20220407140000000,sh.600586,8.4200,8.5200,8.4000,8.5000,8899216,75454799.0000,3
2022-04-07,20220407150000000,sh.600586,8.5000,8.7500,8.4900,8.6500,22542891,194839669.0000,3
2022-04-08,20220408103000000,sh.600586,8.5800,8.7500,8.5300,8.6700,15796200,136510146.0000,3
2022-04-08,20220408113000000,sh.600586,8.6700,8.7500,8.6400,8.6600,5609700,48707305.0000,3
2022-04-08,20220408140000000,sh.600586,8.6700,8.7400,8.6300,8.6500,7440100,64601847.0000,3
2022-04-08,20220408150000000,sh.600586,8.6500,8.6500,8.5700,8.6100,9288745,79922606.0000,3
2022-04-11,20220411103000000,sh.600586,8.5600,8.7200,8.4700,8.4900,13395500,115128693.0000,3
2022-04-11,20220411113000000,sh.600586,8.4900,8.5200,8.4000,8.4900,6490800,54940305.0000,3
2022-04-11,20220411140000000,sh.600586,8.5000,8.5000,8.3500,8.4100,4552700,38282210.0000,3
2022-04-11,20220411150000000,sh.600586,8.4100,8.4200,8.2300,8.2800,8753300,72625560.0000,3
2022-04-12,20220412103000000,sh.600586,7.8500,7.9000,7.4500,7.4600,38442700,289723936.0000,3
2022-04-12,20220412113000000,sh.600586,7.4500,7.4600,7.4500,7.4500,2276200,16958480.0000,3
2022-04-12,20220412140000000,sh.600586,7.4500,7.5500,7.4500,7.4600,14698464,109823232.0000,3
2022-04-12,20220412150000000,sh.600586,7.4600,7.5000,7.4500,7.4500,9938500,74187376.0000,3
2022-04-13,20220413103000000,sh.600586,7.4500,7.4500,6.9700,7.0000,31302500,222589964.0000,3
2022-04-13,20220413113000000,sh.600586,7.0000,7.0100,6.8500,6.9100,9970500,69141492.0000,3
2022-04-13,20220413140000000,sh.600586,6.9200,7.0200,6.8800,6.9500,6525900,45306848.0000,3
2022-04-13,20220413150000000,sh.600586,6.9500,6.9600,6.8800,6.9400,6656404,46017920.0000,3
2022-04-14,20220414103000000,sh.600586,6.9100,6.9200,6.7100,6.7500,14666600,99374040.0000,3
2022-04-14,20220414113000000,sh.600586,6.7500,6.7600,6.6000,6.6500,10313300,68873130.0000,3
2022-04-14,20220414140000000,sh.600586,6.6500,6.9300,6.6200,6.8200,8687004,58646224.0000,3
2022-04-14,20220414150000000,sh.600586,6.8200,7.0400,6.8100,7.0400,12045500,83873726.0000,3
2022-04-15,20220415103000000,sh.600586,6.8600,7.0200,6.8100,6.9300,10242700,70944525.0000,3
2022-04-15,20220415113000000,sh.600586,6.9300,6.9500,6.8300,6.8600,4826600,33221271.0000,3
2022-04-15,20220415140000000,sh.600586,6.8500,6.9800,6.8300,6.9000,3251900,22492294.0000,3
2022-04-15,20220415150000000,sh.600586,6.9000,6.9400,6.8500,6.9000,3471200,23882091.0000,3
2022-04-18,20220418103000000,sh.600586,6.9000,7.0000,6.7100,6.7600,9997601,68220740.0000,3
2022-04-18,20220418113000000,sh.600586,6.7600,6.8100,6.7400,6.7500,3547200,24025228.0000,3
2022-04-18,20220418140000000,sh.600586,6.7500,6.8300,6.7300,6.8100,2972600,20110560.0000,3
2022-04-18,20220418150000000,sh.600586,6.8100,6.9300,6.8000,6.9000,5249700,36099271.0000,3
2022-04-19,20220419103000000,sh.600586,6.9500,6.9500,6.8000,6.8100,7868900,53980296.0000,3
2022-04-19,20220419113000000,sh.600586,6.8100,6.8100,6.7800,6.7800,4851200,32939452.0000,3
2022-04-19,20220419140000000,sh.600586,6.7900,6.8400,6.7700,6.8000,4836090,32850105.0000,3
2022-04-19,20220419150000000,sh.600586,6.8000,6.8100,6.7800,6.8000,2639700,17935621.0000,3
2022-04-20,20220420103000000,sh.600586,6.8000,6.8100,6.7200,6.7500,3975100,26891166.0000,3
2022-04-20,20220420113000000,sh.600586,6.7500,6.7600,6.7300,6.7300,1989700,13413433.0000,3
2022-04-20,20220420140000000,sh.600586,6.7300,6.7500,6.6700,6.6800,3760500,25239000.0000,3
2022-04-20,20220420150000000,sh.600586,6.6900,6.6900,6.6000,6.6000,6469900,42902980.0000,3
2022-04-21,20220421103000000,sh.600586,6.6100,6.6100,6.4000,6.4400,8740449,56693061.0000,3
2022-04-21,20220421113000000,sh.600586,6.4400,6.4900,6.3400,6.3400,3588600,23015634.0000,3
2022-04-21,20220421140000000,sh.600586,6.3400,6.4800,6.3300,6.3400,3786200,24245200.0000,3
2022-04-21,20220421150000000,sh.600586,6.3500,6.3600,6.1800,6.2000,7437400,46492536.0000,3
2022-04-22,20220422103000000,sh.600586,6.2100,6.2600,6.1300,6.2100,6841816,42344811.0000,3
2022-04-22,20220422113000000,sh.600586,6.2100,6.2100,6.1400,6.1800,2120800,13104801.0000,3
2022-04-22,20220422140000000,sh.600586,6.1800,6.2300,6.1600,6.2200,1730690,10716420.0000,3
2022-04-22,20220422150000000,sh.600586,6.2300,6.2300,6.1500,6.1600,2600932,16066351.0000,3
2022-04-25,20220425103000000,sh.600586,6.0600,6.0600,5.8200,5.8300,10117916,59581905.0000,3
2022-04-25,20220425113000000,sh.600586,5.8300,5.9000,5.8200,5.8300,2951500,17269310.0000,3
2022-04-25,20220425140000000,sh.600586,5.8400,5.8400,5.6300,5.6300,6864203,39354014.0000,3
2022-04-25,20220425150000000,sh.600586,5.6200,5.7400,5.5400,5.5500,9466900,53029297.0000,3
2022-04-26,20220426103000000,sh.600586,5.5700,5.6400,5.4000,5.5500,10071616,55591001.0000,3
2022-04-26,20220426113000000,sh.600586,5.5500,5.6300,5.5300,5.5900,4404101,24582361.0000,3
2022-04-26,20220426140000000,sh.600586,5.6000,5.6300,5.4400,5.4400,3530800,19503942.0000,3
2022-04-26,20220426150000000,sh.600586,5.4400,5.4600,5.3000,5.3600,7534475,40399219.0000,3
2022-04-27,20220427103000000,sh.600586,5.2200,5.3700,5.2000,5.2500,6961700,36855157.0000,3
2022-04-27,20220427113000000,sh.600586,5.2500,5.3300,5.2300,5.2800,3809641,20071898.0000,3
2022-04-27,20220427140000000,sh.600586,5.2700,5.5300,5.2700,5.5200,7021871,38150620.0000,3
2022-04-27,20220427150000000,sh.600586,5.5200,5.5900,5.4800,5.5800,4583600,25408902.0000,3
2022-04-28,20220428103000000,sh.600586,5.5000,5.5900,5.4600,5.5900,5231500,28818655.0000,3
2022-04-28,20220428113000000,sh.600586,5.5900,5.6300,5.5000,5.5100,3557868,19838727.0000,3
2022-04-28,20220428140000000,sh.600586,5.5100,5.5100,5.4100,5.4900,3597600,19598855.0000,3
2022-04-28,20220428150000000,sh.600586,5.4900,5.5200,5.4400,5.4900,2326800,12766398.0000,3
2022-04-29,20220429103000000,sh.600586,5.5600,5.7000,5.5600,5.6300,6547400,36891984.0000,3
2022-04-29,20220429113000000,sh.600586,5.6300,5.6400,5.6000,5.6200,1765800,9915712.0000,3
2022-04-29,20220429140000000,sh.600586,5.6100,5.8300,5.6100,5.8000,8860071,50938016.0000,3
2022-04-29,20220429150000000,sh.600586,5.8000,5.8500,5.7900,5.8400,4949746,28855625.0000,3
2022-05-05,20220505103000000,sh.600586,5.8500,5.9100,5.7600,5.8500,5859700,34308067.0000,3
2022-05-05,20220505113000000,sh.600586,5.8500,5.8900,5.8200,5.8800,2952911,17285896.0000,3
2022-05-05,20220505140000000,sh.600586,5.8900,5.9000,5.8400,5.8500,2568958,15064046.0000,3
2022-05-05,20220505150000000,sh.600586,5.8500,5.8600,5.7800,5.8300,4685916,27258312.0000,3
2022-05-06,20220506103000000,sh.600586,5.6600,5.7400,5.6200,5.6700,7890700,44820173.0000,3
2022-05-06,20220506113000000,sh.600586,5.6700,5.7000,5.5600,5.5700,4993400,28114892.0000,3
2022-05-06,20220506140000000,sh.600586,5.5800,5.6400,5.5500,5.6000,2978500,16678150.0000,3
2022-05-06,20220506150000000,sh.600586,5.6000,5.6100,5.5600,5.6000,2895069,16177959.0000,3
2022-05-09,20220509103000000,sh.600586,5.6000,5.7700,5.5500,5.6900,5251600,29949161.0000,3
2022-05-09,20220509113000000,sh.600586,5.6900,5.7300,5.6700,5.6900,1436200,8187454.0000,3
2022-05-09,20220509140000000,sh.600586,5.6900,5.7400,5.6600,5.6600,1719200,9790668.0000,3
2022-05-09,20220509150000000,sh.600586,5.6600,5.7000,5.6600,5.6900,1790200,10169196.0000,3
2022-05-10,20220510103000000,sh.600586,5.6100,5.7200,5.5800,5.7200,4919601,27784281.0000,3
2022-05-10,20220510113000000,sh.600586,5.7200,5.8000,5.6800,5.7400,4685301,26891553.0000,3
2022-05-10,20220510140000000,sh.600586,5.7400,5.8300,5.7400,5.7900,3296000,19094125.0000,3
2022-05-10,20220510150000000,sh.600586,5.8000,5.8500,5.7800,5.8500,3088800,17945491.0000,3
2022-05-11,20220511103000000,sh.600586,5.8600,6.1500,5.8600,6.1100,11930500,71932721.0000,3
2022-05-11,20220511113000000,sh.600586,6.1100,6.1100,6.0500,6.0900,3279501,19926278.0000,3
2022-05-11,20220511140000000,sh.600586,6.0900,6.1700,6.0800,6.0900,5243500,32117942.0000,3
2022-05-11,20220511150000000,sh.600586,6.0800,6.1200,6.0000,6.0100,4904232,29619032.0000,3
2022-05-12,20220512103000000,sh.600586,6.0000,6.1000,5.9600,6.0400,7175000,43350929.0000,3
2022-05-12,20220512113000000,sh.600586,6.0400,6.0400,5.9700,6.0100,3708200,22225556.0000,3
2022-05-12,20220512140000000,sh.600586,6.0000,6.0200,5.8700,5.9200,4429910,26255895.0000,3
2022-05-12,20220512150000000,sh.600586,5.9200,5.9800,5.8900,5.9800,3872341,23043787.0000,3
2022-05-13,20220513103000000,sh.600586,6.0100,6.0400,5.9500,5.9800,4549900,27270779.0000,3
2022-05-13,20220513113000000,sh.600586,5.9800,6.0000,5.9300,5.9700,1787100,10652652.0000,3
2022-05-13,20220513140000000,sh.600586,5.9600,5.9800,5.9300,5.9700,1828900,10885760.0000,3
2022-05-13,20220513150000000,sh.600586,5.9700,6.0000,5.9600,5.9900,2104500,12588712.0000,3
2022-05-16,20220516103000000,sh.600586,6.0400,6.1000,5.9700,6.0000,4804300,28878300.0000,3
2022-05-16,20220516113000000,sh.600586,6.0000,6.0100,5.9500,5.9600,2266044,13532949.0000,3
2022-05-16,20220516140000000,sh.600586,5.9700,5.9900,5.9500,5.9800,1131400,6759721.0000,3
2022-05-16,20220516150000000,sh.600586,5.9800,5.9900,5.9300,5.9400,3045031,18099517.0000,3
2022-05-17,20220517103000000,sh.600586,5.9100,5.9300,5.8000,5.8100,4278000,25054768.0000,3
2022-05-17,20220517113000000,sh.600586,5.8100,5.9100,5.8100,5.9000,2659400,15595343.0000,3
2022-05-17,20220517140000000,sh.600586,5.9000,5.9700,5.8800,5.9400,2452000,14551608.0000,3
2022-05-17,20220517150000000,sh.600586,5.9400,5.9500,5.9200,5.9500,1509001,8962138.0000,3
2022-05-18,20220518103000000,sh.600586,5.9800,6.0400,5.9400,5.9900,4731500,28343252.0000,3
2022-05-18,20220518113000000,sh.600586,5.9900,6.0100,5.9600,6.0000,1214200,7271155.0000,3
2022-05-18,20220518140000000,sh.600586,6.0000,6.0300,5.9800,6.0200,2825500,16962427.0000,3
2022-05-18,20220518150000000,sh.600586,6.0200,6.0300,5.9600,5.9800,2961800,17733738.0000,3
2022-05-19,20220519103000000,sh.600586,5.9000,5.9600,5.8300,5.9200,3807701,22452910.0000,3
2022-05-19,20220519113000000,sh.600586,5.9200,6.1600,5.9000,6.1400,6977531,42317205.0000,3
2022-05-19,20220519140000000,sh.600586,6.1400,6.2400,6.1100,6.1500,7034482,43419148.0000,3
2022-05-19,20220519150000000,sh.600586,6.1500,6.1800,6.1300,6.1600,4189011,25780937.0000,3
2022-05-20,20220520103000000,sh.600586,6.2700,6.4300,6.2400,6.3300,15434170,97769577.0000,3
2022-05-20,20220520113000000,sh.600586,6.3300,6.3400,6.2900,6.3300,3518971,22219839.0000,3
2022-05-20,20220520140000000,sh.600586,6.3400,6.3800,6.3300,6.3500,3734100,23725998.0000,3
2022-05-20,20220520150000000,sh.600586,6.3400,6.3900,6.3300,6.3700,4997100,31801063.0000,3
2022-05-23,20220523103000000,sh.600586,6.5100,6.6800,6.4800,6.5000,16503501,108506533.0000,3
2022-05-23,20220523113000000,sh.600586,6.5000,6.5300,6.4300,6.4500,3838788,24879491.0000,3
2022-05-23,20220523140000000,sh.600586,6.4500,6.5800,6.4400,6.5500,4101000,26725359.0000,3
2022-05-23,20220523150000000,sh.600586,6.5500,6.6500,6.5400,6.6300,7895907,52280118.0000,3
2022-05-24,20220524103000000,sh.600586,6.6000,6.6700,6.4700,6.4700,13157900,86207666.0000,3
2022-05-24,20220524113000000,sh.600586,6.4700,6.5000,6.3900,6.3900,5782900,37262583.0000,3
2022-05-24,20220524140000000,sh.600586,6.3900,6.4100,6.3500,6.3700,4580400,29202376.0000,3
2022-05-24,20220524150000000,sh.600586,6.3700,6.3700,6.2000,6.2200,8446542,53040027.0000,3
2022-05-25,20220525103000000,sh.600586,6.3100,6.4200,6.2000,6.4100,11398666,71996809.0000,3
2022-05-25,20220525113000000,sh.600586,6.4100,6.4100,6.3000,6.3700,3376500,21438625.0000,3
2022-05-25,20220525140000000,sh.600586,6.3600,6.4100,6.3100,6.3900,3727804,23788548.0000,3
2022-05-25,20220525150000000,sh.600586,6.3900,6.4000,6.3400,6.3900,3295900,21021058.0000,3
2022-05-26,20220526103000000,sh.600586,6.3900,6.3900,6.2500,6.3800,7128000,45004769.0000,3
2022-05-26,20220526113000000,sh.600586,6.3800,6.3900,6.3300,6.3800,2246600,14306908.0000,3
2022-05-26,20220526140000000,sh.600586,6.3900,6.4200,6.3500,6.3600,2973800,18976752.0000,3
2022-05-26,20220526150000000,sh.600586,6.3600,6.3900,6.3400,6.3700,2543703,16197046.0000,3
2022-05-27,20220527103000000,sh.600586,6.3800,6.4400,6.3700,6.3900,5240201,33503471.0000,3
2022-05-27,20220527113000000,sh.600586,6.3800,6.8200,6.3700,6.7800,18578503,123000996.0000,3
2022-05-27,20220527140000000,sh.600586,6.7700,6.8800,6.6500,6.6600,14873513,100553545.0000,3
2022-05-27,20220527150000000,sh.600586,6.6600,6.7100,6.5600,6.6800,9333175,61982852.0000,3
2022-05-30,20220530103000000,sh.600586,6.7200,6.7400,6.5800,6.6200,11085963,73739146.0000,3
2022-05-30,20220530113000000,sh.600586,6.6200,6.6300,6.5800,6.6100,4163741,27495452.0000,3
2022-05-30,20220530140000000,sh.600586,6.6100,6.6400,6.6000,6.6000,2657900,17596423.0000,3
2022-05-30,20220530150000000,sh.600586,6.6000,6.6500,6.5800,6.6400,4180000,27650697.0000,3
2022-05-31,20220531103000000,sh.600586,6.7200,6.8400,6.7000,6.7300,15609200,105707218.0000,3
2022-05-31,20220531113000000,sh.600586,6.7300,6.8000,6.7200,6.7300,3256316,21975490.0000,3
2022-05-31,20220531140000000,sh.600586,6.7400,6.7500,6.6800,6.6900,3741868,25126884.0000,3
2022-05-31,20220531150000000,sh.600586,6.6900,6.7500,6.6600,6.7300,4635200,31091238.0000,3
2022-06-01,20220601103000000,sh.600586,6.6900,6.7300,6.6200,6.6500,9509516,63374215.0000,3
2022-06-01,20220601113000000,sh.600586,6.6400,6.7200,6.6300,6.6900,2971400,19833708.0000,3
2022-06-01,20220601140000000,sh.600586,6.6900,6.6900,6.6300,6.6400,3474700,23132852.0000,3
2022-06-01,20220601150000000,sh.600586,6.6400,6.6900,6.6400,6.6800,2698200,18004008.0000,3
2022-06-02,20220602103000000,sh.600586,6.6800,6.6800,6.5900,6.6500,5306903,35168856.0000,3
2022-06-02,20220602113000000,sh.600586,6.6500,6.7100,6.6500,6.6800,2250515,15027679.0000,3
2022-06-02,20220602140000000,sh.600586,6.6900,6.7000,6.6600,6.6600,2167200,14463910.0000,3
2022-06-02,20220602150000000,sh.600586,6.6600,6.7000,6.6600,6.6900,3881541,25919860.0000,3
2022-06-06,20220606103000000,sh.600586,6.6600,6.6700,6.6200,6.6500,6346500,42169244.0000,3
2022-06-06,20220606113000000,sh.600586,6.6500,6.7800,6.6500,6.7700,7800702,52494722.0000,3
2022-06-06,20220606140000000,sh.600586,6.7800,6.8200,6.7500,6.7700,4747713,32188192.0000,3
2022-06-06,20220606150000000,sh.600586,6.7700,6.9000,6.7700,6.8800,9155918,62604645.0000,3
2022-06-07,20220607103000000,sh.600586,7.0600,7.3000,7.0200,7.0600,33900586,242457713.0000,3
2022-06-07,20220607113000000,sh.600586,7.0600,7.1200,7.0300,7.1000,5181100,36660479.0000,3
2022-06-07,20220607140000000,sh.600586,7.0900,7.1100,6.9500,6.9500,5296000,37182160.0000,3
2022-06-07,20220607150000000,sh.600586,6.9600,7.0900,6.9500,7.0700,6430998,45309520.0000,3
2022-06-08,20220608103000000,sh.600586,6.9500,7.0800,6.9500,7.0300,11165250,78376167.0000,3
2022-06-08,20220608113000000,sh.600586,7.0300,7.0500,6.8800,6.8900,9108700,63312350.0000,3
2022-06-08,20220608140000000,sh.600586,6.8800,6.9700,6.8600,6.9700,4357101,30095732.0000,3
2022-06-08,20220608150000000,sh.600586,6.9700,7.0200,6.9300,7.0100,4011873,28027589.0000,3
2022-06-09,20220609103000000,sh.600586,6.9200,7.0700,6.9000,6.9500,7820320,54652412.0000,3
2022-06-09,20220609113000000,sh.600586,6.9400,7.0000,6.9300,6.9400,3426980,23868136.0000,3
2022-06-09,20220609140000000,sh.600586,6.9500,6.9500,6.8300,6.8600,5235500,36059099.0000,3
2022-06-09,20220609150000000,sh.600586,6.8600,6.9200,6.8400,6.8900,2903600,19996349.0000,3
2022-06-10,20220610103000000,sh.600586,6.8000,6.9500,6.8000,6.9000,6366992,43720511.0000,3
2022-06-10,20220610113000000,sh.600586,6.9100,6.9500,6.9000,6.9300,2729104,18903227.0000,3
2022-06-10,20220610140000000,sh.600586,6.9300,7.0100,6.9100,7.0000,4199900,29194447.0000,3
2022-06-10,20220610150000000,sh.600586,7.0100,7.0200,6.9700,6.9700,4451900,31115984.0000,3
2022-06-13,20220613103000000,sh.600586,6.9200,7.0600,6.8500,6.9500,9355470,65173687.0000,3
2022-06-13,20220613113000000,sh.600586,6.9500,7.0000,6.9200,6.9400,3237692,22521218.0000,3
2022-06-13,20220613140000000,sh.600586,6.9400,6.9500,6.8700,6.8700,3823700,26413229.0000,3
2022-06-13,20220613150000000,sh.600586,6.8700,6.9500,6.8400,6.9400,4303697,29656947.0000,3
2022-06-14,20220614103000000,sh.600586,6.8400,6.8400,6.7100,6.8100,10931487,74036397.0000,3
2022-06-14,20220614113000000,sh.600586,6.8100,6.8300,6.6400,6.6700,6110500,41083462.0000,3
2022-06-14,20220614140000000,sh.600586,6.6800,6.8000,6.6700,6.8000,2815400,18947338.0000,3
2022-06-14,20220614150000000,sh.600586,6.8000,6.8900,6.7900,6.8800,4227376,28949451.0000,3
2022-06-15,20220615103000000,sh.600586,6.9200,6.9600,6.8800,6.9000,6749070,46679542.0000,3
2022-06-15,20220615113000000,sh.600586,6.9000,7.0000,6.8600,6.9900,4896993,33880823.0000,3
2022-06-15,20220615140000000,sh.600586,6.9900,7.0600,6.9900,7.0300,7805200,54821746.0000,3
2022-06-15,20220615150000000,sh.600586,7.0400,7.0400,6.9600,6.9600,6311600,44174799.0000,3
2022-06-16,20220616103000000,sh.600586,6.9500,7.0900,6.9200,6.9500,8187885,57359914.0000,3
2022-06-16,20220616113000000,sh.600586,6.9500,7.0100,6.9500,7.0100,2330170,16272487.0000,3
2022-06-16,20220616140000000,sh.600586,7.0100,7.0100,6.9200,6.9200,4853230,33776086.0000,3
2022-06-16,20220616150000000,sh.600586,6.9200,6.9400,6.8900,6.9300,3811673,26369522.0000,3
2022-06-17,20220617103000000,sh.600586,6.8900,7.0800,6.8000,7.0300,11179193,78356825.0000,3
2022-06-17,20220617113000000,sh.600586,7.0300,7.0700,6.9300,6.9900,4042785,28338543.0000,3
2022-06-17,20220617140000000,sh.600586,6.9900,7.0000,6.9500,6.9800,1965800,13713490.0000,3
2022-06-17,20220617150000000,sh.600586,6.9700,7.0200,6.9500,7.0100,3544000,24774304.0000,3
2022-06-20,20220620103000000,sh.600586,7.0400,7.2100,7.0100,7.1800,16729883,119652918.0000,3
2022-06-20,20220620113000000,sh.600586,7.1800,7.2100,7.1500,7.1600,4093900,29411692.0000,3
2022-06-20,20220620140000000,sh.600586,7.1600,7.1900,7.1400,7.1700,3037171,21771724.0000,3
2022-06-20,20220620150000000,sh.600586,7.1700,7.1900,7.1500,7.1900,4150000,29781419.0000,3
2022-06-21,20220621103000000,sh.600586,7.2500,7.2500,7.0600,7.0600,9754900,69377958.0000,3
2022-06-21,20220621113000000,sh.600586,7.0600,7.1000,7.0200,7.0900,3386400,23893564.0000,3
2022-06-21,20220621140000000,sh.600586,7.1000,7.1100,7.0200,7.0200,3813717,26872479.0000,3
2022-06-21,20220621150000000,sh.600586,7.0300,7.0300,6.9300,7.0100,6947666,48542431.0000,3
2022-06-22,20220622103000000,sh.600586,7.0400,7.0500,6.8400,6.9000,8926500,61619867.0000,3
2022-06-22,20220622113000000,sh.600586,6.9100,6.9500,6.8800,6.9000,1860421,12863522.0000,3
2022-06-22,20220622140000000,sh.600586,6.9000,6.9400,6.8700,6.9300,2332500,16092192.0000,3
2022-06-22,20220622150000000,sh.600586,6.9200,6.9300,6.8000,6.8200,5772900,39510377.0000,3
2022-06-23,20220623103000000,sh.600586,6.7800,6.8800,6.7400,6.7500,5831600,39650483.0000,3
2022-06-23,20220623113000000,sh.600586,6.7500,6.8500,6.7500,6.8500,2124700,14441000.0000,3
2022-06-23,20220623140000000,sh.600586,6.8400,6.9000,6.8400,6.8900,2689400,18486475.0000,3
2022-06-23,20220623150000000,sh.600586,6.8800,6.9400,6.8800,6.9300,4004701,27707645.0000,3
2022-06-24,20220624103000000,sh.600586,6.9900,7.6200,6.9800,7.6200,47519311,356079216.0000,3
2022-06-24,20220624113000000,sh.600586,7.6200,7.6200,7.6200,7.6200,1268700,9667488.0000,3
2022-06-24,20220624140000000,sh.600586,7.6200,7.6200,7.6200,7.6200,2097300,15981440.0000,3
2022-06-24,20220624150000000,sh.600586,7.6200,7.6200,7.6200,7.6200,1623000,12367248.0000,3
2022-06-27,20220627103000000,sh.600586,7.7300,7.8300,7.5600,7.6300,55799923,428547536.0000,3
2022-06-27,20220627113000000,sh.600586,7.6300,7.7300,7.6000,7.6000,8823192,67616160.0000,3
2022-06-27,20220627140000000,sh.600586,7.6100,7.6800,7.5800,7.6300,7563299,57681296.0000,3
2022-06-27,20220627150000000,sh.600586,7.6300,7.6500,7.6000,7.6400,9855201,75146288.0000,3
2022-06-28,20220628103000000,sh.600586,7.6600,8.1900,7.6000,7.9300,50617109,401663328.0000,3
2022-06-28,20220628113000000,sh.600586,7.9300,8.0300,7.9200,7.9900,6752400,53928944.0000,3
2022-06-28,20220628140000000,sh.600586,7.9900,8.0200,7.8800,7.8800,9445600,75118272.0000,3
2022-06-28,20220628150000000,sh.600586,7.8800,7.9700,7.8700,7.9500,10220539,81076832.0000,3
2022-06-29,20220629103000000,sh.600586,7.8400,7.9100,7.6100,7.6400,28678201,220930002.0000,3
2022-06-29,20220629113000000,sh.600586,7.6400,7.6600,7.5700,7.5900,8139799,61981966.0000,3
2022-06-29,20220629140000000,sh.600586,7.5900,7.5900,7.5000,7.5800,7721102,58197616.0000,3
2022-06-29,20220629150000000,sh.600586,7.5800,7.6200,7.4600,7.4800,8563600,64490608.0000,3
2022-06-30,20220630103000000,sh.600586,7.5600,7.5900,7.4300,7.4800,9576484,71964255.0000,3
2022-06-30,20220630113000000,sh.600586,7.4800,7.5500,7.4800,7.5400,4189300,31483861.0000,3
2022-06-30,20220630140000000,sh.600586,7.5400,7.5600,7.5100,7.5300,4522208,34088154.0000,3
2022-06-30,20220630150000000,sh.600586,7.5300,7.5600,7.5000,7.5500,5259847,39638452.0000,3
2022-07-01,20220701103000000,sh.600586,7.5500,7.5500,7.4000,7.4600,8344002,62134889.0000,3
2022-07-01,20220701113000000,sh.600586,7.4500,7.4900,7.4200,7.4200,4641382,34583668.0000,3
2022-07-01,20220701140000000,sh.600586,7.4200,7.4200,7.3600,7.3700,6039324,44643449.0000,3
2022-07-01,20220701150000000,sh.600586,7.3700,7.4300,7.3700,7.4100,3895118,28852603.0000,3
2022-07-04,20220704103000000,sh.600586,7.3900,7.4500,7.2700,7.3600,7832832,57473275.0000,3
2022-07-04,20220704113000000,sh.600586,7.3600,7.4000,7.3200,7.3900,2390500,17599745.0000,3
2022-07-04,20220704140000000,sh.600586,7.3800,7.4700,7.3800,7.4300,4521300,33554725.0000,3
2022-07-04,20220704150000000,sh.600586,7.4300,7.4400,7.4100,7.4400,3821800,28382667.0000,3
2022-07-05,20220705103000000,sh.600586,7.4500,7.4800,7.3700,7.3700,6915393,51209504.0000,3
2022-07-05,20220705113000000,sh.600586,7.3700,7.3800,7.2500,7.3200,6533685,47835132.0000,3
2022-07-05,20220705140000000,sh.600586,7.3200,7.3600,7.2900,7.3000,3060800,22386943.0000,3
2022-07-05,20220705150000000,sh.600586,7.3000,7.3900,7.2900,7.3800,4034650,29631360.0000,3
2022-07-06,20220706103000000,sh.600586,7.1000,7.1000,6.9200,6.9200,8677900,60553010.0000,3
2022-07-06,20220706113000000,sh.600586,6.9200,6.9500,6.8600,6.8700,4175800,28824371.0000,3
2022-07-06,20220706140000000,sh.600586,6.8700,6.9100,6.8300,6.8300,2914300,20003681.0000,3
2022-07-06,20220706150000000,sh.600586,6.8300,6.8900,6.8000,6.8700,4295600,29363834.0000,3
2022-07-07,20220707103000000,sh.600586,6.9100,6.9200,6.8100,6.9000,3851400,26464621.0000,3
2022-07-07,20220707113000000,sh.600586,6.9000,7.0400,6.9000,7.0400,3683829,25574908.0000,3
2022-07-07,20220707140000000,sh.600586,7.0400,7.0700,6.9700,6.9900,3095500,21702926.0000,3
2022-07-07,20220707150000000,sh.600586,6.9900,6.9900,6.9500,6.9700,2406200,16774622.0000,3
2022-07-08,20220708103000000,sh.600586,6.9500,7.0300,6.9300,6.9700,4440127,30976863.0000,3
2022-07-08,20220708113000000,sh.600586,6.9700,6.9800,6.9400,6.9500,1764485,12268623.0000,3
2022-07-08,20220708140000000,sh.600586,6.9500,6.9500,6.8700,6.8800,2876700,19867218.0000,3
2022-07-08,20220708150000000,sh.600586,6.8800,6.9200,6.8700,6.8900,2866500,19762982.0000,3
2022-07-11,20220711103000000,sh.600586,6.8800,6.8900,6.7000,6.7300,5534404,37277679.0000,3
2022-07-11,20220711113000000,sh.600586,6.7300,6.7300,6.6700,6.6900,3272297,21920687.0000,3
2022-07-11,20220711140000000,sh.600586,6.6800,6.7100,6.6500,6.6800,2730699,18236853.0000,3
2022-07-11,20220711150000000,sh.600586,6.6800,6.7300,6.6700,6.7100,2240274,15004046.0000,3
