date,time,code,open,high,low,close,volume,amount,adjustflag
2022-01-04,20220104103000000,sh.600720,10.3800,10.5400,10.3800,10.5200,5352576,56130340.0000,3
2022-01-04,20220104113000000,sh.600720,10.5200,10.5500,10.4800,10.5400,2072007,21804924.0000,3
2022-01-04,20220104140000000,sh.600720,10.5300,10.5600,10.5200,10.5300,1755797,18503584.0000,3
2022-01-04,20220104150000000,sh.600720,10.5400,10.5600,10.5200,10.5600,2871110,30267829.0000,3
2022-01-05,20220105103000000,sh.600720,10.5100,10.6400,10.5100,10.5500,5072933,53667159.0000,3
2022-01-05,20220105113000000,sh.600720,10.5500,10.6400,10.5100,10.6200,4046274,42838641.0000,3
2022-01-05,20220105140000000,sh.600720,10.6100,10.6200,10.5200,10.5900,1861308,19681598.0000,3
2022-01-05,20220105150000000,sh.600720,10.6000,10.7300,10.5800,10.6900,5171896,55228165.0000,3
2022-01-06,20220106103000000,sh.600720,10.6300,11.0400,10.6100,10.7900,13375900,145820083.0000,3
2022-01-06,20220106113000000,sh.600720,10.7900,10.8900,10.7700,10.8700,2298085,24903764.0000,3
2022-01-06,20220106140000000,sh.600720,10.8700,11.0000,10.8500,10.9300,5544100,60652303.0000,3
2022-01-06,20220106150000000,sh.600720,10.9300,10.9400,10.8600,10.8800,3324300,36224028.0000,3
2022-01-07,20220107103000000,sh.600720,10.8800,11.1400,10.8500,11.1100,10552863,116751402.0000,3
2022-01-07,20220107113000000,sh.600720,11.1100,11.1300,11.0200,11.0900,3410055,37793892.0000,3
2022-01-07,20220107140000000,sh.600720,11.0900,11.1100,10.9700,10.9900,3839400,42359525.0000,3
2022-01-07,20220107150000000,sh.600720,10.9900,11.0200,10.8800,10.9500,5285083,57795310.0000,3
2022-01-10,20220110103000000,sh.600720,10.9100,11.1100,10.8500,10.9400,7060318,77429346.0000,3
2022-01-10,20220110113000000,sh.600720,10.9400,10.9400,10.8500,10.9000,2040500,22212003.0000,3
2022-01-10,20220110140000000,sh.600720,10.8900,10.9700,10.8900,10.9500,2029838,22191552.0000,3
2022-01-10,20220110150000000,sh.600720,10.9400,10.9400,10.8700,10.9200,2860618,31190173.0000,3
2022-01-11,20220111103000000,sh.600720,10.9500,11.0800,10.8800,10.9600,4195258,45997952.0000,3
2022-01-11,20220111113000000,sh.600720,10.9600,11.0300,10.9300,10.9800,2304100,25325856.0000,3
2022-01-11,20220111140000000,sh.600720,10.9900,11.0100,10.8900,10.9000,2004500,21898772.0000,3
2022-01-11,20220111150000000,sh.600720,10.8900,10.9100,10.8300,10.8900,2825900,30736751.0000,3
2022-01-12,20220112103000000,sh.600720,10.8800,10.8900,10.5800,10.6200,8919800,95288301.0000,3
2022-01-12,20220112113000000,sh.600720,10.6200,10.7800,10.6100,10.7600,2560097,27348004.0000,3
2022-01-12,20220112140000000,sh.600720,10.7600,10.7800,10.7000,10.7300,1735702,18623512.0000,3
2022-01-12,20220112150000000,sh.600720,10.7300,10.7400,10.6900,10.7000,2519702,26987401.0000,3
2022-01-13,20220113103000000,sh.600720,10.7000,10.8400,10.6800,10.7200,4506148,48572733.0000,3
2022-01-13,20220113113000000,sh.600720,10.7200,10.7200,10.6600,10.6700,1974162,21092017.0000,3
2022-01-13,20220113140000000,sh.600720,10.6700,10.6800,10.6100,10.6500,2127982,22643967.0000,3
2022-01-13,20220113150000000,sh.600720,10.6500,10.6500,10.6000,10.6400,1823100,19366188.0000,3
2022-01-14,20220114103000000,sh.600720,10.5800,10.6100,10.4300,10.4300,6604750,69156800.0000,3
2022-01-14,20220114113000000,sh.600720,10.4300,10.4500,10.3000,10.3200,5010800,51953916.0000,3
2022-01-14,20220114140000000,sh.600720,10.3200,10.3500,10.2900,10.3000,2578550,26619265.0000,3
2022-01-14,20220114150000000,sh.600720,10.2900,10.3000,10.2500,10.2800,2849123,29268478.0000,3
2022-01-17,20220117103000000,sh.600720,10.2400,10.3600,10.2300,10.2800,3131693,32202566.0000,3
2022-01-17,20220117113000000,sh.600720,10.2800,10.3100,10.2700,10.3000,1093205,11251777.0000,3
2022-01-17,20220117140000000,sh.600720,10.3000,10.3600,10.2900,10.3400,1207865,12475627.0000,3
2022-01-17,20220117150000000,sh.600720,10.3400,10.3500,10.3100,10.3200,1492000,15413615.0000,3
2022-01-18,20220118103000000,sh.600720,10.3100,10.3800,10.2500,10.3300,2977100,30711407.0000,3
2022-01-18,20220118113000000,sh.600720,10.3200,10.5300,10.3000,10.5100,4020200,41983402.0000,3
2022-01-18,20220118140000000,sh.600720,10.5200,10.5200,10.4100,10.4200,1604266,16774322.0000,3
2022-01-18,20220118150000000,sh.600720,10.4300,10.4400,10.4000,10.4200,1464696,15260692.0000,3
2022-01-19,20220119103000000,sh.600720,10.4200,11.0000,10.4100,10.8400,18676445,202376777.0000,3
2022-01-19,20220119113000000,sh.600720,10.8400,10.8900,10.7500,10.8000,3018535,32683039.0000,3
2022-01-19,20220119140000000,sh.600720,10.8100,10.8200,10.7600,10.7900,2594035,28000701.0000,3
2022-01-19,20220119150000000,sh.600720,10.7900,10.8800,10.7500,10.8600,5411510,58596635.0000,3
2022-01-20,20220120103000000,sh.600720,10.8600,10.9400,10.6400,10.6800,6806804,73398069.0000,3
2022-01-20,20220120113000000,sh.600720,10.6800,10.7800,10.6500,10.7600,2880900,30836484.0000,3
2022-01-20,20220120140000000,sh.600720,10.7500,10.7900,10.7200,10.7300,2203100,23690818.0000,3
2022-01-20,20220120150000000,sh.600720,10.7300,10.7400,10.6600,10.6800,2902200,31037680.0000,3
2022-01-21,20220121103000000,sh.600720,10.6700,10.7100,10.4300,10.4400,5805001,61090172.0000,3
2022-01-21,20220121113000000,sh.600720,10.4400,10.4800,10.3800,10.4200,2664700,27758218.0000,3
2022-01-21,20220121140000000,sh.600720,10.4100,10.4700,10.3500,10.4400,2332800,24272572.0000,3
2022-01-21,20220121150000000,sh.600720,10.4400,10.4600,10.3700,10.3800,1994100,20745858.0000,3
2022-01-24,20220124103000000,sh.600720,10.4900,10.5200,10.2700,10.4200,3682319,38239634.0000,3
2022-01-24,20220124113000000,sh.600720,10.4200,10.5600,10.4100,10.4500,1892500,19847022.0000,3
2022-01-24,20220124140000000,sh.600720,10.4500,10.4600,10.3800,10.3800,1183900,12339940.0000,3
2022-01-24,20220124150000000,sh.600720,10.3800,10.4100,10.3600,10.3700,1360100,14117126.0000,3
2022-01-25,20220125103000000,sh.600720,10.3300,10.4100,10.1900,10.2100,6417800,65886824.0000,3
2022-01-25,20220125113000000,sh.600720,10.2100,10.2900,10.1700,10.2200,1661750,16990905.0000,3
2022-01-25,20220125140000000,sh.600720,10.2200,10.2200,10.0600,10.1500,4380808,44343514.0000,3
2022-01-25,20220125150000000,sh.600720,10.1500,10.1600,9.9200,9.9400,5308189,53199288.0000,3
2022-01-26,20220126103000000,sh.600720,9.9600,10.0700,9.9000,10.0300,3038730,30336868.0000,3
2022-01-26,20220126113000000,sh.600720,10.0300,10.2500,10.0200,10.1200,3019100,30688445.0000,3
2022-01-26,20220126140000000,sh.600720,10.1100,10.1600,10.0500,10.1400,1362156,13761923.0000,3
2022-01-26,20220126150000000,sh.600720,10.1400,10.1700,10.1200,10.1300,1174585,11921763.0000,3
2022-01-27,20220127103000000,sh.600720,10.1900,10.1900,9.9500,9.9600,2903800,29212825.0000,3
2022-01-27,20220127113000000,sh.600720,9.9700,10.0800,9.9400,10.0000,1273019,12737608.0000,3
2022-01-27,20220127140000000,sh.600720,10.0100,10.0300,9.9700,10.0200,961500,9608165.0000,3
2022-01-27,20220127150000000,sh.600720,10.0200,10.0200,9.9700,9.9800,1902956,19007689.0000,3
2022-01-28,20220128103000000,sh.600720,10.0400,10.0800,9.8000,9.9000,4100722,40624300.0000,3
2022-01-28,20220128113000000,sh.600720,9.9000,10.0200,9.8700,9.9500,971164,9669729.0000,3
2022-01-28,20220128140000000,sh.600720,9.9500,10.0500,9.9500,9.9800,1233900,12345122.0000,3
2022-01-28,20220128150000000,sh.600720,9.9700,9.9900,9.9200,9.9400,1810309,18008099.0000,3
2022-02-07,20220207103000000,sh.600720,10.0800,10.5700,10.0500,10.5000,13008892,135161435.0000,3
2022-02-07,20220207113000000,sh.600720,10.5000,10.5800,10.4200,10.4800,4719252,49543204.0000,3
2022-02-07,20220207140000000,sh.600720,10.4700,10.5900,10.4300,10.5400,4398920,46350544.0000,3
2022-02-07,20220207150000000,sh.600720,10.5500,10.6100,10.5300,10.6100,4925616,52039121.0000,3
2022-02-08,20220208103000000,sh.600720,10.5800,10.7300,10.5400,10.6600,7657597,81605975.0000,3
2022-02-08,20220208113000000,sh.600720,10.6600,10.7000,10.5500,10.6100,3448210,36624259.0000,3
2022-02-08,20220208140000000,sh.600720,10.6100,10.6700,10.5600,10.6400,1788600,19016809.0000,3
2022-02-08,20220208150000000,sh.600720,10.6400,10.8000,10.6200,10.7700,5445011,58470434.0000,3
2022-02-09,20220209103000000,sh.600720,10.7300,11.0400,10.7000,10.7500,7565600,82071592.0000,3
2022-02-09,20220209113000000,sh.600720,10.7500,10.7500,10.6800,10.7000,3182650,34089333.0000,3
2022-02-09,20220209140000000,sh.600720,10.7000,10.7500,10.6800,10.7000,2378016,25476958.0000,3
2022-02-09,20220209150000000,sh.600720,10.7000,10.7500,10.6800,10.7200,3142700,33679140.0000,3
2022-02-10,20220210103000000,sh.600720,10.7300,10.9300,10.6600,10.8700,7912200,85822833.0000,3
2022-02-10,20220210113000000,sh.600720,10.8700,10.9600,10.8700,10.8900,5723700,62439945.0000,3
2022-02-10,20220210140000000,sh.600720,10.8800,10.9200,10.8600,10.9000,3052300,33230149.0000,3
2022-02-10,20220210150000000,sh.600720,10.9000,10.9600,10.8900,10.9300,5200501,56824907.0000,3
2022-02-11,20220211103000000,sh.600720,10.9200,11.1400,10.8900,10.9900,11946757,131696148.0000,3
2022-02-11,20220211113000000,sh.600720,10.9900,11.1200,10.9800,11.0900,4993100,55326278.0000,3
2022-02-11,20220211140000000,sh.600720,11.0800,11.1000,11.0000,11.0200,2783900,30771276.0000,3
2022-02-11,20220211150000000,sh.600720,11.0200,11.0200,10.9100,10.9600,4554601,49906338.0000,3
2022-02-14,20220214103000000,sh.600720,10.9000,11.0600,10.7700,10.7900,7522323,81876967.0000,3
2022-02-14,20220214113000000,sh.600720,10.7900,10.8600,10.7800,10.8100,2413321,26110321.0000,3
2022-02-14,20220214140000000,sh.600720,10.8100,10.8400,10.7500,10.7800,2055300,22181428.0000,3
2022-02-14,20220214150000000,sh.600720,10.7900,10.8200,10.7100,10.7600,2702642,29094655.0000,3
2022-02-15,20220215103000000,sh.600720,10.8900,11.0300,10.8000,10.8700,7810182,85220161.0000,3
2022-02-15,20220215113000000,sh.600720,10.8700,10.8800,10.8200,10.8300,1751600,19002017.0000,3
2022-02-15,20220215140000000,sh.600720,10.8300,10.8400,10.7500,10.7700,1891524,20415524.0000,3
2022-02-15,20220215150000000,sh.600720,10.7700,10.8200,10.7100,10.8200,2203966,23724257.0000,3
2022-02-16,20220216103000000,sh.600720,10.8100,11.0900,10.8100,11.0000,10068279,110982218.0000,3
2022-02-16,20220216113000000,sh.600720,10.9900,11.0100,10.9200,10.9300,2348440,25738746.0000,3
2022-02-16,20220216140000000,sh.600720,10.9300,10.9800,10.9100,10.9600,1732400,18965728.0000,3
2022-02-16,20220216150000000,sh.600720,10.9700,11.0200,10.9400,11.0100,3317727,36426043.0000,3
2022-02-17,20220217103000000,sh.600720,11.0700,11.0700,10.8700,10.9300,5701804,62463307.0000,3
2022-02-17,20220217113000000,sh.600720,10.9300,10.9900,10.9100,10.9100,2181362,23849579.0000,3
2022-02-17,20220217140000000,sh.600720,10.9300,11.1000,10.8700,11.0200,5500354,60489100.0000,3
2022-02-17,20220217150000000,sh.600720,11.0200,11.0300,10.9600,11.0100,3108737,34176198.0000,3
2022-02-18,20220218103000000,sh.600720,10.9500,11.1700,10.9000,11.1100,9678300,107156492.0000,3
2022-02-18,20220218113000000,sh.600720,11.1100,11.2300,11.0900,11.2200,4933854,55090988.0000,3
2022-02-18,20220218140000000,sh.600720,11.2300,11.2900,11.2000,11.2600,5383518,60555204.0000,3
2022-02-18,20220218150000000,sh.600720,11.2600,11.2800,11.2300,11.2600,4959767,55830068.0000,3
2022-02-21,20220221103000000,sh.600720,11.2700,11.2700,11.0800,11.1200,8486418,94533349.0000,3
2022-02-21,20220221113000000,sh.600720,11.1200,11.1800,11.1100,11.1600,2358802,26304515.0000,3
2022-02-21,20220221140000000,sh.600720,11.1700,11.2000,11.1300,11.1600,2757700,30788350.0000,3
2022-02-21,20220221150000000,sh.600720,11.1600,11.2200,11.1500,11.2200,3217931,36013896.0000,3
2022-02-22,20220222103000000,sh.600720,11.0900,11.2100,11.0500,11.1400,5294461,58884294.0000,3
2022-02-22,20220222113000000,sh.600720,11.1400,11.1500,11.0300,11.0400,3083100,34147714.0000,3
2022-02-22,20220222140000000,sh.600720,11.0300,11.0500,10.9500,10.9900,4177300,45924545.0000,3
2022-02-22,20220222150000000,sh.600720,11.0000,11.0700,10.9600,11.0400,3568873,39300564.0000,3
2022-02-23,20220223103000000,sh.600720,11.0800,11.1200,10.9200,10.9200,5373901,59124240.0000,3
2022-02-23,20220223113000000,sh.600720,10.9200,10.9600,10.9000,10.9000,2868200,31342923.0000,3
2022-02-23,20220223140000000,sh.600720,10.9100,10.9500,10.8900,10.9500,2202252,24058357.0000,3
2022-02-23,20220223150000000,sh.600720,10.9500,11.0600,10.9500,11.0400,4333961,47787408.0000,3
2022-02-24,20220224103000000,sh.600720,11.0000,11.0100,10.8700,10.8800,3832592,41833619.0000,3
2022-02-24,20220224113000000,sh.600720,10.8800,10.9000,10.7500,10.7600,4406307,47689691.0000,3
2022-02-24,20220224140000000,sh.600720,10.7500,10.7500,10.5200,10.6100,5467900,58219955.0000,3
2022-02-24,20220224150000000,sh.600720,10.6100,10.6600,10.5000,10.6300,4116278,43558482.0000,3
2022-02-25,20220225103000000,sh.600720,10.7100,10.8900,10.7000,10.8200,5799880,62849925.0000,3
2022-02-25,20220225113000000,sh.600720,10.8200,10.8300,10.6600,10.6600,1995100,21414071.0000,3
2022-02-25,20220225140000000,sh.600720,10.6600,10.7600,10.6600,10.7000,1269200,13590943.0000,3
2022-02-25,20220225150000000,sh.600720,10.7100,10.7100,10.6500,10.6800,1985227,21185866.0000,3
2022-02-28,20220228103000000,sh.600720,10.6800,10.8100,10.6000,10.6900,4477309,47898171.0000,3
2022-02-28,20220228113000000,sh.600720,10.6900,10.7200,10.6500,10.6600,1092300,11660853.0000,3
2022-02-28,20220228140000000,sh.600720,10.6600,10.7100,10.6400,10.7000,1289500,13759004.0000,3
2022-02-28,20220228150000000,sh.600720,10.7000,10.7500,10.6700,10.7300,1695930,18154151.0000,3
2022-03-01,20220301103000000,sh.600720,10.7400,11.1200,10.7400,10.8800,8734751,95845194.0000,3
2022-03-01,20220301113000000,sh.600720,10.8900,11.0100,10.8400,11.0000,2111176,23050146.0000,3
2022-03-01,20220301140000000,sh.600720,11.0000,11.0500,10.9300,10.9700,3050000,33500213.0000,3
2022-03-01,20220301150000000,sh.600720,10.9800,11.0100,10.9500,10.9700,2325700,25540636.0000,3
2022-03-02,20220302103000000,sh.600720,10.9500,11.1300,10.9000,11.0000,5412905,59680604.0000,3
2022-03-02,20220302113000000,sh.600720,11.0000,11.0200,10.9600,10.9700,1583810,17411607.0000,3
2022-03-02,20220302140000000,sh.600720,10.9700,11.0000,10.9500,10.9900,1056700,11596168.0000,3
2022-03-02,20220302150000000,sh.600720,10.9900,11.0200,10.9700,11.0000,1466300,16119927.0000,3
2022-03-03,20220303103000000,sh.600720,11.0200,11.2600,11.0200,11.1900,10127818,113006202.0000,3
2022-03-03,20220303113000000,sh.600720,11.1900,11.2000,11.1200,11.1400,1922480,21461006.0000,3
2022-03-03,20220303140000000,sh.600720,11.1400,11.1600,11.0800,11.1500,1637227,18202836.0000,3
2022-03-03,20220303150000000,sh.600720,11.1500,11.1600,11.1200,11.1300,1736616,19346703.0000,3
2022-03-04,20220304103000000,sh.600720,11.1000,11.1000,10.8800,11.0100,5789735,63555787.0000,3
2022-03-04,20220304113000000,sh.600720,11.0200,11.0900,11.0000,11.0100,1454210,16058249.0000,3
2022-03-04,20220304140000000,sh.600720,11.0000,11.0700,10.9800,11.0500,1969399,21704605.0000,3
2022-03-04,20220304150000000,sh.600720,11.0500,11.0600,10.9800,11.0100,2275220,25064148.0000,3
2022-03-07,20220307103000000,sh.600720,10.9300,11.1100,10.9300,11.0700,4885633,53906726.0000,3
2022-03-07,20220307113000000,sh.600720,11.0700,11.0800,10.9900,11.0200,1707100,18825644.0000,3
2022-03-07,20220307140000000,sh.600720,11.0200,11.0400,10.9300,10.9600,1882800,20679133.0000,3
2022-03-07,20220307150000000,sh.600720,10.9600,11.0200,10.9200,11.0100,3158770,34619092.0000,3
2022-03-08,20220308103000000,sh.600720,11.0000,11.0100,10.7900,10.8600,4286282,46647891.0000,3
2022-03-08,20220308113000000,sh.600720,10.8600,10.9400,10.6900,10.7500,2773839,29972888.0000,3
2022-03-08,20220308140000000,sh.600720,10.7600,11.0300,10.7400,11.0000,2314800,25277121.0000,3
2022-03-08,20220308150000000,sh.600720,11.0000,11.0100,10.7600,10.7800,1937100,21020024.0000,3
2022-03-09,20220309103000000,sh.600720,10.8200,10.8800,10.7000,10.8300,2318500,25085799.0000,3
2022-03-09,20220309113000000,sh.600720,10.8300,10.8600,10.5500,10.5800,2216020,23671827.0000,3
2022-03-09,20220309140000000,sh.600720,10.5700,10.5900,10.0200,10.2800,4937338,51150018.0000,3
2022-03-09,20220309150000000,sh.600720,10.2800,10.5400,10.2000,10.5400,3747493,38995284.0000,3
2022-03-10,20220310103000000,sh.600720,10.6900,10.7500,10.4800,10.6800,4387733,46698866.0000,3
2022-03-10,20220310113000000,sh.600720,10.6900,10.7600,10.6600,10.6900,1677400,17984574.0000,3
2022-03-10,20220310140000000,sh.600720,10.6900,10.6900,10.5400,10.5900,1204200,12777288.0000,3
2022-03-10,20220310150000000,sh.600720,10.5800,10.6300,10.5700,10.5800,1132277,11990640.0000,3
2022-03-11,20220311103000000,sh.600720,10.4900,10.4900,10.2500,10.3600,3109000,32216399.0000,3
2022-03-11,20220311113000000,sh.600720,10.3600,10.3700,10.2300,10.2400,1758700,18110944.0000,3
2022-03-11,20220311140000000,sh.600720,10.2500,10.4700,10.2000,10.4300,1537310,15871029.0000,3
2022-03-11,20220311150000000,sh.600720,10.4300,10.5200,10.3900,10.5000,2739300,28697345.0000,3
2022-03-14,20220314103000000,sh.600720,10.4300,10.6500,10.3800,10.5600,3839600,40548187.0000,3
2022-03-14,20220314113000000,sh.600720,10.5600,10.5900,10.4900,10.5300,1202900,12662810.0000,3
2022-03-14,20220314140000000,sh.600720,10.5300,10.5600,10.4600,10.4700,1143900,12017564.0000,3
2022-03-14,20220314150000000,sh.600720,10.4600,10.4800,10.3300,10.3300,2055100,21379231.0000,3
2022-03-15,20220315103000000,sh.600720,10.2400,10.4000,9.9100,10.0400,5981724,60087131.0000,3
2022-03-15,20220315113000000,sh.600720,10.0400,10.1500,9.9800,9.9900,1483200,14903274.0000,3
2022-03-15,20220315140000000,sh.600720,9.9900,9.9900,9.8300,9.8500,2859700,28367423.0000,3
2022-03-15,20220315150000000,sh.600720,9.8500,9.8800,9.5700,9.6000,4662170,45378398.0000,3
2022-03-16,20220316103000000,sh.600720,9.7900,9.8400,9.4300,9.5000,4888819,47015768.0000,3
2022-03-16,20220316113000000,sh.600720,9.4900,9.5600,9.3300,9.4900,1873850,17706492.0000,3
2022-03-16,20220316140000000,sh.600720,9.4900,9.8100,9.4900,9.7500,3081800,29845335.0000,3
2022-03-16,20220316150000000,sh.600720,9.7500,9.8400,9.7500,9.8200,2093335,20507222.0000,3
2022-03-17,20220317103000000,sh.600720,9.9500,10.0400,9.8700,9.9100,4066397,40421024.0000,3
2022-03-17,20220317113000000,sh.600720,9.9000,10.0500,9.9000,10.0500,2487000,24836168.0000,3
2022-03-17,20220317140000000,sh.600720,10.0400,10.0600,9.9400,9.9500,2173900,21720362.0000,3
2022-03-17,20220317150000000,sh.600720,9.9500,9.9600,9.9000,9.9000,1889958,18751318.0000,3
2022-03-18,20220318103000000,sh.600720,9.7000,9.9500,9.6000,9.9400,6477742,63804675.0000,3
2022-03-18,20220318113000000,sh.600720,9.9400,9.9700,9.8400,9.8600,1804000,17903768.0000,3
2022-03-18,20220318140000000,sh.600720,9.8600,9.9900,9.8500,9.9800,2223800,22098093.0000,3
2022-03-18,20220318150000000,sh.600720,9.9800,10.0500,9.9500,9.9900,2929834,29275301.0000,3
2022-03-21,20220321103000000,sh.600720,9.9900,10.1200,9.9100,9.9700,4211768,41981723.0000,3
2022-03-21,20220321113000000,sh.600720,9.9700,9.9700,9.9000,9.9100,2113019,20961974.0000,3
2022-03-21,20220321140000000,sh.600720,9.9100,9.9100,9.8200,9.8900,2212200,21833216.0000,3
2022-03-21,20220321150000000,sh.600720,9.8900,9.9600,9.8800,9.9300,1489559,14779199.0000,3
2022-03-22,20220322103000000,sh.600720,9.9400,9.9500,9.7200,9.7200,4614396,45180318.0000,3
2022-03-22,20220322113000000,sh.600720,9.7200,9.9200,9.7100,9.8900,2684806,26420009.0000,3
2022-03-22,20220322140000000,sh.600720,9.8900,9.9500,9.8400,9.8600,2801281,27726320.0000,3
2022-03-22,20220322150000000,sh.600720,9.8500,9.8900,9.8000,9.8800,1922021,18918083.0000,3
2022-03-23,20220323103000000,sh.600720,9.8800,9.9200,9.8200,9.8600,2268000,22369927.0000,3
2022-03-23,20220323113000000,sh.600720,9.8600,9.8900,9.7800,9.7900,1974600,19425656.0000,3
2022-03-23,20220323140000000,sh.600720,9.7800,9.8800,9.7800,9.8300,1211959,11923272.0000,3
2022-03-23,20220323150000000,sh.600720,9.8300,9.8600,9.8100,9.8200,1444500,14198680.0000,3
2022-03-24,20220324103000000,sh.600720,9.8000,9.8000,9.6700,9.6900,3374162,32778605.0000,3
2022-03-24,20220324113000000,sh.600720,9.6900,9.7200,9.6800,9.7000,1186099,11498337.0000,3
2022-03-24,20220324140000000,sh.600720,9.7000,9.7200,9.6700,9.6900,1283500,12432951.0000,3
2022-03-24,20220324150000000,sh.600720,9.6900,9.7000,9.6400,9.6700,2368200,22903805.0000,3
2022-03-25,20220325103000000,sh.600720,9.6400,9.7400,9.6300,9.7200,1902158,18425355.0000,3
2022-03-25,20220325113000000,sh.600720,9.7200,9.8200,9.7100,9.7500,2365800,23142866.0000,3
2022-03-25,20220325140000000,sh.600720,9.7500,9.7500,9.6800,9.7100,1552801,15079405.0000,3
2022-03-25,20220325150000000,sh.600720,9.7100,9.7500,9.7000,9.7200,1305375,12691842.0000,3
2022-03-28,20220328103000000,sh.600720,9.6800,10.1300,9.5400,10.0200,10942360,108619744.0000,3
2022-03-28,20220328113000000,sh.600720,10.0200,10.2300,9.9900,10.2100,7414351,75129001.0000,3
2022-03-28,20220328140000000,sh.600720,10.2100,10.2800,10.1700,10.2200,4620713,47241760.0000,3
2022-03-28,20220328150000000,sh.600720,10.2300,10.2600,10.1500,10.2600,4845191,49471495.0000,3
2022-03-29,20220329103000000,sh.600720,10.1400,10.4800,10.1100,10.2900,9634186,99230673.0000,3
2022-03-29,20220329113000000,sh.600720,10.2900,10.3200,10.1900,10.2300,2111900,21657705.0000,3
2022-03-29,20220329140000000,sh.600720,10.2300,10.4000,10.1600,10.3400,3923537,40408488.0000,3
2022-03-29,20220329150000000,sh.600720,10.3400,10.3600,10.2200,10.2400,1853679,19028216.0000,3
2022-03-30,20220330103000000,sh.600720,10.2800,10.3400,10.2100,10.2900,3924065,40275751.0000,3
2022-03-30,20220330113000000,sh.600720,10.2900,10.6100,10.2900,10.5000,7014527,73598827.0000,3
2022-03-30,20220330140000000,sh.600720,10.5000,10.5200,10.4500,10.5100,2159101,22649573.0000,3
2022-03-30,20220330150000000,sh.600720,10.5100,10.5200,10.4600,10.4900,2532981,26550004.0000,3
2022-03-31,20220331103000000,sh.600720,10.4600,10.7300,10.4100,10.6700,8627897,91543016.0000,3
2022-03-31,20220331113000000,sh.600720,10.6700,10.7500,10.6400,10.7500,4010808,42929385.0000,3
2022-03-31,20220331140000000,sh.600720,10.7400,10.8700,10.6500,10.6500,5764300,62010889.0000,3
2022-03-31,20220331150000000,sh.600720,10.6500,10.7300,10.6400,10.7200,2935372,31396588.0000,3
2022-04-01,20220401103000000,sh.600720,10.6000,10.7200,10.5300,10.5500,5823740,61725580.0000,3
2022-04-01,20220401113000000,sh.600720,10.5500,10.6000,10.5100,10.5400,3082026,32480082.0000,3
2022-04-01,20220401140000000,sh.600720,10.5400,10.6700,10.5200,10.5800,1790402,18962735.0000,3
2022-04-01,20220401150000000,sh.600720,10.5800,10.6400,10.5600,10.6000,2686520,28466925.0000,3
2022-04-06,20220406103000000,sh.600720,10.6900,10.7600,10.6000,10.6300,4363186,46603877.0000,3
2022-04-06,20220406113000000,sh.600720,10.6300,10.7200,10.6100,10.7000,1767179,18862302.0000,3
2022-04-06,20220406140000000,sh.600720,10.7000,10.9000,10.7000,10.8200,4846101,52348902.0000,3
2022-04-06,20220406150000000,sh.600720,10.8200,10.8700,10.7900,10.8400,4211600,45618975.0000,3
2022-04-07,20220407103000000,sh.600720,10.8400,11.4000,10.7600,11.1900,21439062,239502830.0000,3
2022-04-07,20220407113000000,sh.600720,11.1900,11.2400,11.0100,11.0300,5111996,56775218.0000,3
2022-04-07,20220407140000000,sh.600720,11.0300,11.1800,10.9800,11.1700,4632380,51248704.0000,3
2022-04-07,20220407150000000,sh.600720,11.1700,11.1800,11.0400,11.0400,4569100,50728464.0000,3
2022-04-08,20220408103000000,sh.600720,10.7600,11.0700,10.7000,10.8500,20258291,221195313.0000,3
2022-04-08,20220408113000000,sh.600720,10.8500,10.9100,10.8000,10.9000,3460510,37573880.0000,3
2022-04-08,20220408140000000,sh.600720,10.8900,10.9800,10.8900,10.9700,3521617,38495031.0000,3
2022-04-08,20220408150000000,sh.600720,10.9700,11.0400,10.9400,10.9800,5302429,58255968.0000,3
2022-04-11,20220411103000000,sh.600720,10.9400,11.0000,10.7200,10.8800,8859783,96363873.0000,3
2022-04-11,20220411113000000,sh.600720,10.8800,10.9000,10.7900,10.8800,2580238,27954442.0000,3
2022-04-11,20220411140000000,sh.600720,10.8700,10.9000,10.7100,10.8400,3692800,39866538.0000,3
2022-04-11,20220411150000000,sh.600720,10.8400,10.8600,10.6300,10.6800,4509600,48305941.0000,3
2022-04-12,20220412103000000,sh.600720,10.6500,10.7600,10.4600,10.6200,7011688,74341578.0000,3
2022-04-12,20220412113000000,sh.600720,10.6200,10.7300,10.6100,10.6300,1725900,18437201.0000,3
2022-04-12,20220412140000000,sh.600720,10.6200,10.8400,10.6200,10.7900,3679700,39650037.0000,3
2022-04-12,20220412150000000,sh.600720,10.7800,10.8200,10.6900,10.7500,2907900,31295206.0000,3
2022-04-13,20220413103000000,sh.600720,10.6200,10.7000,10.4800,10.4900,5850030,61750038.0000,3
2022-04-13,20220413113000000,sh.600720,10.4900,10.5500,10.4500,10.5100,2647200,27769542.0000,3
2022-04-13,20220413140000000,sh.600720,10.5000,10.6200,10.5000,10.5800,1968362,20799722.0000,3
2022-04-13,20220413150000000,sh.600720,10.5800,10.5800,10.4300,10.4300,3315400,34775417.0000,3
2022-04-14,20220414103000000,sh.600720,10.4600,10.5300,10.3700,10.4600,3947456,41296384.0000,3
2022-04-14,20220414113000000,sh.600720,10.4600,10.4900,10.4100,10.4400,1010100,10546964.0000,3
2022-04-14,20220414140000000,sh.600720,10.4300,10.5700,10.4300,10.5300,2221500,23353148.0000,3
2022-04-14,20220414150000000,sh.600720,10.5300,10.6200,10.5200,10.5700,3125600,33038087.0000,3
2022-04-15,20220415103000000,sh.600720,10.7600,11.1500,10.7100,11.0900,18602363,204191276.0000,3
2022-04-15,20220415113000000,sh.600720,11.0900,11.1800,10.9000,10.9100,5458500,60430762.0000,3
2022-04-15,20220415140000000,sh.600720,10.9100,11.0700,10.8600,11.0000,4166900,45800522.0000,3
2022-04-15,20220415150000000,sh.600720,10.9900,11.0100,10.8300,10.8700,3644064,39723824.0000,3
2022-04-18,20220418103000000,sh.600720,10.8000,11.2000,10.7800,11.1800,11829684,130676113.0000,3
2022-04-18,20220418113000000,sh.600720,11.1800,11.2000,11.0300,11.0500,2945200,32753680.0000,3
2022-04-18,20220418140000000,sh.600720,11.0300,11.0900,10.9900,11.0000,1938300,21393021.0000,3
2022-04-18,20220418150000000,sh.600720,10.9900,11.0300,10.8900,10.9200,4016000,44001455.0000,3
2022-04-19,20220419103000000,sh.600720,10.9400,11.0500,10.7400,10.8200,8242900,89427754.0000,3
2022-04-19,20220419113000000,sh.600720,10.8200,10.9700,10.7900,10.9700,1912190,20773675.0000,3
2022-04-19,20220419140000000,sh.600720,10.9600,11.2300,10.9600,11.1100,9429000,104831586.0000,3
2022-04-19,20220419150000000,sh.600720,11.1100,11.2700,11.0100,11.1900,8350400,93216409.0000,3
2022-04-20,20220420103000000,sh.600720,11.1000,11.1900,10.9800,11.0600,8442276,93400718.0000,3
2022-04-20,20220420113000000,sh.600720,11.0800,11.1400,10.9500,11.0400,3319500,36586715.0000,3
2022-04-20,20220420140000000,sh.600720,11.0400,11.0400,10.8500,10.8700,3551932,38827346.0000,3
2022-04-20,20220420150000000,sh.600720,10.8700,10.8900,10.7700,10.8500,4948283,53583932.0000,3
2022-04-21,20220421103000000,sh.600720,10.9400,10.9500,10.6500,10.7000,5721610,61511693.0000,3
2022-04-21,20220421113000000,sh.600720,10.7000,10.7200,10.6000,10.6200,2482400,26459162.0000,3
2022-04-21,20220421140000000,sh.600720,10.6400,10.7400,10.4600,10.4800,3532449,37360072.0000,3
2022-04-21,20220421150000000,sh.600720,10.4700,10.5100,10.3600,10.3800,3914733,40729955.0000,3
2022-04-22,20220422103000000,sh.600720,10.3900,10.6800,10.1500,10.6200,6337996,66056488.0000,3
2022-04-22,20220422113000000,sh.600720,10.6100,10.6700,10.5100,10.5600,2273200,24039104.0000,3
2022-04-22,20220422140000000,sh.600720,10.5700,10.8700,10.5400,10.8200,3460972,37022551.0000,3
2022-04-22,20220422150000000,sh.600720,10.8400,10.9200,10.6900,10.7000,3917534,42235914.0000,3
2022-05-12,20220512103000000,sh.600720,11.7700,11.7700,11.7700,11.7700,4479193,52720102.0000,3
2022-05-12,20220512113000000,sh.600720,11.7700,11.7700,11.7700,11.7700,269238,3168931.0000,3
2022-05-12,20220512140000000,sh.600720,11.7700,11.7700,11.7700,11.7700,214630,2526195.0000,3
2022-05-12,20220512150000000,sh.600720,11.7700,11.7700,11.7700,11.7700,445800,5247066.0000,3
2022-05-13,20220513103000000,sh.600720,12.9500,12.9500,12.9500,12.9500,3468289,44914343.0000,3
2022-05-13,20220513113000000,sh.600720,12.9500,12.9500,12.9500,12.9500,421927,5463954.0000,3
2022-05-13,20220513140000000,sh.600720,12.9500,12.9500,12.9500,12.9500,912000,11810400.0000,3
2022-05-13,20220513150000000,sh.600720,12.9500,12.9500,12.9500,12.9500,427300,5533535.0000,3
2022-05-16,20220516103000000,sh.600720,14.2500,14.2500,14.2500,14.2500,16802840,239440470.0000,3
2022-05-16,20220516113000000,sh.600720,14.2500,14.2500,14.2500,14.2500,688000,9804000.0000,3
2022-05-16,20220516140000000,sh.600720,14.2500,14.2500,14.2500,14.2500,291790,4158008.0000,3
2022-05-16,20220516150000000,sh.600720,14.2500,14.2500,14.2500,14.2500,1340963,19108722.0000,3
2022-05-17,20220517103000000,sh.600720,15.6400,15.6400,14.1100,14.7100,156995102,2345697760.0000,3
2022-05-17,20220517113000000,sh.600720,14.7100,15.0300,14.6100,14.9200,21083763,312805360.0000,3
2022-05-17,20220517140000000,sh.600720,14.9200,15.6000,14.7500,15.3000,25214442,384310144.0000,3
2022-05-17,20220517150000000,sh.600720,15.3100,15.3500,14.7300,15.2000,23589365,354959072.0000,3
2022-05-18,20220518103000000,sh.600720,15.0000,16.6800,14.8500,16.3300,115740491,1840626960.0000,3
2022-05-18,20220518113000000,sh.600720,16.3300,16.6000,16.2000,16.3300,21247287,348400256.0000,3
2022-05-18,20220518140000000,sh.600720,16.3700,16.7200,16.3500,16.7200,29058595,484148624.0000,3
2022-05-18,20220518150000000,sh.600720,16.7200,16.7200,16.7200,16.7200,1459027,24394928.0000,3
2022-05-19,20220519103000000,sh.600720,16.7000,17.0000,15.1500,15.4000,99054970,1575469616.0000,3
2022-05-19,20220519113000000,sh.600720,15.3900,15.6500,15.2600,15.5200,14867093,229679056.0000,3
2022-05-19,20220519140000000,sh.600720,15.5500,15.7500,15.0500,15.7500,52176133,793247568.0000,3
2022-05-19,20220519150000000,sh.600720,15.7300,15.8300,15.0500,15.0500,28896352,444477200.0000,3
2022-05-20,20220520103000000,sh.600720,14.6000,15.6500,14.4200,15.2800,78807366,1188875232.0000,3
2022-05-20,20220520113000000,sh.600720,15.2900,15.5000,14.9900,15.0200,15410848,234308304.0000,3
2022-05-20,20220520140000000,sh.600720,15.0300,15.8000,15.0300,15.4400,26197923,404077328.0000,3
2022-05-20,20220520150000000,sh.600720,15.4400,15.6300,15.3300,15.6200,26654960,413907728.0000,3
2022-05-23,20220523103000000,sh.600720,15.2000,15.6900,14.6600,15.4700,53539199,817044432.0000,3
2022-05-23,20220523113000000,sh.600720,15.4800,15.5200,14.8000,14.9000,23605681,356721472.0000,3
2022-05-23,20220523140000000,sh.600720,14.8600,15.1500,14.7100,15.0700,20083121,298880672.0000,3
2022-05-23,20220523150000000,sh.600720,15.0600,15.3300,14.8700,15.2000,24137164,365114992.0000,3
2022-05-24,20220524103000000,sh.600720,15.3000,15.4600,14.0000,14.1500,73708745,1068860720.0000,3
2022-05-24,20220524113000000,sh.600720,14.1700,14.3500,13.7000,13.8400,22218703,310904512.0000,3
2022-05-24,20220524140000000,sh.600720,13.8500,14.1000,13.7600,13.8200,10591805,147499552.0000,3
2022-05-24,20220524150000000,sh.600720,13.8200,13.8400,13.6800,13.6800,23538957,322514560.0000,3
2022-05-25,20220525103000000,sh.600720,13.2500,13.6600,12.9800,13.4900,37669210,501148288.0000,3
2022-05-25,20220525113000000,sh.600720,13.4900,13.7000,13.3400,13.6800,9208882,124144192.0000,3
2022-05-25,20220525140000000,sh.600720,13.7600,13.7800,13.4300,13.6700,13167127,179650304.0000,3
2022-05-25,20220525150000000,sh.600720,13.6700,13.7100,13.4900,13.5800,13364883,181638752.0000,3
2022-05-26,20220526103000000,sh.600720,13.4000,14.0000,13.3800,13.5900,32331647,443924960.0000,3
2022-05-26,20220526113000000,sh.600720,13.5900,13.6800,13.4500,13.6400,7900930,106943056.0000,3
2022-05-26,20220526140000000,sh.600720,13.6600,13.7500,13.4300,13.6300,8591134,116794928.0000,3
2022-05-26,20220526150000000,sh.600720,13.6300,13.7400,13.5500,13.5500,9618124,131111184.0000,3
2022-05-27,20220527103000000,sh.600720,13.4200,13.8100,13.4000,13.7400,26301521,358093744.0000,3
2022-05-27,20220527113000000,sh.600720,13.7400,14.0700,13.6500,13.7800,16928060,234827360.0000,3
2022-05-27,20220527140000000,sh.600720,13.7800,13.8100,13.6200,13.7500,7113090,97519920.0000,3
2022-05-27,20220527150000000,sh.600720,13.7500,13.8600,13.5400,13.7500,13082424,179492896.0000,3
2022-05-30,20220530103000000,sh.600720,13.9100,14.3500,13.4300,14.0400,44094926,611003344.0000,3
2022-05-30,20220530113000000,sh.600720,14.0400,14.1600,13.9300,14.0900,12781996,179392112.0000,3
2022-05-30,20220530140000000,sh.600720,14.1300,14.4700,13.9600,14.2800,18996367,270443312.0000,3
2022-05-30,20220530150000000,sh.600720,14.2900,14.3000,14.0800,14.1000,12232931,173436336.0000,3
2022-05-31,20220531103000000,sh.600720,14.0400,14.1800,13.5200,13.9000,33340678,461403392.0000,3
2022-05-31,20220531113000000,sh.600720,13.9000,14.0500,13.7600,13.8400,9622025,133889088.0000,3
2022-05-31,20220531140000000,sh.600720,13.8200,13.8900,13.7200,13.7600,8067892,111283168.0000,3
2022-05-31,20220531150000000,sh.600720,13.7600,13.9300,13.7000,13.8300,10175596,140604544.0000,3
2022-06-01,20220601103000000,sh.600720,13.7400,13.8800,13.6000,13.7100,15729594,216157978.0000,3
2022-06-01,20220601113000000,sh.600720,13.7100,13.8500,13.5500,13.8200,11905055,162678870.0000,3
2022-06-01,20220601140000000,sh.600720,13.8400,13.9200,13.5500,13.6500,9550235,130398624.0000,3
2022-06-01,20220601150000000,sh.600720,13.6500,13.7100,13.6000,13.6300,6763964,92268976.0000,3
2022-06-02,20220602103000000,sh.600720,13.7400,13.8600,13.5400,13.6900,16092703,220644602.0000,3
2022-06-02,20220602113000000,sh.600720,13.6900,14.5500,13.6500,14.4100,22946865,323481254.0000,3
2022-06-02,20220602140000000,sh.600720,14.4000,14.4000,13.9500,13.9700,15509787,219757760.0000,3
2022-06-02,20220602150000000,sh.600720,13.9600,14.0800,13.7900,13.8300,16108272,223890800.0000,3
2022-06-06,20220606103000000,sh.600720,13.9800,13.9900,13.1700,13.3500,34918840,471037120.0000,3
2022-06-06,20220606113000000,sh.600720,13.3500,13.7900,13.3500,13.7000,9418117,128129920.0000,3
2022-06-06,20220606140000000,sh.600720,13.7000,13.8300,13.5700,13.6100,5316253,72693440.0000,3
2022-06-06,20220606150000000,sh.600720,13.6100,13.6700,13.4800,13.6300,8880437,120639040.0000,3
2022-06-07,20220607103000000,sh.600720,13.5000,13.6600,13.2500,13.4400,14294100,192446217.0000,3
2022-06-07,20220607113000000,sh.600720,13.4300,13.5300,13.4000,13.4200,3598585,48409482.0000,3
2022-06-07,20220607140000000,sh.600720,13.4400,13.4500,13.2300,13.2400,8111600,107977421.0000,3
2022-06-07,20220607150000000,sh.600720,13.2400,13.4300,13.2400,13.3300,9310572,124183904.0000,3
2022-06-08,20220608103000000,sh.600720,13.1200,13.3500,13.1000,13.2000,12228373,161414499.0000,3
2022-06-08,20220608113000000,sh.600720,13.2000,13.2400,12.8500,12.8900,14468358,188311581.0000,3
2022-06-08,20220608140000000,sh.600720,12.8700,12.9700,12.8300,12.9100,9407669,121345600.0000,3
2022-06-08,20220608150000000,sh.600720,12.9100,13.0800,12.8700,12.9800,12478381,161427568.0000,3
2022-06-09,20220609103000000,sh.600720,12.9100,13.1200,12.8100,12.9600,11801347,153142781.0000,3
2022-06-09,20220609113000000,sh.600720,12.9500,13.0000,12.8100,12.8300,6507100,83844009.0000,3
2022-06-09,20220609140000000,sh.600720,12.8300,12.8400,12.6100,12.6700,11360014,144408026.0000,3
2022-06-09,20220609150000000,sh.600720,12.6800,12.7400,12.5600,12.5800,11553277,145949136.0000,3
2022-06-10,20220610103000000,sh.600720,12.1000,12.2400,12.0600,12.1600,13063740,158702210.0000,3
2022-06-10,20220610113000000,sh.600720,12.1600,12.2300,12.1100,12.1600,6670758,81169438.0000,3
2022-06-10,20220610140000000,sh.600720,12.1600,12.2900,12.1000,12.1300,7217100,87933072.0000,3
2022-06-10,20220610150000000,sh.600720,12.1300,12.1700,12.0900,12.1100,9007266,109263424.0000,3
2022-06-13,20220613103000000,sh.600720,12.0100,12.1600,11.9100,12.0200,12889599,154936049.0000,3
2022-06-13,20220613113000000,sh.600720,12.0200,12.1900,11.9900,12.1600,6238810,75595172.0000,3
2022-06-13,20220613140000000,sh.600720,12.1600,12.1700,12.0700,12.1000,3916293,47475355.0000,3
2022-06-13,20220613150000000,sh.600720,12.1000,12.2900,12.0300,12.2100,7353202,89588816.0000,3
2022-06-14,20220614103000000,sh.600720,12.2400,12.2500,11.9300,11.9600,10143735,122498858.0000,3
2022-06-14,20220614113000000,sh.600720,11.9500,11.9900,11.7300,11.8000,9911651,117239565.0000,3
2022-06-14,20220614140000000,sh.600720,11.8000,12.0900,11.8000,12.0500,4702950,56318553.0000,3
2022-06-14,20220614150000000,sh.600720,12.0500,12.2300,12.0000,12.2300,7849568,95455680.0000,3
2022-06-15,20220615103000000,sh.600720,12.3900,13.0300,12.2000,12.8000,40744347,516945216.0000,3
2022-06-15,20220615113000000,sh.600720,12.8000,12.9300,12.6900,12.8200,7729980,98835664.0000,3
2022-06-15,20220615140000000,sh.600720,12.8300,12.8900,12.7500,12.7700,5574162,71356880.0000,3
2022-06-15,20220615150000000,sh.600720,12.7600,12.7700,12.5800,12.5900,8313299,105346000.0000,3
2022-06-16,20220616103000000,sh.600720,12.5100,12.6600,12.3900,12.4300,14854946,185525386.0000,3
2022-06-16,20220616113000000,sh.600720,12.4300,12.5700,12.4200,12.4900,4579400,57138902.0000,3
2022-06-16,20220616140000000,sh.600720,12.4900,12.4900,12.2700,12.3200,7552984,93335712.0000,3
2022-06-16,20220616150000000,sh.600720,12.3100,12.3600,12.2700,12.3200,5711387,70394000.0000,3
2022-06-17,20220617103000000,sh.600720,12.1400,12.2200,11.9700,12.0300,13307909,160802965.0000,3
2022-06-17,20220617113000000,sh.600720,12.0300,12.1300,11.9400,12.0400,4380201,52678312.0000,3
2022-06-17,20220617140000000,sh.600720,12.0400,12.1000,11.9300,12.0600,6868029,82544595.0000,3
2022-06-17,20220617150000000,sh.600720,12.0600,12.1700,12.0200,12.1500,4363005,52850992.0000,3
2022-06-20,20220620103000000,sh.600720,12.1500,12.2800,12.1000,12.1700,8813483,107399615.0000,3
2022-06-20,20220620113000000,sh.600720,12.1600,12.2100,12.0900,12.1500,6370716,77402472.0000,3
2022-06-20,20220620140000000,sh.600720,12.1400,12.1500,12.0600,12.1000,3833171,46389353.0000,3
2022-06-20,20220620150000000,sh.600720,12.1000,12.1300,11.9900,12.0100,7797355,93859744.0000,3
2022-06-21,20220621103000000,sh.600720,12.1100,12.2700,11.9900,12.2200,11838650,143779243.0000,3
2022-06-21,20220621113000000,sh.600720,12.2300,12.2300,12.0700,12.1300,4894300,59388628.0000,3
2022-06-21,20220621140000000,sh.600720,12.1500,12.1600,11.9800,11.9800,5298902,63829445.0000,3
2022-06-21,20220621150000000,sh.600720,11.9800,12.0600,11.9100,12.0500,5578454,66833820.0000,3
2022-06-22,20220622103000000,sh.600720,12.0100,12.0300,11.7600,11.7900,10865154,128624132.0000,3
2022-06-22,20220622113000000,sh.600720,11.8000,11.9800,11.7500,11.8200,5331722,63063692.0000,3
2022-06-22,20220622140000000,sh.600720,11.8000,11.8600,11.7400,11.7900,3731973,44025024.0000,3
2022-06-22,20220622150000000,sh.600720,11.7900,11.8000,11.6700,11.7100,6377758,74749568.0000,3
2022-06-23,20220623103000000,sh.600720,11.7800,11.8300,11.6200,11.6500,6401896,74980456.0000,3
2022-06-23,20220623113000000,sh.600720,11.7000,11.7400,11.6700,11.7000,3350873,39251011.0000,3
2022-06-23,20220623140000000,sh.600720,11.7200,11.7700,11.6800,11.7200,5136975,60228342.0000,3
2022-06-23,20220623150000000,sh.600720,11.7200,11.7400,11.6000,11.7300,7076104,82736593.0000,3
2022-06-24,20220624103000000,sh.600720,11.7100,11.7700,11.6000,11.7100,6598527,77080205.0000,3
2022-06-24,20220624113000000,sh.600720,11.7200,11.7400,11.6200,11.6500,3045336,35541596.0000,3
2022-06-24,20220624140000000,sh.600720,11.6600,11.7000,11.6300,11.6800,3252600,37931495.0000,3
2022-06-24,20220624150000000,sh.600720,11.6700,11.7400,11.6500,11.7200,4839304,56658322.0000,3
2022-06-27,20220627103000000,sh.600720,11.6800,11.8500,11.6000,11.7800,6835863,80406833.0000,3
2022-06-27,20220627113000000,sh.600720,11.7800,11.7900,11.7200,11.7400,3373100,39651223.0000,3
2022-06-27,20220627140000000,sh.600720,11.7400,11.9500,11.7400,11.8100,7409595,87944695.0000,3
2022-06-27,20220627150000000,sh.600720,11.8100,11.8200,11.7600,11.8100,4546953,53660885.0000,3
2022-06-28,20220628103000000,sh.600720,11.7800,11.8500,11.6200,11.6300,7503999,87710711.0000,3
2022-06-28,20220628113000000,sh.600720,11.6300,11.8600,11.6200,11.8400,4182291,49147952.0000,3
2022-06-28,20220628140000000,sh.600720,11.8400,11.8500,11.7200,11.7500,2393500,28163512.0000,3
2022-06-28,20220628150000000,sh.600720,11.7500,11.7700,11.7200,11.7300,5512380,64707231.0000,3
2022-06-29,20220629103000000,sh.600720,11.7200,12.5200,11.6600,12.2900,41775564,511901424.0000,3
2022-06-29,20220629113000000,sh.600720,12.2900,12.2900,12.1000,12.1200,7244535,88167840.0000,3
2022-06-29,20220629140000000,sh.600720,12.1400,12.6400,12.0900,12.4300,17158848,213206768.0000,3
2022-06-29,20220629150000000,sh.600720,12.4300,12.4900,12.2200,12.3100,8392873,103656128.0000,3
2022-06-30,20220630103000000,sh.600720,12.1300,12.3700,12.0100,12.2400,16430902,199897984.0000,3
2022-06-30,20220630113000000,sh.600720,12.2400,12.5500,12.1900,12.5200,10777834,133736672.0000,3
2022-06-30,20220630140000000,sh.600720,12.5300,12.5800,12.3500,12.4600,11621694,145104864.0000,3
2022-06-30,20220630150000000,sh.600720,12.4600,12.5400,12.3800,12.4000,7635055,95120048.0000,3
2022-07-01,20220701103000000,sh.600720,12.4000,12.5500,12.2100,12.5300,12658664,156345493.0000,3
2022-07-01,20220701113000000,sh.600720,12.5300,12.6900,12.4600,12.4700,8434702,106039479.0000,3
2022-07-01,20220701140000000,sh.600720,12.4600,12.5000,12.4000,12.4300,3486056,43376516.0000,3
2022-07-01,20220701150000000,sh.600720,12.4300,12.4500,12.3400,12.3800,3980395,49330128.0000,3
2022-07-04,20220704103000000,sh.600720,12.3900,12.5200,12.1800,12.2100,11101149,136371521.0000,3
2022-07-04,20220704113000000,sh.600720,12.2000,12.2400,12.1100,12.2000,5842100,71131973.0000,3
2022-07-04,20220704140000000,sh.600720,12.2200,12.3400,12.2000,12.2800,4120000,50435413.0000,3
2022-07-04,20220704150000000,sh.600720,12.2700,12.3300,12.2100,12.2900,6040560,74154949.0000,3
2022-07-05,20220705103000000,sh.600720,12.3000,12.3500,12.1800,12.2100,5324430,65115634.0000,3
2022-07-05,20220705113000000,sh.600720,12.2100,12.2300,11.9700,12.0300,7657300,92477973.0000,3
2022-07-05,20220705140000000,sh.600720,12.0300,12.2000,12.0100,12.0200,4321160,52223675.0000,3
2022-07-05,20220705150000000,sh.600720,12.0100,12.1500,11.9900,12.1000,5723175,69063854.0000,3
2022-07-06,20220706103000000,sh.600720,12.0800,12.0800,11.7600,11.7700,10024352,118707464.0000,3
2022-07-06,20220706113000000,sh.600720,11.7600,11.7900,11.6200,11.7000,6741421,78915909.0000,3
2022-07-06,20220706140000000,sh.600720,11.7000,11.7100,11.6300,11.6400,3567475,41594104.0000,3
2022-07-06,20220706150000000,sh.600720,11.6400,11.6500,11.5300,11.5900,7598041,88004891.0000,3
2022-07-07,20220707103000000,sh.600720,11.6300,11.7300,11.5900,11.7000,4170435,48630677.0000,3
2022-07-07,20220707113000000,sh.600720,11.7000,11.7600,11.6500,11.6900,2836348,33174278.0000,3
2022-07-07,20220707140000000,sh.600720,11.6900,11.7400,11.6800,11.7200,2420231,28343757.0000,3
2022-07-07,20220707150000000,sh.600720,11.7300,11.8100,11.7100,11.7400,3410900,40106954.0000,3
2022-07-08,20220708103000000,sh.600720,11.6900,11.8600,11.6900,11.8100,3949079,46514195.0000,3
2022-07-08,20220708113000000,sh.600720,11.8100,11.8500,11.7800,11.8300,1998100,23619036.0000,3
2022-07-08,20220708140000000,sh.600720,11.8300,11.8300,11.7000,11.7100,2407600,28309441.0000,3
2022-07-08,20220708150000000,sh.600720,11.7000,11.7500,11.6500,11.6800,4450496,52005473.0000,3
2022-07-11,20220711103000000,sh.600720,11.6700,11.7900,11.4800,11.6700,4695500,54475133.0000,3
2022-07-11,20220711113000000,sh.600720,11.6700,11.7000,11.5900,11.6900,1472350,17134464.0000,3
2022-07-11,20220711140000000,sh.600720,11.6900,11.7100,11.5900,11.6100,1500043,17454697.0000,3
2022-07-11,20220711150000000,sh.600720,11.6000,11.6600,11.5800,11.6200,1914964,22253749.0000,3
