date,time,code,open,high,low,close,volume,amount,adjustflag
2022-01-04,20220104103000000,sh.603711,16.3700,16.6400,16.2700,16.5400,567900,9373558.0000,3
2022-01-04,20220104113000000,sh.603711,16.5400,16.6400,16.5200,16.6200,304172,5046301.0000,3
2022-01-04,20220104140000000,sh.603711,16.6200,16.8100,16.6100,16.7800,505294,8449195.0000,3
2022-01-04,20220104150000000,sh.603711,16.7800,16.7900,16.6500,16.7700,660200,11052288.0000,3
2022-01-05,20220105103000000,sh.603711,17.3900,17.7500,16.8400,17.0200,3129802,54062880.0000,3
2022-01-05,20220105113000000,sh.603711,17.0200,17.2500,16.9600,17.1700,779676,13360365.0000,3
2022-01-05,20220105140000000,sh.603711,17.1900,17.1900,16.8600,16.9800,397693,6767482.0000,3
2022-01-05,20220105150000000,sh.603711,16.9800,17.0000,16.7300,16.8500,741257,12480710.0000,3
2022-01-06,20220106103000000,sh.603711,16.9700,17.7000,16.9700,17.0500,2813500,48732203.0000,3
2022-01-06,20220106113000000,sh.603711,17.0500,17.3900,17.0100,17.2400,614414,10585120.0000,3
2022-01-06,20220106140000000,sh.603711,17.2400,17.2800,17.1600,17.2600,295122,5086136.0000,3
2022-01-06,20220106150000000,sh.603711,17.2400,17.3200,17.1800,17.1800,495100,8540440.0000,3
2022-01-07,20220107103000000,sh.603711,17.2700,17.3500,16.7200,16.8800,1334173,22571077.0000,3
2022-01-07,20220107113000000,sh.603711,16.8800,16.8900,16.7200,16.7500,459839,7714306.0000,3
2022-01-07,20220107140000000,sh.603711,16.7500,16.8000,16.6100,16.6900,504400,8426205.0000,3
2022-01-07,20220107150000000,sh.603711,16.6900,16.7200,16.4000,16.4100,637499,10557988.0000,3
2022-01-10,20220110103000000,sh.603711,16.4600,16.7300,16.0200,16.7300,1194499,19524678.0000,3
2022-01-10,20220110113000000,sh.603711,16.7300,16.7300,16.5900,16.6700,248900,4145486.0000,3
2022-01-10,20220110140000000,sh.603711,16.6900,16.7900,16.6000,16.7500,341158,5690825.0000,3
2022-01-10,20220110150000000,sh.603711,16.7500,16.8800,16.6600,16.8000,601600,10078440.0000,3
2022-01-11,20220111103000000,sh.603711,16.7600,16.9900,16.1000,16.6700,699500,11655746.0000,3
2022-01-11,20220111113000000,sh.603711,16.6700,16.6700,16.4300,16.5600,184300,3049606.0000,3
2022-01-11,20220111140000000,sh.603711,16.5600,16.6100,16.4600,16.5100,209200,3454623.0000,3
2022-01-11,20220111150000000,sh.603711,16.5100,16.5600,16.3300,16.4300,360600,5922400.0000,3
2022-01-12,20220112103000000,sh.603711,16.5100,16.7500,16.3000,16.6100,520329,8593978.0000,3
2022-01-12,20220112113000000,sh.603711,16.5800,16.6900,16.5600,16.6200,214100,3563338.0000,3
2022-01-12,20220112140000000,sh.603711,16.6400,17.1000,16.6300,16.8900,1156611,19591526.0000,3
2022-01-12,20220112150000000,sh.603711,16.8900,16.9400,16.8500,16.9100,553777,9353417.0000,3
2022-01-13,20220113103000000,sh.603711,16.9700,16.9700,16.7200,16.8600,868000,14631468.0000,3
2022-01-13,20220113113000000,sh.603711,16.8600,16.9000,16.7700,16.8300,188400,3172684.0000,3
2022-01-13,20220113140000000,sh.603711,16.8100,16.8300,16.6600,16.7000,259300,4339330.0000,3
2022-01-13,20220113150000000,sh.603711,16.7000,16.7800,16.5600,16.6200,504900,8411350.0000,3
2022-01-14,20220114103000000,sh.603711,16.6000,16.8700,16.4200,16.5300,685400,11412399.0000,3
2022-01-14,20220114113000000,sh.603711,16.5300,16.5900,16.2700,16.3300,392600,6427987.0000,3
2022-01-14,20220114140000000,sh.603711,16.3300,16.3600,16.2000,16.2000,340300,5543157.0000,3
2022-01-14,20220114150000000,sh.603711,16.2100,16.2600,16.1600,16.1600,512800,8306264.0000,3
2022-01-17,20220117103000000,sh.603711,16.1600,16.2900,16.0300,16.1600,481800,7783292.0000,3
2022-01-17,20220117113000000,sh.603711,16.1600,16.2800,16.1300,16.2600,207500,3361994.0000,3
2022-01-17,20220117140000000,sh.603711,16.2600,16.3300,16.2500,16.3000,166300,2708269.0000,3
2022-01-17,20220117150000000,sh.603711,16.3000,16.3000,16.2000,16.2700,256900,4177108.0000,3
2022-01-18,20220118103000000,sh.603711,16.2700,16.2700,15.7500,15.8100,930600,14823778.0000,3
2022-01-18,20220118113000000,sh.603711,15.8200,15.8900,15.6600,15.7700,560200,8843590.0000,3
2022-01-18,20220118140000000,sh.603711,15.7700,15.7900,15.6600,15.7200,306523,4820585.0000,3
2022-01-18,20220118150000000,sh.603711,15.7200,15.8300,15.6700,15.8000,311900,4914394.0000,3
2022-01-19,20220119103000000,sh.603711,15.7500,15.9600,15.7000,15.9100,373349,5921141.0000,3
2022-01-19,20220119113000000,sh.603711,15.9100,15.9300,15.7600,15.8200,186100,2944112.0000,3
2022-01-19,20220119140000000,sh.603711,15.8200,15.8500,15.7700,15.8300,137338,2171085.0000,3
2022-01-19,20220119150000000,sh.603711,15.8300,15.9500,15.8200,15.8900,235701,3747277.0000,3
2022-01-20,20220120103000000,sh.603711,15.9800,16.0900,15.7700,15.8500,322400,5132956.0000,3
2022-01-20,20220120113000000,sh.603711,15.8500,15.8500,15.6200,15.7400,316000,4959189.0000,3
2022-01-20,20220120140000000,sh.603711,15.6800,15.7400,15.6100,15.6200,121300,1900053.0000,3
2022-01-20,20220120150000000,sh.603711,15.6200,15.6400,15.5100,15.5800,323600,5034196.0000,3
2022-01-21,20220121103000000,sh.603711,15.5000,15.6500,15.2700,15.4500,376474,5819048.0000,3
2022-01-21,20220121113000000,sh.603711,15.4500,15.5200,15.4100,15.4400,88400,1365355.0000,3
2022-01-21,20220121140000000,sh.603711,15.4400,15.4400,15.3300,15.4400,97600,1501571.0000,3
2022-01-21,20220121150000000,sh.603711,15.4400,15.4400,15.3300,15.3600,160500,2466660.0000,3
2022-01-24,20220124103000000,sh.603711,15.3600,15.4200,15.1200,15.1700,367800,5590835.0000,3
2022-01-24,20220124113000000,sh.603711,15.1700,15.3500,15.1200,15.3400,227300,3463704.0000,3
2022-01-24,20220124140000000,sh.603711,15.3000,15.3600,15.2500,15.3300,131800,2017915.0000,3
2022-01-24,20220124150000000,sh.603711,15.3200,15.3400,15.1500,15.2000,222021,3379206.0000,3
2022-01-25,20220125103000000,sh.603711,15.4200,15.4200,14.8500,14.9600,463505,6991425.0000,3
2022-01-25,20220125113000000,sh.603711,14.9600,15.0300,14.8800,14.9200,139700,2086969.0000,3
2022-01-25,20220125140000000,sh.603711,14.9200,14.9300,14.6500,14.7600,235500,3485489.0000,3
2022-01-25,20220125150000000,sh.603711,14.7600,14.8800,14.6000,14.6000,207348,3051921.0000,3
2022-01-26,20220126103000000,sh.603711,14.8500,14.8500,14.3200,14.4000,521200,7548615.0000,3
2022-01-26,20220126113000000,sh.603711,14.4000,14.4700,14.3800,14.4200,164500,2370865.0000,3
2022-01-26,20220126140000000,sh.603711,14.4100,14.4500,14.3600,14.3900,190100,2736652.0000,3
2022-01-26,20220126150000000,sh.603711,14.3900,14.5200,14.3700,14.4700,269705,3893964.0000,3
2022-01-27,20220127103000000,sh.603711,14.4400,14.6200,14.2000,14.2500,378453,5450276.0000,3
2022-01-27,20220127113000000,sh.603711,14.2500,14.3500,14.2000,14.2300,239605,3416159.0000,3
2022-01-27,20220127140000000,sh.603711,14.2300,14.2300,14.1700,14.2000,186300,2645864.0000,3
2022-01-27,20220127150000000,sh.603711,14.2000,14.2000,14.0400,14.0600,519500,7322618.0000,3
2022-01-28,20220128103000000,sh.603711,14.1000,14.3400,14.0600,14.1800,347800,4935577.0000,3
2022-01-28,20220128113000000,sh.603711,14.1300,14.5000,14.1300,14.3300,238800,3418269.0000,3
2022-01-28,20220128140000000,sh.603711,14.3300,14.5700,14.3300,14.4300,160400,2320090.0000,3
2022-01-28,20220128150000000,sh.603711,14.4700,14.4700,14.3100,14.3100,234600,3374883.0000,3
2022-02-07,20220207103000000,sh.603711,14.5200,14.8400,14.5200,14.7400,608700,8939834.0000,3
2022-02-07,20220207113000000,sh.603711,14.7400,14.7500,14.6300,14.7200,157984,2321708.0000,3
2022-02-07,20220207140000000,sh.603711,14.7200,14.7800,14.7100,14.7300,125100,1843866.0000,3
2022-02-07,20220207150000000,sh.603711,14.7200,14.8500,14.7100,14.8300,266295,3936152.0000,3
2022-02-08,20220208103000000,sh.603711,14.6700,15.0000,14.6700,14.9500,302600,4507725.0000,3
2022-02-08,20220208113000000,sh.603711,14.9500,14.9800,14.8000,14.8300,148947,2213308.0000,3
2022-02-08,20220208140000000,sh.603711,14.8000,14.9500,14.7500,14.9100,213827,3173379.0000,3
2022-02-08,20220208150000000,sh.603711,14.9100,15.0800,14.9000,15.0200,292400,4386165.0000,3
2022-02-09,20220209103000000,sh.603711,15.0100,15.3400,15.0000,15.3200,491821,7489665.0000,3
2022-02-09,20220209113000000,sh.603711,15.3200,15.3200,15.1500,15.1900,224500,3416837.0000,3
2022-02-09,20220209140000000,sh.603711,15.1900,15.1900,15.0400,15.1800,469100,7091978.0000,3
2022-02-09,20220209150000000,sh.603711,15.1800,15.4000,15.1800,15.3800,611322,9371116.0000,3
2022-02-10,20220210103000000,sh.603711,15.3700,15.5600,15.1300,15.4600,433047,6668837.0000,3
2022-02-10,20220210113000000,sh.603711,15.4400,15.6900,15.4000,15.6500,339700,5286334.0000,3
2022-02-10,20220210140000000,sh.603711,15.6500,15.7200,15.4800,15.5600,378500,5903096.0000,3
2022-02-10,20220210150000000,sh.603711,15.5600,15.7400,15.5500,15.6500,323500,5065687.0000,3
2022-02-11,20220211103000000,sh.603711,15.7100,15.7200,15.2200,15.2500,478700,7359762.0000,3
2022-02-11,20220211113000000,sh.603711,15.2500,15.4700,15.2200,15.3300,119400,1833170.0000,3
2022-02-11,20220211140000000,sh.603711,15.3300,15.4300,15.2400,15.2500,151000,2314664.0000,3
2022-02-11,20220211150000000,sh.603711,15.2500,15.2600,15.1600,15.2100,220300,3351611.0000,3
2022-02-14,20220214103000000,sh.603711,15.0100,15.2500,15.0100,15.1700,254234,3850411.0000,3
2022-02-14,20220214113000000,sh.603711,15.1700,15.2000,15.0600,15.1900,218800,3317714.0000,3
2022-02-14,20220214140000000,sh.603711,15.1800,15.1800,15.0000,15.1100,89100,1346188.0000,3
2022-02-14,20220214150000000,sh.603711,15.1100,15.1800,15.0300,15.1400,138384,2092121.0000,3
2022-02-15,20220215103000000,sh.603711,15.1300,15.2800,15.0000,15.0600,167900,2539548.0000,3
2022-02-15,20220215113000000,sh.603711,15.0500,15.1100,15.0300,15.0600,100700,1515616.0000,3
2022-02-15,20220215140000000,sh.603711,15.0600,15.0600,14.9300,14.9400,165800,2482863.0000,3
2022-02-15,20220215150000000,sh.603711,14.9400,15.1200,14.8600,15.1200,263100,3937328.0000,3
2022-02-16,20220216103000000,sh.603711,15.1700,15.2200,15.0100,15.1400,221600,3356063.0000,3
2022-02-16,20220216113000000,sh.603711,15.1400,15.2400,15.1100,15.1900,142800,2166411.0000,3
2022-02-16,20220216140000000,sh.603711,15.1900,15.3000,15.1900,15.2200,115600,1762564.0000,3
2022-02-16,20220216150000000,sh.603711,15.2200,15.3500,15.1300,15.3400,191500,2917186.0000,3
2022-02-17,20220217103000000,sh.603711,15.3100,15.3900,15.1100,15.2100,189051,2880841.0000,3
2022-02-17,20220217113000000,sh.603711,15.2100,15.2300,15.1200,15.1500,79600,1207540.0000,3
2022-02-17,20220217140000000,sh.603711,15.2000,15.3000,15.0400,15.2600,186100,2819756.0000,3
2022-02-17,20220217150000000,sh.603711,15.2600,15.2600,15.0900,15.1800,139300,2114182.0000,3
2022-02-18,20220218103000000,sh.603711,15.1200,15.1200,14.7200,14.7300,570300,8459283.0000,3
2022-02-18,20220218113000000,sh.603711,14.7300,14.9200,14.7000,14.8600,252749,3742943.0000,3
2022-02-18,20220218140000000,sh.603711,14.8700,14.9200,14.8100,14.8300,250700,3723308.0000,3
2022-02-18,20220218150000000,sh.603711,14.8200,14.8500,14.7700,14.8500,374837,5550781.0000,3
2022-02-21,20220221103000000,sh.603711,14.8300,15.2800,14.8300,15.0000,487400,7375499.0000,3
2022-02-21,20220221113000000,sh.603711,15.0000,15.1100,15.0000,15.0500,85900,1292378.0000,3
2022-02-21,20220221140000000,sh.603711,15.0500,15.1100,15.0000,15.1000,107800,1623907.0000,3
2022-02-21,20220221150000000,sh.603711,15.1000,15.1300,15.0600,15.1300,119400,1802241.0000,3
2022-02-22,20220222103000000,sh.603711,15.1300,15.3100,15.0000,15.3100,638000,9701778.0000,3
2022-02-22,20220222113000000,sh.603711,15.3100,15.4100,15.2500,15.2900,243200,3728512.0000,3
2022-02-22,20220222140000000,sh.603711,15.2700,15.3200,15.0700,15.2000,315920,4803102.0000,3
2022-02-22,20220222150000000,sh.603711,15.2000,15.2500,15.1600,15.1600,301600,4585332.0000,3
2022-02-23,20220223103000000,sh.603711,15.2400,15.3000,15.0500,15.1200,329600,5000406.0000,3
2022-02-23,20220223113000000,sh.603711,15.1900,15.2400,15.0800,15.1500,131580,1989630.0000,3
2022-02-23,20220223140000000,sh.603711,15.1500,15.1800,15.0800,15.1000,122200,1847587.0000,3
2022-02-23,20220223150000000,sh.603711,15.1000,15.1800,15.0800,15.1700,193456,2929451.0000,3
2022-02-24,20220224103000000,sh.603711,15.1200,15.1500,15.0200,15.0500,290300,4373313.0000,3
2022-02-24,20220224113000000,sh.603711,15.0500,15.0500,14.9100,14.9200,243900,3657096.0000,3
2022-02-24,20220224140000000,sh.603711,14.9100,14.9100,14.5700,14.6000,454700,6686459.0000,3
2022-02-24,20220224150000000,sh.603711,14.6000,14.6500,14.5000,14.6100,356712,5200584.0000,3
2022-02-25,20220225103000000,sh.603711,14.6600,14.7200,14.5300,14.6200,406700,5957632.0000,3
2022-02-25,20220225113000000,sh.603711,14.6300,14.6400,14.5000,14.5000,268100,3902773.0000,3
2022-02-25,20220225140000000,sh.603711,14.5100,14.5600,14.4600,14.4600,197300,2862275.0000,3
2022-02-25,20220225150000000,sh.603711,14.4600,14.4800,14.4000,14.4300,258400,3730104.0000,3
2022-02-28,20220228103000000,sh.603711,14.4500,14.4600,14.1000,14.2900,458700,6543625.0000,3
2022-02-28,20220228113000000,sh.603711,14.2900,14.3000,14.1500,14.1600,293300,4164725.0000,3
2022-02-28,20220228140000000,sh.603711,14.1600,14.2900,14.1400,14.2800,320900,4557768.0000,3
2022-02-28,20220228150000000,sh.603711,14.2200,14.3800,14.1800,14.3300,374400,5344003.0000,3
2022-03-01,20220301103000000,sh.603711,14.4500,14.7700,14.3300,14.6000,658400,9629223.0000,3
2022-03-01,20220301113000000,sh.603711,14.6000,14.6000,14.5200,14.5500,134400,1958879.0000,3
2022-03-01,20220301140000000,sh.603711,14.5700,14.6000,14.5200,14.5900,112900,1645414.0000,3
2022-03-01,20220301150000000,sh.603711,14.5900,14.7000,14.5500,14.6800,281100,4115813.0000,3
2022-03-02,20220302103000000,sh.603711,14.6700,14.8200,14.5200,14.6700,366287,5378526.0000,3
2022-03-02,20220302113000000,sh.603711,14.6800,14.9500,14.6300,14.7700,304800,4501001.0000,3
2022-03-02,20220302140000000,sh.603711,14.7600,14.8200,14.7200,14.7500,121300,1789655.0000,3
2022-03-02,20220302150000000,sh.603711,14.7500,14.8200,14.7400,14.8100,140100,2071841.0000,3
2022-03-03,20220303103000000,sh.603711,14.8700,14.9000,14.6500,14.6900,283900,4185787.0000,3
2022-03-03,20220303113000000,sh.603711,14.7100,14.7700,14.6100,14.6500,181400,2665155.0000,3
2022-03-03,20220303140000000,sh.603711,14.6500,14.7100,14.6100,14.6900,180400,2644177.0000,3
2022-03-03,20220303150000000,sh.603711,14.6700,14.7300,14.6400,14.6700,197700,2903015.0000,3
2022-03-04,20220304103000000,sh.603711,14.6700,14.8400,14.5900,14.8000,316200,4657496.0000,3
2022-03-04,20220304113000000,sh.603711,14.8000,14.8000,14.7500,14.7500,103700,1532348.0000,3
2022-03-04,20220304140000000,sh.603711,14.7400,15.0800,14.7200,14.7500,483700,7185005.0000,3
2022-03-04,20220304150000000,sh.603711,14.7500,14.7900,14.6900,14.7500,237000,3490907.0000,3
2022-03-07,20220307103000000,sh.603711,14.6000,14.7100,14.4200,14.5000,351120,5089733.0000,3
2022-03-07,20220307113000000,sh.603711,14.5000,14.5300,14.3500,14.4500,182200,2628794.0000,3
2022-03-07,20220307140000000,sh.603711,14.4100,14.8000,14.4100,14.4700,312600,4546147.0000,3
2022-03-07,20220307150000000,sh.603711,14.4800,14.5700,14.4400,14.5200,169629,2458582.0000,3
2022-03-08,20220308103000000,sh.603711,14.4000,14.5300,14.1800,14.4000,217997,3133099.0000,3
2022-03-08,20220308113000000,sh.603711,14.4000,14.4000,14.1000,14.1900,229600,3268918.0000,3
2022-03-08,20220308140000000,sh.603711,14.1900,14.4500,14.1900,14.4100,99800,1428412.0000,3
2022-03-08,20220308150000000,sh.603711,14.4100,14.4100,14.0600,14.1100,266100,3776702.0000,3
2022-03-09,20220309103000000,sh.603711,14.1300,14.2400,13.9000,13.9000,401600,5610652.0000,3
2022-03-09,20220309113000000,sh.603711,13.9000,13.9200,13.6300,13.6600,251700,3465795.0000,3
2022-03-09,20220309140000000,sh.603711,13.6800,13.6800,12.9300,13.1400,475300,6316445.0000,3
2022-03-09,20220309150000000,sh.603711,13.1500,13.6200,13.1100,13.5100,231894,3088382.0000,3
2022-03-10,20220310103000000,sh.603711,13.7800,13.8900,13.5300,13.6500,383000,5235335.0000,3
2022-03-10,20220310113000000,sh.603711,13.6500,13.6800,13.6000,13.6500,141700,1933023.0000,3
2022-03-10,20220310140000000,sh.603711,13.6500,13.6700,13.4900,13.5100,170100,2305507.0000,3
2022-03-10,20220310150000000,sh.603711,13.5100,13.5600,13.5000,13.5000,152501,2061113.0000,3
2022-03-11,20220311103000000,sh.603711,13.4400,13.5000,12.9500,13.4300,412400,5457932.0000,3
2022-03-11,20220311113000000,sh.603711,13.4300,13.4600,13.3500,13.3500,147700,1978847.0000,3
2022-03-11,20220311140000000,sh.603711,13.3500,13.7500,13.2800,13.7200,248600,3358058.0000,3
2022-03-11,20220311150000000,sh.603711,13.7300,13.8100,13.6000,13.8100,304400,4178716.0000,3
2022-03-14,20220314103000000,sh.603711,13.4600,13.7800,13.4600,13.7200,382400,5211586.0000,3
2022-03-14,20220314113000000,sh.603711,13.7200,13.7800,13.5500,13.6400,125045,1708909.0000,3
2022-03-14,20220314140000000,sh.603711,13.6400,13.7300,13.5700,13.6500,115900,1581020.0000,3
2022-03-14,20220314150000000,sh.603711,13.6500,13.6500,13.4700,13.4800,171400,2320565.0000,3
2022-03-15,20220315103000000,sh.603711,13.3400,13.4600,13.0000,13.1700,396900,5208665.0000,3
2022-03-15,20220315113000000,sh.603711,13.2000,13.2300,13.0500,13.0700,123800,1626453.0000,3
2022-03-15,20220315140000000,sh.603711,13.0800,13.1000,12.8300,12.8700,287300,3728398.0000,3
2022-03-15,20220315150000000,sh.603711,12.8700,12.9500,12.5700,12.5700,334694,4270908.0000,3
2022-03-16,20220316103000000,sh.603711,12.7200,12.8200,12.3000,12.4300,397477,4994285.0000,3
2022-03-16,20220316113000000,sh.603711,12.4300,12.5900,12.1600,12.4500,240400,2964398.0000,3
2022-03-16,20220316140000000,sh.603711,12.4500,12.8300,12.4100,12.7800,190055,2405034.0000,3
2022-03-16,20220316150000000,sh.603711,12.7800,13.2000,12.7700,13.0400,327500,4250938.0000,3
2022-03-17,20220317103000000,sh.603711,13.0900,13.2400,13.0500,13.1500,305094,4008243.0000,3
2022-03-17,20220317113000000,sh.603711,13.1500,13.3900,13.1400,13.3200,225748,2992780.0000,3
2022-03-17,20220317140000000,sh.603711,13.3900,13.4700,13.2600,13.3000,251652,3365015.0000,3
2022-03-17,20220317150000000,sh.603711,13.3000,13.3300,13.2500,13.3200,207212,2757057.0000,3
2022-03-18,20220318103000000,sh.603711,13.2200,13.3900,13.2000,13.2800,108400,1440467.0000,3
2022-03-18,20220318113000000,sh.603711,13.2800,13.3600,13.2300,13.2300,65800,874815.0000,3
2022-03-18,20220318140000000,sh.603711,13.2300,13.3800,13.2200,13.3700,119200,1590330.0000,3
2022-03-18,20220318150000000,sh.603711,13.3700,13.3900,13.3100,13.3500,116048,1549994.0000,3
2022-03-21,20220321103000000,sh.603711,13.4900,13.4900,13.2500,13.3200,266600,3555875.0000,3
2022-03-21,20220321113000000,sh.603711,13.3200,13.4000,13.3000,13.3800,218500,2913270.0000,3
2022-03-21,20220321140000000,sh.603711,13.3900,13.4000,13.2000,13.2200,208600,2769958.0000,3
2022-03-21,20220321150000000,sh.603711,13.2200,13.3500,13.2200,13.3500,173394,2302787.0000,3
2022-03-22,20220322103000000,sh.603711,13.3600,13.3600,13.1000,13.1800,339800,4477314.0000,3
2022-03-22,20220322113000000,sh.603711,13.1800,13.3300,13.1800,13.3100,117200,1553827.0000,3
2022-03-22,20220322140000000,sh.603711,13.3000,13.5400,13.2600,13.4300,250600,3363527.0000,3
2022-03-22,20220322150000000,sh.603711,13.4300,13.4300,13.3400,13.3500,136600,1826198.0000,3
2022-03-23,20220323103000000,sh.603711,13.3900,13.4600,13.2800,13.3800,266000,3551802.0000,3
2022-03-23,20220323113000000,sh.603711,13.3800,13.5100,13.3700,13.4500,187556,2522456.0000,3
2022-03-23,20220323140000000,sh.603711,13.4500,13.4500,13.2800,13.3500,260900,3478766.0000,3
2022-03-23,20220323150000000,sh.603711,13.3500,13.3700,13.2600,13.3300,213015,2837910.0000,3
2022-03-24,20220324103000000,sh.603711,13.2800,13.3200,13.1600,13.1700,214500,2836588.0000,3
2022-03-24,20220324113000000,sh.603711,13.1700,13.3000,13.1200,13.2700,150056,1981073.0000,3
2022-03-24,20220324140000000,sh.603711,13.2700,13.2700,13.1300,13.1600,107900,1421814.0000,3
2022-03-24,20220324150000000,sh.603711,13.1600,13.2000,13.0800,13.1000,237715,3119883.0000,3
2022-03-25,20220325103000000,sh.603711,13.1600,13.4400,13.0500,13.3700,357848,4750934.0000,3
2022-03-25,20220325113000000,sh.603711,13.3700,13.4000,13.2900,13.2900,114800,1532806.0000,3
2022-03-25,20220325140000000,sh.603711,13.2900,13.3000,13.1300,13.1600,124151,1640760.0000,3
2022-03-25,20220325150000000,sh.603711,13.1600,13.2400,13.1500,13.1800,189657,2503108.0000,3
2022-03-28,20220328103000000,sh.603711,13.1600,13.1600,12.7000,13.0000,350400,4508164.0000,3
2022-03-28,20220328113000000,sh.603711,13.0000,13.2500,13.0000,13.0700,109350,1433381.0000,3
2022-03-28,20220328140000000,sh.603711,13.0600,13.1500,12.9700,13.0600,138700,1806768.0000,3
2022-03-28,20220328150000000,sh.603711,13.0600,13.1100,12.9500,13.0900,154200,2008738.0000,3
2022-03-29,20220329103000000,sh.603711,13.1000,13.1600,12.9200,12.9200,201619,2632278.0000,3
2022-03-29,20220329113000000,sh.603711,12.9200,12.9900,12.8700,12.8800,133600,1728054.0000,3
2022-03-29,20220329140000000,sh.603711,12.8700,13.0000,12.8600,12.9200,89800,1161653.0000,3
2022-03-29,20220329150000000,sh.603711,12.9200,12.9300,12.7000,12.7800,387699,4953731.0000,3
2022-03-30,20220330103000000,sh.603711,12.8300,12.9700,12.7800,12.8800,268700,3461653.0000,3
2022-03-30,20220330113000000,sh.603711,12.8800,12.9200,12.8200,12.8700,90200,1159932.0000,3
2022-03-30,20220330140000000,sh.603711,12.8700,13.0100,12.8300,12.9700,360000,4640309.0000,3
2022-03-30,20220330150000000,sh.603711,12.9700,13.1000,12.9700,13.0700,240756,3137347.0000,3
2022-03-31,20220331103000000,sh.603711,13.0000,13.2000,12.9400,13.1800,281300,3679000.0000,3
2022-03-31,20220331113000000,sh.603711,13.1800,13.1800,13.0900,13.1400,121300,1591515.0000,3
2022-03-31,20220331140000000,sh.603711,13.1400,13.1400,12.9900,13.0000,104300,1361427.0000,3
2022-03-31,20220331150000000,sh.603711,13.0000,13.1100,12.9900,13.0800,159656,2088255.0000,3
2022-04-01,20220401103000000,sh.603711,13.0200,13.0900,12.7400,13.0000,310400,4002815.0000,3
2022-04-01,20220401113000000,sh.603711,13.0000,13.1300,12.9500,13.0200,65300,853308.0000,3
2022-04-01,20220401140000000,sh.603711,13.0200,13.0800,13.0000,13.0400,61500,801860.0000,3
2022-04-01,20220401150000000,sh.603711,13.0300,13.0800,13.0300,13.0600,124356,1624983.0000,3
2022-04-06,20220406103000000,sh.603711,13.0300,13.2400,12.9800,13.2000,436575,5737078.0000,3
2022-04-06,20220406113000000,sh.603711,13.2000,13.5000,13.0900,13.3200,682339,9027420.0000,3
2022-04-06,20220406140000000,sh.603711,13.3100,13.3300,13.2400,13.2800,119591,1588061.0000,3
2022-04-06,20220406150000000,sh.603711,13.2800,13.2900,13.1800,13.2800,197509,2615349.0000,3
2022-04-07,20220407103000000,sh.603711,13.2800,13.4200,13.0800,13.1000,349700,4621783.0000,3
2022-04-07,20220407113000000,sh.603711,13.1000,13.1000,13.0100,13.0400,175700,2294302.0000,3
2022-04-07,20220407140000000,sh.603711,13.0400,13.0400,12.9000,12.9800,436800,5655317.0000,3
2022-04-07,20220407150000000,sh.603711,12.9800,13.0600,12.9100,12.9200,150875,1957802.0000,3
2022-04-08,20220408103000000,sh.603711,12.8400,13.0500,12.4700,12.5100,644460,8156853.0000,3
2022-04-08,20220408113000000,sh.603711,12.5100,12.6300,12.5000,12.5800,268900,3372021.0000,3
2022-04-08,20220408140000000,sh.603711,12.5800,12.6300,12.5100,12.6100,136300,1712236.0000,3
2022-04-08,20220408150000000,sh.603711,12.6100,12.6200,12.5500,12.5900,161928,2037845.0000,3
2022-04-11,20220411103000000,sh.603711,12.4400,12.6200,12.3600,12.4600,354500,4417294.0000,3
2022-04-11,20220411113000000,sh.603711,12.4600,12.4600,12.3100,12.3600,156600,1938116.0000,3
2022-04-11,20220411140000000,sh.603711,12.3600,12.4100,12.3100,12.3800,184100,2273069.0000,3
2022-04-11,20220411150000000,sh.603711,12.3800,12.3800,12.1600,12.2500,306400,3753370.0000,3
2022-04-12,20220412103000000,sh.603711,12.4700,12.4700,12.0200,12.4000,363800,4460869.0000,3
2022-04-12,20220412113000000,sh.603711,12.4000,12.4700,12.3000,12.3400,198420,2459839.0000,3
2022-04-12,20220412140000000,sh.603711,12.3400,12.6000,12.2600,12.5900,251500,3143340.0000,3
2022-04-12,20220412150000000,sh.603711,12.5900,12.8000,12.5800,12.7600,453000,5763015.0000,3
2022-04-13,20220413103000000,sh.603711,12.7600,13.0000,12.6200,13.0000,661900,8521918.0000,3
2022-04-13,20220413113000000,sh.603711,12.9900,13.1000,12.9500,13.0300,305800,3985551.0000,3
2022-04-13,20220413140000000,sh.603711,13.0300,13.2400,13.0200,13.1800,335336,4403220.0000,3
2022-04-13,20220413150000000,sh.603711,13.1800,13.1800,12.9900,13.0400,292000,3814795.0000,3
2022-04-14,20220414103000000,sh.603711,13.1100,13.3400,12.9100,13.2900,748800,9863479.0000,3
2022-04-14,20220414113000000,sh.603711,13.2900,13.6500,13.2000,13.4800,745400,9981213.0000,3
2022-04-14,20220414140000000,sh.603711,13.4800,13.5300,13.3500,13.5000,373352,5015954.0000,3
2022-04-14,20220414150000000,sh.603711,13.4900,13.5900,13.4500,13.5300,428627,5793194.0000,3
2022-04-15,20220415103000000,sh.603711,13.5300,13.5300,13.2200,13.4300,440400,5876946.0000,3
2022-04-15,20220415113000000,sh.603711,13.4300,13.5000,13.3200,13.3400,250800,3356259.0000,3
2022-04-15,20220415140000000,sh.603711,13.3400,13.4500,13.3200,13.4000,166300,2226210.0000,3
2022-04-15,20220415150000000,sh.603711,13.4100,13.4400,13.3000,13.3800,253600,3393220.0000,3
2022-04-18,20220418103000000,sh.603711,13.2900,13.7400,13.2000,13.5300,725200,9796115.0000,3
2022-04-18,20220418113000000,sh.603711,13.5300,13.6500,13.5200,13.6500,193518,2628898.0000,3
2022-04-18,20220418140000000,sh.603711,13.6500,13.7500,13.6000,13.6600,300900,4114057.0000,3
2022-04-18,20220418150000000,sh.603711,13.6600,13.8300,13.6600,13.7900,595300,8183724.0000,3
2022-04-19,20220419103000000,sh.603711,13.7400,13.9400,13.6100,13.9300,680500,9371410.0000,3
2022-04-19,20220419113000000,sh.603711,13.9300,13.9300,13.7500,13.9000,288512,4003088.0000,3
2022-04-19,20220419140000000,sh.603711,13.9000,13.9000,13.7400,13.8200,197400,2726610.0000,3
2022-04-19,20220419150000000,sh.603711,13.8200,13.9000,13.7800,13.8800,277200,3842893.0000,3
2022-04-20,20220420103000000,sh.603711,13.8300,14.0700,13.7600,14.0500,492618,6865797.0000,3
2022-04-20,20220420113000000,sh.603711,14.0500,14.1400,14.0000,14.1200,356700,5025126.0000,3
2022-04-20,20220420140000000,sh.603711,14.1200,14.1300,13.9500,14.0500,223100,3134850.0000,3
2022-04-20,20220420150000000,sh.603711,14.0500,14.1100,13.9000,14.0600,346000,4847963.0000,3
2022-04-21,20220421103000000,sh.603711,14.0500,14.0500,13.7700,13.8000,550018,7619920.0000,3
2022-04-21,20220421113000000,sh.603711,13.8100,13.9000,13.6800,13.7100,251045,3463425.0000,3
2022-04-21,20220421140000000,sh.603711,13.7000,13.8500,13.5800,13.6700,213300,2922679.0000,3
2022-04-21,20220421150000000,sh.603711,13.6700,13.6700,13.5000,13.5800,295100,4010686.0000,3
2022-04-22,20220422103000000,sh.603711,13.6200,13.6200,13.2400,13.3800,551300,7377283.0000,3
2022-04-22,20220422113000000,sh.603711,13.3800,13.4600,13.2700,13.3800,244004,3253594.0000,3
2022-04-22,20220422140000000,sh.603711,13.3800,13.6800,13.3300,13.6100,357816,4843034.0000,3
2022-04-22,20220422150000000,sh.603711,13.6100,13.6700,13.4600,13.5500,206900,2806450.0000,3
2022-04-25,20220425103000000,sh.603711,13.3900,13.4800,12.9800,13.0200,592126,7815528.0000,3
2022-04-25,20220425113000000,sh.603711,13.0200,13.1800,12.9200,13.0800,327000,4267876.0000,3
2022-04-25,20220425140000000,sh.603711,13.0800,13.1000,12.8000,12.8500,310700,4027468.0000,3
2022-04-25,20220425150000000,sh.603711,12.8500,12.9500,12.6500,12.6600,349414,4467178.0000,3
2022-04-26,20220426103000000,sh.603711,12.6900,13.2000,12.5800,13.2000,642900,8311598.0000,3
2022-04-26,20220426113000000,sh.603711,13.2000,13.3800,13.0400,13.2100,531514,7019312.0000,3
2022-04-26,20220426140000000,sh.603711,13.2300,13.2300,13.0200,13.0800,174200,2285017.0000,3
2022-04-26,20220426150000000,sh.603711,13.0800,13.0800,12.8000,12.8100,357800,4619542.0000,3
2022-04-27,20220427103000000,sh.603711,12.8000,12.8100,12.2600,12.2900,579900,7249951.0000,3
2022-04-27,20220427113000000,sh.603711,12.2900,12.6400,12.2600,12.4500,232030,2882628.0000,3
2022-04-27,20220427140000000,sh.603711,12.4500,12.9500,12.4300,12.9000,260704,3327025.0000,3
2022-04-27,20220427150000000,sh.603711,12.9000,13.0000,12.8300,12.9800,384100,4968763.0000,3
2022-04-28,20220428103000000,sh.603711,12.9800,13.1800,12.7000,12.9100,384330,4941303.0000,3
2022-04-28,20220428113000000,sh.603711,12.9100,12.9700,12.7000,12.7100,112000,1434451.0000,3
2022-04-28,20220428140000000,sh.603711,12.7100,12.7300,12.4300,12.5600,266400,3343322.0000,3
2022-04-28,20220428150000000,sh.603711,12.5600,12.6500,12.4800,12.6500,228934,2874156.0000,3
2022-04-29,20220429103000000,sh.603711,12.9100,12.9500,12.5600,12.7200,260300,3315627.0000,3
2022-04-29,20220429113000000,sh.603711,12.7800,12.7900,12.6200,12.6800,177100,2242841.0000,3
2022-04-29,20220429140000000,sh.603711,12.6800,12.8900,12.6800,12.8300,282900,3622663.0000,3
2022-04-29,20220429150000000,sh.603711,12.8100,12.8700,12.7100,12.7600,459700,5870730.0000,3
2022-05-05,20220505103000000,sh.603711,12.3600,12.5100,11.8300,12.0200,1479325,17835486.0000,3
2022-05-05,20220505113000000,sh.603711,12.0200,12.1500,12.0000,12.1400,275200,3321696.0000,3
2022-05-05,20220505140000000,sh.603711,12.1400,12.1900,12.0600,12.1200,283600,3437300.0000,3
2022-05-05,20220505150000000,sh.603711,12.1200,12.1600,11.9100,12.1500,1050988,12595368.0000,3
2022-05-06,20220506103000000,sh.603711,11.5400,11.9000,11.4100,11.5100,866036,9995198.0000,3
2022-05-06,20220506113000000,sh.603711,11.5100,11.5800,11.3600,11.3600,580630,6661605.0000,3
2022-05-06,20220506140000000,sh.603711,11.3600,11.3800,11.2600,11.2800,599189,6782038.0000,3
2022-05-06,20220506150000000,sh.603711,11.2800,11.2900,10.9900,11.0900,1577352,17480556.0000,3
2022-05-09,20220509103000000,sh.603711,11.0000,11.1900,10.9200,11.0900,780542,8655119.0000,3
2022-05-09,20220509113000000,sh.603711,11.0900,11.1500,11.0200,11.0800,304682,3379358.0000,3
2022-05-09,20220509140000000,sh.603711,11.0900,11.1000,10.9500,10.9800,482634,5311885.0000,3
2022-05-09,20220509150000000,sh.603711,10.9800,11.1700,10.9800,11.1700,326552,3625952.0000,3
2022-05-10,20220510103000000,sh.603711,11.0600,11.1700,10.8200,11.1600,698859,7674392.0000,3
2022-05-10,20220510113000000,sh.603711,11.1600,11.2500,11.1100,11.1300,257925,2882427.0000,3
2022-05-10,20220510140000000,sh.603711,11.1300,11.2500,11.1200,11.2100,307500,3443669.0000,3
2022-05-10,20220510150000000,sh.603711,11.2100,11.3300,11.2100,11.3200,440671,4971925.0000,3
2022-05-11,20220511103000000,sh.603711,11.3300,11.5000,11.2100,11.3100,718268,8161252.0000,3
2022-05-11,20220511113000000,sh.603711,11.3400,11.4800,11.3000,11.4800,368230,4196762.0000,3
2022-05-11,20220511140000000,sh.603711,11.4900,11.6400,11.4400,11.4700,603700,6976618.0000,3
2022-05-11,20220511150000000,sh.603711,11.4700,11.4700,11.3500,11.4100,350713,4002696.0000,3
2022-05-12,20220512103000000,sh.603711,11.3300,11.5000,11.2300,11.3700,466000,5308215.0000,3
2022-05-12,20220512113000000,sh.603711,11.3700,11.4100,11.3100,11.4000,290914,3300041.0000,3
2022-05-12,20220512140000000,sh.603711,11.4400,11.4400,11.1900,11.2200,444486,5022592.0000,3
2022-05-12,20220512150000000,sh.603711,11.2200,11.3000,11.1900,11.2800,399900,4498680.0000,3
2022-05-13,20220513103000000,sh.603711,11.3500,11.4000,11.1700,11.1900,653676,7370964.0000,3
2022-05-13,20220513113000000,sh.603711,11.1900,11.2200,11.1600,11.2200,268000,2996710.0000,3
2022-05-13,20220513140000000,sh.603711,11.2200,11.2200,11.1600,11.1900,145000,1622596.0000,3
2022-05-13,20220513150000000,sh.603711,11.1900,11.2100,11.1700,11.2000,372200,4163049.0000,3
2022-05-16,20220516103000000,sh.603711,11.2100,11.3200,11.2000,11.2300,448336,5038213.0000,3
2022-05-16,20220516113000000,sh.603711,11.2300,11.2500,11.1600,11.2000,166305,1863228.0000,3
2022-05-16,20220516140000000,sh.603711,11.1900,11.2200,11.1500,11.2100,150918,1688627.0000,3
2022-05-16,20220516150000000,sh.603711,11.2100,11.2800,11.1800,11.2500,303500,3408489.0000,3
2022-05-17,20220517103000000,sh.603711,11.2700,11.3000,11.0400,11.0400,459600,5115862.0000,3
2022-05-17,20220517113000000,sh.603711,11.0500,11.2300,11.0300,11.1800,212000,2363979.0000,3
2022-05-17,20220517140000000,sh.603711,11.1800,11.2000,11.1300,11.1300,98700,1101285.0000,3
2022-05-17,20220517150000000,sh.603711,11.1300,11.2500,11.0900,11.2200,397800,4445024.0000,3
2022-05-18,20220518103000000,sh.603711,11.2300,11.5400,11.2300,11.3400,1029900,11742827.0000,3
2022-05-18,20220518113000000,sh.603711,11.3300,11.3400,11.1900,11.2300,345200,3892831.0000,3
2022-05-18,20220518140000000,sh.603711,11.2500,11.7500,11.2400,11.4900,983200,11321113.0000,3
2022-05-18,20220518150000000,sh.603711,11.4900,11.5600,11.3900,11.5000,551000,6311413.0000,3
2022-05-19,20220519103000000,sh.603711,11.6100,11.7500,11.3700,11.5600,1960160,22638758.0000,3
2022-05-19,20220519113000000,sh.603711,11.5500,11.5600,11.5100,11.5300,218440,2519579.0000,3
2022-05-19,20220519140000000,sh.603711,11.5300,11.5300,11.4300,11.4500,324900,3731375.0000,3
2022-05-19,20220519150000000,sh.603711,11.4500,11.5300,11.4200,11.4500,425200,4874477.0000,3
2022-05-20,20220520103000000,sh.603711,11.3100,11.6100,11.3100,11.5700,1260600,14487968.0000,3
2022-05-20,20220520113000000,sh.603711,11.5700,11.7000,11.4500,11.4600,620690,7175405.0000,3
2022-05-20,20220520140000000,sh.603711,11.4600,11.5500,11.4600,11.5000,368707,4240707.0000,3
2022-05-20,20220520150000000,sh.603711,11.5000,11.5200,11.4700,11.5200,507935,5841689.0000,3
2022-05-23,20220523103000000,sh.603711,11.5200,11.6000,11.4400,11.4900,844041,9723725.0000,3
2022-05-23,20220523113000000,sh.603711,11.4900,11.7400,11.4700,11.6000,525249,6084621.0000,3
2022-05-23,20220523140000000,sh.603711,11.6100,11.7200,11.5800,11.6600,338900,3942768.0000,3
2022-05-23,20220523150000000,sh.603711,11.6600,11.8000,11.5800,11.7500,766207,8984466.0000,3
2022-05-24,20220524103000000,sh.603711,11.7800,11.7800,11.4500,11.5000,960800,11141230.0000,3
2022-05-24,20220524113000000,sh.603711,11.4800,11.5200,11.4000,11.4300,443028,5074978.0000,3
2022-05-24,20220524140000000,sh.603711,11.4200,11.4700,11.3100,11.3900,419900,4780919.0000,3
2022-05-24,20220524150000000,sh.603711,11.3900,11.4200,11.1300,11.1800,591907,6655444.0000,3
2022-05-25,20220525103000000,sh.603711,11.1800,11.4000,11.1300,11.2900,586873,6618685.0000,3
2022-05-25,20220525113000000,sh.603711,11.2800,11.3000,11.1800,11.2800,341500,3837944.0000,3
2022-05-25,20220525140000000,sh.603711,11.2900,11.5000,11.2800,11.4000,487700,5558076.0000,3
2022-05-25,20220525150000000,sh.603711,11.4000,11.4000,11.2800,11.3300,521047,5903528.0000,3
2022-05-26,20220526103000000,sh.603711,11.3900,11.3900,11.1200,11.2500,662500,7428483.0000,3
2022-05-26,20220526113000000,sh.603711,11.2500,11.3900,11.2200,11.3500,289600,3265724.0000,3
2022-05-26,20220526140000000,sh.603711,11.3500,11.4500,11.3100,11.4000,335200,3812597.0000,3
2022-05-26,20220526150000000,sh.603711,11.4000,11.4600,11.3600,11.4100,375549,4285320.0000,3
2022-05-27,20220527103000000,sh.603711,11.4000,11.4900,11.3100,11.3700,406800,4632520.0000,3
2022-05-27,20220527113000000,sh.603711,11.3700,11.3800,11.2800,11.3700,186400,2111081.0000,3
2022-05-27,20220527140000000,sh.603711,11.3700,11.4000,11.2500,11.2700,257700,2911340.0000,3
2022-05-27,20220527150000000,sh.603711,11.2700,11.2700,11.1900,11.2600,316400,3553998.0000,3
2022-05-30,20220530103000000,sh.603711,11.3500,11.5200,11.2900,11.5000,834600,9522817.0000,3
2022-05-30,20220530113000000,sh.603711,11.4800,11.5000,11.3700,11.3900,271300,3108199.0000,3
2022-05-30,20220530140000000,sh.603711,11.3800,11.4500,11.3300,11.3400,249276,2833921.0000,3
2022-05-30,20220530150000000,sh.603711,11.4000,11.4000,11.3100,11.3600,356328,4048251.0000,3
2022-05-31,20220531103000000,sh.603711,11.3500,11.5500,11.2500,11.5000,616766,7057945.0000,3
2022-05-31,20220531113000000,sh.603711,11.5000,11.5800,11.4800,11.5100,387800,4470308.0000,3
2022-05-31,20220531140000000,sh.603711,11.5100,11.5800,11.5000,11.5400,177328,2045856.0000,3
2022-05-31,20220531150000000,sh.603711,11.5400,11.6800,11.5100,11.5900,659800,7661400.0000,3
2022-06-01,20220601103000000,sh.603711,11.5900,11.7800,11.5400,11.6500,633000,7407688.0000,3
2022-06-01,20220601113000000,sh.603711,11.6500,11.7000,11.6000,11.6900,330200,3850488.0000,3
2022-06-01,20220601140000000,sh.603711,11.6900,11.8400,11.6100,11.7100,425600,4992220.0000,3
2022-06-01,20220601150000000,sh.603711,11.7000,11.8000,11.6500,11.7200,374600,4392167.0000,3
2022-06-02,20220602103000000,sh.603711,11.7000,11.9200,11.6000,11.6900,615700,7222519.0000,3
2022-06-02,20220602113000000,sh.603711,11.6900,11.8000,11.6600,11.8000,164119,1927137.0000,3
2022-06-02,20220602140000000,sh.603711,11.7800,11.8000,11.7100,11.7800,230456,2710150.0000,3
2022-06-02,20220602150000000,sh.603711,11.7900,11.8500,11.7700,11.8000,561864,6635096.0000,3
2022-06-06,20220606103000000,sh.603711,11.7500,11.8900,11.7000,11.7900,420880,4960172.0000,3
2022-06-06,20220606113000000,sh.603711,11.7900,11.9000,11.7800,11.8800,286028,3381718.0000,3
2022-06-06,20220606140000000,sh.603711,11.8800,11.8900,11.8000,11.8600,175506,2079745.0000,3
2022-06-06,20220606150000000,sh.603711,11.8600,11.8600,11.8200,11.8300,459207,5435809.0000,3
2022-06-07,20220607103000000,sh.603711,11.9800,12.1100,11.7500,11.8100,828578,9892451.0000,3
2022-06-07,20220607113000000,sh.603711,11.8100,11.8900,11.8000,11.8800,128200,1519477.0000,3
2022-06-07,20220607140000000,sh.603711,11.8800,11.8800,11.7300,11.7800,205100,2421542.0000,3
2022-06-07,20220607150000000,sh.603711,11.7800,11.8500,11.7800,11.8100,265500,3135275.0000,3
2022-06-08,20220608103000000,sh.603711,11.8500,11.8700,11.6800,11.8500,446100,5255749.0000,3
2022-06-08,20220608113000000,sh.603711,11.8500,11.8500,11.5900,11.6000,232000,2717000.0000,3
2022-06-08,20220608140000000,sh.603711,11.6000,11.7000,11.6000,11.6800,122072,1421881.0000,3
2022-06-08,20220608150000000,sh.603711,11.6800,11.7700,11.6500,11.7500,370500,4337908.0000,3
2022-06-09,20220609103000000,sh.603711,11.8000,11.8000,11.5100,11.5300,446200,5186450.0000,3
2022-06-09,20220609113000000,sh.603711,11.5300,11.5900,11.4900,11.5000,209100,2411964.0000,3
2022-06-09,20220609140000000,sh.603711,11.5000,11.5800,11.4000,11.4300,229300,2631274.0000,3
2022-06-09,20220609150000000,sh.603711,11.4400,11.5300,11.4200,11.4700,231000,2654449.0000,3
2022-06-10,20220610103000000,sh.603711,11.4000,11.5900,11.3100,11.5000,263625,3028288.0000,3
2022-06-10,20220610113000000,sh.603711,11.5000,11.5200,11.4300,11.4500,163500,1877078.0000,3
2022-06-10,20220610140000000,sh.603711,11.4500,11.5200,11.4400,11.4800,168000,1926728.0000,3
2022-06-10,20220610150000000,sh.603711,11.4800,11.5200,11.4700,11.4900,414306,4762275.0000,3
2022-06-13,20220613103000000,sh.603711,11.4200,11.4700,11.3700,11.4300,353030,4030907.0000,3
2022-06-13,20220613113000000,sh.603711,11.4300,11.4300,11.3000,11.3300,269100,3054314.0000,3
2022-06-13,20220613140000000,sh.603711,11.3700,11.4400,11.3300,11.3300,217159,2470314.0000,3
2022-06-13,20220613150000000,sh.603711,11.3300,11.4300,11.3300,11.4200,307664,3501596.0000,3
2022-06-14,20220614103000000,sh.603711,11.3800,11.4100,11.2100,11.2500,440752,4980116.0000,3
2022-06-14,20220614113000000,sh.603711,11.2500,11.3200,11.0300,11.0600,608800,6784336.0000,3
2022-06-14,20220614140000000,sh.603711,11.1200,11.2000,11.0800,11.1900,229500,2557912.0000,3
2022-06-14,20220614150000000,sh.603711,11.2000,11.3300,11.1800,11.3200,380051,4285393.0000,3
2022-06-15,20220615103000000,sh.603711,11.3300,11.5000,11.3000,11.4000,507796,5792501.0000,3
2022-06-15,20220615113000000,sh.603711,11.4000,11.4600,11.3800,11.4200,161605,1844738.0000,3
2022-06-15,20220615140000000,sh.603711,11.4200,11.6100,11.4200,11.5800,846151,9771957.0000,3
2022-06-15,20220615150000000,sh.603711,11.5700,11.5800,11.4800,11.5100,386500,4450509.0000,3
2022-06-16,20220616103000000,sh.603711,11.5000,11.6200,11.4500,11.4800,474600,5461083.0000,3
2022-06-16,20220616113000000,sh.603711,11.4800,11.5800,11.4700,11.5300,283900,3279675.0000,3
2022-06-16,20220616140000000,sh.603711,11.5300,11.6000,11.4700,11.4900,208451,2403874.0000,3
2022-06-16,20220616150000000,sh.603711,11.4900,11.5100,11.4400,11.5100,627400,7194570.0000,3
2022-06-17,20220617103000000,sh.603711,11.4500,11.5600,11.4000,11.4700,395500,4541530.0000,3
2022-06-17,20220617113000000,sh.603711,11.4700,11.4900,11.3000,11.3800,283405,3225584.0000,3
2022-06-17,20220617140000000,sh.603711,11.3800,11.4500,11.3700,11.4000,328000,3736848.0000,3
2022-06-17,20220617150000000,sh.603711,11.4000,11.4800,11.3800,11.4500,238183,2724881.0000,3
2022-06-20,20220620103000000,sh.603711,11.5000,11.6000,11.4700,11.5400,627900,7250162.0000,3
2022-06-20,20220620113000000,sh.603711,11.5400,11.6200,11.5400,11.5800,299856,3473308.0000,3
2022-06-20,20220620140000000,sh.603711,11.5800,11.6700,11.5600,11.6400,290200,3372112.0000,3
2022-06-20,20220620150000000,sh.603711,11.6400,11.6600,11.6200,11.6400,343283,3996143.0000,3
2022-06-21,20220621103000000,sh.603711,11.6400,11.8500,11.6000,11.7500,632300,7442063.0000,3
2022-06-21,20220621113000000,sh.603711,11.7500,11.8200,11.6800,11.7700,207700,2438960.0000,3
2022-06-21,20220621140000000,sh.603711,11.7800,11.8500,11.7100,11.7400,419700,4948413.0000,3
2022-06-21,20220621150000000,sh.603711,11.7400,11.7500,11.6300,11.7100,409900,4794027.0000,3
2022-06-22,20220622103000000,sh.603711,11.7200,11.8100,11.5700,11.6000,504051,5875296.0000,3
2022-06-22,20220622113000000,sh.603711,11.6000,11.6400,11.5500,11.5700,194700,2254833.0000,3
2022-06-22,20220622140000000,sh.603711,11.5800,11.6800,11.5800,11.6500,150300,1748808.0000,3
2022-06-22,20220622150000000,sh.603711,11.6400,11.6400,11.5000,11.5300,303700,3508599.0000,3
2022-06-23,20220623103000000,sh.603711,11.5000,11.5800,11.4200,11.4300,299400,3442664.0000,3
2022-06-23,20220623113000000,sh.603711,11.4400,11.5500,11.4300,11.5000,127600,1465431.0000,3
2022-06-23,20220623140000000,sh.603711,11.5000,11.5800,11.4800,11.5400,210395,2424680.0000,3
2022-06-23,20220623150000000,sh.603711,11.5400,11.5900,11.5200,11.5400,330200,3814462.0000,3
2022-06-24,20220624103000000,sh.603711,11.5600,12.2500,11.5400,12.0800,1814369,21681934.0000,3
2022-06-24,20220624113000000,sh.603711,12.0800,12.0900,11.9600,11.9700,394000,4736510.0000,3
2022-06-24,20220624140000000,sh.603711,11.9600,12.0700,11.8500,12.0500,407200,4868181.0000,3
2022-06-24,20220624150000000,sh.603711,12.0600,12.0800,12.0000,12.0200,527716,6350027.0000,3
2022-06-27,20220627103000000,sh.603711,11.9600,12.1800,11.9000,12.1700,1100600,13283875.0000,3
2022-06-27,20220627113000000,sh.603711,12.1800,12.3200,12.1800,12.1900,575408,7057855.0000,3
2022-06-27,20220627140000000,sh.603711,12.1800,12.2200,12.0900,12.1600,303400,3684865.0000,3
2022-06-27,20220627150000000,sh.603711,12.1600,12.2300,12.1400,12.1900,316406,3855725.0000,3
2022-06-28,20220628103000000,sh.603711,12.1400,12.2000,12.0300,12.0400,564800,6835880.0000,3
2022-06-28,20220628113000000,sh.603711,12.0400,12.0800,12.0300,12.0400,207400,2500620.0000,3
2022-06-28,20220628140000000,sh.603711,12.0400,12.1600,12.0000,12.0800,348526,4212425.0000,3
2022-06-28,20220628150000000,sh.603711,12.0900,12.1600,12.0000,12.1600,416968,5046910.0000,3
2022-06-29,20220629103000000,sh.603711,12.1600,12.1700,11.9200,12.0100,685100,8265301.0000,3
2022-06-29,20220629113000000,sh.603711,12.0100,12.0900,12.0000,12.0400,219249,2637965.0000,3
2022-06-29,20220629140000000,sh.603711,12.0300,12.0800,12.0000,12.0600,259600,3124226.0000,3
2022-06-29,20220629150000000,sh.603711,12.0600,12.0800,11.9800,11.9800,465781,5597956.0000,3
2022-06-30,20220630103000000,sh.603711,11.8100,12.0800,11.8100,12.0400,775100,9262887.0000,3
2022-06-30,20220630113000000,sh.603711,12.0300,12.2700,12.0100,12.2200,820549,9987204.0000,3
2022-06-30,20220630140000000,sh.603711,12.2200,12.3400,12.1300,12.1600,601900,7353928.0000,3
2022-06-30,20220630150000000,sh.603711,12.1600,12.2300,12.1000,12.1300,407700,4957082.0000,3
2022-07-01,20220701103000000,sh.603711,12.1900,13.3400,12.1900,13.3400,3277600,42667468.0000,3
2022-07-01,20220701113000000,sh.603711,13.3400,13.3400,13.3400,13.3400,106100,1415374.0000,3
2022-07-01,20220701140000000,sh.603711,13.3400,13.3400,13.3400,13.3400,133100,1775554.0000,3
2022-07-01,20220701150000000,sh.603711,13.3400,13.3400,13.3400,13.3400,264904,3533819.0000,3
2022-07-04,20220704103000000,sh.603711,14.4500,14.4500,13.2000,13.4300,5278922,72282024.0000,3
2022-07-04,20220704113000000,sh.603711,13.4300,13.5500,13.2500,13.4300,818356,10955148.0000,3
2022-07-04,20220704140000000,sh.603711,13.4300,13.4300,13.1000,13.1400,864600,11417237.0000,3
2022-07-04,20220704150000000,sh.603711,13.1400,14.1800,13.1400,13.4700,1461470,19990847.0000,3
2022-07-05,20220705103000000,sh.603711,13.4700,13.6300,12.9600,13.0200,2340885,30724205.0000,3
2022-07-05,20220705113000000,sh.603711,13.0200,13.0300,12.8200,12.9000,751100,9710295.0000,3
2022-07-05,20220705140000000,sh.603711,12.9000,12.9200,12.7000,12.7500,635100,8135994.0000,3
2022-07-05,20220705150000000,sh.603711,12.7600,12.9500,12.7400,12.9500,687900,8853336.0000,3
2022-07-06,20220706103000000,sh.603711,12.9200,13.1400,12.7200,12.7600,1086000,13976489.0000,3
2022-07-06,20220706113000000,sh.603711,12.7500,12.8500,12.7300,12.7700,296800,3790688.0000,3
2022-07-06,20220706140000000,sh.603711,12.7600,12.8600,12.6600,12.7000,483300,6153809.0000,3
2022-07-06,20220706150000000,sh.603711,12.6900,12.7900,12.6400,12.7400,744128,9458479.0000,3
2022-07-07,20220707103000000,sh.603711,12.7400,12.9500,12.6000,12.7900,671300,8571152.0000,3
2022-07-07,20220707113000000,sh.603711,12.7900,12.8500,12.7700,12.8300,281600,3609938.0000,3
2022-07-07,20220707140000000,sh.603711,12.8300,12.8900,12.7900,12.8200,336900,4322599.0000,3
2022-07-07,20220707150000000,sh.603711,12.8200,12.9000,12.7700,12.7800,671206,8610971.0000,3
2022-07-08,20220708103000000,sh.603711,12.8900,12.9000,12.5300,12.6300,663100,8392904.0000,3
2022-07-08,20220708113000000,sh.603711,12.6300,12.6800,12.5400,12.6600,291400,3672475.0000,3
2022-07-08,20220708140000000,sh.603711,12.6700,12.7100,12.5000,12.5500,423800,5327716.0000,3
2022-07-08,20220708150000000,sh.603711,12.5400,12.5900,12.4500,12.4700,619200,7743189.0000,3
2022-07-11,20220711103000000,sh.603711,12.3500,12.4700,12.2000,12.3600,677700,8357857.0000,3
2022-07-11,20220711113000000,sh.603711,12.3600,12.3600,12.2800,12.2900,152300,1875671.0000,3
2022-07-11,20220711140000000,sh.603711,12.2900,12.3500,12.2700,12.3400,133650,1646295.0000,3
2022-07-11,20220711150000000,sh.603711,12.3300,12.6000,12.3100,12.6000,716500,8955957.0000,3
