date,time,code,open,high,low,close,volume,amount,adjustflag
2022-01-04,20220104103000000,sh.603003,7.1200,7.3500,7.1200,7.3200,3132000,22668872.0000,3
2022-01-04,20220104113000000,sh.603003,7.3200,7.3600,7.3100,7.3300,858700,6295471.0000,3
2022-01-04,20220104140000000,sh.603003,7.3300,7.3500,7.3000,7.3400,544600,3988585.0000,3
2022-01-04,20220104150000000,sh.603003,7.3400,7.3400,7.3200,7.3300,658400,4827052.0000,3
2022-01-05,20220105103000000,sh.603003,7.3400,7.3900,7.2500,7.2600,1965600,14402368.0000,3
2022-01-05,20220105113000000,sh.603003,7.2600,7.3000,7.2500,7.2800,650300,4732448.0000,3
2022-01-05,20220105140000000,sh.603003,7.2800,7.2800,7.2200,7.2700,720709,5222477.0000,3
2022-01-05,20220105150000000,sh.603003,7.2700,7.2800,7.2500,7.2800,505850,3676106.0000,3
2022-01-06,20220106103000000,sh.603003,7.3000,7.3300,7.2500,7.3000,1178900,8598792.0000,3
2022-01-06,20220106113000000,sh.603003,7.3000,7.3500,7.2900,7.3500,602700,4413558.0000,3
2022-01-06,20220106140000000,sh.603003,7.3400,7.3900,7.3200,7.3800,976100,7183102.0000,3
2022-01-06,20220106150000000,sh.603003,7.3800,7.3800,7.3500,7.3500,935400,6890035.0000,3
2022-01-07,20220107103000000,sh.603003,7.3500,7.4100,7.3300,7.3600,855300,6294450.0000,3
2022-01-07,20220107113000000,sh.603003,7.3600,7.5100,7.2800,7.5000,1934550,14318630.0000,3
2022-01-07,20220107140000000,sh.603003,7.5000,7.5200,7.3200,7.3300,1946400,14428972.0000,3
2022-01-07,20220107150000000,sh.603003,7.3300,7.3400,7.2500,7.2500,1336600,9729215.0000,3
2022-01-10,20220110103000000,sh.603003,7.2500,7.3100,7.0900,7.2600,3367718,24257800.0000,3
2022-01-10,20220110113000000,sh.603003,7.2600,7.2800,7.2000,7.2000,744600,5378704.0000,3
2022-01-10,20220110140000000,sh.603003,7.2000,7.2400,7.1900,7.2400,539500,3893391.0000,3
2022-01-10,20220110150000000,sh.603003,7.2400,7.2500,7.2100,7.2400,676800,4895645.0000,3
2022-01-11,20220111103000000,sh.603003,7.2700,7.9600,7.2400,7.5500,12742600,96972950.0000,3
2022-01-11,20220111113000000,sh.603003,7.5500,7.5800,7.4900,7.5400,1920600,14458656.0000,3
2022-01-11,20220111140000000,sh.603003,7.5300,7.5400,7.4500,7.4700,1525600,11421044.0000,3
2022-01-11,20220111150000000,sh.603003,7.4700,7.5000,7.4100,7.4700,2123100,15865662.0000,3
2022-01-12,20220112103000000,sh.603003,7.5400,7.8800,7.5100,7.6300,7845271,59851423.0000,3
2022-01-12,20220112113000000,sh.603003,7.6300,7.6800,7.6100,7.6300,893400,6830702.0000,3
2022-01-12,20220112140000000,sh.603003,7.6300,7.6300,7.5500,7.6200,1195400,9081082.0000,3
2022-01-12,20220112150000000,sh.603003,7.6200,7.6500,7.5800,7.6300,1720900,13078463.0000,3
2022-01-13,20220113103000000,sh.603003,7.5300,7.7800,7.5100,7.7200,4420200,33941842.0000,3
2022-01-13,20220113113000000,sh.603003,7.7200,7.7400,7.6700,7.7100,1515300,11674260.0000,3
2022-01-13,20220113140000000,sh.603003,7.7100,7.8500,7.6900,7.7600,2510700,19495892.0000,3
2022-01-13,20220113150000000,sh.603003,7.7500,7.7600,7.7100,7.7200,2502200,19351717.0000,3
2022-01-14,20220114103000000,sh.603003,7.7600,7.7600,7.5800,7.6000,2494700,19148470.0000,3
2022-01-14,20220114113000000,sh.603003,7.5900,7.6100,7.5600,7.5700,1650600,12509227.0000,3
2022-01-14,20220114140000000,sh.603003,7.5800,7.8700,7.5500,7.7200,5569484,42925026.0000,3
2022-01-14,20220114150000000,sh.603003,7.7200,7.8700,7.7200,7.8200,4315611,33697740.0000,3
2022-01-17,20220117103000000,sh.603003,8.0700,8.6000,8.0600,8.1300,14158515,118257979.0000,3
2022-01-17,20220117113000000,sh.603003,8.1300,8.2200,8.1200,8.1400,1094000,8938296.0000,3
2022-01-17,20220117140000000,sh.603003,8.1600,8.2400,8.1500,8.1700,1487600,12181093.0000,3
2022-01-17,20220117150000000,sh.603003,8.1800,8.2400,8.1000,8.1900,2765500,22621928.0000,3
2022-01-18,20220118103000000,sh.603003,8.2200,8.4600,8.0100,8.0300,6362401,51960125.0000,3
2022-01-18,20220118113000000,sh.603003,8.0300,8.1100,7.9300,7.9600,2012500,16091766.0000,3
2022-01-18,20220118140000000,sh.603003,7.9700,7.9800,7.8800,7.9100,1646600,13042880.0000,3
2022-01-18,20220118150000000,sh.603003,7.9000,7.9100,7.8200,7.8700,3713900,29222038.0000,3
2022-01-19,20220119103000000,sh.603003,7.7200,8.0800,7.6600,8.0200,5670304,44838668.0000,3
2022-01-19,20220119113000000,sh.603003,8.0200,8.2600,7.9600,8.2600,3316200,26932482.0000,3
2022-01-19,20220119140000000,sh.603003,8.3200,8.6000,8.3200,8.4600,7514700,63475020.0000,3
2022-01-19,20220119150000000,sh.603003,8.4500,8.4700,8.4000,8.4500,3318516,27996414.0000,3
2022-01-20,20220120103000000,sh.603003,8.4000,8.4000,8.1500,8.1700,5674600,46952546.0000,3
2022-01-20,20220120113000000,sh.603003,8.1700,8.2100,8.1000,8.1300,2399400,19559202.0000,3
2022-01-20,20220120140000000,sh.603003,8.1400,8.1500,8.0200,8.0500,1794900,14538071.0000,3
2022-01-20,20220120150000000,sh.603003,8.0500,8.0500,7.9700,8.0000,3015100,24155293.0000,3
2022-01-21,20220121103000000,sh.603003,7.9200,8.1400,7.9200,7.9500,3555000,28544103.0000,3
2022-01-21,20220121113000000,sh.603003,7.9300,8.0300,7.9000,8.0000,1084101,8627663.0000,3
2022-01-21,20220121140000000,sh.603003,7.9900,8.0600,7.9300,8.0300,1099400,8787136.0000,3
2022-01-21,20220121150000000,sh.603003,8.0300,8.0400,7.9800,8.0200,1296200,10383889.0000,3
2022-01-24,20220124103000000,sh.603003,7.9300,8.0400,7.8200,7.9400,2118500,16843120.0000,3
2022-01-24,20220124113000000,sh.603003,7.9400,8.0100,7.9100,7.9300,723500,5744433.0000,3
2022-01-24,20220124140000000,sh.603003,7.9300,7.9500,7.8800,7.8900,967000,7649346.0000,3
2022-01-24,20220124150000000,sh.603003,7.8900,7.8900,7.8100,7.8200,1668700,13092211.0000,3
2022-01-25,20220125103000000,sh.603003,7.7700,7.8600,7.4700,7.4800,3976900,30421217.0000,3
2022-01-25,20220125113000000,sh.603003,7.4700,7.6100,7.4300,7.5900,963000,7262996.0000,3
2022-01-25,20220125140000000,sh.603003,7.5900,7.6200,7.5100,7.5700,807800,6114086.0000,3
2022-01-25,20220125150000000,sh.603003,7.5700,7.5800,7.3800,7.4300,1503200,11215978.0000,3
2022-01-26,20220126103000000,sh.603003,7.4800,7.6200,7.3800,7.4500,2052900,15388513.0000,3
2022-01-26,20220126113000000,sh.603003,7.4500,7.5400,7.4400,7.4500,623200,4666228.0000,3
2022-01-26,20220126140000000,sh.603003,7.4500,7.4600,7.3800,7.4400,582600,4324837.0000,3
2022-01-26,20220126150000000,sh.603003,7.4400,7.5200,7.4300,7.4700,801900,6000133.0000,3
2022-01-27,20220127103000000,sh.603003,7.4500,7.5100,7.2300,7.2600,2471200,18180707.0000,3
2022-01-27,20220127113000000,sh.603003,7.2500,7.4000,7.2300,7.3000,519300,3797944.0000,3
2022-01-27,20220127140000000,sh.603003,7.3000,7.3300,7.2600,7.3100,654812,4774172.0000,3
2022-01-27,20220127150000000,sh.603003,7.3100,7.3200,7.1700,7.2100,1019200,7391957.0000,3
2022-01-28,20220128103000000,sh.603003,7.2500,7.3800,7.2400,7.3400,1077288,7864339.0000,3
2022-01-28,20220128113000000,sh.603003,7.3400,7.5100,7.3300,7.4800,1045201,7755942.0000,3
2022-01-28,20220128140000000,sh.603003,7.4800,7.5700,7.4500,7.5700,1070500,8036260.0000,3
2022-01-28,20220128150000000,sh.603003,7.5700,7.5900,7.4800,7.5000,1679859,12631516.0000,3
2022-02-07,20220207103000000,sh.603003,7.3300,7.3900,7.1100,7.3900,6243488,45333967.0000,3
2022-02-07,20220207113000000,sh.603003,7.3900,7.4700,7.3400,7.3400,941000,6976019.0000,3
2022-02-07,20220207140000000,sh.603003,7.3600,7.3900,7.3300,7.3900,655216,4819983.0000,3
2022-02-07,20220207150000000,sh.603003,7.3900,7.4100,7.3400,7.3900,1544584,11399848.0000,3
2022-02-08,20220208103000000,sh.603003,7.4000,7.7400,7.3500,7.6800,5000588,37799236.0000,3
2022-02-08,20220208113000000,sh.603003,7.6800,7.7400,7.6100,7.6200,1294900,9938475.0000,3
2022-02-08,20220208140000000,sh.603003,7.6200,7.7000,7.5700,7.6700,1290900,9878780.0000,3
2022-02-08,20220208150000000,sh.603003,7.6700,7.7200,7.6700,7.7000,1338700,10314572.0000,3
2022-02-09,20220209103000000,sh.603003,7.6800,7.7200,7.5700,7.6500,1946400,14902547.0000,3
2022-02-09,20220209113000000,sh.603003,7.6500,7.6500,7.5600,7.6400,1223800,9304636.0000,3
2022-02-09,20220209140000000,sh.603003,7.6500,7.6800,7.5800,7.6600,1325700,10116447.0000,3
2022-02-09,20220209150000000,sh.603003,7.6600,7.6900,7.6500,7.6800,1278908,9812261.0000,3
2022-02-10,20220210103000000,sh.603003,7.6700,7.6800,7.5600,7.5900,1351700,10290428.0000,3
2022-02-10,20220210113000000,sh.603003,7.5900,7.6800,7.5700,7.6300,990900,7557747.0000,3
2022-02-10,20220210140000000,sh.603003,7.6300,7.6300,7.5300,7.6000,619600,4690294.0000,3
2022-02-10,20220210150000000,sh.603003,7.6000,7.6200,7.5400,7.5900,786600,5967394.0000,3
2022-02-11,20220211103000000,sh.603003,7.5800,7.6200,7.3800,7.4000,2086800,15582872.0000,3
2022-02-11,20220211113000000,sh.603003,7.3900,7.4700,7.3800,7.4700,614700,4569696.0000,3
2022-02-11,20220211140000000,sh.603003,7.4800,7.4900,7.4100,7.4100,569100,4238900.0000,3
2022-02-11,20220211150000000,sh.603003,7.4100,7.4500,7.3900,7.4200,967200,7173603.0000,3
2022-02-14,20220214103000000,sh.603003,7.4200,7.5700,7.4000,7.5100,1900901,14241228.0000,3
2022-02-14,20220214113000000,sh.603003,7.5100,7.5400,7.4500,7.4800,486600,3650318.0000,3
2022-02-14,20220214140000000,sh.603003,7.4800,7.4900,7.4200,7.4500,394000,2934853.0000,3
2022-02-14,20220214150000000,sh.603003,7.4500,7.4600,7.4000,7.4400,775700,5765834.0000,3
2022-02-15,20220215103000000,sh.603003,7.4400,7.4600,7.3300,7.3800,1224401,9051079.0000,3
2022-02-15,20220215113000000,sh.603003,7.3800,7.4000,7.3100,7.3200,909900,6678598.0000,3
2022-02-15,20220215140000000,sh.603003,7.3300,7.3300,7.2500,7.2700,823600,6000672.0000,3
2022-02-15,20220215150000000,sh.603003,7.2700,7.3100,7.2300,7.2800,890700,6474674.0000,3
2022-02-16,20220216103000000,sh.603003,7.2900,7.3700,7.2900,7.3300,1072800,7868813.0000,3
2022-02-16,20220216113000000,sh.603003,7.3300,7.3400,7.2900,7.3300,529600,3873630.0000,3
2022-02-16,20220216140000000,sh.603003,7.3300,7.3400,7.2700,7.2900,623300,4547411.0000,3
2022-02-16,20220216150000000,sh.603003,7.2900,7.3100,7.2400,7.3100,1092500,7946734.0000,3
2022-02-17,20220217103000000,sh.603003,7.2900,7.3300,7.2000,7.2200,1346500,9756387.0000,3
2022-02-17,20220217113000000,sh.603003,7.2200,7.2400,7.1700,7.2000,1005900,7246267.0000,3
2022-02-17,20220217140000000,sh.603003,7.2000,7.2000,7.1300,7.1600,972700,6964417.0000,3
2022-02-17,20220217150000000,sh.603003,7.1600,7.1600,7.1100,7.1300,1176800,8393120.0000,3
2022-02-18,20220218103000000,sh.603003,7.2900,7.7400,7.1700,7.6200,6934101,51358395.0000,3
2022-02-18,20220218113000000,sh.603003,7.6400,7.6400,7.4500,7.4800,1556100,11725823.0000,3
2022-02-18,20220218140000000,sh.603003,7.4700,7.6000,7.4600,7.5400,1103300,8326724.0000,3
2022-02-18,20220218150000000,sh.603003,7.5400,7.6300,7.5400,7.6200,2444000,18576850.0000,3
2022-02-21,20220221103000000,sh.603003,7.9000,8.3800,7.8000,8.3800,23410767,192817073.0000,3
2022-02-21,20220221113000000,sh.603003,8.3800,8.3800,8.3800,8.3800,533700,4472406.0000,3
2022-02-21,20220221140000000,sh.603003,8.3800,8.3800,8.3800,8.3800,256100,2146118.0000,3
2022-02-21,20220221150000000,sh.603003,8.3800,8.3800,8.3800,8.3800,302900,2538302.0000,3
2022-02-22,20220222103000000,sh.603003,8.5800,8.9400,8.2100,8.3800,19612100,166188548.0000,3
2022-02-22,20220222113000000,sh.603003,8.3800,8.7000,8.3700,8.3700,8518400,72631573.0000,3
2022-02-22,20220222140000000,sh.603003,8.3800,8.8200,8.3600,8.5500,5952676,51029335.0000,3
2022-02-22,20220222150000000,sh.603003,8.5500,8.6100,8.2900,8.4400,5935601,50075440.0000,3
2022-02-23,20220223103000000,sh.603003,8.3100,8.4400,8.1300,8.2900,12324949,101863622.0000,3
2022-02-23,20220223113000000,sh.603003,8.2900,8.3400,8.2100,8.3100,2939600,24365232.0000,3
2022-02-23,20220223140000000,sh.603003,8.3200,8.3200,8.2100,8.2500,2412400,19919367.0000,3
2022-02-23,20220223150000000,sh.603003,8.2500,8.2900,8.2200,8.2700,4206400,34672321.0000,3
2022-02-24,20220224103000000,sh.603003,8.2400,8.5900,8.1500,8.2700,11451700,96422872.0000,3
2022-02-24,20220224113000000,sh.603003,8.2800,8.6800,8.2300,8.6400,6356310,53716542.0000,3
2022-02-24,20220224140000000,sh.603003,8.6500,8.8800,8.3100,8.3600,8973200,76785104.0000,3
2022-02-24,20220224150000000,sh.603003,8.3600,8.4100,8.1200,8.3200,4845500,40222144.0000,3
2022-02-25,20220225103000000,sh.603003,8.1500,8.2800,8.0000,8.2400,9629400,78586545.0000,3
2022-02-25,20220225113000000,sh.603003,8.2400,8.3100,8.1800,8.2700,2430110,20019597.0000,3
2022-02-25,20220225140000000,sh.603003,8.2800,9.1500,8.2700,9.1500,10182934,90932741.0000,3
2022-02-25,20220225150000000,sh.603003,9.1500,9.1500,9.1500,9.1500,1768318,16180110.0000,3
2022-02-28,20220228103000000,sh.603003,9.2000,9.9300,8.8200,8.9100,34631322,320910592.0000,3
2022-02-28,20220228113000000,sh.603003,8.9000,9.1300,8.7000,8.7000,4634000,41101280.0000,3
2022-02-28,20220228140000000,sh.603003,8.7000,8.9900,8.6600,8.9000,2945101,25789296.0000,3
2022-02-28,20220228150000000,sh.603003,8.9000,8.9000,8.6000,8.7500,4838400,42154144.0000,3
2022-03-01,20220301103000000,sh.603003,8.3800,8.5700,8.2500,8.4500,14941800,125635556.0000,3
2022-03-01,20220301113000000,sh.603003,8.4500,8.5500,8.4200,8.4900,2774000,23480185.0000,3
2022-03-01,20220301140000000,sh.603003,8.4900,8.5300,8.3200,8.3300,3026100,25451300.0000,3
2022-03-01,20220301150000000,sh.603003,8.3300,8.4800,8.3200,8.4600,4635301,39010949.0000,3
2022-03-02,20220302103000000,sh.603003,8.7000,8.9500,8.5100,8.5900,13616300,118027331.0000,3
2022-03-02,20220302113000000,sh.603003,8.5900,8.8200,8.5500,8.7400,6381900,55662618.0000,3
2022-03-02,20220302140000000,sh.603003,8.7400,8.7600,8.5600,8.6200,2816200,24361436.0000,3
2022-03-02,20220302150000000,sh.603003,8.6200,8.7600,8.6200,8.6900,4525400,39398956.0000,3
2022-03-03,20220303103000000,sh.603003,8.7900,9.5600,8.7000,9.5600,34432702,321913504.0000,3
2022-03-03,20220303113000000,sh.603003,9.5600,9.5600,9.5600,9.5600,549200,5250352.0000,3
2022-03-03,20220303140000000,sh.603003,9.5600,9.5600,9.5600,9.5600,543400,5194912.0000,3
2022-03-03,20220303150000000,sh.603003,9.5600,9.5600,9.5600,9.5600,388500,3714048.0000,3
2022-03-04,20220304103000000,sh.603003,9.5600,9.6000,8.7500,8.9200,23569302,214506612.0000,3
2022-03-04,20220304113000000,sh.603003,8.9200,9.0000,8.7800,8.7800,4448998,39611912.0000,3
2022-03-04,20220304140000000,sh.603003,8.7800,8.8200,8.6000,8.6000,9781800,84355620.0000,3
2022-03-04,20220304150000000,sh.603003,8.6000,8.6000,8.6000,8.6000,787600,6773360.0000,3
2022-03-07,20220307103000000,sh.603003,8.5900,8.7800,8.4700,8.5800,12891350,111359405.0000,3
2022-03-07,20220307113000000,sh.603003,8.5800,8.8100,8.5500,8.6200,4113313,35719214.0000,3
2022-03-07,20220307140000000,sh.603003,8.6600,8.7000,8.3900,8.4200,4215948,36028090.0000,3
2022-03-07,20220307150000000,sh.603003,8.4200,8.4800,8.2600,8.3700,4757799,39663765.0000,3
2022-03-08,20220308103000000,sh.603003,8.3700,8.5200,8.1300,8.3800,9250900,77094942.0000,3
2022-03-08,20220308113000000,sh.603003,8.3800,8.4200,8.1400,8.2500,2607410,21540598.0000,3
2022-03-08,20220308140000000,sh.603003,8.2400,8.4700,8.2300,8.4500,2940300,24660772.0000,3
2022-03-08,20220308150000000,sh.603003,8.4500,8.8800,8.4500,8.6600,11435400,99250780.0000,3
2022-03-09,20220309103000000,sh.603003,8.6500,8.6500,8.2700,8.4000,8619201,72565966.0000,3
2022-03-09,20220309113000000,sh.603003,8.4000,8.4100,8.2800,8.3300,2251100,18721121.0000,3
2022-03-09,20220309140000000,sh.603003,8.3200,8.4400,7.7900,8.0900,5335752,43443954.0000,3
2022-03-09,20220309150000000,sh.603003,8.0900,8.4500,7.9700,8.2500,4007100,33036240.0000,3
2022-03-10,20220310103000000,sh.603003,8.2500,8.4100,8.0700,8.3200,9520800,78483446.0000,3
2022-03-10,20220310113000000,sh.603003,8.3200,8.3600,8.2000,8.2100,2149110,17780442.0000,3
2022-03-10,20220310140000000,sh.603003,8.2300,8.2600,8.1000,8.1400,2591800,21147486.0000,3
2022-03-10,20220310150000000,sh.603003,8.1400,8.1600,7.9000,7.9400,6012000,48141320.0000,3
2022-03-11,20220311103000000,sh.603003,7.7100,7.8900,7.6400,7.7600,7626621,58897719.0000,3
2022-03-11,20220311113000000,sh.603003,7.7600,7.7600,7.6300,7.6600,2265311,17391011.0000,3
2022-03-11,20220311140000000,sh.603003,7.6500,7.8200,7.6000,7.7900,2906900,22332327.0000,3
2022-03-11,20220311150000000,sh.603003,7.7900,7.9000,7.7400,7.8100,4751800,37137181.0000,3
2022-03-14,20220314103000000,sh.603003,7.7600,7.7900,7.5300,7.5800,5284600,40536636.0000,3
2022-03-14,20220314113000000,sh.603003,7.5900,7.6000,7.4500,7.5200,2598500,19561697.0000,3
2022-03-14,20220314140000000,sh.603003,7.5300,7.5400,7.4600,7.5000,1495100,11214193.0000,3
2022-03-14,20220314150000000,sh.603003,7.5000,7.5200,7.4000,7.4200,2517826,18777804.0000,3
2022-03-15,20220315103000000,sh.603003,7.3200,7.4000,7.1800,7.3000,5847800,42508866.0000,3
2022-03-15,20220315113000000,sh.603003,7.3000,7.4000,7.2100,7.2200,1700700,12403820.0000,3
2022-03-15,20220315140000000,sh.603003,7.2200,7.2400,7.1300,7.1500,2145800,15424420.0000,3
2022-03-15,20220315150000000,sh.603003,7.1500,7.2000,6.9300,6.9300,4142600,29185938.0000,3
2022-03-16,20220316103000000,sh.603003,7.0300,7.1500,6.9600,6.9800,4817888,33907424.0000,3
2022-03-16,20220316113000000,sh.603003,6.9900,7.0800,6.8900,7.0200,2043800,14312590.0000,3
2022-03-16,20220316140000000,sh.603003,7.0200,7.2300,7.0200,7.2000,3337100,23876322.0000,3
2022-03-16,20220316150000000,sh.603003,7.2000,7.3300,7.1900,7.2500,2978000,21545266.0000,3
2022-03-17,20220317103000000,sh.603003,7.2800,7.4600,7.2300,7.3600,5269400,38672090.0000,3
2022-03-17,20220317113000000,sh.603003,7.3600,7.4300,7.3600,7.4000,1560400,11539656.0000,3
2022-03-17,20220317140000000,sh.603003,7.4000,7.4200,7.2300,7.2500,3142800,23005572.0000,3
2022-03-17,20220317150000000,sh.603003,7.2500,7.3300,7.2100,7.3200,2786900,20284148.0000,3
2022-03-18,20220318103000000,sh.603003,7.3500,7.5000,7.3200,7.3500,4750900,35110808.0000,3
2022-03-18,20220318113000000,sh.603003,7.3500,7.4000,7.2900,7.3300,1621600,11902868.0000,3
2022-03-18,20220318140000000,sh.603003,7.3400,7.4000,7.2900,7.3600,1893000,13914123.0000,3
2022-03-18,20220318150000000,sh.603003,7.3600,7.4000,7.3200,7.3200,2767800,20371201.0000,3
2022-03-21,20220321103000000,sh.603003,7.3200,7.4000,7.3000,7.3200,3323700,24406550.0000,3
2022-03-21,20220321113000000,sh.603003,7.3200,7.6100,7.2600,7.4600,6554600,48727227.0000,3
2022-03-21,20220321140000000,sh.603003,7.4600,7.4600,7.3500,7.3900,1919000,14198603.0000,3
2022-03-21,20220321150000000,sh.603003,7.3900,7.4700,7.3900,7.4500,2447300,18182437.0000,3
2022-03-22,20220322103000000,sh.603003,7.4200,7.6400,7.3800,7.4500,6380600,47954399.0000,3
2022-03-22,20220322113000000,sh.603003,7.4500,7.6500,7.4500,7.6100,2808800,21191921.0000,3
2022-03-22,20220322140000000,sh.603003,7.6000,7.6100,7.5200,7.5300,2000600,15093016.0000,3
2022-03-22,20220322150000000,sh.603003,7.5300,7.5900,7.5000,7.5600,2689310,20280864.0000,3
2022-03-23,20220323103000000,sh.603003,7.4700,7.5000,7.3900,7.4300,4182200,31128414.0000,3
2022-03-23,20220323113000000,sh.603003,7.4300,7.4400,7.3700,7.3900,2005000,14837927.0000,3
2022-03-23,20220323140000000,sh.603003,7.3900,7.4300,7.3800,7.4200,983700,7285276.0000,3
2022-03-23,20220323150000000,sh.603003,7.4200,7.4200,7.3500,7.3700,2623710,19375376.0000,3
2022-03-24,20220324103000000,sh.603003,7.4100,7.4700,7.2900,7.3000,3668200,27045957.0000,3
2022-03-24,20220324113000000,sh.603003,7.3000,7.3300,7.2400,7.2700,2242900,16327730.0000,3
2022-03-24,20220324140000000,sh.603003,7.2700,7.3300,7.2300,7.2900,1445000,10504532.0000,3
2022-03-24,20220324150000000,sh.603003,7.2900,7.3000,7.2400,7.2500,1345600,9778081.0000,3
2022-03-25,20220325103000000,sh.603003,7.2000,7.5000,7.2000,7.4300,5885500,43534749.0000,3
2022-03-25,20220325113000000,sh.603003,7.4300,7.5000,7.4200,7.4400,2185127,16301752.0000,3
2022-03-25,20220325140000000,sh.603003,7.4400,7.6400,7.4000,7.6000,6179000,46498289.0000,3
2022-03-25,20220325150000000,sh.603003,7.6000,7.6200,7.5500,7.5500,3564400,26968848.0000,3
2022-03-28,20220328103000000,sh.603003,7.6600,7.7500,7.4500,7.4800,7352100,55696424.0000,3
2022-03-28,20220328113000000,sh.603003,7.4800,7.5100,7.4200,7.4300,2248200,16790435.0000,3
2022-03-28,20220328140000000,sh.603003,7.4400,7.5600,7.4200,7.5300,1930200,14439368.0000,3
2022-03-28,20220328150000000,sh.603003,7.5300,7.5400,7.4200,7.4500,1807700,13487857.0000,3
2022-03-29,20220329103000000,sh.603003,7.4300,7.4700,7.3100,7.3100,3028100,22355116.0000,3
2022-03-29,20220329113000000,sh.603003,7.3100,7.3400,7.2700,7.2700,1571500,11474925.0000,3
2022-03-29,20220329140000000,sh.603003,7.2700,7.3400,7.2600,7.2900,707200,5162739.0000,3
2022-03-29,20220329150000000,sh.603003,7.2900,7.3000,7.2200,7.3000,1725827,12531035.0000,3
2022-03-30,20220330103000000,sh.603003,7.3100,7.3200,7.1400,7.2200,2023700,14626088.0000,3
2022-03-30,20220330113000000,sh.603003,7.2200,7.2800,7.2100,7.2800,714400,5165117.0000,3
2022-03-30,20220330140000000,sh.603003,7.2800,7.2900,7.2200,7.2800,1463400,10607739.0000,3
2022-03-30,20220330150000000,sh.603003,7.2700,7.2900,7.2300,7.2800,1931900,14035651.0000,3
2022-03-31,20220331103000000,sh.603003,7.2500,7.3600,7.2300,7.3500,2007100,14712487.0000,3
2022-03-31,20220331113000000,sh.603003,7.3500,7.4500,7.3300,7.4000,1600100,11803781.0000,3
2022-03-31,20220331140000000,sh.603003,7.4000,7.4000,7.2800,7.2900,1147400,8406669.0000,3
2022-03-31,20220331150000000,sh.603003,7.2900,7.3200,7.2800,7.3100,1028800,7510905.0000,3
2022-04-01,20220401103000000,sh.603003,7.2500,7.3100,7.2300,7.2500,1622500,11769204.0000,3
2022-04-01,20220401113000000,sh.603003,7.2600,7.2600,7.2100,7.2200,1295900,9365396.0000,3
2022-04-01,20220401140000000,sh.603003,7.2200,7.2300,7.2000,7.2300,1001800,7229702.0000,3
2022-04-01,20220401150000000,sh.603003,7.2300,7.2300,7.1800,7.2200,1582100,11397150.0000,3
2022-04-06,20220406103000000,sh.603003,7.2300,7.3300,7.2100,7.2900,2362700,17192057.0000,3
2022-04-06,20220406113000000,sh.603003,7.2900,7.3300,7.2800,7.3200,823600,6020001.0000,3
2022-04-06,20220406140000000,sh.603003,7.3200,7.3600,7.3200,7.3400,994800,7297982.0000,3
2022-04-06,20220406150000000,sh.603003,7.3400,7.3700,7.3200,7.3600,1969700,14466990.0000,3
2022-04-07,20220407103000000,sh.603003,7.3100,7.3400,7.2200,7.2500,2089000,15181313.0000,3
2022-04-07,20220407113000000,sh.603003,7.2500,7.2700,7.1600,7.1600,1460600,10521569.0000,3
2022-04-07,20220407140000000,sh.603003,7.1600,7.1700,7.0700,7.1200,2208100,15711167.0000,3
2022-04-07,20220407150000000,sh.603003,7.1200,7.1800,7.0900,7.0900,1450600,10331909.0000,3
2022-04-08,20220408103000000,sh.603003,7.0700,7.1300,6.9300,7.0000,2293500,16094267.0000,3
2022-04-08,20220408113000000,sh.603003,7.0000,7.1000,7.0000,7.0500,814800,5751134.0000,3
2022-04-08,20220408140000000,sh.603003,7.0500,7.1200,7.0300,7.0900,1007500,7124859.0000,3
2022-04-08,20220408150000000,sh.603003,7.0900,7.1000,7.0400,7.0600,776300,5478964.0000,3
2022-04-11,20220411103000000,sh.603003,6.9900,7.0400,6.8900,6.8900,2002000,13930682.0000,3
2022-04-11,20220411113000000,sh.603003,6.8900,6.9200,6.8700,6.9200,1022000,7046671.0000,3
2022-04-11,20220411140000000,sh.603003,6.9200,6.9200,6.8300,6.8600,994900,6824505.0000,3
2022-04-11,20220411150000000,sh.603003,6.8600,6.8700,6.7600,6.7900,1364200,9279194.0000,3
2022-04-12,20220412103000000,sh.603003,6.7600,6.8700,6.7000,6.8200,1671100,11337600.0000,3
2022-04-12,20220412113000000,sh.603003,6.8200,6.8700,6.8200,6.8200,489300,3347554.0000,3
2022-04-12,20220412140000000,sh.603003,6.8200,6.9400,6.8100,6.9300,1106100,7621690.0000,3
2022-04-12,20220412150000000,sh.603003,6.9300,6.9900,6.9200,6.9700,1172500,8156450.0000,3
2022-04-13,20220413103000000,sh.603003,6.9600,7.0300,6.8700,6.9500,1762300,12254547.0000,3
2022-04-13,20220413113000000,sh.603003,6.9500,6.9700,6.9100,6.9200,485900,3369793.0000,3
2022-04-13,20220413140000000,sh.603003,6.9200,6.9700,6.8900,6.9400,658100,4562391.0000,3
2022-04-13,20220413150000000,sh.603003,6.9400,6.9500,6.8400,6.8600,1127700,7774227.0000,3
2022-04-14,20220414103000000,sh.603003,6.8800,7.0000,6.8600,6.9300,1614200,11227908.0000,3
2022-04-14,20220414113000000,sh.603003,6.9400,6.9600,6.8900,6.8900,523101,3621508.0000,3
2022-04-14,20220414140000000,sh.603003,6.8900,6.9300,6.8800,6.9200,729700,5036994.0000,3
2022-04-14,20220414150000000,sh.603003,6.9100,6.9300,6.8900,6.9000,841600,5815337.0000,3
2022-04-15,20220415103000000,sh.603003,6.8700,6.9200,6.7100,6.7600,1991100,13527738.0000,3
2022-04-15,20220415113000000,sh.603003,6.7500,6.7700,6.6800,6.7000,1237500,8314666.0000,3
2022-04-15,20220415140000000,sh.603003,6.7000,6.7600,6.6800,6.7300,950600,6391827.0000,3
2022-04-15,20220415150000000,sh.603003,6.7300,6.7700,6.6800,6.6800,1122400,7523508.0000,3
2022-04-18,20220418103000000,sh.603003,6.6700,6.6700,6.5100,6.6200,1639300,10792975.0000,3
2022-04-18,20220418113000000,sh.603003,6.6300,6.7200,6.6200,6.6800,866800,5794912.0000,3
2022-04-18,20220418140000000,sh.603003,6.6800,6.7300,6.6500,6.6900,611900,4096722.0000,3
2022-04-18,20220418150000000,sh.603003,6.6900,6.7300,6.6800,6.6900,778002,5208116.0000,3
2022-04-19,20220419103000000,sh.603003,6.7100,6.8000,6.6900,6.7600,1291200,8727915.0000,3
2022-04-19,20220419113000000,sh.603003,6.7600,6.7800,6.7500,6.7600,682900,4619636.0000,3
2022-04-19,20220419140000000,sh.603003,6.7600,6.7900,6.7400,6.7800,1072400,7259610.0000,3
2022-04-19,20220419150000000,sh.603003,6.7800,6.8000,6.7600,6.8000,764100,5185542.0000,3
2022-04-20,20220420103000000,sh.603003,6.7700,6.9000,6.7400,6.8300,1575500,10792280.0000,3
2022-04-20,20220420113000000,sh.603003,6.8300,6.9100,6.8300,6.8500,568700,3906047.0000,3
2022-04-20,20220420140000000,sh.603003,6.8400,6.8700,6.7700,6.7700,720000,4909454.0000,3
2022-04-20,20220420150000000,sh.603003,6.7700,6.8200,6.7300,6.8100,982400,6654538.0000,3
2022-04-21,20220421103000000,sh.603003,6.8000,6.8000,6.6700,6.7300,1605500,10797730.0000,3
2022-04-21,20220421113000000,sh.603003,6.7300,6.7800,6.6100,6.6100,851900,5681827.0000,3
2022-04-21,20220421140000000,sh.603003,6.6100,6.7000,6.4900,6.5700,1302700,8575643.0000,3
2022-04-21,20220421150000000,sh.603003,6.5700,6.5900,6.4900,6.5500,1038400,6786180.0000,3
2022-04-22,20220422103000000,sh.603003,6.5400,6.5400,6.3800,6.4300,1806601,11626907.0000,3
2022-04-22,20220422113000000,sh.603003,6.4300,6.5100,6.3900,6.4500,797000,5116326.0000,3
2022-04-22,20220422140000000,sh.603003,6.4400,6.5800,6.4400,6.5700,720300,4690617.0000,3
2022-04-22,20220422150000000,sh.603003,6.5700,6.5800,6.4800,6.5100,806827,5253872.0000,3
2022-04-25,20220425103000000,sh.603003,6.4300,6.4300,6.2100,6.2300,2122700,13314140.0000,3
2022-04-25,20220425113000000,sh.603003,6.2300,6.2700,6.1800,6.1900,814400,5063054.0000,3
2022-04-25,20220425140000000,sh.603003,6.1800,6.2000,6.0000,6.0000,1330000,8124745.0000,3
2022-04-25,20220425150000000,sh.603003,6.0100,6.0700,5.9300,5.9900,1564600,9388441.0000,3
2022-04-26,20220426103000000,sh.603003,5.9700,6.0500,5.8600,5.9600,1639700,9743364.0000,3
2022-04-26,20220426113000000,sh.603003,5.9700,6.0100,5.9400,5.9800,511300,3054709.0000,3
2022-04-26,20220426140000000,sh.603003,5.9800,6.0600,5.9100,5.9400,1024600,6149557.0000,3
2022-04-26,20220426150000000,sh.603003,5.9300,5.9300,5.7300,5.7300,1408700,8195887.0000,3
2022-04-27,20220427103000000,sh.603003,5.7200,5.7200,5.4600,5.4900,1739970,9690804.0000,3
2022-04-27,20220427113000000,sh.603003,5.4900,5.6000,5.4700,5.5400,650410,3599459.0000,3
2022-04-27,20220427140000000,sh.603003,5.5500,5.7600,5.5500,5.7500,1182310,6729885.0000,3
2022-04-27,20220427150000000,sh.603003,5.7500,5.7700,5.6800,5.7700,1019100,5857046.0000,3
2022-04-28,20220428103000000,sh.603003,5.8200,6.0500,5.7600,5.9100,2944930,17442837.0000,3
2022-04-28,20220428113000000,sh.603003,5.9100,5.9600,5.8600,5.8700,758700,4484164.0000,3
2022-04-28,20220428140000000,sh.603003,5.8700,5.8700,5.7700,5.8300,1060600,6167448.0000,3
2022-04-28,20220428150000000,sh.603003,5.8300,5.9200,5.8100,5.9000,940300,5537755.0000,3
2022-04-29,20220429103000000,sh.603003,5.9300,6.0800,5.9100,6.0400,2598610,15606432.0000,3
2022-04-29,20220429113000000,sh.603003,6.0400,6.0900,6.0100,6.0600,930420,5623018.0000,3
2022-04-29,20220429140000000,sh.603003,6.0500,6.1300,6.0500,6.1000,1293900,7873826.0000,3
2022-04-29,20220429150000000,sh.603003,6.0900,6.1200,6.0800,6.0900,1126900,6871228.0000,3
2022-05-05,20220505103000000,sh.603003,6.0500,6.2100,6.0500,6.1600,2389010,14679997.0000,3
2022-05-05,20220505113000000,sh.603003,6.1600,6.3100,6.1600,6.2900,1421700,8869128.0000,3
2022-05-05,20220505140000000,sh.603003,6.2900,6.3300,6.2400,6.2700,973900,6118018.0000,3
2022-05-05,20220505150000000,sh.603003,6.2700,6.2700,6.2100,6.2400,1173400,7325290.0000,3
2022-05-06,20220506103000000,sh.603003,6.1900,6.2400,6.0700,6.2100,1475600,9118879.0000,3
2022-05-06,20220506113000000,sh.603003,6.2100,6.3300,6.2000,6.2200,1315100,8240448.0000,3
2022-05-06,20220506140000000,sh.603003,6.2300,6.3300,6.2000,6.2800,1120600,7033959.0000,3
2022-05-06,20220506150000000,sh.603003,6.2800,6.2800,6.2400,6.2700,803400,5034761.0000,3
2022-05-09,20220509103000000,sh.603003,6.1800,6.4000,6.1800,6.3400,1786100,11344735.0000,3
2022-05-09,20220509113000000,sh.603003,6.3400,6.4900,6.3300,6.4100,861300,5522131.0000,3
2022-05-09,20220509140000000,sh.603003,6.4100,6.4400,6.3800,6.4100,473800,3036392.0000,3
2022-05-09,20220509150000000,sh.603003,6.4100,6.4400,6.3900,6.4100,948600,6087297.0000,3
2022-05-10,20220510103000000,sh.603003,6.3100,6.4700,6.2900,6.4300,1478700,9440569.0000,3
2022-05-10,20220510113000000,sh.603003,6.4400,6.4600,6.3900,6.4000,542300,3484106.0000,3
2022-05-10,20220510140000000,sh.603003,6.4000,6.4800,6.4000,6.4700,1288700,8319550.0000,3
2022-05-10,20220510150000000,sh.603003,6.4700,6.4800,6.4500,6.4600,721500,4664895.0000,3
2022-05-11,20220511103000000,sh.603003,6.4600,6.5700,6.4400,6.4800,1830000,11909958.0000,3
2022-05-11,20220511113000000,sh.603003,6.4800,6.4900,6.3600,6.4600,1093900,7039198.0000,3
2022-05-11,20220511140000000,sh.603003,6.4600,6.4900,6.4300,6.4500,1132300,7314724.0000,3
2022-05-11,20220511150000000,sh.603003,6.4500,6.4700,6.3900,6.3900,1292700,8300056.0000,3
2022-05-12,20220512103000000,sh.603003,6.3700,6.8500,6.3600,6.5800,5042300,33544406.0000,3
2022-05-12,20220512113000000,sh.603003,6.5800,6.5900,6.5100,6.5400,991300,6483452.0000,3
2022-05-12,20220512140000000,sh.603003,6.5400,6.6000,6.4700,6.4900,830400,5416986.0000,3
2022-05-12,20220512150000000,sh.603003,6.4900,6.5800,6.4900,6.5400,953400,6231565.0000,3
2022-05-13,20220513103000000,sh.603003,6.6200,6.8800,6.6200,6.8800,5077010,34328023.0000,3
2022-05-13,20220513113000000,sh.603003,6.8700,6.8900,6.7700,6.8500,1770300,12066929.0000,3
2022-05-13,20220513140000000,sh.603003,6.8500,6.8700,6.8200,6.8600,1245200,8529409.0000,3
2022-05-13,20220513150000000,sh.603003,6.8600,6.8800,6.8200,6.8500,1554801,10644879.0000,3
2022-05-16,20220516103000000,sh.603003,6.8300,6.8800,6.7200,6.8600,2608400,17758588.0000,3
2022-05-16,20220516113000000,sh.603003,6.8600,6.8600,6.7800,6.8300,716700,4887046.0000,3
2022-05-16,20220516140000000,sh.603003,6.8300,6.8400,6.7800,6.8000,631501,4297136.0000,3
2022-05-16,20220516150000000,sh.603003,6.8100,6.8100,6.7300,6.7500,1495100,10107512.0000,3
2022-05-17,20220517103000000,sh.603003,6.7300,6.8400,6.6700,6.6700,2877600,19436002.0000,3
2022-05-17,20220517113000000,sh.603003,6.6700,6.7500,6.6700,6.7000,710500,4765525.0000,3
2022-05-17,20220517140000000,sh.603003,6.6900,6.7200,6.6500,6.6600,823000,5496805.0000,3
2022-05-17,20220517150000000,sh.603003,6.6600,6.7200,6.6300,6.6900,1240701,8273821.0000,3
2022-05-18,20220518103000000,sh.603003,6.7200,6.7900,6.6600,6.7200,2001200,13461445.0000,3
2022-05-18,20220518113000000,sh.603003,6.7200,6.7700,6.6900,6.7700,644202,4335489.0000,3
2022-05-18,20220518140000000,sh.603003,6.7600,6.7800,6.7300,6.7700,560400,3787674.0000,3
2022-05-18,20220518150000000,sh.603003,6.7700,6.7900,6.7200,6.7200,720800,4862737.0000,3
2022-05-19,20220519103000000,sh.603003,6.6200,6.7000,6.5800,6.6900,1144133,7604136.0000,3
2022-05-19,20220519113000000,sh.603003,6.6900,6.7200,6.6700,6.6900,360000,2410878.0000,3
2022-05-19,20220519140000000,sh.603003,6.6900,6.7300,6.6400,6.7000,924900,6178721.0000,3
2022-05-19,20220519150000000,sh.603003,6.7000,6.7800,6.7000,6.7600,870201,5876110.0000,3
2022-05-20,20220520103000000,sh.603003,6.7600,6.8000,6.7200,6.7600,1199900,8118356.0000,3
2022-05-20,20220520113000000,sh.603003,6.7600,6.7800,6.7400,6.7400,539600,3648800.0000,3
2022-05-20,20220520140000000,sh.603003,6.7400,6.7700,6.7400,6.7500,448100,3027484.0000,3
2022-05-20,20220520150000000,sh.603003,6.7500,6.7500,6.7000,6.7300,973101,6542808.0000,3
2022-05-23,20220523103000000,sh.603003,6.7500,6.8400,6.7000,6.8100,1568400,10651133.0000,3
2022-05-23,20220523113000000,sh.603003,6.8100,6.8500,6.8000,6.8300,856400,5844823.0000,3
2022-05-23,20220523140000000,sh.603003,6.8300,6.8600,6.8100,6.8400,556996,3809648.0000,3
2022-05-23,20220523150000000,sh.603003,6.8400,6.8500,6.8200,6.8400,814300,5567687.0000,3
2022-05-24,20220524103000000,sh.603003,6.8900,6.9000,6.7200,6.7400,1767200,12026548.0000,3
2022-05-24,20220524113000000,sh.603003,6.7400,6.7600,6.6200,6.6400,797301,5326316.0000,3
2022-05-24,20220524140000000,sh.603003,6.6200,6.6400,6.5900,6.5900,1046900,6922150.0000,3
2022-05-24,20220524150000000,sh.603003,6.5900,6.6000,6.4800,6.4900,1471700,9625461.0000,3
2022-05-25,20220525103000000,sh.603003,6.4500,6.7100,6.4500,6.6800,1959400,12989846.0000,3
2022-05-25,20220525113000000,sh.603003,6.6800,6.7100,6.6500,6.7000,709400,4740739.0000,3
2022-05-25,20220525140000000,sh.603003,6.7000,6.7200,6.6900,6.7100,659352,4421297.0000,3
2022-05-25,20220525150000000,sh.603003,6.7100,6.7200,6.6600,6.7100,829700,5551976.0000,3
2022-05-26,20220526103000000,sh.603003,6.7100,6.8300,6.6300,6.6800,2053100,13847300.0000,3
2022-05-26,20220526113000000,sh.603003,6.6800,6.8100,6.6600,6.8000,609600,4106396.0000,3
2022-05-26,20220526140000000,sh.603003,6.7900,6.8400,6.7500,6.7800,824800,5606181.0000,3
2022-05-26,20220526150000000,sh.603003,6.7800,6.8200,6.7500,6.8100,915101,6201403.0000,3
2022-05-27,20220527103000000,sh.603003,6.8700,6.8700,6.7700,6.8700,1193801,8141000.0000,3
2022-05-27,20220527113000000,sh.603003,6.8700,6.9300,6.8300,6.9000,1428700,9847054.0000,3
2022-05-27,20220527140000000,sh.603003,6.9000,6.9300,6.8500,6.8700,768800,5289542.0000,3
2022-05-27,20220527150000000,sh.603003,6.8700,6.9300,6.8000,6.9200,1887900,13008256.0000,3
2022-05-30,20220530103000000,sh.603003,6.9500,6.9700,6.8000,6.8800,1725601,11863664.0000,3
2022-05-30,20220530113000000,sh.603003,6.8800,6.9600,6.8700,6.9500,749001,5191153.0000,3
2022-05-30,20220530140000000,sh.603003,6.9500,6.9600,6.9000,6.9100,710000,4925487.0000,3
2022-05-30,20220530150000000,sh.603003,6.9100,6.9500,6.9000,6.9400,969800,6714748.0000,3
2022-05-31,20220531103000000,sh.603003,6.9600,7.0300,6.8600,6.9000,1639000,11374391.0000,3
2022-05-31,20220531113000000,sh.603003,6.9000,6.9700,6.8800,6.9500,700800,4847912.0000,3
2022-05-31,20220531140000000,sh.603003,6.9500,6.9900,6.9100,6.9700,959700,6669254.0000,3
2022-05-31,20220531150000000,sh.603003,6.9700,7.0000,6.9500,6.9900,942100,6578699.0000,3
2022-06-01,20220601103000000,sh.603003,6.9300,7.0300,6.9300,6.9800,1525500,10663275.0000,3
2022-06-01,20220601113000000,sh.603003,6.9800,7.0000,6.9200,6.9800,619500,4311535.0000,3
2022-06-01,20220601140000000,sh.603003,6.9900,7.0000,6.9100,6.9300,841000,5845544.0000,3
2022-06-01,20220601150000000,sh.603003,6.9400,6.9800,6.9400,6.9700,649300,4519630.0000,3
2022-06-02,20220602103000000,sh.603003,6.9700,6.9900,6.8700,6.9400,1408800,9752785.0000,3
2022-06-02,20220602113000000,sh.603003,6.9400,6.9900,6.9200,6.9900,586700,4076618.0000,3
2022-06-02,20220602140000000,sh.603003,6.9900,7.0200,6.9700,7.0000,1042600,7292640.0000,3
2022-06-02,20220602150000000,sh.603003,7.0000,7.0200,6.9900,7.0100,815500,5712971.0000,3
2022-06-06,20220606103000000,sh.603003,7.0000,7.1300,6.9600,7.0800,1874210,13281335.0000,3
2022-06-06,20220606113000000,sh.603003,7.0800,7.1300,7.0800,7.1200,681900,4845851.0000,3
2022-06-06,20220606140000000,sh.603003,7.1200,7.1400,7.0500,7.0600,954700,6771953.0000,3
2022-06-06,20220606150000000,sh.603003,7.0600,7.0900,7.0400,7.0800,996300,7037761.0000,3
2022-06-07,20220607103000000,sh.603003,7.0500,7.1200,6.9500,7.0300,1849000,13004299.0000,3
2022-06-07,20220607113000000,sh.603003,7.0500,7.0700,7.0100,7.0600,525000,3696049.0000,3
2022-06-07,20220607140000000,sh.603003,7.0600,7.0600,6.9700,6.9700,595700,4179599.0000,3
2022-06-07,20220607150000000,sh.603003,6.9700,7.0500,6.9700,7.0300,905100,6346157.0000,3
2022-06-08,20220608103000000,sh.603003,7.0400,7.1100,7.0100,7.0600,1219900,8619569.0000,3
2022-06-08,20220608113000000,sh.603003,7.0500,7.0600,6.8600,6.8800,1146500,7973336.0000,3
2022-06-08,20220608140000000,sh.603003,6.8900,6.9800,6.8700,6.9600,784000,5427327.0000,3
2022-06-08,20220608150000000,sh.603003,6.9600,7.0000,6.9400,6.9900,855200,5967522.0000,3
2022-06-09,20220609103000000,sh.603003,7.0000,7.2700,6.9400,7.0600,3730874,26568165.0000,3
2022-06-09,20220609113000000,sh.603003,7.0700,7.1200,7.0600,7.1000,1080500,7652522.0000,3
2022-06-09,20220609140000000,sh.603003,7.1000,7.1100,7.0200,7.0500,1481300,10462857.0000,3
2022-06-09,20220609150000000,sh.603003,7.0500,7.0600,6.9900,7.0400,1187400,8342681.0000,3
2022-06-10,20220610103000000,sh.603003,7.0000,7.1500,6.8100,7.1500,3249910,22962078.0000,3
2022-06-10,20220610113000000,sh.603003,7.1500,7.2400,7.0900,7.2000,2371500,16983663.0000,3
2022-06-10,20220610140000000,sh.603003,7.2000,7.2100,7.1300,7.1400,844200,6050812.0000,3
2022-06-10,20220610150000000,sh.603003,7.1400,7.1700,7.1200,7.1500,1122000,8014032.0000,3
2022-06-13,20220613103000000,sh.603003,7.0600,7.1400,7.0000,7.0200,2812157,19834597.0000,3
2022-06-13,20220613113000000,sh.603003,7.0200,7.0600,6.9500,7.0000,1781900,12464531.0000,3
2022-06-13,20220613140000000,sh.603003,6.9900,7.0300,6.9800,6.9800,845403,5921652.0000,3
2022-06-13,20220613150000000,sh.603003,6.9800,7.0200,6.9500,7.0100,1011000,7066182.0000,3
2022-06-14,20220614103000000,sh.603003,6.9400,7.0000,6.8800,6.9600,1598900,11092995.0000,3
2022-06-14,20220614113000000,sh.603003,6.9600,7.0100,6.8200,6.9000,1243100,8621898.0000,3
2022-06-14,20220614140000000,sh.603003,6.8800,7.1900,6.8800,7.1800,2779800,19756140.0000,3
2022-06-14,20220614150000000,sh.603003,7.1700,7.2400,7.1700,7.2400,3026300,21838473.0000,3
2022-06-15,20220615103000000,sh.603003,7.1900,7.2300,7.1100,7.1400,3557900,25425671.0000,3
2022-06-15,20220615113000000,sh.603003,7.1300,7.1500,7.0900,7.1300,1193900,8496130.0000,3
2022-06-15,20220615140000000,sh.603003,7.1300,7.2100,7.1200,7.1800,1450400,10402264.0000,3
2022-06-15,20220615150000000,sh.603003,7.1800,7.1900,7.0900,7.0900,1781300,12694766.0000,3
2022-06-16,20220616103000000,sh.603003,7.0500,7.1400,7.0300,7.0500,1802400,12730078.0000,3
2022-06-16,20220616113000000,sh.603003,7.0500,7.1100,7.0100,7.1000,1016400,7181280.0000,3
2022-06-16,20220616140000000,sh.603003,7.1000,7.1100,7.0200,7.0500,1072300,7572726.0000,3
2022-06-16,20220616150000000,sh.603003,7.0500,7.0700,7.0100,7.0300,882909,6213974.0000,3
2022-06-17,20220617103000000,sh.603003,6.9800,7.0700,6.9500,7.0200,1203700,8454438.0000,3
2022-06-17,20220617113000000,sh.603003,7.0200,7.0200,6.9400,6.9900,645200,4496338.0000,3
2022-06-17,20220617140000000,sh.603003,6.9900,7.0000,6.9300,6.9400,846300,5895171.0000,3
2022-06-17,20220617150000000,sh.603003,6.9400,6.9900,6.9300,6.9500,1066900,7424021.0000,3
2022-06-20,20220620103000000,sh.603003,6.9300,6.9900,6.8700,6.8800,1850100,12780463.0000,3
2022-06-20,20220620113000000,sh.603003,6.8800,6.9700,6.8800,6.9600,1030300,7148114.0000,3
2022-06-20,20220620140000000,sh.603003,6.9700,7.0500,6.9500,7.0300,1226700,8600550.0000,3
2022-06-20,20220620150000000,sh.603003,7.0300,7.0300,6.9500,6.9900,1231400,8605004.0000,3
2022-06-21,20220621103000000,sh.603003,6.9600,7.2000,6.9400,7.0700,1869900,13201353.0000,3
2022-06-21,20220621113000000,sh.603003,7.0600,7.0800,7.0000,7.0200,540900,3806210.0000,3
2022-06-21,20220621140000000,sh.603003,7.0200,7.0200,6.9200,6.9300,910700,6341855.0000,3
2022-06-21,20220621150000000,sh.603003,6.9300,6.9800,6.8800,6.9600,1033800,7165730.0000,3
2022-06-22,20220622103000000,sh.603003,6.9500,6.9800,6.8600,6.9200,1222000,8447165.0000,3
2022-06-22,20220622113000000,sh.603003,6.9200,7.1100,6.8900,7.0200,2038098,14270845.0000,3
2022-06-22,20220622140000000,sh.603003,7.0200,7.0200,6.9700,6.9800,979374,6846481.0000,3
2022-06-22,20220622150000000,sh.603003,6.9800,6.9800,6.9000,6.9000,1064826,7373537.0000,3
2022-06-23,20220623103000000,sh.603003,6.8600,7.2900,6.8500,7.2100,5103800,36463580.0000,3
2022-06-23,20220623113000000,sh.603003,7.2000,7.2000,7.1200,7.1400,681100,4876898.0000,3
2022-06-23,20220623140000000,sh.603003,7.1400,7.1800,7.1300,7.1400,697400,4984695.0000,3
2022-06-23,20220623150000000,sh.603003,7.1400,7.1700,7.1200,7.1600,1074498,7675629.0000,3
2022-06-24,20220624103000000,sh.603003,7.1800,7.2000,7.1000,7.1200,2078600,14837721.0000,3
2022-06-24,20220624113000000,sh.603003,7.1200,7.1300,7.0700,7.0800,783000,5560082.0000,3
2022-06-24,20220624140000000,sh.603003,7.0800,7.1700,7.0700,7.1600,774900,5503702.0000,3
2022-06-24,20220624150000000,sh.603003,7.1600,7.2000,7.1200,7.1800,1473900,10557808.0000,3
2022-06-27,20220627103000000,sh.603003,7.1200,7.1800,7.0800,7.1200,1396900,9943015.0000,3
2022-06-27,20220627113000000,sh.603003,7.1200,7.1200,7.0900,7.0900,718100,5096833.0000,3
2022-06-27,20220627140000000,sh.603003,7.1000,7.1100,7.0500,7.0600,843200,5962985.0000,3
2022-06-27,20220627150000000,sh.603003,7.0700,7.1000,7.0500,7.0900,702600,4971244.0000,3
2022-06-28,20220628103000000,sh.603003,7.1000,7.8000,7.0900,7.5700,18547298,141075215.0000,3
2022-06-28,20220628113000000,sh.603003,7.5800,7.6600,7.5300,7.5400,1399600,10605772.0000,3
2022-06-28,20220628140000000,sh.603003,7.5400,7.5400,7.4500,7.4700,1443501,10807546.0000,3
2022-06-28,20220628150000000,sh.603003,7.4600,7.4800,7.4000,7.4600,2013956,14982450.0000,3
2022-06-29,20220629103000000,sh.603003,7.4000,7.4900,7.2700,7.3000,6708257,49313675.0000,3
2022-06-29,20220629113000000,sh.603003,7.3000,7.3300,7.2400,7.2400,1748318,12743584.0000,3
2022-06-29,20220629140000000,sh.603003,7.2300,7.2700,7.2100,7.2200,2513957,18184885.0000,3
2022-06-29,20220629150000000,sh.603003,7.2200,7.2600,7.1600,7.1700,2791001,20085542.0000,3
2022-06-30,20220630103000000,sh.603003,7.1900,7.3500,7.1600,7.1800,4010300,29035529.0000,3
2022-06-30,20220630113000000,sh.603003,7.1800,7.2400,7.1700,7.2200,957200,6902014.0000,3
2022-06-30,20220630140000000,sh.603003,7.2200,7.3600,7.2100,7.3000,3229700,23572893.0000,3
2022-06-30,20220630150000000,sh.603003,7.3000,7.5000,7.3000,7.4400,3924275,29022067.0000,3
2022-07-01,20220701103000000,sh.603003,7.4000,7.4000,7.2300,7.2400,3138200,22851403.0000,3
2022-07-01,20220701113000000,sh.603003,7.2300,7.2700,7.2000,7.2100,1230700,8905365.0000,3
2022-07-01,20220701140000000,sh.603003,7.2200,7.2500,7.2000,7.2100,1219700,8803405.0000,3
2022-07-01,20220701150000000,sh.603003,7.2200,7.2300,7.1800,7.2300,1409400,10153210.0000,3
2022-07-04,20220704103000000,sh.603003,7.2300,7.2700,7.1700,7.1900,1760700,12690500.0000,3
2022-07-04,20220704113000000,sh.603003,7.1900,7.2300,7.1700,7.2100,793574,5711864.0000,3
2022-07-04,20220704140000000,sh.603003,7.2100,7.3300,7.2100,7.2800,1808326,13165312.0000,3
2022-07-04,20220704150000000,sh.603003,7.2800,7.3100,7.2700,7.2900,1166827,8498244.0000,3
2022-07-05,20220705103000000,sh.603003,7.3100,7.3900,7.2500,7.3800,1909024,13982519.0000,3
2022-07-05,20220705113000000,sh.603003,7.3800,7.3900,7.2100,7.2500,1507900,11003517.0000,3
2022-07-05,20220705140000000,sh.603003,7.2500,7.2700,7.2100,7.2200,869100,6288976.0000,3
2022-07-05,20220705150000000,sh.603003,7.2200,7.3200,7.2100,7.3100,973027,7085604.0000,3
2022-07-06,20220706103000000,sh.603003,7.2700,7.2700,7.1300,7.1500,1631524,11728623.0000,3
2022-07-06,20220706113000000,sh.603003,7.1500,7.1900,7.1300,7.1400,593000,4243023.0000,3
2022-07-06,20220706140000000,sh.603003,7.1400,7.1700,7.0600,7.0900,1169527,8304856.0000,3
2022-07-06,20220706150000000,sh.603003,7.0900,7.1100,7.0500,7.1000,1126800,7985004.0000,3
2022-07-07,20220707103000000,sh.603003,7.0700,7.2500,7.0600,7.2000,2216803,15921320.0000,3
2022-07-07,20220707113000000,sh.603003,7.2000,7.2200,7.1400,7.1600,739597,5303964.0000,3
2022-07-07,20220707140000000,sh.603003,7.1600,7.1900,7.1300,7.1900,500800,3584566.0000,3
2022-07-07,20220707150000000,sh.603003,7.1900,7.1900,7.1600,7.1600,759300,5449867.0000,3
2022-07-08,20220708103000000,sh.603003,7.1700,7.8800,7.1100,7.8800,13584303,104544429.0000,3
2022-07-08,20220708113000000,sh.603003,7.8800,7.8800,7.8800,7.8800,1124300,8859484.0000,3
2022-07-08,20220708140000000,sh.603003,7.8800,7.8800,7.8300,7.8800,2501200,19704934.0000,3
2022-07-08,20220708150000000,sh.603003,7.8800,7.8800,7.8400,7.8800,3164717,24934383.0000,3
2022-07-11,20220711103000000,sh.603003,8.0300,8.4900,8.0300,8.2000,19795741,162899758.0000,3
2022-07-11,20220711113000000,sh.603003,8.2100,8.2700,8.1200,8.2000,2820700,23123591.0000,3
2022-07-11,20220711140000000,sh.603003,8.2200,8.2200,8.0400,8.1200,3014600,24426514.0000,3
2022-07-11,20220711150000000,sh.603003,8.1200,8.1300,8.0000,8.0400,4186922,33722403.0000,3
