date,time,code,open,high,low,close,volume,amount,adjustflag
2022-01-04,20220104103000000,sz.002470,3.0100,3.1600,2.9800,3.1600,37937369,116334173.0000,3
2022-01-04,20220104113000000,sz.002470,3.1600,3.1600,3.1500,3.1600,22930018,72448272.0000,3
2022-01-04,20220104140000000,sz.002470,3.1600,3.1600,3.1600,3.1600,968500,3060460.0000,3
2022-01-04,20220104150000000,sz.002470,3.1600,3.1600,3.1600,3.1600,768700,2429092.0000,3
2022-01-05,20220105103000000,sz.002470,3.1800,3.2600,3.1200,3.1500,44893918,142260848.0000,3
2022-01-05,20220105113000000,sz.002470,3.1500,3.1800,3.1200,3.1800,8123726,25534935.0000,3
2022-01-05,20220105140000000,sz.002470,3.1800,3.2400,3.1600,3.2300,19019200,60812064.0000,3
2022-01-05,20220105150000000,sz.002470,3.2300,3.2300,3.0700,3.1000,18183500,57004681.0000,3
2022-01-06,20220106103000000,sz.002470,3.0700,3.0900,2.9600,3.0600,25068068,75813335.0000,3
2022-01-06,20220106113000000,sz.002470,3.0500,3.0600,3.0000,3.0200,9130800,27642951.0000,3
2022-01-06,20220106140000000,sz.002470,3.0200,3.0300,2.9800,3.0000,11485500,34465822.0000,3
2022-01-06,20220106150000000,sz.002470,3.0100,3.0200,2.9900,3.0100,7490971,22514989.0000,3
2022-01-07,20220107103000000,sz.002470,2.9400,3.0500,2.9100,3.0500,29339853,87449424.0000,3
2022-01-07,20220107113000000,sz.002470,3.0400,3.1000,3.0400,3.0500,11506300,35374517.0000,3
2022-01-07,20220107140000000,sz.002470,3.0600,3.0900,2.9500,2.9500,16498600,49749773.0000,3
2022-01-07,20220107150000000,sz.002470,2.9500,2.9900,2.9500,2.9500,8019200,23764155.0000,3
2022-01-10,20220110103000000,sz.002470,2.9000,3.0200,2.9000,2.9500,20780900,61553608.0000,3
2022-01-10,20220110113000000,sz.002470,2.9500,2.9900,2.9300,2.9700,5604500,16640088.0000,3
2022-01-10,20220110140000000,sz.002470,2.9700,2.9900,2.9600,2.9700,3559300,10575622.0000,3
2022-01-10,20220110150000000,sz.002470,2.9700,2.9700,2.9500,2.9600,5806500,17166502.0000,3
2022-01-11,20220111103000000,sz.002470,2.8900,2.9300,2.8800,2.8900,23124700,67083429.0000,3
2022-01-11,20220111113000000,sz.002470,2.8900,2.9000,2.8500,2.8700,9686700,27840435.0000,3
2022-01-11,20220111140000000,sz.002470,2.8800,2.8900,2.8600,2.8800,5338000,15316596.0000,3
2022-01-11,20220111150000000,sz.002470,2.8800,2.9500,2.8600,2.8900,10703200,31050908.0000,3
2022-01-12,20220112103000000,sz.002470,2.9000,2.9300,2.8800,2.9200,9426300,27404464.0000,3
2022-01-12,20220112113000000,sz.002470,2.9200,2.9200,2.8900,2.9000,3681500,10683876.0000,3
2022-01-12,20220112140000000,sz.002470,2.9000,2.9100,2.8800,2.8800,4045800,11709342.0000,3
2022-01-12,20220112150000000,sz.002470,2.8800,2.9100,2.8800,2.9000,4321200,12508563.0000,3
2022-01-13,20220113103000000,sz.002470,2.9100,2.9200,2.8600,2.8800,10727600,30932837.0000,3
2022-01-13,20220113113000000,sz.002470,2.8800,2.8800,2.8400,2.8600,8273700,23652608.0000,3
2022-01-13,20220113140000000,sz.002470,2.8600,2.8700,2.8400,2.8500,4649200,13262225.0000,3
2022-01-13,20220113150000000,sz.002470,2.8500,2.8600,2.8300,2.8400,5477565,15562204.0000,3
2022-01-14,20220114103000000,sz.002470,2.8600,2.8800,2.8300,2.8500,11423502,32630117.0000,3
2022-01-14,20220114113000000,sz.002470,2.8500,2.8600,2.8300,2.8500,6029098,17136437.0000,3
2022-01-14,20220114140000000,sz.002470,2.8400,2.8800,2.8300,2.8400,7347064,20989525.0000,3
2022-01-14,20220114150000000,sz.002470,2.8400,2.8500,2.8200,2.8300,7595220,21528977.0000,3
2022-01-17,20220117103000000,sz.002470,2.8300,2.8400,2.6900,2.7100,30513800,83750877.0000,3
2022-01-17,20220117113000000,sz.002470,2.7100,2.7400,2.7000,2.7200,6371400,17264427.0000,3
2022-01-17,20220117140000000,sz.002470,2.7200,2.7300,2.7000,2.7100,3593800,9769966.0000,3
2022-01-17,20220117150000000,sz.002470,2.7100,2.7200,2.7000,2.7000,6414500,17370411.0000,3
2022-01-18,20220118103000000,sz.002470,2.8400,2.8400,2.7000,2.7300,38722400,107500578.0000,3
2022-01-18,20220118113000000,sz.002470,2.7300,2.7300,2.6900,2.7200,8490600,23033300.0000,3
2022-01-18,20220118140000000,sz.002470,2.7200,2.7200,2.6900,2.7000,6784700,18318714.0000,3
2022-01-18,20220118150000000,sz.002470,2.6900,2.7100,2.6500,2.6700,11804900,31658125.0000,3
2022-01-19,20220119103000000,sz.002470,2.6700,2.7200,2.6000,2.7000,19885100,53072372.0000,3
2022-01-19,20220119113000000,sz.002470,2.7100,2.7900,2.7000,2.7400,15460200,42688988.0000,3
2022-01-19,20220119140000000,sz.002470,2.7400,2.7500,2.7200,2.7300,3892600,10656519.0000,3
2022-01-19,20220119150000000,sz.002470,2.7300,2.7400,2.7200,2.7400,7036800,19227437.0000,3
2022-01-20,20220120103000000,sz.002470,2.7700,2.7900,2.7100,2.7100,21583400,59330996.0000,3
2022-01-20,20220120113000000,sz.002470,2.7100,2.7300,2.6500,2.7300,8500000,22954913.0000,3
2022-01-20,20220120140000000,sz.002470,2.7200,2.7200,2.6800,2.7100,4907700,13254321.0000,3
2022-01-20,20220120150000000,sz.002470,2.7100,2.7100,2.6400,2.6500,14104100,37621134.0000,3
2022-01-21,20220121103000000,sz.002470,2.5200,2.6000,2.5200,2.5400,22673500,57882127.0000,3
2022-01-21,20220121113000000,sz.002470,2.5400,2.5500,2.5300,2.5500,5040500,12790484.0000,3
2022-01-21,20220121140000000,sz.002470,2.5500,2.5600,2.5400,2.5400,4106400,10470488.0000,3
2022-01-21,20220121150000000,sz.002470,2.5400,2.5600,2.5200,2.5200,13451800,34017938.0000,3
2022-01-24,20220124103000000,sz.002470,2.3900,2.4200,2.3900,2.3900,29523100,70633122.0000,3
2022-01-24,20220124113000000,sz.002470,2.3900,2.4000,2.3900,2.3900,7872000,18826280.0000,3
2022-01-24,20220124140000000,sz.002470,2.3900,2.3900,2.3900,2.3900,1211400,2895246.0000,3
2022-01-24,20220124150000000,sz.002470,2.3900,2.3900,2.3900,2.3900,2553200,6102148.0000,3
2022-01-25,20220125103000000,sz.002470,2.3900,2.4200,2.3500,2.3700,14585800,34823426.0000,3
2022-01-25,20220125113000000,sz.002470,2.3700,2.3800,2.3000,2.3100,10901500,25487680.0000,3
2022-01-25,20220125140000000,sz.002470,2.3100,2.3100,2.2700,2.2800,11638504,26556471.0000,3
2022-01-25,20220125150000000,sz.002470,2.2800,2.2800,2.2700,2.2700,10307700,23404321.0000,3
2022-01-26,20220126103000000,sz.002470,2.2600,2.3800,2.2600,2.3400,21627700,50315252.0000,3
2022-01-26,20220126113000000,sz.002470,2.3400,2.3500,2.3300,2.3400,2763100,6462655.0000,3
2022-01-26,20220126140000000,sz.002470,2.3300,2.3400,2.3100,2.3200,3574600,8318340.0000,3
2022-01-26,20220126150000000,sz.002470,2.3200,2.3300,2.2600,2.2900,10481500,24006604.0000,3
2022-01-27,20220127103000000,sz.002470,2.3000,2.3800,2.2600,2.3500,28041200,65450010.0000,3
2022-01-27,20220127113000000,sz.002470,2.3500,2.3500,2.3300,2.3400,3126000,7317497.0000,3
2022-01-27,20220127140000000,sz.002470,2.3400,2.3700,2.3300,2.3700,5953304,13969172.0000,3
2022-01-27,20220127150000000,sz.002470,2.3700,2.3700,2.3400,2.3700,8598200,20254785.0000,3
2022-01-28,20220128103000000,sz.002470,2.4500,2.4900,2.4100,2.4900,14360900,35405597.0000,3
2022-01-28,20220128113000000,sz.002470,2.4900,2.4900,2.4900,2.4900,164300,409107.0000,3
2022-01-28,20220128140000000,sz.002470,2.4900,2.4900,2.4900,2.4900,141700,352833.0000,3
2022-01-28,20220128150000000,sz.002470,2.4900,2.4900,2.4900,2.4900,653900,1628211.0000,3
2022-02-07,20220207103000000,sz.002470,2.5500,2.6100,2.5400,2.6100,17628500,45623250.0000,3
2022-02-07,20220207113000000,sz.002470,2.6100,2.6100,2.6100,2.6100,335500,875655.0000,3
2022-02-07,20220207140000000,sz.002470,2.6100,2.6100,2.6100,2.6100,159300,415773.0000,3
2022-02-07,20220207150000000,sz.002470,2.6100,2.6100,2.6100,2.6100,581200,1516932.0000,3
2022-02-08,20220208103000000,sz.002470,2.7400,2.7400,2.6400,2.7100,45624469,124115211.0000,3
2022-02-08,20220208113000000,sz.002470,2.7100,2.7400,2.7100,2.7300,14594004,39876449.0000,3
2022-02-08,20220208140000000,sz.002470,2.7200,2.7400,2.7200,2.7300,3931081,10726067.0000,3
2022-02-08,20220208150000000,sz.002470,2.7300,2.7400,2.7100,2.7200,10202815,27842118.0000,3
2022-02-09,20220209103000000,sz.002470,2.7200,2.7300,2.6400,2.7000,23712600,63777428.0000,3
2022-02-09,20220209113000000,sz.002470,2.7100,2.7400,2.7000,2.7300,4672900,12705699.0000,3
2022-02-09,20220209140000000,sz.002470,2.7300,2.7800,2.7200,2.7400,8610900,23716122.0000,3
2022-02-09,20220209150000000,sz.002470,2.7400,2.7500,2.7300,2.7400,4931669,13501474.0000,3
2022-02-10,20220210103000000,sz.002470,2.7300,2.8300,2.7100,2.7600,20113000,55809691.0000,3
2022-02-10,20220210113000000,sz.002470,2.7500,2.7600,2.7200,2.7200,4943400,13541275.0000,3
2022-02-10,20220210140000000,sz.002470,2.7200,2.7300,2.6700,2.6900,8559700,23103866.0000,3
2022-02-10,20220210150000000,sz.002470,2.6900,2.7200,2.6800,2.6800,5038100,13586497.0000,3
2022-02-11,20220211103000000,sz.002470,2.6700,2.7400,2.6500,2.7200,11521500,31070088.0000,3
2022-02-11,20220211113000000,sz.002470,2.7200,2.7300,2.7000,2.7200,2990600,8128900.0000,3
2022-02-11,20220211140000000,sz.002470,2.7200,2.7200,2.6800,2.6800,4434500,11956071.0000,3
2022-02-11,20220211150000000,sz.002470,2.6800,2.7000,2.6800,2.6900,6622800,17807632.0000,3
2022-02-14,20220214103000000,sz.002470,2.6600,2.7200,2.6500,2.7000,11937300,32133319.0000,3
2022-02-14,20220214113000000,sz.002470,2.7000,2.7100,2.6900,2.7000,2002900,5407476.0000,3
2022-02-14,20220214140000000,sz.002470,2.7000,2.7100,2.6800,2.6900,3060300,8239150.0000,3
2022-02-14,20220214150000000,sz.002470,2.6900,2.8200,2.6900,2.7900,25292100,70308026.0000,3
2022-02-15,20220215103000000,sz.002470,2.7600,2.7800,2.7000,2.7400,15791100,43296316.0000,3
2022-02-15,20220215113000000,sz.002470,2.7400,2.7600,2.7100,2.7100,5420700,14818496.0000,3
2022-02-15,20220215140000000,sz.002470,2.7100,2.7200,2.6700,2.7000,7965800,21483605.0000,3
2022-02-15,20220215150000000,sz.002470,2.7000,2.7200,2.6800,2.7100,6266650,16939760.0000,3
2022-02-16,20220216103000000,sz.002470,2.7000,2.7700,2.6800,2.7500,9459300,25904392.0000,3
2022-02-16,20220216113000000,sz.002470,2.7500,2.7600,2.7400,2.7600,1537100,4227892.0000,3
2022-02-16,20220216140000000,sz.002470,2.7600,2.7600,2.7400,2.7500,1732200,4765622.0000,3
2022-02-16,20220216150000000,sz.002470,2.7500,2.7600,2.7200,2.7400,3583300,9804491.0000,3
2022-02-17,20220217103000000,sz.002470,2.7100,2.8000,2.7100,2.7700,12056000,33319781.0000,3
2022-02-17,20220217113000000,sz.002470,2.7700,2.8300,2.7700,2.8000,7101400,19862358.0000,3
2022-02-17,20220217140000000,sz.002470,2.8000,2.8100,2.7800,2.7800,4264300,11890291.0000,3
2022-02-17,20220217150000000,sz.002470,2.7800,2.7900,2.7500,2.7600,4881900,13507083.0000,3
2022-02-18,20220218103000000,sz.002470,2.7900,2.8200,2.7400,2.7600,16725700,46589573.0000,3
2022-02-18,20220218113000000,sz.002470,2.7500,2.7900,2.7500,2.7800,3980700,11037222.0000,3
2022-02-18,20220218140000000,sz.002470,2.7800,2.7900,2.7600,2.7700,2862900,7928745.0000,3
2022-02-18,20220218150000000,sz.002470,2.7700,2.7700,2.7500,2.7600,4775544,13185024.0000,3
2022-02-21,20220221103000000,sz.002470,2.7500,2.7800,2.7300,2.7500,9683000,26701681.0000,3
2022-02-21,20220221113000000,sz.002470,2.7500,2.7700,2.7300,2.7700,4428700,12170097.0000,3
2022-02-21,20220221140000000,sz.002470,2.7700,2.7700,2.7500,2.7500,2657300,7336424.0000,3
2022-02-21,20220221150000000,sz.002470,2.7500,2.7700,2.7500,2.7600,4371150,12064810.0000,3
2022-02-22,20220222103000000,sz.002470,2.7400,2.7500,2.7100,2.7300,10609014,28940755.0000,3
2022-02-22,20220222113000000,sz.002470,2.7200,2.7400,2.7200,2.7300,2460600,6716845.0000,3
2022-02-22,20220222140000000,sz.002470,2.7300,2.7400,2.7200,2.7300,3637100,9933285.0000,3
2022-02-22,20220222150000000,sz.002470,2.7300,2.7400,2.7200,2.7200,4061800,11082248.0000,3
2022-02-23,20220223103000000,sz.002470,2.7500,2.7800,2.7400,2.7700,8600700,23726027.0000,3
2022-02-23,20220223113000000,sz.002470,2.7700,2.7700,2.7500,2.7600,2053800,5666600.0000,3
2022-02-23,20220223140000000,sz.002470,2.7700,2.7700,2.7200,2.7300,5407800,14826585.0000,3
2022-02-23,20220223150000000,sz.002470,2.7300,2.7500,2.7200,2.7500,4403500,12053851.0000,3
2022-02-24,20220224103000000,sz.002470,2.7400,2.7700,2.7100,2.7600,9826600,26952922.0000,3
2022-02-24,20220224113000000,sz.002470,2.7600,2.7700,2.7500,2.7500,2799800,7715996.0000,3
2022-02-24,20220224140000000,sz.002470,2.7500,2.7500,2.7000,2.7300,11739300,31974704.0000,3
2022-02-24,20220224150000000,sz.002470,2.7300,2.7300,2.6200,2.6600,19534900,52127041.0000,3
2022-02-25,20220225103000000,sz.002470,2.6800,2.7900,2.6800,2.7700,39521548,109478533.0000,3
2022-02-25,20220225113000000,sz.002470,2.7600,2.7700,2.7500,2.7600,4373400,12072845.0000,3
2022-02-25,20220225140000000,sz.002470,2.7600,2.7900,2.7500,2.7800,7410600,20569063.0000,3
2022-02-25,20220225150000000,sz.002470,2.7800,2.7900,2.7700,2.7800,13046850,36374326.0000,3
2022-02-28,20220228103000000,sz.002470,2.7600,2.8000,2.7500,2.7900,21465948,59516387.0000,3
2022-02-28,20220228113000000,sz.002470,2.7800,2.7900,2.7600,2.7700,4063100,11256147.0000,3
2022-02-28,20220228140000000,sz.002470,2.7700,2.7800,2.7600,2.7700,2916747,8078960.0000,3
2022-02-28,20220228150000000,sz.002470,2.7700,2.7900,2.7700,2.7700,7010000,19469555.0000,3
2022-03-01,20220301103000000,sz.002470,2.7800,2.8100,2.7500,2.7500,15446100,42848024.0000,3
2022-03-01,20220301113000000,sz.002470,2.7500,2.7700,2.7500,2.7600,2690800,7421051.0000,3
2022-03-01,20220301140000000,sz.002470,2.7600,2.7700,2.7500,2.7600,3505100,9664465.0000,3
2022-03-01,20220301150000000,sz.002470,2.7600,2.7700,2.7500,2.7500,4206900,11605068.0000,3
2022-03-02,20220302103000000,sz.002470,2.7700,2.8000,2.7400,2.7600,10310900,28529501.0000,3
2022-03-02,20220302113000000,sz.002470,2.7600,2.7700,2.7600,2.7700,1362600,3764484.0000,3
2022-03-02,20220302140000000,sz.002470,2.7700,2.7700,2.6800,2.7000,13508600,36857268.0000,3
2022-03-02,20220302150000000,sz.002470,2.7000,2.7400,2.7000,2.7300,5699800,15516164.0000,3
2022-03-03,20220303103000000,sz.002470,2.7200,2.7400,2.6900,2.6900,11784600,31900610.0000,3
2022-03-03,20220303113000000,sz.002470,2.6900,2.7200,2.6800,2.7100,4848700,13089549.0000,3
2022-03-03,20220303140000000,sz.002470,2.7100,2.7200,2.6900,2.7000,3967300,10712947.0000,3
2022-03-03,20220303150000000,sz.002470,2.7000,2.7100,2.6800,2.6800,7915000,21277393.0000,3
2022-03-04,20220304103000000,sz.002470,2.6900,2.7400,2.6900,2.7100,10255100,27811984.0000,3
2022-03-04,20220304113000000,sz.002470,2.7100,2.7200,2.7000,2.7000,2553900,6910199.0000,3
2022-03-04,20220304140000000,sz.002470,2.7100,2.7100,2.6900,2.7100,2774800,7492026.0000,3
2022-03-04,20220304150000000,sz.002470,2.7100,2.7800,2.6900,2.7700,12462900,34126775.0000,3
2022-03-07,20220307103000000,sz.002470,2.8200,2.8200,2.7600,2.7800,15700100,43744521.0000,3
2022-03-07,20220307113000000,sz.002470,2.7800,2.7800,2.7600,2.7700,3388200,9392332.0000,3
2022-03-07,20220307140000000,sz.002470,2.7800,2.7800,2.7500,2.7600,4406600,12185462.0000,3
2022-03-07,20220307150000000,sz.002470,2.7600,2.7700,2.7500,2.7500,4386700,12090520.0000,3
2022-03-08,20220308103000000,sz.002470,2.7500,2.7500,2.7000,2.7200,8924500,24290797.0000,3
2022-03-08,20220308113000000,sz.002470,2.7100,2.7200,2.6700,2.7000,7741600,20923306.0000,3
2022-03-08,20220308140000000,sz.002470,2.7000,2.7800,2.6900,2.7600,8120176,22310856.0000,3
2022-03-08,20220308150000000,sz.002470,2.7600,2.7600,2.7200,2.7300,4330524,11856619.0000,3
2022-03-09,20220309103000000,sz.002470,2.7000,2.7400,2.7000,2.7200,7264900,19731862.0000,3
2022-03-09,20220309113000000,sz.002470,2.7200,2.7200,2.6900,2.7000,4521400,12224625.0000,3
2022-03-09,20220309140000000,sz.002470,2.7000,2.7000,2.6000,2.6500,16952210,44986778.0000,3
2022-03-09,20220309150000000,sz.002470,2.6500,2.6900,2.6300,2.6800,7067400,18808483.0000,3
2022-03-10,20220310103000000,sz.002470,2.7100,2.7300,2.6800,2.7000,8519700,23001300.0000,3
2022-03-10,20220310113000000,sz.002470,2.7000,2.7300,2.6900,2.7300,3134200,8495458.0000,3
2022-03-10,20220310140000000,sz.002470,2.7300,2.7500,2.7100,2.7200,4862400,13269172.0000,3
2022-03-10,20220310150000000,sz.002470,2.7200,2.7300,2.7000,2.7100,3638100,9876679.0000,3
2022-03-11,20220311103000000,sz.002470,2.7100,2.7200,2.6700,2.7100,8197400,22104435.0000,3
2022-03-11,20220311113000000,sz.002470,2.7100,2.7900,2.7000,2.7500,11746400,32305688.0000,3
2022-03-11,20220311140000000,sz.002470,2.7500,2.7500,2.7300,2.7400,2797500,7659296.0000,3
2022-03-11,20220311150000000,sz.002470,2.7400,2.7700,2.7300,2.7500,6013062,16541649.0000,3
2022-03-14,20220314103000000,sz.002470,2.7500,2.7700,2.7200,2.7400,8604400,23616652.0000,3
2022-03-14,20220314113000000,sz.002470,2.7400,2.7500,2.7300,2.7400,2279600,6247217.0000,3
2022-03-14,20220314140000000,sz.002470,2.7400,2.7500,2.7100,2.7200,3881600,10598445.0000,3
2022-03-14,20220314150000000,sz.002470,2.7200,2.7400,2.7100,2.7200,4912400,13363877.0000,3
2022-03-15,20220315103000000,sz.002470,2.7100,2.7100,2.6100,2.6700,15210469,40549435.0000,3
2022-03-15,20220315113000000,sz.002470,2.6700,2.7000,2.6700,2.6700,2684000,7194670.0000,3
2022-03-15,20220315140000000,sz.002470,2.6700,2.6800,2.6300,2.6400,5282031,13990939.0000,3
2022-03-15,20220315150000000,sz.002470,2.6400,2.6500,2.6000,2.6200,11002700,28884274.0000,3
2022-03-16,20220316103000000,sz.002470,2.6600,2.6600,2.5400,2.5800,16089100,41942494.0000,3
2022-03-16,20220316113000000,sz.002470,2.5800,2.6000,2.5300,2.5700,7685200,19679273.0000,3
2022-03-16,20220316140000000,sz.002470,2.5700,2.6400,2.5600,2.6300,6957365,18176820.0000,3
2022-03-16,20220316150000000,sz.002470,2.6300,2.6400,2.6200,2.6400,5090200,13396758.0000,3
2022-03-17,20220317103000000,sz.002470,2.6500,2.6900,2.6200,2.6600,11678900,30979029.0000,3
2022-03-17,20220317113000000,sz.002470,2.6600,2.6800,2.6500,2.6800,3906500,10417598.0000,3
2022-03-17,20220317140000000,sz.002470,2.6800,2.6800,2.6500,2.6500,3080000,8199775.0000,3
2022-03-17,20220317150000000,sz.002470,2.6500,2.6600,2.6400,2.6600,6399660,16960636.0000,3
2022-03-18,20220318103000000,sz.002470,2.6600,2.7000,2.6400,2.6700,10751200,28666435.0000,3
2022-03-18,20220318113000000,sz.002470,2.6700,2.6800,2.6500,2.6700,5563400,14799563.0000,3
2022-03-18,20220318140000000,sz.002470,2.6700,2.7000,2.6700,2.6800,5747100,15420975.0000,3
2022-03-18,20220318150000000,sz.002470,2.6800,2.7000,2.6800,2.6900,4724800,12700677.0000,3
2022-03-21,20220321103000000,sz.002470,2.7200,2.7700,2.6900,2.7500,13513638,36814824.0000,3
2022-03-21,20220321113000000,sz.002470,2.7500,2.7800,2.7300,2.7700,12329600,33898002.0000,3
2022-03-21,20220321140000000,sz.002470,2.7700,2.8200,2.7700,2.8200,28507022,80187653.0000,3
2022-03-21,20220321150000000,sz.002470,2.8200,2.8200,2.8200,2.8200,1349569,3805784.0000,3
2022-03-22,20220322103000000,sz.002470,2.7700,2.9300,2.7700,2.8700,32523134,92613563.0000,3
2022-03-22,20220322113000000,sz.002470,2.8700,2.8800,2.8200,2.8500,8612600,24515645.0000,3
2022-03-22,20220322140000000,sz.002470,2.8500,2.8700,2.8200,2.8300,3171820,9016077.0000,3
2022-03-22,20220322150000000,sz.002470,2.8400,2.8400,2.7900,2.8100,6896880,19386155.0000,3
2022-03-23,20220323103000000,sz.002470,2.7900,2.8600,2.7900,2.8200,14888500,42087514.0000,3
2022-03-23,20220323113000000,sz.002470,2.8200,2.8400,2.8100,2.8200,3426624,9675079.0000,3
2022-03-23,20220323140000000,sz.002470,2.8200,2.8300,2.8100,2.8200,3335400,9412340.0000,3
2022-03-23,20220323150000000,sz.002470,2.8200,2.8300,2.8000,2.8200,5911062,16634664.0000,3
2022-03-24,20220324103000000,sz.002470,2.8300,2.8500,2.7900,2.8300,15795500,44578599.0000,3
2022-03-24,20220324113000000,sz.002470,2.8300,2.8300,2.8000,2.8100,5450200,15328342.0000,3
2022-03-24,20220324140000000,sz.002470,2.8100,2.8200,2.7900,2.8200,5468600,15321684.0000,3
2022-03-24,20220324150000000,sz.002470,2.8200,2.8200,2.7900,2.7900,6642900,18612887.0000,3
2022-03-25,20220325103000000,sz.002470,2.7600,2.7800,2.7300,2.7400,13654800,37605833.0000,3
2022-03-25,20220325113000000,sz.002470,2.7400,2.7800,2.7400,2.7400,5369500,14792341.0000,3
2022-03-25,20220325140000000,sz.002470,2.7400,2.7500,2.7000,2.7200,11321900,30830728.0000,3
2022-03-25,20220325150000000,sz.002470,2.7200,2.7300,2.7000,2.7000,6497200,17629676.0000,3
2022-03-28,20220328103000000,sz.002470,2.6800,2.6900,2.6400,2.6700,15503900,41276719.0000,3
2022-03-28,20220328113000000,sz.002470,2.6700,2.6800,2.6600,2.6700,3222900,8594891.0000,3
2022-03-28,20220328140000000,sz.002470,2.6700,2.6800,2.6500,2.6600,3941500,10482846.0000,3
2022-03-28,20220328150000000,sz.002470,2.6600,2.6600,2.6300,2.6500,9824800,25934862.0000,3
2022-03-29,20220329103000000,sz.002470,2.6600,2.7200,2.6600,2.6900,9402712,25263213.0000,3
2022-03-29,20220329113000000,sz.002470,2.6900,2.7300,2.6900,2.7100,8369500,22686831.0000,3
2022-03-29,20220329140000000,sz.002470,2.7100,2.7300,2.6900,2.7200,7088591,19182846.0000,3
2022-03-29,20220329150000000,sz.002470,2.7200,2.7600,2.7100,2.7200,9127169,24930815.0000,3
2022-03-30,20220330103000000,sz.002470,2.7000,2.7100,2.6500,2.6700,14316903,38348422.0000,3
2022-03-30,20220330113000000,sz.002470,2.6700,2.6900,2.6700,2.6900,2027900,5427177.0000,3
2022-03-30,20220330140000000,sz.002470,2.6900,2.7000,2.6700,2.6900,3970700,10658779.0000,3
2022-03-30,20220330150000000,sz.002470,2.6900,2.7000,2.6600,2.6600,6362000,17013748.0000,3
2022-03-31,20220331103000000,sz.002470,2.7000,2.7300,2.6900,2.7000,11747600,31838154.0000,3
2022-03-31,20220331113000000,sz.002470,2.7100,2.7100,2.6900,2.6900,2584100,6985586.0000,3
2022-03-31,20220331140000000,sz.002470,2.7000,2.7000,2.6700,2.6800,6789800,18204483.0000,3
2022-03-31,20220331150000000,sz.002470,2.6800,2.6900,2.6700,2.6800,3316000,8877944.0000,3
2022-04-01,20220401103000000,sz.002470,2.6600,2.6900,2.6500,2.6700,6447347,17232618.0000,3
2022-04-01,20220401113000000,sz.002470,2.6700,2.6900,2.6600,2.6700,4118453,11026538.0000,3
2022-04-01,20220401140000000,sz.002470,2.6700,2.6800,2.6700,2.6700,3524900,9422004.0000,3
2022-04-01,20220401150000000,sz.002470,2.6700,2.6900,2.6700,2.6800,5489960,14695218.0000,3
2022-04-06,20220406103000000,sz.002470,2.6700,2.6800,2.6300,2.6400,13833800,36723129.0000,3
2022-04-06,20220406113000000,sz.002470,2.6400,2.6600,2.6300,2.6500,3759100,9937048.0000,3
2022-04-06,20220406140000000,sz.002470,2.6500,2.6700,2.6400,2.6600,3283700,8707479.0000,3
2022-04-06,20220406150000000,sz.002470,2.6600,2.6600,2.6500,2.6500,4039000,10710475.0000,3
2022-04-07,20220407103000000,sz.002470,2.6400,2.6500,2.6300,2.6500,5135266,13565978.0000,3
2022-04-07,20220407113000000,sz.002470,2.6400,2.7000,2.6300,2.6800,9465573,25295889.0000,3
2022-04-07,20220407140000000,sz.002470,2.6800,2.6800,2.6600,2.6700,3401240,9079892.0000,3
2022-04-07,20220407150000000,sz.002470,2.6700,2.6900,2.6600,2.6600,4994800,13333016.0000,3
2022-04-08,20220408103000000,sz.002470,2.6600,2.7200,2.6600,2.6900,11819904,31791414.0000,3
2022-04-08,20220408113000000,sz.002470,2.6900,2.7900,2.6800,2.7900,28196620,77686880.0000,3
2022-04-08,20220408140000000,sz.002470,2.7900,2.7900,2.7700,2.7800,15748700,43884817.0000,3
2022-04-08,20220408150000000,sz.002470,2.7800,2.7900,2.7600,2.7700,7773000,21560490.0000,3
2022-04-11,20220411103000000,sz.002470,2.7300,2.7600,2.7000,2.7000,25021200,68184124.0000,3
2022-04-11,20220411113000000,sz.002470,2.7100,2.7200,2.6900,2.7200,7230600,19530448.0000,3
2022-04-11,20220411140000000,sz.002470,2.7100,2.7500,2.7000,2.7500,7009649,19106234.0000,3
2022-04-11,20220411150000000,sz.002470,2.7400,2.7500,2.7000,2.7200,6152031,16745516.0000,3
2022-04-12,20220412103000000,sz.002470,2.7100,2.7600,2.7000,2.7400,10940900,29925884.0000,3
2022-04-12,20220412113000000,sz.002470,2.7400,2.7400,2.7200,2.7200,2793400,7619186.0000,3
2022-04-12,20220412140000000,sz.002470,2.7200,2.7400,2.7200,2.7300,5223700,14256458.0000,3
2022-04-12,20220412150000000,sz.002470,2.7300,2.7400,2.7200,2.7400,4831700,13203564.0000,3
2022-04-13,20220413103000000,sz.002470,2.7300,2.7600,2.7100,2.7200,9427500,25791087.0000,3
2022-04-13,20220413113000000,sz.002470,2.7300,2.7500,2.7200,2.7400,3659780,10015243.0000,3
2022-04-13,20220413140000000,sz.002470,2.7300,2.7800,2.7300,2.7600,8652100,23909021.0000,3
2022-04-13,20220413150000000,sz.002470,2.7600,2.7700,2.7400,2.7600,5695900,15682249.0000,3
2022-04-14,20220414103000000,sz.002470,2.7600,2.8000,2.7400,2.7800,10415200,28773814.0000,3
2022-04-14,20220414113000000,sz.002470,2.7800,2.8800,2.7700,2.8500,17620500,49912714.0000,3
2022-04-14,20220414140000000,sz.002470,2.8400,2.8900,2.8400,2.8500,13336000,38271153.0000,3
2022-04-14,20220414150000000,sz.002470,2.8600,2.8800,2.8500,2.8500,7836000,22437223.0000,3
2022-04-15,20220415103000000,sz.002470,2.8400,2.8900,2.8100,2.8900,17494500,49881309.0000,3
2022-04-15,20220415113000000,sz.002470,2.8900,2.8900,2.8500,2.8600,5487261,15726108.0000,3
2022-04-15,20220415140000000,sz.002470,2.8600,2.8600,2.8400,2.8600,4678339,13344576.0000,3
2022-04-15,20220415150000000,sz.002470,2.8600,2.8600,2.7800,2.8000,14355000,40493093.0000,3
2022-04-18,20220418103000000,sz.002470,2.8100,2.9400,2.7600,2.9400,33786800,96519313.0000,3
2022-04-18,20220418113000000,sz.002470,2.9400,2.9400,2.9400,2.9400,3382500,9944550.0000,3
2022-04-18,20220418140000000,sz.002470,2.9400,2.9400,2.9400,2.9400,890800,2618952.0000,3
2022-04-18,20220418150000000,sz.002470,2.9400,2.9400,2.9400,2.9400,761500,2238810.0000,3
2022-04-19,20220419103000000,sz.002470,3.0900,3.0900,3.0900,3.0900,2281600,7050144.0000,3
2022-04-19,20220419113000000,sz.002470,3.0900,3.0900,3.0900,3.0900,176400,545076.0000,3
2022-04-19,20220419140000000,sz.002470,3.0900,3.0900,3.0900,3.0900,219100,677019.0000,3
2022-04-19,20220419150000000,sz.002470,3.0900,3.0900,3.0900,3.0900,191800,592662.0000,3
2022-04-20,20220420103000000,sz.002470,3.2400,3.2400,3.0900,3.1200,77350556,246247267.0000,3
2022-04-20,20220420113000000,sz.002470,3.1200,3.2300,3.1100,3.1900,23019280,73118989.0000,3
2022-04-20,20220420140000000,sz.002470,3.2000,3.2200,3.1400,3.1500,14718020,46841920.0000,3
2022-04-20,20220420150000000,sz.002470,3.1400,3.1700,3.0500,3.1700,24037840,75267152.0000,3
2022-04-21,20220421103000000,sz.002470,3.2400,3.3100,3.1800,3.2600,60809777,197643049.0000,3
2022-04-21,20220421113000000,sz.002470,3.2500,3.2700,3.2400,3.2400,7508732,24468266.0000,3
2022-04-21,20220421140000000,sz.002470,3.2400,3.2700,3.2100,3.2100,11051700,35805070.0000,3
2022-04-21,20220421150000000,sz.002470,3.2200,3.2500,3.1700,3.1900,19054704,61105055.0000,3
2022-04-22,20220422103000000,sz.002470,3.1200,3.1500,3.0300,3.0800,40302000,124124848.0000,3
2022-04-22,20220422113000000,sz.002470,3.0800,3.0800,3.0300,3.0400,13624200,41508409.0000,3
2022-04-22,20220422140000000,sz.002470,3.0400,3.0600,3.0300,3.0500,8495900,25882618.0000,3
2022-04-22,20220422150000000,sz.002470,3.0500,3.0500,3.0300,3.0300,9013236,27338119.0000,3
2022-04-25,20220425103000000,sz.002470,3.0000,3.1700,2.9500,3.0900,40041400,123345052.0000,3
2022-04-25,20220425113000000,sz.002470,3.0900,3.1300,3.0800,3.1000,7454400,23119193.0000,3
2022-04-25,20220425140000000,sz.002470,3.0900,3.1000,2.9700,2.9800,18966500,57631561.0000,3
2022-04-25,20220425150000000,sz.002470,2.9800,3.0200,2.9400,2.9500,17481500,52022455.0000,3
2022-04-26,20220426103000000,sz.002470,3.0900,3.1000,3.0200,3.1000,25020173,77301688.0000,3
2022-04-26,20220426113000000,sz.002470,3.1000,3.1000,3.1000,3.1000,1969700,6106070.0000,3
2022-04-26,20220426140000000,sz.002470,3.1000,3.1000,3.1000,3.1000,830400,2574240.0000,3
2022-04-26,20220426150000000,sz.002470,3.1000,3.1000,3.1000,3.1000,1374800,4261880.0000,3
2022-04-27,20220427103000000,sz.002470,3.1000,3.1000,2.9500,2.9500,39567500,118097492.0000,3
2022-04-27,20220427113000000,sz.002470,2.9500,2.9500,2.9500,2.9500,943300,2782735.0000,3
2022-04-27,20220427140000000,sz.002470,2.9500,2.9700,2.9500,2.9500,12763200,37658075.0000,3
2022-04-27,20220427150000000,sz.002470,2.9500,2.9500,2.9500,2.9500,4178900,12327755.0000,3
2022-04-28,20220428103000000,sz.002470,2.8800,2.9300,2.8000,2.8500,37589000,106546338.0000,3
2022-04-28,20220428113000000,sz.002470,2.8500,2.8500,2.8000,2.8100,5987000,16865010.0000,3
2022-04-28,20220428140000000,sz.002470,2.8000,2.8100,2.8000,2.8000,5850900,16385628.0000,3
2022-04-28,20220428150000000,sz.002470,2.8000,2.8000,2.8000,2.8000,1647700,4613560.0000,3
2022-04-29,20220429103000000,sz.002470,2.8500,2.8800,2.6600,2.7100,37018574,101199276.0000,3
2022-04-29,20220429113000000,sz.002470,2.7100,2.8100,2.7100,2.7700,9556400,26415944.0000,3
2022-04-29,20220429140000000,sz.002470,2.7800,2.8000,2.7500,2.7700,8182700,22703812.0000,3
2022-04-29,20220429150000000,sz.002470,2.7700,2.8000,2.7500,2.7900,10306200,28603136.0000,3
2022-05-05,20220505103000000,sz.002470,2.6700,2.7300,2.6600,2.6800,25547300,68586516.0000,3
2022-05-05,20220505113000000,sz.002470,2.6800,2.6800,2.6500,2.6500,12813700,34137054.0000,3
2022-05-05,20220505140000000,sz.002470,2.6600,2.6600,2.6500,2.6500,13262500,35155582.0000,3
2022-05-05,20220505150000000,sz.002470,2.6500,2.6600,2.6500,2.6500,7574900,20093443.0000,3
2022-05-06,20220506103000000,sz.002470,2.6100,2.7200,2.6100,2.6800,20842400,55778274.0000,3
2022-05-06,20220506113000000,sz.002470,2.6800,2.6800,2.6400,2.6500,5700200,15161293.0000,3
2022-05-06,20220506140000000,sz.002470,2.6400,2.6800,2.6400,2.6700,3620200,9622917.0000,3
2022-05-06,20220506150000000,sz.002470,2.6700,2.7100,2.6600,2.7000,9713776,26092902.0000,3
2022-05-09,20220509103000000,sz.002470,2.7200,2.7300,2.6800,2.7000,13734800,37133044.0000,3
2022-05-09,20220509113000000,sz.002470,2.7000,2.7500,2.6900,2.7200,8003300,21785949.0000,3
2022-05-09,20220509140000000,sz.002470,2.7300,2.7400,2.7000,2.7100,5754100,15632799.0000,3
2022-05-09,20220509150000000,sz.002470,2.7100,2.7100,2.7000,2.7000,3797600,10259771.0000,3
2022-05-10,20220510103000000,sz.002470,2.6800,2.7000,2.6300,2.6500,16202202,43004701.0000,3
2022-05-10,20220510113000000,sz.002470,2.6500,2.6600,2.6400,2.6500,5145573,13632277.0000,3
2022-05-10,20220510140000000,sz.002470,2.6500,2.6500,2.5700,2.5800,22845627,59584797.0000,3
2022-05-10,20220510150000000,sz.002470,2.5800,2.5900,2.5700,2.5800,19036200,48980822.0000,3
2022-05-11,20220511103000000,sz.002470,2.5800,2.5800,2.4600,2.5100,30611000,77065073.0000,3
2022-05-11,20220511113000000,sz.002470,2.5100,2.5500,2.5000,2.5400,6938100,17466570.0000,3
2022-05-11,20220511140000000,sz.002470,2.5300,2.5500,2.5300,2.5500,4237500,10759916.0000,3
2022-05-11,20220511150000000,sz.002470,2.5500,2.5500,2.5300,2.5400,5444700,13848443.0000,3
2022-05-12,20220512103000000,sz.002470,2.5300,2.5500,2.5100,2.5200,10098900,25580225.0000,3
2022-05-12,20220512113000000,sz.002470,2.5200,2.5400,2.5000,2.5100,5770036,14545320.0000,3
2022-05-12,20220512140000000,sz.002470,2.5100,2.5100,2.4100,2.4100,39529000,96146248.0000,3
2022-05-12,20220512150000000,sz.002470,2.4100,2.4200,2.4100,2.4100,8857400,21348557.0000,3
2022-05-13,20220513103000000,sz.002470,2.3700,2.4600,2.3500,2.3800,31671200,76037177.0000,3
2022-05-13,20220513113000000,sz.002470,2.3800,2.3900,2.3500,2.3800,8340600,19801757.0000,3
2022-05-13,20220513140000000,sz.002470,2.3900,2.3900,2.2900,2.3100,31333200,72482511.0000,3
2022-05-13,20220513150000000,sz.002470,2.3100,2.3500,2.3000,2.3100,14811200,34218200.0000,3
2022-05-16,20220516103000000,sz.002470,2.3100,2.3800,2.3100,2.3800,27742279,65171236.0000,3
2022-05-16,20220516113000000,sz.002470,2.3800,2.4200,2.3800,2.4000,13019400,31224247.0000,3
2022-05-16,20220516140000000,sz.002470,2.4000,2.4300,2.3900,2.4100,8514900,20534683.0000,3
2022-05-16,20220516150000000,sz.002470,2.4100,2.4300,2.3900,2.4300,10091644,24422001.0000,3
2022-05-17,20220517103000000,sz.002470,2.4300,2.4600,2.3900,2.4000,21836636,52841371.0000,3
2022-05-17,20220517113000000,sz.002470,2.4000,2.4100,2.4000,2.4000,3519100,8467235.0000,3
2022-05-17,20220517140000000,sz.002470,2.4000,2.4300,2.4000,2.4100,5240100,12670254.0000,3
2022-05-17,20220517150000000,sz.002470,2.4100,2.4200,2.4000,2.4100,6040900,14553693.0000,3
2022-05-18,20220518103000000,sz.002470,2.3900,2.4400,2.3600,2.4000,14740900,35327710.0000,3
2022-05-18,20220518113000000,sz.002470,2.4000,2.4100,2.3900,2.3900,1661900,3981717.0000,3
2022-05-18,20220518140000000,sz.002470,2.4000,2.4100,2.3900,2.4100,3150500,7563211.0000,3
2022-05-18,20220518150000000,sz.002470,2.4100,2.4100,2.3900,2.3900,4576400,10975009.0000,3
2022-05-19,20220519103000000,sz.002470,2.3600,2.4500,2.3400,2.4100,14758900,35508492.0000,3
2022-05-19,20220519113000000,sz.002470,2.4200,2.4300,2.4000,2.4200,3430500,8281509.0000,3
2022-05-19,20220519140000000,sz.002470,2.4200,2.4200,2.4100,2.4200,1668700,4027251.0000,3
2022-05-19,20220519150000000,sz.002470,2.4200,2.4400,2.4100,2.4100,6467900,15675409.0000,3
2022-05-20,20220520103000000,sz.002470,2.4100,2.4400,2.4100,2.4200,9861100,23881607.0000,3
2022-05-20,20220520113000000,sz.002470,2.4200,2.4300,2.4100,2.4300,5922500,14349233.0000,3
2022-05-20,20220520140000000,sz.002470,2.4400,2.4900,2.4300,2.4900,10574900,25963014.0000,3
2022-05-20,20220520150000000,sz.002470,2.4900,2.5000,2.4700,2.4700,9643200,23912905.0000,3
2022-05-23,20220523103000000,sz.002470,2.4500,2.5100,2.4400,2.4700,16000900,39566842.0000,3
2022-05-23,20220523113000000,sz.002470,2.4700,2.5100,2.4600,2.5100,6133700,15275664.0000,3
2022-05-23,20220523140000000,sz.002470,2.5100,2.5100,2.4900,2.5000,4510700,11278682.0000,3
2022-05-23,20220523150000000,sz.002470,2.5000,2.5400,2.5000,2.5100,7896800,19899792.0000,3
2022-05-24,20220524103000000,sz.002470,2.4900,2.5000,2.3900,2.4100,28144100,68647743.0000,3
2022-05-24,20220524113000000,sz.002470,2.4100,2.4200,2.3900,2.4000,8789000,21095070.0000,3
2022-05-24,20220524140000000,sz.002470,2.4000,2.4000,2.3800,2.4000,7177600,17139804.0000,3
2022-05-24,20220524150000000,sz.002470,2.4000,2.4000,2.3800,2.3800,9758500,23236765.0000,3
2022-05-25,20220525103000000,sz.002470,2.3600,2.4000,2.3200,2.3700,15779175,37256341.0000,3
2022-05-25,20220525113000000,sz.002470,2.3700,2.4000,2.3600,2.4000,3075000,7307271.0000,3
2022-05-25,20220525140000000,sz.002470,2.3900,2.4000,2.3800,2.4000,2340800,5599206.0000,3
2022-05-25,20220525150000000,sz.002470,2.4000,2.4000,2.3900,2.3900,3896000,9327751.0000,3
2022-05-26,20220526103000000,sz.002470,2.3800,2.4100,2.3700,2.4100,9986800,23812975.0000,3
2022-05-26,20220526113000000,sz.002470,2.4100,2.4300,2.4000,2.4000,4877100,11760883.0000,3
2022-05-26,20220526140000000,sz.002470,2.4100,2.4100,2.3700,2.3800,6705500,16004916.0000,3
2022-05-26,20220526150000000,sz.002470,2.3700,2.3900,2.3700,2.3700,5882200,13969900.0000,3
2022-05-27,20220527103000000,sz.002470,2.3700,2.3900,2.3600,2.3600,8701200,20644512.0000,3
2022-05-27,20220527113000000,sz.002470,2.3600,2.3700,2.3200,2.3300,13407200,31374377.0000,3
2022-05-27,20220527140000000,sz.002470,2.3200,2.3300,2.3100,2.3200,7641900,17735010.0000,3
2022-05-27,20220527150000000,sz.002470,2.3200,2.3500,2.3000,2.3400,8744300,20338225.0000,3
2022-05-30,20220530103000000,sz.002470,2.3400,2.3500,2.3000,2.3200,10992700,25526658.0000,3
2022-05-30,20220530113000000,sz.002470,2.3200,2.3300,2.3100,2.3200,1857300,4314283.0000,3
2022-05-30,20220530140000000,sz.002470,2.3200,2.3500,2.3100,2.3300,5079400,11822510.0000,3
2022-05-30,20220530150000000,sz.002470,2.3300,2.3400,2.3200,2.3200,2832600,6585681.0000,3
2022-05-31,20220531103000000,sz.002470,2.3200,2.3600,2.3100,2.3500,9478100,22183611.0000,3
2022-05-31,20220531113000000,sz.002470,2.3600,2.3600,2.3400,2.3500,3196600,7495799.0000,3
2022-05-31,20220531140000000,sz.002470,2.3500,2.3500,2.3300,2.3400,2063100,4821264.0000,3
2022-05-31,20220531150000000,sz.002470,2.3400,2.3400,2.3200,2.3300,7057800,16435913.0000,3
2022-06-01,20220601103000000,sz.002470,2.3300,2.3800,2.3200,2.3600,9368900,22058998.0000,3
2022-06-01,20220601113000000,sz.002470,2.3600,2.3700,2.3500,2.3600,3306300,7797493.0000,3
2022-06-01,20220601140000000,sz.002470,2.3500,2.4000,2.3500,2.3900,8288500,19690185.0000,3
2022-06-01,20220601150000000,sz.002470,2.3900,2.4100,2.3800,2.3900,7189100,17208022.0000,3
2022-06-02,20220602103000000,sz.002470,2.3800,2.3900,2.3500,2.3600,8226600,19463123.0000,3
2022-06-02,20220602113000000,sz.002470,2.3600,2.3800,2.3600,2.3700,2450200,5804039.0000,3
2022-06-02,20220602140000000,sz.002470,2.3600,2.3700,2.3300,2.3600,6841200,16078672.0000,3
2022-06-02,20220602150000000,sz.002470,2.3500,2.3600,2.3500,2.3600,3443400,8114910.0000,3
2022-06-06,20220606103000000,sz.002470,2.3500,2.3600,2.3200,2.3400,9676800,22593540.0000,3
2022-06-06,20220606113000000,sz.002470,2.3400,2.3600,2.3300,2.3500,4275304,10024774.0000,3
2022-06-06,20220606140000000,sz.002470,2.3500,2.3600,2.3400,2.3500,1797996,4216908.0000,3
2022-06-06,20220606150000000,sz.002470,2.3500,2.3600,2.3300,2.3400,6760600,15816979.0000,3
2022-06-07,20220607103000000,sz.002470,2.3400,2.3800,2.3200,2.3500,13233100,31051508.0000,3
2022-06-07,20220607113000000,sz.002470,2.3500,2.3600,2.3400,2.3500,2338904,5495593.0000,3
2022-06-07,20220607140000000,sz.002470,2.3600,2.3600,2.3400,2.3500,4216600,9904314.0000,3
2022-06-07,20220607150000000,sz.002470,2.3500,2.3600,2.3500,2.3500,3685500,8666558.0000,3
2022-06-08,20220608103000000,sz.002470,2.3400,2.3700,2.3300,2.3400,9284700,21786854.0000,3
2022-06-08,20220608113000000,sz.002470,2.3400,2.3500,2.2400,2.2700,14999700,34501095.0000,3
2022-06-08,20220608140000000,sz.002470,2.2700,2.3100,2.2600,2.3000,7425400,16959731.0000,3
2022-06-08,20220608150000000,sz.002470,2.3000,2.3200,2.3000,2.3100,4762000,11005318.0000,3
2022-06-09,20220609103000000,sz.002470,2.3400,2.4300,2.3400,2.3900,35048708,84275170.0000,3
2022-06-09,20220609113000000,sz.002470,2.3900,2.4100,2.3800,2.4100,5158600,12367640.0000,3
2022-06-09,20220609140000000,sz.002470,2.4100,2.4100,2.3900,2.4000,3473300,8329271.0000,3
2022-06-09,20220609150000000,sz.002470,2.4000,2.4200,2.3900,2.4100,7119600,17152674.0000,3
2022-06-10,20220610103000000,sz.002470,2.3600,2.3700,2.3200,2.3400,18675604,43836114.0000,3
2022-06-10,20220610113000000,sz.002470,2.3400,2.3600,2.3400,2.3500,4546906,10668596.0000,3
2022-06-10,20220610140000000,sz.002470,2.3500,2.3700,2.3500,2.3600,4383200,10349687.0000,3
2022-06-10,20220610150000000,sz.002470,2.3600,2.3800,2.3500,2.3600,4743900,11195846.0000,3
2022-06-13,20220613103000000,sz.002470,2.3600,2.3900,2.3400,2.3600,11632700,27509638.0000,3
2022-06-13,20220613113000000,sz.002470,2.3500,2.3900,2.3500,2.3700,8294800,19709793.0000,3
2022-06-13,20220613140000000,sz.002470,2.3700,2.3800,2.3500,2.3500,5458600,12909571.0000,3
2022-06-13,20220613150000000,sz.002470,2.3500,2.3600,2.3500,2.3600,5355000,12606528.0000,3
2022-06-14,20220614103000000,sz.002470,2.3600,2.3600,2.3200,2.3300,11736600,27418929.0000,3
2022-06-14,20220614113000000,sz.002470,2.3300,2.3400,2.3000,2.3200,7010900,16290992.0000,3
2022-06-14,20220614140000000,sz.002470,2.3200,2.3300,2.3100,2.3200,3505000,8117593.0000,3
2022-06-14,20220614150000000,sz.002470,2.3200,2.3400,2.3100,2.3300,5548300,12922804.0000,3
2022-06-15,20220615103000000,sz.002470,2.3300,2.3400,2.3100,2.3200,9928200,23014315.0000,3
2022-06-15,20220615113000000,sz.002470,2.3200,2.3300,2.3100,2.3300,3843100,8900325.0000,3
2022-06-15,20220615140000000,sz.002470,2.3300,2.3300,2.3100,2.3200,5898000,13696853.0000,3
2022-06-15,20220615150000000,sz.002470,2.3200,2.3300,2.3000,2.3100,7555000,17475945.0000,3
2022-06-16,20220616103000000,sz.002470,2.3100,2.3300,2.2900,2.2900,9291500,21441005.0000,3
2022-06-16,20220616113000000,sz.002470,2.2900,2.3000,2.2800,2.2900,6528100,14952251.0000,3
2022-06-16,20220616140000000,sz.002470,2.2900,2.3000,2.2800,2.2800,3087000,7070192.0000,3
2022-06-16,20220616150000000,sz.002470,2.2800,2.3000,2.2800,2.2900,5056600,11577182.0000,3
2022-06-17,20220617103000000,sz.002470,2.2800,2.3100,2.2700,2.3000,8726000,20035445.0000,3
2022-06-17,20220617113000000,sz.002470,2.3000,2.3000,2.2700,2.2800,5656800,12908511.0000,3
2022-06-17,20220617140000000,sz.002470,2.2800,2.2900,2.2600,2.2700,6197400,14097449.0000,3
2022-06-17,20220617150000000,sz.002470,2.2700,2.2800,2.2400,2.2600,12000900,27117630.0000,3
2022-06-20,20220620103000000,sz.002470,2.2800,2.2800,2.2300,2.2500,8741000,19668690.0000,3
2022-06-20,20220620113000000,sz.002470,2.2500,2.2600,2.2400,2.2500,3994800,8984390.0000,3
2022-06-20,20220620140000000,sz.002470,2.2500,2.2600,2.2300,2.2400,5343700,11979541.0000,3
2022-06-20,20220620150000000,sz.002470,2.2400,2.2500,2.2300,2.2300,5101900,11428921.0000,3
2022-06-21,20220621103000000,sz.002470,2.2400,2.3000,2.2400,2.2600,14181600,32261917.0000,3
2022-06-21,20220621113000000,sz.002470,2.2700,2.2800,2.2600,2.2700,3180500,7205700.0000,3
2022-06-21,20220621140000000,sz.002470,2.2700,2.2800,2.2700,2.2800,1840700,4189174.0000,3
2022-06-21,20220621150000000,sz.002470,2.2700,2.2800,2.2600,2.2700,4807600,10916992.0000,3
2022-06-22,20220622103000000,sz.002470,2.2700,2.2700,2.2400,2.2500,6838400,15414508.0000,3
2022-06-22,20220622113000000,sz.002470,2.2500,2.2600,2.2400,2.2500,2432900,5473264.0000,3
2022-06-22,20220622140000000,sz.002470,2.2400,2.2600,2.2400,2.2500,1618700,3638224.0000,3
2022-06-22,20220622150000000,sz.002470,2.2500,2.2500,2.2400,2.2500,3381900,7587014.0000,3
2022-06-23,20220623103000000,sz.002470,2.2400,2.2500,2.1700,2.1800,14587708,32252761.0000,3
2022-06-23,20220623113000000,sz.002470,2.1700,2.2000,2.1600,2.1900,8729102,19004161.0000,3
2022-06-23,20220623140000000,sz.002470,2.1800,2.2100,2.1800,2.2100,5621104,12307947.0000,3
2022-06-23,20220623150000000,sz.002470,2.2100,2.2200,2.2000,2.2200,5356200,11829712.0000,3
2022-06-24,20220624103000000,sz.002470,2.2200,2.2200,2.1800,2.1900,7098900,15563272.0000,3
2022-06-24,20220624113000000,sz.002470,2.1900,2.2000,2.1800,2.2000,3843300,8410433.0000,3
2022-06-24,20220624140000000,sz.002470,2.2000,2.2000,2.1900,2.1900,3927100,8610604.0000,3
2022-06-24,20220624150000000,sz.002470,2.1900,2.2000,2.1900,2.1900,4478900,9819313.0000,3
2022-06-27,20220627103000000,sz.002470,2.1900,2.2000,2.1300,2.1600,15198508,32716666.0000,3
2022-06-27,20220627113000000,sz.002470,2.1600,2.1600,2.1400,2.1400,4049192,8688583.0000,3
2022-06-27,20220627140000000,sz.002470,2.1400,2.1500,2.1300,2.1500,5465600,11698790.0000,3
2022-06-27,20220627150000000,sz.002470,2.1500,2.1500,2.1400,2.1500,3641700,7806414.0000,3
2022-06-28,20220628103000000,sz.002470,2.1400,2.2000,2.1300,2.1700,10358400,22507819.0000,3
2022-06-28,20220628113000000,sz.002470,2.1700,2.1800,2.1700,2.1700,2409100,5242004.0000,3
2022-06-28,20220628140000000,sz.002470,2.1700,2.1800,2.1600,2.1600,4029700,8755982.0000,3
2022-06-28,20220628150000000,sz.002470,2.1600,2.1700,2.1500,2.1600,4993900,10787018.0000,3
2022-06-29,20220629103000000,sz.002470,2.1600,2.1700,2.1000,2.1100,15039900,31966281.0000,3
2022-06-29,20220629113000000,sz.002470,2.1000,2.1200,2.1000,2.1200,4342200,9168197.0000,3
2022-06-29,20220629140000000,sz.002470,2.1200,2.1200,2.1000,2.1100,3466400,7319062.0000,3
2022-06-29,20220629150000000,sz.002470,2.1100,2.1200,2.1100,2.1100,3891700,8217821.0000,3
2022-06-30,20220630103000000,sz.002470,2.1100,2.1500,2.1000,2.1300,7654194,16269848.0000,3
2022-06-30,20220630113000000,sz.002470,2.1300,2.1400,2.1100,2.1100,5070406,10744739.0000,3
2022-06-30,20220630140000000,sz.002470,2.1200,2.1200,2.1000,2.1100,5216300,11003000.0000,3
2022-06-30,20220630150000000,sz.002470,2.1100,2.1100,2.1000,2.1000,4679200,9851858.0000,3
2022-07-01,20220701103000000,sz.002470,2.1700,2.2100,2.1700,2.2100,23208008,51221052.0000,3
2022-07-01,20220701113000000,sz.002470,2.2100,2.2100,2.2100,2.2100,381700,843557.0000,3
2022-07-01,20220701140000000,sz.002470,2.2100,2.2100,2.2100,2.2100,653100,1443351.0000,3
2022-07-01,20220701150000000,sz.002470,2.2100,2.2100,2.2100,2.2100,241200,533052.0000,3
2022-07-04,20220704103000000,sz.002470,2.2700,2.3200,2.2400,2.3200,33906108,77880313.0000,3
2022-07-04,20220704113000000,sz.002470,2.3200,2.3200,2.3200,2.3200,447000,1037040.0000,3
2022-07-04,20220704140000000,sz.002470,2.3200,2.3200,2.3200,2.3200,208300,483256.0000,3
2022-07-04,20220704150000000,sz.002470,2.3200,2.3200,2.3200,2.3200,269934,626246.0000,3
2022-07-05,20220705103000000,sz.002470,2.3800,2.4400,2.3400,2.4000,52348434,125209421.0000,3
2022-07-05,20220705113000000,sz.002470,2.4000,2.4000,2.3600,2.3700,6488800,15407331.0000,3
2022-07-05,20220705140000000,sz.002470,2.3700,2.3900,2.3600,2.3800,7876000,18708987.0000,3
2022-07-05,20220705150000000,sz.002470,2.3800,2.4000,2.3700,2.3900,10130600,24216117.0000,3
2022-07-06,20220706103000000,sz.002470,2.4000,2.4300,2.3600,2.3700,18230004,43583833.0000,3
2022-07-06,20220706113000000,sz.002470,2.3700,2.3800,2.3300,2.3500,10306096,24190472.0000,3
2022-07-06,20220706140000000,sz.002470,2.3500,2.3600,2.3300,2.3400,2948600,6900523.0000,3
2022-07-06,20220706150000000,sz.002470,2.3400,2.3500,2.3300,2.3300,5338600,12481271.0000,3
2022-07-07,20220707103000000,sz.002470,2.3300,2.4200,2.3100,2.3800,22873665,54353210.0000,3
2022-07-07,20220707113000000,sz.002470,2.3900,2.3900,2.3600,2.3600,4847200,11476018.0000,3
2022-07-07,20220707140000000,sz.002470,2.3700,2.3700,2.3500,2.3700,4439100,10489096.0000,3
2022-07-07,20220707150000000,sz.002470,2.3700,2.4000,2.3600,2.3800,6693390,15903501.0000,3
2022-07-08,20220708103000000,sz.002470,2.3800,2.3800,2.3100,2.3200,15701570,36724487.0000,3
2022-07-08,20220708113000000,sz.002470,2.3200,2.3400,2.3200,2.3300,2506700,5830695.0000,3
2022-07-08,20220708140000000,sz.002470,2.3300,2.3400,2.3200,2.3300,3102300,7222188.0000,3
2022-07-08,20220708150000000,sz.002470,2.3300,2.3400,2.3200,2.3200,3222100,7493027.0000,3
2022-07-11,20220711103000000,sz.002470,2.3000,2.3000,2.2400,2.2700,13032300,29598516.0000,3
2022-07-11,20220711113000000,sz.002470,2.2700,2.2800,2.2500,2.2600,2276500,5155163.0000,3
2022-07-11,20220711140000000,sz.002470,2.2700,2.2700,2.2500,2.2600,2253400,5088019.0000,3
2022-07-11,20220711150000000,sz.002470,2.2600,2.2700,2.2500,2.2600,3793400,8574069.0000,3
