date,time,code,open,high,low,close,volume,amount,adjustflag
2022-01-04,20220104103000000,sz.000592,3.1600,3.2400,3.1400,3.2200,37293667,119306828.0000,3
2022-01-04,20220104113000000,sz.000592,3.2100,3.2700,3.2100,3.2100,18874608,61060029.0000,3
2022-01-04,20220104140000000,sz.000592,3.2200,3.2400,3.2000,3.2300,13632809,43902157.0000,3
2022-01-04,20220104150000000,sz.000592,3.2300,3.2400,3.2100,3.2300,17582400,56724890.0000,3
2022-01-05,20220105103000000,sz.000592,3.2200,3.2800,3.1800,3.1900,35158020,113493289.0000,3
2022-01-05,20220105113000000,sz.000592,3.1800,3.2400,3.1800,3.1900,10092200,32407102.0000,3
2022-01-05,20220105140000000,sz.000592,3.1900,3.1900,3.1600,3.1900,9159200,29119662.0000,3
2022-01-05,20220105150000000,sz.000592,3.1900,3.2100,3.1800,3.2100,9733160,31151189.0000,3
2022-01-06,20220106103000000,sz.000592,3.2000,3.2600,3.1800,3.2300,23261660,75168093.0000,3
2022-01-06,20220106113000000,sz.000592,3.2300,3.2500,3.2100,3.2200,12280200,39649903.0000,3
2022-01-06,20220106140000000,sz.000592,3.2200,3.2500,3.2200,3.2300,10039200,32445931.0000,3
2022-01-06,20220106150000000,sz.000592,3.2300,3.2400,3.2100,3.2400,11748300,37888714.0000,3
2022-01-07,20220107103000000,sz.000592,3.2300,3.2400,3.1700,3.2100,29143242,93218062.0000,3
2022-01-07,20220107113000000,sz.000592,3.2100,3.2200,3.1700,3.1900,10717912,34163294.0000,3
2022-01-07,20220107140000000,sz.000592,3.1800,3.2000,3.1600,3.1600,11981489,38049188.0000,3
2022-01-07,20220107150000000,sz.000592,3.1600,3.1700,3.1300,3.1500,20862900,65592500.0000,3
2022-01-10,20220110103000000,sz.000592,3.1500,3.1900,3.1400,3.1800,17263400,54652199.0000,3
2022-01-10,20220110113000000,sz.000592,3.1800,3.1800,3.1500,3.1600,5733100,18172551.0000,3
2022-01-10,20220110140000000,sz.000592,3.1700,3.1700,3.1400,3.1400,6429600,20277960.0000,3
2022-01-10,20220110150000000,sz.000592,3.1400,3.1500,3.1300,3.1500,8848956,27801694.0000,3
2022-01-11,20220111103000000,sz.000592,3.1500,3.1800,3.1400,3.1600,13954300,44132056.0000,3
2022-01-11,20220111113000000,sz.000592,3.1600,3.1700,3.1500,3.1700,4195600,13267607.0000,3
2022-01-11,20220111140000000,sz.000592,3.1600,3.1700,3.1200,3.1400,11106300,34914174.0000,3
2022-01-11,20220111150000000,sz.000592,3.1400,3.1400,3.1100,3.1300,9993500,31234302.0000,3
2022-01-12,20220112103000000,sz.000592,3.1300,3.1800,3.1200,3.1400,17709566,55773256.0000,3
2022-01-12,20220112113000000,sz.000592,3.1400,3.1900,3.1400,3.1900,9943900,31484793.0000,3
2022-01-12,20220112140000000,sz.000592,3.1900,3.2000,3.1700,3.1900,13679760,43599016.0000,3
2022-01-12,20220112150000000,sz.000592,3.1900,3.2300,3.1800,3.2200,23957874,76837281.0000,3
2022-01-13,20220113103000000,sz.000592,3.2200,3.2400,3.2000,3.2100,16768200,53934891.0000,3
2022-01-13,20220113113000000,sz.000592,3.2100,3.2200,3.1800,3.1900,6270000,20057708.0000,3
2022-01-13,20220113140000000,sz.000592,3.1900,3.2100,3.1800,3.2100,6001400,19196303.0000,3
2022-01-13,20220113150000000,sz.000592,3.2000,3.2100,3.1600,3.1900,17080570,54397025.0000,3
2022-01-14,20220114103000000,sz.000592,3.1800,3.1900,3.1400,3.1500,17200100,54432288.0000,3
2022-01-14,20220114113000000,sz.000592,3.1500,3.1700,3.1300,3.1300,8573500,26966380.0000,3
2022-01-14,20220114140000000,sz.000592,3.1300,3.1400,3.0800,3.0900,16369000,50858871.0000,3
2022-01-14,20220114150000000,sz.000592,3.0900,3.1000,3.0400,3.0600,19026200,58386934.0000,3
2022-01-17,20220117103000000,sz.000592,3.0500,3.1200,3.0500,3.0900,17760280,54749892.0000,3
2022-01-17,20220117113000000,sz.000592,3.0900,3.1000,3.0700,3.0900,5334700,16437504.0000,3
2022-01-17,20220117140000000,sz.000592,3.0900,3.1200,3.0800,3.1100,8061900,25038712.0000,3
2022-01-17,20220117150000000,sz.000592,3.1100,3.1200,3.1000,3.1100,10532833,32743021.0000,3
2022-01-18,20220118103000000,sz.000592,3.1300,3.1600,3.0600,3.0700,27927500,87061018.0000,3
2022-01-18,20220118113000000,sz.000592,3.0700,3.0900,3.0500,3.0600,9832200,30206244.0000,3
2022-01-18,20220118140000000,sz.000592,3.0600,3.0700,3.0400,3.0400,10067300,30762627.0000,3
2022-01-18,20220118150000000,sz.000592,3.0400,3.0600,3.0300,3.0500,10395500,31648424.0000,3
2022-01-19,20220119103000000,sz.000592,3.0400,3.1800,3.0300,3.1100,43095408,134661750.0000,3
2022-01-19,20220119113000000,sz.000592,3.1000,3.2300,3.0800,3.1500,30590492,96746593.0000,3
2022-01-19,20220119140000000,sz.000592,3.1500,3.1600,3.1300,3.1300,5387600,16914789.0000,3
2022-01-19,20220119150000000,sz.000592,3.1300,3.1500,3.1200,3.1300,8471684,26576836.0000,3
2022-01-20,20220120103000000,sz.000592,3.1500,3.1600,3.0800,3.0900,20425700,63661320.0000,3
2022-01-20,20220120113000000,sz.000592,3.0900,3.0900,3.0600,3.0900,10529700,32388364.0000,3
2022-01-20,20220120140000000,sz.000592,3.0900,3.0900,3.0600,3.0600,6393800,19656092.0000,3
2022-01-20,20220120150000000,sz.000592,3.0600,3.0700,3.0500,3.0600,17831742,54535587.0000,3
2022-01-21,20220121103000000,sz.000592,3.0500,3.0700,3.0200,3.0200,15389284,46837865.0000,3
2022-01-21,20220121113000000,sz.000592,3.0300,3.0300,3.0000,3.0100,9094100,27424042.0000,3
2022-01-21,20220121140000000,sz.000592,3.0200,3.0400,3.0000,3.0300,6524000,19678607.0000,3
2022-01-21,20220121150000000,sz.000592,3.0300,3.0400,3.0000,3.0000,7499534,22641562.0000,3
2022-01-24,20220124103000000,sz.000592,3.0200,3.0200,2.9300,2.9500,15473778,45790388.0000,3
2022-01-24,20220124113000000,sz.000592,2.9500,2.9700,2.9400,2.9600,4712400,13932901.0000,3
2022-01-24,20220124140000000,sz.000592,2.9600,2.9700,2.9500,2.9600,3526300,10426637.0000,3
2022-01-24,20220124150000000,sz.000592,2.9600,2.9600,2.9400,2.9400,7659200,22568286.0000,3
2022-01-25,20220125103000000,sz.000592,2.9500,2.9500,2.8100,2.8500,23545540,67775642.0000,3
2022-01-25,20220125113000000,sz.000592,2.8500,2.8700,2.8300,2.8400,6257500,17832356.0000,3
2022-01-25,20220125140000000,sz.000592,2.8500,2.8500,2.8200,2.8300,5921200,16796264.0000,3
2022-01-25,20220125150000000,sz.000592,2.8300,2.8500,2.8100,2.8100,8699400,24583964.0000,3
2022-01-26,20220126103000000,sz.000592,2.8000,2.8500,2.8000,2.8300,10002419,28295712.0000,3
2022-01-26,20220126113000000,sz.000592,2.8300,2.8500,2.8100,2.8100,5239783,14843448.0000,3
2022-01-26,20220126140000000,sz.000592,2.8100,2.8300,2.7900,2.8300,6522085,18321203.0000,3
2022-01-26,20220126150000000,sz.000592,2.8300,2.8300,2.8100,2.8200,5144396,14524031.0000,3
2022-01-27,20220127103000000,sz.000592,2.8400,2.8400,2.8000,2.8000,10352000,29227641.0000,3
2022-01-27,20220127113000000,sz.000592,2.8100,2.8500,2.8000,2.8300,6410900,18111462.0000,3
2022-01-27,20220127140000000,sz.000592,2.8300,2.8300,2.8100,2.8100,3861300,10873182.0000,3
2022-01-27,20220127150000000,sz.000592,2.8100,2.8200,2.7700,2.7800,11504150,32151472.0000,3
2022-01-28,20220128103000000,sz.000592,2.7900,2.8200,2.7800,2.8000,7687500,21488349.0000,3
2022-01-28,20220128113000000,sz.000592,2.8000,2.8600,2.8000,2.8600,10247600,29115381.0000,3
2022-01-28,20220128140000000,sz.000592,2.8600,2.9300,2.8600,2.9200,14542185,42023898.0000,3
2022-01-28,20220128150000000,sz.000592,2.9100,2.9400,2.8800,2.8800,13734059,39916805.0000,3
2022-02-07,20220207103000000,sz.000592,2.8100,2.8200,2.6600,2.8000,43343539,119127012.0000,3
2022-02-07,20220207113000000,sz.000592,2.8000,2.8300,2.7900,2.8000,7691100,21626721.0000,3
2022-02-07,20220207140000000,sz.000592,2.8100,2.8200,2.8000,2.8100,3614776,10142370.0000,3
2022-02-07,20220207150000000,sz.000592,2.8100,2.8100,2.7900,2.7900,8233924,23040993.0000,3
2022-02-08,20220208103000000,sz.000592,2.8100,2.9000,2.7800,2.8600,24026232,68421892.0000,3
2022-02-08,20220208113000000,sz.000592,2.8600,2.8700,2.8100,2.8300,8001608,22704415.0000,3
2022-02-08,20220208140000000,sz.000592,2.8300,2.8600,2.8100,2.8500,3982870,11286305.0000,3
2022-02-08,20220208150000000,sz.000592,2.8500,2.9100,2.8400,2.8900,13198486,38031835.0000,3
2022-02-09,20220209103000000,sz.000592,2.8900,2.9100,2.8700,2.8900,9537200,27602542.0000,3
2022-02-09,20220209113000000,sz.000592,2.9000,2.9000,2.8700,2.8800,7465400,21518957.0000,3
2022-02-09,20220209140000000,sz.000592,2.8900,2.9000,2.8500,2.8800,10522733,30235996.0000,3
2022-02-09,20220209150000000,sz.000592,2.8800,2.9000,2.8700,2.8900,6521018,18819323.0000,3
2022-02-10,20220210103000000,sz.000592,2.8800,2.9000,2.8700,2.8800,7991300,23032927.0000,3
2022-02-10,20220210113000000,sz.000592,2.8800,2.9200,2.8800,2.9000,7466526,21668900.0000,3
2022-02-10,20220210140000000,sz.000592,2.9000,2.9000,2.8700,2.8800,4834600,13940729.0000,3
2022-02-10,20220210150000000,sz.000592,2.8800,2.9000,2.8800,2.9000,4935044,14269427.0000,3
2022-02-11,20220211103000000,sz.000592,2.8800,2.8900,2.8200,2.8300,13785800,39337672.0000,3
2022-02-11,20220211113000000,sz.000592,2.8400,2.8700,2.8400,2.8600,3491026,9953387.0000,3
2022-02-11,20220211140000000,sz.000592,2.8600,2.8600,2.8300,2.8400,4805500,13657807.0000,3
2022-02-11,20220211150000000,sz.000592,2.8400,2.8400,2.8200,2.8300,6420100,18170601.0000,3
2022-02-14,20220214103000000,sz.000592,2.8100,2.8500,2.7900,2.8400,7183436,20322899.0000,3
2022-02-14,20220214113000000,sz.000592,2.8400,2.8800,2.8300,2.8500,5786800,16544927.0000,3
2022-02-14,20220214140000000,sz.000592,2.8500,2.8600,2.8300,2.8400,3642100,10370564.0000,3
2022-02-14,20220214150000000,sz.000592,2.8400,2.8600,2.8300,2.8400,4745900,13484212.0000,3
2022-02-15,20220215103000000,sz.000592,2.8400,2.8500,2.8100,2.8300,6363691,18004141.0000,3
2022-02-15,20220215113000000,sz.000592,2.8300,2.8300,2.8100,2.8200,4870500,13722716.0000,3
2022-02-15,20220215140000000,sz.000592,2.8200,2.8200,2.7800,2.7900,10410500,29117543.0000,3
2022-02-15,20220215150000000,sz.000592,2.7800,2.8100,2.7700,2.8000,6527091,18187614.0000,3
2022-02-16,20220216103000000,sz.000592,2.8100,2.8300,2.8000,2.8300,4627362,13053361.0000,3
2022-02-16,20220216113000000,sz.000592,2.8300,2.8400,2.8200,2.8300,2673162,7567995.0000,3
2022-02-16,20220216140000000,sz.000592,2.8400,2.8400,2.8200,2.8200,4270338,12079373.0000,3
2022-02-16,20220216150000000,sz.000592,2.8200,2.8300,2.8100,2.8200,4772119,13467876.0000,3
2022-02-17,20220217103000000,sz.000592,2.8200,2.8900,2.8000,2.8500,14679700,41825361.0000,3
2022-02-17,20220217113000000,sz.000592,2.8500,2.8600,2.8400,2.8500,3864300,11005047.0000,3
2022-02-17,20220217140000000,sz.000592,2.8400,2.8500,2.8300,2.8300,3651200,10365279.0000,3
2022-02-17,20220217150000000,sz.000592,2.8300,2.8400,2.8200,2.8200,4177291,11808602.0000,3
2022-02-18,20220218103000000,sz.000592,2.8100,2.8300,2.8000,2.8200,5678900,15983425.0000,3
2022-02-18,20220218113000000,sz.000592,2.8300,2.8400,2.8200,2.8300,3199717,9053445.0000,3
2022-02-18,20220218140000000,sz.000592,2.8300,2.8400,2.8200,2.8400,2745100,7777377.0000,3
2022-02-18,20220218150000000,sz.000592,2.8400,2.8600,2.8300,2.8600,9007456,25656363.0000,3
2022-02-21,20220221103000000,sz.000592,2.8500,2.8800,2.8400,2.8600,7205300,20585349.0000,3
2022-02-21,20220221113000000,sz.000592,2.8600,2.8800,2.8500,2.8700,4753000,13617700.0000,3
2022-02-21,20220221140000000,sz.000592,2.8800,2.8800,2.8600,2.8700,5948800,17086271.0000,3
2022-02-21,20220221150000000,sz.000592,2.8700,2.8900,2.8600,2.8800,9891900,28473984.0000,3
2022-02-22,20220222103000000,sz.000592,2.8800,2.8900,2.8400,2.8700,10925708,31311775.0000,3
2022-02-22,20220222113000000,sz.000592,2.8700,2.8700,2.8300,2.8300,4987000,14206743.0000,3
2022-02-22,20220222140000000,sz.000592,2.8400,2.8600,2.8200,2.8400,6014884,17064525.0000,3
2022-02-22,20220222150000000,sz.000592,2.8500,2.8600,2.8300,2.8500,4558514,12965654.0000,3
2022-02-23,20220223103000000,sz.000592,2.8800,2.9700,2.8500,2.9100,40078584,117003473.0000,3
2022-02-23,20220223113000000,sz.000592,2.9100,2.9200,2.8900,2.9100,8353000,24237975.0000,3
2022-02-23,20220223140000000,sz.000592,2.9100,2.9100,2.8900,2.9100,4358114,12650123.0000,3
2022-02-23,20220223150000000,sz.000592,2.9100,2.9200,2.9000,2.9100,7642803,22242482.0000,3
2022-02-24,20220224103000000,sz.000592,2.8900,2.9000,2.8700,2.8800,18066126,52039068.0000,3
2022-02-24,20220224113000000,sz.000592,2.8800,2.8800,2.8500,2.8600,7305800,20932688.0000,3
2022-02-24,20220224140000000,sz.000592,2.8500,2.9200,2.7700,2.8700,25278710,72003045.0000,3
2022-02-24,20220224150000000,sz.000592,2.8700,2.8800,2.8100,2.8400,10339500,29393828.0000,3
2022-02-25,20220225103000000,sz.000592,2.8300,2.9100,2.8200,2.8700,23501161,67505468.0000,3
2022-02-25,20220225113000000,sz.000592,2.8800,2.8800,2.8500,2.8600,3897600,11169627.0000,3
2022-02-25,20220225140000000,sz.000592,2.8700,2.9100,2.8600,2.8800,9482900,27375734.0000,3
2022-02-25,20220225150000000,sz.000592,2.8800,2.8900,2.8700,2.8900,6822895,19667941.0000,3
2022-02-28,20220228103000000,sz.000592,2.8800,2.9100,2.8500,2.8600,16845796,48390483.0000,3
2022-02-28,20220228113000000,sz.000592,2.8700,2.8800,2.8600,2.8700,2696400,7728485.0000,3
2022-02-28,20220228140000000,sz.000592,2.8700,2.8700,2.8500,2.8700,3256704,9311437.0000,3
2022-02-28,20220228150000000,sz.000592,2.8700,2.8700,2.8500,2.8600,5726550,16378994.0000,3
2022-03-01,20220301103000000,sz.000592,2.8700,2.8800,2.8500,2.8700,7732600,22148312.0000,3
2022-03-01,20220301113000000,sz.000592,2.8700,2.8900,2.8600,2.8800,8383950,24111686.0000,3
2022-03-01,20220301140000000,sz.000592,2.8700,2.8800,2.8700,2.8700,3143200,9038834.0000,3
2022-03-01,20220301150000000,sz.000592,2.8800,2.8900,2.8700,2.8800,6460100,18603441.0000,3
2022-03-02,20220302103000000,sz.000592,2.8600,2.9500,2.8600,2.9200,36039305,105113615.0000,3
2022-03-02,20220302113000000,sz.000592,2.9200,2.9300,2.9000,2.9100,7596720,22130113.0000,3
2022-03-02,20220302140000000,sz.000592,2.9100,2.9200,2.8900,2.9000,5093100,14809877.0000,3
2022-03-02,20220302150000000,sz.000592,2.9000,2.9300,2.9000,2.9100,9697820,28308929.0000,3
2022-03-03,20220303103000000,sz.000592,2.9300,2.9500,2.9100,2.9300,16122102,47186644.0000,3
2022-03-03,20220303113000000,sz.000592,2.9300,2.9300,2.9100,2.9200,6025300,17591057.0000,3
2022-03-03,20220303140000000,sz.000592,2.9200,2.9200,2.8900,2.9100,9274100,26946481.0000,3
2022-03-03,20220303150000000,sz.000592,2.9100,2.9200,2.9000,2.9200,6370500,18554478.0000,3
2022-03-04,20220304103000000,sz.000592,2.9700,2.9700,2.8900,2.9100,18427634,53826549.0000,3
2022-03-04,20220304113000000,sz.000592,2.9100,2.9200,2.8800,2.8800,7431300,21528055.0000,3
2022-03-04,20220304140000000,sz.000592,2.8800,2.8900,2.8700,2.8800,8363120,24074049.0000,3
2022-03-04,20220304150000000,sz.000592,2.8800,2.8800,2.8500,2.8600,9247417,26490913.0000,3
2022-03-07,20220307103000000,sz.000592,2.8400,2.8900,2.8400,2.8600,10097200,28924213.0000,3
2022-03-07,20220307113000000,sz.000592,2.8600,2.8700,2.8300,2.8500,5601600,15953923.0000,3
2022-03-07,20220307140000000,sz.000592,2.8500,2.8600,2.8300,2.8400,6369600,18099219.0000,3
2022-03-07,20220307150000000,sz.000592,2.8300,2.8400,2.8100,2.8300,8633700,24403418.0000,3
2022-03-08,20220308103000000,sz.000592,2.8200,2.8300,2.7500,2.7600,15109800,42087001.0000,3
2022-03-08,20220308113000000,sz.000592,2.7600,2.7900,2.7200,2.7400,9178500,25289848.0000,3
2022-03-08,20220308140000000,sz.000592,2.7300,2.8000,2.7300,2.7900,4330052,11979832.0000,3
2022-03-08,20220308150000000,sz.000592,2.7900,2.7900,2.7400,2.7400,6939580,19155577.0000,3
2022-03-09,20220309103000000,sz.000592,2.7400,2.7800,2.7200,2.7400,8501028,23389991.0000,3
2022-03-09,20220309113000000,sz.000592,2.7400,2.7600,2.7100,2.7100,6969400,18996527.0000,3
2022-03-09,20220309140000000,sz.000592,2.7100,2.7100,2.5700,2.6400,15876950,42168191.0000,3
2022-03-09,20220309150000000,sz.000592,2.6400,2.7200,2.6200,2.7100,9276600,24769143.0000,3
2022-03-10,20220310103000000,sz.000592,2.7300,2.7600,2.7300,2.7400,10928000,29942302.0000,3
2022-03-10,20220310113000000,sz.000592,2.7400,2.7500,2.7300,2.7400,2638000,7224256.0000,3
2022-03-10,20220310140000000,sz.000592,2.7500,2.7500,2.6900,2.7100,7770281,21084494.0000,3
2022-03-10,20220310150000000,sz.000592,2.7100,2.7100,2.6800,2.6900,7608988,20512604.0000,3
2022-03-11,20220311103000000,sz.000592,2.6400,2.6800,2.6100,2.6600,12548078,33138987.0000,3
2022-03-11,20220311113000000,sz.000592,2.6700,2.7100,2.6600,2.6700,5702200,15317496.0000,3
2022-03-11,20220311140000000,sz.000592,2.6700,2.7100,2.6500,2.7000,4762600,12781521.0000,3
2022-03-11,20220311150000000,sz.000592,2.7000,2.7400,2.7000,2.7300,9841552,26755988.0000,3
2022-03-14,20220314103000000,sz.000592,2.7100,2.7300,2.6900,2.7100,9244500,25038749.0000,3
2022-03-14,20220314113000000,sz.000592,2.7100,2.7100,2.6700,2.7000,5055482,13591177.0000,3
2022-03-14,20220314140000000,sz.000592,2.6900,2.7000,2.6700,2.6800,2447700,6569408.0000,3
2022-03-14,20220314150000000,sz.000592,2.6700,2.6900,2.6600,2.6600,6277400,16758947.0000,3
2022-03-15,20220315103000000,sz.000592,2.6400,2.6500,2.5800,2.6100,11997900,31326663.0000,3
2022-03-15,20220315113000000,sz.000592,2.6100,2.6300,2.5800,2.5900,5386600,14027539.0000,3
2022-03-15,20220315140000000,sz.000592,2.5900,2.5900,2.5300,2.5500,10004004,25663842.0000,3
2022-03-15,20220315150000000,sz.000592,2.5500,2.5600,2.4700,2.4800,12512100,31488005.0000,3
2022-03-16,20220316103000000,sz.000592,2.5200,2.5500,2.4900,2.5200,14071600,35449601.0000,3
2022-03-16,20220316113000000,sz.000592,2.5200,2.5300,2.4800,2.5200,4638500,11611877.0000,3
2022-03-16,20220316140000000,sz.000592,2.5200,2.6200,2.5100,2.5900,13431828,34583338.0000,3
2022-03-16,20220316150000000,sz.000592,2.5900,2.6100,2.5800,2.6000,5239402,13621020.0000,3
2022-03-17,20220317103000000,sz.000592,2.6400,2.6600,2.6200,2.6300,10981800,28992465.0000,3
2022-03-17,20220317113000000,sz.000592,2.6300,2.6700,2.6300,2.6700,5443600,14434322.0000,3
2022-03-17,20220317140000000,sz.000592,2.6600,2.6800,2.6300,2.6300,6043700,16045307.0000,3
2022-03-17,20220317150000000,sz.000592,2.6300,2.6600,2.6200,2.6400,7015900,18492046.0000,3
2022-03-18,20220318103000000,sz.000592,2.6300,2.6700,2.6100,2.6600,8654400,22882213.0000,3
2022-03-18,20220318113000000,sz.000592,2.6600,2.6700,2.6400,2.6500,4276500,11372445.0000,3
2022-03-18,20220318140000000,sz.000592,2.6500,2.6900,2.6400,2.6900,7079600,18934896.0000,3
2022-03-18,20220318150000000,sz.000592,2.6900,2.6900,2.6700,2.6800,5974000,16022446.0000,3
2022-03-21,20220321103000000,sz.000592,2.6800,2.7400,2.6800,2.7200,11849200,32108260.0000,3
2022-03-21,20220321113000000,sz.000592,2.7200,2.7300,2.7000,2.7300,7005700,19007403.0000,3
2022-03-21,20220321140000000,sz.000592,2.7300,2.7300,2.6800,2.7000,6108600,16503037.0000,3
2022-03-21,20220321150000000,sz.000592,2.7000,2.7200,2.7000,2.7100,5157000,13969912.0000,3
2022-03-22,20220322103000000,sz.000592,2.6900,2.7500,2.6800,2.7000,8698015,23555582.0000,3
2022-03-22,20220322113000000,sz.000592,2.7000,2.7300,2.6900,2.7300,4183600,11352995.0000,3
2022-03-22,20220322140000000,sz.000592,2.7300,2.7300,2.7000,2.7100,3671100,9967957.0000,3
2022-03-22,20220322150000000,sz.000592,2.7100,2.7200,2.6900,2.7100,5041400,13627537.0000,3
2022-03-23,20220323103000000,sz.000592,2.7000,2.7200,2.6900,2.7000,4372624,11806194.0000,3
2022-03-23,20220323113000000,sz.000592,2.7000,2.7000,2.6700,2.6800,4206200,11303191.0000,3
2022-03-23,20220323140000000,sz.000592,2.6800,2.7000,2.6700,2.7000,2478700,6659296.0000,3
2022-03-23,20220323150000000,sz.000592,2.7000,2.7000,2.6700,2.6900,4516500,12118799.0000,3
2022-03-24,20220324103000000,sz.000592,2.6700,2.6900,2.6500,2.6600,5392100,14389979.0000,3
2022-03-24,20220324113000000,sz.000592,2.6600,2.6700,2.6400,2.6600,3916400,10394235.0000,3
2022-03-24,20220324140000000,sz.000592,2.6500,2.6600,2.6300,2.6600,4080700,10819490.0000,3
2022-03-24,20220324150000000,sz.000592,2.6600,2.6600,2.6400,2.6500,4187124,11083226.0000,3
2022-03-25,20220325103000000,sz.000592,2.6500,2.7000,2.6300,2.6800,10835512,28937293.0000,3
2022-03-25,20220325113000000,sz.000592,2.6900,2.7100,2.6700,2.6700,5424500,14603854.0000,3
2022-03-25,20220325140000000,sz.000592,2.6800,2.6800,2.6500,2.6600,3801600,10126820.0000,3
2022-03-25,20220325150000000,sz.000592,2.6600,2.6800,2.6600,2.6700,4899300,13079107.0000,3
2022-03-28,20220328103000000,sz.000592,2.6700,2.6800,2.6200,2.6500,8221100,21723913.0000,3
2022-03-28,20220328113000000,sz.000592,2.6500,2.6800,2.6400,2.6600,3134700,8344305.0000,3
2022-03-28,20220328140000000,sz.000592,2.6600,2.6700,2.6400,2.6600,3575900,9483192.0000,3
2022-03-28,20220328150000000,sz.000592,2.6600,2.6700,2.6300,2.6600,4788236,12672172.0000,3
2022-03-29,20220329103000000,sz.000592,2.6500,2.6800,2.6400,2.6700,6461912,17234001.0000,3
2022-03-29,20220329113000000,sz.000592,2.6700,2.7500,2.6500,2.6900,24568400,66438758.0000,3
2022-03-29,20220329140000000,sz.000592,2.6900,2.7100,2.6900,2.6900,6132578,16538948.0000,3
2022-03-29,20220329150000000,sz.000592,2.6900,2.7000,2.6700,2.6900,5114700,13725788.0000,3
2022-03-30,20220330103000000,sz.000592,2.6900,2.7500,2.6400,2.7200,27633200,74727896.0000,3
2022-03-30,20220330113000000,sz.000592,2.7200,2.7900,2.7100,2.7500,17931402,49331853.0000,3
2022-03-30,20220330140000000,sz.000592,2.7400,2.7800,2.7400,2.7600,9525180,26270685.0000,3
2022-03-30,20220330150000000,sz.000592,2.7600,2.7700,2.7400,2.7600,5368300,14779032.0000,3
2022-03-31,20220331103000000,sz.000592,2.7300,2.7700,2.7300,2.7600,14459400,39715183.0000,3
2022-03-31,20220331113000000,sz.000592,2.7600,2.7600,2.7200,2.7300,6251400,17115014.0000,3
2022-03-31,20220331140000000,sz.000592,2.7300,2.7500,2.7200,2.7300,5584100,15257111.0000,3
2022-03-31,20220331150000000,sz.000592,2.7300,2.7400,2.7200,2.7300,5086900,13882802.0000,3
2022-04-01,20220401103000000,sz.000592,2.7500,2.8300,2.7000,2.7800,32028561,89025002.0000,3
2022-04-01,20220401113000000,sz.000592,2.7800,2.7900,2.7600,2.7700,4610700,12786190.0000,3
2022-04-01,20220401140000000,sz.000592,2.7700,2.7800,2.7500,2.7500,4613100,12734836.0000,3
2022-04-01,20220401150000000,sz.000592,2.7500,2.7800,2.7500,2.7800,5517200,15256295.0000,3
2022-04-06,20220406103000000,sz.000592,2.7600,2.8200,2.7500,2.8000,19575002,54618305.0000,3
2022-04-06,20220406113000000,sz.000592,2.8000,2.8400,2.8000,2.8100,10506788,29574848.0000,3
2022-04-06,20220406140000000,sz.000592,2.8200,2.8300,2.8100,2.8200,6143900,17334892.0000,3
2022-04-06,20220406150000000,sz.000592,2.8200,2.8300,2.8000,2.8300,6820602,19189840.0000,3
2022-04-07,20220407103000000,sz.000592,2.8300,2.8300,2.7600,2.7700,13304600,37114642.0000,3
2022-04-07,20220407113000000,sz.000592,2.7700,2.7800,2.7500,2.7700,8135820,22488092.0000,3
2022-04-07,20220407140000000,sz.000592,2.7600,2.7700,2.7400,2.7600,5658400,15584508.0000,3
2022-04-07,20220407150000000,sz.000592,2.7600,2.7700,2.7400,2.7400,6331200,17388537.0000,3
2022-04-08,20220408103000000,sz.000592,2.7400,2.7600,2.6700,2.6900,12097400,32827143.0000,3
2022-04-08,20220408113000000,sz.000592,2.6900,2.7100,2.6800,2.7000,3588300,9676376.0000,3
2022-04-08,20220408140000000,sz.000592,2.7000,2.7300,2.6900,2.7200,3769400,10209290.0000,3
2022-04-08,20220408150000000,sz.000592,2.7200,2.7300,2.7100,2.7100,3597300,9768586.0000,3
2022-04-11,20220411103000000,sz.000592,2.7100,2.7400,2.6900,2.7100,10930200,29696029.0000,3
2022-04-11,20220411113000000,sz.000592,2.7100,2.7200,2.6800,2.7000,4304700,11608572.0000,3
2022-04-11,20220411140000000,sz.000592,2.7000,2.7900,2.6900,2.7400,26580145,73146793.0000,3
2022-04-11,20220411150000000,sz.000592,2.7400,2.7500,2.6800,2.7000,8599200,23296825.0000,3
2022-04-12,20220412103000000,sz.000592,2.6700,2.6800,2.6100,2.6300,18767834,49446591.0000,3
2022-04-12,20220412113000000,sz.000592,2.6300,2.6700,2.6200,2.6500,7901268,20836426.0000,3
2022-04-12,20220412140000000,sz.000592,2.6600,2.7500,2.6300,2.7400,12439900,33491683.0000,3
2022-04-12,20220412150000000,sz.000592,2.7500,2.7700,2.7200,2.7500,11577404,31785548.0000,3
2022-04-13,20220413103000000,sz.000592,2.7500,2.7900,2.7200,2.7300,18841146,51869918.0000,3
2022-04-13,20220413113000000,sz.000592,2.7300,2.7600,2.7200,2.7300,5494211,15079490.0000,3
2022-04-13,20220413140000000,sz.000592,2.7300,2.7500,2.7200,2.7300,3782200,10343742.0000,3
2022-04-13,20220413150000000,sz.000592,2.7300,2.7400,2.7000,2.7000,7646581,20754170.0000,3
2022-04-14,20220414103000000,sz.000592,2.6900,2.7200,2.6700,2.6900,13307300,35798322.0000,3
2022-04-14,20220414113000000,sz.000592,2.6900,2.6900,2.6400,2.6700,9217642,24564021.0000,3
2022-04-14,20220414140000000,sz.000592,2.6700,2.6800,2.6600,2.6700,4455337,11891422.0000,3
2022-04-14,20220414150000000,sz.000592,2.6700,2.6900,2.6600,2.6800,6889800,18447465.0000,3
2022-04-15,20220415103000000,sz.000592,2.6700,2.6700,2.6300,2.6500,9488173,25115428.0000,3
2022-04-15,20220415113000000,sz.000592,2.6500,2.6700,2.6100,2.6200,7730089,20381376.0000,3
2022-04-15,20220415140000000,sz.000592,2.6200,2.6300,2.6100,2.6200,6624400,17362330.0000,3
2022-04-15,20220415150000000,sz.000592,2.6200,2.6300,2.5900,2.6000,9164800,23864879.0000,3
2022-04-18,20220418103000000,sz.000592,2.5800,2.6100,2.5500,2.5900,8362947,21547374.0000,3
2022-04-18,20220418113000000,sz.000592,2.5900,2.6200,2.5800,2.6000,2836622,7381050.0000,3
2022-04-18,20220418140000000,sz.000592,2.6100,2.6100,2.5900,2.6000,1597800,4152114.0000,3
2022-04-18,20220418150000000,sz.000592,2.6000,2.6000,2.5800,2.5900,3098512,8022586.0000,3
2022-04-19,20220419103000000,sz.000592,2.5900,2.6300,2.5800,2.6200,6823500,17805329.0000,3
2022-04-19,20220419113000000,sz.000592,2.6200,2.6200,2.6100,2.6200,1775300,4644495.0000,3
2022-04-19,20220419140000000,sz.000592,2.6200,2.6300,2.6100,2.6200,4469200,11691075.0000,3
2022-04-19,20220419150000000,sz.000592,2.6200,2.6400,2.6100,2.6300,6540819,17157532.0000,3
2022-04-20,20220420103000000,sz.000592,2.6300,2.6700,2.6200,2.6500,9427700,24948084.0000,3
2022-04-20,20220420113000000,sz.000592,2.6500,2.6600,2.6400,2.6600,2784553,7389052.0000,3
2022-04-20,20220420140000000,sz.000592,2.6600,2.6600,2.6200,2.6200,5390900,14248841.0000,3
2022-04-20,20220420150000000,sz.000592,2.6300,2.6300,2.6000,2.6100,4702800,12281908.0000,3
2022-04-21,20220421103000000,sz.000592,2.6000,2.6100,2.5400,2.5600,11578400,29761537.0000,3
2022-04-21,20220421113000000,sz.000592,2.5600,2.5800,2.5200,2.5300,6359419,16191089.0000,3
2022-04-21,20220421140000000,sz.000592,2.5300,2.5500,2.5200,2.5200,5083910,12872415.0000,3
2022-04-21,20220421150000000,sz.000592,2.5200,2.5300,2.5000,2.5100,7969462,20011560.0000,3
2022-04-22,20220422103000000,sz.000592,2.4900,2.5000,2.4200,2.4700,9300470,22842611.0000,3
2022-04-22,20220422113000000,sz.000592,2.4700,2.4700,2.4500,2.4700,2285510,5618706.0000,3
2022-04-22,20220422140000000,sz.000592,2.4600,2.5100,2.4600,2.5100,4233100,10514117.0000,3
2022-04-22,20220422150000000,sz.000592,2.5100,2.5200,2.4800,2.4900,3157800,7878422.0000,3
2022-04-25,20220425103000000,sz.000592,2.4500,2.4600,2.3900,2.4000,11339700,27446415.0000,3
2022-04-25,20220425113000000,sz.000592,2.4000,2.4200,2.3800,2.3900,4622800,11067892.0000,3
2022-04-25,20220425140000000,sz.000592,2.3900,2.4000,2.3100,2.3200,6653400,15723569.0000,3
2022-04-25,20220425150000000,sz.000592,2.3200,2.3400,2.2700,2.3000,10693044,24604193.0000,3
2022-04-26,20220426103000000,sz.000592,2.2900,2.3300,2.2800,2.3200,9226130,21247589.0000,3
2022-04-26,20220426113000000,sz.000592,2.3200,2.3300,2.3100,2.3200,2181500,5058938.0000,3
2022-04-26,20220426140000000,sz.000592,2.3200,2.3300,2.2700,2.2700,4427700,10180587.0000,3
2022-04-26,20220426150000000,sz.000592,2.2700,2.2700,2.1800,2.2000,12556511,27743284.0000,3
2022-04-27,20220427103000000,sz.000592,2.1200,2.1900,2.1200,2.1300,11056812,23774452.0000,3
2022-04-27,20220427113000000,sz.000592,2.1300,2.1800,2.1200,2.1800,4923091,10583492.0000,3
2022-04-27,20220427140000000,sz.000592,2.1800,2.2700,2.1700,2.2600,7271000,16185390.0000,3
2022-04-27,20220427150000000,sz.000592,2.2600,2.2700,2.2400,2.2600,4083500,9204613.0000,3
2022-04-28,20220428103000000,sz.000592,2.2700,2.2800,2.2200,2.2500,6878700,15492838.0000,3
2022-04-28,20220428113000000,sz.000592,2.2500,2.2600,2.2200,2.2200,2301500,5155055.0000,3
2022-04-28,20220428140000000,sz.000592,2.2200,2.2300,2.1900,2.2200,3617800,7988972.0000,3
2022-04-28,20220428150000000,sz.000592,2.2200,2.2300,2.2000,2.2200,4242300,9396007.0000,3
2022-04-29,20220429103000000,sz.000592,2.2300,2.2700,2.2300,2.2600,6765500,15268826.0000,3
2022-04-29,20220429113000000,sz.000592,2.2600,2.2700,2.2400,2.2700,2225600,5020913.0000,3
2022-04-29,20220429140000000,sz.000592,2.2700,2.2900,2.2600,2.2800,6782400,15452716.0000,3
2022-04-29,20220429150000000,sz.000592,2.2800,2.2900,2.2700,2.2900,4108932,9382251.0000,3
2022-05-05,20220505103000000,sz.000592,2.2700,2.3100,2.2600,2.3000,8865902,20336566.0000,3
2022-05-05,20220505113000000,sz.000592,2.3000,2.3100,2.2800,2.3100,3732900,8583382.0000,3
2022-05-05,20220505140000000,sz.000592,2.3000,2.3100,2.3000,2.3100,2728626,6285066.0000,3
2022-05-05,20220505150000000,sz.000592,2.3100,2.3100,2.2900,2.3100,4341200,9990519.0000,3
2022-05-06,20220506103000000,sz.000592,2.2700,2.2800,2.2200,2.2600,6056964,13654850.0000,3
2022-05-06,20220506113000000,sz.000592,2.2600,2.2800,2.2400,2.2500,2834200,6411025.0000,3
2022-05-06,20220506140000000,sz.000592,2.2500,2.2700,2.2400,2.2700,2207900,4983038.0000,3
2022-05-06,20220506150000000,sz.000592,2.2700,2.2700,2.2500,2.2600,2295800,5178665.0000,3
2022-05-09,20220509103000000,sz.000592,2.2500,2.3600,2.2300,2.3300,13764000,31954155.0000,3
2022-05-09,20220509113000000,sz.000592,2.3200,2.3500,2.3200,2.3300,7744232,18041668.0000,3
2022-05-09,20220509140000000,sz.000592,2.3400,2.3500,2.2900,2.3000,8179329,18912511.0000,3
2022-05-09,20220509150000000,sz.000592,2.3000,2.3200,2.2900,2.3200,4487600,10341229.0000,3
2022-05-10,20220510103000000,sz.000592,2.2900,2.3000,2.2500,2.2900,14333152,32537836.0000,3
2022-05-10,20220510113000000,sz.000592,2.2900,2.2900,2.2700,2.2700,6561800,14931052.0000,3
2022-05-10,20220510140000000,sz.000592,2.2700,2.3100,2.2700,2.3000,6063300,13904590.0000,3
2022-05-10,20220510150000000,sz.000592,2.3000,2.3100,2.2900,2.3100,3974800,9144768.0000,3
2022-05-11,20220511103000000,sz.000592,2.3100,2.3300,2.3000,2.3100,9713400,22468997.0000,3
2022-05-11,20220511113000000,sz.000592,2.3100,2.3500,2.3000,2.3400,13056060,30352983.0000,3
2022-05-11,20220511140000000,sz.000592,2.3400,2.3500,2.3200,2.3200,6095800,14244517.0000,3
2022-05-11,20220511150000000,sz.000592,2.3200,2.3300,2.2900,2.3000,8675981,20022335.0000,3
2022-05-12,20220512103000000,sz.000592,2.2800,2.3100,2.2500,2.2900,10116200,23128747.0000,3
2022-05-12,20220512113000000,sz.000592,2.2900,2.2900,2.2700,2.2900,2603802,5941013.0000,3
2022-05-12,20220512140000000,sz.000592,2.2900,2.2900,2.2600,2.2700,4956400,11267349.0000,3
2022-05-12,20220512150000000,sz.000592,2.2700,2.2900,2.2600,2.2900,3659600,8341796.0000,3
2022-05-13,20220513103000000,sz.000592,2.2900,2.3100,2.2700,2.2700,6298600,14425519.0000,3
2022-05-13,20220513113000000,sz.000592,2.2700,2.2800,2.2600,2.2700,2882758,6546641.0000,3
2022-05-13,20220513140000000,sz.000592,2.2800,2.2900,2.2700,2.2900,2403000,5481236.0000,3
2022-05-13,20220513150000000,sz.000592,2.2900,2.3000,2.2800,2.3000,5896400,13524989.0000,3
2022-05-16,20220516103000000,sz.000592,2.3100,2.3800,2.3000,2.3700,26087824,61257026.0000,3
2022-05-16,20220516113000000,sz.000592,2.3700,2.3700,2.3400,2.3400,3872300,9114822.0000,3
2022-05-16,20220516140000000,sz.000592,2.3400,2.3600,2.3400,2.3600,3128300,7362769.0000,3
2022-05-16,20220516150000000,sz.000592,2.3600,2.3600,2.3300,2.3400,4640556,10862108.0000,3
2022-05-17,20220517103000000,sz.000592,2.3400,2.3600,2.2900,2.3000,15085504,34997008.0000,3
2022-05-17,20220517113000000,sz.000592,2.2900,2.3100,2.2900,2.2900,3786190,8703458.0000,3
2022-05-17,20220517140000000,sz.000592,2.3000,2.3100,2.2900,2.3000,2897000,6663405.0000,3
2022-05-17,20220517150000000,sz.000592,2.3000,2.3100,2.2900,2.3000,3023700,6956586.0000,3
2022-05-18,20220518103000000,sz.000592,2.2900,2.3400,2.2900,2.3300,9991704,23187411.0000,3
2022-05-18,20220518113000000,sz.000592,2.3300,2.3300,2.3100,2.3300,3461800,8045229.0000,3
2022-05-18,20220518140000000,sz.000592,2.3300,2.3400,2.3200,2.3400,4134853,9630401.0000,3
2022-05-18,20220518150000000,sz.000592,2.3400,2.3400,2.3200,2.3200,3454900,8030533.0000,3
2022-05-19,20220519103000000,sz.000592,2.3000,2.5500,2.2800,2.5500,50322774,124096811.0000,3
2022-05-19,20220519113000000,sz.000592,2.5500,2.5500,2.5500,2.5500,2349886,5992209.0000,3
2022-05-19,20220519140000000,sz.000592,2.5500,2.5500,2.5500,2.5500,2056100,5243055.0000,3
2022-05-19,20220519150000000,sz.000592,2.5500,2.5500,2.5500,2.5500,1061700,2707335.0000,3
2022-05-20,20220520103000000,sz.000592,2.5000,2.5900,2.4700,2.5400,59339292,150065516.0000,3
2022-05-20,20220520113000000,sz.000592,2.5400,2.5500,2.5000,2.5100,11449650,28826029.0000,3
2022-05-20,20220520140000000,sz.000592,2.5100,2.5300,2.5000,2.5100,8024400,20145122.0000,3
2022-05-20,20220520150000000,sz.000592,2.5100,2.5200,2.4900,2.5000,20845831,52077807.0000,3
2022-05-23,20220523103000000,sz.000592,2.5200,2.5500,2.4800,2.5000,27885957,70110110.0000,3
2022-05-23,20220523113000000,sz.000592,2.5000,2.5100,2.4900,2.5100,5027200,12573670.0000,3
2022-05-23,20220523140000000,sz.000592,2.5100,2.5100,2.4900,2.4900,5388234,13454712.0000,3
2022-05-23,20220523150000000,sz.000592,2.4900,2.5700,2.4900,2.5500,24912289,63155963.0000,3
2022-05-24,20220524103000000,sz.000592,2.5500,2.5900,2.5000,2.5100,24200739,61510422.0000,3
2022-05-24,20220524113000000,sz.000592,2.5100,2.5300,2.4600,2.4700,13482089,33585701.0000,3
2022-05-24,20220524140000000,sz.000592,2.4700,2.5000,2.4600,2.4900,6275800,15524450.0000,3
2022-05-24,20220524150000000,sz.000592,2.4800,2.4900,2.4200,2.4200,10007415,24544580.0000,3
2022-05-25,20220525103000000,sz.000592,2.4400,2.5200,2.4200,2.4800,18757243,46399488.0000,3
2022-05-25,20220525113000000,sz.000592,2.4800,2.5100,2.4700,2.4900,5321757,13233558.0000,3
2022-05-25,20220525140000000,sz.000592,2.4900,2.5000,2.4700,2.5000,3584586,8918330.0000,3
2022-05-25,20220525150000000,sz.000592,2.5000,2.5000,2.4800,2.4900,4527160,11283424.0000,3
2022-05-26,20220526103000000,sz.000592,2.5100,2.6500,2.4700,2.5600,45441428,116342697.0000,3
2022-05-26,20220526113000000,sz.000592,2.5600,2.5600,2.5200,2.5500,6457126,16414483.0000,3
2022-05-26,20220526140000000,sz.000592,2.5400,2.5600,2.5300,2.5300,5351700,13619107.0000,3
2022-05-26,20220526150000000,sz.000592,2.5300,2.5500,2.5300,2.5400,6855837,17398459.0000,3
2022-05-27,20220527103000000,sz.000592,2.5400,2.5500,2.4800,2.5100,20587476,51659447.0000,3
2022-05-27,20220527113000000,sz.000592,2.5100,2.5400,2.5000,2.5300,6113900,15413407.0000,3
2022-05-27,20220527140000000,sz.000592,2.5300,2.5300,2.5000,2.5000,5000700,12577484.0000,3
2022-05-27,20220527150000000,sz.000592,2.5000,2.5200,2.4900,2.5000,5731800,14353010.0000,3
2022-05-30,20220530103000000,sz.000592,2.5300,2.5400,2.4900,2.5000,8525230,21366837.0000,3
2022-05-30,20220530113000000,sz.000592,2.4900,2.5000,2.4800,2.4800,3173796,7905231.0000,3
2022-05-30,20220530140000000,sz.000592,2.4900,2.4900,2.4600,2.4700,7173179,17756518.0000,3
2022-05-30,20220530150000000,sz.000592,2.4700,2.4900,2.4600,2.4800,5437900,13453253.0000,3
2022-05-31,20220531103000000,sz.000592,2.4700,2.5900,2.4700,2.5300,30140334,76853629.0000,3
2022-05-31,20220531113000000,sz.000592,2.5300,2.5500,2.5300,2.5300,5532549,14050000.0000,3
2022-05-31,20220531140000000,sz.000592,2.5300,2.5400,2.5200,2.5200,2825400,7150594.0000,3
2022-05-31,20220531150000000,sz.000592,2.5200,2.5500,2.5200,2.5400,8314125,21083809.0000,3
2022-06-01,20220601103000000,sz.000592,2.5100,2.5400,2.5000,2.5000,16635204,41888965.0000,3
2022-06-01,20220601113000000,sz.000592,2.5000,2.5200,2.4900,2.5100,5806800,14543691.0000,3
2022-06-01,20220601140000000,sz.000592,2.5100,2.5200,2.4900,2.5000,4185000,10463963.0000,3
2022-06-01,20220601150000000,sz.000592,2.5000,2.5100,2.4900,2.5000,4911900,12290183.0000,3
2022-06-02,20220602103000000,sz.000592,2.5000,2.5000,2.4600,2.4800,9394484,23263586.0000,3
2022-06-02,20220602113000000,sz.000592,2.4800,2.4900,2.4600,2.4800,4844400,11997570.0000,3
2022-06-02,20220602140000000,sz.000592,2.4900,2.5000,2.4800,2.4900,3789300,9426758.0000,3
2022-06-02,20220602150000000,sz.000592,2.4900,2.5000,2.4800,2.4900,4472500,11140926.0000,3
2022-06-06,20220606103000000,sz.000592,2.4900,2.5000,2.4700,2.4800,7388100,18347232.0000,3
2022-06-06,20220606113000000,sz.000592,2.4800,2.5100,2.4800,2.5000,3798122,9470666.0000,3
2022-06-06,20220606140000000,sz.000592,2.5000,2.5100,2.4900,2.5000,2969300,7417991.0000,3
2022-06-06,20220606150000000,sz.000592,2.5000,2.5100,2.4900,2.5100,3893100,9747676.0000,3
2022-06-07,20220607103000000,sz.000592,2.5100,2.5100,2.4800,2.4900,8549900,21317713.0000,3
2022-06-07,20220607113000000,sz.000592,2.4900,2.5100,2.4800,2.5000,2602500,6494310.0000,3
2022-06-07,20220607140000000,sz.000592,2.5000,2.5100,2.4800,2.5000,4679100,11677145.0000,3
2022-06-07,20220607150000000,sz.000592,2.5000,2.5600,2.4900,2.5400,17011000,43080558.0000,3
2022-06-08,20220608103000000,sz.000592,2.5300,2.5400,2.4900,2.5000,10054900,25232990.0000,3
2022-06-08,20220608113000000,sz.000592,2.5000,2.5100,2.4600,2.4600,10221500,25379237.0000,3
2022-06-08,20220608140000000,sz.000592,2.4600,2.5100,2.4600,2.5000,3887500,9653225.0000,3
2022-06-08,20220608150000000,sz.000592,2.5000,2.5100,2.4900,2.5000,4796692,11999785.0000,3
2022-06-09,20220609103000000,sz.000592,2.5000,2.5500,2.4800,2.5300,13387769,33832780.0000,3
2022-06-09,20220609113000000,sz.000592,2.5300,2.5300,2.5000,2.5100,5805300,14622882.0000,3
2022-06-09,20220609140000000,sz.000592,2.5100,2.5200,2.4900,2.4900,4616946,11551241.0000,3
2022-06-09,20220609150000000,sz.000592,2.4900,2.5200,2.4900,2.5200,4861500,12178546.0000,3
2022-06-10,20220610103000000,sz.000592,2.4900,2.5100,2.4700,2.5000,6602853,16443030.0000,3
2022-06-10,20220610113000000,sz.000592,2.5000,2.5600,2.4900,2.5300,11149711,28222864.0000,3
2022-06-10,20220610140000000,sz.000592,2.5400,2.5400,2.5200,2.5300,3830700,9695371.0000,3
2022-06-10,20220610150000000,sz.000592,2.5300,2.5400,2.5200,2.5400,7263894,18374156.0000,3
2022-06-13,20220613103000000,sz.000592,2.5100,2.5400,2.5000,2.5200,7894680,19909642.0000,3
2022-06-13,20220613113000000,sz.000592,2.5200,2.5300,2.5000,2.5000,2534575,6372961.0000,3
2022-06-13,20220613140000000,sz.000592,2.5000,2.5100,2.4900,2.4900,3835100,9588829.0000,3
2022-06-13,20220613150000000,sz.000592,2.4900,2.5200,2.4800,2.5200,5802425,14498812.0000,3
2022-06-14,20220614103000000,sz.000592,2.4900,2.5100,2.4800,2.5000,4475375,11152799.0000,3
2022-06-14,20220614113000000,sz.000592,2.5000,2.5000,2.4500,2.4600,7693480,19008156.0000,3
2022-06-14,20220614140000000,sz.000592,2.4500,2.4900,2.4500,2.4800,3070620,7583739.0000,3
2022-06-14,20220614150000000,sz.000592,2.4900,2.5200,2.4800,2.5100,5713906,14278762.0000,3
2022-06-15,20220615103000000,sz.000592,2.5100,2.5200,2.5000,2.5100,7078800,17758871.0000,3
2022-06-15,20220615113000000,sz.000592,2.5100,2.5200,2.5100,2.5200,3713600,9344324.0000,3
2022-06-15,20220615140000000,sz.000592,2.5200,2.5400,2.5200,2.5300,5905738,14941856.0000,3
2022-06-15,20220615150000000,sz.000592,2.5300,2.5400,2.5100,2.5200,8184800,20647373.0000,3
2022-06-16,20220616103000000,sz.000592,2.5100,2.5700,2.5100,2.5500,22763131,58072514.0000,3
2022-06-16,20220616113000000,sz.000592,2.5500,2.6400,2.5400,2.6200,28881585,75140451.0000,3
2022-06-16,20220616140000000,sz.000592,2.6200,2.6200,2.5600,2.5700,8106406,20947468.0000,3
2022-06-16,20220616150000000,sz.000592,2.5700,2.5800,2.5600,2.5700,5636200,14475098.0000,3
2022-06-17,20220617103000000,sz.000592,2.5700,2.5700,2.5200,2.5200,14987021,38081811.0000,3
2022-06-17,20220617113000000,sz.000592,2.5200,2.5300,2.5000,2.5200,8561346,21504634.0000,3
2022-06-17,20220617140000000,sz.000592,2.5400,2.5800,2.5300,2.5400,8617950,22014256.0000,3
2022-06-17,20220617150000000,sz.000592,2.5400,2.5500,2.5200,2.5400,4686925,11908997.0000,3
2022-06-20,20220620103000000,sz.000592,2.5600,2.5800,2.5300,2.5400,11770041,30063846.0000,3
2022-06-20,20220620113000000,sz.000592,2.5400,2.5600,2.5400,2.5400,3295200,8405018.0000,3
2022-06-20,20220620140000000,sz.000592,2.5500,2.5600,2.5300,2.5500,4428702,11270450.0000,3
2022-06-20,20220620150000000,sz.000592,2.5500,2.5600,2.5400,2.5500,4204244,10720268.0000,3
2022-06-21,20220621103000000,sz.000592,2.5400,2.6300,2.5400,2.5900,21683525,56311726.0000,3
2022-06-21,20220621113000000,sz.000592,2.5900,2.6000,2.5700,2.5900,3741152,9667497.0000,3
2022-06-21,20220621140000000,sz.000592,2.5900,2.5900,2.5500,2.5500,5174144,13303810.0000,3
2022-06-21,20220621150000000,sz.000592,2.5500,2.5800,2.5500,2.5500,6930300,17740048.0000,3
2022-06-22,20220622103000000,sz.000592,2.5700,2.5700,2.5300,2.5500,9562500,24327323.0000,3
2022-06-22,20220622113000000,sz.000592,2.5500,2.5500,2.5300,2.5400,2075700,5273736.0000,3
2022-06-22,20220622140000000,sz.000592,2.5400,2.5600,2.5400,2.5400,2750100,7014138.0000,3
2022-06-22,20220622150000000,sz.000592,2.5500,2.5500,2.5300,2.5300,5846976,14834120.0000,3
2022-06-23,20220623103000000,sz.000592,2.5100,2.5300,2.5000,2.5100,7542300,18948028.0000,3
2022-06-23,20220623113000000,sz.000592,2.5000,2.5200,2.5000,2.5100,2797450,7024369.0000,3
2022-06-23,20220623140000000,sz.000592,2.5200,2.5400,2.5100,2.5400,3927256,9913534.0000,3
2022-06-23,20220623150000000,sz.000592,2.5300,2.5500,2.5300,2.5500,6311400,16037469.0000,3
2022-06-24,20220624103000000,sz.000592,2.5500,2.5600,2.5300,2.5400,6283014,15979337.0000,3
2022-06-24,20220624113000000,sz.000592,2.5400,2.5500,2.5200,2.5300,5156336,13078903.0000,3
2022-06-24,20220624140000000,sz.000592,2.5300,2.6200,2.5300,2.5900,19196643,49551368.0000,3
2022-06-24,20220624150000000,sz.000592,2.5900,2.5900,2.5600,2.5700,4972800,12787137.0000,3
2022-06-27,20220627103000000,sz.000592,2.5800,2.6500,2.5600,2.6400,23334790,60909478.0000,3
2022-06-27,20220627113000000,sz.000592,2.6400,2.6400,2.5900,2.5900,10599719,27613627.0000,3
2022-06-27,20220627140000000,sz.000592,2.5900,2.6200,2.5800,2.6200,8470446,21982471.0000,3
2022-06-27,20220627150000000,sz.000592,2.6100,2.6200,2.5900,2.5900,9894742,25713703.0000,3
2022-06-28,20220628103000000,sz.000592,2.6000,2.6500,2.5800,2.6200,18538744,48587386.0000,3
2022-06-28,20220628113000000,sz.000592,2.6200,2.6200,2.6000,2.6100,4525900,11816034.0000,3
2022-06-28,20220628140000000,sz.000592,2.6100,2.6400,2.6100,2.6300,6651400,17461548.0000,3
2022-06-28,20220628150000000,sz.000592,2.6200,2.6400,2.6200,2.6300,10662827,28026968.0000,3
2022-06-29,20220629103000000,sz.000592,2.6300,2.6700,2.6000,2.6600,17172500,45194031.0000,3
2022-06-29,20220629113000000,sz.000592,2.6600,2.8300,2.6600,2.7100,48981250,133172343.0000,3
2022-06-29,20220629140000000,sz.000592,2.7100,2.7100,2.6700,2.6900,9236350,24822142.0000,3
2022-06-29,20220629150000000,sz.000592,2.6900,2.6900,2.6600,2.6600,8634500,23076199.0000,3
2022-06-30,20220630103000000,sz.000592,2.6400,2.6800,2.6200,2.6300,20511341,54282824.0000,3
2022-06-30,20220630113000000,sz.000592,2.6300,2.6500,2.6200,2.6400,7080065,18636724.0000,3
2022-06-30,20220630140000000,sz.000592,2.6500,2.6600,2.6200,2.6200,7605426,20041457.0000,3
2022-06-30,20220630150000000,sz.000592,2.6200,2.6400,2.6100,2.6300,9759124,25609507.0000,3
2022-07-01,20220701103000000,sz.000592,2.6000,2.6400,2.6000,2.6200,7874058,20606735.0000,3
2022-07-01,20220701113000000,sz.000592,2.6300,2.6300,2.6000,2.6000,4756742,12430769.0000,3
2022-07-01,20220701140000000,sz.000592,2.6000,2.6100,2.5900,2.5900,6924600,17978452.0000,3
2022-07-01,20220701150000000,sz.000592,2.5900,2.6000,2.5700,2.5800,7366500,19052493.0000,3
2022-07-04,20220704103000000,sz.000592,2.5900,2.6400,2.5900,2.6100,9946141,26045497.0000,3
2022-07-04,20220704113000000,sz.000592,2.6200,2.6300,2.6100,2.6200,3161667,8291842.0000,3
2022-07-04,20220704140000000,sz.000592,2.6200,2.6800,2.6100,2.6700,18451106,48867519.0000,3
2022-07-04,20220704150000000,sz.000592,2.6700,2.6900,2.6600,2.6800,15009424,40135035.0000,3
2022-07-05,20220705103000000,sz.000592,2.6500,2.6800,2.6300,2.6500,11044400,29223438.0000,3
2022-07-05,20220705113000000,sz.000592,2.6500,2.6500,2.6200,2.6300,5786700,15250449.0000,3
2022-07-05,20220705140000000,sz.000592,2.6300,2.6400,2.6000,2.6000,6518000,17052465.0000,3
2022-07-05,20220705150000000,sz.000592,2.6000,2.6400,2.6000,2.6400,4458700,11687397.0000,3
2022-07-06,20220706103000000,sz.000592,2.6200,2.6300,2.5800,2.5900,9389600,24446016.0000,3
2022-07-06,20220706113000000,sz.000592,2.5900,2.6000,2.5700,2.5800,5258241,13580415.0000,3
2022-07-06,20220706140000000,sz.000592,2.5800,2.5900,2.5600,2.5700,4370459,11240114.0000,3
2022-07-06,20220706150000000,sz.000592,2.5700,2.5700,2.5400,2.5600,7197866,18395407.0000,3
2022-07-07,20220707103000000,sz.000592,2.5600,2.6000,2.5500,2.5900,4842800,12499565.0000,3
2022-07-07,20220707113000000,sz.000592,2.5900,2.5900,2.5700,2.5800,2370700,6118948.0000,3
2022-07-07,20220707140000000,sz.000592,2.5800,2.5800,2.5700,2.5700,3309700,8511182.0000,3
2022-07-07,20220707150000000,sz.000592,2.5700,2.5800,2.5600,2.5700,3770000,9667539.0000,3
2022-07-08,20220708103000000,sz.000592,2.5700,2.5900,2.5500,2.5900,4969700,12775332.0000,3
2022-07-08,20220708113000000,sz.000592,2.5900,2.5900,2.5800,2.5900,2145000,5544566.0000,3
2022-07-08,20220708140000000,sz.000592,2.5900,2.5900,2.5700,2.5800,3562920,9182056.0000,3
2022-07-08,20220708150000000,sz.000592,2.5800,2.5800,2.5600,2.5700,2515100,6464664.0000,3
2022-07-11,20220711103000000,sz.000592,2.5600,2.5700,2.5100,2.5300,7978852,20212074.0000,3
2022-07-11,20220711113000000,sz.000592,2.5300,2.5400,2.5200,2.5300,1805717,4566698.0000,3
2022-07-11,20220711140000000,sz.000592,2.5300,2.5400,2.5200,2.5200,1826500,4612728.0000,3
2022-07-11,20220711150000000,sz.000592,2.5200,2.5400,2.5200,2.5300,2943500,7431494.0000,3
