date,time,code,open,high,low,close,volume,amount,adjustflag
2022-01-04,20220104103000000,sz.002009,24.0100,24.1000,22.8100,23.1000,6649600,154552526.0000,3
2022-01-04,20220104113000000,sz.002009,23.1000,23.1000,22.8800,23.0400,1945491,44677565.0000,3
2022-01-04,20220104140000000,sz.002009,23.0400,23.0400,22.8500,22.8600,2139800,48989420.0000,3
2022-01-04,20220104150000000,sz.002009,22.8600,22.9400,22.6500,22.8800,3600916,82005993.0000,3
2022-01-05,20220105103000000,sz.002009,22.8800,22.8800,21.9000,22.1000,5202900,115182995.0000,3
2022-01-05,20220105113000000,sz.002009,22.0800,22.2000,21.9000,21.9200,1427400,31423352.0000,3
2022-01-05,20220105140000000,sz.002009,21.9100,22.1200,21.7600,21.9300,1748500,38386946.0000,3
2022-01-05,20220105150000000,sz.002009,21.9300,22.3500,21.9300,22.2400,1828300,40551903.0000,3
2022-01-06,20220106103000000,sz.002009,22.0000,22.1000,21.7500,21.8400,2153300,47176488.0000,3
2022-01-06,20220106113000000,sz.002009,21.8400,22.6400,21.8400,22.5700,2097715,46821036.0000,3
2022-01-06,20220106140000000,sz.002009,22.5700,23.9600,22.4500,23.7200,6300678,147173672.0000,3
2022-01-06,20220106150000000,sz.002009,23.7300,23.7300,23.2700,23.3000,2698500,63216308.0000,3
2022-01-07,20220107103000000,sz.002009,23.2200,23.4000,22.1400,22.3100,3937500,89175269.0000,3
2022-01-07,20220107113000000,sz.002009,22.3000,22.3400,21.9200,22.0700,2365500,52270179.0000,3
2022-01-07,20220107140000000,sz.002009,22.0500,22.3000,21.9800,22.0800,1544300,34174133.0000,3
2022-01-07,20220107150000000,sz.002009,22.0800,22.0900,21.7600,21.9300,3750700,82075519.0000,3
2022-01-10,20220110103000000,sz.002009,21.8000,22.1900,21.1200,21.8700,4680300,100572125.0000,3
2022-01-10,20220110113000000,sz.002009,21.8700,21.9200,21.5500,21.6000,904100,19619016.0000,3
2022-01-10,20220110140000000,sz.002009,21.6000,21.7700,21.4700,21.5800,1087028,23454095.0000,3
2022-01-10,20220110150000000,sz.002009,21.5800,22.1000,21.5600,22.1000,2301890,50481534.0000,3
2022-01-11,20220111103000000,sz.002009,21.9000,22.0900,21.3900,21.5100,2310600,50074361.0000,3
2022-01-11,20220111113000000,sz.002009,21.5200,21.5300,21.2000,21.2600,1622950,34650178.0000,3
2022-01-11,20220111140000000,sz.002009,21.2800,21.2800,20.8700,20.9700,3149000,66276545.0000,3
2022-01-11,20220111150000000,sz.002009,20.9700,21.0400,20.8500,20.9500,3579974,74939564.0000,3
2022-01-12,20220112103000000,sz.002009,20.9900,21.6300,20.9400,21.1200,2282900,48364055.0000,3
2022-01-12,20220112113000000,sz.002009,21.1200,21.1800,20.9000,20.9000,873700,18355777.0000,3
2022-01-12,20220112140000000,sz.002009,20.9200,21.1500,20.6500,20.9700,2336400,48750936.0000,3
2022-01-12,20220112150000000,sz.002009,20.9700,21.1600,20.9500,21.0000,1473004,30995860.0000,3
2022-01-13,20220113103000000,sz.002009,21.0400,21.0500,19.6000,19.8200,7605300,152433634.0000,3
2022-01-13,20220113113000000,sz.002009,19.8200,20.3600,19.8200,19.9700,2261300,45393765.0000,3
2022-01-13,20220113140000000,sz.002009,20.0200,20.0200,19.5500,19.6300,2440904,48172163.0000,3
2022-01-13,20220113150000000,sz.002009,19.6300,19.7400,19.5200,19.6200,3617500,71040374.0000,3
2022-01-14,20220114103000000,sz.002009,19.1600,19.7700,19.1600,19.5200,5196776,101154498.0000,3
2022-01-14,20220114113000000,sz.002009,19.5200,19.5800,19.3000,19.3800,2091842,40586418.0000,3
2022-01-14,20220114140000000,sz.002009,19.3600,19.4000,19.1500,19.2100,3362228,64733925.0000,3
2022-01-14,20220114150000000,sz.002009,19.2300,19.2700,18.9000,18.9600,8054300,153572951.0000,3
2022-01-17,20220117103000000,sz.002009,18.9400,19.2800,18.6000,19.0300,5081399,96469068.0000,3
2022-01-17,20220117113000000,sz.002009,19.0400,19.0600,18.8200,19.0000,1665800,31568944.0000,3
2022-01-17,20220117140000000,sz.002009,19.0000,19.0400,18.6600,18.7500,3012262,56524103.0000,3
2022-01-17,20220117150000000,sz.002009,18.7500,18.8300,18.6600,18.7000,4400697,82388766.0000,3
2022-01-18,20220118103000000,sz.002009,18.8100,19.3700,18.5200,19.2900,6620607,126500091.0000,3
2022-01-18,20220118113000000,sz.002009,19.2900,19.2900,19.1300,19.1300,1701329,32681336.0000,3
2022-01-18,20220118140000000,sz.002009,19.1300,19.1300,18.9000,18.9200,1743032,33122833.0000,3
2022-01-18,20220118150000000,sz.002009,18.9200,18.9900,18.8300,18.9500,2078083,39288498.0000,3
2022-01-19,20220119103000000,sz.002009,18.7500,18.8500,18.3300,18.5500,5891899,109355322.0000,3
2022-01-19,20220119113000000,sz.002009,18.5700,18.8000,18.4000,18.6500,3117500,57869190.0000,3
2022-01-19,20220119140000000,sz.002009,18.6500,18.6800,18.4500,18.4800,1660000,30802689.0000,3
2022-01-19,20220119150000000,sz.002009,18.4800,18.7600,18.4300,18.6100,2717565,50511885.0000,3
2022-01-20,20220120103000000,sz.002009,18.5100,18.7100,18.2100,18.4100,2583600,47664406.0000,3
2022-01-20,20220120113000000,sz.002009,18.3900,18.4400,17.9500,18.1100,2523100,45749567.0000,3
2022-01-20,20220120140000000,sz.002009,18.1100,18.2400,18.0200,18.1300,2821399,51171414.0000,3
2022-01-20,20220120150000000,sz.002009,18.1300,18.1800,18.0200,18.0900,1900200,34382214.0000,3
2022-01-21,20220121103000000,sz.002009,18.3600,18.3600,17.7200,17.8900,5954200,106779429.0000,3
2022-01-21,20220121113000000,sz.002009,17.8900,17.9700,17.6500,17.7700,2041700,36311466.0000,3
2022-01-21,20220121140000000,sz.002009,17.7800,17.8800,17.5400,17.5700,1939300,34239402.0000,3
2022-01-21,20220121150000000,sz.002009,17.5700,17.6400,17.3500,17.4500,3339100,58459843.0000,3
2022-01-24,20220124103000000,sz.002009,17.5400,17.6000,16.9200,17.2700,6890990,118284205.0000,3
2022-01-24,20220124113000000,sz.002009,17.2700,17.6200,17.2500,17.5000,2773400,48440763.0000,3
2022-01-24,20220124140000000,sz.002009,17.5000,17.8500,17.3800,17.4700,2690999,47316439.0000,3
2022-01-24,20220124150000000,sz.002009,17.4700,17.6600,17.4500,17.4900,1593608,27913703.0000,3
2022-01-25,20220125103000000,sz.002009,17.4500,17.8000,16.9900,17.0200,3659900,63690021.0000,3
2022-01-25,20220125113000000,sz.002009,17.0200,17.3000,16.9700,17.0200,1588400,27135496.0000,3
2022-01-25,20220125140000000,sz.002009,17.0500,17.1000,16.9000,17.0000,1629100,27669667.0000,3
2022-01-25,20220125150000000,sz.002009,17.0000,17.0000,16.6000,16.6800,2938830,49282497.0000,3
2022-01-26,20220126103000000,sz.002009,16.7800,17.1300,16.7800,17.0100,3396400,57684604.0000,3
2022-01-26,20220126113000000,sz.002009,17.0100,17.1000,16.8500,16.9000,1865700,31708308.0000,3
2022-01-26,20220126140000000,sz.002009,16.9000,16.9500,16.7000,16.8800,1570000,26396285.0000,3
2022-01-26,20220126150000000,sz.002009,16.8800,16.9300,16.7500,16.8500,1670200,28071868.0000,3
2022-01-27,20220127103000000,sz.002009,16.8000,16.9900,16.4500,16.4900,2447800,40829295.0000,3
2022-01-27,20220127113000000,sz.002009,16.4800,16.6900,16.4000,16.5300,1169300,19335239.0000,3
2022-01-27,20220127140000000,sz.002009,16.5300,16.5500,16.3500,16.5200,2148900,35375375.0000,3
2022-01-27,20220127150000000,sz.002009,16.5200,16.5500,16.3100,16.3100,2703900,44444672.0000,3
2022-01-28,20220128103000000,sz.002009,16.6000,16.6000,16.0000,16.3700,2639500,42941687.0000,3
2022-01-28,20220128113000000,sz.002009,16.3700,16.8000,16.2600,16.7000,2070600,34344065.0000,3
2022-01-28,20220128140000000,sz.002009,16.7400,16.7400,16.5300,16.5900,1349500,22404041.0000,3
2022-01-28,20220128150000000,sz.002009,16.5900,16.9900,16.4700,16.6300,3234900,53937010.0000,3
2022-02-07,20220207103000000,sz.002009,16.9800,17.1200,16.7900,16.9500,3146900,53358178.0000,3
2022-02-07,20220207113000000,sz.002009,16.9400,16.9700,16.8000,16.8400,1130800,19095582.0000,3
2022-02-07,20220207140000000,sz.002009,16.8500,16.8800,16.7800,16.8100,798511,13431593.0000,3
2022-02-07,20220207150000000,sz.002009,16.8100,16.9000,16.7100,16.8700,1237709,20779288.0000,3
2022-02-08,20220208103000000,sz.002009,16.9000,16.9500,16.6000,16.6900,2650400,44475629.0000,3
2022-02-08,20220208113000000,sz.002009,16.6900,16.7000,16.2200,16.2400,2682600,44033647.0000,3
2022-02-08,20220208140000000,sz.002009,16.2500,16.7300,16.1300,16.6100,1537400,25120775.0000,3
2022-02-08,20220208150000000,sz.002009,16.6100,16.7200,16.5500,16.7200,1100000,18328603.0000,3
2022-02-09,20220209103000000,sz.002009,16.8000,17.2500,16.6000,17.1000,4496100,76119856.0000,3
2022-02-09,20220209113000000,sz.002009,17.1000,17.2500,17.0600,17.1400,2788400,47843292.0000,3
2022-02-09,20220209140000000,sz.002009,17.1100,17.2300,17.0600,17.1800,1526200,26162022.0000,3
2022-02-09,20220209150000000,sz.002009,17.1800,17.2900,17.1700,17.2900,2710800,46739777.0000,3
2022-02-10,20220210103000000,sz.002009,17.5000,17.5500,16.6100,16.7100,7199200,121814008.0000,3
2022-02-10,20220210113000000,sz.002009,16.7000,16.7900,16.6200,16.6300,2262000,37746619.0000,3
2022-02-10,20220210140000000,sz.002009,16.6500,16.6500,16.4100,16.4600,3422345,56525723.0000,3
2022-02-10,20220210150000000,sz.002009,16.4600,16.5700,16.4000,16.4900,2414766,39768315.0000,3
2022-02-11,20220211103000000,sz.002009,16.7000,17.2200,16.5900,16.8900,9176500,155026993.0000,3
2022-02-11,20220211113000000,sz.002009,16.8900,17.1000,16.8000,16.8800,2138509,36209721.0000,3
2022-02-11,20220211140000000,sz.002009,16.8900,16.8900,16.6900,16.7000,1801484,30191934.0000,3
2022-02-11,20220211150000000,sz.002009,16.7000,16.7200,16.5500,16.6600,2408762,40018534.0000,3
2022-02-14,20220214103000000,sz.002009,16.2200,16.6000,15.7900,16.4700,5031900,81838456.0000,3
2022-02-14,20220214113000000,sz.002009,16.4700,16.4700,16.2600,16.3200,1311200,21439326.0000,3
2022-02-14,20220214140000000,sz.002009,16.3000,16.7500,16.2800,16.4500,1806300,29791710.0000,3
2022-02-14,20220214150000000,sz.002009,16.4500,16.5000,16.2300,16.3400,1587797,25946371.0000,3
2022-02-15,20220215103000000,sz.002009,16.3300,16.7100,16.1500,16.5900,3465397,57147063.0000,3
2022-02-15,20220215113000000,sz.002009,16.5900,16.6500,16.5300,16.5500,929600,15410502.0000,3
2022-02-15,20220215140000000,sz.002009,16.5500,16.6000,16.4500,16.5200,955700,15781149.0000,3
2022-02-15,20220215150000000,sz.002009,16.5200,16.5800,16.4300,16.5600,1337000,22074160.0000,3
2022-02-16,20220216103000000,sz.002009,16.6500,17.1700,16.5500,16.9400,4704197,79390877.0000,3
2022-02-16,20220216113000000,sz.002009,16.9400,17.0700,16.9000,16.9900,1226500,20830553.0000,3
2022-02-16,20220216140000000,sz.002009,17.0100,17.2500,16.9000,17.2200,3131100,53568855.0000,3
2022-02-16,20220216150000000,sz.002009,17.2200,17.2500,17.0500,17.1600,2274300,38993777.0000,3
2022-02-17,20220217103000000,sz.002009,17.0500,17.2900,16.8600,17.1700,4044908,68947615.0000,3
2022-02-17,20220217113000000,sz.002009,17.1700,17.6100,17.1100,17.4600,4662900,81127614.0000,3
2022-02-17,20220217140000000,sz.002009,17.4700,17.4700,17.2700,17.4200,1740700,30235904.0000,3
2022-02-17,20220217150000000,sz.002009,17.4200,17.5500,17.3200,17.4200,4269304,74422693.0000,3
2022-02-18,20220218103000000,sz.002009,17.2500,17.2800,16.9400,17.0800,3769900,64441117.0000,3
2022-02-18,20220218113000000,sz.002009,17.0800,17.1000,16.9500,16.9500,1504200,25583792.0000,3
2022-02-18,20220218140000000,sz.002009,16.9600,17.0400,16.9400,16.9800,1153600,19594228.0000,3
2022-02-18,20220218150000000,sz.002009,17.0000,17.1900,16.9500,17.1700,2160954,36916268.0000,3
2022-02-21,20220221103000000,sz.002009,17.4800,17.4800,17.1000,17.2900,2810899,48507379.0000,3
2022-02-21,20220221113000000,sz.002009,17.2900,17.2900,17.1300,17.2200,935400,16083505.0000,3
2022-02-21,20220221140000000,sz.002009,17.2100,17.5100,17.1900,17.5100,2274200,39551798.0000,3
2022-02-21,20220221150000000,sz.002009,17.5200,18.0500,17.5200,17.9800,5349501,95469347.0000,3
2022-02-22,20220222103000000,sz.002009,17.9500,18.1500,17.3800,18.1400,6467893,114592601.0000,3
2022-02-22,20220222113000000,sz.002009,18.1400,19.6800,18.0000,19.0600,10418300,197119159.0000,3
2022-02-22,20220222140000000,sz.002009,19.0500,19.3300,18.7700,19.2500,3799329,72611568.0000,3
2022-02-22,20220222150000000,sz.002009,19.2500,19.3200,19.0800,19.1200,3008499,57703888.0000,3
2022-02-23,20220223103000000,sz.002009,19.2500,19.6000,19.0500,19.1300,6627100,127588480.0000,3
2022-02-23,20220223113000000,sz.002009,19.1400,19.4600,19.1400,19.4300,2270000,43919231.0000,3
2022-02-23,20220223140000000,sz.002009,19.3600,19.5500,19.2000,19.4400,3386200,65632789.0000,3
2022-02-23,20220223150000000,sz.002009,19.4300,19.9500,19.4300,19.7500,4945890,97308604.0000,3
2022-02-24,20220224103000000,sz.002009,19.5200,19.9500,19.2600,19.3600,6209900,121857211.0000,3
2022-02-24,20220224113000000,sz.002009,19.3600,19.4700,19.0300,19.0500,3321600,63947843.0000,3
2022-02-24,20220224140000000,sz.002009,19.0300,19.1800,18.5500,18.7400,4384500,82878722.0000,3
2022-02-24,20220224150000000,sz.002009,18.7500,18.9900,18.4700,18.9600,3658257,68541888.0000,3
2022-02-25,20220225103000000,sz.002009,19.0200,19.5500,19.0200,19.4500,4498929,86836539.0000,3
2022-02-25,20220225113000000,sz.002009,19.4500,19.4800,19.2500,19.2600,1685100,32602449.0000,3
2022-02-25,20220225140000000,sz.002009,19.2700,19.6500,19.2500,19.4900,3521299,68726771.0000,3
2022-02-25,20220225150000000,sz.002009,19.4900,19.5000,19.0700,19.1600,2747608,52875231.0000,3
2022-02-28,20220228103000000,sz.002009,19.1600,19.4600,18.6100,19.2500,5651900,107499805.0000,3
2022-02-28,20220228113000000,sz.002009,19.2600,20.1000,19.1600,19.9300,4417556,87168387.0000,3
2022-02-28,20220228140000000,sz.002009,19.9100,20.0600,19.7300,19.8500,2291205,45543710.0000,3
2022-02-28,20220228150000000,sz.002009,19.8500,19.9700,19.8300,19.8900,2312400,46010050.0000,3
2022-03-01,20220301103000000,sz.002009,19.8500,20.0500,19.6100,19.6300,3909200,77567276.0000,3
2022-03-01,20220301113000000,sz.002009,19.6400,19.6900,19.5000,19.5300,1665391,32587385.0000,3
2022-03-01,20220301140000000,sz.002009,19.5300,19.5500,19.2900,19.5000,1698000,32969063.0000,3
2022-03-01,20220301150000000,sz.002009,19.5000,19.7000,19.4300,19.6000,1275065,24969159.0000,3
2022-03-02,20220302103000000,sz.002009,19.2000,19.5400,19.1400,19.3300,2520900,48612121.0000,3
2022-03-02,20220302113000000,sz.002009,19.3300,19.5800,19.3300,19.4400,800100,15567192.0000,3
2022-03-02,20220302140000000,sz.002009,19.4400,19.5500,19.3300,19.3900,736300,14313239.0000,3
2022-03-02,20220302150000000,sz.002009,19.4000,19.4900,19.3500,19.3800,1092000,21194498.0000,3
2022-03-03,20220303103000000,sz.002009,19.3900,19.5600,19.0900,19.3800,2819300,54411557.0000,3
2022-03-03,20220303113000000,sz.002009,19.3800,19.3900,19.2000,19.3400,723465,13943379.0000,3
2022-03-03,20220303140000000,sz.002009,19.3000,19.3500,19.1300,19.2200,828600,15919916.0000,3
2022-03-03,20220303150000000,sz.002009,19.2000,19.4100,19.1900,19.2500,1301400,25143175.0000,3
2022-03-04,20220304103000000,sz.002009,19.0900,20.3200,19.0300,20.1900,7623065,152253116.0000,3
2022-03-04,20220304113000000,sz.002009,20.1900,21.1100,20.1600,20.6500,6368600,131949300.0000,3
2022-03-04,20220304140000000,sz.002009,20.6800,20.9500,20.4400,20.8000,2413200,49889728.0000,3
2022-03-04,20220304150000000,sz.002009,20.7900,20.7900,20.5000,20.6100,2529003,52110240.0000,3
2022-03-07,20220307103000000,sz.002009,20.5000,20.5000,19.4200,20.1300,7978600,158044141.0000,3
2022-03-07,20220307113000000,sz.002009,20.1300,20.4000,19.9100,19.9600,1898700,38197452.0000,3
2022-03-07,20220307140000000,sz.002009,20.1000,20.3000,19.6600,19.7600,1444533,28744640.0000,3
2022-03-07,20220307150000000,sz.002009,19.7900,19.9900,19.7000,19.9400,1569899,31125277.0000,3
2022-03-08,20220308103000000,sz.002009,20.7000,20.8200,19.4200,19.4900,5804820,116493572.0000,3
2022-03-08,20220308113000000,sz.002009,19.4900,19.5000,19.0100,19.3500,2052400,39608239.0000,3
2022-03-08,20220308140000000,sz.002009,19.3100,19.8500,19.2400,19.8300,1948600,38272542.0000,3
2022-03-08,20220308150000000,sz.002009,19.8300,19.8500,19.1500,19.2000,1584900,30820429.0000,3
2022-03-09,20220309103000000,sz.002009,19.6700,20.0900,19.2300,19.7300,9377420,184356416.0000,3
2022-03-09,20220309113000000,sz.002009,19.7300,19.7600,19.2900,19.3400,1634000,31876216.0000,3
2022-03-09,20220309140000000,sz.002009,19.3400,19.7400,18.6700,19.3800,2920311,56347368.0000,3
2022-03-09,20220309150000000,sz.002009,19.3800,20.0500,19.2400,20.0100,3855729,75992832.0000,3
2022-03-10,20220310103000000,sz.002009,20.3500,20.3500,19.3900,19.5600,7357973,145664706.0000,3
2022-03-10,20220310113000000,sz.002009,19.5700,20.0000,19.5500,19.9100,2704577,53574409.0000,3
2022-03-10,20220310140000000,sz.002009,19.9100,19.9100,19.5500,19.5800,1889800,37195317.0000,3
2022-03-10,20220310150000000,sz.002009,19.5800,19.6900,19.5700,19.6100,1826708,35841200.0000,3
2022-03-11,20220311103000000,sz.002009,19.0900,19.2700,18.5000,18.9500,3853700,72738095.0000,3
2022-03-11,20220311113000000,sz.002009,18.9400,19.1600,18.6100,18.6300,1520643,28594934.0000,3
2022-03-11,20220311140000000,sz.002009,18.6100,18.9100,18.6000,18.8800,1179000,22129137.0000,3
2022-03-11,20220311150000000,sz.002009,18.8800,19.0400,18.8000,18.8400,1995004,37714687.0000,3
2022-03-14,20220314103000000,sz.002009,18.5500,18.7400,18.1200,18.1200,3197700,58438694.0000,3
2022-03-14,20220314113000000,sz.002009,18.1200,18.1200,17.4800,17.7300,3616754,64330572.0000,3
2022-03-14,20220314140000000,sz.002009,17.7300,17.9300,17.5000,17.5600,1799300,31763191.0000,3
2022-03-14,20220314150000000,sz.002009,17.5700,17.7200,17.2900,17.2900,2589251,45324592.0000,3
2022-03-15,20220315103000000,sz.002009,17.2800,17.5500,17.0200,17.4700,3796799,65923187.0000,3
2022-03-15,20220315113000000,sz.002009,17.5100,18.1000,17.4600,17.7200,2159200,38519732.0000,3
2022-03-15,20220315140000000,sz.002009,17.7000,17.7600,17.4900,17.5100,1048800,18482145.0000,3
2022-03-15,20220315150000000,sz.002009,17.5100,17.6500,17.2000,17.2000,1730100,30091642.0000,3
2022-03-16,20220316103000000,sz.002009,17.5000,17.7000,16.8500,17.1800,3285500,56639640.0000,3
2022-03-16,20220316113000000,sz.002009,17.1800,17.3000,16.8800,17.1500,997600,17018514.0000,3
2022-03-16,20220316140000000,sz.002009,17.1500,17.9400,17.1200,17.7300,2624100,46223537.0000,3
2022-03-16,20220316150000000,sz.002009,17.7300,17.9000,17.5500,17.8800,3090501,54804363.0000,3
2022-03-17,20220317103000000,sz.002009,18.0300,19.4000,18.0300,19.3200,8042246,151354111.0000,3
2022-03-17,20220317113000000,sz.002009,19.3000,19.5600,19.0400,19.1200,3186499,61425488.0000,3
2022-03-17,20220317140000000,sz.002009,19.1200,19.2900,18.7400,18.7800,2137373,40600179.0000,3
2022-03-17,20220317150000000,sz.002009,18.7700,19.0500,18.6500,18.7500,2972300,55985822.0000,3
2022-03-18,20220318103000000,sz.002009,18.6000,19.0100,18.5200,18.6900,3016099,56603588.0000,3
2022-03-18,20220318113000000,sz.002009,18.7000,18.9400,18.6800,18.7200,815400,15348369.0000,3
2022-03-18,20220318140000000,sz.002009,18.7200,18.8400,18.6500,18.7400,1116200,20909813.0000,3
2022-03-18,20220318150000000,sz.002009,18.7400,18.7700,18.6400,18.6600,1464311,27343551.0000,3
2022-03-21,20220321103000000,sz.002009,18.8400,19.5500,18.6000,19.3200,4570320,88088461.0000,3
2022-03-21,20220321113000000,sz.002009,19.3200,19.5900,19.3200,19.3400,1843900,35885996.0000,3
2022-03-21,20220321140000000,sz.002009,19.3500,19.4300,19.0900,19.2200,1734900,33361434.0000,3
2022-03-21,20220321150000000,sz.002009,19.2200,19.3400,19.2100,19.3300,1364800,26333813.0000,3
2022-03-22,20220322103000000,sz.002009,20.5800,20.8000,19.7800,20.0300,9148400,184312112.0000,3
2022-03-22,20220322113000000,sz.002009,20.0500,20.0900,19.8400,20.0500,1393421,27801089.0000,3
2022-03-22,20220322140000000,sz.002009,20.0500,20.0600,19.6000,19.7600,1615700,32048808.0000,3
2022-03-22,20220322150000000,sz.002009,19.7600,19.8500,19.6400,19.7500,2363510,46650951.0000,3
2022-03-23,20220323103000000,sz.002009,19.5400,20.1800,19.5000,19.5100,4495500,88651618.0000,3
2022-03-23,20220323113000000,sz.002009,19.5100,19.5400,19.2100,19.2300,3134900,60806131.0000,3
2022-03-23,20220323140000000,sz.002009,19.2200,19.2900,19.0600,19.1400,2027100,38911579.0000,3
2022-03-23,20220323150000000,sz.002009,19.1400,19.2200,19.0300,19.1500,1966322,37594454.0000,3
2022-03-24,20220324103000000,sz.002009,19.1100,19.5800,18.9300,19.3500,5185600,99811196.0000,3
2022-03-24,20220324113000000,sz.002009,19.3500,19.4500,19.2400,19.3500,1250800,24212565.0000,3
2022-03-24,20220324140000000,sz.002009,19.3500,19.7800,19.2600,19.7100,2754122,53762635.0000,3
2022-03-24,20220324150000000,sz.002009,19.7100,19.7100,19.4900,19.5000,1942900,38000767.0000,3
2022-03-25,20220325103000000,sz.002009,19.4600,20.2000,19.3600,19.7300,4684100,93225508.0000,3
2022-03-25,20220325113000000,sz.002009,19.7100,19.7900,19.3600,19.3900,1742300,34087001.0000,3
2022-03-25,20220325140000000,sz.002009,19.3900,19.6300,19.3000,19.5000,1382800,26930479.0000,3
2022-03-25,20220325150000000,sz.002009,19.5000,19.5000,19.1600,19.2200,1809700,34895841.0000,3
2022-03-28,20220328103000000,sz.002009,18.7000,19.2800,18.6000,18.8900,3798501,72156844.0000,3
2022-03-28,20220328113000000,sz.002009,18.8900,19.2200,18.8600,18.9500,1063300,20240951.0000,3
2022-03-28,20220328140000000,sz.002009,18.9500,18.9700,18.8000,18.9300,852600,16100118.0000,3
2022-03-28,20220328150000000,sz.002009,18.9400,19.0500,18.4700,18.6100,2416699,45169180.0000,3
2022-03-29,20220329103000000,sz.002009,18.6100,18.9800,18.5600,18.7500,2871300,54029985.0000,3
2022-03-29,20220329113000000,sz.002009,18.7500,18.8000,18.4500,18.4600,1067300,19868293.0000,3
2022-03-29,20220329140000000,sz.002009,18.4400,18.8500,18.4000,18.8200,1254501,23453909.0000,3
2022-03-29,20220329150000000,sz.002009,18.8300,18.8400,18.5700,18.7800,1320400,24699101.0000,3
2022-03-30,20220330103000000,sz.002009,18.7700,19.6500,18.5100,19.2600,3831251,73263502.0000,3
2022-03-30,20220330113000000,sz.002009,19.2600,19.3000,19.0500,19.2000,1011800,19407639.0000,3
2022-03-30,20220330140000000,sz.002009,19.2100,19.2400,19.1000,19.1600,712100,13652804.0000,3
2022-03-30,20220330150000000,sz.002009,19.1500,19.3800,19.1400,19.3300,1647501,31767206.0000,3
2022-03-31,20220331103000000,sz.002009,19.2500,19.2500,18.9200,19.0600,1735551,33084293.0000,3
2022-03-31,20220331113000000,sz.002009,19.0600,19.0700,18.6300,18.9000,2035800,38362437.0000,3
2022-03-31,20220331140000000,sz.002009,18.9000,18.9300,18.5600,18.7000,1537700,28715237.0000,3
2022-03-31,20220331150000000,sz.002009,18.7000,18.8400,18.6000,18.6500,1343662,25130490.0000,3
2022-04-01,20220401103000000,sz.002009,18.4600,18.7400,18.2100,18.7100,1815500,33588347.0000,3
2022-04-01,20220401113000000,sz.002009,18.7100,18.7800,18.6200,18.6600,612800,11456284.0000,3
2022-04-01,20220401140000000,sz.002009,18.6600,18.7600,18.6100,18.6100,455000,8502064.0000,3
2022-04-01,20220401150000000,sz.002009,18.6000,18.6500,18.4300,18.6100,1268400,23529178.0000,3
2022-04-06,20220406103000000,sz.002009,18.3200,18.5400,17.9800,18.0700,2852900,51841705.0000,3
2022-04-06,20220406113000000,sz.002009,18.0700,18.2600,18.0200,18.2200,983800,17823748.0000,3
2022-04-06,20220406140000000,sz.002009,18.2500,18.2600,18.0300,18.0400,1060800,19195275.0000,3
2022-04-06,20220406150000000,sz.002009,18.0500,18.1000,17.9700,18.0500,1576862,28410174.0000,3
2022-04-07,20220407103000000,sz.002009,18.0600,18.1500,17.7100,17.7700,1947501,34846720.0000,3
2022-04-07,20220407113000000,sz.002009,17.7800,18.0000,17.6900,17.7400,852800,15192320.0000,3
2022-04-07,20220407140000000,sz.002009,17.7400,17.7900,17.5800,17.7300,870000,15385962.0000,3
2022-04-07,20220407150000000,sz.002009,17.7300,17.8400,17.5300,17.5300,1268900,22424458.0000,3
2022-04-08,20220408103000000,sz.002009,17.4400,17.7100,17.2000,17.2800,2077106,36140522.0000,3
2022-04-08,20220408113000000,sz.002009,17.2800,17.5800,17.2500,17.3000,1385400,24089694.0000,3
2022-04-08,20220408140000000,sz.002009,17.3000,17.5100,17.2800,17.4400,442800,7708792.0000,3
2022-04-08,20220408150000000,sz.002009,17.4400,17.4400,17.1900,17.2600,1171959,20254008.0000,3
2022-04-11,20220411103000000,sz.002009,17.1800,17.1900,16.2500,16.2600,6079001,100754526.0000,3
2022-04-11,20220411113000000,sz.002009,16.2700,16.4500,16.1500,16.4200,1814900,29533126.0000,3
2022-04-11,20220411140000000,sz.002009,16.4400,16.4400,16.2600,16.4000,996400,16275233.0000,3
2022-04-11,20220411150000000,sz.002009,16.3900,16.4300,16.1800,16.2100,1591529,25909085.0000,3
2022-04-12,20220412103000000,sz.002009,16.2900,16.4400,16.2700,16.3500,2685800,43919795.0000,3
2022-04-12,20220412113000000,sz.002009,16.3400,16.5500,16.3200,16.3200,1497100,24631456.0000,3
2022-04-12,20220412140000000,sz.002009,16.3200,16.8400,16.2800,16.6300,1802900,29970411.0000,3
2022-04-12,20220412150000000,sz.002009,16.6400,16.8800,16.6300,16.7900,1894870,31748196.0000,3
2022-04-13,20220413103000000,sz.002009,16.6700,16.6700,16.2800,16.4400,1718400,28253081.0000,3
2022-04-13,20220413113000000,sz.002009,16.4200,16.6600,16.3800,16.5000,789200,13008648.0000,3
2022-04-13,20220413140000000,sz.002009,16.5100,16.8500,16.4800,16.7100,827600,13843670.0000,3
2022-04-13,20220413150000000,sz.002009,16.7000,16.7100,16.4100,16.4700,786200,12999482.0000,3
2022-04-14,20220414103000000,sz.002009,16.6800,16.6900,16.2800,16.3100,1573000,25842573.0000,3
2022-04-14,20220414113000000,sz.002009,16.3000,16.3000,16.0800,16.1000,1490100,24098141.0000,3
2022-04-14,20220414140000000,sz.002009,16.1100,16.4200,16.0000,16.4000,1417400,22935094.0000,3
2022-04-14,20220414150000000,sz.002009,16.4000,16.4000,16.1200,16.1600,1565200,25412063.0000,3
2022-04-15,20220415103000000,sz.002009,16.0500,16.3800,15.9000,16.3200,2000405,32440178.0000,3
2022-04-15,20220415113000000,sz.002009,16.3200,16.4700,16.2000,16.2000,1151800,18826345.0000,3
2022-04-15,20220415140000000,sz.002009,16.2000,16.4500,16.1500,16.4200,887300,14498723.0000,3
2022-04-15,20220415150000000,sz.002009,16.4200,16.5400,16.2700,16.2700,1309400,21444805.0000,3
2022-04-18,20220418103000000,sz.002009,16.2700,16.3500,15.8800,16.1700,1736700,27831760.0000,3
2022-04-18,20220418113000000,sz.002009,16.1700,16.8000,16.1500,16.3600,968200,15895606.0000,3
2022-04-18,20220418140000000,sz.002009,16.3700,16.4900,16.2700,16.3500,653900,10714202.0000,3
2022-04-18,20220418150000000,sz.002009,16.3400,16.6700,16.3400,16.6200,1944400,32150182.0000,3
2022-04-19,20220419103000000,sz.002009,16.7300,16.9200,16.2800,16.2800,3563900,58933653.0000,3
2022-04-19,20220419113000000,sz.002009,16.2800,16.3000,16.1600,16.1800,1633400,26485079.0000,3
2022-04-19,20220419140000000,sz.002009,16.1900,16.2600,16.0000,16.0600,1772300,28544008.0000,3
2022-04-19,20220419150000000,sz.002009,16.0600,16.0800,15.9500,16.0800,1974000,31603623.0000,3
2022-04-20,20220420103000000,sz.002009,15.9600,16.0300,15.7000,15.7400,2851805,45222175.0000,3
2022-04-20,20220420113000000,sz.002009,15.7400,15.7400,15.4500,15.4600,2123000,33032738.0000,3
2022-04-20,20220420140000000,sz.002009,15.4600,15.4800,15.0600,15.0800,3437400,52414260.0000,3
2022-04-20,20220420150000000,sz.002009,15.0800,15.2000,14.9600,15.0400,2767954,41706944.0000,3
2022-04-21,20220421103000000,sz.002009,14.9400,15.2000,14.5500,14.6400,3630105,53755712.0000,3
2022-04-21,20220421113000000,sz.002009,14.6300,14.6900,14.3300,14.4200,1580000,22881464.0000,3
2022-04-21,20220421140000000,sz.002009,14.4200,14.6600,14.2900,14.3500,1786210,25807059.0000,3
2022-04-21,20220421150000000,sz.002009,14.3500,14.4100,14.0700,14.1000,2476100,35152712.0000,3
2022-04-22,20220422103000000,sz.002009,14.0000,14.1900,13.8300,13.9600,2691900,37642552.0000,3
2022-04-22,20220422113000000,sz.002009,13.9600,13.9800,13.7500,13.8900,1236300,17116174.0000,3
2022-04-22,20220422140000000,sz.002009,13.8900,14.0700,13.8800,14.0600,1031700,14417506.0000,3
2022-04-22,20220422150000000,sz.002009,14.0700,14.0700,13.8700,13.9000,1653700,23063195.0000,3
2022-04-25,20220425103000000,sz.002009,13.6100,13.6900,13.0000,13.4000,4100900,54870990.0000,3
2022-04-25,20220425113000000,sz.002009,13.4100,13.4600,13.1500,13.1500,1481200,19686292.0000,3
2022-04-25,20220425140000000,sz.002009,13.1600,13.1800,12.6600,12.6900,2640100,34141418.0000,3
2022-04-25,20220425150000000,sz.002009,12.6900,12.7300,12.5100,12.5100,3000290,37753633.0000,3
2022-04-26,20220426103000000,sz.002009,12.8100,13.0300,12.5000,13.0300,5876213,75210178.0000,3
2022-04-26,20220426113000000,sz.002009,13.0200,13.0800,12.8100,12.9700,2120300,27398687.0000,3
2022-04-26,20220426140000000,sz.002009,12.9900,13.0800,12.7300,12.7400,1862300,23989996.0000,3
2022-04-26,20220426150000000,sz.002009,12.7400,12.7700,12.4000,12.4700,2687900,33712252.0000,3
2022-04-27,20220427103000000,sz.002009,12.2000,12.8000,12.1500,12.6800,3914906,49352861.0000,3
2022-04-27,20220427113000000,sz.002009,12.6800,13.2000,12.6700,13.1500,2420400,31418780.0000,3
2022-04-27,20220427140000000,sz.002009,13.1500,13.5500,13.1500,13.4700,2328200,31163935.0000,3
2022-04-27,20220427150000000,sz.002009,13.4700,13.7000,13.3700,13.6200,2059400,27961398.0000,3
2022-04-28,20220428103000000,sz.002009,13.4900,13.9700,13.4000,13.8600,4674200,63998575.0000,3
2022-04-28,20220428113000000,sz.002009,13.8600,13.8700,13.5900,13.6300,1195900,16437631.0000,3
2022-04-28,20220428140000000,sz.002009,13.6400,13.6400,13.3600,13.5200,1863500,25122256.0000,3
2022-04-28,20220428150000000,sz.002009,13.5200,13.5600,13.4000,13.4600,1285701,17331533.0000,3
2022-04-29,20220429103000000,sz.002009,13.5100,13.9300,13.4800,13.8000,2903199,39769720.0000,3
2022-04-29,20220429113000000,sz.002009,13.8100,13.9700,13.7700,13.9300,1576000,21878491.0000,3
2022-04-29,20220429140000000,sz.002009,13.9400,14.2800,13.9300,14.1700,2441900,34478729.0000,3
2022-04-29,20220429150000000,sz.002009,14.1600,14.2600,14.1500,14.2200,1667300,23688300.0000,3
2022-05-05,20220505103000000,sz.002009,14.2900,14.6100,14.1400,14.5200,3461200,49755491.0000,3
2022-05-05,20220505113000000,sz.002009,14.5000,14.7500,14.4300,14.7200,1069500,15596846.0000,3
2022-05-05,20220505140000000,sz.002009,14.7200,15.1300,14.6200,15.1100,2484201,36945543.0000,3
2022-05-05,20220505150000000,sz.002009,15.1100,15.1100,14.8500,14.9600,1993399,29818461.0000,3
2022-05-06,20220506103000000,sz.002009,14.5000,14.8800,14.3000,14.7400,2692000,39465657.0000,3
2022-05-06,20220506113000000,sz.002009,14.7400,14.8700,14.4600,14.5400,1526710,22319553.0000,3
2022-05-06,20220506140000000,sz.002009,14.5400,14.7200,14.4700,14.6100,1468205,21418848.0000,3
2022-05-06,20220506150000000,sz.002009,14.6400,14.6600,14.4000,14.5200,1937500,28136188.0000,3
2022-05-09,20220509103000000,sz.002009,14.4000,14.9600,14.3700,14.7000,2385000,35168297.0000,3
2022-05-09,20220509113000000,sz.002009,14.7100,14.8600,14.6600,14.7100,607700,8958137.0000,3
2022-05-09,20220509140000000,sz.002009,14.7000,14.7400,14.5100,14.5400,850605,12425099.0000,3
2022-05-09,20220509150000000,sz.002009,14.5500,14.6400,14.5200,14.5900,1061400,15482072.0000,3
2022-05-10,20220510103000000,sz.002009,14.3000,15.2500,14.2100,15.2400,3498800,52157674.0000,3
2022-05-10,20220510113000000,sz.002009,15.2500,15.3800,15.1700,15.1800,1569810,23948531.0000,3
2022-05-10,20220510140000000,sz.002009,15.1800,15.2700,15.1300,15.1600,1038000,15768856.0000,3
2022-05-10,20220510150000000,sz.002009,15.1600,15.1600,15.0400,15.0700,1202100,18142515.0000,3
2022-05-11,20220511103000000,sz.002009,15.1000,15.3900,15.0700,15.3300,2834105,43213892.0000,3
2022-05-11,20220511113000000,sz.002009,15.3300,15.5000,15.2600,15.4600,1130957,17380195.0000,3
2022-05-11,20220511140000000,sz.002009,15.4600,15.8600,15.4600,15.5900,2485400,39017792.0000,3
2022-05-11,20220511150000000,sz.002009,15.6000,15.6600,15.1600,15.1700,1817365,27907473.0000,3
2022-05-12,20220512103000000,sz.002009,15.1300,15.4500,15.0500,15.2700,1742701,26650751.0000,3
2022-05-12,20220512113000000,sz.002009,15.2800,15.3300,15.1500,15.3000,880000,13391405.0000,3
2022-05-12,20220512140000000,sz.002009,15.3100,15.3500,14.9800,15.0900,1508800,22787801.0000,3
2022-05-12,20220512150000000,sz.002009,15.0800,15.2400,15.0500,15.2400,887300,13459969.0000,3
2022-05-13,20220513103000000,sz.002009,15.2700,15.3500,15.0800,15.1400,1518230,23108730.0000,3
2022-05-13,20220513113000000,sz.002009,15.1400,15.1600,15.0000,15.0600,1019100,15357054.0000,3
2022-05-13,20220513140000000,sz.002009,15.0400,15.1900,15.0400,15.0800,695400,10524231.0000,3
2022-05-13,20220513150000000,sz.002009,15.0700,15.1700,15.0500,15.1000,1049700,15853146.0000,3
2022-05-16,20220516103000000,sz.002009,15.3200,16.0700,15.3200,15.7100,5246786,82880225.0000,3
2022-05-16,20220516113000000,sz.002009,15.7100,15.7200,15.4600,15.5400,1104157,17199169.0000,3
2022-05-16,20220516140000000,sz.002009,15.5300,15.6300,15.4500,15.5800,698200,10858192.0000,3
2022-05-16,20220516150000000,sz.002009,15.5800,15.5900,15.4800,15.5800,1118819,17384611.0000,3
2022-05-17,20220517103000000,sz.002009,15.4800,16.2900,15.3300,16.0600,6611400,104838869.0000,3
2022-05-17,20220517113000000,sz.002009,16.0600,16.2000,15.9800,16.0500,1824600,29311324.0000,3
2022-05-17,20220517140000000,sz.002009,16.0100,16.2100,15.8800,16.1600,2055000,32906358.0000,3
2022-05-17,20220517150000000,sz.002009,16.1600,16.1700,16.0000,16.1000,1399701,22506397.0000,3
2022-05-18,20220518103000000,sz.002009,15.9600,16.4900,15.9300,16.1800,5448655,88745367.0000,3
2022-05-18,20220518113000000,sz.002009,16.1800,16.2200,16.0800,16.0900,1377900,22236886.0000,3
2022-05-18,20220518140000000,sz.002009,16.0900,16.1800,16.0400,16.1500,822500,13256856.0000,3
2022-05-18,20220518150000000,sz.002009,16.1400,16.2100,15.9700,16.0400,2056310,33029046.0000,3
2022-05-19,20220519103000000,sz.002009,15.8400,15.9600,15.5400,15.6900,4701803,74069152.0000,3
2022-05-19,20220519113000000,sz.002009,15.6900,15.9400,15.6000,15.8900,1172700,18476726.0000,3
2022-05-19,20220519140000000,sz.002009,15.9000,16.0400,15.8200,15.9100,1175270,18726796.0000,3
2022-05-19,20220519150000000,sz.002009,15.9100,16.0400,15.8700,16.0300,1598225,25483815.0000,3
2022-05-20,20220520103000000,sz.002009,16.1400,16.3000,15.9200,15.9800,2528100,40758348.0000,3
2022-05-20,20220520113000000,sz.002009,15.9900,16.2000,15.9300,16.2000,920800,14764807.0000,3
2022-05-20,20220520140000000,sz.002009,16.2100,16.3000,16.1500,16.1800,1443100,23413513.0000,3
2022-05-20,20220520150000000,sz.002009,16.1800,16.2800,16.1300,16.2300,1464600,23738311.0000,3
2022-05-23,20220523103000000,sz.002009,16.2000,16.3700,16.0500,16.1000,2423877,39263998.0000,3
2022-05-23,20220523113000000,sz.002009,16.1000,16.1800,16.0800,16.1500,484401,7811872.0000,3
2022-05-23,20220523140000000,sz.002009,16.1500,16.2900,16.1100,16.2800,612700,9939532.0000,3
2022-05-23,20220523150000000,sz.002009,16.2800,16.3900,16.2800,16.3500,1460901,23877113.0000,3
2022-05-24,20220524103000000,sz.002009,16.3500,16.4900,16.1700,16.3800,2828100,46241366.0000,3
2022-05-24,20220524113000000,sz.002009,16.3800,16.4100,15.9800,15.9900,2021500,32676405.0000,3
2022-05-24,20220524140000000,sz.002009,15.9800,16.0100,15.8500,15.9400,958000,15262204.0000,3
2022-05-24,20220524150000000,sz.002009,15.9400,15.9500,15.5000,15.5800,2090500,32852450.0000,3
2022-05-25,20220525103000000,sz.002009,15.7700,15.8500,15.5700,15.6700,1749500,27523923.0000,3
2022-05-25,20220525113000000,sz.002009,15.6700,15.7300,15.6100,15.7200,543900,8520317.0000,3
2022-05-25,20220525140000000,sz.002009,15.7200,15.8400,15.7200,15.7600,847900,13380743.0000,3
2022-05-25,20220525150000000,sz.002009,15.7800,15.8100,15.6100,15.6500,2236800,35053582.0000,3
2022-05-26,20220526103000000,sz.002009,15.7400,15.8000,15.3300,15.6800,2567600,39945103.0000,3
2022-05-26,20220526113000000,sz.002009,15.6900,15.8500,15.6000,15.6900,1619400,25479607.0000,3
2022-05-26,20220526140000000,sz.002009,15.7000,15.7800,15.5100,15.5200,1327400,20750791.0000,3
2022-05-26,20220526150000000,sz.002009,15.5200,15.6900,15.4500,15.6500,1392000,21658060.0000,3
2022-05-27,20220527103000000,sz.002009,15.8100,15.9700,15.6700,15.7500,2521700,39966853.0000,3
2022-05-27,20220527113000000,sz.002009,15.7600,15.7600,15.6000,15.6200,1081000,16937242.0000,3
2022-05-27,20220527140000000,sz.002009,15.6200,15.6500,15.4700,15.6000,845900,13178072.0000,3
2022-05-27,20220527150000000,sz.002009,15.6000,15.6200,15.4300,15.5400,1337623,20765535.0000,3
2022-05-30,20220530103000000,sz.002009,15.9200,15.9800,15.7000,15.8700,2807300,44513358.0000,3
2022-05-30,20220530113000000,sz.002009,15.8700,16.0700,15.8300,15.9700,1752301,27978707.0000,3
2022-05-30,20220530140000000,sz.002009,15.9700,16.0000,15.8100,15.8700,1136500,18066703.0000,3
2022-05-30,20220530150000000,sz.002009,15.9000,16.2200,15.8100,16.1900,3104918,49844765.0000,3
2022-05-31,20220531103000000,sz.002009,16.1300,16.4100,15.9600,16.3600,3910700,63104477.0000,3
2022-05-31,20220531113000000,sz.002009,16.3500,16.7300,16.3500,16.5100,2977902,49330600.0000,3
2022-05-31,20220531140000000,sz.002009,16.5100,16.6200,16.4800,16.5400,999700,16524825.0000,3
2022-05-31,20220531150000000,sz.002009,16.5400,16.6500,16.5000,16.5800,1605000,26627899.0000,3
2022-06-01,20220601103000000,sz.002009,16.5500,16.7200,16.4400,16.6100,2161366,35873254.0000,3
2022-06-01,20220601113000000,sz.002009,16.6100,16.7200,16.5100,16.6300,1120785,18632979.0000,3
2022-06-01,20220601140000000,sz.002009,16.6400,16.7100,16.4300,16.5300,1280500,21197121.0000,3
2022-06-01,20220601150000000,sz.002009,16.5300,16.6700,16.5300,16.6100,1389666,23093035.0000,3
2022-06-02,20220602103000000,sz.002009,16.5500,16.7500,16.5000,16.7000,2102076,35024645.0000,3
2022-06-02,20220602113000000,sz.002009,16.7000,17.0000,16.7000,17.0000,1726073,29080369.0000,3
2022-06-02,20220602140000000,sz.002009,17.0000,17.1900,16.9300,17.1200,1937900,33097162.0000,3
2022-06-02,20220602150000000,sz.002009,17.1200,17.1600,17.0700,17.1100,1792300,30676280.0000,3
2022-06-06,20220606103000000,sz.002009,17.1200,17.9100,17.1200,17.7600,5121600,90473342.0000,3
2022-06-06,20220606113000000,sz.002009,17.7600,17.9100,17.6300,17.9100,1823400,32357138.0000,3
2022-06-06,20220606140000000,sz.002009,17.9000,17.9400,17.6600,17.7300,1420501,25233997.0000,3
2022-06-06,20220606150000000,sz.002009,17.7300,17.7600,17.6100,17.6900,1579705,27936999.0000,3
2022-06-07,20220607103000000,sz.002009,17.7200,17.9000,17.3400,17.5100,3731600,65640647.0000,3
2022-06-07,20220607113000000,sz.002009,17.5100,17.5500,17.4000,17.5000,861900,15065090.0000,3
2022-06-07,20220607140000000,sz.002009,17.5100,17.5500,17.4000,17.5000,1345800,23523867.0000,3
2022-06-07,20220607150000000,sz.002009,17.5000,17.8400,17.4800,17.7200,2518095,44632806.0000,3
2022-06-08,20220608103000000,sz.002009,17.7100,17.9300,17.6400,17.7500,3353000,59606709.0000,3
2022-06-08,20220608113000000,sz.002009,17.7200,17.9200,17.5000,17.5400,2281191,40432636.0000,3
2022-06-08,20220608140000000,sz.002009,17.5400,17.8300,17.5400,17.7800,1348800,23913097.0000,3
2022-06-08,20220608150000000,sz.002009,17.7800,18.0200,17.7200,18.0200,2667900,47736092.0000,3
2022-06-09,20220609103000000,sz.002009,17.9500,18.2000,17.6900,17.7100,2810800,50281199.0000,3
2022-06-09,20220609113000000,sz.002009,17.7100,17.8200,17.6500,17.6800,1336200,23690340.0000,3
2022-06-09,20220609140000000,sz.002009,17.6700,17.8300,17.6300,17.6700,1013200,17918636.0000,3
2022-06-09,20220609150000000,sz.002009,17.6700,17.8300,17.6400,17.6900,1352800,23976049.0000,3
2022-06-10,20220610103000000,sz.002009,17.6900,18.4000,17.6200,18.2800,4059700,73571138.0000,3
2022-06-10,20220610113000000,sz.002009,18.2800,18.3400,18.1600,18.1800,950800,17337933.0000,3
2022-06-10,20220610140000000,sz.002009,18.2100,18.4000,18.1800,18.2900,1439300,26350875.0000,3
2022-06-10,20220610150000000,sz.002009,18.2900,18.3400,18.2500,18.3300,1976534,36162794.0000,3
2022-06-13,20220613103000000,sz.002009,18.2000,18.8300,18.1300,18.5000,3332640,61862098.0000,3
2022-06-13,20220613113000000,sz.002009,18.5000,18.7400,18.4300,18.5500,1085260,20182090.0000,3
2022-06-13,20220613140000000,sz.002009,18.5600,18.6800,18.4500,18.4700,971539,18049594.0000,3
2022-06-13,20220613150000000,sz.002009,18.4500,18.6300,18.3100,18.5600,1273861,23544703.0000,3
2022-06-14,20220614103000000,sz.002009,18.3000,18.4000,18.0500,18.1600,2549461,46438868.0000,3
2022-06-14,20220614113000000,sz.002009,18.1600,18.2000,17.7800,17.9000,1754605,31512436.0000,3
2022-06-14,20220614140000000,sz.002009,17.9000,18.2100,17.9000,18.2100,976500,17650080.0000,3
2022-06-14,20220614150000000,sz.002009,18.2000,18.4700,18.1800,18.4500,1525431,27985533.0000,3
2022-06-15,20220615103000000,sz.002009,18.4400,18.5300,17.9400,18.0900,2473200,44952490.0000,3
2022-06-15,20220615113000000,sz.002009,18.0900,18.1800,17.9700,18.1800,972100,17551514.0000,3
2022-06-15,20220615140000000,sz.002009,18.1700,18.1900,18.0200,18.0900,1172300,21208764.0000,3
2022-06-15,20220615150000000,sz.002009,18.0900,18.1200,17.8500,17.8500,1753700,31548906.0000,3
2022-06-16,20220616103000000,sz.002009,17.9900,18.2000,17.9700,18.0300,2450120,44317525.0000,3
2022-06-16,20220616113000000,sz.002009,18.0300,18.1700,18.0200,18.0900,740800,13409345.0000,3
2022-06-16,20220616140000000,sz.002009,18.0900,18.1500,17.8600,17.8800,1831400,32968711.0000,3
2022-06-16,20220616150000000,sz.002009,17.8900,18.1400,17.8700,18.0200,1362600,24536774.0000,3
2022-06-17,20220617103000000,sz.002009,17.9200,18.6900,17.9200,18.3400,4697599,86544284.0000,3
2022-06-17,20220617113000000,sz.002009,18.3300,18.3600,18.1000,18.1500,1382600,25191475.0000,3
2022-06-17,20220617140000000,sz.002009,18.1600,18.2600,18.1600,18.1900,928300,16910203.0000,3
2022-06-17,20220617150000000,sz.002009,18.2000,18.3200,18.0900,18.3000,1507550,27454440.0000,3
2022-06-20,20220620103000000,sz.002009,18.8400,19.5000,18.5700,19.2800,7454430,141956720.0000,3
2022-06-20,20220620113000000,sz.002009,19.2800,19.5600,19.1900,19.2300,3816200,74050863.0000,3
2022-06-20,20220620140000000,sz.002009,19.2400,19.2400,18.9100,18.9900,1543700,29358381.0000,3
2022-06-20,20220620150000000,sz.002009,19.0000,19.1000,18.9500,19.1000,1666200,31726788.0000,3
2022-06-21,20220621103000000,sz.002009,19.3000,19.6600,18.8400,19.2800,6212530,119993313.0000,3
2022-06-21,20220621113000000,sz.002009,19.2800,19.3000,19.0000,19.2800,1298000,24823140.0000,3
2022-06-21,20220621140000000,sz.002009,19.4000,19.4700,18.8000,18.8100,2386400,45550563.0000,3
2022-06-21,20220621150000000,sz.002009,18.8000,19.1300,18.6600,19.0900,2261300,42745140.0000,3
2022-06-22,20220622103000000,sz.002009,19.3200,19.3900,18.7900,19.2800,4356700,83291026.0000,3
2022-06-22,20220622113000000,sz.002009,19.2900,19.3500,19.0000,19.1100,1267400,24268564.0000,3
2022-06-22,20220622140000000,sz.002009,19.1100,19.2500,19.0400,19.1400,1201100,22976589.0000,3
2022-06-22,20220622150000000,sz.002009,19.1300,19.2000,18.8900,18.9600,2066773,39283101.0000,3
2022-06-23,20220623103000000,sz.002009,18.9600,19.6200,18.9400,19.2600,5421201,104724818.0000,3
2022-06-23,20220623113000000,sz.002009,19.2600,19.7800,19.2600,19.7000,4029201,78975219.0000,3
2022-06-23,20220623140000000,sz.002009,19.6900,19.7400,19.4800,19.5500,2341600,45859642.0000,3
2022-06-23,20220623150000000,sz.002009,19.5500,19.6600,19.4900,19.5900,2774402,54309313.0000,3
2022-06-24,20220624103000000,sz.002009,19.4800,19.6900,19.3000,19.4800,4302601,83703830.0000,3
2022-06-24,20220624113000000,sz.002009,19.4700,19.5500,19.3300,19.3600,2008600,39012833.0000,3
2022-06-24,20220624140000000,sz.002009,19.3600,19.4100,19.2400,19.3300,1958900,37817774.0000,3
2022-06-24,20220624150000000,sz.002009,19.3300,19.4500,19.2500,19.2900,2262383,43722917.0000,3
2022-06-27,20220627103000000,sz.002009,19.2000,19.2900,18.8000,19.0000,5389100,102560726.0000,3
2022-06-27,20220627113000000,sz.002009,19.0000,19.1600,18.9700,19.0200,2012600,38365862.0000,3
2022-06-27,20220627140000000,sz.002009,19.0200,19.1900,18.9500,19.1700,1687694,32176013.0000,3
2022-06-27,20220627150000000,sz.002009,19.1700,19.3700,19.1400,19.1900,2753200,52970898.0000,3
2022-06-28,20220628103000000,sz.002009,19.0700,19.4000,19.0500,19.1800,2714700,52250867.0000,3
2022-06-28,20220628113000000,sz.002009,19.1800,19.3800,19.0800,19.1500,2246400,43203740.0000,3
2022-06-28,20220628140000000,sz.002009,19.1600,19.2500,18.8700,18.9600,4533700,86277522.0000,3
2022-06-28,20220628150000000,sz.002009,18.9500,19.1900,18.9300,19.1300,3641201,69394907.0000,3
2022-06-29,20220629103000000,sz.002009,19.1000,19.2400,18.6700,18.8700,5093600,96294481.0000,3
2022-06-29,20220629113000000,sz.002009,18.8700,19.0100,18.6800,18.7000,1664500,31346188.0000,3
2022-06-29,20220629140000000,sz.002009,18.7000,18.8600,18.6800,18.8400,1314300,24628539.0000,3
2022-06-29,20220629150000000,sz.002009,18.8400,18.8500,18.5000,18.5400,2221300,41442948.0000,3
2022-06-30,20220630103000000,sz.002009,18.5900,19.0500,18.5500,18.6900,2987000,56113879.0000,3
2022-06-30,20220630113000000,sz.002009,18.7000,18.7900,18.6000,18.7600,1449201,27090971.0000,3
2022-06-30,20220630140000000,sz.002009,18.7600,18.7900,18.4900,18.5000,2341823,43562095.0000,3
2022-06-30,20220630150000000,sz.002009,18.4900,18.6100,18.4000,18.5000,2434087,45044175.0000,3
2022-07-01,20220701103000000,sz.002009,18.3000,18.6900,18.2900,18.5400,2127800,39395645.0000,3
2022-07-01,20220701113000000,sz.002009,18.5400,19.1600,18.5200,18.9000,3287300,62281172.0000,3
2022-07-01,20220701140000000,sz.002009,18.9000,18.9100,18.7100,18.8300,1007600,18970574.0000,3
2022-07-01,20220701150000000,sz.002009,18.8200,18.9200,18.7200,18.8400,1342732,25269487.0000,3
2022-07-04,20220704103000000,sz.002009,18.7500,18.9900,18.3000,18.7400,4546364,84873332.0000,3
2022-07-04,20220704113000000,sz.002009,18.7500,18.7900,18.5400,18.6900,1898100,35431391.0000,3
2022-07-04,20220704140000000,sz.002009,18.7000,18.7700,18.4800,18.5500,2279100,42343045.0000,3
2022-07-04,20220704150000000,sz.002009,18.5500,18.6400,18.3800,18.5900,3254896,60160855.0000,3
2022-07-05,20220705103000000,sz.002009,18.5100,19.0300,18.4900,18.8700,4619800,86745039.0000,3
2022-07-05,20220705113000000,sz.002009,18.8600,19.0800,18.6700,19.0500,2789300,52645066.0000,3
2022-07-05,20220705140000000,sz.002009,19.0500,19.0800,18.7000,18.7000,1978200,37436805.0000,3
2022-07-05,20220705150000000,sz.002009,18.7000,19.0600,18.6800,19.0300,2523268,47681747.0000,3
2022-07-06,20220706103000000,sz.002009,18.6900,18.7000,17.6800,18.5400,10986602,199115084.0000,3
2022-07-06,20220706113000000,sz.002009,18.5500,18.8000,18.5000,18.6100,1585300,29513372.0000,3
2022-07-06,20220706140000000,sz.002009,18.6200,18.6300,18.3000,18.3200,1202480,22258936.0000,3
2022-07-06,20220706150000000,sz.002009,18.3200,18.5400,18.1700,18.4300,2314545,42418560.0000,3
2022-07-07,20220707103000000,sz.002009,18.5700,19.0800,18.1800,19.0100,5611645,104716661.0000,3
2022-07-07,20220707113000000,sz.002009,19.0200,19.0700,18.8500,18.9800,2196700,41683757.0000,3
2022-07-07,20220707140000000,sz.002009,19.0000,19.0000,18.7000,18.8800,1766900,33331686.0000,3
2022-07-07,20220707150000000,sz.002009,18.8800,18.9200,18.7600,18.8800,2020200,38099987.0000,3
2022-07-08,20220708103000000,sz.002009,19.0200,19.7000,18.9800,19.0200,7824345,151093784.0000,3
2022-07-08,20220708113000000,sz.002009,19.0000,19.0500,18.8800,18.9300,1712300,32429012.0000,3
2022-07-08,20220708140000000,sz.002009,18.9100,18.9400,18.6800,18.7000,1800100,33842259.0000,3
2022-07-08,20220708150000000,sz.002009,18.7000,18.8700,18.5900,18.6500,1594904,29875624.0000,3
2022-07-11,20220711103000000,sz.002009,18.3200,18.7000,17.6800,17.6800,5964000,107477295.0000,3
2022-07-11,20220711113000000,sz.002009,17.6800,17.8100,17.4800,17.5100,3869300,68130660.0000,3
2022-07-11,20220711140000000,sz.002009,17.4900,17.5900,17.3800,17.4800,1460900,25541838.0000,3
2022-07-11,20220711150000000,sz.002009,17.4800,17.8500,17.4600,17.8100,1589700,28147248.0000,3
