date,time,code,open,high,low,close,volume,amount,adjustflag
2022-02-22,20220222103000000,sz.301229,50.0000,55.0100,48.2200,52.8400,9682246,502288368.0000,3
2022-02-22,20220222113000000,sz.301229,52.8700,53.4800,52.0800,52.7200,1215577,64405776.0000,3
2022-02-22,20220222140000000,sz.301229,52.7200,80.0000,52.7100,80.0000,2560067,147686768.0000,3
2022-02-22,20220222150000000,sz.301229,80.0000,80.0000,65.0100,65.2200,1388550,101254208.0000,3
2022-02-23,20220223103000000,sz.301229,56.0800,57.3100,53.2100,53.8000,6420118,353360064.0000,3
2022-02-23,20220223113000000,sz.301229,53.8200,55.7900,52.9000,54.2000,1852441,100173312.0000,3
2022-02-23,20220223140000000,sz.301229,54.2000,55.9000,53.3100,53.5000,1459452,79253328.0000,3
2022-02-23,20220223150000000,sz.301229,53.5000,54.1000,52.5500,52.9000,3160211,167566592.0000,3
2022-02-24,20220224103000000,sz.301229,52.1800,56.0100,52.1800,53.3000,5285559,288325440.0000,3
2022-02-24,20220224113000000,sz.301229,53.2800,55.0000,52.7500,52.9200,1370985,73615616.0000,3
2022-02-24,20220224140000000,sz.301229,52.8000,52.8000,49.5000,49.8000,2104257,107161952.0000,3
2022-02-24,20220224150000000,sz.301229,49.7900,51.8000,48.7600,51.0500,1721769,86123520.0000,3
2022-02-25,20220225103000000,sz.301229,50.0000,51.0000,48.6100,50.7200,3165314,158606664.0000,3
2022-02-25,20220225113000000,sz.301229,50.7200,52.2000,49.8100,50.0600,1528592,78080223.0000,3
2022-02-25,20220225140000000,sz.301229,50.0000,51.6600,49.8300,50.3000,1161135,59124905.0000,3
2022-02-25,20220225150000000,sz.301229,50.3000,50.5800,49.7100,49.9300,1727402,86352512.0000,3
2022-02-28,20220228103000000,sz.301229,47.9000,47.9500,44.5800,45.9600,4483104,205900911.0000,3
2022-02-28,20220228113000000,sz.301229,45.9600,46.4500,45.2600,45.5100,699003,31921731.0000,3
2022-02-28,20220228140000000,sz.301229,45.5000,46.5000,45.1100,45.9700,812962,37309934.0000,3
2022-02-28,20220228150000000,sz.301229,45.9700,46.3600,45.1200,45.3100,1430276,65094032.0000,3
2022-03-01,20220301103000000,sz.301229,44.9900,52.0000,44.6300,50.2500,6032879,288973936.0000,3
2022-03-01,20220301113000000,sz.301229,50.5100,51.4900,49.5000,50.1700,1702754,85683680.0000,3
2022-03-01,20220301140000000,sz.301229,50.1600,50.9100,49.0100,50.5300,842396,41999824.0000,3
2022-03-01,20220301150000000,sz.301229,50.5300,51.1200,49.5900,49.7300,1331498,66747456.0000,3
2022-03-02,20220302103000000,sz.301229,47.9000,48.9900,46.9000,47.8300,3779624,180530528.0000,3
2022-03-02,20220302113000000,sz.301229,47.8500,48.3600,47.4800,48.0000,916900,43898143.0000,3
2022-03-02,20220302140000000,sz.301229,48.0000,48.2000,47.3100,47.6500,955473,45591745.0000,3
2022-03-02,20220302150000000,sz.301229,47.6500,51.5000,47.2800,50.7600,2390642,118259008.0000,3
2022-03-03,20220303103000000,sz.301229,50.3300,51.9800,49.6000,50.3000,3526967,179701615.0000,3
2022-03-03,20220303113000000,sz.301229,50.3800,51.3000,50.2100,50.6400,644771,32705856.0000,3
2022-03-03,20220303140000000,sz.301229,50.5900,51.5500,50.4700,51.2600,952228,48543565.0000,3
2022-03-03,20220303150000000,sz.301229,51.2800,51.4500,49.1000,49.1000,2168400,108924404.0000,3
2022-03-04,20220304103000000,sz.301229,47.1000,51.2900,47.1000,51.1300,3496469,172800788.0000,3
2022-03-04,20220304113000000,sz.301229,51.1500,51.2500,49.7100,50.2600,809935,40725229.0000,3
2022-03-04,20220304140000000,sz.301229,50.2900,50.5600,49.5300,50.0500,632637,31647431.0000,3
2022-03-04,20220304150000000,sz.301229,50.0500,52.2700,48.5600,52.1000,3103476,158177448.0000,3
2022-03-07,20220307103000000,sz.301229,53.0000,56.5000,51.2000,52.9700,4706828,253988067.0000,3
2022-03-07,20220307113000000,sz.301229,53.0000,53.0500,51.4900,52.5400,1039069,54370733.0000,3
2022-03-07,20220307140000000,sz.301229,52.6000,53.4800,51.5400,52.3100,702695,36924480.0000,3
2022-03-07,20220307150000000,sz.301229,52.3500,55.7700,52.3500,54.9200,2509299,136764064.0000,3
2022-03-08,20220308103000000,sz.301229,52.6000,53.5000,49.3100,50.8900,3506312,179346830.0000,3
2022-03-08,20220308113000000,sz.301229,50.8900,51.8800,50.0100,50.6000,863509,43798016.0000,3
2022-03-08,20220308140000000,sz.301229,50.5000,51.4900,50.2300,50.5300,531695,27121881.0000,3
2022-03-08,20220308150000000,sz.301229,50.5300,50.7500,46.0000,48.4500,1767146,86079465.0000,3
2022-03-09,20220309103000000,sz.301229,47.7900,47.7900,45.0200,45.8700,2169882,100580045.0000,3
2022-03-09,20220309113000000,sz.301229,45.8800,46.1700,44.8000,45.1200,1067834,48414862.0000,3
2022-03-09,20220309140000000,sz.301229,45.1000,45.4500,41.6600,43.6500,1309937,57581113.0000,3
2022-03-09,20220309150000000,sz.301229,43.6500,46.0500,43.2200,45.7400,1057246,47356129.0000,3
2022-03-10,20220310103000000,sz.301229,46.3700,47.4600,45.2000,45.8100,1680822,78033941.0000,3
2022-03-10,20220310113000000,sz.301229,45.8500,46.8100,45.8000,46.0800,544641,25221016.0000,3
2022-03-10,20220310140000000,sz.301229,46.0800,46.1900,44.7200,45.1100,1127986,51228962.0000,3
2022-03-10,20220310150000000,sz.301229,45.1100,45.6100,44.8900,44.9000,1109200,49990298.0000,3
2022-03-11,20220311103000000,sz.301229,43.0400,43.9500,42.5100,42.6800,1945741,83911222.0000,3
2022-03-11,20220311113000000,sz.301229,42.7000,43.3500,42.5700,42.6900,579618,24803014.0000,3
2022-03-11,20220311140000000,sz.301229,42.6900,43.6200,42.5500,43.4500,702685,30242338.0000,3
2022-03-11,20220311150000000,sz.301229,43.4500,44.3000,43.1000,44.3000,1038237,45634775.0000,3
2022-03-14,20220314103000000,sz.301229,43.1800,45.5000,42.7300,44.5800,2193788,96268566.0000,3
2022-03-14,20220314113000000,sz.301229,44.6000,45.2400,44.5800,45.1300,723345,32513039.0000,3
2022-03-14,20220314140000000,sz.301229,45.1200,45.8300,44.9500,45.1800,858629,38966136.0000,3
2022-03-14,20220314150000000,sz.301229,45.1800,45.2200,43.9100,44.3200,860539,38290217.0000,3
2022-03-15,20220315103000000,sz.301229,43.0000,43.6800,42.0000,43.2800,1521102,65355473.0000,3
2022-03-15,20220315113000000,sz.301229,43.2800,43.7600,42.4900,42.5000,527874,22685034.0000,3
2022-03-15,20220315140000000,sz.301229,42.5000,42.8900,40.6200,41.6500,973909,40727901.0000,3
2022-03-15,20220315150000000,sz.301229,41.6500,41.6500,39.2900,39.3800,1374154,55346443.0000,3
2022-03-16,20220316103000000,sz.301229,40.9800,41.0000,37.7600,38.4300,2058484,81217053.0000,3
2022-03-16,20220316113000000,sz.301229,38.4300,39.0100,38.0000,38.6200,473729,18201470.0000,3
2022-03-16,20220316140000000,sz.301229,38.6200,40.2600,38.6200,39.9000,633702,25134351.0000,3
2022-03-16,20220316150000000,sz.301229,39.9000,40.6600,39.9000,40.1200,752600,30235817.0000,3
2022-03-17,20220317103000000,sz.301229,40.6000,41.9900,40.5100,41.4200,1884393,77746393.0000,3
2022-03-17,20220317113000000,sz.301229,41.4100,42.8000,41.1100,42.3000,1020725,42851678.0000,3
2022-03-17,20220317140000000,sz.301229,42.3100,42.7000,41.6000,41.6800,706502,29646793.0000,3
2022-03-17,20220317150000000,sz.301229,41.6100,41.7000,41.0600,41.6000,854047,35319675.0000,3
2022-03-18,20220318103000000,sz.301229,41.5000,41.5000,40.0000,40.6000,1145773,46731939.0000,3
2022-03-18,20220318113000000,sz.301229,40.6000,43.1600,40.5100,42.6600,1281108,53904459.0000,3
2022-03-18,20220318140000000,sz.301229,42.7000,42.8000,41.7000,41.8500,895100,37751742.0000,3
2022-03-18,20220318150000000,sz.301229,41.8500,42.2000,41.5800,41.8800,832210,34861578.0000,3
2022-03-21,20220321103000000,sz.301229,41.8800,43.3100,41.6100,42.3300,1941808,82761323.0000,3
2022-03-21,20220321113000000,sz.301229,42.3300,43.2500,42.2000,43.0500,831798,35529248.0000,3
2022-03-21,20220321140000000,sz.301229,43.0700,43.1500,42.4000,42.7800,548800,23441441.0000,3
2022-03-21,20220321150000000,sz.301229,42.7800,42.9600,42.4500,42.6900,757800,32368841.0000,3
2022-03-22,20220322103000000,sz.301229,42.7000,44.6300,42.7000,43.4000,2264601,98879176.0000,3
2022-03-22,20220322113000000,sz.301229,43.4000,43.5500,42.6900,42.8200,517445,22312245.0000,3
2022-03-22,20220322140000000,sz.301229,42.8000,42.9800,42.1000,42.1100,571500,24296414.0000,3
2022-03-22,20220322150000000,sz.301229,42.1100,42.4000,41.1200,41.3300,986226,41037964.0000,3
2022-03-23,20220323103000000,sz.301229,41.3300,41.9000,40.5000,41.1900,1363603,56062428.0000,3
2022-03-23,20220323113000000,sz.301229,41.1900,41.3700,40.9300,40.9300,316776,13038238.0000,3
2022-03-23,20220323140000000,sz.301229,40.8800,40.9200,40.1600,40.1600,669600,27172388.0000,3
2022-03-23,20220323150000000,sz.301229,40.1600,40.7700,40.0100,40.7700,760824,30766238.0000,3
2022-03-24,20220324103000000,sz.301229,40.4800,41.2400,39.5800,40.7800,1239436,50030283.0000,3
2022-03-24,20220324113000000,sz.301229,40.7800,40.8800,40.5000,40.5000,234300,9538925.0000,3
2022-03-24,20220324140000000,sz.301229,40.6500,40.8300,40.0100,40.4800,297800,12055808.0000,3
2022-03-24,20220324150000000,sz.301229,40.4800,40.7000,40.0100,40.1300,511539,20571644.0000,3
2022-03-25,20220325103000000,sz.301229,40.7000,41.2100,40.1800,40.5300,923600,37593927.0000,3
2022-03-25,20220325113000000,sz.301229,40.5300,40.5400,39.0000,39.4000,669678,26749859.0000,3
2022-03-25,20220325140000000,sz.301229,39.3900,39.7000,39.1700,39.4100,461997,18184638.0000,3
2022-03-25,20220325150000000,sz.301229,39.4100,39.6000,38.5300,38.5900,801370,31186632.0000,3
2022-03-28,20220328103000000,sz.301229,37.6500,39.0000,37.6500,38.5900,904831,34668801.0000,3
2022-03-28,20220328113000000,sz.301229,38.6000,40.1500,38.3500,39.3200,640053,25199583.0000,3
2022-03-28,20220328140000000,sz.301229,39.3200,39.3200,38.7000,38.8100,303678,11822741.0000,3
2022-03-28,20220328150000000,sz.301229,38.8100,38.9700,38.4000,38.8000,370730,14352790.0000,3
2022-03-29,20220329103000000,sz.301229,39.2000,39.6200,37.7800,37.9300,884228,34273162.0000,3
2022-03-29,20220329113000000,sz.301229,37.9300,38.1300,36.9100,36.9200,906400,33876375.0000,3
2022-03-29,20220329140000000,sz.301229,36.9000,37.4100,36.6000,36.6800,506695,18727087.0000,3
2022-03-29,20220329150000000,sz.301229,36.6800,36.9900,36.0000,36.4600,807017,29422971.0000,3
2022-03-30,20220330103000000,sz.301229,36.6000,36.8600,36.1500,36.6700,849438,31066260.0000,3
2022-03-30,20220330113000000,sz.301229,36.6700,36.6700,35.7300,36.1800,482464,17420179.0000,3
2022-03-30,20220330140000000,sz.301229,36.1900,36.7000,36.1700,36.5500,395800,14439588.0000,3
2022-03-30,20220330150000000,sz.301229,36.5500,36.8000,36.4700,36.7800,573982,21043008.0000,3
2022-03-31,20220331103000000,sz.301229,36.7800,37.3000,36.1300,37.1500,952475,35009502.0000,3
2022-03-31,20220331113000000,sz.301229,37.1500,37.1500,36.3600,36.7800,310100,11399542.0000,3
2022-03-31,20220331140000000,sz.301229,36.7800,37.8500,36.5000,36.8900,777900,29039718.0000,3
2022-03-31,20220331150000000,sz.301229,36.8900,37.0900,36.7600,36.8700,513600,18956425.0000,3
2022-04-01,20220401103000000,sz.301229,36.9100,37.2000,35.3300,35.8800,1347827,48384888.0000,3
2022-04-01,20220401113000000,sz.301229,35.8800,35.8800,35.1500,35.3400,534200,18923051.0000,3
2022-04-01,20220401140000000,sz.301229,35.3400,35.3800,35.0100,35.0500,476723,16729828.0000,3
2022-04-01,20220401150000000,sz.301229,35.0500,35.2500,34.7100,34.8000,814460,28468368.0000,3
2022-04-06,20220406103000000,sz.301229,35.0800,41.7600,34.9000,41.7600,3990954,157737770.0000,3
2022-04-06,20220406113000000,sz.301229,41.7600,41.7600,41.7600,41.7600,198100,8272656.0000,3
2022-04-06,20220406140000000,sz.301229,41.7600,41.7600,41.7600,41.7600,83300,3478608.0000,3
2022-04-06,20220406150000000,sz.301229,41.7600,41.7600,41.7600,41.7600,82600,3449376.0000,3
2022-04-07,20220407103000000,sz.301229,45.3000,50.1100,43.6000,50.1100,6762415,315232656.0000,3
2022-04-07,20220407113000000,sz.301229,50.1100,50.1100,50.1100,50.1100,127454,6386720.0000,3
2022-04-07,20220407140000000,sz.301229,50.1100,50.1100,50.1100,50.1100,103800,5201408.0000,3
2022-04-07,20220407150000000,sz.301229,50.1100,50.1100,50.1100,50.1100,79700,3993776.0000,3
2022-04-08,20220408103000000,sz.301229,46.9000,48.5000,43.9100,44.7000,5831052,268051492.0000,3
2022-04-08,20220408113000000,sz.301229,44.7000,44.7000,43.1000,43.5000,1056527,46495372.0000,3
2022-04-08,20220408140000000,sz.301229,43.5000,43.5000,42.4000,42.6000,1272800,54551568.0000,3
2022-04-08,20220408150000000,sz.301229,42.6000,42.6000,40.0900,40.0900,3001030,123147360.0000,3
2022-04-11,20220411103000000,sz.301229,37.8500,38.8200,37.0100,37.5600,3439383,130286380.0000,3
2022-04-11,20220411113000000,sz.301229,37.5400,38.4500,37.5200,37.7800,695700,26363817.0000,3
2022-04-11,20220411140000000,sz.301229,37.8000,37.8000,37.0500,37.4900,890100,33256065.0000,3
2022-04-11,20220411150000000,sz.301229,37.4900,38.2000,37.2000,37.9800,1512587,57113304.0000,3
2022-04-12,20220412103000000,sz.301229,37.9800,37.9800,36.0600,36.1000,2421353,89323008.0000,3
2022-04-12,20220412113000000,sz.301229,36.1000,36.5100,35.7500,36.1900,769400,27822785.0000,3
2022-04-12,20220412140000000,sz.301229,36.1400,37.2400,36.0100,36.7300,747800,27447799.0000,3
2022-04-12,20220412150000000,sz.301229,36.7300,37.5000,36.6300,37.3100,1139855,42297397.0000,3
2022-04-13,20220413103000000,sz.301229,37.3000,37.3000,35.0200,35.3200,2026700,72292014.0000,3
2022-04-13,20220413113000000,sz.301229,35.2900,35.4700,34.5000,35.0200,1098300,38356322.0000,3
2022-04-13,20220413140000000,sz.301229,35.0900,35.4900,34.8900,34.9900,557300,19603487.0000,3
2022-04-13,20220413150000000,sz.301229,34.9200,35.1500,34.5800,35.1500,1167330,40634212.0000,3
2022-04-14,20220414103000000,sz.301229,34.9100,35.5500,34.3200,34.6500,1581218,55044121.0000,3
2022-04-14,20220414113000000,sz.301229,34.6400,34.9500,34.5100,34.7400,371750,12920595.0000,3
2022-04-14,20220414140000000,sz.301229,34.7500,35.3100,34.5600,35.0600,759857,26545397.0000,3
2022-04-14,20220414150000000,sz.301229,35.0600,35.4700,34.8700,35.0800,1081000,37955714.0000,3
2022-04-15,20220415103000000,sz.301229,34.5600,34.7400,32.5100,32.8000,2416855,79911613.0000,3
2022-04-15,20220415113000000,sz.301229,32.8000,32.9400,32.2200,32.7900,1016788,33138791.0000,3
2022-04-15,20220415140000000,sz.301229,32.6400,38.5000,32.4900,37.5000,2473823,88200404.0000,3
2022-04-15,20220415150000000,sz.301229,37.5000,38.2800,36.3000,37.0000,1962218,72618584.0000,3
2022-04-18,20220418103000000,sz.301229,36.4200,43.8000,36.2900,43.7400,6734653,266341166.0000,3
2022-04-18,20220418113000000,sz.301229,43.7400,43.7400,40.6700,41.1100,1008287,42562290.0000,3
2022-04-18,20220418140000000,sz.301229,41.1100,42.4800,40.8800,41.5100,552100,22903840.0000,3
2022-04-18,20220418150000000,sz.301229,41.5100,43.6100,41.3800,42.2800,1370897,58138448.0000,3
2022-04-19,20220419103000000,sz.301229,38.8800,40.5800,38.8800,40.2700,4288228,169544561.0000,3
2022-04-19,20220419113000000,sz.301229,40.2100,40.2700,39.0800,39.3200,931900,36956045.0000,3
2022-04-19,20220419140000000,sz.301229,39.3000,39.9100,38.5500,38.9000,1081600,42211280.0000,3
2022-04-19,20220419150000000,sz.301229,38.9000,39.1900,38.5700,38.8800,1165825,45268434.0000,3
2022-04-20,20220420103000000,sz.301229,39.4300,42.1000,38.5100,40.8600,4714366,191876210.0000,3
2022-04-20,20220420113000000,sz.301229,40.8600,41.1100,39.6100,39.9700,794000,31908756.0000,3
2022-04-20,20220420140000000,sz.301229,39.9400,40.4300,39.6000,40.2900,816100,32613504.0000,3
2022-04-20,20220420150000000,sz.301229,40.2800,41.0200,39.8000,41.0200,1568801,63289722.0000,3
2022-04-21,20220421103000000,sz.301229,40.0000,40.0000,37.0100,38.0700,2981921,113927754.0000,3
2022-04-21,20220421113000000,sz.301229,38.0900,39.2500,37.7300,38.6300,865230,33327112.0000,3
2022-04-21,20220421140000000,sz.301229,38.6900,38.9700,37.1000,37.2000,843944,31842609.0000,3
2022-04-21,20220421150000000,sz.301229,37.1900,37.7000,36.3000,37.1500,1366600,50699145.0000,3
2022-04-22,20220422103000000,sz.301229,36.0900,39.1900,36.0100,38.9000,2627331,99865454.0000,3
2022-04-22,20220422113000000,sz.301229,38.9100,38.9900,37.7700,37.8500,719100,27558381.0000,3
2022-04-22,20220422140000000,sz.301229,37.8500,38.6200,37.5100,38.4000,652000,24824207.0000,3
2022-04-22,20220422150000000,sz.301229,38.4000,38.4000,37.0100,37.0800,975119,36685408.0000,3
2022-04-25,20220425103000000,sz.301229,35.0700,36.5700,34.3200,36.2800,2062576,73206044.0000,3
2022-04-25,20220425113000000,sz.301229,36.2800,36.6000,35.5500,35.8000,453225,16334951.0000,3
2022-04-25,20220425140000000,sz.301229,35.7700,36.1400,35.0000,35.0000,560600,19953928.0000,3
2022-04-25,20220425150000000,sz.301229,34.8800,35.8400,34.0800,34.4700,1199900,41861196.0000,3
2022-04-26,20220426103000000,sz.301229,35.1200,35.6000,31.4600,32.4000,2413939,78976945.0000,3
2022-04-26,20220426113000000,sz.301229,32.4000,33.0000,32.0700,32.3100,751489,24418977.0000,3
2022-04-26,20220426140000000,sz.301229,32.3000,32.3200,31.4100,31.4800,814500,25856684.0000,3
2022-04-26,20220426150000000,sz.301229,31.4800,31.4800,30.5400,30.6900,1341489,41540071.0000,3
2022-04-27,20220427103000000,sz.301229,28.5000,29.7900,28.5000,28.8600,1596800,46544513.0000,3
2022-04-27,20220427113000000,sz.301229,28.9000,29.4400,28.8100,29.3300,525800,15298954.0000,3
2022-04-27,20220427140000000,sz.301229,29.3500,30.8400,29.3500,30.5500,1061200,32021234.0000,3
2022-04-27,20220427150000000,sz.301229,30.5500,30.6000,30.0300,30.4700,800811,24296005.0000,3
2022-04-28,20220428103000000,sz.301229,30.1100,30.2900,28.7100,29.3200,1493400,43835198.0000,3
2022-04-28,20220428113000000,sz.301229,29.3200,29.4900,28.4100,28.4900,602800,17422082.0000,3
2022-04-28,20220428140000000,sz.301229,28.4900,28.8500,28.0900,28.5500,752000,21309558.0000,3
2022-04-28,20220428150000000,sz.301229,28.5500,28.8600,28.1000,28.2800,804425,22859970.0000,3
2022-04-29,20220429103000000,sz.301229,28.8500,30.7200,28.7000,30.3000,2062000,62142536.0000,3
2022-04-29,20220429113000000,sz.301229,30.2300,30.4900,30.0800,30.2500,329600,9978683.0000,3
2022-04-29,20220429140000000,sz.301229,30.2600,31.1600,30.2600,30.8100,694112,21261974.0000,3
2022-04-29,20220429150000000,sz.301229,30.8100,31.1100,30.5100,30.5100,764000,23547373.0000,3
2022-05-05,20220505103000000,sz.301229,31.9700,32.8000,30.7200,31.4800,1751275,55280120.0000,3
2022-05-05,20220505113000000,sz.301229,31.4500,32.4400,31.2700,32.3100,543900,17333571.0000,3
2022-05-05,20220505140000000,sz.301229,32.3600,32.4800,31.9100,32.0000,493300,15903291.0000,3
2022-05-05,20220505150000000,sz.301229,32.0000,32.1900,31.6500,31.7000,707600,22506096.0000,3
2022-05-06,20220506103000000,sz.301229,30.0800,32.0700,30.0100,31.7300,1845800,57523010.0000,3
2022-05-06,20220506113000000,sz.301229,31.7300,32.0800,31.2300,31.2300,479200,15214380.0000,3
2022-05-06,20220506140000000,sz.301229,31.2300,31.5600,31.1000,31.3000,275011,8610150.0000,3
2022-05-06,20220506150000000,sz.301229,31.2700,31.4900,30.9000,31.4800,535000,16708610.0000,3
2022-05-09,20220509103000000,sz.301229,32.0000,32.3400,30.7500,31.9500,1045410,33119335.0000,3
2022-05-09,20220509113000000,sz.301229,31.9500,32.3400,31.8500,32.0700,386200,12376388.0000,3
2022-05-09,20220509140000000,sz.301229,32.0400,32.0400,31.3600,31.6300,467592,14788253.0000,3
2022-05-09,20220509150000000,sz.301229,31.6200,32.2700,31.5500,32.2700,639405,20479600.0000,3
2022-05-10,20220510103000000,sz.301229,31.4000,32.3800,31.3100,32.3000,1058432,33910834.0000,3
2022-05-10,20220510113000000,sz.301229,32.3000,32.5000,32.0100,32.1900,410300,13257264.0000,3
2022-05-10,20220510140000000,sz.301229,32.2000,32.9200,32.2000,32.3600,665800,21678906.0000,3
2022-05-10,20220510150000000,sz.301229,32.3600,33.0000,32.2700,32.9600,1015023,33231037.0000,3
2022-05-11,20220511103000000,sz.301229,33.9300,35.8800,32.7900,34.6200,2970333,101057057.0000,3
2022-05-11,20220511113000000,sz.301229,34.6200,35.1000,34.3800,34.5800,575600,19932960.0000,3
2022-05-11,20220511140000000,sz.301229,34.7300,34.9300,34.1600,34.2800,649376,22445669.0000,3
2022-05-11,20220511150000000,sz.301229,34.2800,34.5000,33.6000,33.6000,1055631,35779935.0000,3
2022-05-12,20220512103000000,sz.301229,32.8400,33.9600,32.8400,33.6700,1625041,54500634.0000,3
2022-05-12,20220512113000000,sz.301229,33.6500,33.6500,33.1800,33.3700,407300,13570835.0000,3
2022-05-12,20220512140000000,sz.301229,33.3900,33.5900,32.4800,32.7600,809304,26582690.0000,3
2022-05-12,20220512150000000,sz.301229,32.7600,33.3500,32.7200,33.1200,573182,18946307.0000,3
2022-05-13,20220513103000000,sz.301229,33.1300,35.9900,32.6600,35.0900,2899900,100288401.0000,3
2022-05-13,20220513113000000,sz.301229,35.0900,35.6500,34.7300,34.9200,958464,33631185.0000,3
2022-05-13,20220513140000000,sz.301229,35.1000,35.8500,34.9100,35.5500,967818,34241480.0000,3
2022-05-13,20220513150000000,sz.301229,35.5200,35.6600,35.0600,35.3300,1022089,36057628.0000,3
2022-05-16,20220516103000000,sz.301229,35.0000,35.4800,34.1300,34.3200,2280389,79074457.0000,3
2022-05-16,20220516113000000,sz.301229,34.3100,34.3200,33.7900,33.9100,587111,19966731.0000,3
2022-05-16,20220516140000000,sz.301229,33.9100,34.0800,33.8000,33.9700,332700,11279983.0000,3
2022-05-16,20220516150000000,sz.301229,33.9700,34.2600,33.4900,33.8500,805100,27228858.0000,3
2022-05-17,20220517103000000,sz.301229,33.4900,35.5000,33.0100,34.7100,2695900,93809423.0000,3
2022-05-17,20220517113000000,sz.301229,34.6500,35.3900,34.5000,35.3200,836700,29272232.0000,3
2022-05-17,20220517140000000,sz.301229,35.3200,35.5900,34.8500,34.8500,742900,26172530.0000,3
2022-05-17,20220517150000000,sz.301229,34.8500,35.2900,34.7000,35.1200,887000,31046201.0000,3
2022-05-18,20220518103000000,sz.301229,34.5100,35.9000,33.7200,35.4300,2129400,74391768.0000,3
2022-05-18,20220518113000000,sz.301229,35.4300,35.9500,35.2600,35.9000,771100,27485733.0000,3
2022-05-18,20220518140000000,sz.301229,35.9200,36.3000,35.3100,36.1200,862300,30805313.0000,3
2022-05-18,20220518150000000,sz.301229,36.1500,36.6600,35.2100,35.4600,1707800,61263471.0000,3
2022-05-19,20220519103000000,sz.301229,34.4000,35.9000,34.3800,35.3900,1529212,53674216.0000,3
2022-05-19,20220519113000000,sz.301229,35.3900,35.5600,35.0100,35.2300,502200,17669282.0000,3
2022-05-19,20220519140000000,sz.301229,35.2500,35.5000,34.5900,34.8100,682500,23796280.0000,3
2022-05-19,20220519150000000,sz.301229,34.8100,34.9800,34.5400,34.8000,871800,30310251.0000,3
2022-05-20,20220520103000000,sz.301229,34.7100,35.2600,34.1800,34.2000,987200,34141002.0000,3
2022-05-20,20220520113000000,sz.301229,34.2000,34.8600,33.9800,34.6800,555100,19068752.0000,3
2022-05-20,20220520140000000,sz.301229,34.7100,34.9400,34.5300,34.6100,372500,12936259.0000,3
2022-05-20,20220520150000000,sz.301229,34.5900,34.9500,34.3000,34.8600,723600,25138479.0000,3
2022-05-23,20220523103000000,sz.301229,35.5000,35.5000,34.1200,34.2900,1169900,40666798.0000,3
2022-05-23,20220523113000000,sz.301229,34.2900,34.7000,34.2700,34.4700,229300,7890512.0000,3
2022-05-23,20220523140000000,sz.301229,34.4700,36.9700,34.4300,36.6500,2221029,80247854.0000,3
2022-05-23,20220523150000000,sz.301229,36.6500,36.6500,36.0900,36.5100,982688,35801769.0000,3
2022-05-24,20220524103000000,sz.301229,36.0000,38.6600,35.9500,36.1200,3637700,135825822.0000,3
2022-05-24,20220524113000000,sz.301229,36.1200,36.1200,34.8100,34.8100,1015700,35950077.0000,3
2022-05-24,20220524140000000,sz.301229,34.8100,35.2000,34.6000,34.6700,410300,14312023.0000,3
2022-05-24,20220524150000000,sz.301229,34.6600,34.6700,33.0000,33.0000,887173,30021677.0000,3
2022-05-25,20220525103000000,sz.301229,32.0300,34.1800,32.0300,33.5500,2070691,69203204.0000,3
2022-05-25,20220525113000000,sz.301229,33.5200,33.8400,33.2500,33.8000,385900,12908567.0000,3
2022-05-25,20220525140000000,sz.301229,33.8000,33.9800,33.6000,33.9000,346929,11725997.0000,3
2022-05-25,20220525150000000,sz.301229,33.9400,34.2800,33.7600,33.9500,743300,25257666.0000,3
2022-05-26,20220526103000000,sz.301229,34.6300,34.6800,32.6000,33.6000,1351200,44899317.0000,3
2022-05-26,20220526113000000,sz.301229,33.6000,33.9800,33.5600,33.8300,381800,12912447.0000,3
2022-05-26,20220526140000000,sz.301229,33.8500,33.9300,33.4000,33.5900,276900,9318123.0000,3
2022-05-26,20220526150000000,sz.301229,33.5700,33.6300,33.2500,33.2500,500000,16712172.0000,3
2022-05-27,20220527103000000,sz.301229,33.5800,37.8000,33.4900,35.3000,2905194,103679030.0000,3
2022-05-27,20220527113000000,sz.301229,35.2800,35.4800,34.9100,35.2800,298900,10535350.0000,3
2022-05-27,20220527140000000,sz.301229,35.2800,35.4400,34.7300,34.8600,356374,12486438.0000,3
2022-05-27,20220527150000000,sz.301229,34.8600,35.3800,34.6400,35.1000,720510,25224806.0000,3
2022-05-30,20220530103000000,sz.301229,35.1100,36.1600,34.4400,35.0200,1753686,61746325.0000,3
2022-05-30,20220530113000000,sz.301229,35.0200,35.7000,34.7900,35.4000,449600,15892174.0000,3
2022-05-30,20220530140000000,sz.301229,35.4000,36.4600,35.3400,35.7600,1013000,36500573.0000,3
2022-05-30,20220530150000000,sz.301229,35.7600,36.2400,35.5000,36.0000,913389,32785498.0000,3
2022-05-31,20220531103000000,sz.301229,35.9000,36.2300,35.0100,35.5700,1173300,41752625.0000,3
2022-05-31,20220531113000000,sz.301229,35.5800,35.5800,34.8800,35.1600,640489,22514562.0000,3
2022-05-31,20220531140000000,sz.301229,35.1800,35.4400,34.9300,35.3000,457700,16116031.0000,3
2022-05-31,20220531150000000,sz.301229,35.3000,35.4500,35.1600,35.2500,693080,24453874.0000,3
2022-06-01,20220601103000000,sz.301229,35.5500,36.2800,35.2800,35.9500,1254800,45009054.0000,3
2022-06-01,20220601113000000,sz.301229,35.9500,36.3500,35.7600,35.9300,531600,19175690.0000,3
2022-06-01,20220601140000000,sz.301229,35.9300,36.1500,35.4500,35.8000,539292,19284406.0000,3
2022-06-01,20220601150000000,sz.301229,35.8700,35.9200,35.6100,35.8400,561200,20061039.0000,3
2022-06-02,20220602103000000,sz.301229,35.5600,36.5000,35.3600,36.3400,1260300,45260597.0000,3
2022-06-02,20220602113000000,sz.301229,36.3400,36.8600,36.1900,36.8500,895708,32677893.0000,3
2022-06-02,20220602140000000,sz.301229,36.9200,37.4000,36.6600,36.8200,1066300,39455583.0000,3
2022-06-02,20220602150000000,sz.301229,36.8300,36.9700,36.5600,36.6800,943000,34614598.0000,3
2022-06-06,20220606103000000,sz.301229,35.8000,36.8800,35.8000,36.3000,1291818,46978815.0000,3
2022-06-06,20220606113000000,sz.301229,36.3000,36.7000,36.1000,36.6100,621210,22639447.0000,3
2022-06-06,20220606140000000,sz.301229,36.6100,37.4000,36.3400,36.4900,827634,30444924.0000,3
2022-06-06,20220606150000000,sz.301229,36.4900,36.7900,36.0200,36.6000,1052600,38485784.0000,3
2022-06-07,20220607103000000,sz.301229,36.4400,36.4400,34.8000,35.1800,1833210,65131944.0000,3
2022-06-07,20220607113000000,sz.301229,35.1800,35.4400,34.9000,35.2000,408900,14340792.0000,3
2022-06-07,20220607140000000,sz.301229,35.2200,35.2200,34.6000,34.9800,709108,24697973.0000,3
2022-06-07,20220607150000000,sz.301229,34.9800,35.2700,34.9000,35.0900,593500,20824403.0000,3
2022-06-08,20220608103000000,sz.301229,35.6000,36.1400,34.9000,35.1400,1274618,45401183.0000,3
2022-06-08,20220608113000000,sz.301229,35.1400,35.1800,34.0000,34.1000,692993,23911685.0000,3
2022-06-08,20220608140000000,sz.301229,34.0900,34.5800,33.8900,34.4600,250581,8586255.0000,3
2022-06-08,20220608150000000,sz.301229,34.5500,35.0800,34.3300,34.9000,416300,14484748.0000,3
2022-06-09,20220609103000000,sz.301229,34.7000,34.7000,33.2100,33.4900,1083299,36492945.0000,3
2022-06-09,20220609113000000,sz.301229,33.4900,33.6200,33.1300,33.1300,567800,18952293.0000,3
2022-06-09,20220609140000000,sz.301229,33.1300,33.4500,32.8400,32.9600,449454,14855260.0000,3
2022-06-09,20220609150000000,sz.301229,32.9600,33.3500,32.8500,32.8500,532008,17596394.0000,3
2022-06-10,20220610103000000,sz.301229,32.8000,33.4700,32.5400,33.1700,584100,19425352.0000,3
2022-06-10,20220610113000000,sz.301229,33.1800,33.4400,33.0200,33.3200,237293,7884437.0000,3
2022-06-10,20220610140000000,sz.301229,33.3500,34.0900,33.3500,33.9500,675300,22814070.0000,3
2022-06-10,20220610150000000,sz.301229,33.9500,34.0500,33.6000,33.6600,603108,20374044.0000,3
2022-06-13,20220613103000000,sz.301229,33.6600,35.7600,33.2000,35.3700,1959305,68660090.0000,3
2022-06-13,20220613113000000,sz.301229,35.3600,35.5100,35.1000,35.2500,314300,11100004.0000,3
2022-06-13,20220613140000000,sz.301229,35.2400,35.2900,34.6800,34.7400,406100,14197727.0000,3
2022-06-13,20220613150000000,sz.301229,34.7400,35.0600,34.7000,35.0000,467000,16308049.0000,3
2022-06-14,20220614103000000,sz.301229,34.6000,34.9900,33.7000,33.7500,1129500,38688748.0000,3
2022-06-14,20220614113000000,sz.301229,33.7400,33.8900,32.8100,33.0800,615200,20466320.0000,3
2022-06-14,20220614140000000,sz.301229,33.1000,34.1100,33.1000,33.9000,340500,11497018.0000,3
2022-06-14,20220614150000000,sz.301229,33.9000,34.8500,33.8900,34.5700,595012,20531340.0000,3
2022-06-15,20220615103000000,sz.301229,34.5700,35.2700,33.9200,34.9500,948500,32759060.0000,3
2022-06-15,20220615113000000,sz.301229,34.9500,34.9500,33.8800,34.0300,437700,14982605.0000,3
2022-06-15,20220615140000000,sz.301229,34.0400,34.1500,33.8800,34.1000,464067,15772148.0000,3
2022-06-15,20220615150000000,sz.301229,34.1300,34.1300,33.2800,33.3000,786433,26406540.0000,3
2022-06-16,20220616103000000,sz.301229,33.6500,33.6500,32.8700,33.0600,645000,21376944.0000,3
2022-06-16,20220616113000000,sz.301229,33.0600,33.3600,33.0500,33.3100,178300,5921694.0000,3
2022-06-16,20220616140000000,sz.301229,33.3200,33.3900,32.9300,32.9400,293634,9734639.0000,3
2022-06-16,20220616150000000,sz.301229,32.9300,33.0400,32.7900,33.0000,536752,17665648.0000,3
2022-06-17,20220617103000000,sz.301229,32.7100,33.6100,32.5200,33.0000,655800,21810299.0000,3
2022-06-17,20220617113000000,sz.301229,33.0000,33.1100,32.6000,32.9800,376400,12372290.0000,3
2022-06-17,20220617140000000,sz.301229,32.9800,33.5400,32.9500,33.1300,258700,8612335.0000,3
2022-06-17,20220617150000000,sz.301229,33.1300,33.5200,33.0600,33.4000,493205,16462906.0000,3
2022-06-20,20220620103000000,sz.301229,33.1400,33.9300,33.1400,33.5200,664460,22250693.0000,3
2022-06-20,20220620113000000,sz.301229,33.5200,33.6400,33.4000,33.4600,285205,9555475.0000,3
2022-06-20,20220620140000000,sz.301229,33.4800,33.5000,33.1200,33.4200,374295,12447024.0000,3
2022-06-20,20220620150000000,sz.301229,33.4200,33.8800,33.2300,33.8800,849185,28605751.0000,3
2022-06-21,20220621103000000,sz.301229,33.7000,34.3900,33.1100,33.5500,1245600,41948414.0000,3
2022-06-21,20220621113000000,sz.301229,33.5400,33.6400,33.1300,33.6000,436785,14548648.0000,3
2022-06-21,20220621140000000,sz.301229,33.6400,33.6800,33.1500,33.1600,318700,10633067.0000,3
2022-06-21,20220621150000000,sz.301229,33.1600,33.4500,32.9100,33.3400,471809,15666517.0000,3
2022-06-22,20220622103000000,sz.301229,34.0000,34.2800,33.4100,33.8600,1552295,52738624.0000,3
2022-06-22,20220622113000000,sz.301229,33.8700,34.0400,33.5400,33.6700,340800,11503969.0000,3
2022-06-22,20220622140000000,sz.301229,33.6700,33.7600,33.4600,33.4900,464431,15595760.0000,3
2022-06-22,20220622150000000,sz.301229,33.4900,33.5500,32.7800,32.9000,796200,26307525.0000,3
2022-06-23,20220623103000000,sz.301229,33.0100,34.9000,33.0100,33.7800,2422962,82619447.0000,3
2022-06-23,20220623113000000,sz.301229,33.7800,34.6200,33.7800,34.3700,717126,24622491.0000,3
2022-06-23,20220623140000000,sz.301229,34.5000,34.7000,34.2000,34.3000,535219,18419563.0000,3
2022-06-23,20220623150000000,sz.301229,34.3000,34.5600,34.2800,34.4900,919225,31673117.0000,3
2022-06-24,20220624103000000,sz.301229,34.0500,34.9700,33.9400,34.9000,1347864,46375355.0000,3
2022-06-24,20220624113000000,sz.301229,34.8500,35.9000,34.8500,35.7200,1622441,57429749.0000,3
2022-06-24,20220624140000000,sz.301229,35.7500,35.8500,35.3500,35.5000,606000,21560917.0000,3
2022-06-24,20220624150000000,sz.301229,35.5000,35.5800,35.1500,35.4000,761500,26941773.0000,3
2022-06-27,20220627103000000,sz.301229,36.0300,36.1900,34.6100,34.6900,1722000,60512696.0000,3
2022-06-27,20220627113000000,sz.301229,34.7000,35.1900,34.6000,34.9600,496934,17301778.0000,3
2022-06-27,20220627140000000,sz.301229,34.8900,35.1800,34.7000,35.0900,412449,14390570.0000,3
2022-06-27,20220627150000000,sz.301229,35.0900,35.4400,35.0300,35.2900,626832,22087473.0000,3
2022-06-28,20220628103000000,sz.301229,35.2500,35.2500,34.6000,34.7900,813234,28371908.0000,3
2022-06-28,20220628113000000,sz.301229,34.7600,35.4800,34.7400,35.1500,499010,17499489.0000,3
2022-06-28,20220628140000000,sz.301229,35.3000,36.9600,35.2000,36.2100,2007951,72428319.0000,3
2022-06-28,20220628150000000,sz.301229,36.2100,36.3500,35.9800,36.2300,1031800,37314640.0000,3
2022-06-29,20220629103000000,sz.301229,35.7000,36.5100,34.4500,34.7700,2180161,76897497.0000,3
2022-06-29,20220629113000000,sz.301229,34.7500,34.8500,34.4300,34.5200,565023,19563252.0000,3
2022-06-29,20220629140000000,sz.301229,34.5100,34.5100,34.0300,34.2000,513582,17608354.0000,3
2022-06-29,20220629150000000,sz.301229,34.2000,34.2700,33.6000,33.7600,827549,28068125.0000,3
2022-06-30,20220630103000000,sz.301229,33.7600,34.2700,33.2000,33.3000,1005395,33836809.0000,3
2022-06-30,20220630113000000,sz.301229,33.3000,33.7700,33.2900,33.6400,223900,7499634.0000,3
2022-06-30,20220630140000000,sz.301229,33.6300,33.7600,33.3300,33.4400,351800,11797861.0000,3
2022-06-30,20220630150000000,sz.301229,33.4400,33.5500,33.0800,33.2900,542800,18080866.0000,3
2022-07-01,20220701103000000,sz.301229,33.2700,33.7100,32.9000,33.1200,566497,18749695.0000,3
2022-07-01,20220701113000000,sz.301229,33.1200,33.3300,33.1100,33.1400,252200,8376513.0000,3
2022-07-01,20220701140000000,sz.301229,33.1400,33.2000,32.8000,32.8800,403100,13280540.0000,3
2022-07-01,20220701150000000,sz.301229,32.8800,33.0300,32.7000,32.8100,420700,13812140.0000,3
2022-07-04,20220704103000000,sz.301229,32.7100,32.7800,31.9600,32.3000,662800,21384986.0000,3
2022-07-04,20220704113000000,sz.301229,32.3000,32.3900,32.1100,32.3900,201800,6506832.0000,3
2022-07-04,20220704140000000,sz.301229,32.3800,32.4700,32.2300,32.3700,205700,6647367.0000,3
2022-07-04,20220704150000000,sz.301229,32.3700,32.3700,32.1000,32.3500,345612,11153395.0000,3
2022-07-05,20220705103000000,sz.301229,32.5000,32.8000,32.0600,32.0700,674000,21836028.0000,3
2022-07-05,20220705113000000,sz.301229,32.0700,32.0700,31.6000,31.9400,474734,15135356.0000,3
2022-07-05,20220705140000000,sz.301229,31.9500,31.9500,31.3800,31.4000,357520,11276876.0000,3
2022-07-05,20220705150000000,sz.301229,31.4000,31.6300,31.3600,31.5700,313980,9893813.0000,3
2022-07-06,20220706103000000,sz.301229,31.9100,32.3600,31.3000,31.8500,701000,22430028.0000,3
2022-07-06,20220706113000000,sz.301229,31.8500,32.0900,31.8200,31.9000,137894,4404404.0000,3
2022-07-06,20220706140000000,sz.301229,31.9000,32.1100,31.8300,31.9000,132800,4244580.0000,3
2022-07-06,20220706150000000,sz.301229,31.9000,32.1800,31.6400,32.0800,385500,12308579.0000,3
2022-07-07,20220707103000000,sz.301229,31.4000,32.2900,31.4000,32.0100,421175,13470134.0000,3
2022-07-07,20220707113000000,sz.301229,32.0200,32.1600,31.8800,32.0800,121120,3877692.0000,3
2022-07-07,20220707140000000,sz.301229,32.0900,33.9600,31.8100,33.4100,1536300,50856008.0000,3
2022-07-07,20220707150000000,sz.301229,33.4100,33.4900,32.9800,33.0100,601922,19924387.0000,3
2022-07-08,20220708103000000,sz.301229,33.0000,33.0000,32.1400,32.5500,842365,27369525.0000,3
2022-07-08,20220708113000000,sz.301229,32.5400,32.6300,32.3300,32.4800,257800,8355454.0000,3
2022-07-08,20220708140000000,sz.301229,32.4700,32.4700,32.0200,32.0500,304100,9788420.0000,3
2022-07-08,20220708150000000,sz.301229,32.0500,32.1400,31.7200,31.7900,548400,17528055.0000,3
2022-07-11,20220711103000000,sz.301229,31.5700,31.7200,30.8000,31.0100,790754,24517755.0000,3
2022-07-11,20220711113000000,sz.301229,31.0000,31.2000,30.9600,31.1600,146500,4548314.0000,3
2022-07-11,20220711140000000,sz.301229,31.1600,31.1800,30.8500,30.9400,143900,4456876.0000,3
2022-07-11,20220711150000000,sz.301229,30.9400,31.1000,30.8000,30.8800,308799,9549233.0000,3
