date,code,open,high,low,close,volume,amount,adjustflag,turn,pctChg
2020-01-03,sh.603188,6.5100,6.6400,6.4400,6.5800,6247108,40932228.0000,3,1.084500,0.611621
2020-01-10,sh.603188,6.5500,6.7400,6.4400,6.4600,8793394,57744115.0000,3,1.526600,-1.823708
2020-01-17,sh.603188,6.4400,6.6000,6.3500,6.3500,5454601,35259679.0000,3,0.947000,-1.702786
2020-01-23,sh.603188,6.3800,6.9900,6.3300,6.7800,12988487,87357946.0000,3,2.254900,6.771654
2020-02-07,sh.603188,6.4400,6.4400,6.0000,6.1200,14663002,90031112.0000,3,2.545700,-9.734513
2020-02-14,sh.603188,6.1200,6.6300,6.0700,6.5600,8193971,52655538.0000,3,1.422500,7.189542
2020-02-21,sh.603188,6.6000,6.7400,6.4800,6.5100,8148642,53716248.0000,3,1.414700,-0.762195
2020-02-28,sh.603188,6.5000,6.5000,6.0200,6.0400,10956081,68312878.0000,3,1.902100,-7.219662
2020-03-06,sh.603188,6.0900,6.7300,6.0900,6.5700,13340325,86076815.0000,3,2.315900,8.774834
2020-03-13,sh.603188,6.5200,6.6900,6.2700,6.6900,10533109,68445172.0000,3,1.828600,1.826484
2020-03-20,sh.603188,6.6900,7.3100,6.6000,6.9800,19897490,137299561.0000,3,3.454500,4.334828
2020-03-27,sh.603188,6.8100,6.9600,6.6400,6.6400,8652601,58814869.0000,3,1.502100,-4.871060
2020-04-03,sh.603188,6.5900,6.5900,6.3200,6.4000,5464081,35212872.0000,3,0.948600,-3.614458
2020-04-10,sh.603188,6.4700,6.7300,6.3900,6.5800,7069476,46197465.0000,3,1.227400,2.812500
2020-04-17,sh.603188,6.5800,6.6400,6.2200,6.2500,8274763,52943338.0000,3,1.436600,-5.015198
2020-04-24,sh.603188,6.2200,6.4700,6.2200,6.3200,5151362,32788642.0000,3,0.894200,1.120000
2020-04-30,sh.603188,6.2700,6.3500,6.0100,6.3000,3640992,22696170.0000,3,0.632100,-0.316456
2020-05-08,sh.603188,6.2500,6.2700,6.1300,6.1600,3271230,20281727.0000,3,0.567900,-2.222222
2020-05-15,sh.603188,6.1400,6.2700,6.0000,6.1300,4422049,26991780.0000,3,0.767600,-0.487013
2020-05-22,sh.603188,6.1600,6.1600,5.7800,5.8700,5346939,31909856.0000,3,0.928200,-4.241436
2020-05-29,sh.603188,5.8700,5.9200,5.5400,5.9200,6871360,39208210.0000,3,1.192900,0.851789
2020-06-05,sh.603188,5.9200,6.1500,5.8500,5.9400,4342202,26073880.0000,3,0.753900,0.337838
2020-06-12,sh.603188,5.9500,6.0100,5.7800,5.9200,6584787,39020182.0000,3,1.143100,-0.336700
2020-06-19,sh.603188,5.8700,6.0300,5.8400,5.9400,5218010,31085529.0000,3,0.905900,0.337838
2020-06-24,sh.603188,5.9400,5.9800,5.8100,5.8700,3813100,22480989.0000,3,0.662000,-1.178451
2020-07-03,sh.603188,5.8600,5.9400,5.6200,5.7900,7642850,44269722.0000,3,1.326900,-1.362862
2020-07-10,sh.603188,5.7900,6.3200,5.7900,6.3000,13654569,82927588.0000,3,2.370500,8.808290
2020-07-17,sh.603188,6.3200,6.5700,6.1600,6.2200,13035495,83326491.0000,3,2.263100,-1.269841
2020-07-24,sh.603188,6.2400,6.5300,6.0600,6.0800,8606310,54357872.0000,3,1.494100,-2.250804
2020-07-31,sh.603188,6.0800,6.3600,6.0200,6.1200,8060952,49641375.0000,3,1.399500,0.657895
2020-08-07,sh.603188,6.1200,6.1900,5.8400,5.9600,9452133,57351677.4500,3,1.641100,-2.614379
2020-08-14,sh.603188,5.9600,5.9900,5.7600,5.8000,12174459,71192128.1600,3,2.113500,-2.684564
2020-08-21,sh.603188,5.8000,6.0300,5.7800,5.9500,9187948,54327769.0000,3,1.595000,2.586207
2020-08-28,sh.603188,5.9500,5.9500,5.8000,5.8800,5850001,34386673.0000,3,1.015700,-1.176471
2020-09-04,sh.603188,5.8800,6.1400,5.8800,5.9700,9423289,56750237.0600,3,1.636000,1.530612
2020-09-11,sh.603188,5.9500,5.9500,5.7000,5.7600,8701166,50838674.1600,3,1.510600,-3.517588
2020-09-18,sh.603188,5.7700,5.8200,5.6500,5.7200,6380612,36398105.3400,3,1.107800,-0.694444
2020-09-25,sh.603188,5.7300,5.7600,5.4600,5.4700,5979708,33439786.0000,3,1.038100,-4.370629
2020-09-30,sh.603188,5.5700,5.5700,5.3500,5.4000,2559987,13925425.0000,3,0.444500,-1.279707
2020-10-09,sh.603188,5.4000,5.5600,5.3900,5.4600,1102601,6063734.0000,3,0.191400,1.111111
2020-10-16,sh.603188,5.4600,5.6900,5.4600,5.5600,4951416,27496558.3000,3,0.859700,1.831502
2020-10-23,sh.603188,5.5600,5.5600,5.3200,5.3400,3242700,17575962.0000,3,0.562900,-3.956835
2020-10-30,sh.603188,5.3600,5.6300,5.1800,5.2800,8411647,45724547.0000,3,1.460400,-1.123596
2020-11-06,sh.603188,5.2800,5.4300,5.2500,5.3100,3532807,18806451.3400,3,0.613400,0.568182
2020-11-13,sh.603188,5.3400,5.9200,5.3200,5.8100,9422569,53648357.3800,3,1.636000,9.416196
2020-11-20,sh.603188,5.8200,5.9100,5.6600,5.7200,4598200,26396399.0000,3,0.798300,-1.549053
2020-11-27,sh.603188,5.7000,5.9100,5.6400,5.6900,4806416,27666454.6000,3,0.834500,-0.524476
2020-12-04,sh.603188,5.6800,5.8500,5.5600,5.6200,4886604,27816179.6200,3,0.848300,-1.230228
2020-12-11,sh.603188,5.6100,5.6200,5.4100,5.5200,3747967,20597658.6400,3,0.650600,-1.779359
2020-12-18,sh.603188,5.5900,5.7600,5.4800,5.5300,5044317,28197764.6700,3,0.875700,0.181159
2020-12-25,sh.603188,5.4800,5.5300,5.1500,5.3000,12184714,65451765.3000,3,2.115400,-4.159132
2020-12-31,sh.603188,5.2000,5.4300,5.1800,5.2300,4756500,24976724.0000,3,0.825800,-1.320755
