date,code,open,high,low,close,volume,amount,adjustflag,turn,pctChg
2020-01-03,sh.603826,15.6800,16.5700,15.6000,16.4000,13976625,226077111.0000,3,7.377100,4.126984
2020-01-10,sh.603826,16.3500,18.8800,16.2600,18.8000,28570535,496520775.0000,3,15.080200,14.634146
2020-01-17,sh.603826,18.6500,22.4000,18.6500,22.0800,42772008,893572304.0000,3,22.576100,17.446809
2020-01-23,sh.603826,22.0800,23.1000,21.3600,21.5400,24941798,554008095.0000,3,13.164900,-2.445652
2020-02-07,sh.603826,19.3900,21.7200,17.7700,20.9100,18977678,387670224.0000,3,10.016900,-2.924791
2020-02-14,sh.603826,20.9400,23.3500,20.9400,22.7200,21448630,474897163.0000,3,11.321100,8.656145
2020-02-21,sh.603826,22.9900,25.7500,22.9800,25.5000,20533521,496346402.0000,3,10.838000,12.235915
2020-02-28,sh.603826,25.1500,26.2000,21.6800,23.1000,16400476,401783612.0000,3,8.656600,-9.411765
2020-03-06,sh.603826,23.5600,26.1900,22.4200,26.1000,19038503,471549243.0000,3,10.049000,12.987013
2020-03-13,sh.603826,25.8000,26.3600,21.6800,23.4500,15759326,383922735.0000,3,8.318200,-10.153257
2020-03-20,sh.603826,23.7500,23.9400,21.2000,22.0700,13716998,304810066.0000,3,7.240100,-5.884861
2020-03-27,sh.603826,22.0200,22.0200,20.5100,21.3500,8263987,175309421.0000,3,4.361900,-3.262347
2020-04-03,sh.603826,21.1000,24.3700,20.1200,23.5100,16424971,376596726.0000,3,8.669400,10.117096
2020-04-10,sh.603826,23.8500,24.1000,22.3900,23.0000,10247168,239777775.0000,3,5.408800,-2.169290
2020-04-17,sh.603826,22.7700,25.0500,22.0200,24.7900,10506362,248584122.0000,3,2.805500,7.782609
2020-04-24,sh.603826,25.0100,27.4500,24.4300,25.3400,11126356,282464499.0000,3,2.377400,2.218637
2020-04-30,sh.603826,25.8100,26.6900,25.0000,25.8800,11663146,300990160.0000,3,2.492100,2.131018
2020-05-08,sh.603826,25.8000,27.9900,25.6000,27.5600,10249348,274864841.0000,3,2.190100,6.491499
2020-05-15,sh.603826,27.7000,28.9800,27.3500,28.5000,11668769,329133003.0000,3,2.493200,3.410740
2020-05-22,sh.603826,28.8900,29.9900,27.9000,28.1500,11784309,339910740.0000,3,2.518100,-1.228070
2020-05-29,sh.603826,28.6300,29.5000,27.5000,29.1900,10415040,296346731.0000,3,2.225400,3.694494
2020-06-05,sh.603826,29.2000,30.1900,28.4200,29.0000,9734246,284454590.0000,3,2.079900,-0.650908
2020-06-12,sh.603826,29.2500,33.8800,28.8700,33.4600,15950852,505946921.0000,3,3.408200,15.379310
2020-06-19,sh.603826,33.5000,35.3800,32.9400,33.8100,14224828,482000379.0000,3,3.039500,1.046025
2020-06-24,sh.603826,34.2000,34.4400,33.0100,33.3100,8691778,292543940.0000,3,1.857200,-1.478852
2020-07-03,sh.603826,33.2500,34.8300,32.5600,33.2000,18546709,622080588.0000,3,3.962900,-0.330231
2020-07-10,sh.603826,33.5000,34.4600,31.4500,34.2000,39030383,1270909575.0000,3,8.339800,3.012048
2020-07-17,sh.603826,34.1900,34.2300,29.9700,30.0000,30722175,1003057153.0000,3,6.564700,-12.280702
2020-07-24,sh.603826,30.2400,31.9000,28.7500,28.7500,16531047,503467419.4600,3,3.532300,-4.166667
2020-07-31,sh.603826,28.8100,29.8400,27.8800,29.0500,12782729,369143883.6700,3,2.731300,1.043478
2020-08-07,sh.603826,29.0400,29.5400,27.4600,27.7600,14779149,424188208.5800,3,3.157900,-4.440620
2020-08-14,sh.603826,27.8000,28.3500,25.6000,26.1500,13219039,354445104.8900,3,2.824600,-5.799712
2020-08-21,sh.603826,26.1900,27.2800,24.9500,26.4900,16776878,438677816.7200,3,3.584800,1.300191
2020-08-28,sh.603826,26.4900,30.9700,25.7100,30.8400,28937652,832425458.3400,3,6.183200,16.421291
2020-09-04,sh.603826,31.1000,32.8800,30.0100,31.9300,16188656,515309448.7200,3,3.459100,3.534371
2020-09-11,sh.603826,31.9300,32.5600,29.0000,31.9200,13850255,425201768.6800,3,2.959500,-0.031319
2020-09-18,sh.603826,32.1100,34.6500,31.7100,33.5000,14344668,474435475.1600,3,3.065000,4.949875
2020-09-25,sh.603826,34.0400,34.4000,32.1100,32.6600,10347539,344547530.5000,3,2.211000,-2.507463
2020-09-30,sh.603826,32.7300,33.9100,32.0500,33.6900,5087669,167931549.0000,3,1.087100,3.153705
2020-10-09,sh.603826,34.0100,34.1700,30.9100,31.9000,4426016,143140555.0000,3,0.945700,-5.313149
2020-10-16,sh.603826,31.6600,32.3700,30.0800,30.3100,10228413,317776490.5300,3,2.185500,-4.984326
2020-10-23,sh.603826,30.7500,37.2500,30.2100,35.4200,28173700,989373328.0000,3,6.020000,16.859122
2020-10-30,sh.603826,35.9300,38.9800,33.4200,37.7700,21839672,791697788.4000,3,4.666700,6.634670
2020-11-06,sh.603826,37.8900,38.8100,36.5600,37.2400,12358127,463731165.9600,3,2.640500,-1.403230
2020-11-13,sh.603826,37.6000,40.1800,37.2800,38.6200,13996387,546643411.7600,3,2.990600,3.705693
2020-11-20,sh.603826,38.7500,39.6500,37.6000,38.3500,9204879,354716179.8000,3,1.966800,-0.699120
2020-11-27,sh.603826,38.1100,44.1000,37.2000,43.0600,15447196,643145384.4300,3,3.300600,12.281617
2020-12-04,sh.603826,43.1300,44.8500,40.3200,41.9100,15074095,639218504.0500,3,3.220900,-2.670692
2020-12-11,sh.603826,41.9500,42.9100,39.4300,39.9400,9248307,378405826.2000,3,1.976200,-4.700549
2020-12-18,sh.603826,40.8900,42.3500,38.3100,38.3600,10506025,416591673.5000,3,2.244800,-3.955934
2020-12-25,sh.603826,38.3600,39.8800,35.8000,36.2000,11111299,416549586.5000,3,2.374300,-5.630865
2020-12-31,sh.603826,36.5600,36.6000,35.3000,36.0900,8168472,292706129.7300,3,1.745400,-0.303867
