date,code,open,high,low,close,volume,amount,adjustflag,turn,pctChg
2020-07-17,sh.688500,100.0000,121.0000,80.5200,82.6900,21526839,2122645515.0000,3,127.500300,141.712949
2020-07-24,sh.688500,77.5000,78.9700,65.2000,66.1100,24904596,1815763114.5700,3,147.506200,-20.050792
2020-07-31,sh.688500,66.0000,69.7900,61.9900,67.0000,11062649,722253693.1600,3,65.522500,1.346241
2020-08-07,sh.688500,67.2300,71.5000,62.7400,63.1000,9461520,638709056.0000,3,56.039100,-5.820896
2020-08-14,sh.688500,63.0000,63.9600,58.6800,60.3500,5528822,338201898.0000,3,32.746300,-4.358162
2020-08-21,sh.688500,60.3500,61.5900,56.8300,58.0800,4207336,249578691.0000,3,24.919400,-3.761392
2020-08-28,sh.688500,57.8900,59.5900,55.8600,56.7300,3292629,189536397.0000,3,19.501800,-2.324380
2020-09-04,sh.688500,56.7300,59.5000,56.0100,58.4000,2980823,172039474.0000,3,17.655000,2.943769
2020-09-11,sh.688500,58.6600,59.3500,49.9900,51.3200,3491833,188361038.6000,3,20.681500,-12.123288
2020-09-18,sh.688500,51.3900,64.4700,50.7000,58.3600,8017925,468281155.0000,3,47.489000,13.717849
2020-09-25,sh.688500,57.9000,59.5400,55.7800,55.8800,5465034,313572273.0000,3,32.368600,-4.249486
2020-09-30,sh.688500,55.8700,55.9600,52.1000,52.5200,1687366,90753150.0000,3,9.994000,-6.012885
2020-10-09,sh.688500,53.8200,54.4900,53.3100,54.0800,362026,19469323.0000,3,2.144200,2.970297
2020-10-16,sh.688500,54.7700,56.8000,53.6700,54.1300,2674250,148218346.1300,3,15.839300,0.092456
2020-10-23,sh.688500,54.3000,56.6800,51.4100,51.6500,2510318,135677257.6900,3,14.868200,-4.581563
2020-10-30,sh.688500,51.1600,52.4500,49.2200,49.2800,1734664,88606032.0000,3,10.274100,-4.588577
2020-11-06,sh.688500,49.0000,51.4900,46.4600,50.9800,2524986,122809095.6100,3,14.955200,3.449675
2020-11-13,sh.688500,50.9700,52.3300,50.0600,50.3700,1852362,94697068.0000,3,10.971200,-1.196548
2020-11-20,sh.688500,50.3700,50.7900,48.6000,49.5600,985131,48799964.0000,3,5.834800,-1.608100
2020-11-27,sh.688500,49.5200,49.8700,46.6600,46.8300,2209953,105029342.4900,3,13.089300,-5.508475
2020-12-04,sh.688500,46.8400,48.3900,46.8000,47.3800,1300164,61732125.0000,3,7.700700,1.174461
2020-12-11,sh.688500,47.7900,47.7900,42.6800,43.5500,1539019,69887098.0000,3,9.115300,-8.083580
2020-12-18,sh.688500,43.6000,44.4500,40.5200,41.0400,1383470,58339369.0000,3,8.194100,-5.763490
2020-12-25,sh.688500,41.0400,41.7300,38.3100,38.7400,1260774,50291357.0000,3,7.467400,-5.604288
2020-12-31,sh.688500,38.6600,39.5300,38.0000,39.2200,833405,32301485.0000,3,4.936100,1.239029
