date,code,open,high,low,close,volume,amount,adjustflag,turn,pctChg
2020-01-03,sh.688037,77.5100,78.8900,71.0000,75.7000,15013965,1135311306.0000,3,84.902600,-4.923386
2020-01-10,sh.688037,73.0000,83.7000,71.0100,78.1000,18852459,1434270436.0000,3,106.609000,3.170410
2020-01-17,sh.688037,78.2200,109.8000,74.0000,102.8000,25156764,2183818015.0000,3,142.259200,31.626120
2020-01-23,sh.688037,98.1300,138.0000,93.3800,127.5000,20960583,2328715202.0000,3,118.530200,24.027237
2020-02-07,sh.688037,103.0100,168.0000,103.0100,159.5600,24589620,3515276735.0000,3,139.052100,25.145098
2020-02-14,sh.688037,154.8800,167.8400,139.0000,143.9100,20694416,3134998869.0000,3,117.025100,-9.808223
2020-02-21,sh.688037,144.5000,152.5200,118.5000,124.5600,18336954,2504858382.0000,3,103.693900,-13.445904
2020-02-28,sh.688037,121.0000,138.5000,103.2200,105.4000,17753185,2187809534.0000,3,100.392700,-15.382145
2020-03-06,sh.688037,109.0600,121.0200,103.5900,105.4300,11992087,1320188567.0000,3,67.814200,0.028463
2020-03-13,sh.688037,100.9400,135.0000,91.5000,131.8500,27855572,3140021669.0000,3,157.520800,25.059281
2020-03-20,sh.688037,131.0000,142.0500,115.2000,115.2000,27982278,3661816413.0000,3,158.237200,-12.627986
2020-03-27,sh.688037,108.0000,129.9000,99.0700,117.2600,24157781,2794370169.0000,3,136.610100,1.788194
2020-04-03,sh.688037,112.0000,142.7900,106.0000,131.0000,23901396,2993544839.0000,3,135.160400,11.717551
2020-04-10,sh.688037,137.0900,138.2800,113.1800,115.7000,15507649,1974869275.0000,3,87.694500,-11.679389
2020-04-17,sh.688037,113.5000,127.6800,111.9900,121.4200,15600111,1888358971.0000,3,88.217200,4.943820
2020-04-24,sh.688037,120.1100,122.5200,111.0000,115.4500,13946426,1618029083.0000,3,78.865700,-4.916818
2020-04-30,sh.688037,113.0000,113.0000,92.1100,105.9600,11307674,1168859881.0000,3,60.360000,-8.220009
2020-05-08,sh.688037,103.5000,128.2000,103.5000,124.4800,13779354,1653680001.0000,3,73.553700,17.478294
2020-05-15,sh.688037,123.2000,142.0000,116.7800,134.5000,20552182,2610554843.0000,3,109.706800,8.049486
2020-05-22,sh.688037,140.0000,159.0100,123.3000,131.3300,28212492,3936227259.0000,3,150.597200,-2.356877
2020-05-29,sh.688037,130.0000,134.9100,117.6700,121.4100,15314574,1953374195.0000,3,85.764000,-7.553491
2020-06-05,sh.688037,123.6500,135.9900,121.6000,124.7300,16833537,2168657386.0000,3,95.192100,2.734536
2020-06-12,sh.688037,126.0000,127.4700,115.6200,119.4500,12033120,1457203539.0000,3,68.046200,-4.233144
2020-06-19,sh.688037,117.8700,119.8800,111.0100,116.6000,10819965,1244625749.0000,3,59.238100,-2.385936
2020-06-24,sh.688037,118.8800,130.6800,118.5800,128.3000,9925941,1234878636.0000,3,53.728600,10.034305
2020-07-03,sh.688037,126.6600,144.0000,122.5700,129.5400,18643689,2437723204.0000,3,100.917200,0.966485
2020-07-10,sh.688037,130.3900,151.9900,130.3300,144.2300,22892896,3257987989.0000,3,123.917900,11.443363
2020-07-17,sh.688037,144.2100,153.7900,113.5000,113.9100,18016561,2495195585.0000,3,97.522500,-21.021979
2020-07-24,sh.688037,114.6600,120.4800,104.9700,105.0200,9121421,1046110857.3000,3,49.373700,-7.804407
2020-07-31,sh.688037,105.4500,115.8800,101.8800,114.4100,6971066,765610866.1200,3,37.734000,8.941154
2020-08-07,sh.688037,116.5000,122.5000,107.5300,108.6000,8467971,985455174.0000,3,45.836600,-5.078227
2020-08-14,sh.688037,108.6100,144.7000,108.6100,128.9500,22853794,2988238410.0000,3,123.706100,18.738490
2020-08-21,sh.688037,129.9800,129.9800,112.2200,113.5000,12607782,1526034917.0000,3,68.245200,-11.981388
2020-08-28,sh.688037,114.3800,122.8900,110.6000,114.7000,10667916,1238886425.0000,3,57.744800,1.057269
2020-09-04,sh.688037,114.5000,120.9700,111.6800,116.7900,6789901,783099973.0000,3,36.753300,1.822145
2020-09-11,sh.688037,119.4900,119.4900,102.3700,108.5000,6733534,741369555.2800,3,36.448100,-7.098210
2020-09-18,sh.688037,108.7000,118.1000,106.3300,114.9600,7593222,855992241.0000,3,41.101600,5.953917
2020-09-25,sh.688037,117.7200,117.7200,106.6600,106.9700,4267249,475891904.0000,3,23.098300,-6.950244
2020-09-30,sh.688037,107.9900,110.4500,104.0800,107.1600,2217769,237152020.0000,3,12.004600,0.177620
2020-10-09,sh.688037,108.5200,111.0500,108.5200,109.5500,680256,74539117.0000,3,3.682200,2.230310
2020-10-16,sh.688037,109.5500,114.9000,104.8500,105.1900,4626962,508520984.0000,3,25.045500,-3.979918
2020-10-23,sh.688037,106.1900,107.8200,94.0000,94.1200,4347215,439690583.6200,3,23.531200,-10.523814
2020-10-30,sh.688037,94.1000,115.0000,92.2500,107.1800,6263560,638213553.0000,3,33.904300,13.875903
2020-11-06,sh.688037,107.3500,112.0000,104.0000,106.0100,6807450,734572060.3700,3,36.848300,-1.091622
2020-11-13,sh.688037,106.7700,117.8000,101.0100,103.0700,8231118,906299255.0000,3,44.554600,-2.773323
2020-11-20,sh.688037,103.0000,104.8800,98.5000,102.9600,3808594,389749143.0000,3,20.615700,-0.106724
2020-11-27,sh.688037,102.4400,103.6700,97.3200,98.4000,3120125,314384102.8800,3,16.889000,-4.428904
2020-12-04,sh.688037,99.7000,103.8000,97.0000,98.2600,3644069,365731508.0000,3,19.725000,-0.142276
2020-12-11,sh.688037,98.9300,100.9700,92.7000,96.0000,3666283,353478018.0000,3,19.845300,-2.300020
2020-12-18,sh.688037,96.8600,97.3900,84.4100,88.6100,6203830,563671078.0000,3,19.627300,-7.697917
2020-12-25,sh.688037,88.6100,93.6700,81.9800,82.8000,4402053,386696811.0000,3,10.095300,-6.556822
2020-12-31,sh.688037,82.5700,109.1000,82.0000,103.0500,7672815,728436680.0000,3,17.596200,24.456522
