date,code,open,high,low,close,volume,amount,adjustflag,turn,pctChg
2020-01-03,sh.601231,19.0800,20.6500,18.8300,20.0500,161093825,3183213255.0000,3,7.395200,2.820513
2020-01-10,sh.601231,19.8900,21.4500,19.6900,20.1700,197143897,4042533385.0000,3,9.047200,0.598504
2020-01-17,sh.601231,20.1600,22.3500,19.6000,21.9500,236248281,5007693472.0000,3,10.841700,8.824988
2020-01-23,sh.601231,22.3000,23.2000,19.4800,19.7700,170393590,3669986877.0000,3,7.819600,-9.931663
2020-02-07,sh.601231,17.7900,19.5000,16.2800,19.3600,144870000,2674002789.0000,3,6.648300,-2.073849
2020-02-14,sh.601231,19.2000,20.4000,18.5800,19.8000,189318921,3649174595.0000,3,8.687900,2.272727
2020-02-21,sh.601231,20.2600,26.8000,20.2500,26.2500,322487754,7521318634.0000,3,14.799300,32.575758
2020-02-28,sh.601231,25.8000,27.2900,21.4300,21.5400,283142365,6949806872.0000,3,12.993600,-17.942857
2020-03-06,sh.601231,22.1500,23.4000,21.3400,21.8200,150081978,3319717595.0000,3,6.887300,1.299907
2020-03-13,sh.601231,21.0400,21.8000,18.7600,19.9300,143321037,2934027859.0000,3,6.577100,-8.661778
2020-03-20,sh.601231,20.0000,20.1700,17.0500,18.2700,156766650,2842313707.0000,3,7.194100,-8.329152
2020-03-27,sh.601231,17.3900,18.1800,16.3200,17.0700,114792740,1989957003.0000,3,5.267900,-6.568144
2020-04-03,sh.601231,16.6000,17.0500,15.4200,16.6000,114993693,1869644977.0000,3,5.273400,-2.753368
2020-04-10,sh.601231,17.3400,17.7900,16.3800,16.5400,77561447,1332518781.0000,3,3.556100,-0.361446
2020-04-17,sh.601231,16.2000,17.7500,16.1900,17.3800,103964246,1775809567.0000,3,4.766500,5.078597
2020-04-24,sh.601231,17.3700,17.6000,16.5900,16.7100,64873056,1116579481.0000,3,2.974200,-3.855006
2020-04-30,sh.601231,16.7600,18.3700,15.6700,17.8800,67105862,1152817123.0000,3,3.076700,7.001795
2020-05-08,sh.601231,18.2300,19.1600,18.0000,18.5100,83463663,1545734661.0000,3,3.826700,3.523490
2020-05-15,sh.601231,18.9800,19.3300,18.0900,18.6200,100621768,1879854763.0000,3,4.613300,0.594273
2020-05-22,sh.601231,18.2400,18.3000,16.5300,16.6000,95350730,1667815653.0000,3,4.371700,-10.848550
2020-05-29,sh.601231,16.6000,18.0000,16.3000,17.3300,84456345,1460142661.0000,3,3.872100,4.397590
2020-06-05,sh.601231,17.3600,20.5000,17.3600,19.6000,179142894,3487315730.0000,3,8.213300,13.098673
2020-06-12,sh.601231,20.0300,20.4800,18.9200,19.0200,128174570,2534043132.0000,3,5.876000,-2.959184
2020-06-19,sh.601231,19.0000,21.6000,18.5000,21.5000,138005067,2732490433.0000,3,6.326900,14.050307
2020-06-24,sh.601231,21.4500,21.8800,20.9700,21.3600,74495018,1592727386.0000,3,3.415100,-0.651163
2020-07-03,sh.601231,21.1700,22.8600,20.6200,22.4400,128900309,2807210346.0000,3,5.909400,5.056180
2020-07-10,sh.601231,22.6000,25.2000,22.5000,24.5500,146296487,3514679560.0000,3,6.706900,9.402852
2020-07-17,sh.601231,24.5000,25.4100,20.9900,21.3000,174739563,4074209238.0000,3,8.010800,-13.238289
2020-07-24,sh.601231,21.7400,22.3900,19.9000,20.1500,114315118,2447085412.0100,3,5.240700,-5.399061
2020-07-31,sh.601231,20.1800,24.2100,19.8100,24.2100,99526983,2157572938.3300,3,4.562700,20.148883
2020-08-07,sh.601231,26.2700,28.0800,25.5100,26.6200,232057024,6146646792.6600,3,10.638500,9.954564
2020-08-14,sh.601231,25.1900,25.4000,23.5600,24.5600,164850059,4012286280.8000,3,7.557300,-7.738542
2020-08-21,sh.601231,24.6000,25.0500,22.5500,23.5100,97170698,2319849973.8300,3,4.454700,-4.275244
2020-08-28,sh.601231,24.2000,26.1100,23.1300,23.7700,140645556,3447377666.8600,3,6.447900,1.105912
2020-09-04,sh.601231,24.0700,24.4200,21.9100,22.7100,85691613,2002125603.1000,3,3.928500,-4.459403
2020-09-11,sh.601231,22.5100,23.1000,21.1400,22.8800,69649015,1553392817.4700,3,3.193000,0.748569
2020-09-18,sh.601231,23.3800,23.8000,21.8600,23.5700,92017769,2119126043.8200,3,4.218500,3.015734
2020-09-25,sh.601231,23.6000,24.7500,23.3500,24.3000,83012657,1995458619.1700,3,3.805600,3.097157
2020-09-30,sh.601231,24.3000,26.0600,24.0600,25.5200,78295630,1982891424.0000,3,3.589400,5.020576
2020-10-09,sh.601231,26.4200,27.4400,26.2600,27.4400,31068315,834610208.0000,3,1.424300,7.523511
2020-10-16,sh.601231,27.2500,28.2900,24.2500,24.6500,123000128,3208698173.6900,3,5.635400,-10.167638
2020-10-23,sh.601231,25.2000,25.3600,23.4200,23.4900,68884806,1665669189.4700,3,3.156100,-4.705882
2020-10-30,sh.601231,23.3200,25.0800,21.8500,21.8500,108651593,2548728568.4900,3,4.978200,-6.981694
2020-11-06,sh.601231,21.4900,22.6600,20.9000,22.5700,83524285,1829201597.4200,3,3.826900,3.295195
2020-11-13,sh.601231,22.6100,23.6500,21.9800,22.2000,76521887,1754104493.7500,3,3.506000,-1.639344
2020-11-20,sh.601231,22.2600,22.5200,21.1900,21.6900,62596298,1358047537.5200,3,2.868000,-2.297297
2020-11-27,sh.601231,21.8000,22.0200,21.3000,22.0000,54320887,1175066947.5700,3,2.488800,1.429230
2020-12-04,sh.601231,22.0100,22.8200,21.3600,22.3600,77532813,1711609903.3200,3,3.552200,1.636364
2020-12-11,sh.601231,22.1900,22.3800,19.4000,19.4600,88952133,1864458048.2500,3,4.074400,-12.969589
2020-12-18,sh.601231,19.3600,19.9000,18.5100,19.5100,70286594,1350021765.6300,3,3.219300,0.256937
2020-12-25,sh.601231,19.3900,19.8500,18.5100,18.9100,48432453,934858283.3600,3,2.218400,-3.075346
2020-12-31,sh.601231,18.8300,19.5600,18.2800,19.3400,39672927,757987170.0000,3,1.817100,2.273929
