date,code,open,high,low,close,volume,amount,adjustflag,turn,pctChg
2020-01-03,sh.601212,3.6500,3.7900,3.5700,3.7700,136752398,505928512.0000,3,6.960500,3.856749
2020-01-10,sh.601212,3.8800,4.0400,3.6500,3.6800,319810567,1225845491.0000,3,16.278000,-2.387268
2020-01-17,sh.601212,3.6500,3.6800,3.5300,3.5500,92595510,334316111.0000,3,4.713000,-3.532609
2020-01-23,sh.601212,3.5500,3.5600,3.2800,3.3200,88388893,301227825.0000,3,4.498900,-6.478873
2020-02-07,sh.601212,3.0000,3.0100,2.6900,2.9700,114664427,335059205.0000,3,5.836400,-10.542169
2020-02-14,sh.601212,2.9300,3.1600,2.9300,3.0600,145341865,442411249.0000,3,7.397800,3.030303
2020-02-21,sh.601212,3.0500,3.5800,3.0400,3.5500,276688927,925538967.0000,3,3.968100,16.013072
2020-02-28,sh.601212,3.7000,3.7300,3.0400,3.0700,275330390,937345304.0000,3,3.948600,-13.521127
2020-03-06,sh.601212,3.0600,3.2900,3.0500,3.2800,171680137,549202912.0000,3,2.462100,6.840391
2020-03-13,sh.601212,3.3100,3.3100,2.8000,2.9900,137329349,424724204.0000,3,1.969400,-8.841463
2020-03-20,sh.601212,3.0300,3.0300,2.7500,2.9300,112876894,324580099.0000,3,1.618700,-2.006689
2020-03-27,sh.601212,2.8200,3.0800,2.7700,2.9400,169733082,496440235.0000,3,2.434200,0.341297
2020-04-03,sh.601212,2.9400,2.9400,2.7700,2.8300,101878155,287353350.0000,3,1.461100,-3.741497
2020-04-10,sh.601212,2.8900,2.9500,2.8500,2.8600,104463656,303106726.0000,3,1.498200,1.060071
2020-04-17,sh.601212,2.8200,3.1100,2.7800,2.8700,229685643,677203749.0000,3,3.184800,0.349650
2020-04-24,sh.601212,2.8000,2.9400,2.8000,2.8200,134670849,383133422.0000,3,1.867200,-1.742160
2020-04-30,sh.601212,2.8100,2.8100,2.4800,2.6200,123761796,326639340.0000,3,1.716100,-7.092199
2020-05-08,sh.601212,2.6000,2.6900,2.5800,2.6400,59714501,157016457.0000,3,0.827900,0.763359
2020-05-15,sh.601212,2.6400,2.6600,2.5400,2.6400,96448239,250987759.0000,3,1.337300,0.000000
2020-05-22,sh.601212,2.6800,2.8500,2.6500,2.7000,249859620,681720107.0000,3,3.464300,2.272727
2020-05-29,sh.601212,2.6800,2.7400,2.6300,2.6700,102418980,274518371.0000,3,1.420100,-1.111111
2020-06-05,sh.601212,2.7200,2.8100,2.6400,2.6600,131362543,354529514.0000,3,1.821300,-0.374532
2020-06-12,sh.601212,2.6500,2.6900,2.5100,2.5600,87218305,228035900.0000,3,1.209300,-3.759398
2020-06-19,sh.601212,2.5500,2.6400,2.5300,2.6000,78930549,203562266.0000,3,1.094400,1.562500
2020-06-24,sh.601212,2.6100,2.6300,2.5700,2.5800,41056557,106861298.0000,3,0.554500,-0.769231
2020-07-03,sh.601212,2.5800,2.9100,2.5300,2.7900,189317939,512449781.0000,3,2.556700,8.139535
2020-07-10,sh.601212,2.8200,3.3100,2.8000,3.0700,564675215,1735702679.0000,3,7.625800,10.035842
2020-07-17,sh.601212,3.1000,3.2300,2.7600,2.7900,342152262,1041921579.0000,3,4.620700,-9.120521
2020-07-24,sh.601212,2.7900,3.4300,2.7900,3.1700,912898366,2933148595.3700,3,12.328500,13.620072
2020-07-31,sh.601212,3.2200,3.8400,3.1900,3.4900,1545823410,5440900132.4000,3,20.876100,10.094637
2020-08-07,sh.601212,3.4200,3.8400,3.3400,3.5400,1081063340,3858890121.2500,3,14.599600,1.432665
2020-08-14,sh.601212,3.4100,3.4600,3.0100,3.1400,531800085,1725035481.5400,3,7.181700,-11.299435
2020-08-21,sh.601212,3.1200,3.3300,3.0700,3.1000,431515546,1383194932.0000,3,5.827500,-1.273885
2020-08-28,sh.601212,3.1000,3.1200,2.9700,3.0600,235030758,715783412.9000,3,3.174000,-1.290323
2020-09-04,sh.601212,3.0500,3.1100,2.8900,2.9300,250650051,757634548.5700,3,3.385000,-4.248366
2020-09-11,sh.601212,2.9300,2.9900,2.7700,2.8600,234529883,679327551.8000,3,3.167300,-2.389078
2020-09-18,sh.601212,2.8600,2.9000,2.8000,2.8700,138278555,394103029.0700,3,1.867400,0.349650
2020-09-25,sh.601212,2.8800,2.9100,2.6500,2.6600,139902329,387274752.3500,3,1.889300,-7.317073
2020-09-30,sh.601212,2.6600,2.6700,2.6100,2.6300,55530754,146940373.0000,3,0.750000,-1.127820
2020-10-09,sh.601212,2.6600,2.7100,2.6600,2.6900,23710312,63787756.0000,3,0.320200,2.281369
2020-10-16,sh.601212,2.7200,2.8100,2.6800,2.7000,127174758,349844193.2300,3,1.717400,0.371747
2020-10-23,sh.601212,2.7000,2.8500,2.6900,2.7000,143438516,394215081.9200,3,1.937000,0.000000
2020-10-30,sh.601212,2.7000,2.7100,2.6000,2.6000,87647981,232492932.1600,3,1.183700,-3.703704
2020-11-06,sh.601212,2.5800,2.8300,2.5800,2.7700,157363421,428714417.4400,3,2.125200,6.538462
2020-11-13,sh.601212,2.7800,2.8800,2.7300,2.8500,240033482,674765244.6100,3,3.241700,2.888087
2020-11-20,sh.601212,2.8600,3.1000,2.8500,3.0700,452674305,1342017226.6800,3,6.113300,7.719298
2020-11-27,sh.601212,3.0900,3.2400,2.8800,2.9500,518057142,1588102036.2200,3,6.996300,-3.908795
2020-12-04,sh.601212,2.9500,3.1300,2.9300,3.0100,405827187,1222803711.7600,3,5.480600,2.033898
2020-12-11,sh.601212,2.9800,3.0100,2.7500,2.7700,243840506,704747674.5500,3,3.293100,-7.973422
2020-12-18,sh.601212,2.7500,2.9400,2.6800,2.9000,273592174,767547317.2700,3,3.694800,4.693141
2020-12-25,sh.601212,2.9400,3.0400,2.8300,3.0100,382790041,1130343201.0700,3,5.169400,3.793103
2020-12-31,sh.601212,3.0200,3.0800,2.9300,2.9600,254751371,763985376.0000,3,3.440400,-1.661130
