date,code,open,high,low,close,volume,amount,adjustflag,turn,pctChg
2020-01-03,sz.000809,2.3600,2.4200,2.3200,2.3900,17283200,41004208.0000,3,2.095500,1.702128
2020-01-10,sz.000809,2.3900,2.4600,2.3800,2.4000,24057086,58129487.8400,3,2.916900,0.418410
2020-01-17,sz.000809,2.4100,2.4100,2.3000,2.3000,20849943,49207557.3300,3,2.527900,-4.166667
2020-01-23,sz.000809,2.3200,2.3200,2.1600,2.2000,18231846,41206883.7100,3,2.210500,-4.347826
2020-02-07,sz.000809,1.9800,2.0200,1.9000,2.0200,28978908,57502857.5800,3,3.513400,-8.181818
2020-02-14,sz.000809,2.0200,2.0800,2.0000,2.0300,21518780,43887009.7400,3,2.609000,0.495050
2020-02-21,sz.000809,2.0400,2.1900,2.0200,2.1500,30974317,65519390.2200,3,3.755500,5.911330
2020-02-28,sz.000809,2.1500,2.2000,2.0500,2.0500,41735740,88984401.0500,3,5.060100,-4.651163
2020-03-06,sz.000809,2.0600,2.3300,2.0600,2.3100,43494958,97363619.2300,3,5.273400,12.682927
2020-03-13,sz.000809,2.2500,2.3600,2.1200,2.2300,37637656,84737436.9600,3,4.563200,-3.463203
2020-03-20,sz.000809,2.4500,2.6000,2.0500,2.1900,104197568,240743479.5200,3,12.633200,-1.793722
2020-03-27,sz.000809,2.1500,2.2100,2.0800,2.1300,28831596,61503163.7600,3,3.495600,-2.739726
2020-04-03,sz.000809,2.1100,2.1400,2.0700,2.1100,16212531,33989336.3500,3,1.965600,-0.938967
2020-04-10,sz.000809,2.1200,2.3000,2.1200,2.2400,22014817,48284496.6800,3,2.669100,6.161137
2020-04-17,sz.000809,2.2200,2.2300,2.1300,2.1500,18610581,40443759.0000,3,2.256400,-4.017857
2020-04-24,sz.000809,2.1500,2.1600,2.0700,2.0700,19439971,40963251.4700,3,2.356800,-3.720930
2020-04-30,sz.000809,2.0700,2.0800,1.9100,2.0700,21034318,42321409.2500,3,2.550200,0.000000
2020-05-08,sz.000809,2.0500,2.1100,2.0500,2.1000,8939249,18669584.9000,3,1.083800,1.449275
2020-05-15,sz.000809,2.1100,2.4800,2.0800,2.1500,62183736,137777885.2900,3,7.539300,2.380952
2020-05-22,sz.000809,2.1400,2.1600,2.0600,2.0900,19720718,41564061.7300,3,2.391100,-2.790698
2020-05-29,sz.000809,2.0700,2.1400,2.0600,2.1400,14511402,30548747.6800,3,1.759400,2.392344
2020-06-05,sz.000809,2.1500,2.2400,2.1300,2.2100,26631670,58309947.9800,3,3.228900,3.271028
2020-06-12,sz.000809,2.2100,2.2100,2.1300,2.1700,16335367,35552820.6100,3,1.980600,-1.809955
2020-06-19,sz.000809,2.1600,2.2100,2.1500,2.2000,17095733,37431996.7000,3,2.072700,1.382488
2020-06-24,sz.000809,2.1900,2.2000,2.1300,2.1600,9894300,21440065.2500,3,1.199600,-1.818182
2020-07-03,sz.000809,2.1500,2.2500,2.1100,2.2400,20287570,44141689.6800,3,2.459700,3.703704
2020-07-10,sz.000809,2.2400,2.4100,2.2300,2.3400,47121134,109438180.2200,3,5.713000,4.464286
2020-07-17,sz.000809,2.3300,2.4300,2.2200,2.2500,38594822,90638056.2400,3,4.679400,-3.846154
2020-07-24,sz.000809,2.2800,2.4100,2.2400,2.2700,28183688,65453553.5000,3,3.417000,0.888889
2020-07-31,sz.000809,2.2800,2.3100,2.2200,2.2900,20812687,47132748.2300,3,2.523400,0.881057
2020-08-07,sz.000809,2.3000,2.3900,2.2500,2.2700,33042786,76380969.8000,3,4.006200,-0.873362
2020-08-14,sz.000809,2.2600,2.3300,2.2200,2.3300,35214146,80656757.0000,3,4.269500,2.643172
2020-08-21,sz.000809,2.3400,2.3800,2.3000,2.3600,40980695,95901969.6500,3,4.968700,1.287554
2020-08-28,sz.000809,2.3800,2.3800,2.2600,2.3400,34760074,80367448.3000,3,4.214400,-0.847458
2020-09-04,sz.000809,2.3400,2.4200,2.2800,2.4000,63547544,149193580.3600,3,7.704800,2.564103
2020-09-11,sz.000809,2.3900,2.6400,2.3700,2.4400,105216811,262009539.6000,3,12.756900,1.666667
2020-09-18,sz.000809,2.4300,2.4500,2.3200,2.3700,33308245,79035979.5300,3,4.038500,-2.868852
2020-09-25,sz.000809,2.3600,2.3600,2.2000,2.2000,24040615,54972256.5000,3,2.914900,-7.172996
2020-09-30,sz.000809,2.2200,2.2200,2.1600,2.1700,8084906,17655366.0000,3,0.980200,-1.363636
2020-10-09,sz.000809,2.1900,2.2200,2.1800,2.2100,3717400,8199650.0000,3,0.450700,1.843300
2020-10-16,sz.000809,2.2300,2.2600,2.1700,2.1900,24111894,53400912.2200,3,2.923300,-0.904977
2020-10-23,sz.000809,2.2000,2.2200,2.1200,2.1400,22324148,48286645.5200,3,2.706600,-2.283105
2020-10-30,sz.000809,2.1400,2.1500,2.0100,2.0200,19419786,40463142.0000,3,2.354600,-5.607477
2020-11-06,sz.000809,2.0200,2.0900,1.9800,2.0700,24171877,49166449.6800,3,2.930700,2.475248
2020-11-13,sz.000809,2.0800,2.1700,2.0600,2.1400,28518798,60395971.1000,3,3.457700,3.381643
2020-11-20,sz.000809,2.1500,2.2000,2.1100,2.1400,27976356,60333841.9800,3,3.391900,0.000000
2020-11-27,sz.000809,2.1400,2.6200,2.1100,2.1400,273779746,646858629.2200,3,33.193900,0.000000
2020-12-04,sz.000809,2.1300,2.1800,2.1200,2.1600,71526855,153584889.0900,3,8.672100,0.934579
2020-12-11,sz.000809,2.1500,2.1600,2.0300,2.0600,38267763,80011684.4600,3,4.639600,-4.629630
2020-12-18,sz.000809,2.0400,2.0700,1.9300,1.9900,40913447,81389480.6200,3,4.960500,-3.398058
2020-12-25,sz.000809,1.9900,2.0500,1.9300,1.9900,39703576,78506986.2400,3,4.813800,0.000000
2020-12-31,sz.000809,1.9800,2.0000,1.9400,1.9600,25383039,49958093.4800,3,3.077400,-1.507538
