date,code,open,high,low,close,volume,amount,adjustflag,turn,pctChg
2020-01-03,sz.002540,4.2300,4.3200,4.2100,4.2800,18609570,79544189.5400,3,2.079400,1.182033
2020-01-10,sz.002540,4.2800,5.1600,4.2700,4.7900,144606491,701684154.5800,3,16.158200,11.915888
2020-01-17,sz.002540,4.7700,5.0300,4.6600,4.6800,50664699,245407954.4800,3,5.661300,-2.296451
2020-01-23,sz.002540,4.6700,4.7200,4.4500,4.5400,20491941,94555237.9900,3,2.289800,-2.991453
2020-02-07,sz.002540,4.0900,4.3400,3.7400,4.1500,39434291,163144104.0000,3,4.406400,-8.590308
2020-02-14,sz.002540,4.1300,5.1500,4.1100,4.9500,144281322,695567628.6900,3,16.121900,19.277108
2020-02-21,sz.002540,4.8700,5.3200,4.7800,5.0400,144580378,725307043.1100,3,16.155400,1.818182
2020-02-28,sz.002540,4.9500,5.9600,4.7400,5.3600,176899900,947030902.5300,3,19.766800,6.349206
2020-03-06,sz.002540,5.2400,5.7800,5.1000,5.4100,181117239,976496856.3700,3,20.238000,0.932836
2020-03-13,sz.002540,5.2000,5.3300,4.4000,4.7100,78593958,390973952.5500,3,8.782100,-12.939002
2020-03-20,sz.002540,4.7900,4.8200,4.3100,4.5200,48394295,219907938.2500,3,5.407600,-4.033970
2020-03-27,sz.002540,4.3900,4.6500,4.2500,4.4400,42602251,190660555.7200,3,4.760400,-1.769912
2020-04-03,sz.002540,4.4300,4.4800,4.2400,4.4000,31189618,135484550.1300,3,3.485200,-0.900901
2020-04-10,sz.002540,4.4500,4.6000,4.3700,4.3800,25078862,112773956.9300,3,2.802300,-0.454545
2020-04-17,sz.002540,4.3400,4.5600,4.2600,4.4300,28823076,128031560.4400,3,3.220700,1.141553
2020-04-24,sz.002540,4.4500,4.5200,4.2500,4.3100,26391600,115693032.3500,3,2.949000,-2.708804
2020-04-30,sz.002540,4.3000,4.3500,4.1000,4.2500,15833154,66583600.5200,3,1.769100,-1.392111
2020-05-08,sz.002540,4.2200,4.3800,4.1900,4.3400,12421352,53678666.5200,3,1.387800,2.117647
2020-05-15,sz.002540,4.3500,4.4600,4.3100,4.3700,18388529,80517061.3500,3,2.054600,0.691244
2020-05-22,sz.002540,4.3600,4.4400,4.2100,4.2300,18371088,79918029.4900,3,2.052600,-3.203661
2020-05-29,sz.002540,4.2300,4.3400,4.2000,4.2700,14459977,61569546.1400,3,1.615700,0.945626
2020-06-05,sz.002540,4.2700,4.4600,4.2300,4.3700,28405690,124580596.9800,3,3.173800,2.341920
2020-06-12,sz.002540,4.3800,4.4800,4.2400,4.3000,22302388,97282558.1000,3,2.491800,-1.601831
2020-06-19,sz.002540,4.2900,4.4300,4.2800,4.3900,20227561,88505637.4200,3,2.260000,2.093023
2020-06-24,sz.002540,4.3900,4.4400,4.3400,4.3500,9601606,42022324.1100,3,1.072700,-0.911162
2020-07-03,sz.002540,4.3200,4.5700,4.2700,4.5600,29257748,128999137.4200,3,3.269000,4.827586
2020-07-10,sz.002540,4.5700,4.9500,4.5700,4.7900,73492784,353919598.1700,3,8.211500,5.043860
2020-07-17,sz.002540,4.7800,5.0500,4.5500,4.7500,53030598,256230113.8000,3,5.925300,-0.835073
2020-07-24,sz.002540,4.7800,5.2500,4.7600,5.0200,85114801,433583343.6600,3,9.510000,5.684211
2020-07-31,sz.002540,5.0000,5.2500,4.9000,5.2200,61931305,314990378.6800,3,6.919700,3.984064
2020-08-07,sz.002540,5.1800,5.7600,5.0300,5.5400,98331286,524611237.5100,3,10.986800,6.130268
2020-08-14,sz.002540,5.5300,5.9600,5.1600,5.3100,102154077,567697677.1600,3,11.413800,-4.151625
2020-08-21,sz.002540,5.3000,5.4700,5.0800,5.1100,45069872,238440344.6000,3,5.035600,-3.766478
2020-08-28,sz.002540,5.1200,5.1900,5.0300,5.1800,26854736,137278292.5000,3,3.000000,1.369863
2020-09-04,sz.002540,5.2000,5.2700,5.0300,5.1400,26271360,136019650.6000,3,2.934800,-0.772201
2020-09-11,sz.002540,5.1500,5.2700,4.9700,5.0600,26405942,136054163.7900,3,2.949700,-1.556420
2020-09-18,sz.002540,5.0800,5.1400,4.8000,4.9500,22601796,111774319.4100,3,2.524800,-2.173913
2020-09-25,sz.002540,4.9400,5.0200,4.7500,4.7800,16421908,79616038.0000,3,1.834500,-3.434343
2020-09-30,sz.002540,4.8000,4.8600,4.7300,4.7700,7763223,37107139.0000,3,0.867200,-0.209205
2020-10-09,sz.002540,4.8100,4.8900,4.8100,4.8700,3390353,16492209.0000,3,0.378700,2.096436
2020-10-16,sz.002540,4.9000,5.1700,4.8700,4.9000,27445968,136964782.0800,3,3.066000,0.616016
2020-10-23,sz.002540,4.9000,5.0200,4.8200,4.8300,15021917,74227466.4200,3,1.678000,-1.428571
2020-10-30,sz.002540,4.8300,4.9600,4.7200,4.8400,15735738,76191533.1200,3,1.757800,0.207039
2020-11-06,sz.002540,4.8500,5.0400,4.7800,4.9200,26444409,130284365.3300,3,2.954000,5.020276
2020-11-13,sz.002540,4.9300,5.1400,4.9000,5.0600,34937090,176092437.5500,3,3.902800,2.845528
2020-11-20,sz.002540,5.0700,5.3300,5.0400,5.2300,45330329,234268485.3600,3,5.063800,3.359684
2020-11-27,sz.002540,5.2000,5.4700,5.1400,5.2100,53288506,283367733.5900,3,5.952800,-0.382409
2020-12-04,sz.002540,5.2200,5.3400,5.0900,5.2300,34239186,178934895.9300,3,3.824800,0.383877
2020-12-11,sz.002540,5.2300,5.2800,4.9100,4.9500,27038125,138066831.2000,3,3.020300,-5.353728
2020-12-18,sz.002540,4.9900,5.1600,4.8500,5.0900,21003317,105059782.9400,3,2.346300,2.828283
2020-12-25,sz.002540,5.0600,5.1500,4.8300,5.0200,26990417,134960067.4200,3,3.015600,-1.375246
2020-12-31,sz.002540,4.9900,5.3200,4.9300,5.2000,39244510,203157345.0000,3,4.384900,3.585657
