date,code,open,high,low,close,volume,amount,adjustflag,turn,pctChg
2020-01-03,sz.002864,26.3000,28.8500,26.0700,27.5000,5754608,157223700.1800,3,12.807300,3.539157
2020-01-10,sz.002864,27.2500,28.4000,27.2100,28.0400,5932023,164340056.0500,3,13.202200,1.963636
2020-01-17,sz.002864,27.8700,28.3700,27.4000,27.6400,4542318,126548822.8600,3,10.109200,-1.426534
2020-01-23,sz.002864,27.9700,30.7000,27.5000,27.7200,9739201,280837980.5000,3,21.675300,0.289436
2020-02-07,sz.002864,27.0200,30.1500,24.9500,29.9000,18063151,511192435.9600,3,40.201000,7.864358
2020-02-14,sz.002864,32.8900,32.8900,27.2200,27.4300,15938412,475844601.4900,3,35.472100,-8.260870
2020-02-21,sz.002864,27.4400,29.2700,27.4100,28.0600,8748443,247344919.5300,3,19.470400,2.296755
2020-02-28,sz.002864,28.3100,28.9000,26.5100,26.6000,7623954,213450052.2300,3,16.967600,-5.203136
2020-03-06,sz.002864,26.8800,28.2500,26.5100,27.8100,5215396,143045964.1700,3,11.607200,4.548872
2020-03-13,sz.002864,27.4800,28.8000,24.7000,25.8200,7808129,212840502.6000,3,17.377400,-7.155699
2020-03-20,sz.002864,26.1800,27.6000,25.3000,26.2300,5593400,146878173.9400,3,12.448500,1.587916
2020-03-27,sz.002864,25.9700,27.5500,25.5500,26.6600,5195701,138727166.5700,3,11.563500,1.639344
2020-04-03,sz.002864,26.8100,26.8100,25.4000,25.9300,3049102,79435566.6000,3,6.785900,-2.738185
2020-04-10,sz.002864,26.1300,32.3200,26.1300,31.8300,17354629,521162501.4600,3,38.624000,22.753567
2020-04-17,sz.002864,30.7900,33.2500,29.0400,29.6300,26360171,807346668.6000,3,58.666500,-6.911719
2020-04-24,sz.002864,29.6300,31.8000,28.4500,29.0000,14229625,418048678.0500,3,31.669000,-2.126223
2020-04-30,sz.002864,29.4300,29.4300,25.5200,26.2900,9964239,268003358.0700,3,22.176200,-9.344828
2020-05-08,sz.002864,25.9000,26.8500,25.8000,26.7200,4356205,115492278.6500,3,9.695000,1.635603
2020-05-15,sz.002864,26.7400,26.9400,26.1100,26.2100,6227009,165029880.3400,3,13.858700,-1.908683
2020-05-22,sz.002864,26.1400,28.6700,25.8800,28.6700,10267323,280633593.3000,3,22.850700,9.385731
2020-05-29,sz.002864,30.0000,30.6800,26.4300,26.9900,19363675,546649659.4300,3,43.095300,-5.859784
2020-06-05,sz.002864,27.0600,30.0600,27.0000,27.5100,17301233,489532603.9400,3,38.505200,1.926639
2020-06-12,sz.002864,27.6600,30.0600,27.1700,28.8300,15383530,437024122.6800,3,34.237200,5.353134
2020-06-19,sz.002864,29.1200,30.6900,28.1500,28.5100,20311288,592736548.7100,3,45.204300,-1.109955
2020-06-24,sz.002864,28.6000,30.5000,28.0700,29.4200,14377195,423656359.0200,3,31.997500,3.191863
2020-07-03,sz.002864,29.4100,29.9800,28.8000,29.4300,12359199,362980773.8800,3,27.506300,0.033990
2020-07-10,sz.002864,29.4600,31.6500,29.4600,31.3000,24018100,732322919.5400,3,53.454000,6.354060
2020-07-17,sz.002864,31.4400,32.6800,28.6800,29.0800,20295570,630138847.6600,3,45.169200,-7.092652
2020-07-24,sz.002864,29.4000,30.0400,28.1500,28.2700,14120764,415574224.9000,3,31.426800,-2.785420
2020-07-31,sz.002864,28.3500,31.1300,28.0500,30.6800,16548054,491485633.8000,3,36.829000,8.524938
2020-08-07,sz.002864,31.6000,32.3200,30.2600,31.4200,19313750,602438700.7500,3,42.984300,2.411995
2020-08-14,sz.002864,31.4100,31.4100,28.6800,29.2400,12403253,369867170.2000,3,27.604400,-6.938256
2020-08-21,sz.002864,29.2700,29.6500,28.5500,28.9900,7278148,212408924.8600,3,16.198000,-0.854993
2020-08-28,sz.002864,29.1200,29.3600,28.2800,28.7600,6913678,198184421.0800,3,15.020000,-0.793377
2020-09-04,sz.002864,28.7800,29.3300,28.0600,28.6400,7264416,208914044.6400,3,15.782100,-0.417246
2020-09-11,sz.002864,28.5900,28.8900,25.9700,26.6900,7335569,201464539.2000,3,15.936700,-6.808659
2020-09-18,sz.002864,26.7200,27.2000,26.4200,27.1200,3420160,91695017.9000,3,7.430300,1.611090
2020-09-25,sz.002864,27.2000,27.3600,26.2000,26.3800,2985500,80106435.0000,3,6.486000,-2.728614
2020-09-30,sz.002864,26.4100,26.4300,25.3400,25.5500,1990587,51251894.0000,3,4.324500,-3.146323
2020-10-09,sz.002864,25.6600,26.2500,25.6600,26.1700,637442,16632754.0000,3,1.384900,2.426614
2020-10-16,sz.002864,26.1800,27.1800,25.9500,26.8000,3827693,101282131.0400,3,8.315800,2.407337
2020-10-23,sz.002864,26.9000,26.9400,26.1200,26.3300,3091732,81940627.4400,3,6.716800,-1.753731
2020-10-30,sz.002864,26.2800,28.3800,25.7000,27.6000,12007687,329693202.0700,3,26.086900,4.823395
2020-11-06,sz.002864,27.3600,28.3200,27.0100,27.9800,7143415,197611092.0500,3,15.519300,1.376812
2020-11-13,sz.002864,28.0300,28.7500,27.0300,28.4200,8499463,237825264.0000,3,18.465300,1.572552
2020-11-20,sz.002864,28.7400,29.1700,27.7200,27.8700,7030715,198975890.0000,3,12.708700,-1.935257
2020-11-27,sz.002864,27.8500,27.9100,26.3500,26.6800,5913958,160746135.3000,3,10.690000,-4.269824
2020-12-04,sz.002864,26.5900,27.3300,26.5100,27.1300,4181972,112460523.9700,3,7.559300,1.686657
2020-12-11,sz.002864,27.2300,27.3800,25.7000,26.0000,3998958,105722922.0000,3,7.228400,-4.165131
2020-12-18,sz.002864,25.9200,26.4700,25.3900,25.7700,3166900,82074243.0000,3,5.724500,-0.884615
2020-12-25,sz.002864,25.7700,26.5000,25.0000,25.1800,3945360,101387798.0000,3,7.131600,-2.289484
2020-12-31,sz.002864,25.4400,25.4400,24.3200,25.1200,3253700,80585256.0000,3,5.881300,-0.238284
