date,code,open,high,low,close,volume,amount,adjustflag,turn,pctChg
2020-01-03,sz.002343,11.2200,13.3100,11.0000,12.2600,149485254,1815421120.1000,3,37.149300,5.236052
2020-01-10,sz.002343,11.8400,14.8400,11.6900,13.9400,175458946,2449719812.2400,3,43.604200,13.703100
2020-01-17,sz.002343,13.7700,14.3800,12.3500,12.6200,102412398,1357102552.3700,3,25.451000,-9.469154
2020-01-23,sz.002343,12.4000,12.6200,10.8000,10.9400,77183974,913674764.7600,3,19.181300,-13.312203
2020-02-07,sz.002343,9.8500,11.5000,9.7000,11.1500,114706899,1205835508.5400,3,28.506400,1.919561
2020-02-14,sz.002343,11.1300,11.5100,10.8300,11.1000,67674108,758953987.4000,3,16.818000,-0.448430
2020-02-21,sz.002343,11.1200,12.2500,11.0600,11.5500,87280910,1018676424.4400,3,21.690700,4.054054
2020-02-28,sz.002343,11.4300,11.6300,9.8800,9.9500,88281729,942415668.9900,3,21.939300,-13.852814
2020-03-06,sz.002343,9.9800,10.6400,9.9800,10.5000,50961715,527717311.0300,3,12.664800,5.527638
2020-03-13,sz.002343,10.2500,11.2100,9.3200,9.6900,67824990,697020513.6800,3,16.855400,-7.714286
2020-03-20,sz.002343,9.7600,9.8300,8.3600,8.9000,47636190,424789506.6400,3,11.838200,-8.152735
2020-03-27,sz.002343,8.6800,9.2600,8.3100,9.0000,43924061,386811757.9800,3,10.915800,1.123596
2020-04-03,sz.002343,8.7200,8.7500,7.8300,8.2600,57916889,474443484.5900,3,14.393200,-8.222222
2020-04-10,sz.002343,8.3200,9.0500,8.3200,8.5500,53118471,459514164.1300,3,13.200700,3.510896
2020-04-17,sz.002343,8.4600,8.8200,8.1700,8.5000,41923786,355074003.7900,3,10.418700,-0.584795
2020-04-24,sz.002343,8.5000,8.6800,7.8500,7.9200,40053737,333058658.8800,3,9.954000,-6.823529
2020-04-30,sz.002343,7.9500,8.1500,7.3000,8.1200,35297507,274864435.9900,3,7.468400,2.525253
2020-05-08,sz.002343,8.0000,8.4000,7.9400,8.3700,40838202,333292026.7300,3,8.640700,3.078818
2020-05-15,sz.002343,8.5800,8.6100,8.0900,8.3100,44376057,370476549.4200,3,9.389300,-0.716846
2020-05-22,sz.002343,8.3200,8.8400,7.7900,7.8500,62516662,521297736.0400,3,13.227600,-5.535499
2020-05-29,sz.002343,7.8600,8.1100,7.7000,7.9400,33767843,267322537.8400,3,7.144700,1.146497
2020-06-05,sz.002343,8.0700,8.9800,8.0200,8.7800,68167834,587550062.6800,3,14.423200,10.579345
2020-06-12,sz.002343,8.8000,9.6000,8.5400,9.0500,86124314,778891646.9100,3,18.222700,3.075171
2020-06-19,sz.002343,8.9800,10.9400,8.9100,9.4900,140005703,1369298687.5900,3,29.623000,4.861878
2020-06-24,sz.002343,9.4700,9.5800,9.0700,9.0800,44117921,410042813.4900,3,9.334600,-4.320337
2020-07-03,sz.002343,9.0700,9.3800,8.6300,9.2700,85822059,763774499.9000,3,18.158600,2.092511
2020-07-10,sz.002343,9.4100,10.4600,9.3000,10.1400,139171817,1368631284.5100,3,29.446500,9.385113
2020-07-17,sz.002343,10.2000,10.9500,8.9300,9.0000,133378801,1341242035.5500,3,28.220900,-11.242604
2020-07-24,sz.002343,9.0800,9.3200,8.3900,8.4300,84959050,767028381.0300,3,17.976000,-6.333333
2020-07-31,sz.002343,8.4200,8.5900,8.1800,8.3200,65691457,548655491.1000,3,13.899300,-1.304864
2020-08-07,sz.002343,8.4000,9.1000,8.2000,8.3000,88120934,756196298.3300,3,18.645000,-0.240385
2020-08-14,sz.002343,8.3100,8.8900,8.2700,8.7200,81023059,692870404.2800,3,17.143100,5.060241
2020-08-21,sz.002343,8.7400,9.4700,8.6700,9.2400,85330547,772488330.2900,3,18.054600,5.963303
2020-08-28,sz.002343,9.2900,9.3200,8.8300,9.1200,55785545,506255575.0000,3,11.803500,-1.298701
2020-09-04,sz.002343,9.1400,9.4000,8.9700,9.3800,51466889,474656497.4700,3,10.918300,2.850877
2020-09-11,sz.002343,9.4200,10.0200,8.8300,9.0400,86628841,824868504.1600,3,18.377700,-3.624733
2020-09-18,sz.002343,9.0300,9.2600,8.8700,9.1600,42842258,387281562.0300,3,9.088600,1.327434
2020-09-25,sz.002343,9.2500,9.4100,8.4300,8.6000,37773134,337744115.5500,3,8.013400,-6.113537
2020-09-30,sz.002343,8.6100,8.6300,8.2500,8.3300,15266525,128753993.0000,3,3.238600,-3.139535
2020-10-09,sz.002343,8.4200,8.5500,8.3900,8.5100,4649621,39513923.0000,3,0.986400,2.160864
2020-10-16,sz.002343,8.5900,8.6500,7.4400,7.4500,67271171,538752092.2100,3,14.271100,-12.455934
2020-10-23,sz.002343,7.4800,7.6200,7.2500,7.2900,38685568,287831782.0400,3,8.206800,-2.147651
2020-10-30,sz.002343,7.3000,7.3000,6.7900,6.8400,31949856,225463731.7400,3,6.777900,-6.172840
2020-11-06,sz.002343,6.8300,7.1000,6.6600,6.9600,30951046,213381929.9100,3,6.566100,1.754386
2020-11-13,sz.002343,6.9900,7.3700,6.8600,6.9500,28493974,201127862.0900,3,6.044900,-0.143678
2020-11-20,sz.002343,6.9800,7.0700,6.9200,7.0000,19135604,133728764.0000,3,4.059500,0.719424
2020-11-27,sz.002343,7.0400,7.4500,6.9300,7.3200,33907571,243326031.1900,3,7.193300,4.571429
2020-12-04,sz.002343,7.3200,7.5500,7.2300,7.3200,21642080,159700962.6000,3,4.591200,0.000000
2020-12-11,sz.002343,7.3500,7.3600,6.7300,6.7900,19669748,138574825.5100,3,4.172800,-7.240437
2020-12-18,sz.002343,6.7900,7.1400,6.6300,6.7600,20055733,137520286.3500,3,4.236200,-0.441826
2020-12-25,sz.002343,6.7800,6.8200,6.0500,6.0700,31038242,198093497.3800,3,6.552500,-10.207101
2020-12-31,sz.002343,6.0900,6.5200,5.8900,6.4400,24800735,152808894.0000,3,5.235600,6.095552
