date,code,open,high,low,close,volume,amount,adjustflag,turn,pctChg
2020-09-25,sz.003002,9.8600,15.7500,9.8600,15.0100,24796198,370647616.0000,3,49.592400,82.603406
2020-09-30,sz.003002,14.0000,14.2900,12.9000,13.0100,35872462,487022512.0000,3,71.745000,-13.324450
2020-10-09,sz.003002,13.1200,13.6300,13.0300,13.5500,9416379,125685054.0000,3,18.832800,4.150653
2020-10-16,sz.003002,13.4700,14.6500,13.3500,13.3900,42152024,584366915.4800,3,84.304100,-1.180812
2020-10-23,sz.003002,13.4300,15.7400,13.1600,14.9200,62388032,916456497.3100,3,124.776100,11.426438
2020-10-30,sz.003002,14.8100,15.3200,13.4600,13.5000,38964139,556012986.2300,3,77.928300,-9.517426
2020-11-06,sz.003002,13.6500,17.3100,13.3900,16.3600,61764185,960860561.4500,3,123.528400,21.185185
2020-11-13,sz.003002,16.3600,18.2900,15.8500,18.2900,77391899,1318023082.0500,3,154.783900,11.797066
2020-11-20,sz.003002,18.3600,19.4100,16.3800,16.7900,61392364,1088591692.0200,3,122.784600,-8.201203
2020-11-27,sz.003002,16.7200,19.4900,16.5300,17.6900,57437978,1042451832.8900,3,114.876000,5.360334
2020-12-04,sz.003002,17.7800,19.4000,16.7500,17.2500,36718424,658598347.5200,3,73.436800,-2.487281
2020-12-11,sz.003002,17.3000,18.1000,15.5200,15.8000,26400554,449861841.1100,3,52.801100,-8.405797
2020-12-18,sz.003002,15.6100,16.2000,14.5000,14.9000,20344624,310806780.6700,3,40.689200,-5.696203
2020-12-25,sz.003002,14.8700,15.5600,14.0200,15.2800,22327159,329601602.3600,3,44.654300,2.550336
2020-12-31,sz.003002,15.2800,15.5800,14.2700,15.2200,17478608,263098632.0000,3,34.957200,-0.392670
