date,code,open,high,low,close,volume,amount,adjustflag,turn,pctChg
2020-01-03,sz.000923,14.9600,15.2600,14.5400,15.1800,13361251,199936774.8900,3,6.748100,2.291105
2020-01-10,sz.000923,15.1700,15.4400,14.9700,15.1600,12902792,195964884.0900,3,6.516600,-0.131752
2020-01-17,sz.000923,15.1600,15.6400,15.0500,15.0800,12602465,193006054.7800,3,6.364900,-0.527704
2020-01-23,sz.000923,15.0900,15.3800,13.9900,14.1300,10550975,155355168.8600,3,5.328800,-6.299735
2020-02-07,sz.000923,12.7200,12.7200,11.4500,12.4600,13159960,160586535.4800,3,6.646300,-11.818825
2020-02-14,sz.000923,12.4400,13.5000,12.2600,13.0700,13970108,181732664.4200,3,7.055600,4.895666
2020-02-21,sz.000923,13.0600,13.4900,12.9900,13.3900,14588436,193890363.6400,3,7.367900,2.448355
2020-02-28,sz.000923,13.3100,13.3900,11.9800,12.0600,18041890,232483549.4900,3,9.112100,-9.932786
2020-03-06,sz.000923,12.1500,13.8400,12.1500,13.6000,18987600,252351307.7000,3,9.589700,12.769486
2020-03-13,sz.000923,13.3900,13.7900,12.2700,12.8700,13844294,183138503.4100,3,6.992000,-5.367647
2020-03-20,sz.000923,13.1600,13.3000,11.7700,12.2600,11216987,139509402.5900,3,5.665200,-4.739705
2020-03-27,sz.000923,11.9900,12.2500,11.7000,12.1200,7983584,95974483.9000,3,4.032100,-1.141925
2020-04-03,sz.000923,12.0100,12.3100,11.5100,11.7800,7486041,89122814.5200,3,3.780800,-2.805281
2020-04-10,sz.000923,11.9100,12.2000,11.8100,11.8700,5008090,60386131.0100,3,2.529300,0.764007
2020-04-17,sz.000923,11.8300,12.2000,11.7100,12.0100,8732654,104938675.7800,3,4.410300,1.179444
2020-04-24,sz.000923,12.0200,12.1300,11.2300,11.3300,7002042,82216271.5700,3,3.536400,-5.661948
2020-04-30,sz.000923,11.3500,11.6700,10.9200,11.3300,8781167,98864074.6300,3,4.435000,0.000000
2020-05-08,sz.000923,11.3300,11.8600,11.2700,11.7100,7487075,87138957.0100,3,3.781300,3.353928
2020-05-15,sz.000923,11.7100,12.2200,11.6500,12.0500,8894473,105768124.4100,3,4.492100,2.903501
2020-05-22,sz.000923,12.1500,12.8600,11.9800,12.4900,15856582,196325072.4200,3,8.008400,3.651452
2020-05-29,sz.000923,12.4000,13.0700,11.7100,12.4800,19888640,243911885.9600,3,10.044800,-0.080064
2020-06-05,sz.000923,12.6200,13.1800,12.5400,12.7000,19663498,251916814.5500,3,9.931100,1.762821
2020-06-12,sz.000923,13.2200,13.9700,12.3500,12.6800,38622197,515288729.8600,3,19.506300,-0.157480
2020-06-19,sz.000923,12.5700,13.4800,12.2400,12.7100,26479397,339375445.1100,3,13.373400,0.236593
2020-06-24,sz.000923,12.7700,13.0000,12.5800,12.6700,7351378,93670001.8000,3,3.712800,-0.314713
2020-07-03,sz.000923,12.6200,13.3500,12.2100,13.3300,17262369,220668841.2800,3,8.718400,5.209155
2020-07-10,sz.000923,13.3700,14.7500,13.3500,14.2000,35445447,503317461.7300,3,17.901800,6.526632
2020-07-17,sz.000923,14.7000,15.6500,14.0100,14.3800,35705250,529882049.0300,3,18.033000,1.267606
2020-07-24,sz.000923,14.3800,15.0500,13.3700,13.5100,22835368,327577494.1200,3,11.533100,-6.050070
2020-07-31,sz.000923,13.5100,14.2500,13.2500,14.0000,18546181,256972703.0000,3,9.366800,3.626943
2020-08-07,sz.000923,14.1400,15.4500,14.1100,14.8200,33122585,495837350.3500,3,16.728600,6.574819
2020-08-14,sz.000923,14.8000,15.1400,13.9000,14.1700,17303373,252003245.2200,3,4.088900,-4.385965
2020-08-21,sz.000923,14.2000,14.9400,14.0900,14.3500,15033784,217641315.9800,3,3.552600,1.270289
2020-08-28,sz.000923,14.3200,14.4900,13.7900,13.9700,11745092,164741355.5700,3,2.775300,-2.648084
2020-09-04,sz.000923,14.0400,14.1800,13.1300,13.3900,16732668,228470991.7200,3,2.665000,-4.151754
2020-09-11,sz.000923,13.3000,13.6100,12.8600,13.1100,9948242,132303288.4600,3,1.584400,-2.091113
2020-09-18,sz.000923,13.1100,13.3300,12.5000,12.9300,9874020,127594533.3800,3,1.572500,-1.372998
2020-09-25,sz.000923,12.9300,13.1800,12.1100,12.1700,9473865,119375430.4000,3,1.508900,-5.877804
2020-09-30,sz.000923,12.1600,12.2900,11.9200,12.0500,3957622,47898367.0000,3,0.630200,-0.986031
2020-10-09,sz.000923,12.2000,12.4400,12.1400,12.2500,2757770,33868595.0000,3,0.439200,1.659751
2020-10-16,sz.000923,12.2500,13.3000,12.1800,13.0800,20095078,257495174.8700,3,3.200500,6.775510
2020-10-23,sz.000923,13.1800,13.1900,12.0300,12.1700,16005476,200338124.0800,3,2.549100,-6.957187
2020-10-30,sz.000923,12.2200,13.0200,12.0800,12.6700,17470713,218923934.8300,3,2.782400,4.108463
2020-11-06,sz.000923,12.7000,14.9100,12.3300,14.6600,38943254,542517347.4600,3,6.202200,15.706393
2020-11-13,sz.000923,14.8800,20.2600,14.8500,19.0200,114621785,2042670631.4900,3,18.255000,29.740791
2020-11-20,sz.000923,20.9200,23.4500,19.0500,19.7100,145438694,3094195595.7700,3,23.162800,3.627760
2020-11-27,sz.000923,20.0300,22.9700,19.0000,20.3500,105200661,2154091467.2300,3,16.754400,3.247083
2020-12-04,sz.000923,20.5000,25.3200,19.7800,25.3200,118946526,2626937132.5100,3,18.943800,24.422604
2020-12-11,sz.000923,25.8000,28.5000,23.8500,25.9100,128138548,3330881689.4800,3,20.407700,2.330174
2020-12-18,sz.000923,25.3900,29.6500,23.9100,29.6500,92732806,2454651189.4500,3,14.768900,14.434581
2020-12-25,sz.000923,29.6500,31.0000,25.8300,27.6000,78696503,2220661838.2600,3,12.533400,-6.913997
2020-12-31,sz.000923,27.2300,27.2400,24.1000,24.8900,49740754,1281718124.0600,3,7.921900,-9.818841
