date,code,open,high,low,close,volume,amount,adjustflag,turn,pctChg
2020-01-03,sz.300360,12.3700,13.1900,12.3000,12.9900,26184905,333716693.0600,3,7.882100,4.505229
2020-01-10,sz.300360,12.9500,13.2900,12.7000,13.0000,24441790,317190463.1200,3,7.357300,0.076982
2020-01-17,sz.300360,12.9600,13.8300,12.7600,12.8200,33401040,443012935.0900,3,10.661400,-1.384615
2020-01-23,sz.300360,12.6600,12.7000,11.4600,11.6800,23515623,286592106.2000,3,7.563200,-8.892356
2020-02-07,sz.300360,10.5100,11.0700,9.4700,10.9900,23379615,243794789.5100,3,7.519500,-5.907534
2020-02-14,sz.300360,11.0000,13.0600,10.8800,12.2900,26315828,313458757.4500,3,8.463800,11.828935
2020-02-21,sz.300360,12.0000,12.9500,11.9500,12.7200,33341656,416815406.3900,3,10.723400,3.498779
2020-02-28,sz.300360,12.7200,13.2200,11.5600,11.5800,28942284,364319769.7200,3,9.308500,-8.962264
2020-03-06,sz.300360,11.7000,13.5600,11.7000,13.1200,38950914,502765821.3900,3,12.527500,13.298791
2020-03-13,sz.300360,12.8600,13.4900,11.6500,12.2200,35000317,445237651.8800,3,11.256900,-6.859756
2020-03-20,sz.300360,12.6000,12.6000,10.9300,11.5700,17918493,206292088.1700,3,5.763000,-5.319149
2020-03-27,sz.300360,11.3000,12.0600,10.9800,11.8700,14783737,171535614.9000,3,4.754700,2.592913
2020-04-03,sz.300360,11.7900,11.8600,10.9500,11.2900,12632650,142392508.1300,3,4.063000,-4.886268
2020-04-10,sz.300360,11.5200,12.0800,11.5000,11.6900,10424375,122585741.8200,3,3.352700,3.542958
2020-04-17,sz.300360,11.5100,11.7600,11.1200,11.6100,12278051,140463310.8800,3,3.949000,-0.684346
2020-04-24,sz.300360,11.6800,12.4300,11.5500,11.8700,19213000,229714922.3500,3,6.179400,2.239449
2020-04-30,sz.300360,11.8700,12.0800,11.1100,12.0000,13018538,153551773.8500,3,4.187000,1.095198
2020-05-08,sz.300360,11.8500,12.2500,11.8000,12.0300,13800904,166592498.8400,3,4.438700,0.250000
2020-05-15,sz.300360,12.0700,12.0800,11.4800,11.5000,15658862,184733404.0400,3,5.036200,-4.405653
2020-05-22,sz.300360,11.5600,11.5600,11.0800,11.0900,15414972,174487693.3000,3,5.006100,-3.565217
2020-05-29,sz.300360,11.1000,11.1700,7.9000,8.2100,14208185,122656466.5200,3,3.764000,-1.895803
2020-06-05,sz.300360,8.3200,8.6100,8.2900,8.4500,15232988,128996822.0300,3,3.835900,2.923264
2020-06-12,sz.300360,8.5100,8.5400,8.0200,8.1200,12414111,102547790.4100,3,3.126100,-3.905325
2020-06-19,sz.300360,8.1100,9.2200,8.0100,9.2200,31757213,276163773.0600,3,7.997100,13.546798
2020-06-24,sz.300360,9.5000,9.5000,9.0800,9.1400,37746274,350003067.2600,3,9.505100,-0.867679
2020-07-03,sz.300360,9.0900,9.9900,8.9300,9.6700,51132849,492218273.3400,3,12.876000,5.798687
2020-07-10,sz.300360,9.6300,11.1000,9.5900,10.5300,94732701,979692418.7700,3,23.855000,8.893485
2020-07-17,sz.300360,10.5400,11.2800,10.0100,10.1500,55361065,592693463.1500,3,13.940800,-3.608737
2020-07-24,sz.300360,10.3500,10.7800,9.7300,9.8000,39900588,414254443.0800,3,10.047600,-3.448276
2020-07-31,sz.300360,9.8000,10.4600,9.6700,10.2900,25244227,256157623.9900,3,6.357000,5.000000
2020-08-07,sz.300360,10.3600,10.6700,9.7700,9.9200,32611673,335292489.2700,3,8.212100,-3.595724
2020-08-14,sz.300360,9.8500,10.1300,9.5100,10.0100,21405009,210741191.7500,3,5.390100,0.907258
2020-08-21,sz.300360,10.0100,10.2300,9.7300,9.7800,19781141,197934258.4300,3,4.981300,-2.297702
2020-08-28,sz.300360,9.8800,10.9400,9.7600,10.6700,69423408,730031551.1900,3,17.481900,9.100204
2020-09-04,sz.300360,10.3800,10.6500,9.9100,10.3600,62921376,647068609.9100,3,15.844600,-2.905342
2020-09-11,sz.300360,10.5200,11.9300,10.0100,10.7200,127171530,1401569337.2200,3,32.023700,3.474903
2020-09-18,sz.300360,10.8900,11.5000,10.5000,10.7800,84460073,933094660.1700,3,21.268400,0.559701
2020-09-25,sz.300360,10.7300,10.8500,9.5900,9.7100,37769493,387827006.0000,3,9.511000,-9.925788
2020-09-30,sz.300360,9.6900,9.8200,9.5300,9.6100,10220643,98955211.0000,3,2.573700,-1.029866
2020-10-09,sz.300360,9.7400,10.0500,9.7000,9.9800,5759670,57179628.0000,3,1.450400,3.850156
2020-10-16,sz.300360,10.0700,11.1600,10.0300,10.7700,53711824,568691743.2600,3,13.525400,7.915832
2020-10-23,sz.300360,10.7800,11.1500,10.3600,10.8000,78393982,852880223.4000,3,19.740800,0.278552
2020-10-30,sz.300360,10.7500,11.8800,10.7100,11.1500,123151223,1405378152.2900,3,31.011300,3.240741
2020-11-06,sz.300360,11.3500,12.0600,10.8000,10.9400,129677392,1499320337.7000,3,32.654800,-1.883408
2020-11-13,sz.300360,10.9500,11.1000,10.1600,10.5800,54120778,574565540.5100,3,13.628500,-3.290676
2020-11-20,sz.300360,10.4700,10.6100,10.2000,10.3200,28754113,298334886.7500,3,7.240800,-2.457467
2020-11-27,sz.300360,10.3200,10.5600,9.8100,9.9100,32876993,336530555.9500,3,8.279000,-3.972868
2020-12-04,sz.300360,9.9100,10.1100,9.7900,10.0100,18129122,181013000.9900,3,4.565200,1.009082
2020-12-11,sz.300360,9.9900,10.3300,9.4000,9.6400,28161063,280603342.1900,3,7.091500,-3.696304
2020-12-18,sz.300360,9.6400,9.7200,8.8700,9.0500,19886992,184344997.5700,3,5.007900,-6.120332
2020-12-25,sz.300360,9.0600,9.5900,9.0200,9.1000,21550233,199181531.3700,3,5.426700,0.552486
2020-12-31,sz.300360,9.0800,9.1000,8.7300,8.9100,13058085,115731610.0000,3,3.005600,-2.087912
