date,code,open,high,low,close,volume,amount,adjustflag,turn,pctChg
2020-01-03,sz.300302,12.2900,12.7600,11.6900,12.6400,60886133,752508903.6000,3,24.686900,3.606557
2020-01-10,sz.300302,12.7900,16.1300,12.2800,14.4700,122536688,1706784909.8200,3,49.683900,14.477848
2020-01-17,sz.300302,14.2600,15.6600,14.1000,14.7200,93164366,1393644364.2400,3,37.774600,1.727713
2020-01-23,sz.300302,14.8000,15.2500,13.7100,14.0000,59288159,858945425.3100,3,24.039000,-4.891304
2020-02-07,sz.300302,12.6000,13.1000,11.3400,12.9500,84829988,1030418066.4800,3,34.395200,-7.500000
2020-02-14,sz.300302,13.2000,13.9400,12.3600,13.6100,85085116,1126367045.8100,3,34.498700,5.096525
2020-02-21,sz.300302,13.6600,15.6400,13.4300,15.4700,120045556,1758634993.2800,3,48.673900,13.666422
2020-02-28,sz.300302,15.6600,16.1100,13.2000,13.2000,117084933,1746967089.5900,3,47.473300,-14.673562
2020-03-06,sz.300302,13.3300,14.1800,12.9900,13.0500,75713549,1021195526.6800,3,30.698800,-1.136364
2020-03-13,sz.300302,12.7000,13.2000,11.8600,12.7900,67522124,849598194.5100,3,27.377600,-1.992337
2020-03-20,sz.300302,12.9000,13.4500,11.8200,12.5000,70472582,889422644.1900,3,28.573800,-2.267396
2020-03-27,sz.300302,12.2500,12.4000,11.3400,11.4000,46049167,550840254.2000,3,18.671200,-8.800000
2020-04-03,sz.300302,11.1900,11.2000,10.3500,10.6300,32802336,349027679.6400,3,13.300100,-6.754386
2020-04-10,sz.300302,10.8000,11.4700,10.7500,10.8300,26361185,290840425.8500,3,10.707000,1.881468
2020-04-17,sz.300302,10.7200,11.3200,10.4800,10.9100,25209326,275809814.7100,3,10.028400,0.738689
2020-04-24,sz.300302,10.9600,12.4200,10.8600,11.9000,64855669,768535310.7500,3,25.799800,9.074244
2020-04-30,sz.300302,12.1200,12.1200,10.7800,11.7300,33891564,386734868.7000,3,13.482200,-1.428571
2020-05-08,sz.300302,11.6600,13.1500,11.5600,12.8600,43038251,539969684.5700,3,17.120700,9.633419
2020-05-15,sz.300302,12.8600,13.3800,12.3200,12.5200,46035881,589900774.4200,3,18.313100,-2.643857
2020-05-22,sz.300302,12.6000,13.2400,11.0800,11.2000,48446965,590937481.2900,3,19.227600,-10.543131
2020-05-29,sz.300302,11.2700,11.5900,10.9700,11.0600,19550183,220318559.1700,3,7.615900,-1.250000
2020-06-05,sz.300302,11.3200,11.7300,11.0500,11.2300,29915255,341468421.6700,3,11.653600,1.624452
2020-06-12,sz.300302,11.2900,11.5000,11.0000,11.2600,24422021,274478715.0100,3,9.513800,0.267142
2020-06-19,sz.300302,11.2500,11.9800,11.2300,11.6000,34202281,398439439.6200,3,13.323700,3.019538
2020-06-24,sz.300302,11.6500,12.5800,11.5900,12.3200,29651416,358120709.7800,3,11.551000,6.206897
2020-07-03,sz.300302,12.2500,13.1300,12.0000,12.7300,56594814,719452877.1600,3,22.046900,3.327922
2020-07-10,sz.300302,12.6500,15.1000,12.6300,14.6700,83646973,1174171611.5200,3,32.585300,15.239592
2020-07-17,sz.300302,14.6700,17.1500,13.4900,13.8000,147014367,2253068774.8100,3,57.270400,-5.930470
2020-07-24,sz.300302,14.1600,14.4500,13.3600,13.4100,74001662,1035648220.5100,3,28.827900,-2.826087
2020-07-31,sz.300302,13.2000,14.2400,12.8600,14.0200,48732005,661593693.9700,3,18.984000,4.548844
2020-08-07,sz.300302,14.2000,16.0800,14.0500,15.4100,73077007,1090504469.8300,3,28.467600,9.914408
2020-08-14,sz.300302,15.4500,15.8000,14.1200,15.5500,59390332,890803072.3700,3,23.136000,0.908501
2020-08-21,sz.300302,16.0000,17.0800,15.1000,15.3900,77217916,1254112416.6400,3,30.080800,-1.028939
2020-08-28,sz.300302,15.3900,16.7700,14.9000,15.9000,64271651,1013840960.4500,3,25.036100,3.313840
2020-09-04,sz.300302,15.8500,17.9600,14.8000,17.7600,104893355,1721555111.4200,3,40.859900,11.698113
2020-09-11,sz.300302,17.7000,19.1100,14.9400,15.6000,117841439,2016605411.3100,3,45.903700,-12.162162
2020-09-18,sz.300302,15.6000,17.1700,15.4200,16.9100,63653284,1030420302.0200,3,24.795200,8.397436
2020-09-25,sz.300302,16.8600,17.2600,15.8200,15.9500,49579789,823777268.1500,3,19.313300,-5.677114
2020-09-30,sz.300302,15.9900,16.1200,14.9700,15.0000,21132789,326995102.0000,3,8.232000,-5.956113
2020-10-09,sz.300302,15.2500,17.0400,15.2500,16.8500,18404267,300782896.0000,3,7.169200,12.333333
2020-10-16,sz.300302,17.0100,17.9200,16.7200,17.2100,65188824,1133916783.4100,3,25.393400,2.136499
2020-10-23,sz.300302,16.8500,17.3600,15.8300,15.9300,56673352,949751914.7600,3,22.076500,-7.437536
2020-10-30,sz.300302,15.9300,16.0500,12.9000,12.9000,60351017,874853373.4500,3,23.509000,-19.020716
2020-11-06,sz.300302,13.0700,13.2700,12.1000,12.2800,59253738,745365250.9800,3,23.081500,-4.806202
2020-11-13,sz.300302,12.3300,13.3400,12.2500,13.2200,50772656,652438156.3900,3,15.525500,7.654723
2020-11-20,sz.300302,13.3200,13.4800,12.5000,12.6800,37481202,483821200.3400,3,10.937800,-4.084720
2020-11-27,sz.300302,12.6600,12.8800,11.8500,12.2400,28456862,351409363.7700,3,8.304300,-3.470032
2020-12-04,sz.300302,12.1700,12.8300,11.9500,12.5400,32131677,398800742.8900,3,9.376700,2.450980
2020-12-11,sz.300302,12.5600,12.8400,11.3400,11.7500,31777527,388619977.8700,3,9.273300,-6.299841
2020-12-18,sz.300302,11.7200,12.3200,11.2600,11.6300,27251894,318310366.1700,3,7.952600,-1.021277
2020-12-25,sz.300302,11.6000,12.4400,11.0100,11.0900,32246667,375327193.3400,3,9.410200,-4.643164
2020-12-31,sz.300302,11.0900,11.3600,10.5800,11.2800,24310163,268419433.0000,3,7.094100,1.713255
