date,code,open,high,low,close,volume,amount,adjustflag,turn,pctChg
2020-01-03,sz.300802,52.5000,52.9400,49.5000,51.7400,13782888,704929514.1300,3,55.131600,-4.309229
2020-01-10,sz.300802,50.3500,52.2400,50.1500,51.6500,13609628,699677109.4100,3,54.438500,-0.173947
2020-01-17,sz.300802,51.3500,54.2000,50.8100,50.9400,13935483,729921553.8000,3,55.741900,-1.374637
2020-01-23,sz.300802,50.2000,51.4500,47.8000,48.3000,7748145,388686500.7700,3,30.992600,-5.182568
2020-02-07,sz.300802,43.4700,45.4900,39.1200,44.5200,9834900,417250897.2500,3,39.339600,-7.826087
2020-02-14,sz.300802,44.5000,51.5000,43.9700,51.0700,13749124,660075397.7200,3,54.996400,14.712489
2020-02-21,sz.300802,52.0000,55.5400,50.6600,52.4200,21454329,1138492533.9400,3,85.817400,2.643431
2020-02-28,sz.300802,52.3000,57.5000,46.8000,46.8000,19476956,1019006587.2500,3,77.907800,-10.721099
2020-03-06,sz.300802,46.5100,49.2800,46.2700,47.7400,9074177,436846227.4000,3,36.296700,2.008547
2020-03-13,sz.300802,46.3000,47.0400,39.8500,43.2200,7255736,322397520.6200,3,29.023000,-9.467951
2020-03-20,sz.300802,43.8600,44.9900,40.6600,44.3800,6859978,297045104.6600,3,27.439800,2.683943
2020-03-27,sz.300802,43.5000,43.5000,40.1600,41.9700,4966337,208988740.5400,3,19.865400,-5.430374
2020-04-03,sz.300802,41.0100,43.1800,39.3000,42.0000,4489050,182585739.7400,3,17.956100,0.071480
2020-04-10,sz.300802,42.3800,44.8000,40.4600,40.9500,4654605,200596403.0900,3,18.618400,-2.500000
2020-04-17,sz.300802,41.1700,44.8500,39.0500,43.4500,5824063,252385820.5500,3,23.296300,6.105006
2020-04-24,sz.300802,43.4800,48.5000,43.4700,45.8400,7575668,351226902.7800,3,30.302700,5.500575
2020-04-30,sz.300802,45.5200,46.9000,41.1500,46.7200,3895769,175016377.6700,3,15.583100,1.919721
2020-05-08,sz.300802,46.1600,48.8000,46.1300,48.2200,4188022,199687614.6600,3,16.752100,3.210616
2020-05-15,sz.300802,48.0400,49.3900,46.7900,47.1500,6850611,326548698.1700,3,27.402500,-2.218996
2020-05-22,sz.300802,47.3500,48.5800,45.4500,45.7000,5096924,239580304.4000,3,20.387700,-3.075292
2020-05-29,sz.300802,46.0000,58.0000,45.8000,51.2000,20026275,1055088994.5700,3,80.105100,12.035011
2020-06-05,sz.300802,31.8000,34.5000,31.2800,31.6600,23716999,775709809.9600,3,59.292400,-0.690088
2020-06-12,sz.300802,31.7600,32.4700,30.7500,31.2000,11074857,350445080.3200,3,27.687100,-1.452937
2020-06-19,sz.300802,31.2000,32.6800,31.1000,31.6600,11318470,361308928.2900,3,28.296100,1.474359
2020-06-24,sz.300802,31.6900,33.4600,31.5400,33.1800,9339007,303146598.8900,3,23.347500,4.801011
2020-07-03,sz.300802,32.8500,35.3000,32.6800,33.1600,16546761,560827514.4900,3,41.366900,-0.060277
2020-07-10,sz.300802,33.2000,38.5300,33.1600,37.6600,24321931,880181083.2100,3,60.804900,13.570567
2020-07-17,sz.300802,37.7600,39.3500,32.7500,33.2400,16708782,607138084.8600,3,41.771900,-11.736591
2020-07-24,sz.300802,33.4400,34.6600,31.0700,31.1800,8439226,281826968.0100,3,21.098100,-6.197353
2020-07-31,sz.300802,31.1800,32.0000,29.7900,31.7800,7634972,236600863.7600,3,19.087400,1.924310
2020-08-07,sz.300802,31.8800,32.8600,30.8600,31.2300,7689547,245638465.2400,3,19.223800,-1.730648
2020-08-14,sz.300802,31.0000,31.6400,29.5000,30.8000,5565825,170438927.9400,3,13.914700,-1.376881
2020-08-21,sz.300802,30.9900,32.6600,30.6000,32.2500,6256293,198503101.5400,3,15.640700,4.707792
2020-08-28,sz.300802,32.3900,34.5000,31.5800,33.7800,12641494,420036734.7900,3,31.603800,4.744186
2020-09-04,sz.300802,33.5700,36.2400,33.5600,34.4400,14545626,508172145.1300,3,36.364000,1.953819
2020-09-11,sz.300802,36.5000,49.1500,36.5000,39.0500,55918395,2312220686.5400,3,139.796000,13.385598
2020-09-18,sz.300802,39.5000,48.0100,38.8800,46.3100,34877080,1514687187.5200,3,87.192700,18.591549
2020-09-25,sz.300802,46.0000,46.1000,40.2200,43.6000,15345360,656687525.5500,3,38.363400,-5.851868
2020-09-30,sz.300802,43.2000,43.7600,39.5000,39.5000,6632210,276569559.0000,3,16.580600,-9.403670
2020-10-09,sz.300802,39.9800,43.8700,39.9800,43.2600,3514734,149819967.0000,3,8.786800,9.518987
2020-10-16,sz.300802,43.5300,45.9700,41.1000,41.5400,15403461,665466423.6400,3,38.508600,-3.975959
2020-10-23,sz.300802,42.0000,44.0000,38.8700,39.8900,8470900,344413360.7300,3,21.177400,-3.972075
2020-10-30,sz.300802,40.1800,44.6800,36.2400,37.2300,9877232,398946612.4000,3,24.693100,-6.668338
2020-11-06,sz.300802,37.3300,42.1000,37.2300,39.9000,13486752,539209038.7000,3,33.716800,7.171636
2020-11-13,sz.300802,40.5100,43.9400,39.4300,39.9100,13761401,575698920.1400,3,34.403500,0.025063
2020-11-20,sz.300802,39.9600,44.0000,37.0100,38.9000,18858386,764042472.2000,3,23.443600,-2.530694
2020-11-27,sz.300802,39.4500,39.4500,35.1100,35.4000,8027377,296259650.0100,3,9.979100,-8.997429
2020-12-04,sz.300802,36.0900,36.3700,35.0500,35.6500,5832496,207531183.7200,3,7.250500,0.706215
2020-12-11,sz.300802,35.8000,35.8500,33.1900,34.0100,5832105,203302780.6000,3,7.250100,-4.600281
2020-12-18,sz.300802,34.0500,34.4900,30.5000,30.6800,8998339,285952320.8900,3,11.186300,-9.791238
2020-12-25,sz.300802,30.6800,31.7000,29.8000,30.6900,7120220,219456080.2000,3,8.851300,0.032595
2020-12-31,sz.300802,30.6000,31.4800,29.5000,31.3100,6102002,185984362.0000,3,7.585700,2.020202
